   1.0274000e+02   2.5123000e+01
   9.4780255e+01   2.9960592e+01
   0.0000000e+00  -3.2377665e+04  -3.2377665e+04
   1.0000000e+00  -2.8019751e+04   9.1877622e+03
   2.0000000e+00  -2.3910188e+02   5.9375178e+04
   3.0000000e+00   9.4888214e+03   6.4361466e+04
   4.0000000e+00   1.2502250e+04   2.0474022e+04
   5.0000000e+00   4.2333779e+04  -3.3756295e+04
   6.0000000e+00   5.8460271e+04  -4.9194905e+04
   7.0000000e+00  -5.6208041e+02   1.5303340e+03
   8.0000000e+00  -8.1683096e+04   6.0865078e+04
   9.0000000e+00  -6.0954243e+04   4.9498590e+04
   1.0000000e+01   5.7104528e+04  -4.4684558e+03
   1.1000000e+01   1.0993209e+05  -2.4450344e+04
   1.2000000e+01   1.6422179e+04  -5.0328939e+03
   1.3000000e+01  -9.8111881e+04   1.1034259e+04
   1.4000000e+01  -9.3900368e+04   6.6396356e+03
   1.5000000e+01  -3.2547631e+03  -8.3619922e+03
   1.6000000e+01   5.2768161e+04  -2.4436497e+04
   1.7000000e+01   3.7645159e+04  -1.8123236e+04
   1.8000000e+01  -1.3987032e+03   1.8214977e+04
   1.9000000e+01  -1.9161914e+04   3.3892153e+04
   2.0000000e+01  -1.2504132e+04   1.1521136e+04
   2.1000000e+01  -1.4753292e+04   7.7441465e+03
   2.2000000e+01  -1.2825421e+04   2.9165720e+04
   2.3000000e+01   2.6698765e+04   1.8023609e+04
   2.4000000e+01   3.9237288e+04  -2.4611680e+04
   2.5000000e+01  -1.4262558e+04  -3.3065493e+04
   2.6000000e+01  -4.0744025e+04   1.3870888e+04
   2.7000000e+01  -4.4344423e+03   6.1699391e+04
   2.8000000e+01   8.4347893e+03   5.3060405e+04
   2.9000000e+01  -3.0617115e+04  -9.5080973e+03
   3.0000000e+01  -5.3538434e+04  -7.0357096e+04
   3.1000000e+01  -2.6549229e+04  -7.9234150e+04
   3.2000000e+01   1.0448395e+04  -3.3088262e+04
   3.3000000e+01   1.5776440e+04   2.5409697e+04
   3.4000000e+01  -2.5068186e+03   3.8088801e+04
   3.5000000e+01  -1.0849150e+04  -1.3875114e+03
   3.6000000e+01  -1.1149220e+04  -4.1977065e+04
   3.7000000e+01  -2.0118290e+04  -4.9334384e+04
   3.8000000e+01  -1.2944201e+04  -1.5875402e+04
   3.9000000e+01   1.2924376e+04   4.4068158e+04
   4.0000000e+01   4.1714836e+03   7.3862401e+04
   4.1000000e+01  -2.4207645e+04   3.2672006e+04
   4.2000000e+01   1.7854311e+03  -3.8102605e+04
   4.3000000e+01   3.3709517e+04  -5.4745884e+04
   4.4000000e+01  -2.3329558e+04  -7.2659245e+02
   4.5000000e+01  -8.5273956e+04   4.2783707e+04
   4.6000000e+01  -2.5373490e+04   1.6960285e+04
   4.7000000e+01   7.6815880e+04  -3.3135017e+04
   4.8000000e+01   7.1740743e+04  -4.5508379e+04
   4.9000000e+01  -1.2603114e+04  -2.9545170e+04
   5.0000000e+01  -5.6142720e+04  -1.8241335e+04
   5.1000000e+01  -4.1547746e+04  -7.7730718e+03
   5.2000000e+01  -6.7057096e+03   3.4289294e+03
   5.3000000e+01   2.8854546e+04  -2.5531835e+03
   5.4000000e+01   3.2297974e+04  -1.8669245e+04
   5.5000000e+01   8.1387952e+03  -1.8815669e+04
   5.6000000e+01   5.8254010e+03   2.9227682e+03
   5.7000000e+01   2.4611919e+04   1.9563764e+04
   5.8000000e+01   1.6275486e+04   9.0427661e+03
   5.9000000e+01  -2.0129678e+04  -3.7376410e+03
   6.0000000e+01  -1.3912803e+04   1.3455320e+02
   6.1000000e+01   4.7311746e+04   3.2190548e+03
   6.2000000e+01   7.3005494e+04   1.0432702e+04
   6.3000000e+01   3.1938379e+04   1.8539597e+04
   6.4000000e+01  -1.9148289e+04  -1.1849554e+04
   6.5000000e+01  -4.2380748e+04  -5.3076384e+04
   6.6000000e+01  -3.2379233e+04  -3.1910430e+04
   6.7000000e+01  -1.0322801e+04   2.2174866e+04
   6.8000000e+01   4.8944859e+03   2.4654272e+04
   6.9000000e+01   2.7241867e+04  -1.4207437e+04
   7.0000000e+01   3.4464107e+04  -2.7170832e+04
   7.1000000e+01  -1.8572799e+04  -6.4988150e+03
   7.2000000e+01  -7.5743545e+04   1.0356599e+04
   7.3000000e+01  -4.4348139e+04   1.1357542e+04
   7.4000000e+01   4.5727322e+04   1.3447125e+04
   7.5000000e+01   9.4574510e+04   2.5431958e+04
   7.6000000e+01   5.8662520e+04   3.1309112e+04
   7.7000000e+01  -1.7517014e+04   1.7575976e+04
   7.8000000e+01  -4.3893545e+04   2.2104859e+03
   7.9000000e+01   3.8624832e+03   7.5199285e+03
   8.0000000e+01   5.3836376e+04   1.8020895e+04
   8.1000000e+01   4.0439355e+04   2.8321726e+03
   8.2000000e+01  -2.1455293e+04  -1.9045515e+04
   8.3000000e+01  -5.9549309e+04  -3.7122000e+03
   8.4000000e+01  -2.9486128e+04   2.0898279e+04
   8.5000000e+01   3.4138685e+04  -3.0136264e+03
   8.6000000e+01   5.1122970e+04  -4.7483260e+04
   8.7000000e+01  -5.9668073e+03  -3.7340243e+04
   8.8000000e+01  -5.0378782e+04   3.0785615e+04
   8.9000000e+01  -1.1977369e+04   7.3414632e+04
   9.0000000e+01   4.3668166e+04   3.9012412e+04
   9.1000000e+01   3.3372195e+04  -1.6256569e+04
   9.2000000e+01  -2.4926517e+04  -2.6253994e+04
   9.3000000e+01  -4.9078939e+04   5.9445818e+03
   9.4000000e+01  -2.0834478e+03   3.9700391e+04
   9.5000000e+01   4.4322934e+04   3.1736669e+04
   9.6000000e+01   2.1134123e+04  -1.2311293e+04
   9.7000000e+01  -2.2008773e+04  -3.2004167e+04
   9.8000000e+01  -2.0937496e+04  -5.7987044e+03
   9.9000000e+01  -1.5312898e+02   1.9586268e+04
   1.0000000e+02   1.9838597e+03   9.5842942e+03
   1.0100000e+02  -1.0401896e+04  -1.1118383e+04
   1.0200000e+02  -1.6493135e+04  -3.9809523e+03
   1.0300000e+02  -3.0402823e+02   2.0778913e+04
   1.0400000e+02   1.9322231e+04   1.8318619e+04
   1.0500000e+02   5.1692756e+03  -1.5525933e+04
   1.0600000e+02  -2.6731222e+04  -3.2065199e+04
   1.0700000e+02  -2.2410330e+04  -6.8988129e+03
   1.0800000e+02   1.1799401e+04   2.3991989e+04
   1.0900000e+02   1.0136189e+04   2.2760494e+04
   1.1000000e+02  -3.0748786e+04   5.4720858e+03
   1.1100000e+02  -3.9539452e+04   2.6641086e+03
   1.1200000e+02   1.3694626e+03  -1.2034562e+03
   1.1300000e+02   2.7597980e+04  -1.9849925e+04
   1.1400000e+02  -3.9844102e+03  -2.4190653e+04
   1.1500000e+02  -4.7927359e+04  -4.3212845e+03
   1.1600000e+02  -4.0811507e+04   1.3542510e+04
   1.1700000e+02  -5.0115842e+03   1.1034948e+04
   1.1800000e+02   7.7467993e+03  -4.3098112e+03
   1.1900000e+02   1.0788780e+04  -1.4743811e+04
   1.2000000e+02   2.2961699e+04  -2.1974827e+04
   1.2100000e+02   1.2789077e+04  -2.8395186e+04
   1.2200000e+02  -2.5446303e+04  -1.8611963e+04
   1.2300000e+02  -3.5828862e+04   5.4732494e+03
   1.2400000e+02   3.9321388e+03   2.3514971e+04
   1.2500000e+02   3.7683974e+04   2.2299326e+04
   1.2600000e+02   1.8127410e+04   3.8306560e+03
   1.2700000e+02  -2.8375582e+04  -1.7310007e+04
   1.2800000e+02  -4.6223369e+04  -2.6078590e+04
   1.2900000e+02  -2.6010755e+04  -1.2345545e+04
   1.3000000e+02  -4.9919781e+03   7.9186845e+03
   1.3100000e+02  -7.7457520e+02   1.0520713e+03
   1.3200000e+02   1.2141523e+04  -2.1412716e+04
   1.3300000e+02   4.3818866e+04  -2.2005052e+04
   1.3400000e+02   5.3882968e+04  -6.7562721e+03
   1.3500000e+02   1.7742477e+04  -2.6196626e+03
   1.3600000e+02  -2.5876120e+04  -1.2983992e+04
   1.3700000e+02  -2.0656880e+04  -2.5425478e+04
   1.3800000e+02   4.2690371e+04  -2.0753961e+04
   1.3900000e+02   8.9294403e+04   9.9567812e+03
   1.4000000e+02   4.2406414e+04   3.5219969e+04
   1.4100000e+02  -4.7398867e+04   1.6643314e+04
   1.4200000e+02  -7.7527284e+04  -2.8675151e+04
   1.4300000e+02  -4.7123004e+04  -3.7164020e+04
   1.4400000e+02  -1.5408354e+04   2.0896400e+04
   1.4500000e+02   1.0602068e+04   7.2062639e+04
   1.4600000e+02   4.0856317e+04   3.1409355e+04
   1.4700000e+02   3.5929247e+04  -5.1706432e+04
   1.4800000e+02  -1.7796747e+04  -7.1410585e+04
   1.4900000e+02  -4.9989882e+04  -1.4069043e+04
   1.5000000e+02  -5.8848463e+03   4.6782688e+04
   1.5100000e+02   6.1730689e+04   3.9744578e+04
   1.5200000e+02   6.2270122e+04  -1.8759669e+04
   1.5300000e+02   1.0265628e+04  -5.3033004e+04
   1.5400000e+02  -3.7762864e+03  -2.9584472e+04
   1.5500000e+02   2.1670519e+04   2.1750793e+04
   1.5600000e+02   2.1658950e+04   4.5784358e+04
   1.5700000e+02   9.3505421e+02   3.2188804e+04
   1.5800000e+02  -2.8201822e+03   2.0979994e+04
   1.5900000e+02   8.5634457e+02   1.1461907e+04
   1.6000000e+02  -4.0050861e+03  -1.7030735e+04
   1.6100000e+02  -1.1085603e+04  -3.3829230e+04
   1.6200000e+02  -1.6815055e+04  -8.6168773e+03
   1.6300000e+02  -1.6661954e+04   3.8006598e+04
   1.6400000e+02  -2.2288276e+03   6.1248784e+04
   1.6500000e+02   2.2112578e+04   3.8682463e+04
   1.6600000e+02   3.2639154e+04  -7.5329879e+03
   1.6700000e+02   4.6292997e+03  -3.9701961e+04
   1.6800000e+02  -3.7717222e+04  -3.7163349e+04
   1.6900000e+02  -3.7925157e+04  -2.1513546e+03
   1.7000000e+02   2.3284896e+03   3.5968329e+04
   1.7100000e+02   3.3397412e+04   4.0743435e+04
   1.7200000e+02   3.1970352e+04   1.0958837e+04
   1.7300000e+02   5.0990638e+03  -1.9146572e+04
   1.7400000e+02  -2.0122786e+04  -1.8669603e+04
   1.7500000e+02  -2.1232507e+04   7.1560335e+03
   1.7600000e+02  -2.0231505e+04   1.7750712e+04
   1.7700000e+02  -3.1414070e+04   5.5699059e+02
   1.7800000e+02  -2.2558919e+04  -4.6525141e+02
   1.7900000e+02   4.4187214e+03   2.6694166e+04
   1.8000000e+02   3.2012086e+03   3.3005107e+04
   1.8100000e+02  -2.1327458e+04   4.3493046e+03
   1.8200000e+02  -1.5423165e+04  -1.7304905e+04
   1.8300000e+02   2.6460421e+04  -1.2206631e+04
   1.8400000e+02   4.9305221e+04   4.6222604e+02
   1.8500000e+02   2.8856328e+04   1.1573390e+04
   1.8600000e+02  -2.4301509e+03   1.5954512e+04
   1.8700000e+02  -2.2016678e+04  -1.1112249e+04
   1.8800000e+02  -2.3450827e+04  -4.5758149e+04
   1.8900000e+02   1.1733070e+03  -1.6081962e+04
   1.9000000e+02   1.9592436e+04   4.7018224e+04
   1.9100000e+02  -4.8164613e+03   3.6164975e+04
   1.9200000e+02  -3.3525502e+04  -3.4266398e+04
   1.9300000e+02  -2.4595877e+04  -6.1032229e+04
   1.9400000e+02  -1.1054968e+04  -1.8718945e+04
   1.9500000e+02  -2.0591053e+04   3.4567825e+04
   1.9600000e+02  -2.6262947e+04   3.6490835e+04
   1.9700000e+02  -8.2798747e+03  -8.3150352e+03
   1.9800000e+02   1.5460221e+04  -3.2196641e+04
   1.9900000e+02   2.4101939e+04  -8.5114481e+03
   2.0000000e+02   2.2685692e+04   2.1938032e+04
   2.0100000e+02   1.3958514e+04   2.3550011e+04
   2.0200000e+02  -1.0390612e+04  -3.3344748e+03
   2.0300000e+02  -2.3061259e+04  -2.8227537e+04
   2.0400000e+02  -8.2429650e+01  -1.5572491e+04
   2.0500000e+02   1.5269179e+04   1.9026703e+04
   2.0600000e+02  -5.5833734e+03   1.5087877e+04
   2.0700000e+02  -1.7325234e+04  -3.6326920e+04
   2.0800000e+02  -5.0487662e+03  -6.6767272e+04
   2.0900000e+02  -1.4435254e+04  -3.0762506e+04
   2.1000000e+02  -3.9094292e+04   2.6363150e+04
   2.1100000e+02  -2.9053879e+04   2.7199408e+04
   2.1200000e+02   1.3090726e+04  -3.1254319e+04
   2.1300000e+02   5.2096488e+04  -7.2136023e+04
   2.1400000e+02   6.0502844e+04  -4.3708948e+04
   2.1500000e+02   2.6938693e+04   2.3147797e+04
   2.1600000e+02  -1.4837225e+04   5.7438436e+04
   2.1700000e+02  -1.8084337e+04   2.9832900e+04
   2.1800000e+02   4.5169287e+03  -1.4386486e+04
   2.1900000e+02   4.4991860e+03  -2.8372647e+04
   2.2000000e+02  -1.7867403e+04  -1.5273325e+04
   2.2100000e+02  -2.4688237e+04   1.0076272e+04
   2.2200000e+02  -1.4303837e+04   2.9628371e+04
   2.2300000e+02  -6.7228601e+03   1.2465468e+04
   2.2400000e+02  -5.1611042e+02  -3.3473779e+04
   2.2500000e+02   8.2712913e+03  -4.5722394e+04
   2.2600000e+02   1.0528895e+04  -2.6594488e+03
   2.2700000e+02   3.6283858e+03   3.2402869e+04
   2.2800000e+02   5.1615387e+03   1.4525496e+04
   2.2900000e+02   2.1508273e+04  -1.9082958e+04
   2.3000000e+02   2.7523614e+04  -1.6450361e+04
   2.3100000e+02   1.5816506e+04   1.9916924e+04
   2.3200000e+02   2.9099948e+03   4.0636428e+04
   2.3300000e+02  -1.3870383e+04   2.1787098e+04
   2.3400000e+02  -2.0362764e+04   2.7842541e+03
   2.3500000e+02   1.8084581e+04   1.1186289e+04
   2.3600000e+02   6.6566852e+04   1.7228259e+04
   2.3700000e+02   5.4840596e+04   6.7561505e+03
   2.3800000e+02  -6.6164473e+03   2.4186068e+03
   2.3900000e+02  -5.4749324e+04   4.5541345e+03
   2.4000000e+02  -5.3603465e+04   2.0239821e+03
   2.4100000e+02  -8.5414188e+03   2.4998356e+03
   2.4200000e+02   3.8423779e+04   2.4270100e+03
   2.4300000e+02   4.6987915e+04  -8.8395584e+03
   2.4400000e+02   2.1868797e+04  -1.5037842e+04
   2.4500000e+02  -5.7735862e+03  -1.6072792e+03
   2.4600000e+02  -1.6422118e+04   1.6822024e+04
   2.4700000e+02  -1.4785864e+04   2.9531188e+04
   2.4800000e+02  -1.2954424e+04   3.3194070e+04
   2.4900000e+02  -4.7757615e+03   1.4981707e+04
   2.5000000e+02   1.4731262e+04  -1.0796419e+04
   2.5100000e+02   2.4899737e+04  -9.7998320e+03
   2.5200000e+02   1.5491416e+04   8.3421485e+03
   2.5300000e+02  -1.8664595e+03   1.2031808e+04
   2.5400000e+02  -2.4238102e+04   8.0871063e+03
   2.5500000e+02  -3.8356375e+04   1.0626148e+04
   2.5600000e+02  -1.1077054e+04   6.9345636e+02
   2.5700000e+02   4.9845236e+04  -2.0607074e+04
   2.5800000e+02   7.0972998e+04  -1.3184409e+04
   2.5900000e+02   1.1727119e+04   1.8937040e+04
   2.6000000e+02  -6.2353234e+04   2.3490145e+04
   2.6100000e+02  -8.0505779e+04  -6.3778265e+03
   2.6200000e+02  -3.9783540e+04  -1.9832169e+04
   2.6300000e+02   3.3367355e+04   4.3898702e+03
   2.6400000e+02   8.1316929e+04   1.5846005e+04
   2.6500000e+02   5.5895475e+04  -1.3083647e+04
   2.6600000e+02  -1.2964606e+04  -2.7316744e+04
   2.6700000e+02  -5.6232219e+04  -1.2254853e+03
   2.6800000e+02  -4.5921838e+04   1.5090612e+04
   2.6900000e+02  -2.9251854e+04   2.9765850e+02
   2.7000000e+02  -4.4192278e+04  -1.4085277e+04
   2.7100000e+02  -4.7788112e+04  -9.4234470e+03
   2.7200000e+02  -9.6909599e+03   2.7604116e+03
   2.7300000e+02   3.6863475e+04   3.9914209e+03
   2.7400000e+02   4.6348844e+04  -9.8573169e+03
   2.7500000e+02   2.7147651e+03  -2.2998838e+04
   2.7600000e+02  -4.3627516e+04  -2.3557227e+04
   2.7700000e+02  -3.3902020e+04  -1.5778822e+04
   2.7800000e+02   1.1476837e+02   2.2918712e+03
   2.7900000e+02  -3.7718840e+03   2.2100786e+04
   2.8000000e+02  -2.9582104e+04   5.7194456e+03
   2.8100000e+02  -2.6621513e+04  -3.9778849e+04
   2.8200000e+02   7.7898869e+02  -4.5329973e+04
   2.8300000e+02   1.1527669e+04  -3.9518187e+02
   2.8400000e+02  -9.2602105e+03   2.5899318e+04
   2.8500000e+02  -3.0138879e+04   6.3628989e+03
   2.8600000e+02  -1.7201900e+04  -1.0519283e+04
   2.8700000e+02   1.8933668e+04   9.4698354e+03
   2.8800000e+02   4.8271809e+04   2.8957257e+04
   2.8900000e+02   4.5635252e+04   2.7399759e+03
   2.9000000e+02   5.7621665e+03  -3.4131100e+04
   2.9100000e+02  -2.8998487e+04  -2.0082534e+04
   2.9200000e+02  -1.5613031e+04   2.9330894e+04
   2.9300000e+02   3.2052323e+04   5.1335371e+04
   2.9400000e+02   6.3266921e+04   1.6879117e+04
   2.9500000e+02   4.8545683e+04  -4.1050896e+04
   2.9600000e+02   1.6602989e+04  -5.5926939e+04
   2.9700000e+02   6.2548360e+03  -1.3496555e+04
   2.9800000e+02   3.9874650e+03   3.0082753e+04
   2.9900000e+02  -2.0164138e+04   3.3959176e+04
   3.0000000e+02  -4.3620541e+04   6.4190248e+03
   3.0100000e+02  -1.9347263e+04  -1.8965388e+04
   3.0200000e+02   3.0388013e+04  -1.0001692e+04
   3.0300000e+02   3.4539200e+04   1.3386560e+04
   3.0400000e+02  -1.2617705e+04  -1.6151255e+03
   3.0500000e+02  -4.6458065e+04  -3.9742929e+04
   3.0600000e+02  -3.3118665e+04  -3.4225808e+04
   3.0700000e+02  -7.5857129e+03   1.2669139e+04
   3.0800000e+02   1.4140959e+03   3.7964571e+04
   3.0900000e+02   1.3039322e+04   2.0521324e+04
   3.1000000e+02   3.4820262e+04  -1.0071325e+04
   3.1100000e+02   5.3445005e+04  -1.6179024e+04
   3.1200000e+02   8.0518867e+04   1.6698050e+04
   3.1300000e+02   1.1154841e+05   4.9381785e+04
   3.1400000e+02   9.8602840e+04   3.8380533e+04
   3.1500000e+02   3.8919435e+04   3.3251571e+03
   3.1600000e+02  -1.8304095e+04  -1.6272091e+04
   3.1700000e+02  -6.9566897e+04  -1.1439718e+04
   3.1800000e+02  -1.2819826e+05  -2.5448799e+02
   3.1900000e+02  -1.5482698e+05  -1.3792146e+04
   3.2000000e+02  -1.2010555e+05  -5.0199986e+04
   3.2100000e+02  -5.3843297e+04  -6.3244643e+04
   3.2200000e+02  -2.8337340e+03  -2.8472773e+04
   3.2300000e+02  -1.6966100e+03   2.0632579e+04
   3.2400000e+02  -4.3499122e+04   3.4212640e+04
   3.2500000e+02  -5.7493779e+04   7.7094791e+03
   3.2600000e+02   3.5075111e+03  -1.6935347e+04
   3.2700000e+02   9.1583702e+04  -1.4302772e+04
   3.2800000e+02   1.3313515e+05   5.2196561e+03
   3.2900000e+02   9.5134606e+04   3.2329044e+04
   3.3000000e+02   1.7169020e+04   5.6185506e+04
   3.3100000e+02  -7.2906309e+03   5.2270173e+04
   3.3200000e+02   3.7238088e+04   2.0305751e+04
   3.3300000e+02   6.5463941e+04  -5.4874223e+03
   3.3400000e+02   3.3978435e+04  -4.2516141e+03
   3.3500000e+02  -6.1547403e+03   8.5079959e+03
   3.3600000e+02   2.8828479e+03   1.4030386e+04
   3.3700000e+02   4.4036634e+04   1.3805487e+04
   3.3800000e+02   5.3786911e+04   3.6923467e+03
   3.3900000e+02  -5.1187842e+02  -1.6022140e+04
   3.4000000e+02  -8.8265755e+04  -1.4945399e+04
   3.4100000e+02  -1.2797999e+05   3.4204078e+03
   3.4200000e+02  -7.1415657e+04  -4.8343934e+03
   3.4300000e+02   2.0615399e+04  -3.2720478e+04
   3.4400000e+02   4.7537861e+04  -3.4012422e+04
   3.4500000e+02  -8.6888306e+03   4.5969268e+03
   3.4600000e+02  -7.0884556e+04   4.5603078e+04
   3.4700000e+02  -6.6015655e+04   3.6600862e+04
   3.4800000e+02  -9.2669671e+03  -1.2910486e+04
   3.4900000e+02   2.7692471e+04  -3.5499393e+04
   3.5000000e+02   1.4409866e+04  -7.2788935e+03
   3.5100000e+02  -1.1902294e+04   2.3693614e+04
   3.5200000e+02  -1.3286028e+04   2.2347746e+04
   3.5300000e+02   7.1043779e+03   9.8029946e+03
   3.5400000e+02   2.3089600e+04  -3.1306655e+03
   3.5500000e+02   1.5894755e+04  -2.1888994e+04
   3.5600000e+02  -3.4678512e+03  -1.6704198e+04
   3.5700000e+02  -5.0035254e+03   1.1368422e+04
   3.5800000e+02   1.9698066e+04   9.2852638e+03
   3.5900000e+02   3.3264360e+04  -1.8312414e+04
   3.6000000e+02   4.4563423e+03  -2.1780628e+04
   3.6100000e+02  -3.2101232e+04  -2.2618313e+03
   3.6200000e+02  -3.8030350e+04   1.0176452e+04
   3.6300000e+02  -2.7967560e+04   5.7666130e+03
   3.6400000e+02  -1.7108224e+04  -9.6946334e+03
   3.6500000e+02   2.0486147e+03  -2.0694394e+04
   3.6600000e+02   2.5966889e+04  -1.5286327e+04
   3.6700000e+02   2.7815184e+04   7.6704974e+02
   3.6800000e+02  -7.5898805e+03   1.1510473e+04
   3.6900000e+02  -4.1715543e+04   4.4219735e+03
   3.7000000e+02  -2.5898777e+04  -7.8909910e+03
   3.7100000e+02   1.5884226e+04  -3.1543442e+03
   3.7200000e+02   2.6855625e+04   2.6248649e+03
   3.7300000e+02   1.6201219e+04  -1.3304660e+04
   3.7400000e+02   1.5894070e+04  -2.7983347e+04
   3.7500000e+02   1.2459886e+04  -1.4228106e+04
   3.7600000e+02   4.2236451e+02   1.2048504e+04
   3.7700000e+02  -8.4051515e+03   1.4548184e+04
   3.7800000e+02  -1.2942462e+04  -1.5300310e+04
   3.7900000e+02  -5.5485873e+03  -4.1305063e+04
   3.8000000e+02   3.8026510e+03  -2.8217938e+04
   3.8100000e+02   6.1144129e+02   6.7586207e+03
   3.8200000e+02   1.9417931e+03   2.2317352e+04
   3.8300000e+02   1.1908974e+04   1.5109898e+04
   3.8400000e+02   1.5845851e+04   7.1776937e+03
   3.8500000e+02   8.0095697e+03  -2.9770961e+03
   3.8600000e+02  -4.7227903e+03  -1.4653407e+04
   3.8700000e+02   1.3246786e+03   1.0298145e+03
   3.8800000e+02   1.9849873e+04   3.5121907e+04
   3.8900000e+02   1.1317778e+04   3.4341933e+04
   3.9000000e+02  -1.7320640e+04  -7.7904086e+02
   3.9100000e+02  -2.3057340e+04  -1.9663584e+04
   3.9200000e+02   2.2725852e+03  -1.4798029e+04
   3.9300000e+02   2.7833580e+04  -1.3748391e+04
   3.9400000e+02   2.4774902e+04  -1.4677775e+04
   3.9500000e+02   3.7142346e+02  -4.3555297e+03
   3.9600000e+02  -1.3608136e+04  -5.5518069e+02
   3.9700000e+02  -3.0216789e+03  -1.0367210e+04
   3.9800000e+02   1.8620612e+04  -6.7606579e+03
   3.9900000e+02   3.4693791e+04   6.7447288e+03
   4.0000000e+02   3.2560656e+04   5.5937776e+03
   4.0100000e+02   5.3827135e+03   3.6768280e+03
   4.0200000e+02  -1.8993082e+04   1.2930649e+04
   4.0300000e+02  -1.0042327e+04   1.8062111e+04
   4.0400000e+02   5.2152044e+03   1.7557247e+04
   4.0500000e+02  -6.3471523e+02   1.8207737e+04
   4.0600000e+02  -1.1359215e+04   1.7950832e+04
   4.0700000e+02  -1.5072051e+04   1.6460741e+04
   4.0800000e+02  -4.4902070e+03   1.2850870e+04
   4.0900000e+02   1.8617940e+04   7.8680710e+03
   4.1000000e+02   1.9926747e+04   9.3925923e+03
   4.1100000e+02  -1.1848602e+04   1.4516142e+04
   4.1200000e+02  -3.8452613e+04   7.1681318e+03
   4.1300000e+02  -2.9101450e+04  -1.1019350e+04
   4.1400000e+02   8.1727463e+03  -1.5754511e+04
   4.1500000e+02   3.9989126e+04  -8.8655337e+02
   4.1600000e+02   3.2752245e+04   8.5778896e+03
   4.1700000e+02  -1.2035579e+04   1.0771864e+03
   4.1800000e+02  -4.6160025e+04  -6.4646788e+03
   4.1900000e+02  -2.7338780e+04  -2.9702180e+03
   4.2000000e+02   2.5662139e+04   6.6994408e+03
   4.2100000e+02   5.3120384e+04   1.0519290e+04
   4.2200000e+02   2.4349876e+04  -9.4657235e+01
   4.2300000e+02  -2.0560367e+04  -1.3474364e+04
   4.2400000e+02  -2.9247490e+04  -9.1833825e+03
   4.2500000e+02  -1.8328787e+04   1.0297296e+04
   4.2600000e+02  -2.5249606e+04   1.6730910e+04
   4.2700000e+02  -3.1755804e+04   1.5595766e+03
   4.2800000e+02  -1.6248200e+04  -9.7213364e+03
   4.2900000e+02  -1.3698688e+03  -9.2358211e+03
   4.3000000e+02   5.1800733e+03   6.4187055e+02
   4.3100000e+02   1.5332635e+04   2.3653851e+04
   4.3200000e+02   8.2577363e+03   2.5171246e+04
   4.3300000e+02  -2.0829303e+04  -1.3671775e+04
   4.3400000e+02  -2.6948642e+04  -3.8480426e+04
   4.3500000e+02  -2.4774075e+03  -1.5615857e+04
   4.3600000e+02   4.7486795e+03   1.4303177e+04
   4.3700000e+02  -9.7041747e+03   9.4830467e+03
   4.3800000e+02   1.2982791e+03  -1.2849911e+04
   4.3900000e+02   2.9948694e+04  -1.4239479e+04
   4.4000000e+02   2.1506084e+04   1.8290929e+03
   4.4100000e+02  -1.1012432e+04   1.3017049e+04
   4.4200000e+02  -1.7154061e+04   9.2527587e+03
   4.4300000e+02  -9.3951003e+03  -1.3487070e+04
   4.4400000e+02  -1.6150045e+04  -2.8645386e+04
   4.4500000e+02  -1.8013096e+04  -7.8514552e+03
   4.4600000e+02  -2.6252460e+03   1.9025610e+04
   4.4700000e+02   8.2375769e+03   1.5117304e+04
   4.4800000e+02   8.7794675e+03  -1.4016285e+04
   4.4900000e+02   7.8800359e+03  -4.3223655e+04
   4.5000000e+02   3.6362745e+03  -3.2986747e+04
   4.5100000e+02  -1.7660626e+03   1.6815032e+04
   4.5200000e+02  -4.1878368e+03   3.1879446e+04
   4.5300000e+02  -2.1690021e+03  -1.4537014e+04
   4.5400000e+02   5.2486750e+03  -5.2436924e+04
   4.5500000e+02   6.4887984e+03  -3.2574024e+04
   4.5600000e+02  -2.3015850e+03   1.5937136e+04
   4.5700000e+02  -4.1453081e+03   3.1448262e+04
   4.5800000e+02   6.9240654e+03  -3.2286131e+03
   4.5900000e+02   1.5733923e+04  -3.9038952e+04
   4.6000000e+02   1.1379700e+04  -3.0632830e+04
   4.6100000e+02   2.5970128e+03   1.5432330e+04
   4.6200000e+02  -2.0929626e+03   4.5087558e+04
   4.6300000e+02  -4.8374894e+03   2.0066694e+04
   4.6400000e+02  -3.2889773e+02  -1.3395142e+04
   4.6500000e+02   9.7393834e+03  -6.2096075e+03
   4.6600000e+02   7.0760672e+03   1.6693601e+04
   4.6700000e+02  -7.2881936e+03   2.4309374e+04
   4.6800000e+02  -1.3804387e+04   1.0329635e+04
   4.6900000e+02  -4.4525617e+03  -1.6103817e+04
   4.7000000e+02   1.7466111e+04  -2.3326304e+04
   4.7100000e+02   3.3590744e+04  -4.7405659e+03
   4.7200000e+02   1.9202819e+04   6.9331325e+03
   4.7300000e+02  -1.0744043e+04  -1.2222832e+03
   4.7400000e+02  -1.4296022e+04  -9.5930670e+03
   4.7500000e+02   9.8737488e+03  -3.6169071e+03
   4.7600000e+02   2.6064772e+04   3.8017719e+03
   4.7700000e+02   1.3950063e+04  -5.7702875e+03
   4.7800000e+02  -1.2788832e+04  -1.3453454e+04
   4.7900000e+02  -1.9158187e+04   5.7614938e+03
   4.8000000e+02   7.3039352e+03   2.5875648e+04
   4.8100000e+02   3.0064627e+04   2.0203752e+04
   4.8200000e+02   1.3047574e+04   8.6538487e+03
   4.8300000e+02  -2.6868972e+04   8.2889078e+03
   4.8400000e+02  -3.5081435e+04   1.2464306e+04
   4.8500000e+02   8.4705000e+03   1.2582622e+04
   4.8600000e+02   4.2364685e+04   6.9753802e+03
   4.8700000e+02   1.6798622e+04   7.7837745e+03
   4.8800000e+02  -1.8981077e+04   1.7948593e+04
   4.8900000e+02  -1.2190126e+04   1.4720170e+04
   4.9000000e+02   1.8683336e+04  -8.4345096e+03
   4.9100000e+02   3.3448444e+04  -2.2710354e+04
   4.9200000e+02   1.4945368e+04  -8.9791879e+03
   4.9300000e+02  -8.9702772e+03   1.2914106e+04
   4.9400000e+02  -1.1207423e+04   1.5410819e+04
   4.9500000e+02  -1.2706167e+04   1.2067240e+02
   4.9600000e+02  -2.0656339e+04  -1.0117355e+04
   4.9700000e+02  -1.7783132e+04  -2.0394083e+03
   4.9800000e+02  -8.6165830e+03   1.2226000e+04
   4.9900000e+02  -4.2652325e+02   1.2538933e+04
   5.0000000e+02   3.4048657e+03  -9.7240070e+01
   5.0100000e+02  -6.0696490e+02  -6.0431514e+03
   5.0200000e+02  -5.8673366e+03   3.0529237e+03
   5.0300000e+02  -9.5859377e+03   1.1992793e+04
   5.0400000e+02  -8.4517419e+03   8.4552513e+03
   5.0500000e+02   5.6549226e+02  -2.0779471e+03
   5.0600000e+02   2.7392496e+03  -1.3161320e+04
   5.0700000e+02  -4.2288534e+03  -1.1209430e+04
   5.0800000e+02  -3.5511301e+02   1.2989422e+04
   5.0900000e+02   5.8959013e+03   2.5817099e+04
   5.1000000e+02  -8.8850899e+03   1.3705504e+03
   5.1100000e+02  -2.4000188e+04  -2.2201936e+04
   5.1200000e+02  -1.1047945e+04  -1.2473478e+04
   5.1300000e+02   9.8673431e+03   3.2717657e+03
   5.1400000e+02   3.3709341e+03  -1.7257191e+03
   5.1500000e+02  -2.7711379e+04  -8.6226721e+03
   5.1600000e+02  -3.3637446e+04  -2.7546748e+03
   5.1700000e+02   1.0234641e+04  -7.8602846e+03
   5.1800000e+02   4.0619717e+04  -2.4629227e+04
   5.1900000e+02   9.1814780e+03  -1.5884230e+04
   5.2000000e+02  -2.9953462e+04   1.1664229e+04
   5.2100000e+02  -2.3983473e+04   1.5612071e+04
   5.2200000e+02   1.5822905e+03   1.0967721e+03
   5.2300000e+02   5.3665471e+03  -1.8827390e+03
   5.2400000e+02  -7.9434625e+03  -1.6443297e+03
   5.2500000e+02  -9.6108692e+03  -1.4536121e+04
   5.2600000e+02  -3.6238163e+03  -2.1386838e+04
   5.2700000e+02  -5.5766119e+03  -4.8755707e+03
   5.2800000e+02  -3.1734445e+03   1.2334290e+04
   5.2900000e+02   1.4039576e+03   5.7962491e+03
   5.3000000e+02  -6.6740027e+03  -1.1614586e+04
   5.3100000e+02  -9.6968045e+03  -1.4695930e+04
   5.3200000e+02   2.2455363e+03  -1.0708517e+03
   5.3300000e+02   8.1773237e+03   8.2919984e+03
   5.3400000e+02   7.0801221e+03  -3.4978778e+03
   5.3500000e+02   1.4256389e+04  -1.8909837e+04
   5.3600000e+02   1.9284777e+04  -1.2253438e+04
   5.3700000e+02   1.1495429e+04   1.8176378e+03
   5.3800000e+02   6.1647802e+03   1.9104071e+03
   5.3900000e+02   5.1852715e+03  -3.1408852e+03
   5.4000000e+02  -4.1625553e+03  -4.9940084e+03
   5.4100000e+02  -1.1061918e+04  -2.7208727e+03
   5.4200000e+02   2.7903774e+02  -4.5575089e+02
   5.4300000e+02   1.8263371e+04  -6.4155947e+03
   5.4400000e+02   1.4131153e+04  -4.8527612e+03
   5.4500000e+02  -1.3195796e+04   1.2192377e+04
   5.4600000e+02  -2.1909094e+04   1.9313543e+04
   5.4700000e+02   6.3582308e+03   8.4586335e+03
   5.4800000e+02   3.4317454e+04  -8.3607582e+03
   5.4900000e+02   2.9998600e+04  -1.8286227e+04
   5.5000000e+02   6.8854934e+03  -5.9014205e+03
   5.5100000e+02  -2.9402076e+03   1.7046092e+04
   5.5200000e+02   9.5607084e+03   1.9594444e+04
   5.5300000e+02   2.4945194e+04  -1.7845756e+03
   5.5400000e+02   2.0024779e+04  -1.9212293e+04
   5.5500000e+02  -4.2820886e+03  -9.2497054e+03
   5.5600000e+02  -1.5840364e+04   9.7502246e+03
   5.5700000e+02   3.0106616e+03   4.7012551e+03
   5.5800000e+02   2.2669291e+04  -1.2042679e+04
   5.5900000e+02   1.2082994e+04  -9.0464640e+03
   5.6000000e+02  -1.2855279e+04   3.5556862e+03
   5.6100000e+02  -1.9311659e+04   2.5131152e+03
   5.6200000e+02  -1.3174341e+04   6.0724260e+02
   5.6300000e+02  -1.0190052e+04   1.2503807e+04
   5.6400000e+02  -1.6115295e+03   2.1260437e+04
   5.6500000e+02   3.3822745e+03   1.7111702e+04
   5.6600000e+02  -3.8847901e+03   1.4040980e+04
   5.6700000e+02  -1.7135061e+03   1.1250132e+04
   5.6800000e+02   4.2471358e+03  -1.9413402e+03
   5.6900000e+02  -3.3663294e+03  -7.5397187e+03
   5.7000000e+02  -4.5766654e+03   5.1738260e+03
   5.7100000e+02   6.9199546e+03   9.4051644e+03
   5.7200000e+02   8.9477369e+03   4.0135135e+03
   5.7300000e+02   4.6609239e+03   1.4264830e+04
   5.7400000e+02   1.0218789e+04   2.5509852e+04
   5.7500000e+02   1.1449155e+04   9.6045754e+03
   5.7600000e+02  -3.9686930e+03  -1.8513469e+04
   5.7700000e+02  -1.5457549e+04  -2.2710604e+04
   5.7800000e+02  -1.5821441e+04  -3.1267042e+03
   5.7900000e+02  -1.7455791e+04   1.1674949e+04
   5.8000000e+02  -1.3188567e+04   1.5727048e+04
   5.8100000e+02  -1.3107047e+03   7.3528485e+03
   5.8200000e+02   5.1995526e+02  -1.6345588e+04
   5.8300000e+02  -1.1232389e+04  -2.3904915e+04
   5.8400000e+02  -2.2948934e+04  -3.0050597e+03
   5.8500000e+02  -1.3721172e+04   1.0817391e+04
   5.8600000e+02   1.9744210e+04   4.8943960e+03
   5.8700000e+02   3.9490818e+04  -1.5215948e+03
   5.8800000e+02   1.7420931e+04   1.2629913e+03
   5.8900000e+02  -1.6690004e+04   1.3514287e+04
   5.9000000e+02  -1.6696955e+04   2.4859962e+04
   5.9100000e+02   1.4956654e+04   1.1743272e+04
   5.9200000e+02   2.6906884e+04  -1.8000688e+04
   5.9300000e+02  -6.9971304e+03  -1.6791466e+04
   5.9400000e+02  -4.8367188e+04   2.0932937e+04
   5.9500000e+02  -4.9501548e+04   4.0331193e+04
   5.9600000e+02  -1.2193151e+04   1.1325778e+04
   5.9700000e+02   1.4260551e+04  -3.2418360e+04
   5.9800000e+02  -1.0800178e+03  -3.8175099e+04
   5.9900000e+02  -2.3887256e+04  -6.0188285e+03
   6.0000000e+02  -1.7389228e+04   7.3595337e+03
   6.0100000e+02   1.9870148e+03  -1.4950979e+04
   6.0200000e+02   7.2656447e+03  -2.7526358e+04
   6.0300000e+02   1.6531832e+03  -1.3110939e+04
   6.0400000e+02   5.8397602e+03   4.9286897e+03
   6.0500000e+02   2.1904197e+04   1.4971467e+04
   6.0600000e+02   2.5184638e+04   9.6032858e+03
   6.0700000e+02   7.3402192e+03  -1.0115831e+04
   6.0800000e+02  -6.4442434e+03  -1.5621982e+04
   6.0900000e+02  -3.8198177e+03  -5.2694810e+03
   6.1000000e+02  -3.5592530e+03  -4.7054625e+03
   6.1100000e+02  -8.2091907e+03  -9.5527044e+02
   6.1200000e+02  -3.0365282e+03   1.1024116e+04
   6.1300000e+02  -3.0878637e+03  -9.3793957e+02
   6.1400000e+02  -1.8111642e+04  -2.9385219e+04
   6.1500000e+02  -1.6831005e+04  -3.8390718e+04
   6.1600000e+02   9.4318376e+03  -1.9130090e+04
   6.1700000e+02   2.1746649e+04   8.8879959e+03
   6.1800000e+02   3.9083338e+03   1.1567578e+04
   6.1900000e+02  -2.8988110e+03  -8.8641836e+03
   6.2000000e+02   1.8410165e+04  -1.6236146e+04
   6.2100000e+02   1.7608635e+04  -5.3861299e+03
   6.2200000e+02  -9.9863585e+03   8.1324143e+03
   6.2300000e+02  -7.4826568e+03   1.2614402e+04
   6.2400000e+02   1.3311946e+04   5.6435437e+03
   6.2500000e+02   2.5322939e+03   2.6824963e+03
   6.2600000e+02  -1.6375088e+04   6.3730683e+03
   6.2700000e+02   1.1687789e+03   8.1026940e+03
   6.2800000e+02   3.2748702e+04   5.2192284e+03
   6.2900000e+02   2.9673183e+04  -1.2537824e+04
   6.3000000e+02  -2.1980240e+03  -3.2452302e+04
   6.3100000e+02  -1.9887937e+04  -2.0345942e+04
   6.3200000e+02  -3.5794769e+03   1.3740791e+04
   6.3300000e+02   3.1780676e+04   2.1266589e+04
   6.3400000e+02   4.6709129e+04  -1.1583019e+04
   6.3500000e+02   2.1411833e+04  -3.4619419e+04
   6.3600000e+02  -6.6574052e+03  -8.1805175e+03
   6.3700000e+02  -6.5081161e+03   2.8600720e+04
   6.3800000e+02  -4.6520386e+03   3.4305336e+04
   6.3900000e+02  -1.7635125e+04   2.9584863e+04
   6.4000000e+02  -1.7458644e+04   2.8407524e+04
   6.4100000e+02   6.5078177e+02   1.6726898e+04
   6.4200000e+02   1.0330893e+04   1.2634881e+03
   6.4300000e+02   9.3453546e+03  -3.6113967e+03
   6.4400000e+02   1.0836349e+03   1.3238047e+03
   6.4500000e+02  -1.9815046e+04   9.2111574e+03
   6.4600000e+02  -2.8205603e+04   1.1817195e+04
   6.4700000e+02  -5.3699101e+03   6.5815181e+03
   6.4800000e+02   1.5232108e+04  -6.3403090e+03
   6.4900000e+02   1.1484925e+04  -1.7422445e+04
   6.5000000e+02   3.6636145e+03  -7.2207466e+03
   6.5100000e+02   1.5644350e+03   1.3607276e+04
   6.5200000e+02  -2.0687394e+03   1.7382937e+04
   6.5300000e+02  -9.0094548e+03   5.8669153e+03
   6.5400000e+02  -1.2021222e+04  -1.6619003e+03
   6.5500000e+02   1.8425250e+03   6.1435050e+03
   6.5600000e+02   1.7364385e+04   1.5370571e+04
   6.5700000e+02   1.7201649e+03   6.0875746e+03
   6.5800000e+02  -2.6303275e+04  -9.4781145e+03
   6.5900000e+02  -1.8630730e+04  -1.3265198e+04
   6.6000000e+02   1.7586139e+04  -4.4829436e+03
   6.6100000e+02   2.7187371e+04   7.4044803e+03
   6.6200000e+02  -5.6039447e+03   5.1640417e+03
   6.6300000e+02  -2.9747180e+04  -2.1782270e+03
   6.6400000e+02  -1.1159119e+04   7.0273396e+03
   6.6500000e+02   1.7962259e+04   1.2320855e+04
   6.6600000e+02   2.0376084e+04  -3.1012781e+03
   6.6700000e+02   8.5013315e+02  -9.2582512e+03
   6.6800000e+02  -1.7189434e+04   5.6284887e+03
   6.6900000e+02  -2.2737355e+04   1.6534841e+04
   6.7000000e+02  -1.8183296e+04   1.5965762e+04
   6.7100000e+02  -4.3669209e+03   9.1678522e+03
   6.7200000e+02   1.2320940e+04  -5.0738398e+03
   6.7300000e+02   1.1196651e+04  -1.4003836e+04
   6.7400000e+02  -7.7923947e+03  -8.8147315e+03
   6.7500000e+02  -1.7649404e+04  -3.9157052e+03
   6.7600000e+02  -1.3583754e+04  -2.8342985e+03
   6.7700000e+02  -4.2630354e+03  -1.9273795e+03
   6.7800000e+02   1.4777464e+04  -1.5487506e+04
   6.7900000e+02   2.7612034e+04  -3.3338145e+04
   6.8000000e+02   1.1295501e+04  -2.0197456e+04
   6.8100000e+02  -1.6382812e+04   7.5285530e+03
   6.8200000e+02  -2.5788622e+04   5.6915636e+03
   6.8300000e+02  -1.9274525e+04  -1.3976220e+04
   6.8400000e+02  -8.9294860e+03  -1.3221590e+04
   6.8500000e+02   6.8047428e+03   7.3177598e+03
   6.8600000e+02   1.2777722e+04   1.8442762e+04
   6.8700000e+02  -7.9426853e+03   7.1924992e+03
   6.8800000e+02  -2.1522567e+04  -9.6764669e+03
   6.8900000e+02  -2.2515549e+03  -1.1822707e+04
   6.9000000e+02   1.0657796e+04  -1.0142531e+03
   6.9100000e+02  -3.1598263e+03   1.8925678e+03
   6.9200000e+02  -8.0276997e+03  -1.1619143e+04
   6.9300000e+02   5.4057363e+03  -2.2814686e+04
   6.9400000e+02   8.3366183e+03  -1.8194642e+04
   6.9500000e+02  -4.0999419e+03  -1.2081204e+04
   6.9600000e+02  -1.4806598e+04  -1.7227520e+04
   6.9700000e+02  -1.1141006e+04  -1.3373095e+04
   6.9800000e+02   8.4578351e+03   1.0907462e+04
   6.9900000e+02   2.4394618e+04   2.3304964e+04
   7.0000000e+02   1.8535099e+04   1.1931917e+04
   7.0100000e+02   2.1194456e+03  -3.7177998e+03
   7.0200000e+02   1.7675545e+02  -1.5571165e+04
   7.0300000e+02   1.2806561e+04  -3.8830869e+03
   7.0400000e+02   1.1776918e+04   2.6211167e+04
   7.0500000e+02  -1.5745853e+02   2.1359944e+04
   7.0600000e+02   6.9054953e+03  -1.3941786e+04
   7.0700000e+02   2.1179201e+04  -2.2208057e+04
   7.0800000e+02   1.4333056e+04  -2.7062432e+03
   7.0900000e+02  -5.5385476e+03   3.6419422e+03
   7.1000000e+02  -1.0976596e+04  -1.3554896e+04
   7.1100000e+02   5.3373983e+03  -2.6258957e+04
   7.1200000e+02   1.6639060e+04  -8.5465518e+03
   7.1300000e+02   5.0900050e+03   2.0860078e+04
   7.1400000e+02  -8.7825926e+03   2.2373872e+04
   7.1500000e+02  -9.6537836e+03   6.1332373e+02
   7.1600000e+02  -7.0161485e+03  -7.9992542e+03
   7.1700000e+02  -2.3754156e+02   4.9231099e+03
   7.1800000e+02   1.2698569e+04   2.3082366e+04
   7.1900000e+02   1.0471591e+04   3.2790342e+04
   7.2000000e+02  -5.6809929e+03   2.3672388e+04
   7.2100000e+02  -2.9269041e+03  -5.6431321e+02
   7.2200000e+02   1.6773172e+04  -1.2110860e+04
   7.2300000e+02   1.8810870e+04   5.4590474e+03
   7.2400000e+02  -1.6076723e+03   2.0963907e+04
   7.2500000e+02  -1.1890247e+04   3.5411366e+03
   7.2600000e+02  -3.7717276e+03  -2.1290004e+04
   7.2700000e+02  -4.5919027e+03  -1.7583002e+04
   7.2800000e+02  -5.5929109e+03   7.2864959e+03
   7.2900000e+02   1.5559515e+04   2.1527253e+04
   7.3000000e+02   2.3029295e+04   9.6762641e+03
   7.3100000e+02  -1.1490325e+04  -9.2134568e+03
   7.3200000e+02  -3.7951519e+04  -1.3005305e+04
   7.3300000e+02  -9.7839813e+03  -6.9754048e+03
   7.3400000e+02   2.8670410e+04   4.8245200e+02
   7.3500000e+02   2.0955759e+04   1.2903732e+04
   7.3600000e+02  -8.4677291e+03   2.8705910e+04
   7.3700000e+02  -1.4657870e+04   3.4826797e+04
   7.3800000e+02   4.1159786e+03   2.0579711e+04
   7.3900000e+02   1.9546889e+04  -1.5988507e+03
   7.4000000e+02   7.0661416e+03  -1.0036722e+04
   7.4100000e+02  -1.5877882e+04  -4.6134440e+03
   7.4200000e+02  -2.0482075e+04   3.0565955e+03
   7.4300000e+02  -1.4732219e+04   5.4098890e+03
   7.4400000e+02  -8.2532984e+03   2.6337059e+03
   7.4500000e+02   3.6574634e+03  -6.1756393e+02
   7.4600000e+02   2.6692683e+03  -1.3041504e+04
   7.4700000e+02  -2.3719766e+04  -3.0372676e+04
   7.4800000e+02  -3.2396240e+04  -2.2168095e+04
   7.4900000e+02   6.0363865e+03   6.3824278e+03
   7.5000000e+02   3.9907604e+04   2.1740533e+04
   7.5100000e+02   2.2350123e+04   1.8875527e+04
   7.5200000e+02  -1.4390172e+04   4.0874214e+03
   7.5300000e+02  -2.2389682e+04  -1.6782314e+04
   7.5400000e+02  -8.8661446e+03  -2.4409344e+04
   7.5500000e+02  -6.5409931e+03  -5.0590449e+03
   7.5600000e+02  -1.0788819e+04   2.5069108e+04
   7.5700000e+02  -4.5913820e+03   2.8748240e+04
   7.5800000e+02  -7.9278543e+03  -3.9014429e+03
   7.5900000e+02  -2.6692333e+04  -3.6114608e+04
   7.6000000e+02  -1.9257408e+04  -3.4385647e+04
   7.6100000e+02   1.9864339e+04  -7.5504647e+03
   7.6200000e+02   3.3663787e+04   1.2874912e+04
   7.6300000e+02   3.8668150e+03   1.1588365e+04
   7.6400000e+02  -1.7234296e+04  -3.0791625e+03
   7.6500000e+02  -3.4418553e+03  -1.4115239e+04
   7.6600000e+02   7.2582884e+03  -7.5450625e+03
   7.6700000e+02  -4.7210001e+03   3.6440084e+03
   7.6800000e+02  -7.5593918e+03  -6.9818243e+03
   7.6900000e+02   9.3518215e+03  -1.8605269e+04
   7.7000000e+02   1.1964045e+04   5.0740708e+03
   7.7100000e+02  -1.3625448e+04   3.0395311e+04
   7.7200000e+02  -3.3198698e+04   7.6922753e+03
   7.7300000e+02  -2.0952554e+04  -3.2665758e+04
   7.7400000e+02   1.3257441e+03  -3.0166105e+04
   7.7500000e+02   1.1948820e+04   7.7830548e+03
   7.7600000e+02   1.4032655e+04   1.6287530e+04
   7.7700000e+02   7.3894456e+03  -2.1604081e+04
   7.7800000e+02   9.1525663e+02  -4.2634975e+04
   7.7900000e+02   8.9123146e+03  -1.5993443e+04
   7.8000000e+02   1.9868514e+04   1.2136020e+04
   7.8100000e+02   1.8907264e+04   8.1153026e+03
   7.8200000e+02   1.0271950e+04  -9.4365160e+03
   7.8300000e+02   3.7844377e+03  -8.7833342e+03
   7.8400000e+02   2.3695608e+03   9.4886027e+03
   7.8500000e+02   2.2933878e+03   1.7585796e+04
   7.8600000e+02   1.9146868e+03   6.4419118e+03
   7.8700000e+02   1.3840560e+02  -6.9775175e+03
   7.8800000e+02  -4.8722215e+03   2.5360720e+01
   7.8900000e+02  -8.8828854e+03   1.9805778e+04
   7.9000000e+02  -5.1127146e+03   1.3644347e+04
   7.9100000e+02   7.3885909e+03  -1.5478115e+04
   7.9200000e+02   1.4828069e+04  -2.8806217e+04
   7.9300000e+02   2.5797739e+03  -1.5671671e+04
   7.9400000e+02  -8.0675595e+03   1.0639777e+04
   7.9500000e+02   9.4982245e+03   2.4755607e+04
   7.9600000e+02   2.6210760e+04   1.2830621e+04
   7.9700000e+02   1.4544856e+04  -4.7109374e+03
   7.9800000e+02   4.0680748e+03  -6.9950814e+03
   7.9900000e+02   6.4905977e+03   5.3334940e+03
   8.0000000e+02   4.4761249e+03   1.9134249e+04
   8.0100000e+02   7.2689959e+03   2.5773519e+04
   8.0200000e+02   1.0873756e+04   2.6424510e+04
   8.0300000e+02  -2.7625928e+02   1.5934472e+04
   8.0400000e+02  -2.1769311e+03  -4.3841273e+03
   8.0500000e+02   5.7909583e+03  -1.6661976e+04
   8.0600000e+02  -9.2101626e+03  -1.1631024e+04
   8.0700000e+02  -2.0565969e+04   1.7092350e+03
   8.0800000e+02   1.2526964e+03   6.2493961e+03
   8.0900000e+02   1.2421525e+04   6.7485633e+02
   8.1000000e+02  -5.3960896e+03   3.7793511e+03
   8.1100000e+02  -1.5962238e+04   1.1509116e+04
   8.1200000e+02  -7.5379838e+03  -1.2188952e+03
   8.1300000e+02   6.6795185e+03  -2.0368761e+04
   8.1400000e+02   1.0750056e+04  -7.9173605e+03
   8.1500000e+02  -4.9888681e+02   2.4512878e+04
   8.1600000e+02  -1.3171405e+04   3.2069743e+04
   8.1700000e+02  -1.6955284e+04   8.9359512e+03
   8.1800000e+02  -7.3774410e+03  -1.1312843e+04
   8.1900000e+02   7.9676175e+03  -7.7108401e+03
   8.2000000e+02   9.5537865e+03   7.8576355e+03
   8.2100000e+02  -1.6274261e+03   1.6117848e+04
   8.2200000e+02  -1.1640564e+04   8.4698345e+03
   8.2300000e+02  -1.5974481e+04  -8.8346203e+03
   8.2400000e+02  -1.3568275e+04  -1.1046704e+04
   8.2500000e+02  -3.7412413e+03   5.1013464e+03
   8.2600000e+02   5.6451227e+03   8.2826753e+03
   8.2700000e+02   6.2692975e+03  -5.4418944e+03
   8.2800000e+02   2.2896668e+03  -8.7170998e+03
   8.2900000e+02  -1.0913441e+04   4.1473720e+03
   8.3000000e+02  -2.7510528e+04   1.1699565e+04
   8.3100000e+02  -1.4214622e+04   1.4448179e+03
   8.3200000e+02   1.1294563e+04  -6.8840943e+03
   8.3300000e+02   5.0046961e+03   3.5898417e+03
   8.3400000e+02  -5.6089196e+03   1.7347526e+04
   8.3500000e+02   8.5518082e+03   1.4383413e+04
   8.3600000e+02   1.3146094e+04  -8.1371955e+03
   8.3700000e+02  -6.4008064e+03  -2.6933166e+04
   8.3800000e+02  -1.5678431e+04  -1.3888770e+04
   8.3900000e+02  -4.5537196e+03   1.4450935e+04
   8.4000000e+02   5.3828218e+03   1.6616698e+04
   8.4100000e+02   9.7603370e+03  -1.2517020e+04
   8.4200000e+02   7.9419764e+03  -3.4153377e+04
   8.4300000e+02  -2.9502105e+03  -2.2712177e+04
   8.4400000e+02  -6.3002495e+03  -6.6154712e+03
   8.4500000e+02  -2.2926737e+03  -8.0167065e+03
   8.4600000e+02  -7.4277201e+03  -7.8959931e+03
   8.4700000e+02  -5.4125450e+03  -3.4966881e+03
   8.4800000e+02   9.8802059e+03  -3.7118702e+03
   8.4900000e+02   2.5956153e+03  -2.4479198e+03
   8.5000000e+02  -2.5108781e+04  -3.4562185e+03
   8.5100000e+02  -2.5993474e+04  -4.6182745e+03
   8.5200000e+02   3.5317740e+03   4.6644133e+03
   8.5300000e+02   2.3679756e+04   8.4151233e+03
   8.5400000e+02   1.7535338e+04  -7.3936681e+03
   8.5500000e+02   5.7648933e+02  -2.3643463e+04
   8.5600000e+02  -1.4396376e+04  -2.0935320e+04
   8.5700000e+02  -1.9158792e+04  -7.1939226e+03
   8.5800000e+02  -3.0626395e+03   2.8653404e+02
   8.5900000e+02   1.3970973e+04  -2.4825810e+03
   8.6000000e+02   7.3547590e+03  -1.1946240e+04
   8.6100000e+02  -3.3085985e+03  -1.4968004e+04
   8.6200000e+02   1.6798058e+03   3.0156542e+03
   8.6300000e+02   1.4658123e+04   2.2098405e+04
   8.6400000e+02   1.8382828e+04   1.7873865e+04
   8.6500000e+02   3.5821448e+03   6.7702995e+03
   8.6600000e+02  -6.5552675e+03   5.4355888e+03
   8.6700000e+02   5.8074331e+03   4.8768075e+03
   8.6800000e+02   1.9538041e+04  -3.1094659e+02
   8.6900000e+02   1.9730882e+04  -5.1229689e+03
   8.7000000e+02   1.4396923e+04  -5.6600836e+03
   8.7100000e+02   5.4134779e+03  -1.2226504e+03
   8.7200000e+02  -9.4757768e+03   4.1038222e+03
   8.7300000e+02  -1.3293335e+04   2.2136991e+03
   8.7400000e+02   2.9744820e+03  -7.4137490e+03
   8.7500000e+02   1.1173619e+04  -1.5353171e+04
   8.7600000e+02  -3.5896005e+03  -1.2842339e+04
   8.7700000e+02  -1.5694902e+04   1.1057709e+03
   8.7800000e+02  -6.4199204e+03   1.4591764e+04
   8.7900000e+02   1.0430558e+04   1.7223888e+04
   8.8000000e+02   1.5769350e+04   1.1250018e+04
   8.8100000e+02   8.0797920e+03  -1.3996580e+03
   8.8200000e+02  -6.3656926e+03  -8.5855822e+03
   8.8300000e+02  -1.1674560e+04   5.6575209e+03
   8.8400000e+02   4.2905447e+03   2.3423577e+04
   8.8500000e+02   1.5662272e+04   1.8130494e+04
   8.8600000e+02  -2.5247397e+02   8.0865804e+02
   8.8700000e+02  -1.6177819e+04  -2.1920789e+03
   8.8800000e+02  -1.6095315e+03   9.1115966e+03
   8.8900000e+02   2.5507384e+04   1.6121793e+04
   8.9000000e+02   2.6891375e+04   1.2808980e+04
   8.9100000e+02   4.9063864e+03   5.4819035e+03
   8.9200000e+02  -8.4445377e+03  -8.3234950e+02
   8.9300000e+02  -5.2210516e+03  -3.7722636e+03
   8.9400000e+02   9.0144160e+02  -1.6616181e+03
   8.9500000e+02   1.6779298e+03   7.9523915e+03
   8.9600000e+02  -8.9684786e+02   1.6805112e+04
   8.9700000e+02  -2.8493355e+03   8.1781475e+03
   8.9800000e+02  -6.6021026e+03  -8.4819820e+03
   8.9900000e+02  -1.4422951e+04  -6.1578057e+03
   9.0000000e+02  -1.6896813e+04   6.6047468e+03
   9.0100000e+02  -4.9092451e+03   6.8457310e+03
   9.0200000e+02   7.0582764e+03   9.9422166e+03
   9.0300000e+02   1.4454065e+03   2.2456918e+04
   9.0400000e+02  -8.2208126e+03   1.7643231e+04
   9.0500000e+02  -4.0888642e+03   2.8861501e+03
   9.0600000e+02   3.3914596e+03   1.7609175e+03
   9.0700000e+02  -2.1408198e+03   3.8782477e+02
   9.0800000e+02  -1.4611767e+04  -1.3240154e+04
   9.0900000e+02  -1.6079822e+04  -2.3216150e+04
   9.1000000e+02  -5.4342304e+03  -1.3231925e+04
   9.1100000e+02   1.4599724e+03   6.1945932e+03
   9.1200000e+02  -2.4555641e+03   7.7253656e+03
   9.1300000e+02  -7.3645056e+03  -7.1922851e+03
   9.1400000e+02  -5.5856812e+03  -1.4507830e+04
   9.1500000e+02  -5.3439640e+03  -9.3682283e+03
   9.1600000e+02  -1.0058669e+04  -6.4079043e+03
   9.1700000e+02  -3.6390916e+03  -1.2769405e+04
   9.1800000e+02   8.4401300e+03  -9.5817473e+03
   9.1900000e+02  -3.8399418e+03   7.6363252e+03
   9.2000000e+02  -1.8840820e+04   6.0986700e+03
   9.2100000e+02   4.3935299e+03  -1.1790480e+04
   9.2200000e+02   2.3966626e+04  -1.2344801e+04
   9.2300000e+02  -7.6560960e+02  -4.8945506e+03
   9.2400000e+02  -1.5927356e+04  -6.2993843e+03
   9.2500000e+02   6.4282435e+03  -6.0815318e+03
   9.2600000e+02   1.3681501e+04  -3.1201992e+03
   9.2700000e+02  -8.3313279e+03  -3.7116421e+03
   9.2800000e+02  -1.9389791e+04  -8.8645884e+03
   9.2900000e+02  -1.0736390e+04  -1.5694170e+04
   9.3000000e+02   2.3174676e+02  -1.2337051e+04
   9.3100000e+02   8.0747719e+03   2.7639642e+03
   9.3200000e+02   7.4628773e+03   8.6659814e+03
   9.3300000e+02  -5.2820161e+03  -8.6691547e+03
   9.3400000e+02  -1.8499999e+04  -2.4717943e+04
   9.3500000e+02  -1.5599096e+04  -7.5739611e+03
   9.3600000e+02   5.2121799e+03   2.0063855e+04
   9.3700000e+02   2.3682916e+04   1.6805023e+04
   9.3800000e+02   2.1002203e+04  -4.3352646e+03
   9.3900000e+02   3.1620280e+03  -6.3874895e+03
   9.4000000e+02  -7.5176117e+03   8.9492079e+03
   9.4100000e+02   2.6889224e+03   7.9240131e+03
   9.4200000e+02   2.0129669e+04  -1.4948542e+04
   9.4300000e+02   2.0933954e+04  -2.4466913e+04
   9.4400000e+02   4.3427065e+03  -9.9756413e+03
   9.4500000e+02  -1.0702120e+04   7.1559367e+03
   9.4600000e+02  -1.4072577e+04   1.5708500e+04
   9.4700000e+02  -9.7541786e+03   5.1505825e+03
   9.4800000e+02   6.5155745e+02  -2.3743731e+04
   9.4900000e+02   1.4275996e+04  -3.5781720e+04
   9.5000000e+02   1.6767588e+04  -1.0748949e+04
   9.5100000e+02  -5.5549512e+02   2.1713442e+04
   9.5200000e+02  -1.6906013e+04   2.7548358e+04
   9.5300000e+02  -2.5135523e+03   1.3112271e+04
   9.5400000e+02   2.5015467e+04   6.1782991e+03
   9.5500000e+02   2.3417855e+04   6.0018117e+03
   9.5600000e+02   7.9588325e+01  -7.5299198e+03
   9.5700000e+02  -7.6702833e+03  -1.5209115e+04
   9.5800000e+02   9.4158968e+03   1.2596739e+04
   9.5900000e+02   2.2034812e+04   3.9643625e+04
   9.6000000e+02   4.9751073e+03   2.1172034e+04
   9.6100000e+02  -1.0456358e+04  -8.3782553e+03
   9.6200000e+02   4.7152575e+03  -5.5997453e+03
   9.6300000e+02   1.7416554e+04   7.2223304e+03
   9.6400000e+02   1.2724428e+04   6.9847681e+03
   9.6500000e+02   1.4172547e+04   6.5841856e+03
   9.6600000e+02   1.1906124e+04   5.2646220e+03
   9.6700000e+02  -4.2961849e+03  -8.5014859e+02
   9.6800000e+02  -8.9751857e+03   9.1837656e+03
   9.6900000e+02  -2.1529684e+03   2.8192339e+04
   9.7000000e+02  -4.0401402e+03   1.3682567e+04
   9.7100000e+02  -8.3405473e+03  -2.4137873e+04
   9.7200000e+02  -9.5889229e+03  -2.1940710e+04
   9.7300000e+02  -1.3333210e+04   2.1566599e+04
   9.7400000e+02  -1.5122347e+04   3.8510128e+04
   9.7500000e+02  -1.0855952e+04   1.0568618e+04
   9.7600000e+02  -7.4185964e+03  -1.4589353e+04
   9.7700000e+02  -7.7243147e+03  -8.3303408e+03
   9.7800000e+02  -4.4349295e+02   1.2854809e+04
   9.7900000e+02   6.9069071e+03   1.9734118e+04
   9.8000000e+02  -5.5120867e+03   4.4230866e+03
   9.8100000e+02  -1.4590977e+04  -1.4084931e+04
   9.8200000e+02   2.6361800e+03  -1.8695979e+04
   9.8300000e+02   1.9786755e+04  -1.0511729e+04
   9.8400000e+02   1.4643483e+04   2.7252014e+03
   9.8500000e+02  -1.6051545e+03   1.2400351e+04
   9.8600000e+02  -8.3339173e+03   7.2742130e+03
   9.8700000e+02  -2.4144777e+03  -1.0238797e+04
   9.8800000e+02  -1.8590233e+03  -1.9546413e+04
   9.8900000e+02  -1.4507416e+04  -1.0953418e+04
   9.9000000e+02  -2.6644207e+04   5.5874606e+03
   9.9100000e+02  -2.3388530e+04   1.3958505e+04
   9.9200000e+02  -6.5108928e+03   7.1215651e+03
   9.9300000e+02   7.5141383e+03   3.7066735e+02
   9.9400000e+02   8.0561891e+03  -1.1602970e+02
   9.9500000e+02  -1.5201449e+03  -1.0424504e+04
   9.9600000e+02  -1.1373613e+04  -2.0743708e+04
   9.9700000e+02  -1.0781474e+04  -1.0819155e+04
   9.9800000e+02   2.1692219e+03   2.8320446e+03
   9.9900000e+02   1.3504488e+04   4.8425814e+03
   1.0000000e+03   1.1981730e+04   5.3286790e+03
   1.0010000e+03   4.9100379e+03   3.5106695e+03
   1.0020000e+03  -2.4647163e+03  -7.6421574e+03
   1.0030000e+03  -1.5164835e+04  -1.8418267e+04
   1.0040000e+03  -2.9181349e+04  -1.7822679e+04
   1.0050000e+03  -2.9679073e+04  -6.7413738e+03
   1.0060000e+03  -9.3337659e+03   5.0414510e+02
   1.0070000e+03   1.4005918e+04  -7.7704744e+03
   1.0080000e+03   1.3425772e+04  -1.2913187e+04
   1.0090000e+03  -4.4345894e+03   9.5524605e+02
   1.0100000e+03  -6.5075949e+03   8.4906625e+03
   1.0110000e+03   1.0947142e+04  -9.9086575e+03
   1.0120000e+03   2.3155541e+04  -3.1002951e+04
   1.0130000e+03   2.4619741e+04  -2.3086388e+04
   1.0140000e+03   1.9534081e+04   9.7629041e+03
   1.0150000e+03   8.8355965e+03   2.7059660e+04
   1.0160000e+03   3.2861896e+03   8.7925621e+03
   1.0170000e+03  -3.1619655e+03  -1.7833169e+04
   1.0180000e+03  -1.7540654e+04  -2.6034827e+04
   1.0190000e+03  -1.4113020e+04  -1.2586424e+04
   1.0200000e+03   9.7204892e+03   1.1948329e+04
   1.0210000e+03   1.3941899e+04   2.4051613e+04
   1.0220000e+03  -9.4834565e+03   1.3210998e+04
   1.0230000e+03  -1.8164420e+04  -3.4743345e+03
   1.0240000e+03  -1.7824760e+03  -1.0881235e+04
   1.0250000e+03   3.7566209e+03  -5.5268883e+03
   1.0260000e+03   2.5244602e+03   9.0874876e+03
   1.0270000e+03   1.8210278e+04   1.3830021e+04
   1.0280000e+03   2.9302964e+04  -1.8704659e+03
   1.0290000e+03   1.8612399e+04  -1.6340021e+04
   1.0300000e+03   3.2120474e+03  -1.0272701e+04
   1.0310000e+03  -4.8382747e+03   5.7466349e+03
   1.0320000e+03  -1.2649668e+04   1.0526581e+04
   1.0330000e+03  -1.7539541e+04   5.1049494e+02
   1.0340000e+03   4.3655625e+02  -4.3058859e+03
   1.0350000e+03   2.4970492e+04   6.7770742e+03
   1.0360000e+03   1.4774476e+04   1.6960770e+04
   1.0370000e+03  -1.3840865e+04   1.3523788e+04
   1.0380000e+03  -1.1219038e+04   7.0875908e+03
   1.0390000e+03   1.4563924e+04   9.2778200e+03
   1.0400000e+03   1.5047293e+04   8.5440854e+03
   1.0410000e+03  -6.5691851e+03  -2.1919517e+02
   1.0420000e+03  -4.4799345e+03   6.8954169e+03
   1.0430000e+03   2.3035672e+04   2.2967941e+04
   1.0440000e+03   3.4833876e+04   1.3046701e+04
   1.0450000e+03   1.1011741e+04  -1.1374831e+04
   1.0460000e+03  -2.1787496e+04  -1.7215155e+04
   1.0470000e+03  -2.3955229e+04  -2.2729156e+03
   1.0480000e+03  -3.4619094e+01   1.0482361e+04
   1.0490000e+03   1.1157847e+04   3.5164117e+03
   1.0500000e+03  -6.5248029e+02  -5.8697790e+03
   1.0510000e+03  -1.1928441e+04  -3.2856715e+03
   1.0520000e+03  -9.4623191e+03  -3.3128388e+03
   1.0530000e+03  -3.4729005e+03  -4.0498710e+03
   1.0540000e+03  -7.2188943e+03   1.2390870e+03
   1.0550000e+03  -2.0451996e+04   1.0889441e+03
   1.0560000e+03  -2.5403050e+04   1.9900403e+03
   1.0570000e+03  -5.9891921e+03   1.1691057e+04
   1.0580000e+03   2.4075276e+04   1.1527506e+04
   1.0590000e+03   3.3433321e+04   5.6367902e+03
   1.0600000e+03   1.4254260e+04   1.4976093e+04
   1.0610000e+03  -9.0411381e+03   1.2265373e+04
   1.0620000e+03  -1.4028816e+04  -2.0338586e+04
   1.0630000e+03  -3.7296424e+03  -2.9207775e+04
   1.0640000e+03   5.4250750e+03   6.6059690e+03
   1.0650000e+03   3.5927314e+03   3.0534794e+04
   1.0660000e+03  -5.6998815e+03   1.6834198e+04
   1.0670000e+03  -1.6851664e+04  -4.2774048e+03
   1.0680000e+03  -2.4022050e+04  -1.2698619e+04
   1.0690000e+03  -1.6044763e+04  -9.5937100e+03
   1.0700000e+03   1.8334117e+03  -2.9844857e+03
   1.0710000e+03   7.8404532e+03   1.6292312e+03
   1.0720000e+03  -7.5790730e+02   1.0683252e+04
   1.0730000e+03  -3.6379083e+03   1.6068040e+04
   1.0740000e+03   6.3952680e+03  -3.6507680e+03
   1.0750000e+03   3.9686267e+03  -2.9390010e+04
   1.0760000e+03  -2.0013646e+04  -1.9917132e+04
   1.0770000e+03  -2.6138072e+04   1.5576059e+04
   1.0780000e+03   2.3960169e+03   2.5362998e+04
   1.0790000e+03   2.3085744e+04  -4.2572927e+03
   1.0800000e+03   6.3917559e+03  -2.3377139e+04
   1.0810000e+03  -1.8391983e+04  -2.3832091e+03
   1.0820000e+03  -1.3891624e+04   1.9837740e+04
   1.0830000e+03   5.1761973e+03   6.3256696e+03
   1.0840000e+03   7.0144134e+03  -2.3928157e+04
   1.0850000e+03   2.4625470e+01  -2.7117938e+04
   1.0860000e+03   1.0055987e+03   1.3960478e+03
   1.0870000e+03   5.6198367e+03   1.5899770e+04
   1.0880000e+03   8.2349959e+03  -6.1980572e+03
   1.0890000e+03   1.6854014e+03  -3.0649908e+04
   1.0900000e+03  -1.4468789e+04  -2.3600783e+04
   1.0910000e+03  -2.0478696e+04   2.1859765e+03
   1.0920000e+03  -7.2291409e+03   6.7476931e+03
   1.0930000e+03   6.9456501e+03  -1.4490201e+04
   1.0940000e+03   5.5534362e+03  -2.2135915e+04
   1.0950000e+03  -6.1162528e+03  -3.9776658e+03
   1.0960000e+03  -1.1692550e+04   1.2330830e+04
   1.0970000e+03  -1.7957164e+03   1.2389812e+04
   1.0980000e+03   1.4448161e+04  -1.2003202e+03
   1.0990000e+03   1.5386293e+04  -1.9918682e+04
   1.1000000e+03  -5.7180126e+02  -2.1443852e+04
   1.1010000e+03  -6.6062127e+03  -3.6744938e+02
   1.1020000e+03   9.2190543e+03   1.2539702e+04
   1.1030000e+03   2.5841161e+04   9.8099909e+02
   1.1040000e+03   1.9667932e+04  -1.1033873e+04
   1.1050000e+03  -3.3748962e+03  -6.3846294e+03
   1.1060000e+03  -7.6906857e+03   2.2684569e+03
   1.1070000e+03   1.8458294e+04   2.5288384e+03
   1.1080000e+03   3.6686793e+04  -6.2164883e+02
   1.1090000e+03   1.9020748e+04   5.2367916e+03
   1.1100000e+03  -1.2818953e+04   1.5887963e+04
   1.1110000e+03  -2.0865078e+04   1.0821510e+04
   1.1120000e+03   1.2295571e+03  -4.9568299e+03
   1.1130000e+03   1.9956714e+04  -7.1008654e+03
   1.1140000e+03   1.1446267e+04   2.9785781e+03
   1.1150000e+03  -1.2669880e+04   1.0045948e+04
   1.1160000e+03  -3.1297470e+04   1.0596418e+04
   1.1170000e+03  -2.4581671e+04   7.1886910e+03
   1.1180000e+03   6.0552758e+03   2.3676141e+03
   1.1190000e+03   2.5434513e+04  -3.3217424e+01
   1.1200000e+03   1.3190733e+04   4.0862082e+03
   1.1210000e+03  -1.0689532e+04   8.6217731e+03
   1.1220000e+03  -1.4481546e+04   4.9773884e+03
   1.1230000e+03   7.8084654e+03   2.8420970e+03
   1.1240000e+03   2.1298626e+04   1.2658674e+04
   1.1250000e+03   7.3152671e+03   2.0526825e+04
   1.1260000e+03  -1.9382418e+03   1.1682685e+04
   1.1270000e+03   9.1017145e+03   4.6348560e+01
   1.1280000e+03   1.6082327e+04  -1.0681549e+03
   1.1290000e+03   3.1078711e+03  -3.7668514e+03
   1.1300000e+03  -2.0161171e+04  -8.3360064e+03
   1.1310000e+03  -2.6384945e+04   4.7979910e+01
   1.1320000e+03  -9.7839735e+03   1.5110091e+04
   1.1330000e+03  -4.0497571e+03   1.8690416e+04
   1.1340000e+03  -8.9918263e+03   2.8343319e+03
   1.1350000e+03   5.3473683e+03  -2.1408904e+04
   1.1360000e+03   1.1462780e+04  -2.5718814e+04
   1.1370000e+03  -1.1556503e+04   3.0459040e+02
   1.1380000e+03  -1.3519794e+04   2.8416012e+04
   1.1390000e+03   1.8038171e+04   2.9340422e+04
   1.1400000e+03   2.9344953e+04   7.2884071e+03
   1.1410000e+03   3.5748430e+03  -1.0583362e+04
   1.1420000e+03  -1.5947150e+04  -3.0726382e+03
   1.1430000e+03  -1.3691160e+02   1.6045583e+04
   1.1440000e+03   1.7593837e+04   1.7935869e+04
   1.1450000e+03   5.1425923e+03   6.3554104e+03
   1.1460000e+03  -1.2476200e+04  -4.3034088e+03
   1.1470000e+03  -1.3692297e+04  -9.4637380e+03
   1.1480000e+03  -1.0118349e+04  -2.8438852e+03
   1.1490000e+03  -1.0198147e+04   7.7964445e+02
   1.1500000e+03  -1.1743157e+04  -1.0392710e+04
   1.1510000e+03  -9.7684689e+03  -1.6494474e+04
   1.1520000e+03  -5.5548569e+03  -1.2879599e+04
   1.1530000e+03  -4.8989507e+03  -1.3039452e+04
   1.1540000e+03  -8.4017162e+03  -1.4366114e+04
   1.1550000e+03  -1.3902522e+04  -7.2178191e+03
   1.1560000e+03  -8.7959390e+03   6.0317966e+03
   1.1570000e+03   1.4788530e+04   1.0150815e+04
   1.1580000e+03   2.8140044e+04  -2.7784676e+03
   1.1590000e+03   5.7950560e+03  -1.8113336e+04
   1.1600000e+03  -2.2562957e+04  -1.1173070e+04
   1.1610000e+03  -1.5882515e+04   1.4503146e+04
   1.1620000e+03   1.2691993e+04   1.7896506e+04
   1.1630000e+03   1.8606107e+04  -8.5034394e+03
   1.1640000e+03  -1.5606728e+03  -2.0456567e+04
   1.1650000e+03  -1.2147914e+04  -8.2048029e+03
   1.1660000e+03  -1.1243856e+04  -1.1714401e+03
   1.1670000e+03  -2.0263809e+04  -3.6159393e+02
   1.1680000e+03  -2.1826712e+04   2.2601745e+03
   1.1690000e+03  -1.7606666e+03  -6.6077689e+03
   1.1700000e+03   1.0301296e+04  -1.8357029e+04
   1.1710000e+03  -9.7151257e+02  -6.6180574e+03
   1.1720000e+03  -1.1843300e+04   1.5745284e+04
   1.1730000e+03  -3.0055714e+03   1.2877522e+04
   1.1740000e+03   1.2760980e+04  -1.6287581e+04
   1.1750000e+03   1.1853109e+04  -3.1933896e+04
   1.1760000e+03   9.5874308e+02  -1.0914758e+04
   1.1770000e+03   9.6437180e+03   1.3866078e+04
   1.1780000e+03   3.1095102e+04   1.1309468e+04
   1.1790000e+03   2.4489919e+04  -4.1176441e+03
   1.1800000e+03  -4.8351717e+03  -1.1643721e+04
   1.1810000e+03  -1.4888915e+04  -4.4559216e+03
   1.1820000e+03  -2.1280757e+03   7.9884674e+03
   1.1830000e+03   1.3447443e+04   4.2836293e+03
   1.1840000e+03   1.4867919e+04  -7.9219429e+03
   1.1850000e+03  -2.1569432e+03  -1.7570274e+03
   1.1860000e+03  -1.0974781e+04   1.3437363e+04
   1.1870000e+03  -1.9753082e+03   1.1721769e+04
   1.1880000e+03   1.3744154e+03  -2.6913651e+03
   1.1890000e+03  -7.9284153e+03  -1.2717169e+04
   1.1900000e+03  -1.5242456e+04  -1.1461358e+04
   1.1910000e+03  -7.8473025e+02   1.1196461e+03
   1.1920000e+03   2.5532068e+04   1.3222129e+04
   1.1930000e+03   2.3470245e+04   1.0268592e+04
   1.1940000e+03  -1.2113564e+03  -4.4118969e+03
   1.1950000e+03  -8.4711734e+03  -1.4518250e+04
   1.1960000e+03  -1.7438689e+03  -5.1371791e+03
   1.1970000e+03  -8.0812363e+02   1.6442320e+04
   1.1980000e+03   5.6398835e+03   1.5924922e+04
   1.1990000e+03   2.3955893e+04  -8.7214419e+03
   1.2000000e+03   2.5441488e+04  -1.0692415e+04
   1.2010000e+03  -5.7379918e+03   1.5015662e+04
   1.2020000e+03  -2.9696539e+04   2.3667294e+04
   1.2030000e+03  -1.4528002e+04   1.1986763e+04
   1.2040000e+03   5.7585344e+03   5.3426650e+03
   1.2050000e+03   3.9176667e+03   4.2863570e+03
   1.2060000e+03   5.3192977e+02   7.3931900e+03
   1.2070000e+03   4.7686031e+03   1.2625181e+04
   1.2080000e+03   7.6194117e+03   5.7468585e+03
   1.2090000e+03   2.2799750e+03  -7.9566136e+03
   1.2100000e+03  -1.2796551e+04  -8.4778237e+03
   1.2110000e+03  -1.6431168e+04   3.4011781e+03
   1.2120000e+03   6.2123382e+03   1.0596158e+04
   1.2130000e+03   3.2179248e+04   3.2115630e+03
   1.2140000e+03   3.1766800e+04  -9.0324825e+03
   1.2150000e+03   4.2754893e+03  -8.1927330e+03
   1.2160000e+03  -1.6665983e+04   5.2393283e+03
   1.2170000e+03  -7.5573206e+03   1.3992963e+04
   1.2180000e+03   8.1927212e+03   8.8020892e+03
   1.2190000e+03   3.5104657e+03  -7.5908572e+02
   1.2200000e+03  -9.6687441e+03  -4.3182600e+00
   1.2210000e+03  -6.3548160e+03   1.0193912e+04
   1.2220000e+03   6.4906334e+03   1.5398932e+04
   1.2230000e+03  -2.6031537e+03   1.8970025e+03
   1.2240000e+03  -3.1884394e+04  -2.2162610e+04
   1.2250000e+03  -3.8681496e+04  -2.1463603e+04
   1.2260000e+03  -1.0105727e+04   8.1059083e+03
   1.2270000e+03   1.7299934e+04   2.0825125e+04
   1.2280000e+03   2.0074073e+04  -5.2223415e+02
   1.2290000e+03   3.2300030e+03  -2.0520923e+04
   1.2300000e+03  -1.7564343e+04  -9.5425852e+03
   1.2310000e+03  -1.5581280e+04   1.8001345e+04
   1.2320000e+03   5.6027336e+03   2.7119834e+04
   1.2330000e+03   1.1049005e+04   1.2754277e+04
   1.2340000e+03  -4.9793188e+02  -4.4533136e+03
   1.2350000e+03  -7.9335701e+03  -8.1566139e+03
   1.2360000e+03  -8.2764617e+03   6.1575695e+03
   1.2370000e+03  -5.2054454e+03   1.4160676e+04
   1.2380000e+03  -4.2115155e+02  -6.9791054e+03
   1.2390000e+03   1.0172838e+03  -2.6291069e+04
   1.2400000e+03  -9.9926756e+03  -1.2918325e+04
   1.2410000e+03  -2.7359090e+04   3.7006188e+03
   1.2420000e+03  -2.3789618e+04  -6.2857997e+03
   1.2430000e+03  -1.8505980e+02  -2.1593274e+04
   1.2440000e+03   7.5707268e+03  -2.0383830e+04
   1.2450000e+03  -5.1698200e+03  -1.5624977e+04
   1.2460000e+03  -9.4821232e+03  -1.6607507e+04
   1.2470000e+03   9.3181990e+02  -1.0924942e+04
   1.2480000e+03   8.5047474e+03   2.3554323e+03
   1.2490000e+03   8.1634910e+03   2.8576000e+03
   1.2500000e+03   1.0535701e+04  -1.2864817e+04
   1.2510000e+03   1.1813901e+04  -1.8745540e+04
   1.2520000e+03   2.5831494e+03  -3.2919544e+03
   1.2530000e+03  -7.8391019e+02   1.0778920e+04
   1.2540000e+03   4.2735512e+03   5.4591016e+03
   1.2550000e+03  -5.5305410e+03  -2.1906534e+03
   1.2560000e+03  -2.0266231e+04   6.9418782e+03
   1.2570000e+03  -1.4338149e+04   1.1925967e+04
   1.2580000e+03   8.1463445e+03  -8.1829949e+02
   1.2590000e+03   2.2564809e+04  -8.4672799e+02
   1.2600000e+03   8.6350994e+03   1.0135383e+04
   1.2610000e+03  -1.2743732e+04  -3.4001392e+03
   1.2620000e+03  -7.0357163e+03  -2.3111664e+04
   1.2630000e+03   1.3063216e+04  -1.6253560e+04
   1.2640000e+03   2.5756806e+04   1.3861680e+03
   1.2650000e+03   3.2003331e+04   1.2097322e+04
   1.2660000e+03   2.0937956e+04   9.9774639e+03
   1.2670000e+03  -9.4099377e+03  -1.2898627e+04
   1.2680000e+03  -2.3621669e+04  -3.2177367e+04
   1.2690000e+03  -2.7445529e+03  -1.4790332e+04
   1.2700000e+03   2.3057045e+04   1.7670501e+04
   1.2710000e+03   2.2032989e+04   2.3980433e+04
   1.2720000e+03   5.5483045e+02   1.0894223e+04
   1.2730000e+03  -1.2306894e+04   6.0013786e+03
   1.2740000e+03  -5.2362129e+03   7.5181377e+03
   1.2750000e+03   7.8120101e+03   7.1649407e+03
   1.2760000e+03   1.1608452e+04   1.1993097e+04
   1.2770000e+03   3.8673624e+02   1.6834201e+04
   1.2780000e+03  -9.3671908e+03   9.3178853e+03
   1.2790000e+03   5.2307798e+02  -3.6730669e+03
   1.2800000e+03   8.8176764e+03  -1.4387287e+04
   1.2810000e+03  -1.1959917e+03  -1.7973175e+04
   1.2820000e+03  -6.8284457e+03  -3.9928003e+03
   1.2830000e+03   2.2914032e+03   1.0184863e+04
   1.2840000e+03   8.4307697e+03   1.4301696e+03
   1.2850000e+03   4.8379255e+03  -8.2781523e+03
   1.2860000e+03   4.9274817e+03  -2.0510090e+03
   1.2870000e+03   5.7060760e+03   4.9603773e+03
   1.2880000e+03  -9.0937038e+03   1.4781934e+04
   1.2890000e+03  -1.8591529e+04   3.0036846e+04
   1.2900000e+03   5.3420528e+02   3.0683189e+04
   1.2910000e+03   1.9124279e+04   1.3615673e+04
   1.2920000e+03   1.1832500e+04  -3.9101290e+03
   1.2930000e+03  -2.3941049e+03  -1.0026704e+04
   1.2940000e+03  -6.0436042e+03  -1.6486964e+03
   1.2950000e+03  -5.1172533e+03   1.0088473e+04
   1.2960000e+03  -6.4761132e+03   1.1789625e+04
   1.2970000e+03  -5.1028620e+03   7.9276043e+03
   1.2980000e+03   3.2461023e+02   1.1165995e+03
   1.2990000e+03  -4.1365139e+03  -1.2908748e+04
   1.3000000e+03  -1.6099662e+04  -1.9485379e+04
   1.3010000e+03  -1.1480080e+04  -1.9080236e+03
   1.3020000e+03   2.3496881e+03   2.0695689e+04
   1.3030000e+03   3.6119611e+02   1.0550981e+04
   1.3040000e+03  -1.0062704e+04  -1.9728762e+04
   1.3050000e+03  -1.2850274e+04  -1.2979297e+04
   1.3060000e+03   3.1640340e+01   2.1932784e+04
   1.3070000e+03   2.1181549e+04   1.9932175e+04
   1.3080000e+03   1.4878160e+04  -1.2330820e+04
   1.3090000e+03  -1.7049469e+04  -1.6791752e+04
   1.3100000e+03  -2.1709655e+04   5.4888330e+03
   1.3110000e+03   5.4336866e+03   9.2496574e+03
   1.3120000e+03   1.5418672e+04  -5.8503695e+03
   1.3130000e+03  -7.0910750e+03  -4.5768570e+03
   1.3140000e+03  -2.6541469e+04   4.7794441e+03
   1.3150000e+03  -1.4600567e+04  -7.7553817e+02
   1.3160000e+03   6.5609938e+03  -2.1244135e+03
   1.3170000e+03   5.1419601e+03   3.7135952e+03
   1.3180000e+03  -7.5107161e+03  -6.8448525e+03
   1.3190000e+03  -1.1306381e+04  -1.8792448e+04
   1.3200000e+03  -1.0343232e+04  -1.2907234e+04
   1.3210000e+03  -5.0782161e+03  -6.4170982e+03
   1.3220000e+03   7.1554374e+03  -6.2016452e+03
   1.3230000e+03   1.1700013e+04  -7.6868613e+03
   1.3240000e+03   1.8980617e+03  -1.3619602e+04
   1.3250000e+03  -5.3118726e+03  -1.3111323e+04
   1.3260000e+03  -2.8059292e+03  -7.3074932e+03
   1.3270000e+03  -2.2703368e+03  -9.1343712e+03
   1.3280000e+03  -3.1456397e+03  -1.2687058e+03
   1.3290000e+03   3.1444184e+03   1.6922326e+04
   1.3300000e+03   6.5802493e+03   1.3098643e+04
   1.3310000e+03  -1.8882408e+02  -4.2653207e+03
   1.3320000e+03   1.2489811e+03  -2.4698645e+03
   1.3330000e+03   1.3911089e+04   7.3286020e+03
   1.3340000e+03   7.7149841e+03   3.3311655e+02
   1.3350000e+03  -1.4818603e+04  -1.1490228e+04
   1.3360000e+03  -1.3076205e+04  -1.2878246e+04
   1.3370000e+03   9.9621664e+03  -1.3155161e+04
   1.3380000e+03   1.9163509e+04  -1.5723747e+04
   1.3390000e+03   1.3987217e+04  -1.5584472e+04
   1.3400000e+03   5.4638940e+03  -1.3685932e+04
   1.3410000e+03  -6.3094857e+03  -8.9925721e+03
   1.3420000e+03  -9.3730985e+03  -7.6392207e+02
   1.3430000e+03  -2.1859583e+03   8.8573748e+03
   1.3440000e+03  -2.9777869e+03   1.4983290e+04
   1.3450000e+03  -4.6614311e+03   1.1003438e+04
   1.3460000e+03   9.4183117e+03   2.4601356e+03
   1.3470000e+03   1.9507987e+04   3.6275487e+03
   1.3480000e+03   5.3935404e+03   1.3886609e+04
   1.3490000e+03  -1.3844192e+04   1.7420438e+04
   1.3500000e+03  -7.2415593e+03   9.7794729e+03
   1.3510000e+03   2.1584999e+04   3.8405971e+03
   1.3520000e+03   2.9657793e+04   6.4846699e+03
   1.3530000e+03   3.9859186e+03   5.0667888e+03
   1.3540000e+03  -1.1630551e+04  -9.5682395e+03
   1.3550000e+03   1.6740376e+03  -1.6417801e+04
   1.3560000e+03   1.3140512e+04  -4.2784777e+03
   1.3570000e+03   4.8376150e+03   4.4398652e+03
   1.3580000e+03  -9.1486204e+03   6.8248372e+03
   1.3590000e+03  -1.0516173e+04   9.2922698e+03
   1.3600000e+03  -2.8651394e+02   1.2421753e+03
   1.3610000e+03   4.4782930e+03  -9.2352954e+03
   1.3620000e+03  -1.9045767e+03  -1.0859301e+04
   1.3630000e+03  -3.5730719e+03  -1.6509476e+03
   1.3640000e+03   7.7599498e+03   2.1513706e+04
   1.3650000e+03   1.1168626e+04   3.1177962e+04
   1.3660000e+03  -3.7174423e+03   6.6469277e+03
   1.3670000e+03  -1.0377444e+04  -1.8041422e+04
   1.3680000e+03   1.5675976e+03  -1.6593730e+04
   1.3690000e+03   8.9248969e+03  -4.5639362e+03
   1.3700000e+03   2.7862522e+03   2.9342620e+03
   1.3710000e+03  -5.6147554e+03   9.5981883e+03
   1.3720000e+03  -7.4554122e+03   2.0054554e+04
   1.3730000e+03  -1.8911761e+03   2.2352785e+04
   1.3740000e+03   1.7310307e+03   7.8097952e+03
   1.3750000e+03  -6.6426744e+03  -5.9467258e+03
   1.3760000e+03  -1.7711894e+04  -7.2509316e+03
   1.3770000e+03  -5.9942212e+03  -2.6157698e+03
   1.3780000e+03   2.1399619e+04   8.5774631e+03
   1.3790000e+03   1.7278958e+04   1.9259370e+04
   1.3800000e+03  -1.7666837e+04   1.6262185e+04
   1.3810000e+03  -2.5173995e+04   2.9483368e+03
   1.3820000e+03   5.2806539e+03  -1.2841688e+04
   1.3830000e+03   2.4072506e+04  -1.6349424e+04
   1.3840000e+03   8.6689221e+03  -2.2402360e+03
   1.3850000e+03  -1.0471359e+04   4.9827883e+03
   1.3860000e+03  -6.0427371e+03   2.8179900e+01
   1.3870000e+03   1.1722220e+04   2.8471426e+03
   1.3880000e+03   1.6381112e+04   1.3517439e+04
   1.3890000e+03  -6.2057442e+03   1.6685631e+04
   1.3900000e+03  -3.2453726e+04   1.2768978e+03
   1.3910000e+03  -2.5940848e+04  -1.9736875e+04
   1.3920000e+03   2.9939820e+03  -1.7896443e+04
   1.3930000e+03   1.8682501e+04  -1.6502312e+03
   1.3940000e+03   9.0974866e+03  -1.2319398e+03
   1.3950000e+03  -1.0371650e+04  -7.5560184e+03
   1.3960000e+03  -1.6982276e+04  -1.3802511e+03
   1.3970000e+03  -1.1947568e+04   5.8328803e+02
   1.3980000e+03  -6.3361185e+03  -8.7740736e+03
   1.3990000e+03  -1.6448724e+03  -1.0948804e+04
   1.4000000e+03  -1.7010983e+03  -8.4351570e+03
   1.4010000e+03   1.5163999e+02  -5.8967362e+03
   1.4020000e+03   6.3463356e+03   1.0011743e+04
   1.4030000e+03   2.5218755e+03   2.6976189e+04
   1.4040000e+03  -7.1617761e+03   1.2009115e+04
   1.4050000e+03  -1.3018542e+04  -2.5238681e+04
   1.4060000e+03  -1.6731647e+04  -3.1586409e+04
   1.4070000e+03  -9.1413875e+03  -1.1061284e+03
   1.4080000e+03   1.3410377e+04   8.3999338e+03
   1.4090000e+03   2.8715314e+04  -1.7094627e+04
   1.4100000e+03   1.6232387e+04  -2.7960321e+04
   1.4110000e+03  -1.2079828e+04   5.8187125e+02
   1.4120000e+03  -2.4364115e+04   2.7210218e+04
   1.4130000e+03  -6.0265527e+03   2.2677543e+02
   1.4140000e+03   2.0609475e+04  -4.5304962e+04
   1.4150000e+03   1.6920903e+04  -3.1910197e+04
   1.4160000e+03  -1.1698958e+04   2.2900582e+04
   1.4170000e+03  -1.6905248e+04   4.4473932e+04
   1.4180000e+03   3.7042043e+03   1.9675781e+04
   1.4190000e+03   8.0402116e+03  -1.0784295e+04
   1.4200000e+03  -3.0268263e+03  -2.1001065e+04
   1.4210000e+03  -3.1927914e+03  -1.6848541e+04
   1.4220000e+03  -1.1480948e+03  -3.3605542e+03
   1.4230000e+03  -6.7389503e+03   1.2629857e+04
   1.4240000e+03  -5.8980627e+03   7.1376560e+03
   1.4250000e+03   4.2385031e+03  -1.8533717e+04
   1.4260000e+03   1.6153221e+04  -2.7276126e+04
   1.4270000e+03   2.3194875e+04  -4.6820233e+03
   1.4280000e+03   1.6076324e+04   1.7947901e+04
   1.4290000e+03   4.7464126e+03   1.4202099e+04
   1.4300000e+03   4.3771285e+03  -2.0574707e+03
   1.4310000e+03   5.5749316e+03  -1.1218357e+04
   1.4320000e+03   3.3808577e+03  -7.5175990e+03
   1.4330000e+03   4.3242837e+03   7.4424178e+03
   1.4340000e+03   3.0536403e+03   1.5651512e+04
   1.4350000e+03  -2.5095391e+03   9.1891847e+03
   1.4360000e+03  -2.6348758e+03   3.0083224e+03
   1.4370000e+03   6.2767464e+03   1.1098766e+03
   1.4380000e+03   1.0568420e+04   2.2036248e+03
   1.4390000e+03  -5.9423447e+03   6.7048197e+03
   1.4400000e+03  -2.5071873e+04   1.3386995e+03
   1.4410000e+03  -1.0231345e+04  -1.0855153e+04
   1.4420000e+03   2.4324703e+04  -4.2742068e+02
   1.4430000e+03   2.5387637e+04   2.7312298e+04
   1.4440000e+03  -4.4416098e+03   2.6289146e+04
   1.4450000e+03  -1.0017912e+04  -8.0842101e+03
   1.4460000e+03   9.1882527e+03  -2.7525125e+04
   1.4470000e+03   5.8181816e+03  -8.9560928e+03
   1.4480000e+03  -1.3575789e+04   2.2708530e+04
   1.4490000e+03  -6.3305473e+03   3.5119726e+04
   1.4500000e+03   1.8917886e+04   1.8986900e+04
   1.4510000e+03   2.0491650e+04  -5.0235187e+03
   1.4520000e+03   4.1018730e+01  -1.1972313e+04
   1.4530000e+03  -1.4760682e+04  -2.3025186e+03
   1.4540000e+03  -2.0602347e+04   1.5010424e+04
   1.4550000e+03  -1.1002984e+04   3.2453453e+04
   1.4560000e+03   1.0301010e+04   2.5153289e+04
   1.4570000e+03   5.0057051e+03  -5.8439535e+03
   1.4580000e+03  -1.7026096e+04  -1.3105946e+04
   1.4590000e+03  -2.4847451e+03   6.5831214e+03
   1.4600000e+03   3.3589759e+04   1.0155192e+04
   1.4610000e+03   2.4776600e+04  -4.4009911e+03
   1.4620000e+03  -2.7713972e+04  -1.6852371e+04
   1.4630000e+03  -4.3638786e+04  -2.1228983e+04
   1.4640000e+03   2.7964839e+02  -1.4272044e+04
   1.4650000e+03   3.1643299e+04  -3.6846564e+03
   1.4660000e+03   1.1857139e+04   1.7094004e+03
   1.4670000e+03  -2.1891618e+04  -5.5261926e+02
   1.4680000e+03  -2.5219095e+04  -1.4267787e+04
   1.4690000e+03  -3.6309829e+02  -2.3110997e+04
   1.4700000e+03   6.6905222e+03  -9.7566189e+03
   1.4710000e+03  -1.4201737e+04   6.4251666e+03
   1.4720000e+03  -2.2433548e+04   7.6847615e+03
   1.4730000e+03  -6.5379208e+03   4.8768461e+03
   1.4740000e+03   7.4034043e+03   6.7283808e+03
   1.4750000e+03   4.6639322e+03   1.1745339e+04
   1.4760000e+03  -3.1294157e+03   1.4752583e+04
   1.4770000e+03  -4.3395497e+02   1.0153268e+04
   1.4780000e+03   4.8420770e+03   4.5130167e+03
   1.4790000e+03  -3.5144004e+03   4.8409035e+03
   1.4800000e+03  -1.5597213e+04   3.5666649e+03
   1.4810000e+03  -9.0876963e+03  -5.8509106e+03
   1.4820000e+03   1.0086577e+04  -1.8253742e+04
   1.4830000e+03   1.7714087e+04  -2.1066929e+04
   1.4840000e+03   6.4291857e+03  -8.9069925e+03
   1.4850000e+03  -1.4437709e+04   3.4739871e+03
   1.4860000e+03  -2.2175015e+04   2.6870848e+03
   1.4870000e+03  -1.8863017e+03  -6.4290649e+03
   1.4880000e+03   1.5785199e+04  -1.5773324e+04
   1.4890000e+03   1.4554856e+03  -1.6130304e+04
   1.4900000e+03  -1.6869142e+04  -2.0813676e+03
   1.4910000e+03  -1.0662065e+04   1.1740011e+04
   1.4920000e+03   3.6515720e+03   9.8893907e+03
   1.4930000e+03   4.8423010e+03  -9.2055427e+02
   1.4940000e+03  -5.3936634e+03  -9.0943837e+03
   1.4950000e+03  -1.1832034e+04  -1.5541043e+04
   1.4960000e+03  -5.4958188e+03  -1.7790650e+04
   1.4970000e+03   1.0767647e+04  -4.3095703e+03
   1.4980000e+03   3.0280737e+04   1.2027016e+04
   1.4990000e+03   3.1344662e+04   3.2404059e+03
   1.5000000e+03   1.3181329e+03  -1.7811830e+04
   1.5010000e+03  -2.2351658e+04  -1.6048106e+04
   1.5020000e+03  -5.9435143e+03   5.1150314e+03
   1.5030000e+03   2.2979584e+04   1.0451214e+04
   1.5040000e+03   2.4141797e+04  -9.0609962e+03
   1.5050000e+03   5.1686532e+03  -1.4926275e+04
   1.5060000e+03  -1.1489524e+03   1.0441229e+04
   1.5070000e+03   2.9181659e+03   2.4265996e+04
   1.5080000e+03  -3.5621807e+03   4.3992240e+03
   1.5090000e+03  -6.3697172e+03  -1.2384116e+04
   1.5100000e+03   8.4068771e+03  -6.1141968e+03
   1.5110000e+03   1.3119538e+04   6.4188143e+02
   1.5120000e+03  -8.3472166e+03   2.1087871e+03
   1.5130000e+03  -2.7402606e+04   8.6691840e+03
   1.5140000e+03  -1.7910086e+04   5.7618820e+03
   1.5150000e+03   1.0637149e+04  -9.5620803e+03
   1.5160000e+03   2.8006164e+04  -1.2792972e+04
   1.5170000e+03   1.5190103e+04  -1.7932921e+03
   1.5180000e+03  -1.2560383e+04   8.1058552e+03
   1.5190000e+03  -2.4201431e+04   8.3550525e+03
   1.5200000e+03  -9.0911760e+03  -9.8985456e+02
   1.5210000e+03   1.3485371e+04  -4.9445617e+03
   1.5220000e+03   1.7677357e+04   2.4933591e+03
   1.5230000e+03   8.2471731e+03   9.9896935e+03
   1.5240000e+03   6.2942862e+03   1.3280868e+04
   1.5250000e+03   5.2305011e+03   9.3265834e+03
   1.5260000e+03  -4.0742004e+03   1.9699304e+03
   1.5270000e+03  -3.3104285e+03   1.0545568e+04
   1.5280000e+03   8.1495705e+03   2.5086963e+04
   1.5290000e+03   3.5482045e+03   1.1844735e+04
   1.5300000e+03  -1.0857273e+04  -1.3783325e+04
   1.5310000e+03  -5.3578158e+03  -1.0551170e+04
   1.5320000e+03   1.1861668e+04   9.8955854e+03
   1.5330000e+03   1.2755990e+04   1.3461710e+04
   1.5340000e+03  -6.1498847e+03   4.7600458e+03
   1.5350000e+03  -2.1677526e+04   1.6007231e+03
   1.5360000e+03  -6.5432696e+03   2.3460924e+03
   1.5370000e+03   2.4757594e+04   5.4909174e+03
   1.5380000e+03   2.4822657e+04   1.1991948e+04
   1.5390000e+03  -7.7852601e+03   9.5593874e+03
   1.5400000e+03  -2.4693734e+04   3.0389241e+02
   1.5410000e+03  -1.9899847e+03   3.7262308e+03
   1.5420000e+03   2.9515055e+04   1.0336034e+04
   1.5430000e+03   1.8768459e+04  -2.3871464e+03
   1.5440000e+03  -3.1151127e+04  -2.2011749e+04
   1.5450000e+03  -4.8406307e+04  -1.9284707e+04
   1.5460000e+03  -1.0061656e+04   4.4644100e+03
   1.5470000e+03   2.0010676e+04   1.6158907e+04
   1.5480000e+03   7.5494033e+03   4.2974464e+03
   1.5490000e+03  -2.1917496e+04  -5.2124737e+03
   1.5500000e+03  -3.3554043e+04  -1.5078767e+03
   1.5510000e+03  -1.1560257e+04   1.0586209e+03
   1.5520000e+03   1.6013541e+04  -1.8748299e+02
   1.5530000e+03   2.2444427e+04   1.1589709e+03
   1.5540000e+03   1.9104088e+04   2.7984206e+03
   1.5550000e+03   9.0161068e+03   1.4965017e+03
   1.5560000e+03  -8.9942882e+03  -3.2233987e+02
   1.5570000e+03  -1.3555374e+04  -2.8926292e+03
   1.5580000e+03   4.7229363e+03  -1.2969600e+04
   1.5590000e+03   1.9033050e+04  -2.6659222e+04
   1.5600000e+03   2.8732965e+03  -2.2689967e+04
   1.5610000e+03  -2.5113988e+04   3.2993231e+03
   1.5620000e+03  -2.9351652e+04   2.1889219e+04
   1.5630000e+03  -1.1862501e+04   6.8448493e+03
   1.5640000e+03   1.0813688e+03  -2.4775400e+04
   1.5650000e+03  -6.9248601e+02  -2.6820663e+04
   1.5660000e+03  -9.9278437e+03   4.0865339e+03
   1.5670000e+03  -1.4907270e+04   2.0447986e+04
   1.5680000e+03  -2.1811629e+03   9.5389394e+03
   1.5690000e+03   1.9773624e+04   9.6386519e+02
   1.5700000e+03   1.7885012e+04   9.4874828e+02
   1.5710000e+03  -1.0261384e+04  -6.3467713e+03
   1.5720000e+03  -2.7186063e+04  -1.9151613e+04
   1.5730000e+03  -1.0326289e+04  -1.8867029e+04
   1.5740000e+03   2.3534416e+04  -2.9199223e+03
   1.5750000e+03   3.9208082e+04   1.0583690e+04
   1.5760000e+03   1.8586150e+04   1.0051799e+04
   1.5770000e+03  -1.3850451e+04   1.3852896e+03
   1.5780000e+03  -1.5565737e+04  -6.7884467e+03
   1.5790000e+03   6.5769910e+03  -1.7240558e+04
   1.5800000e+03   9.0009129e+03  -2.1065966e+04
   1.5810000e+03  -5.3418505e+03  -2.6318104e+03
   1.5820000e+03  -7.6741731e+03   1.3488513e+04
   1.5830000e+03   4.3842743e+02   1.8223771e+03
   1.5840000e+03   1.0389297e+04  -1.8055359e+04
   1.5850000e+03   1.2641461e+04  -2.0594913e+04
   1.5860000e+03  -4.6827310e+03  -3.4897816e+03
   1.5870000e+03  -2.2469209e+04   7.8444384e+03
   1.5880000e+03  -1.0553365e+04  -4.6540030e+00
   1.5890000e+03   1.7215614e+04  -2.3978472e+03
   1.5900000e+03   2.3016999e+04   3.1893446e+03
   1.5910000e+03   6.7550210e+03   1.1658653e+03
   1.5920000e+03  -2.2440951e+03  -9.8909445e+02
   1.5930000e+03   2.5055148e+03   2.5269407e+02
   1.5940000e+03   1.4707735e+03   4.7610381e+03
   1.5950000e+03  -7.6114932e+03   1.2092852e+04
   1.5960000e+03  -2.5229876e+03   1.1129725e+04
   1.5970000e+03   1.1284753e+04   5.3696565e+03
   1.5980000e+03   2.1090698e+03   3.4816596e+03
   1.5990000e+03  -1.8418861e+04   7.4518178e+01
   1.6000000e+03  -7.6819444e+03  -2.3648010e+03
   1.6010000e+03   2.4775350e+04   4.9644265e+03
   1.6020000e+03   2.6988391e+04   1.4911636e+04
   1.6030000e+03  -5.3231501e+03   1.4603971e+04
   1.6040000e+03  -2.3071098e+04   7.2495426e+03
   1.6050000e+03  -2.9080070e+03  -3.0649400e+01
   1.6060000e+03   2.4082074e+04  -7.6052714e+03
   1.6070000e+03   1.9908488e+04  -8.3614537e+03
   1.6080000e+03  -5.1012366e+03   2.2281106e+03
   1.6090000e+03  -1.4006748e+04   1.3507663e+04
   1.6100000e+03  -7.3089309e+03   1.4429933e+04
   1.6110000e+03  -1.0014304e+03   4.0976157e+03
   1.6120000e+03   8.8250761e+03  -7.3183177e+02
   1.6130000e+03   1.1529662e+04   8.6436784e+03
   1.6140000e+03  -1.4070140e+03   1.1619317e+04
   1.6150000e+03  -2.5735265e+03   8.6920889e+03
   1.6160000e+03   1.0824334e+04   1.8694450e+04
   1.6170000e+03   8.5364101e+03   2.4439608e+04
   1.6180000e+03  -5.8411030e+02   1.0770585e+04
   1.6190000e+03   5.1957227e+03  -3.3396379e+03
   1.6200000e+03   1.3667297e+04  -8.0868413e+03
   1.6210000e+03   7.7814765e+03  -1.1966359e+04
   1.6220000e+03  -1.4786408e+04  -1.4561478e+04
   1.6230000e+03  -2.5477816e+04  -9.0068966e+03
   1.6240000e+03   4.1409009e+02  -2.4770553e+03
   1.6250000e+03   1.9766188e+04  -2.1007836e+03
   1.6260000e+03  -4.0225087e+03  -2.5928101e+03
   1.6270000e+03  -3.0118453e+04  -8.8414858e+03
   1.6280000e+03  -2.1920385e+04  -1.4002051e+04
   1.6290000e+03  -1.5372078e+02   4.8160623e+03
   1.6300000e+03   1.0089043e+04   2.4096236e+04
   1.6310000e+03   1.0147326e+04   1.1743676e+04
   1.6320000e+03   6.5849928e+02  -3.5526668e+03
   1.6330000e+03  -1.4195476e+04   3.9047512e+03
   1.6340000e+03  -1.6203387e+04   1.3899891e+04
   1.6350000e+03  -7.3306465e+03   8.3981289e+03
   1.6360000e+03  -1.5911857e+03  -8.0166540e+03
   1.6370000e+03  -5.3154750e+02  -1.6778072e+04
   1.6380000e+03  -4.4256247e+03  -8.0967998e+03
   1.6390000e+03  -5.3612991e+03   1.1465686e+03
   1.6400000e+03  -7.2973339e+02  -2.3068015e+03
   1.6410000e+03  -1.0773781e+04  -1.4004959e+04
   1.6420000e+03  -3.2670459e+04  -2.3843172e+04
   1.6430000e+03  -2.7007281e+04  -1.5269291e+04
   1.6440000e+03   1.3086434e+04   3.3429569e+03
   1.6450000e+03   3.8700310e+04   4.3170710e+02
   1.6460000e+03   2.1163205e+04  -1.4074343e+04
   1.6470000e+03  -1.0621707e+04  -8.1041139e+03
   1.6480000e+03  -2.2864753e+04   4.9635757e+03
   1.6490000e+03  -9.5227918e+03  -2.2437041e+03
   1.6500000e+03   9.6087915e+03  -1.1530968e+04
   1.6510000e+03   7.5300922e+03   4.6651250e+02
   1.6520000e+03  -4.0454091e+03   7.4026078e+03
   1.6530000e+03   4.0854955e+03  -6.8169494e+03
   1.6540000e+03   1.1866834e+04  -7.5300335e+03
   1.6550000e+03  -7.0030535e+03   1.1250406e+04
   1.6560000e+03  -2.3902542e+04   9.4907473e+03
   1.6570000e+03  -1.2397615e+04  -1.6246534e+04
   1.6580000e+03   9.2200052e+03  -2.5910088e+04
   1.6590000e+03   1.6927903e+04  -8.3756005e+03
   1.6600000e+03   5.7177014e+03   1.2233675e+04
   1.6610000e+03  -8.5231269e+03   2.0585746e+04
   1.6620000e+03  -3.7857216e+02   5.1747659e+03
   1.6630000e+03   2.3704791e+04  -2.7681161e+04
   1.6640000e+03   2.3021721e+04  -3.2749860e+04
   1.6650000e+03  -4.3499839e+03   1.0807135e+03
   1.6660000e+03  -1.1008232e+04   2.4188399e+04
   1.6670000e+03   9.9149637e+03   1.0037589e+04
   1.6680000e+03   1.8472989e+04  -1.5662282e+04
   1.6690000e+03   1.9503197e+03  -2.2055718e+04
   1.6700000e+03  -1.6492300e+04  -3.7560830e+03
   1.6710000e+03  -1.2806459e+04   2.0942902e+04
   1.6720000e+03   6.7175805e+03   2.4219507e+04
   1.6730000e+03   1.1327802e+04   3.9920343e+03
   1.6740000e+03  -5.0815107e+03  -7.1497279e+03
   1.6750000e+03  -1.3109928e+04  -1.5512261e+03
   1.6760000e+03   4.9716467e+03  -5.0811030e+01
   1.6770000e+03   2.2664658e+04   6.2815339e+02
   1.6780000e+03   1.7313071e+04   6.2323146e+03
   1.6790000e+03   9.7478648e+03   7.8948935e+03
   1.6800000e+03   7.0886599e+03   5.8685113e+03
   1.6810000e+03  -3.9873951e+03   2.5824570e+03
   1.6820000e+03  -8.5521373e+03  -1.1944558e+02
   1.6830000e+03   1.8667748e+03  -1.2044659e+03
   1.6840000e+03   8.7197480e+03  -1.0381559e+03
   1.6850000e+03   5.5590169e+03   8.3461618e+03
   1.6860000e+03  -8.9605106e+02   1.8980578e+04
   1.6870000e+03  -3.4778322e+03   1.1922644e+04
   1.6880000e+03   4.0967387e+03   2.5632629e+03
   1.6890000e+03   1.4240672e+04   7.0263407e+03
   1.6900000e+03   1.2364247e+04   3.9121373e+03
   1.6910000e+03   1.4938750e+03  -1.0170000e+04
   1.6920000e+03  -3.5851360e+03  -5.4396367e+03
   1.6930000e+03   2.8634213e+02   1.7728675e+04
   1.6940000e+03   5.7049842e+03   2.5338878e+04
   1.6950000e+03   9.3468601e+03   8.6282604e+03
   1.6960000e+03   6.9052189e+03  -5.9353715e+03
   1.6970000e+03  -8.1033447e+03  -3.9711327e+03
   1.6980000e+03  -2.0527650e+04   3.0332277e+03
   1.6990000e+03  -1.1737017e+04   9.3035679e+03
   1.7000000e+03   1.5647869e+03   1.3512982e+04
   1.7010000e+03  -2.3823324e+03   7.7419701e+03
   1.7020000e+03  -1.9074310e+04  -2.0726625e+03
   1.7030000e+03  -3.0274346e+04  -4.4869887e+03
   1.7040000e+03  -1.9854492e+04  -3.5468141e+03
   1.7050000e+03   2.4300828e+03  -1.5999207e+03
   1.7060000e+03   1.0759413e+04   5.5751624e+03
   1.7070000e+03   1.6588766e+03   9.2103351e+03
   1.7080000e+03  -4.0413175e+03  -2.0793936e+03
   1.7090000e+03   1.1446405e+04  -1.5441492e+04
   1.7100000e+03   2.8133159e+04  -1.0221047e+04
   1.7110000e+03   1.0443566e+04   3.6508535e+03
   1.7120000e+03  -2.1488273e+04   2.1316188e+03
   1.7130000e+03  -1.6620423e+04  -5.2491458e+03
   1.7140000e+03   1.6262316e+04   4.3510408e+03
   1.7150000e+03   1.9931854e+04   1.2750526e+04
   1.7160000e+03  -1.5418782e+04  -3.4065799e+03
   1.7170000e+03  -3.7849093e+04  -2.0503849e+04
   1.7180000e+03  -2.3688451e+04  -1.7535058e+04
   1.7190000e+03  -2.0808860e+03  -7.0003260e+03
   1.7200000e+03   7.5906379e+03   7.5341248e+02
   1.7210000e+03   2.2487207e+03   1.2829285e+03
   1.7220000e+03  -1.9306950e+04  -6.8783998e+03
   1.7230000e+03  -2.8950546e+04  -1.8673118e+04
   1.7240000e+03  -1.3169179e+03  -2.6986972e+04
   1.7250000e+03   2.7652317e+04  -1.5925174e+04
   1.7260000e+03   1.4489065e+04   1.3542537e+04
   1.7270000e+03  -1.5984884e+04   2.5831134e+04
   1.7280000e+03  -1.5883422e+04   3.9808519e+03
   1.7290000e+03   1.0666485e+04  -1.4317536e+04
   1.7300000e+03   2.6157883e+04   4.0776109e+03
   1.7310000e+03   1.4372581e+04   2.0254032e+04
   1.7320000e+03  -7.2362652e+03  -3.6433948e+03
   1.7330000e+03  -1.2865817e+04  -2.2799875e+04
   1.7340000e+03  -6.6173267e+03  -7.9079956e+03
   1.7350000e+03  -7.1642151e+03   3.3471968e+03
   1.7360000e+03  -5.1812068e+03  -3.7389531e+03
   1.7370000e+03   3.4038723e+03  -1.4724785e+04
   1.7380000e+03   4.4000161e+03  -2.5154379e+04
   1.7390000e+03   5.3805689e+03  -2.6471796e+04
   1.7400000e+03   6.8486346e+03  -9.4204449e+03
   1.7410000e+03  -3.4673524e+03   1.3773009e+04
   1.7420000e+03  -8.6299571e+03   1.6165231e+04
   1.7430000e+03   2.9851194e+03  -1.6184263e+03
   1.7440000e+03   1.4387973e+04  -8.2586628e+03
   1.7450000e+03   1.3681414e+04   6.3211365e+03
   1.7460000e+03   4.4631076e+03   2.3351260e+04
   1.7470000e+03  -2.7585802e+02   2.0522587e+04
   1.7480000e+03   3.0434922e+03  -4.3960422e+03
   1.7490000e+03   1.5115142e+03  -1.8190626e+04
   1.7500000e+03  -8.5236782e+03  -8.6658665e+02
   1.7510000e+03  -1.3589609e+04   1.6446913e+04
   1.7520000e+03  -3.5598587e+03   4.3958873e+03
   1.7530000e+03   9.9276833e+03  -1.7374951e+04
   1.7540000e+03   1.2338330e+04  -1.4962412e+04
   1.7550000e+03   8.5308773e+03   2.7406452e+03
   1.7560000e+03   2.0006966e+03   4.2039031e+03
   1.7570000e+03   6.5347889e+02  -6.3877710e+03
   1.7580000e+03   1.7057387e+04  -3.7487246e+03
   1.7590000e+03   2.8147970e+04   1.0546790e+04
   1.7600000e+03   1.5923199e+04   1.3573740e+04
   1.7610000e+03   2.4505447e+03   2.2174409e+03
   1.7620000e+03  -5.6024534e+03  -1.8572918e+03
   1.7630000e+03  -8.7476917e+03   8.5065707e+03
   1.7640000e+03   7.1338994e+03   1.4821902e+04
   1.7650000e+03   2.3729203e+04   4.4952403e+03
   1.7660000e+03   1.0261019e+04  -6.2885232e+03
   1.7670000e+03  -1.7368625e+04   2.9154679e+03
   1.7680000e+03  -2.4508937e+04   1.8501118e+04
   1.7690000e+03  -1.0229545e+04   1.8338779e+04
   1.7700000e+03   4.6847408e+03   4.8764662e+03
   1.7710000e+03   1.2519395e+04  -1.0092818e+04
   1.7720000e+03   1.3883749e+04  -9.9312703e+03
   1.7730000e+03   4.0183610e+03   8.6147722e+03
   1.7740000e+03  -1.0953591e+04   2.0153823e+04
   1.7750000e+03  -1.1513641e+04   1.5044417e+04
   1.7760000e+03   1.4933178e+03   8.6756401e+03
   1.7770000e+03   5.3220796e+03   9.2263897e+03
   1.7780000e+03  -3.4584997e+03   1.5231439e+04
   1.7790000e+03  -7.4935506e+03   1.0541488e+04
   1.7800000e+03  -4.4963765e+03  -1.3749104e+04
   1.7810000e+03  -7.8730383e+03  -2.1665531e+04
   1.7820000e+03  -1.2079133e+04   8.1943705e+03
   1.7830000e+03  -4.3703162e+02   2.8460601e+04
   1.7840000e+03   8.1193720e+03   6.4735553e+03
   1.7850000e+03  -6.6086123e+03  -2.1808979e+04
   1.7860000e+03  -1.5754645e+04  -2.3073745e+04
   1.7870000e+03  -2.3124950e+03  -7.1246005e+03
   1.7880000e+03   6.9776033e+03   2.6385868e+03
   1.7890000e+03   1.7309084e+03  -4.3613146e+02
   1.7900000e+03   1.5337173e+03   1.6149915e+03
   1.7910000e+03   7.7279126e+03   1.3066560e+04
   1.7920000e+03  -9.8529570e+02   9.5090481e+03
   1.7930000e+03  -1.4246927e+04  -7.0942340e+03
   1.7940000e+03  -6.5172628e+03  -6.9852460e+03
   1.7950000e+03   5.3862669e+03   7.0457751e+03
   1.7960000e+03   3.9484541e+02   1.0534563e+04
   1.7970000e+03  -1.4470217e+04   5.0993324e+03
   1.7980000e+03  -2.4306528e+04  -2.0268224e+02
   1.7990000e+03  -1.5593499e+04  -1.0423958e+04
   1.8000000e+03   1.2705986e+03  -1.7622423e+04
   1.8010000e+03   8.8228991e+03  -1.0803975e+04
   1.8020000e+03   8.8689686e+03  -6.3865322e+03
   1.8030000e+03  -3.5746355e+03  -1.6009109e+04
   1.8040000e+03  -2.1111879e+04  -2.2369372e+04
   1.8050000e+03  -1.3068166e+04  -1.4223608e+04
   1.8060000e+03   1.5831336e+04  -1.9662351e+03
   1.8070000e+03   2.6290948e+04   3.1094851e+03
   1.8080000e+03   3.6630810e+03  -3.0240230e+03
   1.8090000e+03  -2.1904454e+04  -1.2976721e+04
   1.8100000e+03  -1.6332755e+04  -9.6493662e+03
   1.8110000e+03   2.9977207e+03   3.5835938e+03
   1.8120000e+03  -3.6017060e+01   6.5695134e+03
   1.8130000e+03  -1.0168268e+04  -2.5786287e+03
   1.8140000e+03  -4.3553780e+02  -1.6265130e+04
   1.8150000e+03   1.1170552e+04  -1.9860458e+04
   1.8160000e+03   4.1819954e+03  -6.5907355e+02
   1.8170000e+03  -9.7140040e+03   1.0652653e+04
   1.8180000e+03  -7.8789639e+03  -8.5271668e+03
   1.8190000e+03   1.4289315e+04  -2.1481843e+04
   1.8200000e+03   2.6483706e+04  -8.7193859e+03
   1.8210000e+03   7.0247309e+03   7.0248580e+03
   1.8220000e+03  -1.4268065e+04   1.4679939e+04
   1.8230000e+03  -1.0485251e+04   1.3075749e+04
   1.8240000e+03   3.0831735e+03   2.6582400e+03
   1.8250000e+03   1.2137491e+04  -1.5074074e+03
   1.8260000e+03   1.8586946e+04   6.3443961e+03
   1.8270000e+03   1.7026759e+04   8.1722621e+03
   1.8280000e+03   1.9606770e+03   7.4571342e+02
   1.8290000e+03  -1.4716850e+04  -6.8592371e+02
   1.8300000e+03  -1.5234617e+04   5.3418334e+02
   1.8310000e+03   2.1226572e+03  -2.0073498e+03
   1.8320000e+03   2.1186621e+04  -6.4182564e+03
   1.8330000e+03   2.5197170e+04  -1.5515964e+04
   1.8340000e+03   1.2275032e+04  -1.4829414e+04
   1.8350000e+03  -5.5955873e+03   5.2745723e+03
   1.8360000e+03  -1.3920487e+04   2.0016263e+04
   1.8370000e+03  -4.9585319e+03   1.6677256e+04
   1.8380000e+03   1.0935726e+04   5.9419135e+03
   1.8390000e+03   1.2844233e+04  -2.1848339e+03
   1.8400000e+03   3.4693577e+03   3.2963011e+03
   1.8410000e+03   5.2691290e+02   1.8452756e+04
   1.8420000e+03  -8.3674001e+02   2.3311136e+04
   1.8430000e+03  -9.5572159e+03   1.2023353e+04
   1.8440000e+03  -1.2452810e+04   1.4758281e+03
   1.8450000e+03   2.2777271e+02   7.0791971e+03
   1.8460000e+03   1.2288968e+04   1.2722573e+04
   1.8470000e+03   9.3391546e+03  -2.9165112e+03
   1.8480000e+03   4.0837286e+03  -2.0042849e+04
   1.8490000e+03   3.0627546e+03  -1.2221589e+04
   1.8500000e+03  -1.7164904e+03   9.4139109e+03
   1.8510000e+03   9.3061060e+02   2.1761041e+04
   1.8520000e+03   1.4093504e+04   1.3047082e+04
   1.8530000e+03   1.2836390e+04  -1.2861715e+04
   1.8540000e+03  -7.4101186e+03  -2.4785462e+04
   1.8550000e+03  -1.7313293e+04  -6.4070029e+02
   1.8560000e+03   1.4023112e+03   2.8036580e+04
   1.8570000e+03   2.1586348e+04   2.5484258e+04
   1.8580000e+03   1.0330792e+04   4.0755369e+03
   1.8590000e+03  -1.2820893e+04  -7.4622999e+03
   1.8600000e+03  -1.7032091e+04   8.0315343e+02
   1.8610000e+03  -9.3508601e+03   1.1398859e+04
   1.8620000e+03  -1.9704873e+02   1.2417147e+03
   1.8630000e+03   5.3883117e+03  -1.3880328e+04
   1.8640000e+03  -2.8328914e+03  -5.4948980e+03
   1.8650000e+03  -9.1847710e+03   1.3704714e+04
   1.8660000e+03   7.4929729e+02   1.3385855e+04
   1.8670000e+03  -6.3007704e+02  -7.4728348e+03
   1.8680000e+03  -1.9016621e+04  -1.8129997e+04
   1.8690000e+03  -2.1011534e+04  -5.2921443e+03
   1.8700000e+03  -4.3782553e+03   3.0778313e+03
   1.8710000e+03   1.1153198e+04  -5.9917531e+03
   1.8720000e+03   1.6582154e+04  -1.1241693e+04
   1.8730000e+03   3.5548553e+03   1.5270887e+03
   1.8740000e+03  -2.1858141e+04   1.8021909e+04
   1.8750000e+03  -3.6606525e+04   6.7289120e+03
   1.8760000e+03  -2.1894751e+04  -2.3038545e+04
   1.8770000e+03   1.5285608e+04  -2.3878298e+04
   1.8780000e+03   3.0549013e+04   2.7017245e+03
   1.8790000e+03   1.4378901e+03   2.1017917e+04
   1.8800000e+03  -2.5857452e+04   1.9997553e+04
   1.8810000e+03  -1.2093904e+04   4.3899140e+02
   1.8820000e+03   1.4555381e+04  -2.5100755e+04
   1.8830000e+03   1.3761508e+04  -2.9091980e+04
   1.8840000e+03  -5.2604738e+03  -4.2597771e+03
   1.8850000e+03  -6.9567075e+03   1.3268211e+04
   1.8860000e+03   5.7371377e+03  -6.5830126e+03
   1.8870000e+03   7.7618691e+02  -2.7637904e+04
   1.8880000e+03  -1.5333438e+04  -1.2363382e+04
   1.8890000e+03  -1.3587252e+04   9.6307111e+03
   1.8900000e+03  -2.5050440e+03   5.4801503e+03
   1.8910000e+03  -5.8269695e+03  -1.1545646e+04
   1.8920000e+03  -1.6182746e+04  -1.3849000e+04
   1.8930000e+03  -8.5994202e+03   6.1364766e+02
   1.8940000e+03   1.5161945e+04   7.6635838e+03
   1.8950000e+03   1.8894808e+04   9.9909838e+02
   1.8960000e+03  -8.9153258e+03  -3.2119145e+03
   1.8970000e+03  -2.1629558e+04  -5.9046326e+03
   1.8980000e+03   7.1833701e+03  -1.1281238e+04
   1.8990000e+03   2.9001675e+04  -3.3084988e+03
   1.9000000e+03   8.7769757e+03   1.3722640e+04
   1.9010000e+03  -1.3937031e+04   8.0205953e+03
   1.9020000e+03  -3.1712475e+03  -1.4452592e+04
   1.9030000e+03   2.0686473e+04  -1.3521624e+04
   1.9040000e+03   2.5496894e+04   1.0371261e+04
   1.9050000e+03   7.1685138e+03   1.7788173e+04
   1.9060000e+03  -1.4052734e+04  -1.2210345e+03
   1.9070000e+03  -1.4712767e+04  -1.4001325e+04
   1.9080000e+03   6.2945791e+03  -3.8681364e+03
   1.9090000e+03   1.9748227e+04   5.3553751e+03
   1.9100000e+03   7.4831830e+03  -4.7156612e+03
   1.9110000e+03  -7.2136790e+03  -2.1754847e+04
   1.9120000e+03  -2.4008476e+03  -2.4814618e+04
   1.9130000e+03   1.2075297e+04  -7.4649302e+03
   1.9140000e+03   1.5233760e+04   1.4217931e+04
   1.9150000e+03   2.7753634e+03   1.8146132e+04
   1.9160000e+03  -5.5847639e+02   8.2039121e+03
   1.9170000e+03   1.2116159e+04   6.3621174e+03
   1.9180000e+03   8.2787249e+03   7.2413370e+03
   1.9190000e+03  -8.4415003e+03   8.4233810e+02
   1.9200000e+03   1.2809444e+02   1.2723816e+04
   1.9210000e+03   2.0101646e+04   3.6629349e+04
   1.9220000e+03   1.1737023e+04   2.6189491e+04
   1.9230000e+03  -1.6280979e+04  -3.9925422e+03
   1.9240000e+03  -2.6073269e+04  -8.6827975e+03
   1.9250000e+03  -6.9912220e+02  -1.9596597e+02
   1.9260000e+03   3.2326631e+04  -1.3992440e+03
   1.9270000e+03   2.8305251e+04   1.4363067e+03
   1.9280000e+03  -4.5328798e+03   1.2589333e+04
   1.9290000e+03  -1.9047464e+04   9.4591838e+03
   1.9300000e+03  -5.9512190e+03  -7.1282959e+03
   1.9310000e+03   1.0326097e+04  -6.7174898e+03
   1.9320000e+03   1.0037678e+04   8.5049766e+03
   1.9330000e+03  -5.7988566e+03   6.8339419e+03
   1.9340000e+03  -1.1694006e+04  -6.1842544e+03
   1.9350000e+03   7.5574222e+02  -1.6995945e+03
   1.9360000e+03   6.5075219e+03   1.3994187e+04
   1.9370000e+03  -1.0694904e+02   1.4291562e+04
   1.9380000e+03  -1.4128458e+03   2.1302969e+03
   1.9390000e+03  -4.0004403e+03   2.4332229e+03
   1.9400000e+03  -2.0762099e+04   9.9420468e+03
   1.9410000e+03  -2.6770647e+04   2.2990370e+03
   1.9420000e+03   3.8564756e+02  -5.3539322e+03
   1.9430000e+03   2.5511857e+04   1.9611258e+03
   1.9440000e+03   1.0500037e+04   2.1405743e+03
   1.9450000e+03  -1.5809036e+04  -7.7993349e+03
   1.9460000e+03  -1.5206772e+04  -8.3600098e+03
   1.9470000e+03  -4.6489496e+03  -6.3392471e+03
   1.9480000e+03  -6.8958343e+03  -1.1902317e+04
   1.9490000e+03  -1.1858579e+04  -9.2672029e+03
   1.9500000e+03  -7.3167316e+02   8.0992361e+03
   1.9510000e+03   2.4446823e+04   1.9304011e+04
   1.9520000e+03   2.5263399e+04   1.2078685e+04
   1.9530000e+03  -1.4768428e+04  -2.6029242e+03
   1.9540000e+03  -4.4558900e+04  -7.0952923e+03
   1.9550000e+03  -2.8565793e+04   5.2248480e+03
   1.9560000e+03   5.2665244e+03   1.0620206e+04
   1.9570000e+03   2.2344016e+04  -5.6805302e+03
   1.9580000e+03   1.2898220e+04  -8.0408898e+03
   1.9590000e+03  -8.5296100e+03   1.3819211e+04
   1.9600000e+03  -1.6621206e+04   1.1926549e+04
   1.9610000e+03  -9.2885352e+03  -1.9339210e+04
   1.9620000e+03  -4.6381308e+03  -3.2156810e+04
   1.9630000e+03  -3.9898206e+03  -1.9868340e+04
   1.9640000e+03   2.3691179e+03  -1.0773689e+04
   1.9650000e+03   4.9650923e+03  -6.9374938e+03
   1.9660000e+03  -4.6518965e+03  -3.2790006e+03
   1.9670000e+03  -9.1590764e+03  -7.0764023e+03
   1.9680000e+03   1.6476928e+03  -1.1597414e+04
   1.9690000e+03   8.0074903e+03  -6.3732561e+03
   1.9700000e+03  -4.3475582e+03  -2.3728768e+03
   1.9710000e+03  -1.4540315e+04  -8.0265278e+03
   1.9720000e+03  -1.4192101e+03  -7.1464295e+03
   1.9730000e+03   1.3024869e+04   7.9870967e+03
   1.9740000e+03   2.4827755e+03   1.4573979e+04
   1.9750000e+03  -1.1374710e+04  -5.5667452e+02
   1.9760000e+03  -4.4243049e+03  -1.7137414e+04
   1.9770000e+03   4.7813769e+03  -1.2784517e+04
   1.9780000e+03   1.7935412e+03   5.9409418e+03
   1.9790000e+03  -2.2071788e+03   9.1234067e+03
   1.9800000e+03  -1.5963863e+03  -9.5868150e+03
   1.9810000e+03   5.7292959e+03  -1.8234170e+04
   1.9820000e+03   1.4719304e+04  -4.4846116e+03
   1.9830000e+03   1.0587218e+04   7.2639449e+03
   1.9840000e+03   2.3720473e+03   1.6562892e+03
   1.9850000e+03   9.4613674e+02  -9.4210581e+03
   1.9860000e+03  -5.0061447e+03  -4.5268519e+03
   1.9870000e+03  -3.1244858e+03   1.0868698e+04
   1.9880000e+03   1.9231499e+04   7.7253262e+03
   1.9890000e+03   2.9029496e+04  -6.2924016e+03
   1.9900000e+03   9.5768602e+03   1.2239257e+03
   1.9910000e+03  -1.0681764e+04   2.2525963e+04
   1.9920000e+03  -1.2546487e+04   2.2410529e+04
   1.9930000e+03   2.2009476e+02  -7.1880150e+03
   1.9940000e+03   1.7586884e+04  -2.8364624e+04
   1.9950000e+03   2.3792601e+04  -9.4820872e+03
   1.9960000e+03   8.1931009e+03   2.0939011e+04
   1.9970000e+03  -1.1538109e+04   2.3974608e+04
   1.9980000e+03  -7.0034650e+03   1.3148424e+03
   1.9990000e+03   1.0085909e+04  -2.2445722e+04
   2.0000000e+03   5.9971645e+03  -1.8756799e+04
