   1.0274000e+02   2.5123000e+01
   1.0367140e+02   2.4886100e+01
   0.0000000e+00  -1.3866409e+06  -1.3866409e+06
   1.0000000e+00   1.8465041e+05  -1.1050314e+06
   2.0000000e+00   1.3658973e+06   6.2848734e+05
   3.0000000e+00   8.5123875e+05   1.4030036e+06
   4.0000000e+00  -5.1740921e+05   6.8704698e+05
   5.0000000e+00  -1.0837698e+06  -4.9876126e+05
   6.0000000e+00  -2.3624328e+05  -1.1621411e+06
   7.0000000e+00   7.9204385e+05  -5.3242498e+05
   8.0000000e+00   5.5689791e+05   7.7465816e+05
   9.0000000e+00  -4.2842230e+05   1.0324236e+06
   1.0000000e+01  -5.9674077e+05  -5.3211501e+04
   1.1000000e+01   6.1491866e+04  -8.9183387e+05
   1.2000000e+01   4.1286375e+05  -5.1496694e+05
   1.3000000e+01   1.3240153e+05   4.0491895e+05
   1.4000000e+01  -2.3023648e+05   7.0554021e+05
   1.5000000e+01  -2.6986019e+05  -1.0036569e+03
   1.6000000e+01  -1.0094158e+05  -6.8080923e+05
   1.7000000e+01   1.3568208e+05  -4.0158625e+05
   1.8000000e+01   2.9911279e+05   4.5320159e+05
   1.9000000e+01   1.6849964e+05   8.4790284e+05
   2.0000000e+01  -1.9060741e+05  -5.3188515e+03
   2.1000000e+01  -4.0656988e+05  -1.0377976e+06
   2.2000000e+01  -1.4305965e+05  -5.3390772e+05
   2.3000000e+01   2.5805900e+05   7.5417988e+05
   2.4000000e+01   1.8602963e+05   9.1076691e+05
   2.5000000e+01  -1.6979816e+05  -2.3061918e+05
   2.6000000e+01  -1.8128221e+05  -1.0239606e+06
   2.7000000e+01   2.4412387e+05  -4.9630026e+05
   2.8000000e+01   3.6500563e+05   2.8925490e+05
   2.9000000e+01  -1.7941478e+05   4.0347256e+05
   3.0000000e+01  -5.1076627e+05   1.2451680e+05
   3.1000000e+01   1.8888223e+03   1.3654684e+04
   3.2000000e+01   7.2803237e+05   7.5962976e+05
   3.3000000e+01   6.3028582e+05   1.7624477e+06
   3.4000000e+01  -2.8475832e+05   5.6934591e+05
   3.5000000e+01  -8.4652395e+05  -2.3031151e+06
   3.6000000e+01  -3.8817159e+05  -2.1187100e+06
   3.7000000e+01   4.0123359e+05   1.0574950e+06
   3.8000000e+01   4.0248393e+05   1.3903794e+06
   3.9000000e+01  -2.4300711e+05  -1.0180069e+06
   4.0000000e+01  -4.7470281e+05  -1.1251132e+06
   4.1000000e+01  -2.1134766e+05   4.5237108e+05
   4.2000000e+01   1.4822018e+05   3.5801295e+05
   4.3000000e+01   3.0170238e+05  -6.4732284e+05
   4.4000000e+01  -7.1880021e+04  -5.5748110e+05
   4.5000000e+01  -4.0243720e+05   3.2959030e+05
   4.6000000e+01  -5.7281850e+04   6.7905257e+05
   4.7000000e+01   4.4214002e+05   2.7103490e+05
   4.8000000e+01   3.5815204e+05   8.7020835e+04
   4.9000000e+01  -1.1940522e+05   2.1523098e+05
   5.0000000e+01  -2.8401117e+05  -6.8518874e+04
   5.1000000e+01  -3.8673049e+04  -2.5315187e+05
   5.2000000e+01   2.3914372e+05   1.3504706e+05
   5.3000000e+01   2.6802413e+05   3.4588871e+05
   5.4000000e+01   3.3804467e+04   1.3651675e+05
   5.5000000e+01  -1.9857401e+05  -1.1236066e+05
   5.6000000e+01  -2.4241687e+05  -2.4342896e+05
   5.7000000e+01  -1.3055724e+04  -1.5083062e+05
   5.8000000e+01   2.4152068e+05   1.0188525e+04
   5.9000000e+01   9.1388285e+04  -4.3713160e+04
   6.0000000e+01  -2.3184669e+05  -1.1371960e+05
   6.1000000e+01  -2.3132504e+05   3.7665436e+04
   6.2000000e+01   1.1789269e+05   1.4018884e+05
   6.3000000e+01   3.4418063e+05   4.9515039e+04
   6.4000000e+01   1.0070539e+05  -7.7482959e+04
   6.5000000e+01  -2.4720929e+05  -1.7467430e+05
   6.6000000e+01  -2.3677272e+05  -4.5995971e+04
   6.7000000e+01   9.7835926e+04   2.7000950e+05
   6.8000000e+01   3.1513838e+05   2.6368417e+05
   6.9000000e+01   1.6181343e+05  -1.1492879e+05
   7.0000000e+01  -9.6027671e+04  -2.6106864e+05
   7.1000000e+01  -2.3447944e+05   1.0799169e+04
   7.2000000e+01  -1.2029700e+05   1.7671093e+05
   7.3000000e+01   1.6031968e+05   9.9977778e+04
   7.4000000e+01   2.0166431e+05  -1.7874874e+04
   7.5000000e+01  -3.0316078e+02  -1.8070257e+05
   7.6000000e+01  -1.5757228e+05  -1.0436943e+05
   7.7000000e+01  -1.1945418e+05   1.5063858e+05
   7.8000000e+01   7.7983399e+04   1.1902282e+05
   7.9000000e+01   1.8726093e+05   2.4589983e+03
   8.0000000e+01   4.6983395e+04   3.2456413e+04
   8.1000000e+01  -1.5124553e+05   3.7004956e+04
   8.2000000e+01  -8.0131394e+04  -1.1913012e+04
   8.3000000e+01   9.4606168e+04  -6.6749140e+03
   8.4000000e+01   7.1921852e+04   7.0523295e+03
   8.5000000e+01   1.0509720e+04  -6.8328195e+04
   8.6000000e+01  -3.4309019e+04  -2.0865741e+04
   8.7000000e+01  -8.3952740e+04   1.2104291e+05
   8.8000000e+01  -4.1463075e+04   3.4459183e+04
   8.9000000e+01   4.5854796e+04  -1.1097897e+05
   9.0000000e+01   6.3826918e+04  -7.7799959e+04
   9.1000000e+01  -7.0435938e+04   2.3146232e+04
   9.2000000e+01  -1.4181362e+05  -1.8775675e+04
   9.3000000e+01   3.8765390e+04  -1.2072951e+05
   9.4000000e+01   1.9375838e+05   5.8324015e+04
   9.5000000e+01   5.6944443e+04   2.4928953e+05
   9.6000000e+01  -2.1765739e+05   1.5745769e+04
   9.7000000e+01  -1.8508754e+05  -2.5065882e+05
   9.8000000e+01   1.2011549e+05  -8.0695015e+04
   9.9000000e+01   2.4063726e+05   1.9539876e+05
   1.0000000e+02   1.1253021e+05   1.1959515e+05
   1.0100000e+02  -1.2503739e+05  -8.1252876e+04
   1.0200000e+02  -2.1308747e+05  -1.3057897e+05
   1.0300000e+02  -1.7281101e+04  -6.3032595e+04
   1.0400000e+02   1.4015541e+05   8.6930569e+04
   1.0500000e+02   7.5951174e+04   7.9421460e+04
   1.0600000e+02  -1.0270147e+05  -1.2829205e+05
   1.0700000e+02  -1.7806552e+05  -1.7095986e+05
   1.0800000e+02  -3.1778131e+04   4.6199179e+04
   1.0900000e+02   1.4267788e+05   1.8632114e+05
   1.1000000e+02   1.0962499e+05   2.3149072e+04
   1.1100000e+02  -1.0433702e+05  -1.0803132e+05
   1.1200000e+02  -1.5829821e+05  -5.7806745e+02
   1.1300000e+02   1.0395294e+04   5.4973696e+04
   1.1400000e+02   1.1649654e+05   1.8450780e+04
   1.1500000e+02   9.7065179e+04   9.9353946e+02
   1.1600000e+02  -2.9596071e+04  -1.0990534e+04
   1.1700000e+02  -1.0942863e+05   2.1656898e+04
   1.1800000e+02  -1.6882989e+04   3.0767003e+04
   1.1900000e+02   5.4557270e+04  -8.5596205e+04
   1.2000000e+02   3.6665672e+04  -1.3947212e+05
   1.2100000e+02  -2.1483381e+03   1.2766780e+04
   1.2200000e+02  -2.6271803e+04   9.3633421e+04
   1.2300000e+02  -4.3462932e+04   1.8548348e+04
   1.2400000e+02  -2.8430365e+04  -4.9424405e+04
   1.2500000e+02   5.6104286e+04  -1.0730796e+05
   1.2600000e+02   5.3386913e+04  -1.7655712e+04
   1.2700000e+02  -2.4678136e+04   1.2163838e+05
   1.2800000e+02  -6.9182664e+04   5.5628919e+04
   1.2900000e+02  -7.5222878e+04  -3.0519118e+04
   1.3000000e+02   3.8890304e+04  -2.1659432e+04
   1.3100000e+02   1.2089024e+05   2.2384884e+04
   1.3200000e+02   3.2351777e+04   5.2140451e+04
   1.3300000e+02  -1.0611490e+05   1.8217588e+04
   1.3400000e+02  -1.4268127e+05  -3.1512947e+04
   1.3500000e+02   2.0512633e+04  -7.7022859e+04
   1.3600000e+02   1.4711351e+05  -3.8125354e+04
   1.3700000e+02   5.8406034e+04   3.2694784e+04
   1.3800000e+02  -5.2091270e+04   8.9731125e+03
   1.3900000e+02  -2.5969147e+04  -9.2738377e+03
   1.4000000e+02   7.5171000e+04  -2.2510158e+04
   1.4100000e+02   5.4299759e+04  -2.3396645e+04
   1.4200000e+02  -3.4659260e+04   1.1218187e+04
   1.4300000e+02  -4.5888660e+04   2.1413833e+04
   1.4400000e+02   3.0997058e+03   5.4908637e+04
   1.4500000e+02   8.3510931e+04   5.0564120e+04
   1.4600000e+02   4.3518196e+04  -1.3929663e+02
   1.4700000e+02  -5.3469657e+04  -5.6561560e+03
   1.4800000e+02  -3.5459283e+04   2.0019094e+04
   1.4900000e+02  -9.6759038e+03   4.0265368e+04
   1.5000000e+02   1.9646906e+03  -4.6164562e+03
   1.5100000e+02   7.6017271e+03  -2.5014583e+04
   1.5200000e+02   4.1420337e+03  -3.6393313e+03
   1.5300000e+02   2.2057080e+04  -1.4221370e+04
   1.5400000e+02   1.4041929e+04   2.6008290e+04
   1.5500000e+02  -6.7208039e+03   2.5386189e+04
   1.5600000e+02  -1.1738465e+04  -1.5909820e+04
   1.5700000e+02   4.4229319e+04   5.0395927e+03
   1.5800000e+02   6.6444259e+04  -2.2086927e+04
   1.5900000e+02  -2.7074059e+04  -3.7112453e+04
   1.6000000e+02  -4.5515364e+04   3.1748306e+04
   1.6100000e+02   1.9545076e+03   5.7227350e+04
   1.6200000e+02   3.5967905e+04  -8.9096940e+03
   1.6300000e+02   4.1039086e+04  -4.1632751e+04
   1.6400000e+02  -5.3174449e+04   1.2084068e+04
   1.6500000e+02  -7.8290254e+04   2.1021009e+04
   1.6600000e+02   1.6861277e+04   6.8943440e+03
   1.6700000e+02   5.9510656e+04  -1.6660599e+04
   1.6800000e+02   1.4314292e+04  -5.3878134e+04
   1.6900000e+02  -2.9136000e+04   1.8866034e+04
   1.7000000e+02  -2.5386717e+03   6.8297626e+04
   1.7100000e+02   1.1746204e+04   1.9598215e+04
   1.7200000e+02   7.7301749e+03  -2.9798100e+04
   1.7300000e+02  -3.4455155e+03  -6.4171684e+04
   1.7400000e+02  -4.7502568e+04  -9.3566812e+03
   1.7500000e+02  -1.0237058e+04   5.8384503e+04
   1.7600000e+02   5.1348865e+04   3.3644701e+04
   1.7700000e+02   3.1429303e+04  -2.4713456e+04
   1.7800000e+02  -4.7746043e+04  -2.8718191e+04
   1.7900000e+02  -1.0177819e+05   3.0993683e+04
   1.8000000e+02  -1.2593082e+04   1.4072705e+04
   1.8100000e+02   5.3049581e+04  -2.7586426e+04
   1.8200000e+02  -1.4771996e+04  -5.0352293e+03
   1.8300000e+02  -3.6879921e+04  -9.6863008e+03
   1.8400000e+02   3.3456049e+04  -2.1037696e+04
   1.8500000e+02   6.0942110e+04  -2.4376043e+04
   1.8600000e+02  -3.6029547e+04  -8.4177632e+03
   1.8700000e+02  -8.4051074e+04  -1.0731871e+03
   1.8800000e+02  -1.9104624e+04  -3.6888245e+04
   1.8900000e+02   4.5333067e+04  -7.9720031e+03
   1.9000000e+02   9.4860605e+04   4.9211035e+04
   1.9100000e+02   2.1756854e+04   6.6239117e+04
   1.9200000e+02  -8.3958547e+04   1.9879169e+04
   1.9300000e+02  -5.7313494e+04  -5.8897031e+04
   1.9400000e+02  -5.9482006e+03  -3.7878744e+04
   1.9500000e+02   4.1078735e+04  -9.0014109e+02
   1.9600000e+02   2.9093045e+04   1.2664373e+04
   1.9700000e+02  -5.6754466e+04   4.7386081e+04
   1.9800000e+02  -6.5254217e+04   2.1782160e+04
   1.9900000e+02   2.6095737e+04  -4.2512377e+04
   2.0000000e+02   8.3660204e+04  -8.5996189e+04
   2.0100000e+02   8.4694258e+02  -2.4839839e+04
   2.0200000e+02  -6.5158753e+04   6.2106836e+04
   2.0300000e+02  -3.1666427e+04   1.2098372e+03
   2.0400000e+02   9.2379324e+03  -6.8558014e+04
   2.0500000e+02   6.5076347e+04  -3.5014436e+04
   2.0600000e+02   2.5298237e+04   4.9123347e+04
   2.0700000e+02  -4.9625993e+04   7.8814387e+04
   2.0800000e+02   4.1690026e+02  -3.6228105e+03
   2.0900000e+02   4.1851018e+04  -7.3377853e+04
   2.1000000e+02   1.0885124e+04  -5.9803441e+04
   2.1100000e+02  -3.7614222e+04   4.2978094e+04
   2.1200000e+02  -1.9623990e+04   1.0627356e+05
   2.1300000e+02   3.2199252e+04   2.3258468e+04
   2.1400000e+02   1.6144918e+03  -5.0345167e+04
   2.1500000e+02  -2.6720279e+04  -7.2025377e+04
   2.1600000e+02  -1.0760248e+04  -3.6931473e+04
   2.1700000e+02   2.9142807e+04   3.4653894e+04
   2.1800000e+02   2.2077942e+04   3.6698575e+04
   2.1900000e+02  -4.6152769e+04   3.3929495e+04
   2.2000000e+02  -2.9613931e+03   2.9471967e+04
   2.2100000e+02   6.1778237e+04  -5.6896782e+03
   2.2200000e+02   3.7570779e+04  -3.4846024e+04
   2.2300000e+02  -9.7223247e+03  -4.0225603e+04
   2.2400000e+02  -5.4046436e+04  -1.8242423e+03
   2.2500000e+02  -5.0009288e+03   2.6603331e+04
   2.2600000e+02   6.3414999e+04   6.0808653e+04
   2.2700000e+02   5.2854042e+04   4.4054249e+04
   2.2800000e+02   9.7394818e+03  -4.2722344e+04
   2.2900000e+02  -3.3786510e+04  -2.9706608e+04
   2.3000000e+02  -1.8231573e+04  -1.2905046e+04
   2.3100000e+02   1.6530495e+04  -2.8937747e+04
   2.3200000e+02   3.7325750e+04   3.0406871e+04
   2.3300000e+02   9.2632357e+03   6.1401076e+04
   2.3400000e+02  -6.3304114e+04   3.2518810e+04
   2.3500000e+02  -4.3866914e+04  -1.9513336e+04
   2.3600000e+02  -1.5553806e+04  -4.1432968e+04
   2.3700000e+02   7.1154737e+03  -7.6840606e+03
   2.3800000e+02   7.0150648e+04   2.7070533e+04
   2.3900000e+02   2.2561940e+04   2.3534266e+04
   2.4000000e+02  -4.7765023e+04  -4.1312595e+04
   2.4100000e+02  -1.6247515e+04  -2.2300531e+04
   2.4200000e+02   4.7793320e+04   6.2677479e+04
   2.4300000e+02   4.9536059e+04   4.1395325e+04
   2.4400000e+02  -1.3235091e+04  -2.9163670e+03
   2.4500000e+02  -2.0102268e+04  -4.2538940e+04
   2.4600000e+02   7.6229598e+03  -4.6410662e+04
   2.4700000e+02   2.6950006e+04   1.2447459e+04
   2.4800000e+02   9.9611940e+03   3.4145347e+04
   2.4900000e+02  -4.5462693e+04   4.3078005e+04
   2.5000000e+02  -1.8996894e+04   1.3605080e+04
   2.5100000e+02   4.2932108e+03  -3.7508842e+04
   2.5200000e+02  -5.5926487e+03  -3.3226086e+04
   2.5300000e+02   2.2860261e+04  -1.5280218e+04
   2.5400000e+02   3.5674702e+03   5.4742770e+02
   2.5500000e+02  -2.8842571e+04  -3.2832823e+03
   2.5600000e+02  -4.1544622e+04   2.1912244e+04
   2.5700000e+02  -2.7491647e+04   3.8636450e+04
   2.5800000e+02   2.9593080e+04  -1.7653881e+04
   2.5900000e+02   5.1335743e+04  -2.0873696e+04
   2.6000000e+02   9.6213695e+03  -4.6747082e+03
   2.6100000e+02  -7.8323006e+04  -2.7995223e+03
   2.6200000e+02  -7.3945037e+04   1.7086763e+04
   2.6300000e+02   2.9932738e+04   3.9813202e+03
   2.6400000e+02   6.4524874e+04   4.3657629e+02
   2.6500000e+02   3.3660133e+04  -1.2917581e+04
   2.6600000e+02  -5.1935476e+04  -2.0405459e+04
   2.6700000e+02  -7.7958240e+04   1.0439668e+04
   2.6800000e+02   1.0392254e+04   8.0157508e+03
   2.6900000e+02   3.4577010e+04  -1.3881406e+04
   2.7000000e+02   1.3332984e+04  -2.7195044e+04
   2.7100000e+02   2.3622859e+03   1.5070955e+04
   2.7200000e+02   1.7888421e+03   2.6797497e+04
   2.7300000e+02   6.4763192e+03  -4.9510993e+04
   2.7400000e+02  -2.1455524e+04  -3.6278849e+04
   2.7500000e+02  -2.5099437e+04   1.2222640e+04
   2.7600000e+02  -2.3279398e+04   1.9876629e+04
   2.7700000e+02  -9.2842357e+03   2.2623842e+04
   2.7800000e+02   1.9760618e+04  -1.3285479e+04
   2.7900000e+02   1.6994850e+04  -1.7101882e+04
   2.8000000e+02   2.8875402e+04  -7.6781061e+03
   2.8100000e+02  -2.4031190e+04  -1.0333240e+04
   2.8200000e+02  -7.7734403e+04   1.0131401e+04
   2.8300000e+02  -2.1605496e+03   2.1465184e+04
   2.8400000e+02   5.7751088e+04   1.5873255e+04
   2.8500000e+02   4.8874265e+04  -3.6269550e+04
   2.8600000e+02   5.4132615e+03  -4.7733134e+04
   2.8700000e+02  -1.5072333e+04  -2.4082522e+03
   2.8800000e+02   1.2878416e+04   1.1579177e+04
   2.8900000e+02   1.6926293e+04   4.6102205e+04
   2.9000000e+02   5.1892947e+03   3.7699231e+04
   2.9100000e+02  -2.1145135e+04  -2.6295888e+03
   2.9200000e+02  -1.1302608e+04  -1.6769580e+04
   2.9300000e+02   8.0077513e+03  -6.4436236e+04
   2.9400000e+02  -2.6282459e+04  -4.9707090e+04
   2.9500000e+02  -2.4560492e+03   2.4141183e+04
   2.9600000e+02   2.2134011e+04   5.9764555e+04
   2.9700000e+02   1.9668914e+04   4.0029132e+04
   2.9800000e+02   3.5118237e+04  -5.6275123e+03
   2.9900000e+02  -4.7076590e+03  -8.1785243e+03
   3.0000000e+02  -1.5915048e+04  -1.8170135e+04
   3.0100000e+02   9.8416032e+03  -1.5398242e+04
   3.0200000e+02   7.9337360e+03   7.1896375e+03
   3.0300000e+02   6.6836062e+02  -3.6760060e+02
   3.0400000e+02  -7.6164421e+03   2.9142532e+04
   3.0500000e+02   7.7887073e+03   2.1443443e+04
   3.0600000e+02   2.9977879e+03  -6.5876418e+03
   3.0700000e+02   2.9335265e+03   1.3246355e+04
   3.0800000e+02   4.1661745e+03  -1.0007939e+04
   3.0900000e+02  -3.8996089e+04  -3.0856302e+04
   3.1000000e+02  -2.3358202e+04  -4.5334723e+04
   3.1100000e+02   3.1580319e+03  -4.2821949e+04
   3.1200000e+02   2.6055955e+04   3.3630624e+04
   3.1300000e+02   5.9886461e+04   8.5205729e+04
   3.1400000e+02   6.3025477e+03   5.1984742e+04
   3.1500000e+02  -2.0304640e+04  -2.2358159e+04
   3.1600000e+02   5.2400505e+03  -2.4981100e+04
   3.1700000e+02   6.4024485e+03  -3.8074369e+02
   3.1800000e+02   1.1215161e+04  -2.2470132e+04
   3.1900000e+02   7.3616577e+03   7.7601214e+03
   3.2000000e+02   5.7036578e+03   1.8253774e+04
   3.2100000e+02  -3.5356043e+03   9.5603952e+03
   3.2200000e+02   4.3141486e+03   3.9852704e+04
   3.2300000e+02   2.5100370e+02   1.4313082e+04
   3.2400000e+02  -4.2580176e+04  -9.2843432e+03
   3.2500000e+02  -1.3959084e+04  -1.4580027e+04
   3.2600000e+02   2.9113073e+03  -2.8803092e+04
   3.2700000e+02  -1.3523777e+04  -1.2558608e+04
   3.2800000e+02   5.9125844e+03   2.2656401e+04
   3.2900000e+02  -1.0720197e+04   4.4621631e+04
   3.3000000e+02  -6.1719308e+03  -4.2885341e+03
   3.3100000e+02   1.1327218e+04  -3.4063168e+04
   3.3200000e+02  -8.1940430e+03  -1.7944383e+04
   3.3300000e+02  -1.1246624e+04  -1.3386765e+04
   3.3400000e+02   6.7006372e+03   4.1477638e+04
   3.3500000e+02   2.4231453e+04   3.5240190e+04
   3.3600000e+02  -8.2123133e+03  -2.8742269e+04
   3.3700000e+02  -1.6169794e+04  -3.6450408e+04
   3.3800000e+02   2.0036528e+03  -4.3996234e+04
   3.3900000e+02  -2.6125461e+04  -1.7071768e+03
   3.4000000e+02  -3.2479850e+02   5.8181180e+04
   3.4100000e+02   1.6068570e+04   3.8856642e+04
   3.4200000e+02   3.8896114e+03  -1.7893262e+04
   3.4300000e+02   2.0891746e+04  -3.4920448e+04
   3.4400000e+02  -1.9257569e+04   4.9780372e+03
   3.4500000e+02  -2.9520075e+04   6.0608343e+03
   3.4600000e+02   1.3928319e+04   4.8022309e+03
   3.4700000e+02   2.4120252e+04   7.8355196e+03
   3.4800000e+02   1.7835443e+04  -2.5555703e+04
   3.4900000e+02   8.5245362e+03   3.1253593e+03
   3.5000000e+02  -3.7347264e+03   3.1576971e+03
   3.5100000e+02  -3.9278899e+04  -2.8849138e+04
   3.5200000e+02  -1.0658695e+04  -2.2369956e+03
   3.5300000e+02   4.8886015e+04  -5.9041041e+03
   3.5400000e+02   1.2146277e+04  -3.3912941e+03
   3.5500000e+02  -1.8981337e+04   1.2507192e+04
   3.5600000e+02  -3.7414811e+04  -1.3426108e+03
   3.5700000e+02  -3.1175443e+04  -2.1143743e+04
   3.5800000e+02   2.1853425e+04  -2.5424763e+04
   3.5900000e+02   6.2166962e+02   1.4676574e+04
   3.6000000e+02  -3.2488824e+04   2.5943213e+04
   3.6100000e+02  -2.2855741e+04   1.6338052e+04
   3.6200000e+02   3.1215441e+03   2.3981049e+02
   3.6300000e+02   2.3100980e+04  -2.8556091e+04
   3.6400000e+02   7.4198943e+03   6.7200585e+03
   3.6500000e+02   4.2135548e+03  -9.2042106e+03
   3.6600000e+02  -1.5346573e+04  -4.9722886e+04
   3.6700000e+02  -1.9298569e+04  -4.9616582e+03
   3.6800000e+02   6.5174722e+03   4.4535997e+03
   3.6900000e+02   1.3072882e+04   1.7382040e+02
   3.7000000e+02   4.7146490e+04   1.3722149e+04
   3.7100000e+02   5.1932771e+03   1.5223527e+04
   3.7200000e+02  -5.5435726e+04   9.9241299e+03
   3.7300000e+02   5.2149179e+03  -2.5128258e+04
   3.7400000e+02   4.4305631e+04  -4.4275427e+04
   3.7500000e+02   2.8714207e+04  -2.1401064e+04
   3.7600000e+02  -2.2239133e+04   5.0734692e+04
   3.7700000e+02  -6.5738423e+04   6.9332182e+04
   3.7800000e+02  -2.0725377e+04  -8.1088951e+03
   3.7900000e+02   3.4487388e+04  -1.7469749e+04
   3.8000000e+02   3.5780455e+04   2.6137414e+02
   3.8100000e+02  -1.1093236e+04   1.1106837e+04
   3.8200000e+02  -1.8154998e+04   3.5499025e+04
   3.8300000e+02  -1.8844363e+03  -7.0369601e+03
   3.8400000e+02  -1.6884311e+04  -2.5664520e+04
   3.8500000e+02   2.6957617e+04   9.4003542e+03
   3.8600000e+02   3.5178318e+04   2.3790868e+04
   3.8700000e+02   3.5257853e+03  -5.8646043e+03
   3.8800000e+02   2.6834790e+04  -3.6933974e+04
   3.8900000e+02   1.6427841e+04   3.9587984e+03
   3.9000000e+02   1.0762347e+04   3.2949017e+04
   3.9100000e+02   1.9672527e+04   2.8050187e+04
   3.9200000e+02   9.8411218e+03  -8.3330580e+03
   3.9300000e+02   1.2356522e+04  -5.8446074e+04
   3.9400000e+02   1.6023870e+02  -4.4666688e+03
   3.9500000e+02  -1.6360608e+04   3.0099698e+04
   3.9600000e+02  -3.1640094e+04   1.7204222e+04
   3.9700000e+02   4.4543642e+03   3.9747022e+04
   3.9800000e+02   3.0023622e+04   6.1809218e+03
   3.9900000e+02  -3.2701320e+04  -2.1196375e+04
   4.0000000e+02  -3.0462049e+04  -1.0692718e+03
   4.0100000e+02   2.9521923e+02   5.5304041e+03
   4.0200000e+02   1.3766792e+03  -1.1239505e+04
   4.0300000e+02   1.6539538e+04  -2.0590128e+04
   4.0400000e+02  -7.0599075e+03   1.4695524e+04
   4.0500000e+02   8.5797733e+02   1.5411082e+04
   4.0600000e+02   3.0788681e+04   1.0388731e+04
   4.0700000e+02   2.1656671e+04   1.2905839e+04
   4.0800000e+02   7.7339728e+03  -3.0938370e+04
   4.0900000e+02  -8.6174929e+03  -2.0846132e+04
   4.1000000e+02  -9.4007725e+03  -1.1132735e+03
   4.1100000e+02  -1.9589783e+04   4.1709607e+02
   4.1200000e+02  -3.3545910e+03   2.2702367e+04
   4.1300000e+02   1.6151093e+04   2.2905718e+03
   4.1400000e+02  -2.2138612e+04  -1.3529149e+04
   4.1500000e+02  -1.9078329e+04  -1.5238629e+04
   4.1600000e+02  -2.1269292e+04  -3.5612058e+03
   4.1700000e+02  -2.1115526e+04   2.2281986e+04
   4.1800000e+02   2.8905945e+04   1.2155241e+04
   4.1900000e+02   1.0888242e+04   2.3150807e+02
   4.2000000e+02  -9.2430786e+03  -1.5720381e+04
   4.2100000e+02   1.2905058e+04   5.6513969e+03
   4.2200000e+02   1.2390277e+04   2.4871264e+04
   4.2300000e+02  -1.1319480e+04  -2.0299566e+04
   4.2400000e+02  -2.5324229e+04  -1.0872719e+04
   4.2500000e+02  -1.3316368e+03  -4.8173945e+03
   4.2600000e+02  -1.4757945e+04  -2.1085610e+04
   4.2700000e+02  -2.3368077e+04   2.3885884e+03
   4.2800000e+02  -7.3169407e+03  -1.0000564e+04
   4.2900000e+02  -2.4779638e+04  -6.6971422e+03
   4.3000000e+02   3.3722986e+03   1.7149490e+04
   4.3100000e+02   3.5309344e+03   8.9808713e+03
   4.3200000e+02  -2.0781422e+04  -1.2733614e+04
   4.3300000e+02   9.9102606e+03  -1.6927242e+04
   4.3400000e+02   4.9080287e+03   1.5679545e+04
   4.3500000e+02   1.0788135e+04   1.3363264e+03
   4.3600000e+02   2.7556799e+04  -1.7153282e+04
   4.3700000e+02   8.8955635e+03  -2.6465433e+03
   4.3800000e+02  -2.5895426e+03   8.1468342e+02
   4.3900000e+02  -2.8074492e+03   3.3731180e+04
   4.4000000e+02   1.1843708e+04   3.9257503e+03
   4.4100000e+02  -7.6444484e+03  -3.9633186e+04
   4.4200000e+02  -1.4477637e+04  -5.7639320e+03
   4.4300000e+02  -9.1047076e+03  -4.8274099e+03
   4.4400000e+02  -4.3611526e+04   3.4878677e+03
   4.4500000e+02  -4.6885212e+03   2.2635606e+04
   4.4600000e+02   3.0002289e+04   7.4400258e+03
   4.4700000e+02   9.8251238e+03  -1.2561943e+04
   4.4800000e+02   2.8360845e+03  -2.8599627e+04
   4.4900000e+02  -2.8694981e+04  -9.9855239e+03
   4.5000000e+02  -2.3720337e+03   3.2350635e+03
   4.5100000e+02   4.8929517e+04   2.4737450e+04
   4.5200000e+02   3.0009612e+04   3.1784874e+04
   4.5300000e+02  -2.7819959e+03  -9.7166195e+03
   4.5400000e+02  -9.2498914e+03   2.5280208e+02
   4.5500000e+02   1.3921219e+04  -8.9329701e+03
   4.5600000e+02   6.6823663e+03  -2.6999168e+04
   4.5700000e+02   6.6941882e+03   1.3079973e+04
   4.5800000e+02   1.3405376e+04   1.0024148e+04
   4.5900000e+02  -1.6048520e+04   4.0847951e+03
   4.6000000e+02   1.4406993e+04   2.4953729e+03
   4.6100000e+02   1.1997192e+04  -2.3111762e+04
   4.6200000e+02  -2.9606118e+04  -2.8215418e+04
   4.6300000e+02  -1.8221172e+03  -1.0912899e+04
   4.6400000e+02  -8.6137196e+02   1.6894152e+04
   4.6500000e+02  -9.2610199e+03  -1.1393416e+03
   4.6600000e+02   9.2606864e+03  -4.4975043e+03
   4.6700000e+02   3.2382592e+04   2.0617709e+04
   4.6800000e+02   3.6451844e+04   1.6128035e+04
   4.6900000e+02  -6.9775697e+03   3.7334238e+04
   4.7000000e+02  -1.9110262e+04   9.3058321e+03
   4.7100000e+02  -3.7413545e+03  -2.8991273e+04
   4.7200000e+02   2.3935173e+04   3.2906288e+03
   4.7300000e+02   2.2182953e+04   2.4201027e+03
   4.7400000e+02  -3.0394900e+04   6.6036844e+02
   4.7500000e+02  -6.3909568e+03   3.0774384e+03
   4.7600000e+02   1.2425331e+04  -1.2998138e+04
   4.7700000e+02  -1.0108078e+04  -9.9068610e+03
   4.7800000e+02  -1.7221829e+03   1.0118106e+04
   4.7900000e+02  -2.3165546e+04   2.8151454e+04
   4.8000000e+02  -1.1093234e+04  -1.7979821e+04
   4.8100000e+02   1.9545946e+04  -2.8567199e+04
   4.8200000e+02   2.6576830e+03   1.9437212e+04
   4.8300000e+02  -8.5808661e+03   1.8407066e+04
   4.8400000e+02   1.4875569e+03   2.6812089e+04
   4.8500000e+02   2.1100473e+04   6.4573818e+03
   4.8600000e+02   9.1886376e+02  -7.3642172e+03
   4.8700000e+02  -3.4205412e+03   3.3289330e+04
   4.8800000e+02   2.6925763e+03   2.6314197e+03
   4.8900000e+02  -3.0434916e+04  -2.9358062e+04
   4.9000000e+02   6.5992454e+03  -1.2661601e+04
   4.9100000e+02   2.6001671e+04   1.0085257e+04
   4.9200000e+02  -6.6790686e+03   2.7519899e+04
   4.9300000e+02  -2.8948286e+03   1.3616758e+04
   4.9400000e+02  -2.2560124e+04  -5.3173358e+03
   4.9500000e+02  -2.2450304e+04  -4.1112254e+04
   4.9600000e+02  -1.0463267e+04  -2.8126924e+04
   4.9700000e+02  -2.5131732e+04   1.7836602e+04
   4.9800000e+02  -2.3629291e+04  -3.8361287e+03
   4.9900000e+02  -2.0623350e+03  -6.2560244e+03
   5.0000000e+02   4.0059859e+04  -2.1272232e+03
   5.0100000e+02   2.1105767e+04   2.5618690e+03
   5.0200000e+02  -2.0018287e+04   2.2561808e+04
   5.0300000e+02  -1.6756541e+04  -1.1828742e+04
   5.0400000e+02  -4.7694784e+03  -1.1233186e+04
   5.0500000e+02   4.0083339e+04   1.3885395e+04
   5.0600000e+02   2.4508213e+04   3.1363436e+02
   5.0700000e+02  -1.8602146e+04  -3.8536116e+03
   5.0800000e+02  -4.0645970e+02   8.0240229e+03
   5.0900000e+02  -9.2414879e+03   9.9565190e+03
   5.1000000e+02  -7.8974016e+03  -3.5704224e+04
   5.1100000e+02  -1.0414197e+04  -3.1665156e+04
   5.1200000e+02  -3.6527204e+04   1.9330490e+04
   5.1300000e+02  -2.8969970e+04   1.2168711e+04
   5.1400000e+02  -9.8268077e+03   5.7120198e+03
   5.1500000e+02   1.9505713e+04  -2.5456303e+04
   5.1600000e+02   1.1416953e+04  -2.9325289e+04
   5.1700000e+02   2.6334221e+03   2.7156390e+04
   5.1800000e+02   8.1846072e+03   1.1005425e+04
   5.1900000e+02  -1.1772581e+04  -8.9072143e+03
   5.2000000e+02   2.7915755e+04  -8.7407000e+02
   5.2100000e+02   3.5916723e+04  -7.9482812e+03
   5.2200000e+02   5.0062473e+03  -2.3858455e+03
   5.2300000e+02   1.6482876e+04   1.1755722e+04
   5.2400000e+02  -1.8834216e+04   2.2157881e+04
   5.2500000e+02  -2.2714658e+04  -1.0692517e+04
   5.2600000e+02   1.3280727e+04  -1.6921933e+04
   5.2700000e+02  -1.2669857e+03  -2.7762718e+02
   5.2800000e+02  -1.9911013e+04  -1.3831992e+04
   5.2900000e+02  -9.2319268e+03   1.7020385e+04
   5.3000000e+02   1.7997552e+04  -1.6803024e+03
   5.3100000e+02  -2.2725802e+03  -4.4556839e+04
   5.3200000e+02  -6.9176278e+03  -1.4285581e+04
   5.3300000e+02   1.6911295e+04  -9.3358413e+03
   5.3400000e+02  -5.2431825e+03   1.5696690e+03
   5.3500000e+02   1.6340761e+04   1.6822992e+04
   5.3600000e+02   2.3712331e+04   1.8471307e+03
   5.3700000e+02  -1.6954726e+03  -2.6136100e+01
   5.3800000e+02   1.1084221e+04   9.5580982e+03
   5.3900000e+02  -6.8959993e+03   2.1115517e+04
   5.4000000e+02  -2.0131544e+03  -1.5094528e+03
   5.4100000e+02   1.2677969e+04   6.7328792e+03
   5.4200000e+02  -4.8943749e+03   2.2323725e+04
   5.4300000e+02   7.6012750e+03  -1.7214051e+04
   5.4400000e+02   2.2957221e+04  -8.9597644e+02
   5.4500000e+02   1.1827715e+04   3.1843527e+03
   5.4600000e+02  -3.6311140e+04  -1.4362182e+04
   5.4700000e+02  -3.4403279e+04   1.6408617e+04
   5.4800000e+02   1.4993980e+04   8.4267121e+03
   5.4900000e+02   8.1298270e+03  -1.2181570e+03
   5.5000000e+02   7.4291433e+03  -2.2785016e+03
   5.5100000e+02  -1.2456329e+04  -8.9842927e+03
   5.5200000e+02  -2.4253614e+04   2.4878524e+03
   5.5300000e+02   2.0483949e+04   1.1077629e+04
   5.5400000e+02   9.8281697e+03   2.6482216e+04
   5.5500000e+02  -6.9546549e+02   2.5712565e+03
   5.5600000e+02   1.4295049e+04  -1.3777049e+04
   5.5700000e+02   8.7598188e+03  -6.7375096e+03
   5.5800000e+02  -4.9977168e+02  -1.6391367e+04
   5.5900000e+02  -9.8463330e+03   2.4127653e+04
   5.6000000e+02   7.4610046e+03   1.8247492e+04
   5.6100000e+02  -3.5676210e+03  -9.8445697e+03
   5.6200000e+02  -1.4812434e+04   2.8113051e+04
   5.6300000e+02  -4.2588683e+03   1.6220067e+04
   5.6400000e+02  -2.3145455e+04   2.6388819e+03
   5.6500000e+02   1.7617084e+03   1.6676901e+04
   5.6600000e+02   8.5939160e+03   4.3848007e+03
   5.6700000e+02  -9.0206170e+03  -8.7156471e+03
   5.6800000e+02   1.8936926e+04  -4.3802539e+03
   5.6900000e+02   1.6754922e+04   1.5580869e+04
   5.7000000e+02   1.1498675e+04  -3.5438303e+03
   5.7100000e+02  -6.9607797e+03  -1.1091028e+04
   5.7200000e+02  -3.1961848e+04  -8.5170101e+03
   5.7300000e+02  -1.3108074e+03  -3.0541454e+04
   5.7400000e+02   2.7480607e+04   1.1625833e+04
   5.7500000e+02   2.8631967e+04   1.4277156e+04
   5.7600000e+02  -1.1057643e+04  -2.1685725e+04
   5.7700000e+02  -2.4657494e+04  -1.4048389e+03
   5.7800000e+02  -1.3151243e+04  -1.9134418e+04
   5.7900000e+02  -4.4979244e+04  -3.6495635e+04
   5.8000000e+02  -2.1502362e+04  -1.8486641e+04
   5.8100000e+02   9.6789028e+03   5.9357137e+03
   5.8200000e+02   1.6056125e+04   2.3207439e+04
   5.8300000e+02   4.1182843e+04   8.0113659e+03
   5.8400000e+02   8.2811106e+03  -2.4771162e+03
   5.8500000e+02  -2.2669030e+04  -1.6689512e+04
   5.8600000e+02  -1.9741681e+04   1.3305147e+03
   5.8700000e+02  -4.8808574e+03   1.4178463e+04
   5.8800000e+02   1.9523240e+04  -1.3224545e+04
   5.8900000e+02   8.9120893e+03   3.1530072e+04
   5.9000000e+02  -3.6847270e+03   3.7352918e+04
   5.9100000e+02  -1.7284783e+04  -1.7083835e+04
   5.9200000e+02  -4.9286989e+03  -1.9916266e+04
   5.9300000e+02   2.4863684e+03  -2.7727390e+04
   5.9400000e+02  -3.3669629e+04  -7.0262857e+03
   5.9500000e+02   3.0834904e+03   2.1822754e+04
   5.9600000e+02   2.9116547e+04   1.0790766e+04
   5.9700000e+02   1.3834922e+03  -4.8270326e+03
   5.9800000e+02   6.4479379e+02  -2.4282751e+04
   5.9900000e+02  -1.7496177e+04  -2.0691415e+04
   6.0000000e+02  -5.7990566e+03  -1.4384848e+04
   6.0100000e+02   1.6195796e+04   2.5940062e+03
   6.0200000e+02   1.5254453e+03  -2.3419690e+03
   6.0300000e+02  -1.2587696e+04  -3.2588026e+04
   6.0400000e+02  -2.0442478e+04   2.0014905e+04
   6.0500000e+02  -6.1416041e+02   4.6304273e+04
   6.0600000e+02   2.7495682e+03   1.3618911e+04
   6.0700000e+02   1.3489608e+04  -5.8035883e+02
   6.0800000e+02   2.3325446e+04  -2.7038372e+04
   6.0900000e+02  -8.4558661e+03  -1.0845521e+04
   6.1000000e+02   1.2508482e+04   1.2296784e+04
   6.1100000e+02   5.8982366e+03   1.1902763e+04
   6.1200000e+02  -2.6345857e+04   1.9691593e+04
   6.1300000e+02   1.3728192e+04   5.3262263e+03
   6.1400000e+02   3.1396982e+04  -9.1675451e+03
   6.1500000e+02   2.3872723e+04  -2.6415964e+04
   6.1600000e+02  -5.0696948e+03  -1.0455131e+03
   6.1700000e+02  -3.1188751e+04   2.3957400e+04
   6.1800000e+02  -5.7905904e+03  -1.2548293e+04
   6.1900000e+02   1.6183243e+04   3.1645045e+03
   6.2000000e+02   1.9461826e+04   1.3846368e+04
   6.2100000e+02  -1.7073425e+04   6.7633598e+03
   6.2200000e+02  -1.7246641e+04   2.0438732e+04
   6.2300000e+02   1.9505934e+04  -2.3467155e+04
   6.2400000e+02  -1.1907628e+03  -3.6636315e+04
   6.2500000e+02   5.7228958e+03  -6.1974063e+03
   6.2600000e+02   5.7864456e+02   1.6436062e+04
   6.2700000e+02  -1.9258436e+04   3.3459435e+04
   6.2800000e+02   1.8865130e+04   1.1742422e+04
   6.2900000e+02   2.4399682e+04  -1.0864206e+04
   6.3000000e+02   1.5499236e+04  -2.4787307e+04
   6.3100000e+02   4.2878979e+03  -2.4501445e+03
   6.3200000e+02  -1.8368651e+04   1.5577175e+04
   6.3300000e+02  -2.0830961e+04  -7.9255832e+03
   6.3400000e+02  -8.9448474e+03   1.9457677e+04
   6.3500000e+02   2.4162356e+04   1.3026834e+04
   6.3600000e+02   1.9415192e+04  -1.5511402e+04
   6.3700000e+02   1.9044361e+04   4.5393367e+03
   6.3800000e+02   1.4841223e+04  -1.5357467e+04
   6.3900000e+02  -3.9576448e+04  -1.5556531e+04
   6.4000000e+02  -9.5938319e+03   1.2894907e+04
   6.4100000e+02   1.8486045e+04   2.0691716e+04
   6.4200000e+02  -7.5541040e+03   1.3023882e+04
   6.4300000e+02  -1.7582844e+03  -7.0299575e+03
   6.4400000e+02  -2.5637277e+04   3.3467720e+03
   6.4500000e+02  -1.8802221e+04   2.3658204e+03
   6.4600000e+02   1.9976503e+04   1.1529623e+04
   6.4700000e+02   1.3629893e+04   1.5014516e+04
   6.4800000e+02  -1.5976821e+04  -2.5631013e+04
   6.4900000e+02  -3.9561711e+04  -7.7133846e+03
   6.5000000e+02  -1.9945224e+04  -5.5270415e+03
   6.5100000e+02  -2.6058477e+03  -1.0252275e+04
   6.5200000e+02   2.8469093e+04   3.7646822e+04
   6.5300000e+02   3.5986031e+04   1.3877546e+04
   6.5400000e+02  -3.0260864e+04  -2.4655744e+04
   6.5500000e+02  -9.0435337e+03  -2.3254698e+04
   6.5600000e+02   3.7172197e+04  -7.8475857e+03
   6.5700000e+02   1.3843735e+04   1.2049349e+04
   6.5800000e+02  -6.4276759e+03   4.2584441e+03
   6.5900000e+02  -2.7765216e+04   4.9938189e+02
   6.6000000e+02  -4.6523258e+03  -9.7080728e+03
   6.6100000e+02   2.1932758e+04   3.2448043e+03
   6.6200000e+02   6.9575230e+03   7.9946476e+03
   6.6300000e+02  -1.7380026e+04  -2.7594150e+04
   6.6400000e+02  -4.2195971e+04   7.9341832e+02
   6.6500000e+02  -1.6402743e+04   3.6635199e+03
   6.6600000e+02   3.8331303e+03  -1.0563721e+04
   6.6700000e+02   6.8986434e+03   3.0897646e+04
   6.6800000e+02   9.3706030e+02   1.2979276e+04
   6.6900000e+02  -2.4005170e+04  -5.7825295e+03
   6.7000000e+02   2.0235773e+04   5.4019346e+03
   6.7100000e+02   2.2408299e+04  -5.0515104e+03
   6.7200000e+02  -2.6642973e+04  -6.5082624e+03
   6.7300000e+02  -6.0470535e+03   9.0115284e+03
   6.7400000e+02   1.2396685e+04   2.0934330e+04
   6.7500000e+02   3.3243093e+04  -1.2126020e+04
   6.7600000e+02   2.9913980e+04  -4.5121899e+03
   6.7700000e+02  -1.5689132e+04   1.8924546e+04
   6.7800000e+02  -2.7962285e+04  -2.4437388e+04
   6.7900000e+02  -1.1713747e+04  -2.0588099e+04
   6.8000000e+02   1.2356008e+04  -2.2747153e+04
   6.8100000e+02  -6.1129716e+03  -2.3689528e+04
   6.8200000e+02  -1.0615717e+04   3.3306319e+04
   6.8300000e+02   9.0540051e+03   1.2156786e+04
   6.8400000e+02  -1.2267445e+04  -2.4793071e+04
   6.8500000e+02   1.8818224e+02  -8.8545685e+03
   6.8600000e+02  -1.0856238e+04   3.3054381e+03
   6.8700000e+02  -2.5367073e+04  -2.8697609e+03
   6.8800000e+02   2.6095881e+04  -8.3189256e+03
   6.8900000e+02   2.9096496e+04   1.5265569e+04
   6.9000000e+02   1.4322558e+04   4.9343454e+03
   6.9100000e+02   3.2547312e+03  -3.7443062e+03
   6.9200000e+02  -1.0921584e+04   2.2590605e+03
   6.9300000e+02   4.9252550e+03  -1.7381627e+04
   6.9400000e+02   1.8767267e+04   8.1260989e+03
   6.9500000e+02   2.9020812e+04  -2.3137707e+03
   6.9600000e+02  -5.9154350e+03  -2.0339464e+04
   6.9700000e+02  -2.0013989e+04   2.7141182e+04
   6.9800000e+02   5.2735443e+03   1.5083123e+04
   6.9900000e+02  -1.5743121e+04  -7.2102513e+03
   7.0000000e+02  -3.3918559e+03  -3.6433325e+02
   7.0100000e+02   7.6220188e+02  -6.2270237e+03
   7.0200000e+02  -6.4538039e+03  -4.8244130e+03
   7.0300000e+02   2.3968203e+04   2.1796934e+03
   7.0400000e+02  -4.6956848e+03   9.2917364e+03
   7.0500000e+02  -1.2720577e+04  -1.3512594e+04
   7.0600000e+02   2.5193967e+04  -2.0330856e+02
   7.0700000e+02   2.5678375e+04   2.4779499e+04
   7.0800000e+02  -3.6441688e+03  -6.0390652e+03
   7.0900000e+02  -2.6320012e+04   3.7768859e+03
   7.1000000e+02   2.7388924e+03  -4.8378490e+03
   7.1100000e+02   1.1228098e+04  -2.4887498e+04
   7.1200000e+02   2.3280429e+03   6.8127948e+03
   7.1300000e+02  -2.9145005e+03   8.8527921e+03
   7.1400000e+02  -2.5584515e+04   2.4077382e+04
   7.1500000e+02   1.4244691e+04   2.1606881e+04
   7.1600000e+02   2.1041563e+04  -2.4600390e+04
   7.1700000e+02  -9.5692398e+03  -1.9964694e+04
   7.1800000e+02   6.5758985e+03   2.1208578e+04
   7.1900000e+02  -1.2701885e+04   3.1798295e+04
   7.2000000e+02  -3.6623211e+03  -1.5946215e+04
   7.2100000e+02   2.8872953e+04  -1.3678365e+04
   7.2200000e+02   1.0508698e+04   1.9784991e+04
   7.2300000e+02  -1.5859116e+04  -9.7909217e+02
   7.2400000e+02  -2.5809584e+04   1.4307316e+04
   7.2500000e+02   5.8729686e+03   2.0233176e+03
   7.2600000e+02   1.9060515e+04  -2.9597490e+04
   7.2700000e+02   6.5902893e+03  -9.9063945e+02
   7.2800000e+02  -1.6206641e+04   7.2593094e+03
   7.2900000e+02  -3.7752731e+04   1.7772571e+04
   7.3000000e+02   2.4037348e+04   1.3132124e+04
   7.3100000e+02   3.2827416e+04  -8.4351928e+03
   7.3200000e+02  -2.6807936e+04   4.4807896e+03
   7.3300000e+02  -2.2182220e+04   5.5821145e+03
   7.3400000e+02  -1.2872145e+04  -1.2268827e+04
   7.3500000e+02   4.1116824e+03  -3.5794150e+04
   7.3600000e+02   5.9223251e+03   2.3175450e+03
   7.3700000e+02  -1.2276071e+04   4.2200771e+04
   7.3800000e+02  -5.7784769e+03   2.9652485e+03
   7.3900000e+02  -2.0095104e+04  -4.7369515e+03
   7.4000000e+02  -2.3549413e+04  -2.7354214e+04
   7.4100000e+02  -6.5507074e+03  -3.6876332e+04
   7.4200000e+02   2.7957388e+04   3.0180176e+04
   7.4300000e+02   2.4621130e+04   3.5372549e+04
   7.4400000e+02  -3.4154867e+04   7.8773856e+03
   7.4500000e+02  -1.0054200e+04  -6.7749494e+02
   7.4600000e+02   1.1319511e+04  -3.2606016e+03
   7.4700000e+02  -7.2084343e+03  -4.4551849e+03
   7.4800000e+02   9.7224007e+03  -1.3003441e+04
   7.4900000e+02  -7.2766450e+03   1.6552668e+03
   7.5000000e+02  -9.8804387e+02  -1.0683907e+04
   7.5100000e+02   2.4167671e+04  -5.1088033e+03
   7.5200000e+02   1.4893073e+04   1.5301673e+04
   7.5300000e+02   3.7458544e+03  -2.0006016e+04
   7.5400000e+02  -1.7264232e+04  -1.1573883e+04
   7.5500000e+02  -1.2942251e+04  -4.8736307e+03
   7.5600000e+02  -2.3176384e+03  -1.4524059e+04
   7.5700000e+02   1.8464659e+04   7.7272890e+03
   7.5800000e+02   2.4873727e+04  -3.6136483e+03
   7.5900000e+02  -1.9102999e+04   8.8367737e+03
   7.6000000e+02  -6.1976822e+03   1.9595457e+04
   7.6100000e+02   2.8466111e+03  -6.4515021e+03
   7.6200000e+02  -6.7329568e+03  -1.4710239e+03
   7.6300000e+02   2.4127819e+04   1.7034583e+04
   7.6400000e+02   2.9706773e+03   1.0977231e+04
   7.6500000e+02  -1.8143881e+04  -3.5012358e+04
   7.6600000e+02  -7.3087987e+03  -2.3193287e+04
   7.6700000e+02   5.5052562e+03   1.4071529e+04
   7.6800000e+02   2.0090299e+04  -1.4374320e+04
   7.6900000e+02  -2.5171981e+03  -7.2251610e+03
   7.7000000e+02  -2.4972645e+04  -1.3262411e+04
   7.7100000e+02  -2.6699614e+04  -2.5692139e+04
   7.7200000e+02   2.2779421e+04   8.5902143e+03
   7.7300000e+02   5.1492766e+04   3.6759978e+03
   7.7400000e+02  -5.1234327e+03   1.8132336e+04
   7.7500000e+02  -3.4745428e+03   2.7380451e+04
   7.7600000e+02   4.3450199e+03  -7.5455973e+03
   7.7700000e+02  -1.3068084e+04  -1.4664472e+04
   7.7800000e+02   1.1207172e+04  -3.4880438e+02
   7.7900000e+02  -6.3176573e+02   1.6087006e+04
   7.8000000e+02   2.2951733e+02  -2.6767815e+03
   7.8100000e+02   1.8411175e+04   3.0093515e+03
   7.8200000e+02   4.7969046e+03   1.2621104e+04
   7.8300000e+02  -7.8853923e+03  -3.7925034e+04
   7.8400000e+02  -1.4652915e+04  -2.2588707e+04
   7.8500000e+02  -1.4433028e+03   3.8758650e+03
   7.8600000e+02  -5.5116655e+03   1.8829479e+03
   7.8700000e+02   4.3767795e+03   2.2103876e+04
   7.8800000e+02   1.1278840e+04  -5.8056333e+03
   7.8900000e+02  -2.5467740e+04  -1.3215257e+04
   7.9000000e+02   3.2045581e+03   1.7240556e+04
   7.9100000e+02   2.1654551e+04   2.6186712e+04
   7.9200000e+02   8.1603125e+03   1.9985809e+04
   7.9300000e+02   2.6417043e+04   6.9592949e+03
   7.9400000e+02  -3.2154779e+03   1.2888504e+04
   7.9500000e+02  -1.8314257e+04   4.4196382e+03
   7.9600000e+02   1.1891654e+03   2.0474265e+04
   7.9700000e+02   1.1700350e+04   3.2016137e+04
   7.9800000e+02   7.2388958e+03  -1.6647347e+04
   7.9900000e+02  -2.2020120e+04  -9.4016971e+03
   8.0000000e+02  -8.8983774e+03  -2.9625202e+03
   8.0100000e+02   5.2469756e+03  -1.7069693e+04
   8.0200000e+02   2.0399376e+03   3.5196372e+03
   8.0300000e+02  -1.4303768e+04  -1.2300223e+04
   8.0400000e+02  -4.0137740e+04  -1.4729157e+04
   8.0500000e+02   1.6215706e+04  -1.0385537e+04
   8.0600000e+02   2.3920671e+04  -1.9205894e+04
   8.0700000e+02  -2.8473200e+04   6.6708815e+03
   8.0800000e+02  -7.1790773e+03   3.0823365e+04
   8.0900000e+02   4.7124361e+03   2.6426969e+04
   8.1000000e+02   9.6805116e+03  -1.8242981e+04
   8.1100000e+02   9.0758005e+03  -1.6799759e+04
   8.1200000e+02  -1.1657149e+04   1.8053618e+04
   8.1300000e+02  -6.1293582e+03   8.3969932e+03
   8.1400000e+02   7.0638406e+03   2.5904474e+04
   8.1500000e+02   1.8726836e+04   3.6763844e+03
   8.1600000e+02  -6.2525375e+03  -3.5451261e+04
   8.1700000e+02  -4.1980689e+03  -8.8018036e+03
   8.1800000e+02   1.9224495e+04  -7.3064654e+03
   8.1900000e+02  -1.8390601e+04   1.6686159e+03
   8.2000000e+02  -1.5405623e+04   1.7299585e+04
   8.2100000e+02  -6.0297116e+03   5.4129814e+03
   8.2200000e+02  -3.8761739e+03  -3.7824007e+03
   8.2300000e+02   2.4032772e+04  -1.5635231e+04
   8.2400000e+02  -1.6835197e+04  -1.6089662e+04
   8.2500000e+02  -3.2234040e+04  -1.5539269e+04
   8.2600000e+02   6.6966585e+03   2.4808079e+04
   8.2700000e+02   1.7033357e+04   3.6361040e+04
   8.2800000e+02   4.4235196e+03  -2.5982385e+04
   8.2900000e+02  -1.6403654e+04  -1.0364934e+04
   8.3000000e+02  -3.4738288e+03   1.5147835e+04
   8.3100000e+02   5.1412796e+03   4.3640709e+03
   8.3200000e+02   1.1010439e+04  -8.4428325e+02
   8.3300000e+02   2.5834880e+03  -3.9316352e+04
   8.3400000e+02  -3.4987067e+04  -1.0924865e+04
   8.3500000e+02   3.1324529e+03   3.9531762e+04
   8.3600000e+02   2.4025893e+04   1.0789835e+04
   8.3700000e+02   9.9422056e+02  -3.0264809e+04
   8.3800000e+02   8.0917996e+03  -2.2732566e+04
   8.3900000e+02  -1.6134623e+04   2.0213133e+04
   8.4000000e+02  -6.5802408e+03   5.3125031e+03
   8.4100000e+02   1.9408294e+04  -9.8560393e+03
   8.4200000e+02  -3.9493382e+03  -1.4941783e+03
   8.4300000e+02  -1.6485651e+04  -1.9211296e+04
   8.4400000e+02   4.8985182e+03   1.5820877e+04
   8.4500000e+02   3.4835131e+04   1.4703478e+04
   8.4600000e+02   5.3931500e+03  -2.2495385e+04
   8.4700000e+02  -3.3831427e+03  -2.0788165e+03
   8.4800000e+02   2.2086810e+04  -6.1536333e+02
   8.4900000e+02  -9.8843887e+03  -6.5303047e+02
   8.5000000e+02  -1.0032656e+04  -7.7096957e+03
   8.5100000e+02  -7.3026445e+03  -1.9661750e+04
   8.5200000e+02   1.4941522e+03  -8.5716206e+03
   8.5300000e+02   3.9956378e+04  -1.0520779e+04
   8.5400000e+02  -6.7074639e+03   7.1309531e+03
   8.5500000e+02  -3.5183058e+04   2.0145265e+04
   8.5600000e+02   4.1839774e+02   2.9901579e+04
   8.5700000e+02   1.8834384e+04   1.4147682e+04
   8.5800000e+02   1.3974366e+04  -2.9818890e+04
   8.5900000e+02  -8.6575545e+03   6.7811193e+03
   8.6000000e+02  -7.9222834e+03   1.4655037e+04
   8.6100000e+02  -1.4847258e+04  -1.2226705e+04
   8.6200000e+02   1.5282551e+03   1.5616327e+04
   8.6300000e+02   2.4826478e+04   9.3805584e+02
   8.6400000e+02  -1.8842202e+04  -1.6657515e+04
   8.6500000e+02  -2.0751705e+04  -1.1379586e+04
   8.6600000e+02  -8.5477772e+03  -1.2557690e+04
   8.6700000e+02  -6.6783960e+02  -1.1548500e+04
   8.6800000e+02   3.1765839e+04  -1.4432948e+04
   8.6900000e+02  -3.1491823e+02   1.0411464e+04
   8.7000000e+02  -1.7391101e+04   1.2291386e+04
   8.7100000e+02   1.5468234e+03   8.7700749e+03
   8.7200000e+02   1.0997486e+04   8.3452618e+03
   8.7300000e+02   3.0187621e+04  -1.3536879e+04
   8.7400000e+02   2.5485403e+04   2.1559050e+04
   8.7500000e+02   1.0015628e+04   2.7266936e+04
   8.7600000e+02  -1.5551111e+04   1.1572133e+04
   8.7700000e+02  -5.2411182e+03   3.8170018e+04
   8.7800000e+02   1.0284777e+04   8.2549343e+03
   8.7900000e+02  -2.1360366e+04  -1.8710412e+04
   8.8000000e+02   9.4484014e+03  -1.3524951e+04
   8.8100000e+02   1.5248235e+04  -4.4748771e+03
   8.8200000e+02  -2.4261311e+04   1.4260778e+04
   8.8300000e+02  -4.9906465e+03   1.1486034e+04
   8.8400000e+02  -4.1530219e+03   2.0028828e+03
   8.8500000e+02  -1.8628776e+03  -2.9733330e+04
   8.8600000e+02   5.7650188e+03  -2.0590004e+04
   8.8700000e+02  -5.9715384e+03   1.1125729e+04
   8.8800000e+02  -6.5922003e+03  -9.9182673e+03
   8.8900000e+02  -7.1525803e+03   1.1459876e+04
   8.9000000e+02   7.8045909e+03   1.0512761e+04
   8.9100000e+02  -4.4135402e+03  -2.1882007e+04
   8.9200000e+02  -7.6886994e+03  -6.1651144e+03
   8.9300000e+02   1.1046215e+03  -6.8085470e+03
   8.9400000e+02  -2.6156177e+04   1.8743097e+04
   8.9500000e+02   5.1186526e+03   4.0358512e+04
   8.9600000e+02   1.1228781e+04   4.8606307e+03
   8.9700000e+02  -2.2617816e+04  -1.8924806e+04
   8.9800000e+02   8.0653960e+02  -8.4756200e+02
   8.9900000e+02  -4.3452703e+02   3.4887455e+04
   9.0000000e+02   2.2226851e+02   2.8204110e+03
   9.0100000e+02   9.0072522e+03  -2.6794828e+04
   9.0200000e+02  -2.5672248e+03  -1.1393955e+04
   9.0300000e+02  -1.7039651e+03  -1.9794745e+04
   9.0400000e+02  -4.3962632e+03   7.8815058e+03
   9.0500000e+02   2.6751570e+03   1.0169373e+04
   9.0600000e+02  -9.2080298e+03  -1.7464628e+04
   9.0700000e+02  -3.2051786e+03  -4.3865299e+03
   9.0800000e+02   1.5472362e+04  -1.4379800e+04
   9.0900000e+02  -8.5558615e+03  -1.0732508e+04
   9.1000000e+02   1.0047701e+04   8.3484225e+02
   9.1100000e+02   5.0207271e+03  -3.1358505e+03
   9.1200000e+02  -2.5250458e+04   5.9478864e+03
   9.1300000e+02  -2.7364691e+03   3.7483258e+03
   9.1400000e+02  -6.7993511e+03  -4.0603763e+03
   9.1500000e+02  -1.2016136e+03  -1.7899956e+04
   9.1600000e+02   7.9483384e+03   1.3969541e+04
   9.1700000e+02  -6.5392493e+03   3.3965857e+04
   9.1800000e+02  -7.3570497e+03  -1.4508900e+04
   9.1900000e+02  -7.3883389e+03  -7.2150826e+03
   9.2000000e+02   1.9122702e+04   7.8196346e+02
   9.2100000e+02   2.5582483e+04   3.4421641e+02
   9.2200000e+02   1.5903827e+04   2.5263528e+04
   9.2300000e+02   2.0106176e+03  -1.0563553e+04
   9.2400000e+02  -2.4121600e+04  -1.9341077e+04
   9.2500000e+02   1.9634876e+04   4.8204943e+03
   9.2600000e+02   2.3997290e+04  -6.3651981e+03
   9.2700000e+02  -1.2647833e+04  -2.1188927e+04
   9.2800000e+02   4.3946655e+03  -1.0947385e+04
   9.2900000e+02  -1.2819924e+04   2.6279437e+04
   9.3000000e+02  -1.3128423e+04   5.5577799e+03
   9.3100000e+02   7.2627884e+03  -2.4952634e+04
   9.3200000e+02  -3.2222425e+03  -1.5213981e+04
   9.3300000e+02  -4.4440480e+03  -4.3867481e+03
   9.3400000e+02  -8.6726795e+02   3.1980966e+04
   9.3500000e+02   1.4525443e+04   1.6144976e+03
   9.3600000e+02   2.8165422e+02  -3.1566861e+04
   9.3700000e+02  -9.5228564e+03   1.9923420e+04
   9.3800000e+02   2.0276574e+03   1.7854338e+04
   9.3900000e+02  -3.3568867e+03  -1.4167132e+04
   9.4000000e+02   3.7199107e+04  -2.4938462e+04
   9.4100000e+02   2.5861597e+04  -1.2564327e+04
   9.4200000e+02  -2.5498188e+04   1.4432708e+04
   9.4300000e+02  -1.1329561e+03   1.4339592e+04
   9.4400000e+02   4.7822969e+03   7.7969802e+03
   9.4500000e+02  -5.5365456e+03  -2.1715096e+04
   9.4600000e+02  -4.9941337e+03  -1.5363055e+04
   9.4700000e+02   7.3912468e+03   6.6447981e+03
   9.4800000e+02   2.0607290e+04  -6.0644615e+03
   9.4900000e+02  -3.3426521e+03   4.3604258e+04
   9.5000000e+02  -2.9384931e+03   4.2688390e+04
   9.5100000e+02  -4.7980897e+03  -1.3801948e+04
   9.5200000e+02  -3.2680093e+02  -2.6578004e+03
   9.5300000e+02   1.3932975e+04   7.2069766e+02
   9.5400000e+02  -1.2452745e+04   7.5379916e+03
   9.5500000e+02   5.1629707e+03   5.3413308e+03
   9.5600000e+02   7.0872460e+03  -2.0117962e+04
   9.5700000e+02  -1.4528693e+04  -2.0690312e+04
   9.5800000e+02   7.8347924e+03  -8.8408266e+03
   9.5900000e+02  -1.2639109e+04   1.7247060e+04
   9.6000000e+02  -2.4378071e+04   6.0195316e+03
   9.6100000e+02  -3.4491285e+03  -4.0166358e+03
   9.6200000e+02   4.5116200e+03   1.3396327e+03
   9.6300000e+02   5.3645656e+03  -1.6814818e+04
   9.6400000e+02  -4.0824533e+03   2.0548646e+04
   9.6500000e+02   2.5420103e+03   3.0941996e+04
   9.6600000e+02  -7.6586958e+03   5.5310635e+03
   9.6700000e+02   1.1279237e+04   1.6951979e+04
   9.6800000e+02   3.1191833e+04  -4.0240148e+03
   9.6900000e+02  -2.5619250e+04  -7.1432845e+03
   9.7000000e+02  -2.5597743e+04   9.9249942e+03
   9.7100000e+02  -3.4792453e+03   7.2004327e+03
   9.7200000e+02   4.3401802e+03  -2.3992788e+03
   9.7300000e+02   2.8392887e+04  -1.3938995e+04
   9.7400000e+02  -2.6757510e+04   6.4385709e+03
   9.7500000e+02  -5.6946681e+04   1.2106572e+03
   9.7600000e+02  -6.4478510e+01  -4.2818657e+03
   9.7700000e+02   4.0614270e+04  -7.8112202e+02
   9.7800000e+02   1.7297396e+04  -2.5794054e+04
   9.7900000e+02  -2.4966988e+04   7.6976825e+03
   9.8000000e+02  -1.1359599e+04   1.2364687e+04
   9.8100000e+02  -7.0019334e+03  -2.0266145e+04
   9.8200000e+02   1.2388457e+04   5.0787620e+03
   9.8300000e+02   3.8596744e+04   9.7916525e+03
   9.8400000e+02  -5.6607970e+03   5.6494297e+03
   9.8500000e+02  -5.5265034e+03   2.0506051e+03
   9.8600000e+02  -9.7803944e+03  -6.0251394e+03
   9.8700000e+02  -2.9673768e+04   1.5566153e+03
   9.8800000e+02   1.5107164e+04   7.1892907e+03
   9.8900000e+02   5.5672267e+03   1.5060230e+04
   9.9000000e+02  -3.0823704e+04  -1.8376196e+04
   9.9100000e+02  -2.8633559e+04  -2.2949473e+04
   9.9200000e+02  -4.6571675e+02   7.5765586e+03
   9.9300000e+02   2.6857417e+04  -4.1522192e+03
   9.9400000e+02   8.4004541e+03   1.2295825e+04
   9.9500000e+02  -2.0447763e+03  -6.3136672e+03
   9.9600000e+02  -1.4891023e+04  -3.5901101e+04
   9.9700000e+02  -4.8395731e+03   4.0526828e+03
   9.9800000e+02   3.3039574e+04   2.8538410e+03
   9.9900000e+02   2.6836962e+04  -1.1869579e+04
   1.0000000e+03   2.7271462e+04  -2.1944445e+03
   1.0010000e+03  -1.3764781e+03   1.0831396e+04
   1.0020000e+03  -1.3440511e+04   1.0418009e+04
   1.0030000e+03   3.3826496e+04  -1.3239051e+04
   1.0040000e+03   3.8276810e+03  -9.6139335e+03
   1.0050000e+03  -2.9336397e+04  -1.6930359e+04
   1.0060000e+03  -1.2148747e+04  -5.3660570e+03
   1.0070000e+03   1.2910263e+03   1.1891623e+04
   1.0080000e+03   1.0139240e+04  -1.9812589e+04
   1.0090000e+03  -3.6348580e+01   2.8261257e+03
   1.0100000e+03  -5.9745442e+03   1.0251874e+04
   1.0110000e+03  -2.2584082e+04  -1.5672105e+04
   1.0120000e+03   2.9996288e+03   1.7882467e+03
   1.0130000e+03   3.8513772e+04  -6.8849741e+02
   1.0140000e+03  -5.3371914e+03   1.2076091e+04
   1.0150000e+03  -4.4796713e+03   2.2867899e+04
   1.0160000e+03   5.8662487e+03   1.4992416e+03
   1.0170000e+03  -8.0421418e+03  -7.6046661e+03
   1.0180000e+03   2.4329190e+04  -2.2947627e+03
   1.0190000e+03   2.6017348e+04   1.5317415e+04
   1.0200000e+03   1.4563815e+04  -1.0132977e+04
   1.0210000e+03   2.7112082e+02  -2.1859716e+04
   1.0220000e+03  -2.2253975e+04  -8.2576434e+03
   1.0230000e+03  -2.0188269e+04  -2.0448124e+04
   1.0240000e+03  -8.7420090e+03   1.3358603e+04
   1.0250000e+03   1.6217462e+04   6.5551817e+03
   1.0260000e+03  -1.1733664e+04  -1.8857820e+04
   1.0270000e+03  -3.5589970e+04   2.0692969e+04
   1.0280000e+03  -7.9223105e+02   1.0621314e+04
   1.0290000e+03   7.0441303e+03  -3.5023545e+03
   1.0300000e+03   1.4758398e+04   1.6867585e+04
   1.0310000e+03  -1.3118312e+04   2.8168475e+04
   1.0320000e+03  -2.8391477e+04   2.3348694e+04
   1.0330000e+03   3.3575948e+04  -3.5008808e+03
   1.0340000e+03   4.1781605e+04  -9.8626050e+03
   1.0350000e+03   1.0152039e+04  -9.8362240e+03
   1.0360000e+03  -2.1054671e+04   1.4896655e+04
   1.0370000e+03  -2.8844193e+04   1.3717280e+04
   1.0380000e+03  -5.0352461e+02  -3.6237575e+04
   1.0390000e+03   2.2151151e+03  -2.6647241e+03
   1.0400000e+03   1.2374469e+04   1.4850827e+04
   1.0410000e+03   6.0850133e+03  -1.0343517e+04
   1.0420000e+03  -1.2234872e+04   8.8386226e+03
   1.0430000e+03  -1.7404643e+04   2.5850525e+03
   1.0440000e+03  -2.9456012e+04   6.4589593e+03
   1.0450000e+03   6.2580377e+03   8.9344877e+03
   1.0460000e+03   1.0546338e+04  -4.3505989e+03
   1.0470000e+03  -9.5220389e+03   1.6143453e+04
   1.0480000e+03   1.0005940e+04   2.4413648e+04
   1.0490000e+03  -7.4791127e+02   6.3602373e+03
   1.0500000e+03   1.5106187e+04  -2.1439565e+04
   1.0510000e+03   2.5645299e+04   1.0516633e+04
   1.0520000e+03  -1.6905764e+04   3.5355580e+04
   1.0530000e+03  -3.3739551e+04  -2.3802201e+04
   1.0540000e+03  -1.2144599e+04  -2.7576617e+04
   1.0550000e+03   2.6042933e+04  -1.3970999e+04
   1.0560000e+03   5.2818152e+03  -6.8291189e+03
   1.0570000e+03  -2.3926105e+04   2.7474970e+04
   1.0580000e+03  -1.4590669e+04   3.2845476e+03
   1.0590000e+03  -1.0788303e+04  -1.3171226e+04
   1.0600000e+03   3.4414700e+04  -1.2613143e+04
   1.0610000e+03   2.4104174e+04  -2.9629312e+04
   1.0620000e+03  -2.5948755e+04  -1.4445635e+04
   1.0630000e+03  -3.0112077e+03   3.0227159e+04
   1.0640000e+03   5.5970070e+03   5.2892129e+04
   1.0650000e+03   1.1056528e+04  -7.2352204e+03
   1.0660000e+03   1.4911740e+04  -2.4321553e+04
   1.0670000e+03   1.5447771e+03   1.6590048e+04
   1.0680000e+03   2.3681581e+03  -5.5636124e+03
   1.0690000e+03  -9.7418879e+03  -8.7267360e+03
   1.0700000e+03  -1.2038822e+04  -1.1732578e+04
   1.0710000e+03  -1.8870090e+04  -1.1670891e+04
   1.0720000e+03  -4.0489829e+03   1.2483196e+04
   1.0730000e+03   1.1418276e+04  -2.7168717e+04
   1.0740000e+03  -2.1733793e+04  -2.9780666e+04
   1.0750000e+03  -2.2790852e+03   1.6091176e+04
   1.0760000e+03   1.0981243e+04   2.4831372e+04
   1.0770000e+03   4.4825917e+02   2.6445774e+03
   1.0780000e+03   1.8370435e+04  -2.5304885e+04
   1.0790000e+03  -9.4500841e+03  -5.1354330e+03
   1.0800000e+03  -1.2936372e+04   1.5701490e+04
   1.0810000e+03   1.4268057e+04   1.7661659e+04
   1.0820000e+03   1.5159731e+04  -1.2204183e+04
   1.0830000e+03   1.5235924e+04  -4.1601810e+04
   1.0840000e+03   1.5132810e+04   2.8190352e+04
   1.0850000e+03   1.6132878e+04   3.2582209e+04
   1.0860000e+03  -1.6293012e+04  -3.3577680e+04
   1.0870000e+03  -5.7545371e+03  -1.8494993e+04
   1.0880000e+03   2.6384576e+04  -4.8282352e+03
   1.0890000e+03  -1.9061819e+04  -1.0472175e+03
   1.0900000e+03  -1.6061351e+04  -6.8851832e+02
   1.0910000e+03  -7.0220355e+02  -1.2305355e+04
   1.0920000e+03  -1.1740940e+04  -1.2021938e+04
   1.0930000e+03   1.6779744e+04  -4.9794513e+03
   1.0940000e+03   3.9999902e+03   2.0550852e+04
   1.0950000e+03  -1.8848487e+04   3.4920870e+03
   1.0960000e+03  -1.2383298e+04  -1.0312189e+04
   1.0970000e+03   8.9790510e+03   3.8399000e+02
   1.0980000e+03   2.3064223e+04  -1.0643682e+04
   1.0990000e+03   4.6803191e+03   2.2805642e+04
   1.1000000e+03   9.7434564e+03   1.7558350e+04
   1.1010000e+03  -2.3970143e+03  -8.8775717e+03
   1.1020000e+03  -1.0581195e+04   2.0016125e+04
   1.1030000e+03   7.3140120e+03   6.9344685e+03
   1.1040000e+03  -5.1489402e+03  -4.1768676e+03
   1.1050000e+03   8.5907894e+03  -2.7254422e+03
   1.1060000e+03  -3.3547463e+03  -1.8472703e+04
   1.1070000e+03  -1.9113395e+04  -1.8384805e+04
   1.1080000e+03   1.1851954e+04   3.5217573e+03
   1.1090000e+03  -8.3683106e+03   4.4773307e+04
   1.1100000e+03  -1.7017165e+04   1.4063369e+04
   1.1110000e+03  -2.9072887e+03  -3.3397909e+04
   1.1120000e+03  -3.3430715e+03  -2.4444769e+04
   1.1130000e+03   1.1451695e+04  -2.4664178e+03
   1.1140000e+03   1.8188635e+04   5.0871832e+04
   1.1150000e+03   1.6176686e+04   3.1927327e+04
   1.1160000e+03  -8.8408403e+03  -1.9444399e+04
   1.1170000e+03   8.2086416e+03   1.8274938e+03
   1.1180000e+03   2.4986361e+04  -3.8541594e+03
   1.1190000e+03  -2.5273490e+04  -4.9392827e+03
   1.1200000e+03  -3.6790758e+02   1.4359342e+04
   1.1210000e+03   1.6719342e+04   2.0149300e+04
   1.1220000e+03  -2.2540219e+04   1.5092827e+04
   1.1230000e+03  -1.9710386e+04  -2.3793893e+04
   1.1240000e+03  -2.1492194e+04  -4.0501432e+04
   1.1250000e+03   1.4155572e+03  -1.7677389e+04
   1.1260000e+03   4.1011548e+03   3.9647621e+04
   1.1270000e+03  -2.7254004e+04   4.1505430e+04
   1.1280000e+03  -2.1044226e+03  -3.1571826e+04
   1.1290000e+03   2.7924196e+04  -1.7820846e+04
   1.1300000e+03   2.0265833e+04   7.9448440e+03
   1.1310000e+03  -2.4569649e+04   9.8426759e+03
   1.1320000e+03  -1.4411322e+04   3.5448000e+04
   1.1330000e+03   2.9876560e+04   9.9568547e+02
   1.1340000e+03   4.6245574e+03  -1.6626371e+04
   1.1350000e+03   1.7553661e+04   6.6399260e+03
   1.1360000e+03   2.5201455e+04   1.5500350e+04
   1.1370000e+03  -1.5927986e+04   7.1177945e+03
   1.1380000e+03  -2.5666005e+04  -2.2824303e+04
   1.1390000e+03  -2.8612156e+04  -2.4925881e+04
   1.1400000e+03   1.0957405e+04  -1.4423330e+04
   1.1410000e+03   3.0485523e+04   2.0006840e+04
   1.1420000e+03  -1.5983423e+04   2.2481860e+04
   1.1430000e+03  -3.5826826e+04  -3.9709884e+04
   1.1440000e+03  -1.0146429e+04  -1.3028738e+04
   1.1450000e+03   2.6318561e+04   2.2013706e+04
   1.1460000e+03  -3.6882200e+03   3.9066788e+03
   1.1470000e+03  -2.1840651e+04   9.6715325e+03
   1.1480000e+03   6.1335968e+03  -6.1439707e+03
   1.1490000e+03  -7.4977678e+03  -6.6156267e+03
   1.1500000e+03   8.3283104e+03   3.4182350e+03
   1.1510000e+03   5.9820859e+03  -4.1144146e+03
   1.1520000e+03  -8.8564963e+03  -9.3589419e+03
   1.1530000e+03   2.6569430e+04  -1.2026493e+04
   1.1540000e+03   3.3628811e+03   8.5379846e+03
   1.1550000e+03  -1.4458158e+04  -2.6559274e+03
   1.1560000e+03   1.2376009e+04  -7.4981927e+03
   1.1570000e+03   1.9848972e+04  -2.7363357e+03
   1.1580000e+03   1.5316299e+04  -2.9484169e+04
   1.1590000e+03   1.5670397e+03   7.0804750e+03
   1.1600000e+03  -2.5496498e+03   1.8307443e+04
   1.1610000e+03  -2.2824691e+04  -8.6891898e+03
   1.1620000e+03  -1.3438479e+04   1.2659415e+04
   1.1630000e+03   7.3931631e+03   2.5424390e+03
   1.1640000e+03  -2.0663181e+04  -7.6359711e+03
   1.1650000e+03   4.8112177e+03  -7.1744318e+03
   1.1660000e+03   1.4972191e+04  -1.1676066e+04
   1.1670000e+03  -1.3709199e+04   2.6504208e+02
   1.1680000e+03  -3.2291066e+03  -2.0441725e+03
   1.1690000e+03  -1.2480719e+04  -4.4250751e+03
   1.1700000e+03  -8.1380999e+02  -1.8889598e+04
   1.1710000e+03   1.6804428e+04  -5.8526129e+03
   1.1720000e+03   1.3525520e+04   5.2460069e+03
   1.1730000e+03   2.4043059e+04  -2.7500433e+04
   1.1740000e+03   1.4385406e+04   3.1635272e+03
   1.1750000e+03  -2.0086997e+03   2.0755929e+04
   1.1760000e+03  -2.8840843e+04   5.4594138e+03
   1.1770000e+03  -9.1776798e+03   2.0239510e+04
   1.1780000e+03   2.7181505e+04   1.1172953e+03
   1.1790000e+03  -5.8641939e+03   2.4061955e+02
   1.1800000e+03   1.9128537e+03   9.8140701e+03
   1.1810000e+03   1.0471786e+04  -1.6415706e+03
   1.1820000e+03  -3.7609458e+03  -6.1198108e+03
   1.1830000e+03   1.2265104e+04  -5.5542682e+03
   1.1840000e+03  -7.0973909e+03   1.9047007e+04
   1.1850000e+03   3.7853593e+03   2.3296074e+03
   1.1860000e+03   2.4665177e+04  -2.1340065e+04
   1.1870000e+03  -4.2460188e+03  -1.4036220e+04
   1.1880000e+03  -1.7333947e+04  -1.2886079e+04
   1.1890000e+03  -1.7064164e+03   2.7686456e+04
   1.1900000e+03   1.7742629e+04   2.1529492e+04
   1.1910000e+03  -1.3667985e+04  -8.0922986e+03
   1.1920000e+03  -1.8457236e+04   7.6854859e+03
   1.1930000e+03   1.1748951e+04  -1.6251585e+04
   1.1940000e+03  -9.4755430e+03  -1.1797747e+04
   1.1950000e+03   4.2613962e+03   2.1993807e+04
   1.1960000e+03  -1.7893713e+03   2.2256928e+04
   1.1970000e+03  -3.1772597e+04   7.9277984e+03
   1.1980000e+03   4.4311525e+03  -7.3595538e+03
   1.1990000e+03   1.8613586e+04   8.0401871e+03
   1.2000000e+03   1.0003583e+04   5.7002585e+03
   1.2010000e+03  -7.6850500e+03   3.0878981e+03
   1.2020000e+03  -1.1793277e+04   1.7650232e+03
   1.2030000e+03   1.0589287e+04  -1.2671543e+04
   1.2040000e+03   4.7121181e+02   3.2932139e+04
   1.2050000e+03  -2.1142528e+03   2.0921765e+04
   1.2060000e+03  -5.6268469e+03  -3.0972882e+04
   1.2070000e+03   4.3571367e+03  -1.0167335e+04
   1.2080000e+03   7.3785282e+03   4.5685672e+03
   1.2090000e+03  -3.3826212e+04   3.1574083e+04
   1.2100000e+03  -1.0875724e+04   2.9662231e+04
   1.2110000e+03   2.5666578e+03  -2.9059640e+04
   1.2120000e+03  -7.1008236e+03  -4.8041803e+04
   1.2130000e+03   2.4226198e+04  -1.2834611e+04
   1.2140000e+03   2.9429645e+02   3.4147617e+04
   1.2150000e+03  -2.1010452e+04   8.6376284e+03
   1.2160000e+03  -1.2056220e+04  -2.6444417e+04
   1.2170000e+03  -1.9659819e+03  -1.6416093e+04
   1.2180000e+03   1.9449769e+04  -3.2888976e+03
   1.2190000e+03   1.1984303e+04   3.6479402e+04
   1.2200000e+03   2.8096640e+02   1.0737328e+04
   1.2210000e+03  -1.5995411e+04  -3.0289768e+04
   1.2220000e+03   5.2902649e+03   5.4995224e+03
   1.2230000e+03   2.1362329e+04   1.4609043e+04
   1.2240000e+03  -2.5612757e+04   1.5632118e+04
   1.2250000e+03   2.7210634e+03   1.0208182e+04
   1.2260000e+03   2.0129820e+04  -4.9528609e+03
   1.2270000e+03  -1.5184675e+04  -4.4313845e+03
   1.2280000e+03   2.5149333e+03  -1.0849681e+04
   1.2290000e+03  -9.4752714e+03   6.8861515e+03
   1.2300000e+03  -2.1023304e+04  -1.7003308e+03
   1.2310000e+03   4.8666598e+02  -1.7492719e+04
   1.2320000e+03   1.1609306e+04  -1.6116763e+04
   1.2330000e+03   8.7409023e+03  -2.6213383e+04
   1.2340000e+03  -6.4538108e+03   1.3093818e+04
   1.2350000e+03   4.7333557e+03   9.0867893e+03
   1.2360000e+03  -2.7944003e+03  -2.3851372e+04
   1.2370000e+03   5.9274807e+03   1.8857497e+03
   1.2380000e+03   2.8535252e+04  -3.9393525e+03
   1.2390000e+03  -1.0093998e+04  -4.9815719e+03
   1.2400000e+03  -5.4469514e+03   1.0327234e+04
   1.2410000e+03   1.1410269e+04   5.8703150e+03
   1.2420000e+03   1.4089823e+04   1.3183569e+03
   1.2430000e+03   2.5552578e+04   2.4318702e+03
   1.2440000e+03  -3.1584738e+04   1.6303328e+04
   1.2450000e+03  -4.7407604e+04  -9.4687327e+03
   1.2460000e+03   6.8157993e+03  -1.2816434e+04
   1.2470000e+03   4.2872962e+04  -1.1177373e+03
   1.2480000e+03   3.3896495e+04  -3.5784948e+04
   1.2490000e+03  -2.1419852e+04  -6.9782666e+03
   1.2500000e+03  -2.8892523e+04   1.0805368e+04
   1.2510000e+03   1.2784852e+03   2.7320024e+03
   1.2520000e+03   3.2788602e+04   3.0301831e+04
   1.2530000e+03   2.8193203e+04  -1.6389812e+04
   1.2540000e+03  -2.3410254e+04  -5.6651668e+04
   1.2550000e+03  -3.1036390e+03  -1.7131640e+04
   1.2560000e+03   1.2318761e+04   2.7612304e+04
   1.2570000e+03  -1.2672728e+03   2.7208521e+04
   1.2580000e+03   1.2854500e+04  -5.6687368e+03
   1.2590000e+03  -2.5004545e+04  -5.0080187e+03
   1.2600000e+03  -3.7645699e+04  -5.8903933e+03
   1.2610000e+03  -7.9174625e+03   3.4264460e+03
   1.2620000e+03   2.6158491e+03   5.1474371e+03
   1.2630000e+03   3.5365048e+03  -2.1238614e+04
   1.2640000e+03  -7.9607928e+03   2.2624753e+04
   1.2650000e+03  -1.1807338e+03   3.4381899e+04
   1.2660000e+03  -6.3580803e+03   2.7431888e+03
   1.2670000e+03   1.6225445e+04   8.3087349e+03
   1.2680000e+03   3.5486325e+04  -1.7894482e+04
   1.2690000e+03  -1.9040457e+04  -1.8597985e+04
   1.2700000e+03  -3.5406089e+03   2.9837381e+03
   1.2710000e+03   2.0199585e+04   6.6113318e+03
   1.2720000e+03  -8.3896973e+02   1.1808281e+04
   1.2730000e+03   2.0152877e+04   5.0923287e+02
   1.2740000e+03   6.3363723e+03   1.7321610e+03
   1.2750000e+03  -1.5738221e+04  -6.6531753e+03
   1.2760000e+03  -2.3803503e+04   7.0030098e+03
   1.2770000e+03  -3.0767322e+04   2.3623161e+04
   1.2780000e+03  -4.5314390e+03  -8.1905034e+03
   1.2790000e+03   1.8386722e+04   8.7057301e+03
   1.2800000e+03   2.8000209e+04   1.2494559e+04
   1.2810000e+03  -8.0505716e+03   2.4961782e+03
   1.2820000e+03  -2.6822696e+04   3.4680455e+04
   1.2830000e+03   3.7859528e+03   1.7073305e+04
   1.2840000e+03   9.5694624e+03   3.6905487e+03
   1.2850000e+03   2.4850549e+04   1.5406695e+03
   1.2860000e+03  -1.4873648e+03  -1.9112784e+04
   1.2870000e+03  -2.6945137e+04  -1.5458031e+04
   1.2880000e+03   1.5569216e+04   1.8412782e+03
   1.2890000e+03   8.8612516e+03   2.0857271e+04
   1.2900000e+03  -1.2364547e+04  -1.1036111e+04
   1.2910000e+03  -2.0695723e+04  -3.2064755e+04
   1.2920000e+03  -2.6463800e+04  -1.4960565e+04
   1.2930000e+03  -4.7105665e+03  -1.4628227e+04
   1.2940000e+03   1.3718320e+04   2.6755884e+04
   1.2950000e+03   3.0460664e+04   2.6976750e+04
   1.2960000e+03   4.0079650e+02  -9.0858552e+03
   1.2970000e+03  -1.8392690e+04   2.4130876e+03
   1.2980000e+03   3.1942129e+03  -4.8965366e+03
   1.2990000e+03  -4.3788150e+03   8.4150925e+03
   1.3000000e+03   1.9859796e+04   2.6072933e+04
   1.3010000e+03   1.1000787e+04   1.1306282e+04
   1.3020000e+03  -2.4860487e+04  -2.3433931e+03
   1.3030000e+03  -6.1348360e+02  -1.8159372e+04
   1.3040000e+03   8.4943716e+03  -7.9608593e+03
   1.3050000e+03   1.7617552e+04  -6.9529527e+03
   1.3060000e+03   2.9279957e+03  -4.2666396e+03
   1.3070000e+03  -3.0528494e+04  -9.8059232e+03
   1.3080000e+03  -1.4873854e+04  -3.6613459e+04
   1.3090000e+03   7.0442511e+03   3.5323699e+03
   1.3100000e+03   2.1498030e+04   1.2659373e+04
   1.3110000e+03  -5.8254459e+03  -7.9537921e+03
   1.3120000e+03  -2.0938350e+04   1.3717801e+04
   1.3130000e+03  -9.1340675e+03  -1.4626511e+04
   1.3140000e+03  -2.8382025e+04  -2.8499279e+04
   1.3150000e+03   1.0770144e+04   9.3860151e+03
   1.3160000e+03   2.6446856e+04   3.4443770e+04
   1.3170000e+03  -1.0886884e+04   6.7244432e+03
   1.3180000e+03   1.3772808e+03  -4.2343095e+04
   1.3190000e+03   6.8591167e+03  -1.0508474e+04
   1.3200000e+03   2.1822823e+04   3.0032513e+04
   1.3210000e+03   2.6850593e+04   3.3201202e+04
   1.3220000e+03   5.5833121e+03  -4.5664328e+03
   1.3230000e+03   6.1378343e+03  -6.5269261e+04
   1.3240000e+03  -3.3861919e+02  -2.0634454e+04
   1.3250000e+03   1.8031921e+03   1.6600742e+04
   1.3260000e+03  -4.5686624e+03  -7.0104483e+03
   1.3270000e+03   1.7750318e+03   2.6705801e+03
   1.3280000e+03   2.9963044e+03  -1.0564628e+04
   1.3290000e+03  -3.7921104e+04  -2.1414967e+04
   1.3300000e+03  -1.2102314e+04  -1.3942110e+04
   1.3310000e+03   3.9889358e+03   4.9716930e+02
   1.3320000e+03  -1.5182803e+04   1.9492136e+04
   1.3330000e+03   1.1375620e+04   1.2546379e+04
   1.3340000e+03   4.3471265e+03   8.7091935e+03
   1.3350000e+03  -2.6862956e+03  -1.0350635e+04
   1.3360000e+03   9.2143495e+03   1.7363513e+03
   1.3370000e+03   1.4041864e+04   1.9012568e+04
   1.3380000e+03   1.6754067e+04  -1.7256003e+04
   1.3390000e+03  -2.5010030e+03   9.7344751e+03
   1.3400000e+03  -1.6927906e+03   2.6465433e+04
   1.3410000e+03  -1.0639931e+03  -5.3193712e+03
   1.3420000e+03   1.9631221e+04  -2.8320787e+02
   1.3430000e+03   2.6202800e+04  -3.5596975e+03
   1.3440000e+03  -2.9284746e+04   9.4900675e+03
   1.3450000e+03  -9.7895929e+03   1.2031705e+04
   1.3460000e+03   7.7761686e+03  -1.6714112e+04
   1.3470000e+03  -2.4087984e+04  -2.1592188e+04
   1.3480000e+03  -6.3477141e+03  -1.4231197e+03
   1.3490000e+03  -4.1652833e+03   3.2583831e+04
   1.3500000e+03  -2.9709655e+03   1.2604711e+04
   1.3510000e+03   1.7195191e+03  -1.3524964e+04
   1.3520000e+03  -9.8062640e+03  -1.5891602e+04
   1.3530000e+03  -1.3841693e+04  -2.6034683e+04
   1.3540000e+03  -1.6026658e+04   1.9522185e+04
   1.3550000e+03   1.7836209e+04   2.3339040e+04
   1.3560000e+03   3.0750186e+04  -4.7335102e+03
   1.3570000e+03   2.2889056e+04   2.6119498e+04
   1.3580000e+03   1.1748641e+04   2.0167075e+04
   1.3590000e+03  -2.2057750e+04  -4.0515673e+03
   1.3600000e+03  -2.4148332e+03  -1.2117855e+04
   1.3610000e+03  -3.7769621e+03   9.4689571e+02
   1.3620000e+03  -1.0310315e+04   2.5323726e+04
   1.3630000e+03   3.3726873e+04   1.9608911e+04
   1.3640000e+03   1.1228602e+04   1.3815028e+04
   1.3650000e+03  -1.4024291e+04  -1.6035267e+04
   1.3660000e+03  -9.0819935e+03  -2.0732869e+04
   1.3670000e+03  -1.2389034e+04   1.8631267e+03
   1.3680000e+03  -6.1386937e+03  -6.0944303e+03
   1.3690000e+03  -5.9558445e+03   2.3099692e+04
   1.3700000e+03   1.1056682e+04   1.6446446e+04
   1.3710000e+03  -5.1968699e+02  -1.1301468e+04
   1.3720000e+03  -1.4545687e+04   5.0456608e+03
   1.3730000e+03  -9.2631301e+03  -1.6758087e+04
   1.3740000e+03  -2.0706175e+04  -6.2267634e+03
   1.3750000e+03   2.6175973e+04   3.4257666e+04
   1.3760000e+03   3.0928377e+04   1.8605539e+04
   1.3770000e+03  -2.3564930e+04  -3.1575199e+04
   1.3780000e+03  -1.9056999e+04  -4.0798584e+04
   1.3790000e+03  -9.5672624e+03   1.9628301e+04
   1.3800000e+03   1.5116172e+04   1.7917659e+04
   1.3810000e+03   2.5541125e+04  -1.3128031e+04
   1.3820000e+03  -7.9972276e+03  -7.5216311e+03
   1.3830000e+03  -2.7198984e+04  -1.3517467e+04
   1.3840000e+03  -1.7752450e+04   1.8207566e+04
   1.3850000e+03   2.5105822e+04   7.5737396e+03
   1.3860000e+03   1.6169270e+04  -2.7236740e+04
   1.3870000e+03  -1.2221718e+04  -8.0769741e+02
   1.3880000e+03  -5.8532951e+03  -1.0851676e+04
   1.3890000e+03  -1.2055517e+04  -1.6755475e+04
   1.3900000e+03   1.6535567e+04   5.0802412e+03
   1.3910000e+03   9.3440099e+03   9.6467462e+02
   1.3920000e+03  -1.9250554e+04  -2.0350331e+04
   1.3930000e+03   8.6096928e+03  -1.8079009e+04
   1.3940000e+03   5.7928550e+02   2.3699300e+04
   1.3950000e+03  -3.2568887e+03   4.2966231e+03
   1.3960000e+03   9.2979461e+03  -1.9582854e+04
   1.3970000e+03  -4.0148110e+03  -2.7075027e+03
   1.3980000e+03  -1.7286978e+04  -8.7699111e+03
   1.3990000e+03  -8.9810156e+03   3.0348851e+04
   1.4000000e+03   3.2953353e+04   3.4771097e+04
   1.4010000e+03   1.0481076e+04  -1.3531764e+04
   1.4020000e+03  -2.8985355e+04  -1.7853354e+04
   1.4030000e+03  -1.3933804e+04  -1.9511532e+04
   1.4040000e+03  -5.5013856e+03   2.7092657e+03
   1.4050000e+03   2.8450687e+04   1.8554101e+04
   1.4060000e+03   1.8040333e+04   1.9050174e+03
   1.4070000e+03  -1.5703906e+04  -1.3638807e+04
   1.4080000e+03   2.6789070e+03  -2.5034482e+04
   1.4090000e+03  -1.0670172e+04  -7.8222319e+03
   1.4100000e+03   2.0980270e+02  -1.5398148e+04
   1.4110000e+03   2.5707072e+04  -1.1563125e+04
   1.4120000e+03   8.3695296e+03   6.3420125e+03
   1.4130000e+03  -9.4236152e+03  -1.4199576e+04
   1.4140000e+03  -1.3651592e+04   1.3650120e+04
   1.4150000e+03   1.5699273e+04   1.7879731e+04
   1.4160000e+03   1.5404458e+04  -5.5204489e+03
   1.4170000e+03   3.1376118e+03   1.3072499e+04
   1.4180000e+03  -2.0765554e+03  -2.5305882e+03
   1.4190000e+03  -2.4968129e+04   3.6154952e+03
   1.4200000e+03   2.7486289e+04   2.3612116e+04
   1.4210000e+03   4.3477723e+04   2.1248232e+03
   1.4220000e+03  -1.6465534e+04  -1.5754549e+04
   1.4230000e+03  -2.0789237e+04  -9.2282647e+03
   1.4240000e+03  -1.0997992e+04   1.6799293e+04
   1.4250000e+03   3.9186692e+03  -6.7810250e+01
   1.4260000e+03   6.7099935e+03  -7.5602115e+03
   1.4270000e+03  -4.8192580e+03   4.5625845e+03
   1.4280000e+03  -3.3553914e+03  -1.1391945e+04
   1.4290000e+03  -1.0160376e+04   1.7293359e+04
   1.4300000e+03  -2.4878322e+03   6.8323439e+03
   1.4310000e+03  -1.5256888e+04  -2.4025787e+04
   1.4320000e+03   3.1729167e+03   9.6916491e+03
   1.4330000e+03   3.4944074e+04   1.3605647e+04
   1.4340000e+03  -1.1455940e+04   1.9072991e+04
   1.4350000e+03  -9.6667635e+03   2.1890726e+04
   1.4360000e+03   8.3296250e+03  -2.7381960e+02
   1.4370000e+03  -2.1886893e+03  -4.1198303e+03
   1.4380000e+03   1.6718590e+04  -4.0678742e+03
   1.4390000e+03   4.2295551e+03   1.1190425e+04
   1.4400000e+03   3.4242553e+02   7.6778085e+03
   1.4410000e+03   2.1891284e+03   9.9900678e+03
   1.4420000e+03  -7.0893252e+03   9.4970198e+03
   1.4430000e+03  -1.9753202e+03  -2.1048817e+04
   1.4440000e+03  -1.1627963e+04   1.1139899e+04
   1.4450000e+03  -3.2052268e+03   1.9585758e+04
   1.4460000e+03  -8.7867330e+03  -9.9440322e+03
   1.4470000e+03  -5.4384008e+03  -8.9479695e+02
   1.4480000e+03   5.1967056e+03  -1.0454471e+04
   1.4490000e+03  -3.1598785e+04   3.0391403e+03
   1.4500000e+03  -1.1938884e+04   1.3612946e+04
   1.4510000e+03  -3.7845170e+02  -1.2591947e+04
   1.4520000e+03  -1.7797883e+04  -2.0183192e+04
   1.4530000e+03   1.8330586e+04  -4.3734996e+03
   1.4540000e+03   9.7293641e+03   1.9886533e+04
   1.4550000e+03  -9.9960627e+03  -4.2006985e+03
   1.4560000e+03   7.3155970e+03  -6.6597884e+03
   1.4570000e+03   2.4489258e+04   1.1996645e+04
   1.4580000e+03   1.9761909e+04  -2.1061505e+04
   1.4590000e+03  -9.9946682e+03   5.6871710e+03
   1.4600000e+03  -1.6511868e+03   3.4716769e+04
   1.4610000e+03   2.9186287e+03   1.2556514e+04
   1.4620000e+03   3.7105688e+03  -5.2073306e+02
   1.4630000e+03  -1.1709172e+03  -2.8867496e+04
   1.4640000e+03  -3.8722814e+04  -2.0890693e+04
   1.4650000e+03  -3.8803637e+03   7.9577259e+02
   1.4660000e+03   1.0022950e+04   5.1604665e+03
   1.4670000e+03  -3.0451830e+04   2.0568863e+03
   1.4680000e+03  -1.1985175e+04  -2.1448831e+04
   1.4690000e+03   1.7949438e+03  -9.7540431e+03
   1.4700000e+03   7.1693385e+03   3.6226947e+02
   1.4710000e+03   1.0506065e+04   3.1061100e+03
   1.4720000e+03   6.4378259e+03  -6.9714885e+03
   1.4730000e+03   6.8081389e+03  -3.1151288e+04
   1.4740000e+03   4.0167240e+01   2.5109620e+04
   1.4750000e+03   1.3877023e+04   4.1107895e+04
   1.4760000e+03   1.1500964e+03  -9.4450411e+03
   1.4770000e+03   8.3806587e+03  -1.6661808e+04
   1.4780000e+03   2.5385924e+04  -1.8020699e+04
   1.4790000e+03  -1.8281988e+04   5.1540536e+03
   1.4800000e+03   1.6307567e+03   1.1405609e+04
   1.4810000e+03   1.3728245e+04  -1.4399405e+04
   1.4820000e+03  -2.2528134e+04  -1.4618612e+04
   1.4830000e+03  -9.2243321e+02  -4.1317518e+03
   1.4840000e+03   1.3285674e+04   5.9300476e+03
   1.4850000e+03   2.2327014e+04  -2.6865177e+04
   1.4860000e+03   1.3291611e+04  -2.5346029e+04
   1.4870000e+03  -2.0578294e+04   1.2319168e+04
   1.4880000e+03  -1.5912145e+04  -6.0509835e+03
   1.4890000e+03   1.2451756e+04   5.5776340e+03
   1.4900000e+03   2.8509881e+04   5.9877226e+03
   1.4910000e+03  -2.6099429e+04  -1.2871200e+04
   1.4920000e+03  -4.1755850e+04   7.3094829e+03
   1.4930000e+03   1.3694823e+04   2.6554575e+03
   1.4940000e+03   5.0384177e+03   1.6201251e+04
   1.4950000e+03   4.8716770e+03   2.0584884e+04
   1.4960000e+03   9.1006880e+03  -6.9537348e+03
   1.4970000e+03  -3.8951652e+03  -1.9693895e+03
   1.4980000e+03   2.9056482e+03   1.3564763e+04
   1.4990000e+03  -1.5242373e+04   1.6377393e+04
   1.5000000e+03   1.1514010e+04  -1.8565519e+04
   1.5010000e+03   4.4415131e+04  -1.3593820e+04
   1.5020000e+03   2.1265042e+04   1.5846990e+04
   1.5030000e+03  -3.9491282e+03  -1.5429142e+04
   1.5040000e+03  -1.9354490e+04  -6.4075145e+03
   1.5050000e+03  -3.2766438e+03   1.6528231e+02
   1.5060000e+03  -1.1901420e+04  -1.4447513e+04
   1.5070000e+03  -2.1245818e+04   7.8120812e+03
   1.5080000e+03  -5.0498681e+03  -2.9922941e+03
   1.5090000e+03  -1.4309895e+04  -4.2035240e+03
   1.5100000e+03   1.5091424e+04   1.3942780e+04
   1.5110000e+03   1.2770847e+04   1.7736232e+04
   1.5120000e+03  -2.5694049e+04   1.1135987e+04
   1.5130000e+03  -1.1825433e+04  -1.3383249e+03
   1.5140000e+03  -2.2062462e+03   1.5969795e+04
   1.5150000e+03   2.9090151e+04   8.7275214e+03
   1.5160000e+03   3.7625447e+04   5.6190266e+03
   1.5170000e+03  -1.0590348e+04   9.8277337e+03
   1.5180000e+03  -3.1276075e+04  -2.0792689e+04
   1.5190000e+03  -8.0751067e+03   4.5807697e+03
   1.5200000e+03   3.9359959e+04   1.3068676e+04
   1.5210000e+03   1.8669987e+04  -1.5648196e+03
   1.5220000e+03  -2.5119026e+04   2.7493139e+04
   1.5230000e+03  -2.0072855e+04   7.9814411e+03
   1.5240000e+03  -6.9013287e+03  -1.7146959e+04
   1.5250000e+03   3.5522487e+04  -9.2473356e+03
   1.5260000e+03   6.6927520e+03   6.8370285e+03
   1.5270000e+03  -5.6997982e+04   1.6469040e+04
   1.5280000e+03  -2.3494496e+04   5.4434717e+03
   1.5290000e+03   1.3521049e+04   6.4789161e+02
   1.5300000e+03   2.2914204e+04  -2.6831927e+04
   1.5310000e+03  -4.8538577e+03  -8.9212666e+03
   1.5320000e+03  -3.8966178e+04   2.6859986e+04
   1.5330000e+03  -2.0732496e+04  -1.5630562e+04
   1.5340000e+03   1.2045064e+04  -1.6605583e+04
   1.5350000e+03   4.2558620e+04   1.8201989e+03
   1.5360000e+03   1.4266271e+04   9.4766792e+03
   1.5370000e+03  -1.3222363e+04   2.8133541e+04
   1.5380000e+03   4.8860332e+02  -4.9143606e+03
   1.5390000e+03   2.1652260e+02  -7.0439046e+03
   1.5400000e+03   2.8658746e+04   1.1263903e+04
   1.5410000e+03  -6.6658938e+03  -7.4238317e+03
   1.5420000e+03  -5.3780427e+04  -1.6027708e+04
   1.5430000e+03   5.3294469e+03   5.2237395e+03
   1.5440000e+03   2.6346405e+04   3.5737012e+04
   1.5450000e+03   8.5378048e+03  -2.6745558e+03
   1.5460000e+03  -8.9050618e+03  -2.7551393e+04
   1.5470000e+03  -3.0972912e+04  -5.8176633e+03
   1.5480000e+03  -2.1231596e+04  -2.3869970e+04
   1.5490000e+03   7.6542703e+03  -1.3052827e+04
   1.5500000e+03   3.9904646e+04  -5.5273486e+03
   1.5510000e+03   8.7251265e+03  -1.8492349e+03
   1.5520000e+03  -9.9390242e+03   2.0197794e+04
   1.5530000e+03   1.8963215e+04  -1.4347635e+04
   1.5540000e+03   1.3413222e+02  -1.8474185e+04
   1.5550000e+03   1.2851773e+03   7.1544451e+03
   1.5560000e+03  -1.2396522e+04   1.0332216e+03
   1.5570000e+03  -2.6942006e+04  -1.0149421e+04
   1.5580000e+03   2.2037676e+04  -6.5236231e+03
   1.5590000e+03   2.1434765e+04   1.9907696e+04
   1.5600000e+03   1.9517473e+03   3.5219687e+03
   1.5610000e+03  -1.3681793e+04  -1.4204492e+03
   1.5620000e+03  -3.3211351e+04   3.3033588e+03
   1.5630000e+03  -6.2477631e+03  -3.9435860e+04
   1.5640000e+03   2.9557811e+04  -1.7126436e+04
   1.5650000e+03   3.3038082e+04   1.5095350e+03
   1.5660000e+03  -2.3308774e+04  -2.9378480e+02
   1.5670000e+03  -2.6302177e+04   3.5289654e+04
   1.5680000e+03   3.2113287e+04   7.1600380e+02
   1.5690000e+03   2.3887780e+04  -4.0144085e+04
   1.5700000e+03   1.7355748e+04  -2.7247228e+04
   1.5710000e+03  -1.0755369e+04   3.1878845e+03
   1.5720000e+03  -2.9833810e+04   2.6296608e+04
   1.5730000e+03   2.5525825e+04   8.6928558e+03
   1.5740000e+03   1.4304118e+04  -1.0514499e+04
   1.5750000e+03  -2.0645516e+04  -1.9147465e+04
   1.5760000e+03  -1.2466774e+04   1.6568106e+04
   1.5770000e+03  -2.9212762e+03   2.9622315e+04
   1.5780000e+03  -4.0841021e+03  -2.4487554e+04
   1.5790000e+03  -1.3776431e+04  -5.4715810e+03
   1.5800000e+03   1.2340242e+04   1.9335308e+04
   1.5810000e+03   1.7483954e+04   1.7608154e+04
   1.5820000e+03   9.0330632e+02   2.5418626e+04
   1.5830000e+03  -1.2138952e+04  -2.1051427e+04
   1.5840000e+03  -2.3566630e+04  -1.9070491e+04
   1.5850000e+03   3.6627333e+04   1.7646604e+04
   1.5860000e+03   4.0194121e+04   5.8790015e+03
   1.5870000e+03  -2.6113369e+04  -9.5479914e+03
   1.5880000e+03  -2.7879974e+04  -7.5060870e+03
   1.5890000e+03  -1.4314133e+04   7.4345131e+03
   1.5900000e+03   1.4171251e+04  -1.3329518e+04
   1.5910000e+03   2.0678709e+04   2.2849944e+03
   1.5920000e+03  -1.1485465e+04   3.8001657e+04
   1.5930000e+03  -1.9876391e+04  -7.7980326e+03
   1.5940000e+03  -1.0772850e+04  -1.5699470e+04
   1.5950000e+03   1.6335394e+04   4.1484180e+03
   1.5960000e+03   7.4841484e+03   1.6428701e+04
   1.5970000e+03  -3.3538939e+03   3.3062128e+04
   1.5980000e+03  -1.5233294e+03  -1.6312086e+04
   1.5990000e+03  -2.4914571e+04  -3.1382993e+04
   1.6000000e+03   1.3810653e+04   1.5406270e+04
   1.6010000e+03   2.7506863e+04   3.9566781e+04
   1.6020000e+03  -7.7176048e+03   1.6003722e+04
   1.6030000e+03  -3.6027160e+03  -2.5303270e+04
   1.6040000e+03  -1.4186542e+04  -1.1019161e+04
   1.6050000e+03  -3.4020181e+03   6.6168359e+03
   1.6060000e+03   1.5327557e+04   2.2621958e+04
   1.6070000e+03   1.2773314e+04   2.3275435e+04
   1.6080000e+03   5.2804946e+03  -2.0089120e+04
   1.6090000e+03  -2.1183754e+04  -1.5301330e+03
   1.6100000e+03  -9.8288553e+03   1.1669787e+04
   1.6110000e+03   2.4569844e+03   2.5664678e+03
   1.6120000e+03   1.5462265e+04   1.6122932e+04
   1.6130000e+03   2.3117906e+04  -1.7758566e+04
   1.6140000e+03  -1.6280766e+04  -1.1800430e+04
   1.6150000e+03  -1.9600397e+03   2.5550140e+04
   1.6160000e+03   8.5198567e+02   1.2486932e+04
   1.6170000e+03  -1.8116087e+04  -1.1328209e+04
   1.6180000e+03   1.2641668e+04  -1.9007614e+04
   1.6190000e+03  -8.1965011e+03  -5.0423618e+03
   1.6200000e+03  -3.1101798e+04  -1.2569131e+04
   1.6210000e+03  -6.8968153e+03   2.2907475e+03
   1.6220000e+03   1.9429797e+04   1.7759725e+04
   1.6230000e+03   1.6918547e+04  -2.1440154e+04
   1.6240000e+03  -1.9220935e+04  -7.3124939e+03
   1.6250000e+03  -1.8612045e+04   5.7531529e+03
   1.6260000e+03  -1.4656188e+04  -5.3751305e+03
   1.6270000e+03   5.6644999e+03   4.5010954e+03
   1.6280000e+03   2.9033568e+04  -1.9638891e+04
   1.6290000e+03  -3.9652169e+03  -1.3486650e+04
   1.6300000e+03   1.1536321e+04   4.7889427e+03
   1.6310000e+03   1.4093715e+04  -4.0197297e+03
   1.6320000e+03  -2.1156885e+04  -2.5891560e+03
   1.6330000e+03  -8.7551437e+03  -1.9147165e+03
   1.6340000e+03  -8.4300351e+03   1.4614390e+03
   1.6350000e+03   2.7182004e+03  -1.9784832e+04
   1.6360000e+03   1.2171839e+04  -4.1502961e+03
   1.6370000e+03   3.6477813e+02   2.2007556e+04
   1.6380000e+03  -8.6899884e+03  -1.8161827e+04
   1.6390000e+03  -2.2168760e+04  -1.0261961e+04
   1.6400000e+03   2.7231763e+03   7.3799139e+02
   1.6410000e+03   2.6163362e+03  -9.3949025e+03
   1.6420000e+03  -1.1456067e+04   7.3140468e+03
   1.6430000e+03  -2.0808438e+03  -1.6596531e+04
   1.6440000e+03   1.7762970e+03  -1.7864488e+04
   1.6450000e+03   4.9157334e+04   4.8033681e+03
   1.6460000e+03   2.4434032e+04   3.0351421e+03
   1.6470000e+03  -4.3641104e+04  -6.6091074e+02
   1.6480000e+03  -1.2478978e+04  -3.9309827e+03
   1.6490000e+03   1.8380506e+04   1.9911752e+03
   1.6500000e+03   3.2154011e+04  -1.7211209e+04
   1.6510000e+03   2.5606466e+04   1.2453507e+03
   1.6520000e+03   3.4765913e+03   3.0392981e+04
   1.6530000e+03  -9.1904740e+02  -6.8398500e+03
   1.6540000e+03  -2.2411243e+04   2.3030192e+03
   1.6550000e+03  -1.3795106e+04   6.1200659e+03
   1.6560000e+03   1.1513707e+03  -7.2992961e+03
   1.6570000e+03   1.6514984e+04   1.8824613e+04
   1.6580000e+03   2.1899529e+04  -1.4772190e+03
   1.6590000e+03  -2.3549268e+04  -8.0635218e+03
   1.6600000e+03  -1.6268030e+04   6.5339671e+03
   1.6610000e+03  -3.9086959e+03  -5.5159409e+03
   1.6620000e+03  -7.0335770e+03  -5.7581410e+02
   1.6630000e+03   1.9924711e+04   1.7450390e+04
   1.6640000e+03   3.0830987e+03   1.7341098e+04
   1.6650000e+03   6.8654283e+03  -2.6701226e+04
   1.6660000e+03   2.3676077e+04  -1.5245953e+04
   1.6670000e+03   6.5717318e+03   3.1041641e+04
   1.6680000e+03  -5.3704426e+03   1.3828704e+04
   1.6690000e+03  -1.2711812e+04   1.4975720e+04
   1.6700000e+03   9.2117431e+03  -9.6870274e+03
   1.6710000e+03   4.1238753e+03  -2.5548281e+04
   1.6720000e+03  -5.8287588e+03   2.9621733e+04
   1.6730000e+03   4.2551396e+03   2.0335863e+04
   1.6740000e+03  -1.7790949e+04  -1.4468674e+04
   1.6750000e+03  -1.4948793e+03  -1.6597555e+04
   1.6760000e+03  -1.0511653e+04  -1.3917739e+03
   1.6770000e+03  -3.3339616e+04   1.8762643e+04
   1.6780000e+03   1.2593456e+04   4.5642930e+03
   1.6790000e+03   1.3568912e+04  -1.8259466e+04
   1.6800000e+03  -3.6971215e+03  -3.9894866e+04
   1.6810000e+03  -7.1433282e+02  -1.7878795e+02
   1.6820000e+03  -1.7570161e+03   5.0944719e+04
   1.6830000e+03   2.8186045e+03   2.3251085e+04
   1.6840000e+03   1.6913914e+03   1.3767346e+04
   1.6850000e+03   1.5346225e+04  -7.0952189e+03
   1.6860000e+03  -2.9331330e+02  -1.1508293e+04
   1.6870000e+03  -1.5848860e+03   4.4868621e+04
   1.6880000e+03   1.2370285e+04   2.8848148e+04
   1.6890000e+03  -2.5177790e+04  -1.3445565e+04
   1.6900000e+03  -8.4564468e+03  -1.5600760e+04
   1.6910000e+03   3.0587629e+03  -3.7856088e+02
   1.6920000e+03  -2.0102838e+04   2.2108442e+03
   1.6930000e+03  -6.6499942e+02  -1.0293696e+04
   1.6940000e+03  -1.3279970e+04   1.1030609e+03
   1.6950000e+03  -2.0724558e+04  -2.5184355e+04
   1.6960000e+03  -1.1295429e+04  -2.8972900e+04
   1.6970000e+03  -8.9868736e+03   1.6331538e+04
   1.6980000e+03   1.0230983e+04   2.0662966e+04
   1.6990000e+03   1.3284646e+04   3.2086175e+04
   1.7000000e+03   1.4126365e+04  -2.2839110e+02
   1.7010000e+03  -3.8547356e+03  -4.4699082e+04
   1.7020000e+03  -2.8523997e+02  -1.4225338e+04
   1.7030000e+03   1.4822832e+04   7.2593618e+03
   1.7040000e+03  -1.1999719e+04   2.2018452e+04
   1.7050000e+03   2.0384339e+04   6.1952009e+03
   1.7060000e+03   2.6147058e+04  -2.8815594e+04
   1.7070000e+03  -2.9976387e+04  -1.7040900e+04
   1.7080000e+03  -2.5201153e+04   6.5466231e+03
   1.7090000e+03  -9.3085683e+03   1.4567499e+04
   1.7100000e+03   4.8769676e+03  -1.7931550e+04
   1.7110000e+03   1.3440923e+04  -1.3924434e+04
   1.7120000e+03   6.3688731e+03   8.2659838e+03
   1.7130000e+03  -6.6376855e+03  -1.7177505e+04
   1.7140000e+03  -1.7129559e+04   1.2341936e+04
   1.7150000e+03   1.4314574e+04   1.3901115e+04
   1.7160000e+03   1.2632326e+04  -2.9558135e+04
   1.7170000e+03   1.1440042e+04  -1.4294331e+04
   1.7180000e+03   3.2097472e+04   2.6542699e+03
   1.7190000e+03   4.4105940e+02   2.3067745e+04
   1.7200000e+03  -6.3096699e+02   1.6914565e+04
   1.7210000e+03  -9.9014016e+03  -1.6828399e+04
   1.7220000e+03  -1.9746332e+04  -2.1821442e+04
   1.7230000e+03   2.2914999e+04  -1.3243620e+04
   1.7240000e+03   7.0159158e+03  -3.7793755e+02
   1.7250000e+03  -1.7211773e+04  -2.2594519e+04
   1.7260000e+03  -1.2756155e+04  -1.4402171e+04
   1.7270000e+03  -2.6018448e+03   8.1380440e+03
   1.7280000e+03   1.1373331e+04  -1.9113729e+04
   1.7290000e+03  -6.8394461e+03   9.2563580e+03
   1.7300000e+03  -6.8087386e+03   9.3963453e+03
   1.7310000e+03   8.0471706e+02  -2.1646955e+04
   1.7320000e+03   1.9391161e+04   2.0815517e+04
   1.7330000e+03   2.6474387e+04   2.4317736e+04
   1.7340000e+03  -8.7380163e+03  -5.7477873e+03
   1.7350000e+03   1.3007994e+04  -9.3662869e+03
   1.7360000e+03   1.3401997e+04   3.4156615e+03
   1.7370000e+03  -9.8194066e+03   3.9992673e+03
   1.7380000e+03   1.6140847e+04  -6.6947905e+03
   1.7390000e+03   1.3841848e+03   1.1222858e+04
   1.7400000e+03  -5.1289425e+03  -7.6922509e+03
   1.7410000e+03  -3.7353683e+03  -1.1944177e+04
   1.7420000e+03  -2.2711883e+04   1.3777764e+04
   1.7430000e+03  -1.5289213e+04  -7.7792338e+03
   1.7440000e+03  -5.7452467e+03   4.3878512e+03
   1.7450000e+03   3.9934316e+03   3.7199456e+03
   1.7460000e+03  -1.8503489e+04  -1.1761518e+04
   1.7470000e+03  -1.1731291e+04   1.7552066e+04
   1.7480000e+03   2.6963772e+04   1.7511106e+04
   1.7490000e+03   1.1309250e+04   1.6462285e+04
   1.7500000e+03   2.2999443e+04   2.8063761e+03
   1.7510000e+03   3.6338174e+03  -1.5571123e+04
   1.7520000e+03  -3.8227043e+04   8.6973098e+03
   1.7530000e+03   1.2810261e+03   2.7849198e+04
   1.7540000e+03   1.6525930e+04   2.3097112e+04
   1.7550000e+03   9.8910209e+03  -1.6985287e+04
   1.7560000e+03   1.9722929e+03  -2.7067912e+03
   1.7570000e+03  -1.7660378e+04   3.3549419e+04
   1.7580000e+03  -9.6026867e+03  -4.3231578e+03
   1.7590000e+03   8.8549256e+03   1.3194824e+03
   1.7600000e+03   1.2550571e+04   4.3295610e+02
   1.7610000e+03  -3.1487118e+04  -2.1293841e+04
   1.7620000e+03  -2.0665996e+04   1.1415305e+04
   1.7630000e+03   2.9040034e+04   5.1501504e+03
   1.7640000e+03  -7.6749490e+02  -1.0941603e+04
   1.7650000e+03   1.5285722e+03  -6.2591291e+03
   1.7660000e+03  -2.9903383e+02   2.4908377e+03
   1.7670000e+03  -2.5858716e+04   1.6255393e+04
   1.7680000e+03   3.0295323e+03   1.2881076e+04
   1.7690000e+03   8.2168700e+02   1.2388453e+04
   1.7700000e+03  -2.4324693e+03  -8.5977993e+03
   1.7710000e+03   7.1125706e+03   8.1332237e+03
   1.7720000e+03   1.7984207e+03   3.4572671e+04
   1.7730000e+03   2.7593261e+03  -6.5457461e+03
   1.7740000e+03  -3.2755826e+03  -2.9206373e+03
   1.7750000e+03   6.2337405e+03  -1.3405416e+03
   1.7760000e+03  -6.9172631e+03  -1.7724423e+04
   1.7770000e+03  -8.1805965e+03  -8.3013837e+02
   1.7780000e+03   3.5216075e+03  -2.0799995e+04
   1.7790000e+03  -1.9387924e+04  -1.6273027e+04
   1.7800000e+03   1.2205563e+04   7.0355151e+03
   1.7810000e+03   9.2991969e+03   5.4417413e+03
   1.7820000e+03  -2.7161659e+04  -2.7611863e+03
   1.7830000e+03   4.6921084e+03  -1.8195074e+04
   1.7840000e+03   6.7570495e+02  -5.9408042e+02
   1.7850000e+03  -1.0351315e+04   1.0620180e+03
   1.7860000e+03   5.1785935e+03   2.5877374e+03
   1.7870000e+03   1.5541099e+04   2.7204657e+03
   1.7880000e+03   1.7841977e+04  -2.9899157e+04
   1.7890000e+03  -5.0622504e+03   8.8571948e+03
   1.7900000e+03  -6.5416903e+03   2.2073863e+04
   1.7910000e+03  -1.5550176e+04  -1.6631707e+04
   1.7920000e+03  -6.6416377e+03  -6.2465068e+03
   1.7930000e+03   1.6838650e+04  -1.8725619e+04
   1.7940000e+03  -8.2904222e+03  -1.9336473e+04
   1.7950000e+03   1.1234468e+04   6.1748045e+03
   1.7960000e+03   1.8568744e+04   2.6173140e+03
   1.7970000e+03  -6.5758098e+03  -1.5420510e+04
   1.7980000e+03   3.9979831e+03  -1.8147673e+04
   1.7990000e+03  -1.4597902e+04   4.4470181e+03
   1.8000000e+03  -7.1668666e+03  -1.5727442e+04
   1.8010000e+03   2.1499544e+04  -1.8438766e+04
   1.8020000e+03   1.9077655e+04   3.5190462e+03
   1.8030000e+03   6.9345084e+03  -1.8903142e+04
   1.8040000e+03  -1.0618259e+04   6.5382514e+03
   1.8050000e+03  -1.2058555e+03   1.4814362e+04
   1.8060000e+03  -1.4210536e+04  -5.5204498e+03
   1.8070000e+03  -8.8472284e+03   2.4283323e+04
   1.8080000e+03   2.3543789e+04   1.4956226e+04
   1.8090000e+03   1.1136791e+03  -8.9912847e+03
   1.8100000e+03   9.6658343e+03  -9.2821937e+03
   1.8110000e+03   2.5777215e+03   3.7305475e+03
   1.8120000e+03  -2.4438028e+04   1.3478556e+04
   1.8130000e+03   9.4739063e+03  -1.1487433e+03
   1.8140000e+03   1.3415180e+04   1.9342585e+03
   1.8150000e+03   4.5881958e+03  -1.4815099e+04
   1.8160000e+03  -1.8885048e+03  -1.6892727e+04
   1.8170000e+03  -8.3750679e+03   6.7642729e+03
   1.8180000e+03   7.6496201e+03   6.1791353e+03
   1.8190000e+03   6.1331795e+03   3.2981586e+04
   1.8200000e+03  -1.6842037e+03   1.7827946e+03
   1.8210000e+03  -2.9234715e+04  -4.3946697e+04
   1.8220000e+03  -4.4784167e+03   7.1412286e+03
   1.8230000e+03   4.2625367e+04   3.6738010e+04
   1.8240000e+03  -4.6606205e+03   2.4878999e+04
   1.8250000e+03  -1.9051413e+04  -4.5536675e+03
   1.8260000e+03  -7.0822337e+03  -2.3654290e+04
   1.8270000e+03   1.2903168e+03  -8.5157238e+03
   1.8280000e+03   3.5056303e+04   1.1306666e+04
   1.8290000e+03   2.2637848e+03   3.8081875e+04
   1.8300000e+03  -2.1595529e+04   1.0521753e+04
   1.8310000e+03  -8.4322196e+03  -1.2377535e+04
   1.8320000e+03  -3.3066954e+03   4.8540859e+03
   1.8330000e+03   5.3523762e+03  -5.2717619e+03
   1.8340000e+03  -2.5844060e+03   1.4668308e+04
   1.8350000e+03   5.3164285e+03   8.2535316e+03
   1.8360000e+03  -5.2404659e+03  -1.3173393e+04
   1.8370000e+03  -3.9826305e+03   1.8432314e+04
   1.8380000e+03   1.7709778e+04   1.6867699e+04
   1.8390000e+03  -1.3451308e+04   5.8466333e+03
   1.8400000e+03  -8.1709199e+03  -6.2334973e+03
   1.8410000e+03  -1.7852334e+03  -2.3335285e+04
   1.8420000e+03  -8.4522942e+03  -1.3691452e+04
   1.8430000e+03   2.6019849e+04   1.1262854e+04
   1.8440000e+03   8.2068517e+03   3.9665640e+04
   1.8450000e+03  -1.2175630e+04   9.0686310e+03
   1.8460000e+03  -4.1914037e+03  -1.1217146e+04
   1.8470000e+03  -7.5357411e+03  -7.4882565e+03
   1.8480000e+03  -1.0240257e+04  -3.1756530e+04
   1.8490000e+03  -1.0535197e+04   1.1466780e+04
   1.8500000e+03   1.1087062e+04   2.9279765e+04
   1.8510000e+03  -4.5557865e+03  -5.7534149e+03
   1.8520000e+03  -1.1054971e+04  -2.5205342e+03
   1.8530000e+03   9.2729178e+03  -1.5841693e+04
   1.8540000e+03  -1.8542083e+04  -9.8504014e+03
   1.8550000e+03  -1.0142009e+03   6.3199503e+03
   1.8560000e+03   9.7673906e+03  -1.3046867e+03
   1.8570000e+03  -1.4461223e+04  -5.2950169e+03
   1.8580000e+03   6.8890553e+03   2.7873527e+03
   1.8590000e+03   3.7795535e+03   2.7822837e+04
   1.8600000e+03  -2.9220227e+03  -1.4693952e+03
   1.8610000e+03  -3.0426165e+03  -2.3744424e+04
   1.8620000e+03  -1.9583668e+03  -1.0873944e+04
   1.8630000e+03   1.6003688e+04  -1.7376423e+04
   1.8640000e+03   4.4958527e+03   2.5654799e+04
   1.8650000e+03  -5.2291196e+03   2.1816132e+04
   1.8660000e+03  -1.7613132e+04  -2.5489112e+04
   1.8670000e+03  -5.2043964e+03  -1.3870924e+04
   1.8680000e+03   1.4330092e+04  -2.0734389e+04
   1.8690000e+03  -1.1459114e+04  -1.3879625e+04
   1.8700000e+03   1.0835833e+04   5.9490843e+03
   1.8710000e+03   9.2934856e+03  -1.3628492e+03
   1.8720000e+03  -2.3046783e+04  -1.1655622e+04
   1.8730000e+03   4.1308445e+03  -1.6358421e+04
   1.8740000e+03   6.3232543e+03   4.0486286e+03
   1.8750000e+03   6.1828090e+03  -2.9616987e+03
   1.8760000e+03   7.1368986e+03  -1.1983687e+03
   1.8770000e+03  -1.0147592e+04   2.8669142e+03
   1.8780000e+03  -2.5538359e+03  -2.4294266e+04
   1.8790000e+03   1.4732907e+04   2.3249000e+04
   1.8800000e+03   2.8201646e+04   3.0841341e+04
   1.8810000e+03  -1.4787260e+04  -2.4545025e+04
   1.8820000e+03  -3.4751410e+04  -9.9234140e+03
   1.8830000e+03   2.7299062e+03   2.6876435e+03
   1.8840000e+03   8.2584022e+03  -2.6106540e+03
   1.8850000e+03   3.5640785e+04  -7.9918593e+03
   1.8860000e+03   1.6210125e+04   2.6385995e+03
   1.8870000e+03  -3.5076001e+04   1.8584739e+04
   1.8880000e+03  -3.9745961e+03  -4.5288200e+03
   1.8890000e+03   1.1726731e+04  -1.6020986e+04
   1.8900000e+03   7.7668557e+03  -3.0238244e+04
   1.8910000e+03   2.8340286e+03  -7.5613117e+03
   1.8920000e+03  -6.6394698e+03   3.7539750e+04
   1.8930000e+03   4.8510046e+03   1.5733034e+04
   1.8940000e+03   1.0456734e+04   6.1547927e+03
   1.8950000e+03   1.3593880e+04  -1.3569361e+04
   1.8960000e+03  -1.6847757e+04  -1.7466104e+04
   1.8970000e+03  -1.7067121e+04   3.3224072e+04
   1.8980000e+03   1.4928142e+04   1.2994946e+04
   1.8990000e+03  -2.4480892e+03  -1.8786298e+04
   1.9000000e+03   1.8424513e+04  -5.6997654e+03
   1.9010000e+03   2.1246833e+04   8.6044419e+03
   1.9020000e+03  -1.2593446e+04   3.5651663e+03
   1.9030000e+03   8.5905128e+02  -1.4679319e+04
   1.9040000e+03   1.5929581e+03  -1.8377363e+03
   1.9050000e+03   9.0891226e+03  -4.3008890e+03
   1.9060000e+03   5.2604359e+03   4.6708082e+03
   1.9070000e+03  -1.4000260e+04   1.3285137e+04
   1.9080000e+03  -1.0414055e+03  -1.2951532e+04
   1.9090000e+03   4.3372348e+03   2.5644698e+04
   1.9100000e+03   3.8871832e+02   2.3828896e+04
   1.9110000e+03  -2.9573506e+04  -2.1797302e+04
   1.9120000e+03  -1.7582615e+04   3.7042781e+03
   1.9130000e+03   2.3263926e+04   1.0238791e+04
   1.9140000e+03  -3.3449445e+03   1.1678540e+04
   1.9150000e+03   2.2880557e+03   1.8821871e+04
   1.9160000e+03   1.1585246e+03   3.9130253e+03
   1.9170000e+03  -2.4761347e+04  -8.5456702e+03
   1.9180000e+03   5.7047745e+03  -1.2239114e+04
   1.9190000e+03   2.0620058e+04   1.3138260e+04
   1.9200000e+03   1.8553071e+04   7.5463333e+03
   1.9210000e+03  -9.0762751e+03   7.4928168e+02
   1.9220000e+03  -3.3576303e+04   9.4072918e+03
   1.9230000e+03  -9.4900577e+03  -1.2809763e+04
   1.9240000e+03   6.8847455e+03   1.0072472e+04
   1.9250000e+03   1.7560199e+04   1.5913631e+04
   1.9260000e+03  -9.4265834e+03  -6.3065781e+03
   1.9270000e+03  -1.8538276e+04   5.8403449e+03
   1.9280000e+03   5.2452117e+03  -2.1807757e+03
   1.9290000e+03  -1.3297728e+04   3.5861461e+03
   1.9300000e+03   1.3427004e+04   4.7742796e+02
   1.9310000e+03   1.6942672e+04  -1.4151725e+04
   1.9320000e+03  -2.5997366e+04   2.4358485e+03
   1.9330000e+03  -4.9099259e+03   8.1271247e+03
   1.9340000e+03   4.8590503e+03   6.4723730e+03
   1.9350000e+03  -7.5204687e+03  -1.7103541e+04
   1.9360000e+03  -1.6843925e+04  -1.3234439e+04
   1.9370000e+03  -7.8906438e+03   4.9591864e+03
   1.9380000e+03   7.1543895e+03  -1.3632430e+04
   1.9390000e+03  -1.4004868e+04   1.8659230e+04
   1.9400000e+03  -6.9075123e+03   1.9263180e+04
   1.9410000e+03   2.6891839e+03  -2.0159506e+04
   1.9420000e+03   1.4658218e+04  -7.6418268e+03
   1.9430000e+03   1.8506862e+04  -1.0346279e+04
   1.9440000e+03  -2.6810683e+04  -5.7276385e+03
   1.9450000e+03  -6.1886289e+03   6.0638596e+03
   1.9460000e+03   1.9592755e+04  -9.2102148e+02
   1.9470000e+03   1.1558124e+04  -1.5494286e+04
   1.9480000e+03   2.9379165e+04  -2.6142874e+04
   1.9490000e+03   4.9174565e+03   4.3723766e+03
   1.9500000e+03  -8.4082103e+03   5.1438132e+03
   1.9510000e+03  -3.8981217e+03   3.8506487e+02
   1.9520000e+03  -1.6563019e+04   6.7843504e+03
   1.9530000e+03  -1.3590701e+04  -1.6644946e+04
   1.9540000e+03   7.6822982e+02   1.3799530e+04
   1.9550000e+03   2.7717522e+04   1.6555685e+04
   1.9560000e+03  -6.2444965e+02  -1.4141906e+04
   1.9570000e+03  -2.7724679e+04   8.2745760e+03
   1.9580000e+03  -6.0469167e+03  -3.7260252e+03
   1.9590000e+03  -2.4925131e+03  -2.3357174e+04
   1.9600000e+03   2.1137958e+04  -1.3757827e+04
   1.9610000e+03  -3.6585465e+03   5.2054920e+03
   1.9620000e+03  -2.2335073e+04   1.0542036e+04
   1.9630000e+03   4.5888880e+04  -8.5497205e+03
   1.9640000e+03   3.5521369e+04  -5.4012079e+03
   1.9650000e+03  -1.1936781e+04  -2.5055522e+04
   1.9660000e+03  -1.0965163e+04  -2.7162648e+04
   1.9670000e+03   5.2966292e+02   1.9128289e+03
   1.9680000e+03   9.1666457e+03   1.3304589e+03
   1.9690000e+03   1.4676263e+04   2.4460435e+04
   1.9700000e+03   2.9283667e+04   1.2243928e+03
   1.9710000e+03  -7.5699693e+03  -2.8998315e+04
   1.9720000e+03  -2.1959028e+04   1.1253088e+04
   1.9730000e+03   9.2933172e+03   1.0043021e+04
   1.9740000e+03  -1.1881641e+04   7.9659817e+02
   1.9750000e+03   2.2411360e+03   1.2958435e+03
   1.9760000e+03   1.1126751e+04  -2.8167104e+03
   1.9770000e+03  -1.0163523e+04   1.1136171e+04
   1.9780000e+03   6.8657824e+03   1.4069741e+04
   1.9790000e+03  -2.4567798e+03   1.6143765e+04
   1.9800000e+03  -1.1641111e+02  -1.3400006e+04
   1.9810000e+03   6.9907987e+02  -2.1440497e+04
   1.9820000e+03  -2.7603977e+04   6.3907637e+03
   1.9830000e+03  -2.3842680e+04   8.4510870e+03
   1.9840000e+03   1.1156184e+04   3.2246838e+04
   1.9850000e+03   5.2443932e+04   6.4716185e+03
   1.9860000e+03   2.0983417e+04  -2.8203034e+04
   1.9870000e+03  -1.2170972e+04   1.2689605e+04
   1.9880000e+03  -3.6908458e+03   1.3516403e+04
   1.9890000e+03  -2.4275136e+04   5.2664733e+02
   1.9900000e+03   9.6944204e+03   5.9053081e+03
   1.9910000e+03   2.0179973e+04   1.7711574e+03
   1.9920000e+03  -2.4123431e+04  -5.6824708e+03
   1.9930000e+03  -1.3044747e+04  -7.2346965e+03
   1.9940000e+03  -8.3835001e+03   1.4551311e+04
   1.9950000e+03  -1.1746002e+03  -1.2140339e+03
   1.9960000e+03   4.3784405e+03  -1.2790539e+03
   1.9970000e+03  -1.4796614e+04   1.9832196e+04
   1.9980000e+03  -1.8946546e+04  -1.1138616e+03
   1.9990000e+03  -7.3613241e+03   1.7435736e+04
   2.0000000e+03   1.9232601e+04   8.7357162e+03
