   1.0274000e+02   2.5123000e+01
   9.7136693e+01   3.0502244e+01
   0.0000000e+00   8.5663461e+03   8.5663461e+03
   1.0000000e+00   1.2359174e+04   8.7153227e+02
   2.0000000e+00   3.0667208e+01  -1.5715979e+03
   3.0000000e+00  -1.3623494e+04   2.8427498e+02
   4.0000000e+00  -6.6833479e+03   5.1384150e+03
   5.0000000e+00   1.0355530e+04   5.1326182e+03
   6.0000000e+00   1.0689870e+04  -1.8290963e+03
   7.0000000e+00  -3.3390472e+03  -4.7018578e+03
   8.0000000e+00  -8.7185196e+03   1.5217783e+03
   9.0000000e+00  -1.7771744e+03   6.7328035e+03
   1.0000000e+01   5.1283118e+03   2.4229734e+03
   1.1000000e+01   2.4869322e+03  -4.8903959e+03
   1.2000000e+01  -5.4601448e+03  -5.0846716e+03
   1.3000000e+01  -4.7122457e+03   2.5825080e+03
   1.4000000e+01   4.2104023e+03   8.5645704e+03
   1.5000000e+01   7.1339440e+03   5.6280835e+03
   1.6000000e+01  -1.5295246e+03  -1.7668480e+03
   1.7000000e+01  -9.4439220e+03  -6.9608167e+03
   1.8000000e+01  -4.3327892e+03  -5.3980210e+03
   1.9000000e+01   4.8222655e+03   2.2232828e+03
   2.0000000e+01   5.2504912e+03   8.1549767e+03
   2.1000000e+01   3.9501383e+02   6.3928437e+03
   2.2000000e+01   1.0346167e+03  -1.4421298e+03
   2.3000000e+01   5.0431318e+03  -4.9391435e+03
   2.4000000e+01  -4.1837187e+02   2.0194110e+01
   2.5000000e+01  -9.3400491e+03   5.5245550e+03
   2.6000000e+01  -6.1815592e+03   6.3694397e+03
   2.7000000e+01   4.9155192e+03   1.4656791e+03
   2.8000000e+01   1.1007136e+04  -4.8224406e+03
   2.9000000e+01   6.6500311e+03  -5.9626944e+03
   3.0000000e+01  -5.4299147e+03  -1.2446282e+03
   3.1000000e+01  -1.5321285e+04   4.5397252e+03
   3.2000000e+01  -9.6483583e+03   2.4792767e+03
   3.3000000e+01   7.7375977e+03  -4.7861602e+03
   3.4000000e+01   1.2651395e+04  -5.6318073e+03
   3.5000000e+01   1.0394332e+03  -1.7568781e+02
   3.6000000e+01  -6.4944514e+03   3.1932564e+03
   3.7000000e+01  -2.3760764e+03   7.9513361e+01
   3.8000000e+01   2.3545436e+03  -2.4952320e+03
   3.9000000e+01  -8.5176298e+01  -1.1317316e+01
   4.0000000e+01  -4.9234850e+03   1.3986515e+03
   4.1000000e+01  -6.4241009e+03   6.4510967e+02
   4.2000000e+01  -2.5636090e+03  -2.6327962e+03
   4.3000000e+01   4.0250988e+03  -7.9582208e+03
   4.4000000e+01   4.5367810e+03  -9.4327628e+03
   4.5000000e+01  -9.9130479e+02  -5.7610280e+03
   4.6000000e+01  -4.2050923e+03  -1.7992350e+02
   4.7000000e+01  -2.2340207e+03   1.6225047e+03
   4.8000000e+01   1.5479586e+03  -8.4102373e+02
   4.9000000e+01   3.3614163e+03  -4.0681806e+03
   5.0000000e+01   2.7628617e+03  -7.8926746e+03
   5.1000000e+01  -2.1053657e+03  -8.1567349e+03
   5.2000000e+01  -8.0414463e+03  -3.8651568e+03
   5.3000000e+01  -7.4988922e+03   9.5459997e+02
   5.4000000e+01  -3.0973124e+03   3.7247348e+03
   5.5000000e+01  -4.1779072e+02   1.5295608e+03
   5.6000000e+01  -2.0610336e+03  -2.7630982e+03
   5.7000000e+01  -4.3369096e+03  -5.3969522e+03
   5.8000000e+01  -1.5170454e+03  -4.9455478e+03
   5.9000000e+01   1.2780519e+03  -5.3035204e+02
   6.0000000e+01   2.9996819e+03   3.1658918e+03
   6.1000000e+01   6.3327150e+03   2.2457841e+03
   6.2000000e+01   6.1709863e+03  -2.1280228e+03
   6.3000000e+01   2.2576966e+03  -2.9071021e+03
   6.4000000e+01  -4.9740911e+02   2.8084143e+03
   6.5000000e+01  -9.5317509e+01   5.8737046e+03
   6.6000000e+01  -9.1244343e+02   3.2743646e+03
   6.7000000e+01  -4.6586737e+03  -1.0614469e+02
   6.8000000e+01  -5.0521578e+03   7.6896344e+01
   6.9000000e+01  -3.3751986e+03   4.1019813e+03
   7.0000000e+01  -3.3957127e+03   4.0809019e+03
   7.1000000e+01  -3.6278826e+03  -9.6907588e+02
   7.2000000e+01  -2.7374633e+03  -2.2531394e+03
   7.3000000e+01   7.3092370e+02   3.2634332e+03
   7.4000000e+01   3.5330106e+03   7.8371304e+03
   7.5000000e+01   2.8590273e+03   5.2512615e+03
   7.6000000e+01   6.9911517e+02   2.8402240e+03
   7.7000000e+01  -3.2817928e+02   3.8624581e+03
   7.8000000e+01   2.4370883e+03   3.4411286e+03
   7.9000000e+01   6.3463363e+03   4.4938341e+03
   8.0000000e+01   6.7918814e+03   7.6675557e+03
   8.1000000e+01   1.9619823e+03   6.8203448e+03
   8.2000000e+01  -3.7358273e+03   1.3214897e+03
   8.3000000e+01  -1.5751440e+03  -3.0469380e+03
   8.4000000e+01   4.8304783e+03  -2.8009352e+03
   8.5000000e+01   6.3826264e+03   1.4208577e+03
   8.6000000e+01   2.9789261e+03   5.8672178e+03
   8.7000000e+01  -3.9199787e+02   3.0095654e+03
   8.8000000e+01   7.5815078e+02  -3.9313804e+03
   8.9000000e+01   3.3455585e+03  -3.5538417e+03
   9.0000000e+01   1.8582441e+03   2.3482310e+03
   9.1000000e+01  -2.8326265e+03   4.6622908e+03
   9.2000000e+01  -3.8355040e+03   3.2692152e+02
   9.3000000e+01   2.9372150e+03  -3.9705489e+03
   9.4000000e+01   7.9652243e+03  -1.1140706e+03
   9.5000000e+01   4.8931366e+03   4.3159390e+03
   9.6000000e+01   1.3413823e+03   4.4329123e+03
   9.7000000e+01   2.3299151e+03  -2.0958567e+03
   9.8000000e+01   5.9025882e+03  -7.5259856e+03
   9.9000000e+01   6.3807495e+03  -5.6233466e+03
   1.0000000e+02   5.4638780e+00  -6.3455176e+02
   1.0100000e+02  -6.0617896e+03   2.4756848e+03
   1.0200000e+02  -2.2536951e+03   1.0489504e+03
   1.0300000e+02   4.4914426e+03  -1.5202756e+03
   1.0400000e+02   8.3940943e+02  -8.6978501e+02
   1.0500000e+02  -6.3250080e+03  -6.7129358e+02
   1.0600000e+02  -5.1311977e+03  -1.0773980e+03
   1.0700000e+02  -4.9204819e+02  -2.3123268e+03
   1.0800000e+02   9.7072969e+02  -4.4620930e+03
   1.0900000e+02   1.6423195e+03  -2.2526369e+03
   1.1000000e+02   3.8524329e+03   2.2782813e+01
   1.1100000e+02   3.0206179e+03  -1.7731948e+03
   1.1200000e+02  -4.8486831e+02  -2.6837532e+03
   1.1300000e+02   5.1156575e+02  -2.7330917e+03
   1.1400000e+02   3.5722035e+03  -4.7833627e+03
   1.1500000e+02   3.3900764e+03  -6.6020841e+03
   1.1600000e+02  -3.2501551e+02  -3.4298337e+03
   1.1700000e+02  -4.8683814e+03   1.9893094e+03
   1.1800000e+02  -4.6229618e+03   1.3108863e+03
   1.1900000e+02  -2.0082555e+03  -3.2657160e+03
   1.2000000e+02  -3.4141729e+03  -1.9699622e+03
   1.2100000e+02  -6.7603266e+03   3.5012845e+03
   1.2200000e+02  -6.5563086e+03   2.0474920e+03
   1.2300000e+02  -3.5917841e+03  -4.8737509e+03
   1.2400000e+02  -3.8841683e+03  -6.0769021e+03
   1.2500000e+02  -5.6550320e+03  -8.1353666e+02
   1.2600000e+02  -3.3127885e+03   2.0795525e+03
   1.2700000e+02   6.3052452e+02  -1.0059813e+03
   1.2800000e+02   1.1658590e+03  -2.5218349e+03
   1.2900000e+02  -1.9580400e+03  -9.1815275e+01
   1.3000000e+02  -3.3101704e+03   2.6235287e+02
   1.3100000e+02  -1.8150512e+03  -9.3795640e+02
   1.3200000e+02  -2.2748872e+03  -9.4728764e+02
   1.3300000e+02  -4.0741352e+03   3.1138630e+03
   1.3400000e+02  -4.7312653e+03   8.8475442e+03
   1.3500000e+02  -4.1939033e+03   6.7506065e+03
   1.3600000e+02  -3.7522792e+03  -3.4144629e+02
   1.3700000e+02  -3.5038908e+03  -2.9791595e+03
   1.3800000e+02  -1.3155492e+03   1.4883746e+03
   1.3900000e+02  -1.4104601e+02   6.9944685e+03
   1.4000000e+02  -2.7604193e+03   4.8248197e+03
   1.4100000e+02  -4.6123543e+03   6.6461717e+02
   1.4200000e+02  -1.4213446e+03  -1.7282709e+02
   1.4300000e+02   3.9458877e+03  -1.9982330e+03
   1.4400000e+02   4.2776889e+03  -2.1856414e+03
   1.4500000e+02  -8.2020796e+02   2.7446123e+02
   1.4600000e+02  -4.3945351e+03   2.6787136e+02
   1.4700000e+02  -2.3186450e+03  -2.5437755e+03
   1.4800000e+02   3.4200490e+03  -2.7397118e+03
   1.4900000e+02   8.1205523e+03   1.5003821e+03
   1.5000000e+02   7.2841456e+03   3.7344270e+03
   1.5100000e+02   4.5015142e+02   1.2621994e+03
   1.5200000e+02  -2.6052540e+03  -1.7848191e+03
   1.5300000e+02   2.6333257e+03  -1.4641889e+02
   1.5400000e+02   5.8790175e+03   5.5588925e+03
   1.5500000e+02   4.7688785e+03   5.5245374e+03
   1.5600000e+02   3.5066085e+03  -1.3928655e+03
   1.5700000e+02   1.5571802e+03  -4.2269603e+03
   1.5800000e+02  -1.5081195e+02   1.2025997e+03
   1.5900000e+02  -2.8756799e+02   6.3884088e+03
   1.6000000e+02   2.8615933e+03   3.9728447e+03
   1.6100000e+02   5.9289903e+03  -8.1070338e+02
   1.6200000e+02   3.0017307e+03  -1.9085826e+03
   1.6300000e+02  -1.2541010e+03   7.4597872e+02
   1.6400000e+02  -6.4345596e+02   2.5516041e+03
   1.6500000e+02   4.2453661e+03  -2.2700623e+03
   1.6600000e+02   8.0564751e+03  -6.2603251e+03
   1.6700000e+02   6.2316706e+03  -2.8331820e+03
   1.6800000e+02   2.1891862e+03   1.0796009e+02
   1.6900000e+02   1.7775790e+03  -6.0931802e+02
   1.7000000e+02   5.7808822e+03  -1.9619521e+03
   1.7100000e+02   8.1798890e+03  -2.8174855e+03
   1.7200000e+02   6.1026844e+03  -2.3214698e+03
   1.7300000e+02   3.5782225e+03  -1.1770884e+03
   1.7400000e+02   2.9818766e+02   1.2423384e+02
   1.7500000e+02  -1.4792477e+03   2.1714129e+03
   1.7600000e+02   2.6667973e+03   2.1499595e+03
   1.7700000e+02   5.2622773e+03  -2.2264577e+03
   1.7800000e+02  -6.3739827e+02  -4.2645861e+03
   1.7900000e+02  -6.5669351e+03  -1.4526991e+03
   1.8000000e+02  -2.2641384e+03  -1.7556304e+03
   1.8100000e+02   6.0746198e+03  -4.7267749e+03
   1.8200000e+02   6.4424199e+03  -4.3849487e+03
   1.8300000e+02  -2.6293580e+03  -4.7527137e+02
   1.8400000e+02  -1.1943861e+04   3.9203966e+03
   1.8500000e+02  -9.4069415e+03   4.4715402e+03
   1.8600000e+02   4.8215076e+02   2.1896297e+03
   1.8700000e+02   3.8991834e+03   1.1743962e+03
   1.8800000e+02   1.3815865e+03   1.5604492e+03
   1.8900000e+02  -2.7237404e+03   2.3692990e+03
   1.9000000e+02  -6.8422754e+03   4.0347493e+03
   1.9100000e+02  -7.0107393e+03   5.4492366e+03
   1.9200000e+02  -3.1818945e+03   3.3303215e+03
   1.9300000e+02   2.1864443e+01   9.2524693e+02
   1.9400000e+02   4.8922979e+02   2.3485899e+03
   1.9500000e+02   5.0600499e+02   3.4652699e+03
   1.9600000e+02  -1.1523146e+03   1.8637167e+03
   1.9700000e+02  -6.3376164e+03  -1.6371105e+03
   1.9800000e+02  -9.8393556e+03  -3.1300063e+03
   1.9900000e+02  -7.5519475e+03   2.7946183e+01
   2.0000000e+02  -2.9055587e+03   1.2310629e+03
   2.0100000e+02  -1.5901272e+03  -6.6623617e+02
   2.0200000e+02  -3.8564918e+03  -8.3867943e+02
   2.0300000e+02  -8.4908449e+03   8.4847773e+01
   2.0400000e+02  -1.1141038e+04   9.9430049e+02
   2.0500000e+02  -4.0059588e+03   8.4213420e+02
   2.0600000e+02   3.3459696e+03  -6.0629384e+02
   2.0700000e+02   6.4955156e+02  -1.5220374e+03
   2.0800000e+02  -1.9943484e+03  -1.9114011e+03
   2.0900000e+02   1.4443786e+03  -2.3892999e+03
   2.1000000e+02   6.1283091e+03  -1.3383285e+03
   2.1100000e+02   4.6980297e+03   1.0863936e+03
   2.1200000e+02  -1.5697694e+03   8.5445194e+01
   2.1300000e+02  -2.1688007e+03  -2.5930052e+03
   2.1400000e+02   1.3590966e+03  -1.0031109e+03
   2.1500000e+02   3.2494397e+03   8.6744196e+02
   2.1600000e+02   1.5486165e+03  -1.6577657e+03
   2.1700000e+02  -4.3850643e+03  -4.8514291e+03
   2.1800000e+02  -7.7228539e+03  -3.0332615e+03
   2.1900000e+02  -6.3117861e+03   2.1719654e+03
   2.2000000e+02  -1.8977600e+03   3.1086486e+03
   2.2100000e+02   3.8310676e+03  -7.8139256e+02
   2.2200000e+02   3.7174072e+03  -4.2492733e+03
   2.2300000e+02  -5.0722802e+02  -4.5851338e+03
   2.2400000e+02   2.9784113e+02  -3.0916168e+03
   2.2500000e+02   5.2624677e+03  -2.2405020e+03
   2.2600000e+02   6.3576093e+03  -1.2657693e+03
   2.2700000e+02   4.7167260e+03  -1.2633560e+02
   2.2800000e+02   6.6814313e+03   4.3967662e+02
   2.2900000e+02   6.8942293e+03  -4.7661232e+02
   2.3000000e+02   8.5235176e+02  -3.1912355e+03
   2.3100000e+02  -5.1891788e+03  -2.3486967e+03
   2.3200000e+02  -4.6160164e+03   1.5078300e+03
   2.3300000e+02   1.7283928e+03   1.2127596e+03
   2.3400000e+02   4.5848181e+03  -1.3650206e+03
   2.3500000e+02   2.9011715e+03  -3.3230728e+02
   2.3600000e+02   2.6564713e+03   2.0736228e+03
   2.3700000e+02   2.6317214e+03  -1.1608861e+02
   2.3800000e+02   1.7783482e+03  -3.4206646e+03
   2.3900000e+02   7.8451211e+02  -2.4645012e+03
   2.4000000e+02   1.8948533e+03  -1.0643321e+02
   2.4100000e+02   5.8738942e+03   1.9115968e+03
   2.4200000e+02   6.3098195e+03   1.0538330e+03
   2.4300000e+02   2.5152158e+03  -2.9601966e+03
   2.4400000e+02   1.8022007e+03  -3.2181593e+03
   2.4500000e+02   4.3864879e+03   6.7817408e+02
   2.4600000e+02   1.6480716e+03   4.0522008e+03
   2.4700000e+02  -4.6438403e+03   4.4193677e+03
   2.4800000e+02  -2.4398239e+03   2.3146509e+03
   2.4900000e+02   5.1897021e+03   1.1531647e+03
   2.5000000e+02   7.7189691e+03   1.2709218e+03
   2.5100000e+02   5.1267726e+03   2.3112552e+03
   2.5200000e+02   1.8737835e+03   4.0209044e+03
   2.5300000e+02  -9.3082650e+01   3.9944760e+03
   2.5400000e+02  -2.3005272e+03   2.5542648e+03
   2.5500000e+02  -2.6430153e+03   1.9263489e+03
   2.5600000e+02  -6.3401629e+02   2.1338106e+03
   2.5700000e+02  -1.7006405e+03   2.1236767e+03
   2.5800000e+02  -3.7009038e+03   2.7121856e+03
   2.5900000e+02  -3.0013637e+03   2.6935861e+03
   2.6000000e+02  -2.7517147e+03   1.1497642e+03
   2.6100000e+02  -5.2928539e+03   2.7160187e+03
   2.6200000e+02  -7.1142550e+03   5.1146699e+03
   2.6300000e+02  -2.2255935e+03   1.7407355e+03
   2.6400000e+02   4.5884349e+03  -4.0149481e+03
   2.6500000e+02   2.6797294e+03  -4.1360584e+03
   2.6600000e+02  -4.3309639e+03   4.1293542e+03
   2.6700000e+02  -3.3597405e+03   1.0548582e+04
   2.6800000e+02   4.8577217e+03   4.8166469e+03
   2.6900000e+02   7.5147568e+03  -3.6584386e+03
   2.7000000e+02   3.2189791e+03  -2.8711083e+03
   2.7100000e+02  -2.0083262e+03   2.6426072e+03
   2.7200000e+02  -5.7308799e+03   4.1513873e+03
   2.7300000e+02  -4.6876012e+03   1.7669089e+03
   2.7400000e+02   4.8698088e+02  -1.0702850e+03
   2.7500000e+02   4.6570165e+03  -2.1531926e+03
   2.7600000e+02   2.6650574e+03  -1.0438003e+03
   2.7700000e+02  -4.7426718e+03  -2.1057257e+03
   2.7800000e+02  -9.5343643e+03  -5.6546952e+03
   2.7900000e+02  -8.6789731e+03  -5.7120040e+03
   2.8000000e+02  -3.2890473e+03  -1.4766070e+03
   2.8100000e+02   2.9824417e+03   2.0509854e+03
   2.8200000e+02   3.1368432e+03   8.2205212e+02
   2.8300000e+02  -2.7842020e+03  -2.7836936e+03
   2.8400000e+02  -9.2481999e+03  -5.0470252e+03
   2.8500000e+02  -1.0010565e+04  -5.4591088e+03
   2.8600000e+02  -3.8935269e+03  -3.8520636e+03
   2.8700000e+02   1.5390368e+03  -2.7149801e+03
   2.8800000e+02   2.3907914e+03  -1.7845281e+03
   2.8900000e+02   1.7125143e+03   1.7914182e+01
   2.9000000e+02   1.7141151e+03  -5.7849200e+02
   2.9100000e+02   2.2486539e+03  -1.0399092e+03
   2.9200000e+02   3.2896478e+03   7.7634614e+02
   2.9300000e+02   2.0815852e+03   1.3681484e+03
   2.9400000e+02  -2.6941393e+03   1.0917024e+02
   2.9500000e+02  -3.1104743e+03  -1.3708142e+03
   2.9600000e+02   2.5809705e+02  -1.0906622e+03
   2.9700000e+02  -9.5468221e+02  -8.9621177e+02
   2.9800000e+02  -3.0002079e+03  -3.8915451e+03
   2.9900000e+02  -2.3352631e+03  -7.1384761e+03
   3.0000000e+02  -1.5431399e+03  -5.9259833e+03
   3.0100000e+02  -2.4494779e+03  -1.0862843e+03
   3.0200000e+02  -3.7206980e+03  -5.0385346e+02
   3.0300000e+02  -1.1901124e+03  -5.4585994e+03
   3.0400000e+02   1.9717764e+03  -6.4994671e+03
   3.0500000e+02   2.7560040e+03  -6.6866358e+02
   3.0600000e+02   3.0114756e+03   4.6526057e+03
   3.0700000e+02   2.6206891e+03   3.3039396e+03
   3.0800000e+02   3.6635919e+03  -5.2196962e+02
   3.0900000e+02   3.5733712e+03  -9.4121652e+02
   3.1000000e+02  -6.5191219e+02   3.2857966e+02
   3.1100000e+02  -2.9788881e+03   1.6475144e+03
   3.1200000e+02   5.6879720e+02   1.4947709e+03
   3.1300000e+02   7.7432414e+03  -1.7243187e+02
   3.1400000e+02   1.0217122e+04   2.5989381e+02
   3.1500000e+02   3.4653798e+03   1.5400881e+03
   3.1600000e+02  -4.0734297e+03   6.8774997e+02
   3.1700000e+02  -5.8819382e+03  -1.0178835e+03
   3.1800000e+02  -3.1422342e+03  -1.2989128e+03
   3.1900000e+02   1.1264458e+03  -3.4962656e+02
   3.2000000e+02   2.9593869e+03   1.2142699e+03
   3.2100000e+02   9.8309678e+02   2.3598104e+03
   3.2200000e+02  -1.1655186e+03   8.7560966e+02
   3.2300000e+02  -5.1584173e+01   1.0345109e+03
   3.2400000e+02   2.6345483e+03   4.3541067e+03
   3.2500000e+02   4.3400770e+03   4.6878814e+03
   3.2600000e+02   4.0444354e+03   3.0310352e+03
   3.2700000e+02   3.2542260e+03   1.3885679e+03
   3.2800000e+02   5.2881458e+03   5.8631026e+02
   3.2900000e+02   7.0204441e+03   3.4583927e+03
   3.3000000e+02   3.8714192e+03   6.6336572e+03
   3.3100000e+02  -4.4572763e+02   5.8137977e+03
   3.3200000e+02  -1.1545070e+01   9.8512764e+02
   3.3300000e+02   2.7431408e+03  -7.6256454e+02
   3.3400000e+02   5.1990156e+02   4.9395092e+03
   3.3500000e+02  -3.5090851e+03   7.3353093e+03
   3.3600000e+02  -9.2311407e+02   2.5479289e+03
   3.3700000e+02   5.4344747e+03   4.3116731e+02
   3.3800000e+02   6.1471511e+03   3.8322352e+03
   3.3900000e+02  -1.3182213e+02   5.2381048e+03
   3.4000000e+02  -4.8908924e+03   6.2416504e+02
   3.4100000e+02  -3.4607123e+03  -2.6465517e+03
   3.4200000e+02   2.1352002e+03  -6.9581842e+02
   3.4300000e+02   6.7630581e+03   1.5654418e+03
   3.4400000e+02   3.1213161e+03   1.8177467e+03
   3.4500000e+02  -3.7153652e+03   1.2042651e+03
   3.4600000e+02  -2.3074019e+03   9.0198606e+02
   3.4700000e+02   3.9840920e+03  -1.6893975e+03
   3.4800000e+02   3.7727796e+03  -5.3857226e+03
   3.4900000e+02  -4.4111445e+03  -3.9525711e+03
   3.5000000e+02  -7.8528295e+03  -1.9870198e+02
   3.5100000e+02  -5.1328485e+02   9.8951531e+01
   3.5200000e+02   5.1178508e+03  -2.4456289e+03
   3.5300000e+02   1.0409364e+03  -2.1204654e+03
   3.5400000e+02  -4.2733765e+03   1.8503731e+03
   3.5500000e+02  -3.1817887e+03  -1.1531316e+03
   3.5600000e+02  -1.9583884e+03  -9.2044081e+03
   3.5700000e+02  -3.9468759e+03  -6.6603334e+03
   3.5800000e+02  -2.3330788e+03   3.8564740e+03
   3.5900000e+02  -3.4434211e+02   5.7587829e+03
   3.6000000e+02  -3.4561337e+03  -2.6753551e+03
   3.6100000e+02  -6.3678737e+03  -7.7011142e+03
   3.6200000e+02  -5.8074486e+03  -4.1736542e+03
   3.6300000e+02  -4.7925430e+03  -5.8600241e+02
   3.6400000e+02  -5.7517973e+03  -1.9754775e+03
   3.6500000e+02  -5.5650522e+03  -3.6846465e+03
   3.6600000e+02  -2.7344753e+03  -6.0901080e+02
   3.6700000e+02  -1.8199471e+03   3.9411350e+03
   3.6800000e+02  -4.6364068e+03   2.9994409e+03
   3.6900000e+02  -7.6691877e+03  -4.4370646e+03
   3.7000000e+02  -4.1965038e+03  -8.6371541e+03
   3.7100000e+02   3.8796055e+03  -9.3445192e+02
   3.7200000e+02   4.0867150e+03   7.5548724e+03
   3.7300000e+02  -4.2597350e+03   3.8121705e+03
   3.7400000e+02  -8.4319756e+03  -6.1654964e+03
   3.7500000e+02  -2.6624505e+03  -9.6280454e+03
   3.7600000e+02   4.3018084e+03  -2.7588118e+03
   3.7700000e+02   3.9808929e+03   3.3560520e+03
   3.7800000e+02  -3.2490052e+02   9.3436624e+02
   3.7900000e+02  -3.8283554e+03  -2.7091272e+03
   3.8000000e+02  -4.3049231e+03  -2.9044073e+03
   3.8100000e+02  -1.2889063e+03  -1.0058717e+03
   3.8200000e+02   9.4549233e+02   2.5662934e+02
   3.8300000e+02   2.2622261e+02  -1.1246828e+03
   3.8400000e+02   5.6041137e+02  -2.4460640e+03
   3.8500000e+02   3.5517396e+03  -1.4642005e+03
   3.8600000e+02   3.3624093e+03   1.4062951e+03
   3.8700000e+02   1.2073475e+02   3.3703631e+03
   3.8800000e+02   6.9336814e+02   2.1492919e+03
   3.8900000e+02   3.3673095e+03   7.4877221e+01
   3.9000000e+02   4.0723620e+03   8.0168577e+02
   3.9100000e+02   2.7453186e+03   4.4856829e+03
   3.9200000e+02   2.9123391e+03   5.2797874e+03
   3.9300000e+02   6.3304840e+03   1.2790544e+03
   3.9400000e+02   4.4789885e+03  -1.9632442e+03
   3.9500000e+02  -2.1720746e+03  -1.9586489e+03
   3.9600000e+02  -2.8842197e+03   1.0533163e+03
   3.9700000e+02   1.5542161e+03   3.7168728e+03
   3.9800000e+02   5.3645425e+03   1.6195640e+03
   3.9900000e+02   5.4492378e+03  -3.1490261e+03
   4.0000000e+02   2.3326641e+03  -4.5752505e+03
   4.0100000e+02   2.7833953e+01   2.7017394e+02
   4.0200000e+02   1.6613323e+03   4.8130459e+03
   4.0300000e+02   7.7808550e+03   3.2962074e+03
   4.0400000e+02   1.1152882e+04   6.2235361e+02
   4.0500000e+02   7.4234449e+03   4.7157172e+01
   4.0600000e+02   3.9301160e+03   2.4329545e+02
   4.0700000e+02   4.5678504e+03   9.1467267e+02
   4.0800000e+02   5.8088200e+03   2.0613279e+03
   4.0900000e+02   4.8782482e+03   2.6361994e+03
   4.1000000e+02   2.0877160e+03   1.2928603e+03
   4.1100000e+02  -1.4480367e+03  -1.0856747e+03
   4.1200000e+02  -2.5971203e+03  -2.2723645e+03
   4.1300000e+02   1.4695800e+03   7.5720445e+02
   4.1400000e+02   4.7932886e+03   5.7281119e+03
   4.1500000e+02   2.5702905e+03   5.1971615e+03
   4.1600000e+02  -1.1053763e+03   8.6128233e+02
   4.1700000e+02  -2.5585830e+03  -1.4482578e+03
   4.1800000e+02  -1.0624796e+03  -2.2818161e+03
   4.1900000e+02   8.2626923e+02  -3.2099855e+03
   4.2000000e+02   7.3125801e+02  -2.7573991e+03
   4.2100000e+02   3.9359782e+02   2.8686483e+02
   4.2200000e+02   4.5419088e+01   1.8425253e+03
   4.2300000e+02  -2.6028778e+03   1.5214233e+02
   4.2400000e+02  -5.1179396e+03  -4.1607468e+02
   4.2500000e+02  -2.6115924e+03   1.1275454e+03
   4.2600000e+02  -3.3569407e+02   2.4319324e+03
   4.2700000e+02  -3.3778765e+03   2.6777286e+03
   4.2800000e+02  -4.8182220e+03   4.0648120e+03
   4.2900000e+02  -3.3360662e+03   5.8929467e+03
   4.3000000e+02  -3.9571312e+03   4.4850247e+03
   4.3100000e+02  -5.4373094e+03   2.1405190e+03
   4.3200000e+02  -5.5425727e+03   3.5350840e+02
   4.3300000e+02  -5.1924542e+03  -2.0650172e+03
   4.3400000e+02  -5.0811479e+03  -2.7644610e+03
   4.3500000e+02  -4.4692524e+03  -6.0004426e+02
   4.3600000e+02  -4.5035405e+03   1.2651593e+03
   4.3700000e+02  -4.1181654e+03  -4.8614740e+02
   4.3800000e+02  -1.6235663e+03  -1.1694100e+03
   4.3900000e+02  -2.5836480e+03   2.0196727e+03
   4.4000000e+02  -6.1997407e+03   1.7739464e+03
   4.4100000e+02  -5.7891393e+03  -2.0527299e+03
   4.4200000e+02  -3.5869855e+03  -3.1222000e+03
   4.4300000e+02  -3.5330781e+03   2.8120650e+02
   4.4400000e+02  -4.6771656e+03   3.7972889e+03
   4.4500000e+02  -2.2696238e+03   1.5124889e+03
   4.4600000e+02   2.7090276e+03  -2.6753171e+03
   4.4700000e+02   1.9276271e+03  -3.1738981e+03
   4.4800000e+02  -2.1396541e+03  -6.6668616e+02
   4.4900000e+02  -1.2675267e+03   1.6970953e+03
   4.5000000e+02   1.8894399e+03  -8.1666422e+02
   4.5100000e+02   4.8834490e+02  -4.4278746e+03
   4.5200000e+02  -3.2742400e+03  -2.9172399e+03
   4.5300000e+02  -1.9908707e+03  -1.2672189e+03
   4.5400000e+02   2.4162782e+03  -4.3733815e+03
   4.5500000e+02   2.7133485e+03  -6.2902709e+03
   4.5600000e+02  -1.1562357e+03  -1.4360760e+03
   4.5700000e+02  -2.5574097e+03   1.7311731e+03
   4.5800000e+02   1.6016773e+03  -2.4294063e+03
   4.5900000e+02   5.7110411e+03  -4.9553979e+03
   4.6000000e+02   6.6120344e+03  -2.6370597e+03
   4.6100000e+02   5.3763628e+03  -1.2175235e+03
   4.6200000e+02   2.8674082e+03  -3.7045404e+03
   4.6300000e+02   1.7353124e+03  -7.1415429e+03
   4.6400000e+02   1.0028122e+03  -6.6615792e+03
   4.6500000e+02   5.7539794e+02  -2.6040899e+03
   4.6600000e+02   3.7693667e+03   1.1806717e+03
   4.6700000e+02   7.3524372e+03   7.8469257e+01
   4.6800000e+02   5.0916493e+03  -5.1116348e+03
   4.6900000e+02  -1.9536370e+03  -7.0822868e+03
   4.7000000e+02  -4.1000315e+03  -3.6697551e+03
   4.7100000e+02   1.1261450e+03   1.1608451e+03
   4.7200000e+02   4.3683663e+03   2.0973830e+03
   4.7300000e+02   3.7557733e+03  -7.1797659e+02
   4.7400000e+02   3.0092500e+03  -9.2836042e+02
   4.7500000e+02   1.8912153e+03   2.1459516e+03
   4.7600000e+02   1.0036705e+03   4.7223705e+03
   4.7700000e+02   7.1028226e+02   4.4680348e+03
   4.7800000e+02   9.5123999e+02   8.8538522e+02
   4.7900000e+02   2.4166738e+03  -2.5096254e+03
   4.8000000e+02   2.4648797e+03  -1.1623220e+03
   4.8100000e+02  -4.8136114e+02   3.4822829e+03
   4.8200000e+02   1.4962114e+02   4.1260836e+03
   4.8300000e+02   5.5104196e+03   3.1502167e+02
   4.8400000e+02   5.3237775e+03  -1.8126887e+03
   4.8500000e+02  -2.3150489e+02  -1.2977952e+03
   4.8600000e+02  -1.7827886e+03   8.0797994e+02
   4.8700000e+02   8.4886736e+02   3.5764722e+03
   4.8800000e+02   1.1380546e+03   4.9518622e+03
   4.8900000e+02  -3.2515286e+03   3.5237662e+03
   4.9000000e+02  -4.2344524e+03   1.3734879e+03
   4.9100000e+02   2.0771146e+03   3.5500442e+03
   4.9200000e+02   5.3749974e+03   6.9078687e+03
   4.9300000e+02   5.5445725e+02   5.9202728e+03
   4.9400000e+02  -4.6710170e+03   3.9852017e+03
   4.9500000e+02  -3.0506968e+03   3.7991864e+03
   4.9600000e+02   1.8412019e+03   3.7401281e+03
   4.9700000e+02   2.5455755e+03   3.3942977e+03
   4.9800000e+02   7.1183739e+02   4.1077848e+03
   4.9900000e+02   1.8617168e+03   4.3140716e+03
   5.0000000e+02   3.9941596e+03   3.0053744e+03
   5.0100000e+02   1.6587125e+02   3.5043274e+03
   5.0200000e+02  -5.4585852e+03   3.3777670e+03
   5.0300000e+02  -3.8593768e+03   1.5130165e+03
   5.0400000e+02  -1.1418817e+03   2.4137948e+03
   5.0500000e+02  -2.0367461e+03   3.8692891e+03
   5.0600000e+02  -1.9506161e+03   3.8445665e+03
   5.0700000e+02  -1.7379570e+03   3.1442950e+03
   5.0800000e+02  -2.5413148e+03   1.5110768e+03
   5.0900000e+02  -2.7992835e+03   2.1376366e+02
   5.1000000e+02  -1.9217194e+03   9.9202111e+01
   5.1100000e+02  -1.2264767e+03   1.9241413e+03
   5.1200000e+02  -1.2594563e+03   2.5617671e+03
   5.1300000e+02   1.7660182e+01  -8.0063245e+02
   5.1400000e+02  -2.3661545e+02  -3.5185405e+03
   5.1500000e+02  -1.9740556e+03  -2.7216847e+03
   5.1600000e+02  -4.5673222e+02  -6.5121779e+02
   5.1700000e+02   1.6666793e+03  -8.0686532e+02
   5.1800000e+02   1.4081963e+03  -2.9976760e+03
   5.1900000e+02  -1.7673927e+03  -4.2645959e+03
   5.2000000e+02  -5.1367170e+03  -4.5710364e+03
   5.2100000e+02  -2.6855381e+03  -3.3287652e+03
   5.2200000e+02   1.3068947e+03  -1.1622084e+03
   5.2300000e+02   3.5264555e+01   3.7099362e+02
   5.2400000e+02  -3.8897396e+03   3.2429306e+02
   5.2500000e+02  -5.5198472e+03  -3.7552895e+03
   5.2600000e+02  -1.9820510e+03  -7.0547046e+03
   5.2700000e+02   2.8954705e+03  -4.2657539e+03
   5.2800000e+02   1.7706510e+03  -1.7829423e+03
   5.2900000e+02  -2.9931663e+03  -5.9482283e+03
   5.3000000e+02  -3.7365660e+03  -1.1221781e+04
   5.3100000e+02  -1.1767015e+03  -9.2823946e+03
   5.3200000e+02  -8.6530220e+02  -4.4899615e+03
   5.3300000e+02  -2.9907738e+03  -3.1622124e+03
   5.3400000e+02  -3.1584778e+03  -3.5439917e+03
   5.3500000e+02  -1.3752221e+02  -5.4035898e+03
   5.3600000e+02   2.1085084e+03  -5.8283353e+03
   5.3700000e+02   7.5552505e+02  -1.6875101e+03
   5.3800000e+02  -3.6242083e+03   7.7683697e+02
   5.3900000e+02  -5.8352709e+03  -3.1054545e+03
   5.4000000e+02  -5.0105637e+02  -6.3976960e+03
   5.4100000e+02   5.3205047e+03  -2.6264293e+03
   5.4200000e+02   3.9044097e+03   5.8458336e+02
   5.4300000e+02  -2.4979834e+02  -9.2838523e+02
   5.4400000e+02  -1.6293328e+03  -3.6674970e+02
   5.4500000e+02   1.1703633e+03   8.0271282e+02
   5.4600000e+02   2.8984800e+03  -7.7017609e+02
   5.4700000e+02  -3.5139208e+02  -2.1748791e+03
   5.4800000e+02  -1.2160901e+03  -1.8876572e+03
   5.4900000e+02   1.8404065e+03  -4.1415711e+02
   5.5000000e+02   1.7801901e+03   7.5540165e+02
   5.5100000e+02  -1.0411162e+03   1.0480767e+03
   5.5200000e+02  -9.2513515e+02  -1.5404545e+02
   5.5300000e+02   2.3247146e+03  -7.6882875e+02
   5.5400000e+02   2.9415661e+03   2.2814065e+03
   5.5500000e+02   5.2242729e+01   3.9082936e+03
   5.5600000e+02  -1.0199357e+03   9.7521974e+02
   5.5700000e+02   2.8067975e+03  -8.4929202e+02
   5.5800000e+02   7.8228041e+03   2.3422835e+03
   5.5900000e+02   6.7520396e+03   6.8509566e+03
   5.6000000e+02   1.5209671e+03   7.6881923e+03
   5.6100000e+02   8.9971154e+02   6.6368608e+03
   5.6200000e+02   5.2509298e+03   5.4958805e+03
   5.6300000e+02   6.8406715e+03   3.8857915e+03
   5.6400000e+02   2.4163659e+03   3.8596305e+03
   5.6500000e+02  -1.2475944e+03   6.5747093e+03
   5.6600000e+02   6.0770502e+02   1.0107456e+04
   5.6700000e+02   4.0705799e+03   9.0898287e+03
   5.6800000e+02   4.0009016e+03   4.4883957e+03
   5.6900000e+02   2.5064146e+01   2.7177766e+03
   5.7000000e+02  -1.8260788e+03   3.0723308e+03
   5.7100000e+02   1.4401933e+03   4.3367006e+03
   5.7200000e+02   4.9133957e+03   4.1868497e+03
   5.7300000e+02   3.7943188e+03   5.4653734e+02
   5.7400000e+02  -2.7904690e+01  -4.6527946e+02
   5.7500000e+02  -1.1983039e+03   2.5100128e+03
   5.7600000e+02  -1.5994442e+03   4.3055433e+03
   5.7700000e+02  -1.6858861e+03   2.3138732e+03
   5.7800000e+02   2.3364418e+03  -8.1003044e+02
   5.7900000e+02   4.1215712e+03  -8.6898970e+00
   5.8000000e+02   3.9860109e+02   2.5375016e+03
   5.8100000e+02  -2.4335030e+03   2.5974551e+03
   5.8200000e+02  -1.8513886e+03   1.2804347e+02
   5.8300000e+02  -1.0564740e+03  -2.9070962e+03
   5.8400000e+02  -2.8680226e+03  -3.2253123e+03
   5.8500000e+02  -1.7534627e+03  -1.3364937e+03
   5.8600000e+02   1.8927839e+03   1.4578242e+02
   5.8700000e+02  -1.5299211e+03  -3.0780039e+02
   5.8800000e+02  -6.7134167e+03  -1.7026163e+03
   5.8900000e+02  -5.1987318e+03  -9.2205980e+02
   5.9000000e+02  -1.1030701e+03  -5.1658063e+01
   5.9100000e+02   1.2506159e+03  -1.9624087e+03
   5.9200000e+02   7.3622103e+02  -4.3447190e+03
   5.9300000e+02  -1.8387247e+03  -3.2805991e+03
   5.9400000e+02  -2.6085623e+03   2.5479873e+02
   5.9500000e+02   7.5007168e+02  -1.0261916e+03
   5.9600000e+02   2.6841681e+03  -5.5004052e+03
   5.9700000e+02  -1.2634389e+03  -4.1529761e+03
   5.9800000e+02  -4.5482177e+03  -2.9021645e+02
   5.9900000e+02  -2.8668632e+03  -2.2669332e+03
   6.0000000e+02  -4.0527748e+01  -6.2940402e+03
   6.0100000e+02   5.4036997e+02  -4.8732216e+03
   6.0200000e+02  -1.2955709e+03  -1.2445986e+03
   6.0300000e+02  -4.0215082e+03  -1.9411318e+02
   6.0400000e+02  -5.4874945e+03  -7.1694238e+02
   6.0500000e+02  -3.6124274e+03  -3.2813378e+03
   6.0600000e+02  -2.2851492e+03  -5.9563791e+03
   6.0700000e+02  -5.2628229e+03  -3.5604012e+03
   6.0800000e+02  -7.1684011e+03   2.3387553e+03
   6.0900000e+02  -3.9539422e+03   2.9102230e+03
   6.1000000e+02   1.3361242e+03  -4.1518539e+03
   6.1100000e+02   1.6573557e+03  -9.3761879e+03
   6.1200000e+02  -2.9583189e+03  -7.4357839e+03
   6.1300000e+02  -3.7048688e+03  -9.8782829e+02
   6.1400000e+02  -2.2306992e+03   2.6676917e+03
   6.1500000e+02  -2.8330004e+03  -4.5267883e+03
   6.1600000e+02  -5.5938336e+02  -1.3402309e+04
   6.1700000e+02   3.6893405e+03  -9.4660089e+03
   6.1800000e+02   2.9860704e+03   2.0342107e+03
   6.1900000e+02  -1.7242751e+03   6.5241503e+03
   6.2000000e+02  -2.2824661e+03   3.3967766e+02
   6.2100000e+02   1.4157661e+02  -4.2455195e+03
   6.2200000e+02  -1.4861024e+03   1.3823785e+03
   6.2300000e+02  -2.5272071e+03   7.6219526e+03
   6.2400000e+02  -2.4812391e+01   5.6911327e+03
   6.2500000e+02   1.4405548e+02   1.2863044e+03
   6.2600000e+02  -1.6069928e+03   9.0342899e+02
   6.2700000e+02  -4.0749718e+02   1.4924272e+03
   6.2800000e+02   2.7752213e+03   1.6792804e+03
   6.2900000e+02   3.3418375e+03   2.9532224e+03
   6.3000000e+02   2.3049159e+03   1.4634761e+03
   6.3100000e+02   2.8501987e+03  -2.0417033e+03
   6.3200000e+02   4.2643356e+03  -2.2905124e+03
   6.3300000e+02   5.2928987e+03   9.0272872e+02
   6.3400000e+02   4.4737994e+03   4.0106478e+03
   6.3500000e+02   2.8426734e+03   3.6570493e+03
   6.3600000e+02   2.8572253e+03   1.7296300e+03
   6.3700000e+02   4.1690098e+03   1.4872598e+03
   6.3800000e+02   4.3883451e+03   2.7652075e+03
   6.3900000e+02   1.0345297e+03   3.3209042e+03
   6.4000000e+02  -9.4909095e+02   1.0059469e+03
   6.4100000e+02   2.1582528e+03  -5.6129921e+02
   6.4200000e+02   3.5197823e+03   9.7716789e+02
   6.4300000e+02   2.0164966e+03   2.5513333e+03
   6.4400000e+02   2.8700557e+03   3.1312052e+03
   6.4500000e+02   5.3168968e+03   2.3429833e+03
   6.4600000e+02   5.4571076e+03   1.5858743e+03
   6.4700000e+02   3.2473808e+03   2.2008992e+03
   6.4800000e+02   3.0902031e+03   1.8093206e+03
   6.4900000e+02   6.0716740e+03   7.0303549e+02
   6.5000000e+02   7.5442035e+03   1.2365365e+03
   6.5100000e+02   3.8319246e+03   3.0629026e+03
   6.5200000e+02  -1.4338687e+03   3.4670615e+03
   6.5300000e+02  -1.0009343e+03   8.2007026e+02
   6.5400000e+02   3.4777087e+03  -2.0586525e+03
   6.5500000e+02   4.1232661e+03  -2.5309985e+02
   6.5600000e+02   5.5488842e+02   4.6984558e+03
   6.5700000e+02  -4.4633790e+02   4.9709999e+03
   6.5800000e+02   1.4674003e+03   1.6171289e+03
   6.5900000e+02   3.0931450e+02   8.3898677e+01
   6.6000000e+02  -2.6131541e+03  -7.5831801e+02
   6.6100000e+02  -3.1029589e+03   3.0452717e+02
   6.6200000e+02  -5.3993459e+02   2.5866566e+03
   6.6300000e+02   1.3408281e+03   2.2131459e+03
   6.6400000e+02  -4.1396875e+03   3.9659545e+02
   6.6500000e+02  -9.8572096e+03  -1.0347281e+03
   6.6600000e+02  -5.0754130e+03   5.2837793e+02
   6.6700000e+02   2.3326220e+03   3.9402326e+03
   6.6800000e+02   1.4881111e+03   3.7652909e+03
   6.6900000e+02  -5.8265814e+03   6.8930800e+02
   6.7000000e+02  -9.6879263e+03  -2.1158306e+03
   6.7100000e+02  -5.8549684e+03  -2.7699194e+03
   6.7200000e+02  -5.9119987e+02  -1.3887849e+03
   6.7300000e+02   3.0132234e+02   2.3457898e+02
   6.7400000e+02  -4.4646691e+03   1.0856123e+03
   6.7500000e+02  -8.5543698e+03  -1.4029550e+01
   6.7600000e+02  -5.2357134e+03  -1.3145955e+03
   6.7700000e+02  -7.6380421e+02  -1.5937875e+03
   6.7800000e+02  -1.6885172e+03  -1.0272879e+03
   6.7900000e+02  -4.3168367e+03   2.9890889e+02
   6.8000000e+02  -4.3395390e+03  -2.4971181e+03
   6.8100000e+02  -3.0176791e+03  -7.3315582e+03
   6.8200000e+02  -2.5456436e+03  -6.4129041e+03
   6.8300000e+02  -2.9207391e+03  -2.5350188e+03
   6.8400000e+02  -4.1656900e+03  -2.1476466e+02
   6.8500000e+02  -3.6688130e+03   5.9767190e-01
   6.8600000e+02   2.2115278e+02  -2.8698924e+03
   6.8700000e+02   3.1265958e+03  -5.3276016e+03
   6.8800000e+02   1.8291054e+03  -2.4785075e+03
   6.8900000e+02  -1.1084317e+03   1.7625236e+03
   6.9000000e+02  -7.3205674e+02   7.8565102e+02
   6.9100000e+02   1.1880569e+03  -2.7510486e+03
   6.9200000e+02  -5.8752754e+02  -3.3542124e+03
   6.9300000e+02  -2.2555087e+03  -1.2811008e+03
   6.9400000e+02   1.8509082e+02  -8.5826472e+02
   6.9500000e+02   1.2840977e+03  -4.1672987e+03
   6.9600000e+02  -3.3103183e+03  -7.3364513e+03
   6.9700000e+02  -6.1908845e+03  -7.7448033e+03
   6.9800000e+02   4.8559853e+01  -5.2549144e+03
   6.9900000e+02   6.6902747e+03  -2.2852129e+03
   7.0000000e+02   4.4982713e+03  -3.1504006e+03
   7.0100000e+02  -6.6124460e+02  -3.9173420e+03
   7.0200000e+02  -3.4708566e+02  -2.3517318e+03
   7.0300000e+02   3.6721093e+03  -1.6956641e+03
   7.0400000e+02   4.7039681e+03   7.7017802e+02
   7.0500000e+02   3.1658315e+03   2.9316824e+03
   7.0600000e+02   1.8465538e+03   5.3548780e+02
   7.0700000e+02   7.1627438e+02  -1.7209783e+03
   7.0800000e+02   7.4110740e+02  -1.5438575e+03
   7.0900000e+02   8.2076560e+02  -2.0921321e+02
   7.1000000e+02   6.0643959e+02   1.6088366e+03
   7.1100000e+02   7.4122885e+02   6.2439713e+02
   7.1200000e+02   5.8452157e+02  -1.9545524e+03
   7.1300000e+02   2.1176976e+03   3.8770876e+02
   7.1400000e+02   4.0884022e+03   5.0002980e+03
   7.1500000e+02   4.0767224e+03   4.8437998e+03
   7.1600000e+02   4.4780792e+03   2.4028603e+03
   7.1700000e+02   4.6480127e+03   9.8883412e+02
   7.1800000e+02   2.8591559e+03   8.1983961e+02
   7.1900000e+02   2.9847181e+03   2.5660507e+03
   7.2000000e+02   4.9788299e+03   3.7980765e+03
   7.2100000e+02   2.2052673e+03   2.9672871e+03
   7.2200000e+02  -1.3732923e+03   1.3409544e+03
   7.2300000e+02   2.5406724e+03   1.1523085e+03
   7.2400000e+02   6.8533854e+03   3.0678584e+03
   7.2500000e+02   4.4882205e+03   4.1624750e+03
   7.2600000e+02   5.6332475e+02   3.7116678e+03
   7.2700000e+02   5.8276803e+02   2.2867735e+03
   7.2800000e+02   2.9614889e+03   1.3778373e+03
   7.2900000e+02   2.2423521e+03   3.7069805e+03
   7.3000000e+02  -5.8811167e+02   6.4641729e+03
   7.3100000e+02  -1.7859997e+03   6.0004804e+03
   7.3200000e+02  -1.3012358e+03   3.5761355e+03
   7.3300000e+02   1.5200608e+02   3.3237353e+03
   7.3400000e+02  -9.5767410e+01   5.1480672e+03
   7.3500000e+02  -8.3312177e+02   3.0718377e+03
   7.3600000e+02   1.0483113e+03  -2.0765298e+02
   7.3700000e+02   2.3654217e+03   2.4223633e+03
   7.3800000e+02   4.0223653e+02   6.5046208e+03
   7.3900000e+02  -2.9269118e+03   4.0855114e+03
   7.4000000e+02  -3.5574419e+03  -2.5207596e+03
   7.4100000e+02  -1.3618791e+03  -3.8350435e+03
   7.4200000e+02   3.3609261e+02   5.9236000e+02
   7.4300000e+02   5.9268822e+02   3.4315919e+03
   7.4400000e+02  -1.7420474e+03   3.5167981e+03
   7.4500000e+02  -5.0276790e+03   2.4224210e+03
   7.4600000e+02  -5.5095749e+03   7.2519998e+02
   7.4700000e+02  -2.8979896e+03   1.6635862e+02
   7.4800000e+02   1.0463591e+02   1.8062977e+03
   7.4900000e+02  -4.8735457e+02   2.9676933e+03
   7.5000000e+02  -2.2302100e+03   6.2772618e+02
   7.5100000e+02  -2.2593223e+03  -1.2542475e+03
   7.5200000e+02  -3.6014782e+03  -1.3011372e+02
   7.5300000e+02  -5.2666138e+03   2.8116161e+02
   7.5400000e+02  -5.8105445e+03  -1.0128904e+03
   7.5500000e+02  -4.7289377e+03  -2.9307965e+03
   7.5600000e+02  -1.5378805e+03  -4.4864228e+03
   7.5700000e+02  -7.3780452e+02  -4.7743262e+03
   7.5800000e+02  -2.4251283e+03  -3.7672064e+03
   7.5900000e+02  -2.0062112e+03  -2.3283487e+03
   7.6000000e+02  -4.0288474e+02  -2.5662105e+03
   7.6100000e+02  -4.0653112e+02  -4.0996478e+03
   7.6200000e+02  -7.2850614e+01  -5.0723077e+03
   7.6300000e+02   1.3525474e+03  -5.1693070e+03
   7.6400000e+02  -3.1484954e+02  -5.6478707e+03
   7.6500000e+02  -2.4259856e+03  -7.3252615e+03
   7.6600000e+02  -3.3807442e+02  -6.7094129e+03
   7.6700000e+02   6.1400730e+02  -3.2121051e+03
   7.6800000e+02  -1.6514121e+03  -1.3553021e+03
   7.6900000e+02  -1.5313162e+03  -2.7180660e+03
   7.7000000e+02   1.1424948e+03  -5.5996372e+03
   7.7100000e+02   1.1328157e+03  -5.3421143e+03
   7.7200000e+02  -1.1397587e+03  -9.6881514e+02
   7.7300000e+02  -2.1695917e+03   6.3822649e+02
   7.7400000e+02  -2.9257070e+03  -2.0723598e+03
   7.7500000e+02  -2.2636042e+03  -1.9988898e+03
   7.7600000e+02   7.7780328e+02   1.5394121e+03
   7.7700000e+02   2.4421718e+03   1.7472879e+02
   7.7800000e+02   1.1821655e+03  -5.6839412e+03
   7.7900000e+02  -1.4749811e+03  -6.5375851e+03
   7.8000000e+02  -1.3919893e+03  -1.9294743e+03
   7.8100000e+02   1.7706679e+03  -1.2077363e+02
   7.8200000e+02   2.6681894e+03  -4.8976708e+03
   7.8300000e+02   4.8764567e+02  -9.2675073e+03
   7.8400000e+02  -2.0425865e+03  -6.5909023e+03
   7.8500000e+02  -1.6320895e+03  -9.7295295e+02
   7.8600000e+02   1.1597228e+03   1.5353029e+03
   7.8700000e+02   1.7801234e+03  -9.2572611e+02
   7.8800000e+02   1.5626155e+03  -3.7498764e+03
   7.8900000e+02   1.6483825e+03  -1.4315260e+03
   7.9000000e+02   2.1964681e+02   2.7042367e+03
   7.9100000e+02  -4.0418092e+02   4.7700586e+03
   7.9200000e+02   1.6020952e+03   4.4824246e+03
   7.9300000e+02   4.6150084e+03   3.9056330e+03
   7.9400000e+02   5.6710738e+03   6.1116688e+03
   7.9500000e+02   3.4948697e+03   7.2401497e+03
   7.9600000e+02   7.8461448e+02   4.2594560e+03
   7.9700000e+02   1.0557265e+03   2.0305207e+03
   7.9800000e+02   3.1857025e+03   3.6103891e+03
   7.9900000e+02   3.2516655e+03   5.6042168e+03
   8.0000000e+02   2.5757043e+03   5.4335563e+03
   8.0100000e+02   3.3543283e+03   5.9876196e+03
   8.0200000e+02   4.1860418e+03   6.0576424e+03
   8.0300000e+02   4.1946827e+03   2.1431417e+03
   8.0400000e+02   2.1064656e+03   3.6831810e+02
   8.0500000e+02  -1.3239391e+01   6.6750856e+03
   8.0600000e+02   1.9909047e+03   1.2584163e+04
   8.0700000e+02   4.6526724e+03   7.2527813e+03
   8.0800000e+02   2.2924344e+03   1.8407194e+02
   8.0900000e+02  -1.6425454e+03   3.5142878e+03
   8.1000000e+02  -1.0483909e+03   7.2933514e+03
   8.1100000e+02   1.2414298e+03   4.7896856e+03
   8.1200000e+02   2.0531981e+03   3.3502196e+03
   8.1300000e+02   1.9859733e+03   4.3398788e+03
   8.1400000e+02  -1.1869571e+02   3.5245043e+03
   8.1500000e+02  -1.1601367e+03   9.3252364e+02
   8.1600000e+02   1.0285601e+02   8.3561885e+02
   8.1700000e+02  -1.4421191e+02   1.0796692e+03
   8.1800000e+02  -1.6074179e+03  -2.1225588e+03
   8.1900000e+02  -3.0102781e+03  -2.2248609e+03
   8.2000000e+02  -2.9639343e+03   9.2957900e+02
   8.2100000e+02  -2.8336596e+03  -1.3118287e+03
   8.2200000e+02  -4.7330689e+03  -5.2822294e+03
   8.2300000e+02  -4.2701536e+03  -2.1887427e+03
   8.2400000e+02  -6.7671134e+02   2.6003221e+03
   8.2500000e+02   2.3470378e+03   4.3037345e+02
   8.2600000e+02   2.3233570e+03  -3.0345157e+03
   8.2700000e+02  -7.4721464e+02  -1.3042762e+03
   8.2800000e+02  -1.7304909e+03   1.0004244e+03
   8.2900000e+02   7.3801425e+02   5.0010285e+02
   8.3000000e+02   3.5636330e+03  -3.0924500e+02
   8.3100000e+02   4.1827363e+03  -7.5877372e+02
   8.3200000e+02   2.7749999e+02  -2.8325995e+03
   8.3300000e+02  -4.6478412e+03  -3.6611895e+03
   8.3400000e+02  -4.6913166e+03  -9.1998706e+02
   8.3500000e+02  -1.0444165e+02  -6.2136973e+02
   8.3600000e+02   2.1987951e+03  -3.9574773e+03
   8.3700000e+02  -2.4363429e+03  -4.4870892e+03
   8.3800000e+02  -8.3003078e+03  -1.5680177e+03
   8.3900000e+02  -7.2518873e+03  -1.9799490e+03
   8.4000000e+02  -1.0900040e+02  -6.8955968e+03
   8.4100000e+02   2.7285546e+03  -7.3628956e+03
   8.4200000e+02  -2.7641160e+03  -3.8468854e+03
   8.4300000e+02  -7.3891014e+03  -4.8734974e+03
   8.4400000e+02  -5.5014508e+03  -7.2114831e+03
   8.4500000e+02  -1.4539354e+02  -6.1620480e+03
   8.4600000e+02   2.5277943e+03  -4.0223696e+03
   8.4700000e+02   5.8335914e+02  -2.6737775e+03
   8.4800000e+02  -1.5257697e+03  -2.8938717e+03
   8.4900000e+02  -2.2547068e+03  -4.1362985e+03
   8.5000000e+02  -1.3663545e+03  -4.3460996e+03
   8.5100000e+02  -5.3848241e+02  -1.9426583e+03
   8.5200000e+02  -2.3513697e+03   1.3236172e+02
   8.5300000e+02  -2.8798321e+03  -2.0234029e+03
   8.5400000e+02  -9.8481376e+02  -4.5791259e+03
   8.5500000e+02   7.4037181e+02  -2.4512986e+03
   8.5600000e+02   7.0094461e+02   1.4273191e+03
   8.5700000e+02  -1.3375967e+03   1.6366504e+03
   8.5800000e+02  -1.4119760e+03  -4.5194445e+02
   8.5900000e+02  -7.2155289e+02  -1.7696247e+03
   8.6000000e+02  -3.0029254e+03  -3.1870101e+03
   8.6100000e+02  -4.4474914e+03  -2.3395495e+03
   8.6200000e+02  -1.7640974e+03   1.3147486e+03
   8.6300000e+02   1.4475271e+03   1.9011212e+03
   8.6400000e+02   8.6763382e+02  -1.0361926e+03
   8.6500000e+02  -2.0328137e+01  -2.4681666e+03
   8.6600000e+02   1.3646910e+03  -3.8978419e+02
   8.6700000e+02   1.7871692e+03   2.5545103e+03
   8.6800000e+02   2.6295887e+03   3.1174107e+03
   8.6900000e+02   3.4787605e+03   1.9949357e+03
   8.7000000e+02   7.7484802e+02   1.2136337e+03
   8.7100000e+02  -1.9140760e+03   1.0839905e+03
   8.7200000e+02  -4.6335139e+02   1.8484279e+03
   8.7300000e+02   1.3484175e+03   3.5530083e+03
   8.7400000e+02   1.6355441e+01   3.8712135e+03
   8.7500000e+02   8.0323483e+01   2.6317289e+03
   8.7600000e+02   2.2953907e+03   3.9461566e+03
   8.7700000e+02   3.2888810e+03   7.7786588e+03
   8.7800000e+02   5.0324080e+03   9.6213766e+03
   8.7900000e+02   6.0695924e+03   6.3788910e+03
   8.8000000e+02   4.6321327e+03   1.1968539e+03
   8.8100000e+02   3.8486317e+03   1.4095967e+03
   8.8200000e+02   4.6695910e+03   5.2105517e+03
   8.8300000e+02   5.7105657e+03   6.2859982e+03
   8.8400000e+02   4.4431888e+03   4.4175922e+03
   8.8500000e+02   2.5576565e+03   1.2527923e+03
   8.8600000e+02   2.7021504e+03   1.8057231e+02
   8.8700000e+02   3.1413050e+03   2.1657843e+03
   8.8800000e+02   3.9280096e+03   4.1838878e+03
   8.8900000e+02   3.6780874e+03   5.3291378e+03
   8.9000000e+02   1.7985384e+03   5.3979188e+03
   8.9100000e+02   2.0065393e+03   5.2863210e+03
   8.9200000e+02   4.6877815e+03   4.3066796e+03
   8.9300000e+02   5.4929282e+03   6.3954011e+02
   8.9400000e+02   1.1209649e+03  -1.0029701e+03
   8.9500000e+02  -1.4011693e+03   2.2353935e+03
   8.9600000e+02   3.2005812e+03   4.3959417e+03
   8.9700000e+02   5.5853127e+03   1.3863141e+03
   8.9800000e+02   1.6609857e+03  -3.0933899e+03
   8.9900000e+02  -2.0790157e+03  -4.0798335e+03
   9.0000000e+02  -3.0586725e+03  -1.6024992e+03
   9.0100000e+02  -3.5537445e+03  -4.4023728e+02
   9.0200000e+02  -2.9861386e+03  -2.6306192e+03
   9.0300000e+02  -4.2424989e+02  -3.1464655e+03
   9.0400000e+02  -1.3088676e+03  -1.7345000e+03
   9.0500000e+02  -4.8838390e+03  -3.1010316e+03
   9.0600000e+02  -3.6525888e+03  -4.5713936e+03
   9.0700000e+02   6.1604608e+02  -3.3412667e+03
   9.0800000e+02   1.1938341e+03  -1.1195899e+03
   9.0900000e+02  -3.1424132e+03  -1.9227304e+02
   9.1000000e+02  -5.6054876e+03  -1.3392483e+03
   9.1100000e+02  -3.2396563e+03  -1.1200113e+03
   9.1200000e+02  -2.2463727e+03  -6.2588066e+02
   9.1300000e+02  -3.3630500e+03  -2.9547175e+03
   9.1400000e+02  -3.8284952e+03  -3.8427571e+03
   9.1500000e+02  -4.0340447e+03  -2.2771654e+03
   9.1600000e+02  -5.2059650e+03  -3.4485452e+03
   9.1700000e+02  -7.3139284e+03  -7.0848510e+03
   9.1800000e+02  -6.8473265e+03  -6.1605065e+03
   9.1900000e+02  -4.6518699e+03  -1.4280264e+03
   9.2000000e+02  -4.4033584e+03  -1.0909565e+03
   9.2100000e+02  -4.5003452e+03  -3.7579062e+03
   9.2200000e+02  -2.4361639e+03  -4.5976304e+03
   9.2300000e+02   4.8037320e+01  -3.6217076e+03
   9.2400000e+02  -1.5142299e+03  -1.2167732e+03
   9.2500000e+02  -3.5252965e+03   1.0089524e+03
   9.2600000e+02  -7.2016737e+02   1.7468514e+03
   9.2700000e+02   1.1894664e+03  -3.1949427e+02
   9.2800000e+02  -7.3790058e+02  -2.7241801e+03
   9.2900000e+02  -2.5394688e+03  -7.2626757e+02
   9.3000000e+02  -2.2254854e+03   5.7700428e+02
   9.3100000e+02  -1.4910717e+03  -2.8088509e+03
   9.3200000e+02  -3.4213003e+03  -3.8042838e+03
   9.3300000e+02  -6.2085993e+03   5.4723851e+02
   9.3400000e+02  -5.3940455e+03   2.0393248e+03
   9.3500000e+02   7.0031586e+01  -2.5034907e+03
   9.3600000e+02   4.1260947e+03  -3.3987717e+03
   9.3700000e+02   8.7677241e+02   7.6970648e+02
   9.3800000e+02  -3.1790554e+03   1.1270917e+03
   9.3900000e+02  -1.3060786e+03  -1.5357560e+03
   9.4000000e+02   3.6123218e+03  -1.9353134e+03
   9.4100000e+02   6.5791640e+03  -1.9692886e+02
   9.4200000e+02   6.1829487e+03   1.3062429e+03
   9.4300000e+02   4.7736545e+03   1.4709642e+03
   9.4400000e+02   2.4150712e+03   8.4274882e+02
   9.4500000e+02   1.9883494e+03   4.0741438e+02
   9.4600000e+02   6.4313439e+03   4.6481984e+02
   9.4700000e+02   7.1124590e+03  -3.7426396e+02
   9.4800000e+02   9.9476764e+02   4.2080139e+01
   9.4900000e+02  -2.0756137e+03   3.0849332e+03
   9.5000000e+02   1.4980774e+03   3.3379436e+03
   9.5100000e+02   4.2447439e+03   7.2238937e+02
   9.5200000e+02   2.0971990e+03  -6.6070363e+02
   9.5300000e+02   1.7680414e+03   3.8084975e+02
   9.5400000e+02   4.7500953e+03   3.3229953e+03
   9.5500000e+02   3.8597201e+03   4.1754752e+03
   9.5600000e+02   4.9620800e+02   3.5137342e+03
   9.5700000e+02   1.7698169e+03   4.0394225e+03
   9.5800000e+02   5.5644819e+03   2.1644960e+03
   9.5900000e+02   5.1758573e+03  -8.7455699e+02
   9.6000000e+02   3.3736926e+03   8.0563613e+02
   9.6100000e+02   4.1102416e+03   4.4750139e+03
   9.6200000e+02   3.4844188e+03   2.6512033e+03
   9.6300000e+02   1.8502966e+03  -2.6247063e+03
   9.6400000e+02   2.5018880e+03  -3.3143515e+03
   9.6500000e+02   2.9511764e+03   4.4682968e+02
   9.6600000e+02   7.7997842e+02   2.8045489e+03
   9.6700000e+02  -9.1441788e+02   1.5747335e+03
   9.6800000e+02   2.1185308e+02   8.7071153e+02
   9.6900000e+02  -4.0884324e+02   3.3019775e+03
   9.7000000e+02  -3.6549487e+03   4.0863908e+03
   9.7100000e+02  -3.5618348e+03   1.4585398e+03
   9.7200000e+02   9.2319164e+02   5.1341423e+01
   9.7300000e+02   4.4362087e+03   2.1010219e+03
   9.7400000e+02   2.0278817e+03   3.6078615e+03
   9.7500000e+02  -3.0907724e+03   2.4646310e+03
   9.7600000e+02  -3.9444193e+03   3.1849584e+03
   9.7700000e+02   5.6426177e+02   3.6318528e+03
   9.7800000e+02   5.2081539e+03   1.9440775e+02
   9.7900000e+02   2.3978729e+03   4.0793000e-01
   9.8000000e+02  -4.9546153e+03   4.1126414e+03
   9.8100000e+02  -6.6590333e+03   3.9093887e+03
   9.8200000e+02  -2.3461707e+03  -1.1121378e+03
   9.8300000e+02   1.2139491e+03  -2.3376436e+03
   9.8400000e+02  -4.2443922e+02   1.6303656e+03
   9.8500000e+02  -3.2233599e+03   3.0225436e+03
   9.8600000e+02  -2.6507170e+03   8.9135872e+02
   9.8700000e+02  -1.5478316e+03  -6.7773441e+02
   9.8800000e+02  -1.4796681e+02  -1.1750324e+03
   9.8900000e+02   3.0775829e+02  -4.9216866e+02
   9.9000000e+02  -2.7493945e+03   1.1779165e+03
   9.9100000e+02  -4.8159972e+03   1.4220715e+03
   9.9200000e+02  -3.5386464e+03  -1.6524424e+03
   9.9300000e+02  -2.0686810e+03  -2.4620309e+03
   9.9400000e+02  -2.8044078e+03   1.3845901e+03
   9.9500000e+02  -3.4288973e+03   4.3149911e+02
   9.9600000e+02  -1.2292703e+03  -4.4361911e+03
   9.9700000e+02   8.6491015e+02  -4.6134155e+03
   9.9800000e+02   1.7984647e+03  -2.6687717e+03
   9.9900000e+02   1.8699840e+03  -2.2639366e+03
   1.0000000e+03  -4.2780118e+02  -3.3554973e+03
   1.0010000e+03  -2.1912417e+03  -5.0857566e+03
   1.0020000e+03  -1.9462568e+03  -5.0175184e+03
   1.0030000e+03  -4.0411980e+03  -3.6920511e+03
   1.0040000e+03  -7.3187423e+03  -3.3415069e+03
   1.0050000e+03  -4.6643922e+03  -3.7195161e+03
   1.0060000e+03  -3.4793162e+02  -4.4077935e+03
   1.0070000e+03  -3.2292865e+03  -5.5240992e+03
   1.0080000e+03  -6.5100654e+03  -4.2117461e+03
   1.0090000e+03  -2.7585153e+03  -2.2745229e+02
   1.0100000e+03   2.3676510e+03   8.8776490e+02
   1.0110000e+03   2.1484558e+03  -1.8871863e+03
   1.0120000e+03  -1.8471438e+03  -4.3350197e+03
   1.0130000e+03  -2.5748900e+03  -3.6279786e+03
   1.0140000e+03  -3.3295540e+02  -1.7989047e+03
   1.0150000e+03  -2.5772481e+02  -1.8879220e+03
   1.0160000e+03  -1.5345031e+03  -1.1658441e+03
   1.0170000e+03  -2.0264368e+03  -3.7411562e+02
   1.0180000e+03  -1.1501718e+03  -3.5745126e+03
   1.0190000e+03   3.4972403e+02  -6.1866857e+03
   1.0200000e+03   1.4374966e+03  -3.0593855e+03
   1.0210000e+03   1.7004776e+03   1.4945784e+03
   1.0220000e+03   9.8598065e+02   7.6866192e+02
   1.0230000e+03   1.3563155e+03  -2.2005469e+03
   1.0240000e+03   1.5772086e+03  -1.7980745e+03
   1.0250000e+03   1.7833086e+02  -9.9136202e+02
   1.0260000e+03   1.7572958e+03  -8.8393105e+02
   1.0270000e+03   5.6171983e+03   7.9128721e+02
   1.0280000e+03   4.6928565e+03   2.4749207e+03
   1.0290000e+03  -1.0094322e+03   1.7151702e+03
   1.0300000e+03  -2.5901742e+03  -4.5056653e+02
   1.0310000e+03   3.2685648e+03   5.1112265e+02
   1.0320000e+03   8.2503168e+03   3.9282290e+03
   1.0330000e+03   6.8433585e+03   5.8000731e+03
   1.0340000e+03   2.4293325e+03   5.3150754e+03
   1.0350000e+03   5.5421523e+02   2.5375151e+03
   1.0360000e+03   2.4002335e+03   1.1458946e+03
   1.0370000e+03   4.8625537e+03   2.5249145e+03
   1.0380000e+03   5.5826289e+03   3.3413485e+03
   1.0390000e+03   9.9170944e+02   3.2379432e+03
   1.0400000e+03  -5.5276671e+03   3.1762625e+03
   1.0410000e+03  -2.4473394e+03   4.8904449e+03
   1.0420000e+03   6.0736244e+03   6.4183759e+03
   1.0430000e+03   5.6318176e+03   3.2609635e+03
   1.0440000e+03  -1.4288132e+03  -1.3957510e+03
   1.0450000e+03  -1.6582726e+03  -1.0738607e+03
   1.0460000e+03   6.1531171e+03   4.9095034e+03
   1.0470000e+03   9.9790229e+03   8.4078396e+03
   1.0480000e+03   5.4541474e+03   4.2226520e+03
   1.0490000e+03   3.0276147e+02  -1.3192325e+03
   1.0500000e+03   3.5428081e+01  -1.3657067e+03
   1.0510000e+03   2.9007920e+03   5.7592825e+03
   1.0520000e+03   3.5105234e+03   1.1431984e+04
   1.0530000e+03   6.0799171e+02   6.9611503e+03
   1.0540000e+03  -2.9139401e+02   1.3431005e+03
   1.0550000e+03   1.6024554e+03   2.6089589e+03
   1.0560000e+03   3.3685509e+02   5.1566801e+03
   1.0570000e+03  -2.8805707e+03   3.5828474e+03
   1.0580000e+03  -2.3920802e+03   5.0877728e+02
   1.0590000e+03  -3.4020128e+02   7.6270211e+02
   1.0600000e+03  -3.6191994e+02   1.4442080e+03
   1.0610000e+03  -1.4987020e+03  -9.3799576e+01
   1.0620000e+03  -1.5852095e+03  -1.0907885e+03
   1.0630000e+03  -5.6749437e+02  -8.0776818e+02
   1.0640000e+03  -1.0177653e+03   7.5755616e+02
   1.0650000e+03  -1.4306651e+03   1.2564175e+03
   1.0660000e+03  -4.0507295e+02  -1.4712042e+03
   1.0670000e+03  -2.3324450e+03  -4.0896100e+03
   1.0680000e+03  -5.6710479e+03  -4.1451574e+03
   1.0690000e+03  -5.0245596e+03  -2.9236009e+03
   1.0700000e+03  -2.8784151e+03  -2.4758355e+03
   1.0710000e+03  -3.8666826e+03  -3.3410773e+03
   1.0720000e+03  -6.2367580e+03  -5.6078454e+03
   1.0730000e+03  -4.8294252e+03  -7.7011250e+03
   1.0740000e+03   1.6864807e+02  -5.7899647e+03
   1.0750000e+03   2.1698113e+03  -2.1777290e+03
   1.0760000e+03  -2.0007201e+03  -2.2950609e+03
   1.0770000e+03  -5.9043968e+03  -4.2776997e+03
   1.0780000e+03  -4.1321432e+03  -3.4782614e+03
   1.0790000e+03  -1.3696058e+03  -2.0760472e+03
   1.0800000e+03  -1.3300610e+03  -4.0385176e+03
   1.0810000e+03  -1.9782486e+03  -5.2736040e+03
   1.0820000e+03  -2.1294909e+03  -4.1417878e+03
   1.0830000e+03  -1.6940847e+03  -4.9012255e+03
   1.0840000e+03  -2.0428496e+03  -5.7170121e+03
   1.0850000e+03  -4.4050364e+03  -4.9830463e+03
   1.0860000e+03  -6.2367939e+03  -4.5420431e+03
   1.0870000e+03  -3.3662699e+03  -4.5705707e+03
   1.0880000e+03   2.2145646e+03  -5.2703973e+03
   1.0890000e+03   1.5485894e+03  -3.7534175e+03
   1.0900000e+03  -5.4213399e+03   1.4528348e+03
   1.0910000e+03  -7.8569623e+03   4.7238789e+03
   1.0920000e+03  -2.6360297e+03   2.4532689e+03
   1.0930000e+03   2.9765340e+03  -1.4548808e+03
   1.0940000e+03   3.9223949e+03  -1.7400868e+03
   1.0950000e+03   8.4382264e+02   5.4772052e+02
   1.0960000e+03  -3.1404401e+03   8.2989537e+02
   1.0970000e+03  -1.8278013e+03  -9.7735839e+02
   1.0980000e+03   4.8452031e+03  -2.4374779e+03
   1.0990000e+03   5.9234309e+03  -2.9032548e+03
   1.1000000e+03  -3.6269207e+02  -6.2785882e+02
   1.1010000e+03  -4.0783367e+03   3.8569526e+03
   1.1020000e+03  -1.1893007e+03   3.4357262e+03
   1.1030000e+03   3.8336976e+03  -1.1488567e+03
   1.1040000e+03   3.5087341e+03   4.8314536e+01
   1.1050000e+03  -1.4387171e+03   5.5206333e+03
   1.1060000e+03  -1.3796094e+03   6.7331468e+03
   1.1070000e+03   4.4821275e+03   3.5259202e+03
   1.1080000e+03   6.8012798e+03   2.7030492e+02
   1.1090000e+03   3.2570463e+03   3.7473616e+02
   1.1100000e+03   7.6937293e+02   3.7102882e+03
   1.1110000e+03   1.6782797e+03   4.8882610e+03
   1.1120000e+03   3.6709992e+03   1.3214845e+03
   1.1130000e+03   5.3554024e+03  -3.1867831e+02
   1.1140000e+03   4.3442432e+03   3.2790836e+03
   1.1150000e+03   1.9087300e+03   5.0270666e+03
   1.1160000e+03   1.1909091e+03   2.0568468e+03
   1.1170000e+03   2.2450893e+03   1.5484109e+02
   1.1180000e+03   3.8780460e+03   3.0809593e+03
   1.1190000e+03   3.2843166e+03   6.3874824e+03
   1.1200000e+03   1.9949149e+03   4.7163123e+03
   1.1210000e+03   4.5755564e+03   6.8711134e+02
   1.1220000e+03   8.5771421e+03  -1.9897436e+03
   1.1230000e+03   7.6391092e+03  -6.0086209e+02
   1.1240000e+03   1.9966684e+03   5.1003907e+03
   1.1250000e+03   2.8220657e+02   5.7989142e+03
   1.1260000e+03   4.0663715e+03  -1.1309099e+03
   1.1270000e+03   5.5263626e+03  -4.7488712e+03
   1.1280000e+03   3.1184770e+03  -4.0405132e+02
   1.1290000e+03   1.1574733e+02   5.2900465e+03
   1.1300000e+03  -8.4836310e+01   5.0901800e+03
   1.1310000e+03   2.6920841e+03   2.2804141e+02
   1.1320000e+03   2.5274464e+03  -2.4340470e+03
   1.1330000e+03  -1.2974430e+03  -9.9600971e+02
   1.1340000e+03  -2.9085096e+03   1.1364061e+03
   1.1350000e+03  -9.2327358e+02   8.6791870e+02
   1.1360000e+03   6.5089326e+02  -1.2531015e+03
   1.1370000e+03  -8.0339720e+01  -2.5170819e+03
   1.1380000e+03  -2.9573126e+03  -1.7923926e+03
   1.1390000e+03  -7.1197426e+03   1.1197892e+03
   1.1400000e+03  -6.0166848e+03   4.8267265e+03
   1.1410000e+03   5.2650380e+02   4.2932534e+03
   1.1420000e+03   1.7612344e+03  -1.3644800e+03
   1.1430000e+03  -3.0958257e+03  -3.5197470e+03
   1.1440000e+03  -4.9990674e+03   1.1569024e+03
   1.1450000e+03  -1.9161274e+03   4.1999016e+03
   1.1460000e+03  -2.6614150e+02   9.8038116e+02
   1.1470000e+03  -2.0648145e+03  -3.4042680e+03
   1.1480000e+03  -3.1767590e+03  -2.9666725e+03
   1.1490000e+03  -4.5783510e+03  -2.8378663e+02
   1.1500000e+03  -5.7314116e+03  -1.3915900e+03
   1.1510000e+03  -3.5484810e+03  -3.6310072e+03
   1.1520000e+03  -2.4464308e+03  -3.4003545e+03
   1.1530000e+03  -5.0906013e+03  -1.9388102e+03
   1.1540000e+03  -7.3835256e+03  -3.0726940e+02
   1.1550000e+03  -5.7468718e+03  -5.9118324e+02
   1.1560000e+03  -1.8898233e+03  -1.9300403e+03
   1.1570000e+03  -2.0338529e+01  -1.1768190e+03
   1.1580000e+03  -1.5577543e+03  -1.5668676e+02
   1.1590000e+03  -5.1313753e+03  -1.2107271e+03
   1.1600000e+03  -4.4889936e+03  -2.4076759e+03
   1.1610000e+03   6.8899813e+02  -2.0702458e+03
   1.1620000e+03   9.0735234e+02  -1.4841648e+03
   1.1630000e+03  -3.0041869e+03  -7.8468967e+02
   1.1640000e+03  -4.9084801e+03  -2.5929209e+02
   1.1650000e+03  -4.9591317e+03  -1.6198123e+03
   1.1660000e+03  -2.2948959e+03  -2.5965957e+03
   1.1670000e+03   1.7337203e+03  -1.9153891e+03
   1.1680000e+03   2.0296680e+03  -2.3129213e+03
   1.1690000e+03  -2.4335610e+03  -4.0456445e+03
   1.1700000e+03  -6.1629921e+03  -5.7490475e+03
   1.1710000e+03  -3.9356598e+03  -6.0146425e+03
   1.1720000e+03   1.3401204e+03  -3.6530461e+03
   1.1730000e+03   3.2002062e+03  -9.1126461e+02
   1.1740000e+03   7.1138221e+02  -1.1874054e+03
   1.1750000e+03  -3.1140265e+02  -1.6982976e+03
   1.1760000e+03   3.4061070e+03   1.8741411e+03
   1.1770000e+03   6.5284941e+03   4.7481564e+03
   1.1780000e+03   3.6308317e+03   2.5038331e+03
   1.1790000e+03  -1.0706808e+03  -3.1495684e+02
   1.1800000e+03   1.9839806e+03  -1.3640984e+02
   1.1810000e+03   9.2988279e+03   7.0215571e+02
   1.1820000e+03   8.0234700e+03  -5.9518920e+02
   1.1830000e+03   1.0745801e+03  -1.7478839e+03
   1.1840000e+03   1.9894032e+02  -6.3554883e+02
   1.1850000e+03   4.8417584e+03  -1.9743248e+02
   1.1860000e+03   6.3542050e+03  -1.6409239e+03
   1.1870000e+03   2.9710807e+03  -2.5568967e+03
   1.1880000e+03   9.5739302e+02  -4.0348404e+02
   1.1890000e+03   1.8339306e+03   2.7714124e+03
   1.1900000e+03   1.7588570e+03   2.4178191e+03
   1.1910000e+03   4.2953170e+02  -2.0157545e+02
   1.1920000e+03   8.4812330e+02  -1.7483777e+03
   1.1930000e+03   3.7150324e+03  -1.9161145e+02
   1.1940000e+03   4.9945258e+03   3.3197167e+03
   1.1950000e+03   2.3932664e+03   3.4906538e+03
   1.1960000e+03  -6.7549652e+02   1.9635177e+02
   1.1970000e+03   9.3063471e+02  -2.3229537e+03
   1.1980000e+03   6.4292476e+03  -1.2820661e+03
   1.1990000e+03   7.2532235e+03   2.6493349e+03
   1.2000000e+03   1.3772823e+03   4.6955942e+03
   1.2010000e+03  -3.0497623e+03   3.3544404e+03
   1.2020000e+03  -7.2597424e+02   1.1538303e+03
   1.2030000e+03   3.4544703e+03   9.3930408e+02
   1.2040000e+03   1.5163988e+03   3.7262069e+03
   1.2050000e+03  -2.1357910e+03   5.9174796e+03
   1.2060000e+03  -1.3022322e+03   4.2253960e+03
   1.2070000e+03  -3.7209363e+02   4.4864957e+02
   1.2080000e+03   3.2965770e+01  -1.6157410e+01
   1.2090000e+03   8.1897103e+02   3.1701921e+03
   1.2100000e+03  -4.1683295e+02   4.6747219e+03
   1.2110000e+03  -1.7801876e+03   3.2833439e+03
   1.2120000e+03  -1.8374784e+03  -2.1268152e+02
   1.2130000e+03  -1.1081207e+03  -1.8671528e+03
   1.2140000e+03   4.6340260e+02   2.2278035e+03
   1.2150000e+03   1.2305590e+03   5.7518851e+03
   1.2160000e+03  -7.0291591e+02   4.0371770e+03
   1.2170000e+03  -2.8560451e+03  -2.9988758e+02
   1.2180000e+03  -1.2875182e+03  -2.6894667e+03
   1.2190000e+03   1.8257809e+02   9.7329303e+02
   1.2200000e+03  -2.8868003e+03   6.0992920e+03
   1.2210000e+03  -5.7163036e+03   6.6116011e+03
   1.2220000e+03  -3.7829354e+03   4.2975929e+03
   1.2230000e+03  -9.9010699e+02   1.9006851e+03
   1.2240000e+03  -1.6717285e+03   4.8110922e+02
   1.2250000e+03  -2.6262446e+03   1.1636347e+03
   1.2260000e+03  -2.6452288e+03   2.1274937e+03
   1.2270000e+03  -3.5202543e+03  -1.2485655e+03
   1.2280000e+03  -1.4042556e+03  -5.8173738e+03
   1.2290000e+03   1.5587599e+03  -4.2098475e+03
   1.2300000e+03  -1.2070632e+03   2.4180573e+02
   1.2310000e+03  -5.2200956e+03   1.0894140e+03
   1.2320000e+03  -3.6426774e+03  -1.2384713e+03
   1.2330000e+03   6.1023955e+02  -2.5669729e+03
   1.2340000e+03   7.2841373e+02  -7.5521121e+02
   1.2350000e+03  -1.4485821e+03   6.8300838e+02
   1.2360000e+03  -5.1619003e+02  -8.4163027e+02
   1.2370000e+03   4.8970536e+02  -2.9503191e+03
   1.2380000e+03  -1.5463716e+03  -3.1068013e+03
   1.2390000e+03  -3.8557423e+03  -3.1383155e+03
   1.2400000e+03  -3.8243717e+03  -5.0148054e+03
   1.2410000e+03  -1.9973548e+03  -5.4944725e+03
   1.2420000e+03  -7.4504617e+02  -3.8885053e+03
   1.2430000e+03  -5.7976688e+02  -2.4011685e+03
   1.2440000e+03  -6.8868164e+02  -2.7418363e+03
   1.2450000e+03  -2.4496386e+02  -5.8196826e+03
   1.2460000e+03   8.6715631e+02  -5.6158186e+03
   1.2470000e+03   1.1190133e+03  -1.7084346e+03
   1.2480000e+03   2.5095779e+02  -1.5352103e+03
   1.2490000e+03   2.1994968e+02  -2.3320219e+03
   1.2500000e+03   2.4669111e+03  -1.9651807e+03
   1.2510000e+03   4.4036555e+03  -5.3460822e+03
   1.2520000e+03   2.7489256e+03  -8.2011935e+03
   1.2530000e+03  -6.1970991e+02  -3.5100314e+03
   1.2540000e+03  -1.2155870e+03   2.1974788e+03
   1.2550000e+03   2.2333707e+03  -2.5254748e+01
   1.2560000e+03   2.9454913e+03  -5.0058733e+03
   1.2570000e+03  -2.2863076e+03  -5.0599000e+03
   1.2580000e+03  -3.8874118e+03  -1.9158087e+03
   1.2590000e+03   4.0337437e+02   6.9146998e+01
   1.2600000e+03   2.5543356e+03  -5.6706537e+02
   1.2610000e+03   8.0837820e+02  -1.8350695e+03
   1.2620000e+03  -2.0908797e+03  -1.3340393e+03
   1.2630000e+03  -3.2291937e+03   9.5693882e+02
   1.2640000e+03  -3.9915052e+02   1.7736104e+03
   1.2650000e+03   4.5433309e+03  -9.3233392e+02
   1.2660000e+03   5.8612429e+03  -2.5192895e+03
   1.2670000e+03   1.2469029e+03  -7.2453330e+02
   1.2680000e+03  -2.9996250e+03   9.1289983e+02
   1.2690000e+03  -1.5623733e+03   1.0794049e+03
   1.2700000e+03   2.3579577e+03   2.1393052e+03
   1.2710000e+03   3.4635835e+03   4.8637447e+03
   1.2720000e+03   1.9444786e+03   4.2358030e+03
   1.2730000e+03   4.8878100e+02   5.4563459e+02
   1.2740000e+03  -9.5720193e+01   7.5641003e+02
   1.2750000e+03   1.3273841e+03   4.7911047e+03
   1.2760000e+03   1.8241948e+03   8.7299731e+03
   1.2770000e+03  -4.6363688e+02   8.2139968e+03
   1.2780000e+03   1.5839948e+02   2.9148618e+03
   1.2790000e+03   2.3561691e+03   4.3294067e+02
   1.2800000e+03   1.7094970e+03   3.4794785e+03
   1.2810000e+03   6.0204150e+02   6.8878375e+03
   1.2820000e+03  -2.6527685e+02   5.0918846e+03
   1.2830000e+03  -3.2079363e+02   6.8017413e+02
   1.2840000e+03   7.4310982e+02   1.0782138e+03
   1.2850000e+03   1.1403176e+03   3.9165002e+03
   1.2860000e+03   1.8572647e+03   5.4784026e+03
   1.2870000e+03   3.6512430e+03   5.8638724e+03
   1.2880000e+03   4.6441323e+03   2.9860495e+03
   1.2890000e+03   2.4043760e+03   4.4083490e+02
   1.2900000e+03  -7.7350629e+02   2.7792619e+03
   1.2910000e+03   2.6111522e+02   6.2648320e+03
   1.2920000e+03   3.6353425e+03   5.9337308e+03
   1.2930000e+03   4.5762910e+03   2.8126197e+03
   1.2940000e+03   2.2264175e+03   4.4055936e+02
   1.2950000e+03  -1.0584991e+03  -9.9399193e+02
   1.2960000e+03  -2.2441428e+03  -1.0226187e+03
   1.2970000e+03  -2.1432933e+03   7.3762220e+01
   1.2980000e+03  -2.0557798e+03  -7.6532560e+02
   1.2990000e+03  -7.6911588e+02  -2.8549342e+03
   1.3000000e+03   4.5997920e+02  -3.8398991e+03
   1.3010000e+03  -2.7308396e+02  -3.0894574e+03
   1.3020000e+03  -8.3143585e+02  -1.1046417e+03
   1.3030000e+03   1.4929409e+02  -1.4682248e+01
   1.3040000e+03   4.7900020e+02  -9.1592818e+02
   1.3050000e+03  -7.8883666e+02  -2.3827315e+03
   1.3060000e+03  -3.0851451e+03  -2.2351344e+03
   1.3070000e+03  -3.6996214e+03  -8.6440840e+02
   1.3080000e+03   4.3715540e+01   2.8042956e+01
   1.3090000e+03   3.1067346e+03   3.2235029e+02
   1.3100000e+03   1.0324433e+03  -8.5746669e+01
   1.3110000e+03  -1.9718926e+03  -1.1500752e+03
   1.3120000e+03  -3.2977627e+03  -2.2792280e+03
   1.3130000e+03  -4.8410355e+03  -2.7297298e+03
   1.3140000e+03  -4.8662813e+03  -3.8644310e+03
   1.3150000e+03  -9.5984906e+02  -6.2144923e+03
   1.3160000e+03   1.7395108e+03  -4.8430687e+03
   1.3170000e+03  -9.8978490e+02  -3.8746785e+02
   1.3180000e+03  -4.5764600e+03   2.5024350e+02
   1.3190000e+03  -3.9721602e+03  -3.0738160e+03
   1.3200000e+03   1.3616955e+02  -4.6287783e+03
   1.3210000e+03   1.5467751e+03  -1.1369731e+03
   1.3220000e+03  -1.5247155e+03   1.4627838e+03
   1.3230000e+03  -2.8340764e+03  -1.5512340e+03
   1.3240000e+03  -1.5865483e+03  -3.1729157e+03
   1.3250000e+03   2.6511597e+02   2.5924652e+02
   1.3260000e+03   2.7714104e+03   2.6758096e+03
   1.3270000e+03   7.4790586e+02  -9.5433602e+02
   1.3280000e+03  -6.1077088e+03  -6.1785261e+03
   1.3290000e+03  -7.8147908e+03  -4.7424879e+03
   1.3300000e+03  -1.6482286e+03   5.0573499e+02
   1.3310000e+03   2.7904126e+03   1.6664852e+03
   1.3320000e+03  -2.4595431e+02  -1.2523121e+03
   1.3330000e+03  -5.3115522e+03  -3.2475651e+03
   1.3340000e+03  -4.8736880e+03  -2.7140863e+03
   1.3350000e+03   5.8461393e+02  -2.8488604e+03
   1.3360000e+03   3.2111073e+03  -3.2055581e+03
   1.3370000e+03   2.4089868e+02  -1.9661618e+03
   1.3380000e+03  -4.3302931e+03  -7.9866081e+02
   1.3390000e+03  -5.5691566e+03  -7.9116130e+00
   1.3400000e+03  -1.9788830e+02  -3.4534074e+02
   1.3410000e+03   4.3355183e+03  -1.1274569e+03
   1.3420000e+03   1.9723375e+03  -6.8380405e+01
   1.3430000e+03   1.2317383e+02  -3.5990992e+02
   1.3440000e+03   6.7605550e+02  -3.1077128e+03
   1.3450000e+03  -9.6154018e+01  -2.8041099e+03
   1.3460000e+03  -6.8318100e+02   3.2840475e+02
   1.3470000e+03   2.4852537e+02   9.1232545e+02
   1.3480000e+03   1.6694679e+03   8.3896368e+02
   1.3490000e+03   1.9695097e+03   2.1082358e+03
   1.3500000e+03   1.7614643e+03   1.5049735e+03
   1.3510000e+03   1.5104080e+03   1.8085745e+03
   1.3520000e+03   1.9458197e+03   4.8066226e+03
   1.3530000e+03   4.2746688e+03   5.5586290e+03
   1.3540000e+03   3.8961629e+03   3.8774199e+03
   1.3550000e+03   1.2863702e+03   3.0962794e+03
   1.3560000e+03   1.5955435e+03   2.9569209e+03
   1.3570000e+03   1.7461225e+03   7.5412817e+02
   1.3580000e+03   1.7186696e+03  -1.0878587e+03
   1.3590000e+03   4.8868659e+03   1.3199542e+03
   1.3600000e+03   6.7054648e+03   2.7691653e+03
   1.3610000e+03   3.2751407e+03   6.8746527e+02
   1.3620000e+03  -1.2392012e+02  -7.6521290e+02
   1.3630000e+03   2.3615137e+03  -1.3080811e+03
   1.3640000e+03   7.2350474e+03   4.6600958e+01
   1.3650000e+03   8.0127902e+03   3.6884873e+03
   1.3660000e+03   4.2641409e+03   4.9147189e+03
   1.3670000e+03   1.3416341e+03   3.2560073e+03
   1.3680000e+03   2.3079129e+03   3.1347532e+03
   1.3690000e+03   3.3288337e+03   4.2661034e+03
   1.3700000e+03   2.6357283e+03   3.8152138e+03
   1.3710000e+03   3.1433737e+02   2.4021991e+03
   1.3720000e+03  -3.2535207e+03  -3.4663779e+02
   1.3730000e+03  -2.9789546e+03  -3.0126961e+03
   1.3740000e+03   1.0292010e+03  -1.2675165e+02
   1.3750000e+03   2.9940685e+03   5.2495552e+03
   1.3760000e+03   1.3590584e+03   5.0511007e+03
   1.3770000e+03  -8.4278340e+02   1.0886632e+03
   1.3780000e+03  -9.2795157e+02  -3.1582955e+02
   1.3790000e+03  -8.5133478e+02   1.1444145e+03
   1.3800000e+03  -1.2832095e+03   3.3265179e+03
   1.3810000e+03  -7.1007891e+02   4.8117142e+03
   1.3820000e+03   5.3159502e+02   3.6970036e+03
   1.3830000e+03   8.3024888e+02   1.9027238e+03
   1.3840000e+03  -2.2921447e+03   1.7256628e+03
   1.3850000e+03  -4.3985298e+03   1.5620745e+03
   1.3860000e+03  -2.2484913e+03   1.2278461e+03
   1.3870000e+03  -1.9875826e+03   2.1933881e+02
   1.3880000e+03  -3.6599027e+03  -1.4833487e+03
   1.3890000e+03  -3.9954693e+03  -2.0290235e+03
   1.3900000e+03  -3.5298592e+03  -2.1001539e+03
   1.3910000e+03  -2.7784991e+03  -1.8182485e+03
   1.3920000e+03  -3.3895481e+03  -1.1819012e+03
   1.3930000e+03  -4.4736623e+03  -2.1024752e+03
   1.3940000e+03  -4.8482346e+03  -5.5527014e+03
   1.3950000e+03  -4.5100757e+03  -7.9163490e+03
   1.3960000e+03  -2.3400325e+03  -3.9585730e+03
   1.3970000e+03  -4.5893873e+02   1.3134802e+03
   1.3980000e+03  -1.1087686e+03   2.5375988e+03
   1.3990000e+03  -3.4419116e+03   2.2987090e+03
   1.4000000e+03  -4.2697884e+03  -1.6397946e+03
   1.4010000e+03  -2.4050074e+03  -6.6797744e+03
   1.4020000e+03  -2.5544104e+03  -4.3408677e+03
   1.4030000e+03  -5.0185183e+03   4.9238982e+02
   1.4040000e+03  -4.2477452e+03  -2.9840459e+02
   1.4050000e+03  -7.2258551e+02  -3.4235375e+03
   1.4060000e+03   3.3378689e+02  -4.6985099e+03
   1.4070000e+03  -6.2599077e+02  -6.1517466e+03
   1.4080000e+03  -1.0861880e+03  -6.0898839e+03
   1.4090000e+03  -3.3938107e+03  -2.3930023e+03
   1.4100000e+03  -4.5897998e+03  -1.3339887e+03
   1.4110000e+03  -3.5179240e+02  -4.3029441e+03
   1.4120000e+03   3.5522273e+03  -5.8158664e+03
   1.4130000e+03   2.8790042e+03  -3.3729336e+03
   1.4140000e+03   2.0729240e+01   1.5673915e+03
   1.4150000e+03  -7.2808430e+02   2.6293990e+03
   1.4160000e+03   8.8925511e+02  -1.5031818e+03
   1.4170000e+03  -1.2193536e+02  -3.6795951e+03
   1.4180000e+03  -1.2667462e+03  -1.5859635e+03
   1.4190000e+03   1.6933820e+03  -5.0470551e+02
   1.4200000e+03   3.8307934e+03  -4.1172391e+03
   1.4210000e+03   2.1652076e+03  -7.0816513e+03
   1.4220000e+03   9.8024770e+02  -4.4734175e+03
   1.4230000e+03   2.8657940e+03  -7.2518994e+02
   1.4240000e+03   2.9839673e+03  -5.1126665e+01
   1.4250000e+03  -9.3781376e+01  -1.8041864e+03
   1.4260000e+03   3.4504916e+02  -3.6595465e+03
   1.4270000e+03   4.3029236e+03  -3.7568609e+03
   1.4280000e+03   5.1532858e+03  -1.5340918e+03
   1.4290000e+03   2.1186648e+03   1.3273306e+03
   1.4300000e+03   8.3698456e+02   1.6264202e+03
   1.4310000e+03   4.1323737e+03   1.3259843e+03
   1.4320000e+03   7.2714122e+03   3.4974721e+03
   1.4330000e+03   5.7697217e+03   5.3541856e+03
   1.4340000e+03   1.0156577e+03   3.8885857e+03
   1.4350000e+03  -9.9157538e+02  -9.0110821e+01
   1.4360000e+03   3.5794350e+03  -1.1853136e+03
   1.4370000e+03   8.0470340e+03   3.4875567e+03
   1.4380000e+03   4.4661735e+03   8.0249828e+03
   1.4390000e+03  -2.0338601e+03   7.8405662e+03
   1.4400000e+03  -1.3227858e+03   5.1759861e+03
   1.4410000e+03   4.6257177e+03   3.6263338e+03
   1.4420000e+03   5.9498932e+03   3.8671364e+03
   1.4430000e+03   1.0574268e+03   3.9894389e+03
   1.4440000e+03  -2.2700472e+03   3.9422468e+03
   1.4450000e+03   2.5676021e+02   5.2472598e+03
   1.4460000e+03   1.6410273e+03   6.1856726e+03
   1.4470000e+03  -1.6462337e+03   5.0736651e+03
   1.4480000e+03  -2.8843807e+03   4.5452801e+03
   1.4490000e+03  -2.0427047e+03   4.1864701e+03
   1.4500000e+03  -1.3024704e+03   3.0182975e+03
   1.4510000e+03   1.5170028e+03   4.3597973e+03
   1.4520000e+03   2.8873530e+03   4.7813602e+03
   1.4530000e+03   8.7995612e+02   2.7985307e+03
   1.4540000e+03  -9.1561555e+02   4.3487059e+03
   1.4550000e+03  -1.1403160e+03   5.7271319e+03
   1.4560000e+03  -4.9596452e+02   2.8262208e+03
   1.4570000e+03   7.8982780e+01  -4.0488112e+02
   1.4580000e+03   2.8316933e+02  -1.1866666e+03
   1.4590000e+03  -1.2174018e+03   2.6648709e+03
   1.4600000e+03  -4.0063998e+03   7.1820950e+03
   1.4610000e+03  -3.7669040e+03   4.1776119e+03
   1.4620000e+03  -6.6728455e+02  -4.1668367e+03
   1.4630000e+03   6.1479527e+02  -8.3655334e+03
   1.4640000e+03  -1.4419557e+03  -4.1667151e+03
   1.4650000e+03  -4.4971431e+03   3.6451148e+03
   1.4660000e+03  -5.5776427e+03   5.4383527e+03
   1.4670000e+03  -3.8275136e+03  -2.4965493e+03
   1.4680000e+03  -1.5082133e+03  -8.7757691e+03
   1.4690000e+03  -7.7956647e+02  -3.3416044e+03
   1.4700000e+03  -4.5047657e+02   4.3196188e+03
   1.4710000e+03  -8.4143548e+02   4.0273799e+03
   1.4720000e+03  -3.1374892e+03  -5.5645712e+02
   1.4730000e+03  -3.1855015e+03  -2.9578248e+03
   1.4740000e+03   7.7786373e+02  -2.5397239e+03
   1.4750000e+03   2.9109696e+03  -3.3980660e+03
   1.4760000e+03   2.7481150e+02  -5.0050989e+03
   1.4770000e+03  -2.0650936e+03  -4.2906572e+03
   1.4780000e+03  -1.8230627e+03  -4.1047051e+03
   1.4790000e+03  -1.8312658e+03  -6.0900731e+03
   1.4800000e+03  -7.6854234e+02  -7.2126675e+03
   1.4810000e+03   5.1032972e+02  -6.9291969e+03
   1.4820000e+03  -1.1764951e+03  -7.6820398e+03
   1.4830000e+03  -2.6630227e+03  -7.9413535e+03
   1.4840000e+03  -2.6420543e+03  -5.4762808e+03
   1.4850000e+03  -1.8117867e+03  -3.2050942e+03
   1.4860000e+03  -6.4528442e+02  -1.9622515e+03
   1.4870000e+03  -1.8463336e+03  -2.0629277e+03
   1.4880000e+03  -2.7837478e+03  -4.9475410e+03
   1.4890000e+03  -3.8232153e+02  -6.9110808e+03
   1.4900000e+03   1.5941539e+03  -6.7577836e+03
   1.4910000e+03  -6.6498408e+02  -6.2328731e+03
   1.4920000e+03  -3.6459821e+03  -4.2803970e+03
   1.4930000e+03  -2.1821232e+02  -3.0428128e+03
   1.4940000e+03   5.3257047e+03  -5.0808273e+03
   1.4950000e+03   3.4189605e+03  -6.4213567e+03
   1.4960000e+03  -2.5489834e+03  -2.9468966e+03
   1.4970000e+03  -3.1416098e+03   1.6200753e+03
   1.4980000e+03   1.5518304e+03   2.5739842e+03
   1.4990000e+03   1.9590048e+03   1.4509264e+03
   1.5000000e+03  -2.9436535e+03   2.6613052e+02
   1.5010000e+03  -2.2856388e+03   6.2355295e+01
   1.5020000e+03   4.0623233e+03   9.8597629e+02
   1.5030000e+03   5.1067343e+03   7.3350262e+02
   1.5040000e+03   9.0644267e+01  -1.9374605e+02
   1.5050000e+03  -2.0960266e+03   8.6724274e+02
   1.5060000e+03  -1.5676042e+01   2.9249745e+03
   1.5070000e+03   1.2545998e+03   2.6294622e+03
   1.5080000e+03   2.0684516e+03   7.3459039e+02
   1.5090000e+03   4.2184110e+03   1.3679475e+03
   1.5100000e+03   4.3938281e+03   4.9316716e+03
   1.5110000e+03   5.8541920e+01   8.6291630e+03
   1.5120000e+03  -3.8755178e+03   8.8373588e+03
   1.5130000e+03  -2.5551476e+03   5.3679587e+03
   1.5140000e+03   9.0608256e+02   4.1484763e+03
   1.5150000e+03   4.2953043e+03   5.9576325e+03
   1.5160000e+03   5.6575382e+03   5.8327489e+03
   1.5170000e+03   2.2317411e+03   4.9468706e+03
   1.5180000e+03   3.9910658e+02   6.1443678e+03
   1.5190000e+03   3.0347340e+03   6.8416263e+03
   1.5200000e+03   3.5148336e+03   5.2306215e+03
   1.5210000e+03   1.3453080e+03   3.2128493e+03
   1.5220000e+03   5.0582600e+02   2.2880028e+03
   1.5230000e+03   1.0736566e+03   2.6535713e+03
   1.5240000e+03   6.4327979e+02   3.1924943e+03
   1.5250000e+03  -4.4460000e+02   2.9539262e+03
   1.5260000e+03   6.0035372e+02   2.7801487e+03
   1.5270000e+03   2.4391239e+03   2.9733490e+03
   1.5280000e+03   1.8877877e+03   3.4847709e+03
   1.5290000e+03  -1.5227209e+01   3.1930801e+03
   1.5300000e+03   4.0487947e+02   1.6383560e+03
   1.5310000e+03   3.4378381e+03   1.1152965e+03
   1.5320000e+03   4.7924060e+03   1.0827581e+03
   1.5330000e+03   2.6121577e+03   2.2781403e+03
   1.5340000e+03   2.9790244e+02   5.7165627e+03
   1.5350000e+03   2.9891408e+02   5.2000296e+03
   1.5360000e+03   6.1746326e+02   7.1236996e+02
   1.5370000e+03   5.1672405e+01  -8.5068024e+02
   1.5380000e+03  -1.1863348e+03   1.2574221e+02
   1.5390000e+03  -3.1068091e+03   2.1403716e+01
   1.5400000e+03  -1.6132976e+03  -1.3438262e+03
   1.5410000e+03   2.9361420e+03  -1.2304982e+03
   1.5420000e+03   2.5244049e+03   4.8159980e+02
   1.5430000e+03  -2.0098116e+03   4.3258351e+01
   1.5440000e+03  -2.7735252e+03  -2.7977944e+03
   1.5450000e+03   6.2200432e+01  -5.1538314e+03
   1.5460000e+03   1.0015827e+03  -4.7127382e+03
   1.5470000e+03   6.7066662e+02  -2.0643141e+03
   1.5480000e+03   1.5954063e+03  -8.6022580e+02
   1.5490000e+03   1.1779551e+03  -1.7709734e+03
   1.5500000e+03   1.0483874e+02  -3.2495388e+03
   1.5510000e+03   1.2138701e+02  -5.3371085e+03
   1.5520000e+03  -8.8296879e+02  -6.1244847e+03
   1.5530000e+03  -2.2917490e+03  -3.8623657e+03
   1.5540000e+03  -3.5685915e+03  -2.8878953e+03
   1.5550000e+03  -4.2890624e+03  -5.9313761e+03
   1.5560000e+03  -3.6872987e+03  -8.1659578e+03
   1.5570000e+03  -3.7149922e+03  -7.0689062e+03
   1.5580000e+03  -3.9069823e+03  -5.4686778e+03
   1.5590000e+03  -3.9174611e+03  -5.8671521e+03
   1.5600000e+03  -4.9348745e+03  -7.4603869e+03
   1.5610000e+03  -5.7922333e+03  -6.6265093e+03
   1.5620000e+03  -5.3070967e+03  -4.2502405e+03
   1.5630000e+03  -3.6546115e+03  -4.2645348e+03
   1.5640000e+03  -3.1861242e+03  -4.4841812e+03
   1.5650000e+03  -3.7970818e+03  -2.1088661e+03
   1.5660000e+03  -2.4076200e+03  -1.3380951e+03
   1.5670000e+03  -9.8402350e+02  -3.8560751e+03
   1.5680000e+03  -2.6407617e+03  -2.8107255e+03
   1.5690000e+03  -4.7994983e+03   1.8420960e+03
   1.5700000e+03  -2.9812375e+03   1.4325562e+03
   1.5710000e+03   5.3891076e+02  -3.4589896e+03
   1.5720000e+03   4.0128166e+02  -4.5486182e+03
   1.5730000e+03  -8.2063867e+02   4.1631348e+02
   1.5740000e+03  -2.8087303e+02   4.4108154e+03
   1.5750000e+03  -8.9446530e+02   1.7535326e+03
   1.5760000e+03  -2.7403779e+03  -3.1702928e+03
   1.5770000e+03  -1.3252033e+03  -3.9691381e+03
   1.5780000e+03   3.7428862e+03   1.3424950e+03
   1.5790000e+03   3.7215582e+03   6.5481285e+03
   1.5800000e+03  -3.3097124e+03   3.7591661e+03
   1.5810000e+03  -4.9327400e+03  -8.0323228e+02
   1.5820000e+03   2.4428589e+03   1.0695693e+03
   1.5830000e+03   6.8059940e+03   5.9625512e+03
   1.5840000e+03   2.2573247e+03   7.5523735e+03
   1.5850000e+03  -1.8896556e+03   4.5716483e+03
   1.5860000e+03   1.9357428e+03   2.2233654e+03
   1.5870000e+03   7.3394385e+03   3.2753222e+03
   1.5880000e+03   6.4821300e+03   5.2813236e+03
   1.5890000e+03   2.3368596e+03   6.0332035e+03
   1.5900000e+03   1.3780568e+03   4.4823487e+03
   1.5910000e+03   2.5252471e+03   2.8735917e+03
   1.5920000e+03   2.1502972e+03   2.2749536e+03
   1.5930000e+03   1.2943924e+03   2.2504268e+03
   1.5940000e+03   1.7634624e+03   3.5203975e+03
   1.5950000e+03   3.2793876e+03   4.2048848e+03
   1.5960000e+03   2.8493819e+03   4.0480303e+03
   1.5970000e+03   1.6786563e+03   3.5847992e+03
   1.5980000e+03   4.5273951e+03   2.9577759e+03
   1.5990000e+03   6.2818345e+03   3.5532729e+03
   1.6000000e+03   3.6159446e+03   3.4830454e+03
   1.6010000e+03   2.4509699e+03   3.7113581e+03
   1.6020000e+03   3.8553808e+03   5.6119271e+03
   1.6030000e+03   6.1152476e+03   4.2716895e+03
   1.6040000e+03   6.5609400e+03  -2.5859764e+02
   1.6050000e+03   3.4908273e+03  -1.9322417e+03
   1.6060000e+03   8.2047894e+02   7.4801399e+02
   1.6070000e+03  -3.5914816e+02   1.9125253e+03
   1.6080000e+03   5.7353643e+02  -1.6563949e+03
   1.6090000e+03   4.6299207e+03  -4.4500391e+03
   1.6100000e+03   5.3236547e+03  -3.2610166e+03
   1.6110000e+03   2.0108483e+02  -1.3950692e+02
   1.6120000e+03  -2.5263300e+03   1.4097671e+03
   1.6130000e+03   5.5502164e+02  -1.1504683e+03
   1.6140000e+03   2.8943513e+03  -4.0660542e+03
   1.6150000e+03   1.4544143e+03  -2.8182442e+03
   1.6160000e+03   1.0175192e+02   1.1738204e+03
   1.6170000e+03  -9.7448560e+01   3.5760778e+03
   1.6180000e+03  -1.0501546e+03   2.3671736e+03
   1.6190000e+03  -2.4267636e+03  -7.7990847e+02
   1.6200000e+03  -2.9400236e+03  -2.9038955e+03
   1.6210000e+03  -3.4835090e+03  -1.4040942e+03
   1.6220000e+03  -4.9492848e+03   1.2827585e+03
   1.6230000e+03  -5.5007950e+03   4.6852130e+02
   1.6240000e+03  -4.5744890e+03  -2.8022460e+03
   1.6250000e+03  -3.4871427e+03  -5.4008122e+03
   1.6260000e+03  -2.4501099e+03  -5.5451836e+03
   1.6270000e+03  -2.2440646e+03  -3.7442156e+03
   1.6280000e+03  -3.8083183e+03  -2.4863046e+03
   1.6290000e+03  -5.9777409e+03  -2.0659372e+03
   1.6300000e+03  -6.5936296e+03  -1.3726637e+03
   1.6310000e+03  -4.4141719e+03  -9.2519646e+02
   1.6320000e+03  -1.3583359e+03  -2.5656904e+03
   1.6330000e+03  -1.8308146e+03  -4.1564219e+03
   1.6340000e+03  -4.5867378e+03  -1.9695317e+03
   1.6350000e+03  -3.8053721e+03   1.1960936e+03
   1.6360000e+03  -1.1128449e+03   1.3347280e+03
   1.6370000e+03  -1.4650343e+03  -1.6333942e+03
   1.6380000e+03  -4.5449292e+03  -3.6500070e+03
   1.6390000e+03  -6.8221721e+03  -1.8237357e+03
   1.6400000e+03  -4.7796287e+03  -1.8410001e+03
   1.6410000e+03  -7.9437619e+02  -5.4218664e+03
   1.6420000e+03   6.5782697e+02  -5.6185849e+03
   1.6430000e+03  -8.2340900e+02  -1.3340131e+03
   1.6440000e+03  -4.5576230e+03   1.8251009e+03
   1.6450000e+03  -6.4451093e+03   3.6222454e+02
   1.6460000e+03  -3.6031816e+03  -2.8891809e+03
   1.6470000e+03   1.4504711e+02  -2.6616546e+03
   1.6480000e+03   1.2207096e+03   1.5848701e+03
   1.6490000e+03   1.8154355e+02   3.8644658e+03
   1.6500000e+03   2.1075205e+02   5.2635746e+02
   1.6510000e+03   9.7672316e+02  -1.6350739e+03
   1.6520000e+03   7.8810972e+02   7.0542346e+02
   1.6530000e+03   1.3293505e+03   1.4902488e+03
   1.6540000e+03   1.9276234e+03  -9.5937670e+02
   1.6550000e+03   2.7975547e+03  -3.4581903e+03
   1.6560000e+03   4.6331722e+03  -3.1699185e+03
   1.6570000e+03   4.6346505e+03  -1.0850024e+03
   1.6580000e+03   2.9270002e+03  -6.6526487e+02
   1.6590000e+03   1.2669795e+03  -1.2881849e+03
   1.6600000e+03   1.8909573e+03  -1.1034687e+03
   1.6610000e+03   5.7666155e+03   1.1998678e+03
   1.6620000e+03   8.2481342e+03   3.9956340e+03
   1.6630000e+03   6.0086245e+03   3.4790842e+03
   1.6640000e+03   1.9355131e+03   3.0023139e+03
   1.6650000e+03   1.3156054e+03   4.9848461e+03
   1.6660000e+03   3.3364064e+03   4.0371453e+03
   1.6670000e+03   3.8648360e+03   2.4826126e+02
   1.6680000e+03   4.9861260e+03   5.3661546e+02
   1.6690000e+03   6.2025623e+03   4.1709253e+03
   1.6700000e+03   3.1730977e+03   3.8953841e+03
   1.6710000e+03  -1.5939098e+03   7.9709635e+02
   1.6720000e+03  -2.6829207e+03   1.0194286e+02
   1.6730000e+03   3.3357890e+02   5.7898915e+02
   1.6740000e+03   3.4913824e+03  -2.9185149e+02
   1.6750000e+03   3.9463643e+03  -1.0575222e+03
   1.6760000e+03   9.9465603e+02   1.4737752e+03
   1.6770000e+03  -2.6588817e+03   4.0348866e+03
   1.6780000e+03  -2.6452039e+03   8.7021682e+02
   1.6790000e+03  -7.5197333e+02  -2.8026361e+03
   1.6800000e+03   5.5486372e+02  -1.6075867e+02
   1.6810000e+03   9.4375181e+02   4.6862764e+03
   1.6820000e+03  -7.3522563e+01   4.1539643e+03
   1.6830000e+03   1.1503122e+02  -4.4604264e+02
   1.6840000e+03   1.2318752e+03  -1.0182755e+03
   1.6850000e+03   1.7809519e+03   2.0543211e+03
   1.6860000e+03   2.4692552e+03   3.3107982e+03
   1.6870000e+03   2.0466974e+03   2.5797326e+03
   1.6880000e+03   1.1595272e+03   2.5660760e+00
   1.6890000e+03   4.6549759e+02  -2.0324379e+03
   1.6900000e+03   5.4425076e+02   2.4030988e+01
   1.6910000e+03   1.6975151e+03   2.2742979e+03
   1.6920000e+03  -4.1149250e+02   1.2314805e+03
   1.6930000e+03  -3.8971485e+03   1.6960053e+01
   1.6940000e+03  -3.2079114e+03   2.6428728e+02
   1.6950000e+03  -2.0657826e+03   7.6357217e+02
   1.6960000e+03  -4.2712985e+03   9.7097797e+02
   1.6970000e+03  -5.7747879e+03  -1.5097949e+02
   1.6980000e+03  -3.2532716e+03  -1.8324102e+03
   1.6990000e+03  -5.1167658e+02  -8.5459445e+02
   1.7000000e+03  -5.2761732e+02   1.9735151e+03
   1.7010000e+03  -1.0828873e+03   1.6094480e+03
   1.7020000e+03  -9.5446097e+02  -2.0269534e+03
   1.7030000e+03   4.1242443e+01  -2.4603340e+03
   1.7040000e+03   1.0256752e+03   1.9057933e+02
   1.7050000e+03  -1.2342088e+02   5.8520880e+01
   1.7060000e+03  -2.8680685e+03  -3.1588979e+02
   1.7070000e+03  -4.4801158e+03   1.7887788e+03
   1.7080000e+03  -3.2458239e+03   2.6661582e+03
   1.7090000e+03  -1.7807488e+02   1.8920639e+03
   1.7100000e+03   2.0227293e+03   5.8490806e+02
   1.7110000e+03  -3.1078466e+01  -6.0263905e+02
   1.7120000e+03  -4.5521664e+03  -1.1591788e+02
   1.7130000e+03  -4.1058635e+03   5.2396805e+02
   1.7140000e+03   2.3235169e+02  -9.5891424e+02
   1.7150000e+03   2.1737104e+03  -3.5784598e+03
   1.7160000e+03   8.2352757e+02  -4.7244334e+03
   1.7170000e+03  -3.0623685e+03  -2.9627150e+03
   1.7180000e+03  -5.0175944e+03   4.3291114e+02
   1.7190000e+03  -2.2753754e+03   1.7544262e+03
   1.7200000e+03  -1.0477405e+03  -5.3222526e+02
   1.7210000e+03  -3.2475571e+03  -3.0346988e+03
   1.7220000e+03  -3.4307383e+03  -3.3908213e+03
   1.7230000e+03  -1.5060688e+03  -2.6032249e+03
   1.7240000e+03  -1.1902888e+03  -2.8633785e+03
   1.7250000e+03  -1.4540862e+03  -4.4434444e+03
   1.7260000e+03   6.8619336e+01  -3.5092434e+03
   1.7270000e+03   2.7050586e+03  -1.2602327e+03
   1.7280000e+03   3.6287212e+03  -2.7876292e+03
   1.7290000e+03   1.6019709e+03  -5.2810510e+03
   1.7300000e+03   1.8687287e+03  -4.1078245e+03
   1.7310000e+03   5.8212773e+03  -5.9151542e+02
   1.7320000e+03   5.4943669e+03   7.2666339e+02
   1.7330000e+03   5.8653443e+02  -7.9105781e+02
   1.7340000e+03  -2.6969574e+02  -5.9680534e+02
   1.7350000e+03   4.3257845e+03  -1.8535947e+02
   1.7360000e+03   6.3677196e+03  -2.8924563e+03
   1.7370000e+03   2.0192736e+03  -3.7806846e+03
   1.7380000e+03  -2.2417858e+03  -1.7250489e+03
   1.7390000e+03  -2.6080758e+03  -1.9279973e+03
   1.7400000e+03  -1.8774878e+03  -3.2105111e+03
   1.7410000e+03  -6.1740695e+02  -1.5235855e+03
   1.7420000e+03   7.5004618e+02   8.7362129e+02
   1.7430000e+03  -6.6693673e+02  -6.9420957e+02
   1.7440000e+03  -3.7609984e+03  -4.6557441e+03
   1.7450000e+03  -3.7399546e+03  -3.9511479e+03
   1.7460000e+03  -5.0149933e+02   1.8237788e+03
   1.7470000e+03   3.1280350e+03   4.8828871e+03
   1.7480000e+03   4.5084929e+03   2.6112174e+03
   1.7490000e+03   6.0932711e+02  -5.2341425e+02
   1.7500000e+03  -4.1902305e+03  -5.1627079e+01
   1.7510000e+03  -3.4090437e+03   3.5063379e+03
   1.7520000e+03   1.3165944e+03   4.6408485e+03
   1.7530000e+03   5.0318882e+03   3.3722782e+03
   1.7540000e+03   2.8934883e+03   4.3205001e+03
   1.7550000e+03  -1.8385447e+03   5.7327166e+03
   1.7560000e+03  -1.3286683e+03   3.9649020e+03
   1.7570000e+03   8.0084545e+02   1.8499205e+03
   1.7580000e+03   5.5447207e+02   3.9962374e+03
   1.7590000e+03   1.2705426e+03   5.9824850e+03
   1.7600000e+03   1.7915846e+03   2.5528517e+03
   1.7610000e+03   1.0223171e+03  -3.2361488e+02
   1.7620000e+03   2.4811037e+03   1.1428740e+03
   1.7630000e+03   4.6417631e+03   3.6350155e+03
   1.7640000e+03   3.0196041e+03   4.4797215e+03
   1.7650000e+03  -1.0027311e+02   2.5974415e+03
   1.7660000e+03  -1.0090582e+02   1.8250901e+03
   1.7670000e+03   2.8415547e+03   4.1793030e+03
   1.7680000e+03   4.1782218e+03   5.3585536e+03
   1.7690000e+03  -3.3717533e+01   3.9027583e+03
   1.7700000e+03  -4.7535372e+03   3.0851472e+03
   1.7710000e+03  -3.0789379e+03   5.3314000e+03
   1.7720000e+03   1.2160918e+03   6.3055907e+03
   1.7730000e+03   2.3125282e+03   3.5228870e+03
   1.7740000e+03   1.0863288e+03   2.0682439e+03
   1.7750000e+03  -4.6661230e+01   8.9133358e+02
   1.7760000e+03  -7.1667330e+02  -1.5068326e+03
   1.7770000e+03  -3.9817418e+02  -1.4349059e+03
   1.7780000e+03   7.2098567e+02  -2.4842200e+03
   1.7790000e+03   4.9846601e+01  -5.0816354e+03
   1.7800000e+03  -1.7471135e+03  -2.4657701e+03
   1.7810000e+03  -1.0686198e+03   1.0365380e+03
   1.7820000e+03   1.0735261e+03  -1.3892913e+03
   1.7830000e+03   1.2245100e+03  -5.2765992e+03
   1.7840000e+03   3.6641945e+02  -6.3156708e+03
   1.7850000e+03   8.6041711e+02  -3.6766364e+03
   1.7860000e+03   6.6615803e+02   2.1364495e+03
   1.7870000e+03  -6.6588198e+02   4.6845482e+03
   1.7880000e+03  -7.3112736e+02   6.8791360e+02
   1.7890000e+03   1.7322868e+02  -4.2434908e+03
   1.7900000e+03   1.4161873e+03  -5.1314486e+03
   1.7910000e+03   4.3040246e+02  -2.6362776e+03
   1.7920000e+03  -2.7306031e+03  -1.2554448e+03
   1.7930000e+03  -1.7637508e+03  -3.0677856e+03
   1.7940000e+03   1.9132209e+03  -5.1709464e+03
   1.7950000e+03   1.6755213e+03  -4.0794127e+03
   1.7960000e+03  -1.9606107e+03  -7.6377259e+02
   1.7970000e+03  -3.6093977e+03  -9.1283353e+02
   1.7980000e+03  -1.0898743e+03  -5.1918664e+03
   1.7990000e+03  -1.6249826e+02  -7.7907229e+03
   1.8000000e+03  -3.0073841e+03  -5.3925302e+03
   1.8010000e+03  -3.8194144e+03  -8.0121226e+02
   1.8020000e+03  -2.9017624e+03  -3.5286115e+02
   1.8030000e+03  -4.8620741e+03  -3.8640553e+03
   1.8040000e+03  -6.5273908e+03  -5.5458061e+03
   1.8050000e+03  -2.5953802e+03  -3.7149276e+03
   1.8060000e+03   1.3505111e+03  -9.7491447e+02
   1.8070000e+03  -1.2413420e+03  -1.2714039e+03
   1.8080000e+03  -4.8336943e+03  -2.0617121e+03
   1.8090000e+03  -3.8339477e+03   2.0215818e+02
   1.8100000e+03  -4.1501495e+02   2.3631847e+02
   1.8110000e+03   5.7931268e+02  -2.2753147e+03
   1.8120000e+03  -1.1746824e+03  -1.7156243e+03
   1.8130000e+03  -1.0485090e+03   7.1173470e+02
   1.8140000e+03  -3.6641531e+02   4.0494389e+01
   1.8150000e+03  -1.1711592e+03  -3.3325135e+03
   1.8160000e+03  -6.4442274e+02  -2.9605037e+03
   1.8170000e+03  -3.6954898e+02   1.7678369e+03
   1.8180000e+03  -1.2951401e+03   3.9077040e+03
   1.8190000e+03  -6.6707591e+02   2.8285978e+02
   1.8200000e+03   1.9149460e+02  -2.6547132e+03
   1.8210000e+03  -1.0198095e+03   3.0875119e+03
   1.8220000e+03  -1.5210095e+03   9.8657200e+03
   1.8230000e+03   8.4042891e+02   7.2916570e+03
   1.8240000e+03   1.6666543e+03   9.5646153e+02
   1.8250000e+03  -8.6288790e+01  -1.4158960e+03
   1.8260000e+03   1.0088545e+03   2.2664714e+03
   1.8270000e+03   4.1313498e+03   8.1058934e+03
   1.8280000e+03   3.5292183e+03   9.4776534e+03
   1.8290000e+03   4.5267894e+02   6.5093971e+03
   1.8300000e+03   5.3076286e+02   1.4526481e+03
   1.8310000e+03   3.0660986e+03  -1.7299779e+03
   1.8320000e+03   4.3460086e+03   4.6937103e+02
   1.8330000e+03   4.2103809e+03   3.1174172e+03
   1.8340000e+03   3.4249630e+03   2.6265296e+03
   1.8350000e+03   3.0337364e+03   1.4307410e+03
   1.8360000e+03   2.4245131e+03   3.2023440e+02
   1.8370000e+03   1.4964393e+03  -5.1607949e+02
   1.8380000e+03   2.7013111e+03   1.2729778e+03
   1.8390000e+03   4.0020050e+03   3.5969911e+03
   1.8400000e+03   3.5974676e+03   2.0932500e+03
   1.8410000e+03   3.5412079e+03   8.1864406e+02
   1.8420000e+03   3.4615724e+03   2.0639098e+03
   1.8430000e+03   1.9634494e+03   1.5521540e+03
   1.8440000e+03  -5.5423692e+02   4.0801934e+02
   1.8450000e+03  -7.1753843e+02   1.9089482e+02
   1.8460000e+03   1.9543394e+03  -8.9342459e+02
   1.8470000e+03   2.2900079e+03  -2.8183401e+03
   1.8480000e+03   1.4994671e+01  -3.5356744e+03
   1.8490000e+03  -7.2855302e+02  -1.0471095e+03
   1.8500000e+03   7.9609490e+02   1.2963509e+03
   1.8510000e+03   2.2222993e+03  -3.0387358e+02
   1.8520000e+03   2.2267109e+03  -3.0204805e+03
   1.8530000e+03   1.6170262e+03  -3.5673455e+03
   1.8540000e+03   1.0315978e+03  -1.8389370e+03
   1.8550000e+03   1.4826097e+03   8.1985065e+02
   1.8560000e+03   1.8417027e+03   1.5047679e+03
   1.8570000e+03   8.2860886e+02  -1.5982812e+03
   1.8580000e+03  -2.4514121e+01  -3.6205605e+03
   1.8590000e+03  -1.9214804e+03  -4.0054780e+02
   1.8600000e+03  -3.3336091e+03   2.4543492e+03
   1.8610000e+03  -1.4427164e+03   9.0749671e+02
   1.8620000e+03  -8.7713110e+02  -1.9939232e+03
   1.8630000e+03  -3.1998953e+03  -2.2508834e+03
   1.8640000e+03  -4.3308971e+03   7.8195429e+02
   1.8650000e+03  -3.2699960e+03   1.3291594e+03
   1.8660000e+03  -1.6053595e+03  -1.5866616e+03
   1.8670000e+03   3.0010155e+01  -2.0194600e+03
   1.8680000e+03   4.8271697e+02  -4.5604592e+02
   1.8690000e+03  -2.7441176e+03   9.2614797e+02
   1.8700000e+03  -5.7859789e+03   1.7951064e+03
   1.8710000e+03  -3.7257278e+03  -5.4285894e+02
   1.8720000e+03  -8.0961718e+02  -3.6470134e+03
   1.8730000e+03  -6.3184672e+02  -2.3292747e+03
   1.8740000e+03  -1.8967654e+03   2.1879626e+02
   1.8750000e+03  -3.3430417e+03  -6.0733127e+02
   1.8760000e+03  -3.5297438e+03  -1.4604484e+03
   1.8770000e+03  -2.4003976e+03   1.4066399e+03
   1.8780000e+03  -2.4692813e+03   3.7990512e+03
   1.8790000e+03  -3.6172213e+03  -1.1094418e+02
   1.8800000e+03  -2.4492267e+03  -4.5392383e+03
   1.8810000e+03  -2.0959345e+03  -5.8977392e+02
   1.8820000e+03  -4.5060326e+03   5.1269077e+03
   1.8830000e+03  -2.3812206e+03   4.1926794e+03
   1.8840000e+03   2.6138075e+03  -8.9133031e+02
   1.8850000e+03   1.6158590e+03  -5.4577243e+03
   1.8860000e+03  -4.0774672e+03  -3.4983223e+03
   1.8870000e+03  -5.4379900e+03   2.8883702e+03
   1.8880000e+03   5.8565186e+02   2.8902303e+03
   1.8890000e+03   4.7608814e+03  -1.8506944e+03
   1.8900000e+03   2.6157197e+03  -3.3027231e+03
   1.8910000e+03  -1.2247156e+03  -1.8194089e+03
   1.8920000e+03  -4.0283382e+03   4.5067444e+02
   1.8930000e+03  -1.2439707e+03   1.7191235e+03
   1.8940000e+03   3.8858345e+03  -5.5360470e+02
   1.8950000e+03   2.0891437e+03  -3.3217828e+03
   1.8960000e+03  -1.5854948e+03  -1.1367589e+03
   1.8970000e+03   3.0484736e+02   3.0056273e+03
   1.8980000e+03   3.9860232e+03   2.6876041e+03
   1.8990000e+03   3.8613014e+03  -1.1351140e+03
   1.9000000e+03  -2.5094139e+02  -2.8590797e+03
   1.9010000e+03  -3.6926982e+03  -4.9956515e+02
   1.9020000e+03  -2.0938262e+03   2.0227460e+03
   1.9030000e+03   3.2372123e+03   1.6433541e+03
   1.9040000e+03   6.0628049e+03  -1.1555943e+03
   1.9050000e+03   4.2194032e+03  -4.0651201e+03
   1.9060000e+03   1.0141957e+03  -3.9528013e+03
   1.9070000e+03  -2.2258226e+02  -2.9538545e+03
   1.9080000e+03   2.4391810e+03  -3.0444366e+03
   1.9090000e+03   4.5640704e+03  -1.6522429e+03
   1.9100000e+03   2.2421517e+03  -1.4076358e+03
   1.9110000e+03   1.0402164e+03  -4.3709419e+03
   1.9120000e+03   3.4112117e+03  -5.2433684e+03
   1.9130000e+03   4.0351980e+03  -1.6578533e+03
   1.9140000e+03   1.3530904e+03   9.0808006e+02
   1.9150000e+03   2.6824914e+01  -9.3716384e+02
   1.9160000e+03   1.3150030e+03  -1.3451199e+03
   1.9170000e+03   1.3118190e+03   2.2651395e+03
   1.9180000e+03  -6.6853888e+02   4.3514983e+03
   1.9190000e+03  -2.3157387e+03   3.7700383e+03
   1.9200000e+03  -9.9375375e+02   3.3686916e+03
   1.9210000e+03   3.1780779e+03   2.4616059e+03
   1.9220000e+03   4.5485901e+03   3.9905863e+01
   1.9230000e+03   1.6241401e+03   2.2218797e+02
   1.9240000e+03  -3.5958428e+02   3.7202924e+03
   1.9250000e+03   3.7424953e+01   3.5901123e+03
   1.9260000e+03   1.7806113e+02  -2.2042177e+02
   1.9270000e+03   1.5641364e+03  -9.4621928e+02
   1.9280000e+03   4.5795156e+03   2.6968648e+03
   1.9290000e+03   2.4760433e+03   5.1248869e+03
   1.9300000e+03  -3.0553767e+03   2.6639241e+03
   1.9310000e+03  -2.8469859e+03   4.2767554e+02
   1.9320000e+03  -7.5929835e+01   8.0089362e+02
   1.9330000e+03  -1.4401232e+03   2.2575185e+03
   1.9340000e+03  -3.0260531e+03   6.5109377e+03
   1.9350000e+03  -2.2241700e+02   8.3311957e+03
   1.9360000e+03   2.0785831e+03   3.5397399e+03
   1.9370000e+03  -1.1842122e+03  -4.7979110e+02
   1.9380000e+03  -5.0393232e+03   1.5046677e+03
   1.9390000e+03  -3.8845308e+03   5.7667861e+03
   1.9400000e+03   7.9294474e+02   5.4164314e+03
   1.9410000e+03   2.9379850e+03   8.4455336e+02
   1.9420000e+03  -3.3801299e+02  -1.8329710e+03
   1.9430000e+03  -3.0530955e+03  -1.8290735e+03
   1.9440000e+03  -2.5719477e+03  -1.4458759e+02
   1.9450000e+03  -2.2526294e+03   2.8078143e+03
   1.9460000e+03  -1.3497839e+03   3.7387348e+03
   1.9470000e+03   1.7828914e+02   8.9498216e+02
   1.9480000e+03   2.3294668e+02  -1.7069367e+03
   1.9490000e+03  -5.9538898e+02  -2.4103895e+02
   1.9500000e+03  -1.4523149e+03   1.8525789e+03
   1.9510000e+03  -2.5405293e+03   9.9881910e+02
   1.9520000e+03  -2.0229682e+03  -6.9114544e+02
   1.9530000e+03   1.9496566e+03  -8.2607591e+02
   1.9540000e+03   4.6690119e+03  -2.5045026e+01
   1.9550000e+03   1.9560071e+03  -2.6100797e+02
   1.9560000e+03  -2.4028858e+03  -1.3116236e+03
   1.9570000e+03  -4.1455902e+03  -3.2307448e+03
   1.9580000e+03  -1.8085665e+03  -6.1274392e+03
   1.9590000e+03   2.7693783e+03  -6.1200525e+03
   1.9600000e+03   4.0942658e+03  -3.4023007e+03
   1.9610000e+03   6.4685776e+02  -2.8071909e+03
   1.9620000e+03  -2.5421850e+03  -4.0027382e+03
   1.9630000e+03  -3.0018052e+03  -3.6878567e+03
   1.9640000e+03  -2.8063400e+03  -2.1896014e+03
   1.9650000e+03  -3.8313463e+02  -2.9113946e+03
   1.9660000e+03   3.3929711e+03  -6.0133457e+03
   1.9670000e+03   1.7442731e+03  -7.1678497e+03
   1.9680000e+03  -2.9103757e+03  -4.2611340e+03
   1.9690000e+03  -2.5826503e+03  -7.1113866e+02
   1.9700000e+03   1.2224864e+03  -1.0001432e+03
   1.9710000e+03   2.0682832e+03  -4.3062673e+03
   1.9720000e+03  -1.0550462e+03  -5.5152592e+03
   1.9730000e+03  -3.4396904e+03  -1.9308550e+03
   1.9740000e+03  -1.8830902e+03   1.1124541e+03
   1.9750000e+03   7.2528368e+02  -1.9430871e+03
   1.9760000e+03  -2.6010026e+02  -4.6130135e+03
   1.9770000e+03  -2.5706138e+03  -2.1899910e+03
   1.9780000e+03  -2.1043004e+03  -1.7260493e+02
   1.9790000e+03  -1.9367600e+03  -2.5218841e+02
   1.9800000e+03  -2.0533534e+03  -2.3562833e+03
   1.9810000e+03  -4.0456721e+02  -5.3462223e+03
   1.9820000e+03  -6.9667838e+02  -2.5239844e+03
   1.9830000e+03  -1.2471964e+03   5.0257723e+03
   1.9840000e+03   7.7842775e+02   7.0898308e+03
   1.9850000e+03   1.3858815e+03   9.9347571e+02
   1.9860000e+03  -4.4085639e+02  -4.2989530e+03
   1.9870000e+03  -1.9219934e+03  -1.8536937e+03
   1.9880000e+03  -1.6269632e+03   4.0669306e+03
   1.9890000e+03  -4.3195217e+02   5.6889344e+03
   1.9900000e+03   3.8388080e+02   8.5710921e+02
   1.9910000e+03   9.5938942e+02  -4.0181391e+03
   1.9920000e+03   9.7749355e+02  -1.3789765e+03
   1.9930000e+03   2.8436657e+02   4.6955859e+03
   1.9940000e+03   2.9685412e+02   5.4596188e+03
   1.9950000e+03   2.3695531e+03   2.4155093e+03
   1.9960000e+03   3.6961080e+03   1.7757585e+03
   1.9970000e+03   1.3133369e+03   3.7819057e+03
   1.9980000e+03  -6.4823106e+01   5.4329114e+03
   1.9990000e+03   2.1425743e+03   4.8673135e+03
   2.0000000e+03   2.8914767e+03   2.8016856e+03
