   1.0274000e+02   2.5123000e+01
   9.5711105e+01   3.0813386e+01
   0.0000000e+00   3.1584994e+04   3.1584994e+04
   1.0000000e+00   7.6903227e+04  -7.0728963e+04
   2.0000000e+00   2.7511000e+04  -6.6972767e+04
   3.0000000e+00  -2.5841144e+04   5.5219627e+04
   4.0000000e+00  -1.9383209e+04   1.0765038e+05
   5.0000000e+00   8.2099478e+03   5.2587965e+03
   6.0000000e+00   4.6483610e+03  -1.0291307e+05
   7.0000000e+00   1.0894683e+04  -6.6543952e+04
   8.0000000e+00   3.7690820e+04   4.8155902e+04
   9.0000000e+00   3.2196086e+04   9.0301351e+04
   1.0000000e+01   9.6542670e+02   3.1712099e+04
   1.1000000e+01  -2.7577713e+04  -4.5401058e+04
   1.2000000e+01  -3.2793945e+04  -6.2323147e+04
   1.3000000e+01  -4.2641900e+02  -2.2191811e+04
   1.4000000e+01   2.8100020e+04   2.7762677e+04
   1.5000000e+01   1.7521895e+04   5.1817471e+04
   1.6000000e+01  -1.9160596e+03   3.1826190e+04
   1.7000000e+01   3.8802072e+03   2.9441309e+03
   1.8000000e+01   5.9592296e+03   6.2026600e+03
   1.9000000e+01  -4.0398209e+04   1.3471162e+04
   2.0000000e+01  -8.1134217e+04  -9.5904083e+03
   2.1000000e+01  -3.0239210e+04  -3.7914977e+04
   2.2000000e+01   6.9281973e+04  -1.8478182e+04
   2.3000000e+01   1.0729815e+05   4.4868372e+04
   2.4000000e+01   4.3224124e+04   6.2249962e+04
   2.5000000e+01  -7.8456187e+04  -1.8522078e+04
   2.6000000e+01  -1.4587965e+05  -1.0611499e+05
   2.7000000e+01  -6.7010451e+04  -8.3680668e+04
   2.8000000e+01   9.9906107e+04   2.4552440e+04
   2.9000000e+01   1.6015491e+05   9.6853260e+04
   3.0000000e+01   1.0049548e+03   5.9103692e+04
   3.1000000e+01  -1.8761597e+05  -4.3096508e+04
   3.2000000e+01  -1.2750829e+05  -8.5795260e+04
   3.3000000e+01   1.0889105e+05  -2.3681850e+04
   3.4000000e+01   1.9967993e+05   5.4813737e+04
   3.5000000e+01   3.4970383e+04   6.6331494e+04
   3.6000000e+01  -1.6857664e+05   1.9907758e+04
   3.7000000e+01  -1.6453621e+05  -2.4159371e+04
   3.8000000e+01   2.1500023e+04  -2.8113911e+04
   3.9000000e+01   1.4161987e+05  -1.0815600e+04
   4.0000000e+01   4.6834883e+04  -7.5990122e+03
   4.1000000e+01  -1.1014910e+05  -2.1428153e+04
   4.2000000e+01  -1.0288852e+05  -2.4137333e+04
   4.3000000e+01   1.8603881e+04  -3.2724726e+03
   4.4000000e+01   6.8589721e+04   1.7075482e+04
   4.5000000e+01   1.8839309e+04   1.2028827e+04
   4.6000000e+01  -4.6119365e+04  -1.8194923e+04
   4.7000000e+01  -4.4585895e+04  -3.4951062e+04
   4.8000000e+01   3.0884634e+04  -2.9928130e+03
   4.9000000e+01   9.1809484e+04   3.6002334e+04
   5.0000000e+01   5.7861239e+04   2.9087577e+04
   5.1000000e+01  -4.6293185e+04  -1.1900963e+03
   5.2000000e+01  -1.0908592e+05  -1.6950979e+04
   5.3000000e+01  -5.9207732e+04  -1.7400268e+04
   5.4000000e+01   4.8491581e+04  -1.2593222e+04
   5.5000000e+01   9.6334024e+04  -8.4984301e+03
   5.6000000e+01   3.9898369e+04  -7.9655750e+03
   5.7000000e+01  -4.4346465e+04  -1.0212522e+04
   5.8000000e+01  -7.4067227e+04  -1.4204395e+04
   5.9000000e+01  -2.9299917e+04  -8.1968345e+03
   6.0000000e+01   5.3196168e+04   1.5754968e+04
   6.1000000e+01   7.8490791e+04   1.7607607e+04
   6.2000000e+01   1.6793661e+04  -2.2270591e+04
   6.3000000e+01  -3.6931285e+04  -3.2136036e+04
   6.4000000e+01  -1.3937188e+04   1.7990220e+04
   6.5000000e+01   3.7354564e+04   4.9672614e+04
   6.6000000e+01   3.5614831e+04   2.3506765e+04
   6.7000000e+01  -2.1510733e+04  -8.2526536e+03
   6.8000000e+01  -5.7386302e+04  -1.5666564e+04
   6.9000000e+01  -8.3197470e+03  -2.8814069e+04
   7.0000000e+01   7.0679599e+04  -4.0966956e+04
   7.1000000e+01   5.0752985e+04  -1.6473580e+04
   7.2000000e+01  -5.3237551e+04   1.3471598e+04
   7.3000000e+01  -9.0127123e+04   1.4410689e+04
   7.4000000e+01  -1.1051849e+04   7.2228277e+03
   7.5000000e+01   8.0918739e+04   3.3090954e+03
   7.6000000e+01   8.4517806e+04  -4.3054093e+03
   7.7000000e+01   1.4194587e+04  -9.9253626e+03
   7.8000000e+01  -4.7552838e+04   7.9637696e+03
   7.9000000e+01  -4.6228430e+04   4.7624751e+04
   8.0000000e+01   9.3276530e+02   6.1994539e+04
   8.1000000e+01   2.4841010e+04   2.5396562e+04
   8.2000000e+01   1.3855622e+04  -2.5782440e+04
   8.3000000e+01   6.4541701e+03  -2.8856184e+04
   8.4000000e+01  -6.9543906e+03   2.1141162e+04
   8.5000000e+01  -2.7786302e+04   4.8534887e+04
   8.6000000e+01  -1.9387661e+04   1.9029639e+04
   8.7000000e+01   1.4105964e+04  -3.0187634e+04
   8.8000000e+01   2.8772686e+04  -5.9422835e+04
   8.9000000e+01   1.9215051e+04  -3.1625374e+04
   9.0000000e+01   2.5127836e+04   2.9952185e+04
   9.1000000e+01   4.0495800e+04   4.1194080e+04
   9.2000000e+01   2.6488601e+04  -1.1799685e+03
   9.3000000e+01  -2.4102443e+03  -1.5082984e+04
   9.4000000e+01  -1.0413946e+04   2.4068129e+04
   9.5000000e+01   1.4547875e+04   4.6646301e+04
   9.6000000e+01   4.7741129e+04   3.5514638e+03
   9.7000000e+01   3.1525076e+04  -4.6916490e+04
   9.8000000e+01  -3.2607021e+04  -2.6154538e+04
   9.9000000e+01  -6.9121809e+04   3.4050373e+04
   1.0000000e+02  -4.9136055e+04   4.6075806e+04
   1.0100000e+02  -9.3905269e+03   2.5647988e+03
   1.0200000e+02   4.7292891e+03  -4.5433440e+04
   1.0300000e+02  -3.6845898e+04  -6.2394499e+04
   1.0400000e+02  -8.2339143e+04  -2.7311765e+04
   1.0500000e+02  -4.5681288e+04   3.6860299e+04
   1.0600000e+02   3.0548775e+04   5.8924728e+04
   1.0700000e+02   3.8734300e+04   1.9167785e+04
   1.0800000e+02  -1.9300736e+04  -2.2177537e+04
   1.0900000e+02  -5.0607285e+04  -2.0524536e+04
   1.1000000e+02  -3.4603290e+03   7.3694263e+03
   1.1100000e+02   6.4764201e+04   2.2523956e+04
   1.1200000e+02   6.4790415e+04   1.2147191e+04
   1.1300000e+02  -5.1841689e+03   2.0421076e+03
   1.1400000e+02  -5.5891340e+04  -1.7096259e+02
   1.1500000e+02  -2.4310416e+04  -1.1701710e+04
   1.1600000e+02   3.5187116e+04  -1.4562584e+04
   1.1700000e+02   3.9065295e+04  -6.8852774e+02
   1.1800000e+02  -8.3255475e+03  -7.1863993e+03
   1.1900000e+02  -5.0016862e+04  -3.5058398e+04
   1.2000000e+02  -4.5656142e+04  -3.4119526e+04
   1.2100000e+02   9.1587112e+02   7.3836554e+03
   1.2200000e+02   3.7307820e+04   2.8253971e+04
   1.2300000e+02   1.2768272e+04  -6.7518133e+03
   1.2400000e+02  -4.8260867e+04  -4.5179749e+04
   1.2500000e+02  -6.0057075e+04  -3.0592919e+04
   1.2600000e+02   7.0265209e+03   2.2426887e+04
   1.2700000e+02   7.7226960e+04   4.1728646e+04
   1.2800000e+02   6.6037230e+04   1.7012654e+03
   1.2900000e+02  -1.3697538e+04  -2.4897480e+04
   1.3000000e+02  -5.4188045e+04  -1.0302438e+03
   1.3100000e+02   4.8328015e+03   2.1366336e+04
   1.3200000e+02   6.0211160e+04   5.4739463e+03
   1.3300000e+02   7.6621306e+03  -2.9026323e+04
   1.3400000e+02  -6.6942650e+04  -2.9583700e+04
   1.3500000e+02  -5.3397147e+04   1.2431873e+04
   1.3600000e+02  -4.4249792e+02   2.7122483e+04
   1.3700000e+02   1.5392746e+04  -1.0547208e+04
   1.3800000e+02   1.6031838e+03  -3.5195237e+04
   1.3900000e+02  -4.7635146e+03  -1.2012034e+04
   1.4000000e+02   1.4617376e+04   1.6890330e+04
   1.4100000e+02   3.2544401e+04   1.0951919e+04
   1.4200000e+02   9.6050829e+03  -6.4450136e+03
   1.4300000e+02  -2.1205508e+04  -1.6941727e+03
   1.4400000e+02   1.0596986e+03  -4.3704137e+02
   1.4500000e+02   4.9383601e+04  -1.1723866e+04
   1.4600000e+02   5.5211749e+04   7.2764008e+03
   1.4700000e+02   1.6430989e+04   4.3296373e+04
   1.4800000e+02  -1.6805352e+04   3.2082873e+04
   1.4900000e+02  -1.0974991e+04  -3.1767506e+04
   1.5000000e+02   3.4341928e+03  -6.9671128e+04
   1.5100000e+02  -1.5300329e+04  -2.0813533e+04
   1.5200000e+02  -3.0808628e+04   4.9414225e+04
   1.5300000e+02   4.2134893e+03   4.8252864e+04
   1.5400000e+02   5.0504482e+04  -5.5928608e+03
   1.5500000e+02   3.3604041e+04  -3.9398222e+04
   1.5600000e+02  -3.2694000e+04  -2.3584675e+04
   1.5700000e+02  -5.0488885e+04   8.9408958e+03
   1.5800000e+02   1.7352153e+03   2.0871370e+04
   1.5900000e+02   4.7163142e+04   1.6546503e+04
   1.6000000e+02   3.4846011e+04   8.3389483e+03
   1.6100000e+02  -1.5807337e+04   7.6385477e+03
   1.6200000e+02  -3.3428909e+04   1.3628069e+04
   1.6300000e+02   1.1990120e+04   4.8624167e+03
   1.6400000e+02   5.2435452e+04  -1.0481121e+04
   1.6500000e+02   3.3456277e+04  -3.1773406e+03
   1.6600000e+02  -1.4288853e+04   2.4344208e+04
   1.6700000e+02  -3.9587557e+04   3.9521102e+04
   1.6800000e+02  -3.3049671e+04   1.9119414e+04
   1.6900000e+02  -1.2557652e+04  -2.4333111e+04
   1.7000000e+02   6.0945658e+03  -5.2390239e+04
   1.7100000e+02   7.0599491e+03  -3.3350737e+04
   1.7200000e+02  -6.9650687e+03   1.4769015e+04
   1.7300000e+02  -8.6757686e+03   4.1164290e+04
   1.7400000e+02   7.9948157e+03   2.5148753e+04
   1.7500000e+02   4.9568214e+03  -1.4004402e+04
   1.7600000e+02  -3.1117484e+04  -3.7979347e+04
   1.7700000e+02  -3.9311789e+04  -2.1046007e+04
   1.7800000e+02   8.9503931e+03   2.7993243e+04
   1.7900000e+02   5.1568631e+04   7.0092305e+04
   1.8000000e+02   3.6440814e+04   6.0505923e+04
   1.8100000e+02  -2.1494663e+04   7.2303805e+03
   1.8200000e+02  -6.2003468e+04  -3.0951420e+04
   1.8300000e+02  -3.5259912e+04  -1.6893174e+04
   1.8400000e+02   3.4811557e+04   2.2046525e+04
   1.8500000e+02   6.5530566e+04   2.7377896e+04
   1.8600000e+02   2.2077751e+04  -4.7814830e+03
   1.8700000e+02  -2.3868186e+04  -3.1578031e+04
   1.8800000e+02  -1.0688691e+04  -2.9425525e+04
   1.8900000e+02   1.8533176e+04  -1.2493695e+04
   1.9000000e+02   7.8533250e+03  -2.1771334e+04
   1.9100000e+02  -1.8402070e+04  -4.0607976e+04
   1.9200000e+02  -6.8842701e+03  -9.2547530e+03
   1.9300000e+02   2.2546004e+04   4.2554301e+04
   1.9400000e+02   1.2162794e+04   4.2480531e+04
   1.9500000e+02  -3.6521679e+04  -7.4112291e+03
   1.9600000e+02  -7.2359602e+04  -3.5237905e+04
   1.9700000e+02  -5.0084770e+04   5.3131010e+01
   1.9800000e+02   2.8570940e+02   3.1111502e+04
   1.9900000e+02   8.2924159e+03   8.3346214e+03
   2.0000000e+02  -1.6058956e+04  -1.1894567e+04
   2.0100000e+02  -2.9560697e+04  -6.5256500e+03
   2.0200000e+02  -2.2636854e+04  -1.4337829e+04
   2.0300000e+02   1.4096470e+04  -2.5925155e+04
   2.0400000e+02   6.3458593e+04  -7.3525264e+03
   2.0500000e+02   6.9440381e+04   1.3854834e+04
   2.0600000e+02   1.8801333e+04  -1.1194364e+04
   2.0700000e+02  -1.1081466e+04  -5.2194463e+04
   2.0800000e+02   2.5980547e+04  -4.0128405e+04
   2.0900000e+02   4.0055101e+04   8.3238254e+03
   2.1000000e+02  -2.7795162e+04   2.6759249e+04
   2.1100000e+02  -7.8618584e+04   7.2596628e+03
   2.1200000e+02  -3.4728595e+04  -1.7992317e+04
   2.1300000e+02   2.7939513e+04  -2.2922173e+04
   2.1400000e+02   2.2068469e+04  -4.7688646e+03
   2.1500000e+02  -2.2176879e+04   9.0907150e+03
   2.1600000e+02  -4.2158499e+04   8.3729219e+03
   2.1700000e+02  -3.4956808e+04   1.0648645e+04
   2.1800000e+02  -2.2558580e+04   1.7244986e+04
   2.1900000e+02  -7.8880291e+03   1.4286282e+04
   2.2000000e+02   1.4671425e+04  -3.8538677e+03
   2.2100000e+02   3.3295597e+04  -2.5075011e+04
   2.2200000e+02   2.5379836e+04  -3.0550612e+04
   2.2300000e+02   1.7025341e+03  -1.7371492e+04
   2.2400000e+02   1.2240286e+04   5.6910410e+02
   2.2500000e+02   5.1180670e+04   1.0357981e+04
   2.2600000e+02   3.4854354e+04   1.1498118e+04
   2.2700000e+02  -3.6092737e+04   7.8929915e+03
   2.2800000e+02  -5.7869028e+04   4.1062082e+03
   2.2900000e+02  -7.6092152e+03   6.5209159e+03
   2.3000000e+02   4.4434513e+04   1.7332419e+04
   2.3100000e+02   5.7395519e+04   2.6708178e+04
   2.3200000e+02   3.4926492e+04   1.2627707e+04
   2.3300000e+02  -2.3749239e+03  -1.3337020e+04
   2.3400000e+02  -2.3992982e+04  -6.8394156e+03
   2.3500000e+02  -1.9045720e+04   2.1455460e+04
   2.3600000e+02  -9.2219353e+02   1.7898358e+04
   2.3700000e+02   2.2200459e+04  -1.6311870e+04
   2.3800000e+02   4.0233854e+04  -2.3233548e+04
   2.3900000e+02   3.3303413e+04   1.2388912e+04
   2.4000000e+02  -8.4257314e+03   3.0847800e+04
   2.4100000e+02  -5.9793951e+04   5.3873467e+03
   2.4200000e+02  -6.2590975e+04  -1.4207609e+04
   2.4300000e+02  -2.9166817e+03   1.2144714e+04
   2.4400000e+02   6.1994055e+04   5.2668741e+04
   2.4500000e+02   7.4179693e+04   3.7625435e+04
   2.4600000e+02   2.4766249e+04  -2.6095825e+04
   2.4700000e+02  -2.0326155e+04  -4.7538415e+04
   2.4800000e+02  -3.2155943e+03   1.1880611e+03
   2.4900000e+02   2.6115962e+04   4.4889625e+04
   2.5000000e+02   1.4782105e+04   2.4679803e+04
   2.5100000e+02  -1.5995085e+04  -2.4900499e+04
   2.5200000e+02  -3.4249534e+04  -4.1890085e+04
   2.5300000e+02  -1.8553186e+04  -1.8982822e+04
   2.5400000e+02   1.0933197e+04   1.1016816e+04
   2.5500000e+02  -2.4073555e+03   1.5419473e+04
   2.5600000e+02  -4.6365071e+04  -2.5160258e+03
   2.5700000e+02  -5.9752773e+04  -5.1704576e+03
   2.5800000e+02  -4.5125391e+04   7.8450336e+03
   2.5900000e+02  -3.1790902e+04   3.7835427e+03
   2.6000000e+02  -3.0822441e+03   5.3740790e+01
   2.6100000e+02   4.6973384e+04   1.8888209e+04
   2.6200000e+02   6.8514954e+04   1.7356371e+04
   2.6300000e+02   3.4114053e+04  -1.1096444e+04
   2.6400000e+02  -1.2373182e+04  -1.8736650e+04
   2.6500000e+02  -3.2414133e+04  -1.9338755e+04
   2.6600000e+02  -2.1171473e+04  -3.3754390e+04
   2.6700000e+02   1.7286605e+04  -2.7970497e+04
   2.6800000e+02   3.7288427e+04   2.5005158e+02
   2.6900000e+02   1.0272114e+04   1.4815554e+04
   2.7000000e+02  -1.2329505e+04   9.4147019e+03
   2.7100000e+02  -5.5570645e+03   2.4762311e+03
   2.7200000e+02  -1.5139313e+04  -5.0960219e+03
   2.7300000e+02  -6.3525842e+04  -1.0754637e+04
   2.7400000e+02  -9.0160799e+04   4.7303497e+03
   2.7500000e+02  -2.5530786e+04   2.9432625e+04
   2.7600000e+02   7.4441797e+04   3.5934854e+04
   2.7700000e+02   9.2418160e+04   2.0422812e+04
   2.7800000e+02   2.8532960e+04  -6.2584388e+03
   2.7900000e+02  -2.9534563e+04  -2.5083921e+04
   2.8000000e+02  -4.8732261e+04  -3.3756432e+04
   2.8100000e+02  -5.0421712e+04  -3.2123956e+04
   2.8200000e+02  -3.1021476e+04  -4.4481872e+03
   2.8300000e+02   1.0100014e+04   2.4423304e+04
   2.8400000e+02   2.5459396e+04   5.4587784e+03
   2.8500000e+02  -9.6489510e+01  -4.6814300e+04
   2.8600000e+02  -1.7032522e+04  -6.0042768e+04
   2.8700000e+02  -1.3386439e+04  -1.1244852e+04
   2.8800000e+02  -2.0493604e+04   3.6344542e+04
   2.8900000e+02  -1.8620709e+04   3.6561695e+04
   2.9000000e+02   1.2561315e+04   9.2738387e+03
   2.9100000e+02   3.4480200e+04  -1.1011621e+04
   2.9200000e+02   4.8257338e+04  -7.9217444e+02
   2.9300000e+02   7.9418706e+04   3.6329627e+04
   2.9400000e+02   7.1088878e+04   5.7876694e+04
   2.9500000e+02  -1.7103196e+04   2.7140217e+04
   2.9600000e+02  -8.0531114e+04  -3.0530993e+04
   2.9700000e+02  -1.5164422e+04  -4.9574596e+04
   2.9800000e+02   7.8409631e+04  -6.9700813e+03
   2.9900000e+02   4.9875293e+04   3.7846108e+04
   3.0000000e+02  -4.6213168e+04   1.2580774e+04
   3.0100000e+02  -8.0909893e+04  -6.1284069e+04
   3.0200000e+02  -5.3852548e+04  -9.6704353e+04
   3.0300000e+02  -1.8844361e+04  -5.5955878e+04
   3.0400000e+02   1.2049068e+04   2.0903445e+04
   3.0500000e+02   3.6472464e+04   6.1621398e+04
   3.0600000e+02   5.0976894e+04   3.8137465e+04
   3.0700000e+02   7.2161302e+04   5.2200671e+03
   3.0800000e+02   8.6732586e+04   2.2751428e+04
   3.0900000e+02   4.7030726e+04   6.2804635e+04
   3.1000000e+02  -3.1087658e+04   5.1224701e+04
   3.1100000e+02  -7.3985514e+04  -4.2273114e+03
   3.1200000e+02  -5.7894327e+04  -2.2546752e+04
   3.1300000e+02  -2.6275930e+04   1.6100648e+04
   3.1400000e+02  -8.4495742e+03   4.5540454e+04
   3.1500000e+02  -2.6556027e+03   7.3985496e+03
   3.1600000e+02  -2.4069379e+04  -6.9947887e+04
   3.1700000e+02  -6.0115380e+04  -9.9027728e+04
   3.1800000e+02  -5.9535050e+04  -5.1240026e+04
   3.1900000e+02  -2.3534558e+04   5.1420146e+03
   3.2000000e+02   1.3657078e+04   9.6998963e+03
   3.2100000e+02   3.8228445e+04  -1.1303425e+04
   3.2200000e+02   3.5869711e+04  -1.6685757e+04
   3.2300000e+02   1.8884377e+04  -1.2803484e+04
   3.2400000e+02   2.7165134e+04  -3.6775708e+03
   3.2500000e+02   4.5122149e+04   1.2453866e+04
   3.2600000e+02   2.7984025e+04   2.4262616e+04
   3.2700000e+02  -1.1208980e+01   3.2853122e+04
   3.2800000e+02   1.0822673e+03   2.8627734e+04
   3.2900000e+02   8.4316486e+03   7.6383707e+03
   3.3000000e+02  -4.0195209e+03   1.0801469e+04
   3.3100000e+02  -1.8950861e+04   3.4266754e+04
   3.3200000e+02  -1.4945588e+04   2.1581915e+04
   3.3300000e+02   6.9116307e+03  -5.1105373e+03
   3.3400000e+02   3.8240000e+04   5.3436514e+03
   3.3500000e+02   5.2807180e+04   1.8517956e+04
   3.3600000e+02   1.1596975e+04  -1.2530776e+03
   3.3700000e+02  -4.5992468e+04  -1.8866333e+04
   3.3800000e+02  -3.1411899e+04  -3.1393400e+02
   3.3900000e+02   3.2930341e+04   2.3208571e+04
   3.4000000e+02   4.8675654e+04   3.4450848e+03
   3.4100000e+02   2.3355069e+03  -3.0272854e+04
   3.4200000e+02  -3.7498760e+04  -1.9621522e+04
   3.4300000e+02  -3.7834675e+04   1.5890707e+04
   3.4400000e+02  -2.6378849e+04   2.1340077e+04
   3.4500000e+02  -1.6137459e+04  -5.5477710e+03
   3.4600000e+02  -1.2765689e+03  -1.7232226e+04
   3.4700000e+02  -1.4412392e+03   2.2525025e+03
   3.4800000e+02  -2.7550451e+04   1.0123666e+04
   3.4900000e+02  -5.1882025e+04  -5.1057126e+03
   3.5000000e+02  -3.7856980e+04  -8.9297265e+03
   3.5100000e+02   1.5668890e+04  -6.9827470e+02
   3.5200000e+02   5.2589843e+04  -6.3219628e+03
   3.5300000e+02   3.3016955e+04  -2.3398229e+04
   3.5400000e+02  -6.2826496e+03  -2.4542113e+04
   3.5500000e+02  -2.5428923e+04   4.0645041e+02
   3.5600000e+02  -1.4555144e+04   1.9863036e+04
   3.5700000e+02   2.1839484e+04   4.7958182e+03
   3.5800000e+02   3.3471665e+04  -1.6832539e+04
   3.5900000e+02  -1.0941807e+04  -6.4766555e+03
   3.6000000e+02  -5.2667190e+04   2.2757402e+04
   3.6100000e+02  -3.1500927e+04   3.0265321e+04
   3.6200000e+02   2.4952860e+04  -6.9287245e+02
   3.6300000e+02   3.7281863e+04  -3.1725379e+04
   3.6400000e+02  -1.0822833e+04  -1.9230604e+04
   3.6500000e+02  -4.1446876e+04   1.3293530e+04
   3.6600000e+02  -3.4053164e+03   2.0198166e+04
   3.6700000e+02   4.3464389e+04  -7.9984576e+03
   3.6800000e+02   1.6314790e+04  -3.6169967e+04
   3.6900000e+02  -4.5189420e+04  -1.6217886e+04
   3.7000000e+02  -3.3670098e+04   2.2737616e+04
   3.7100000e+02   3.8258120e+04   1.3723746e+04
   3.7200000e+02   6.1878646e+04  -1.5401504e+04
   3.7300000e+02  -6.3349026e+02  -2.0375492e+03
   3.7400000e+02  -6.7921458e+04   2.6773860e+04
   3.7500000e+02  -4.9924312e+04   2.1105275e+04
   3.7600000e+02   2.2687831e+04  -4.9415724e+03
   3.7700000e+02   4.9439596e+04  -2.8927740e+04
   3.7800000e+02   7.1625455e+03  -3.6590820e+04
   3.7900000e+02  -2.4491427e+04  -6.8990154e+03
   3.8000000e+02   1.2015572e+04   2.6549563e+04
   3.8100000e+02   4.8661856e+04   1.2815283e+04
   3.8200000e+02   7.9308490e+03  -2.7818974e+04
   3.8300000e+02  -5.3291092e+04  -4.5622562e+04
   3.8400000e+02  -3.5704803e+04  -2.0941311e+04
   3.8500000e+02   3.9369627e+04   2.5294127e+04
   3.8600000e+02   6.0383079e+04   3.7953723e+04
   3.8700000e+02   7.7281629e+03  -3.4695997e+03
   3.8800000e+02  -2.2946374e+04  -3.1276999e+04
   3.8900000e+02   7.7599204e+03   4.6705748e+03
   3.9000000e+02   3.2268108e+04   4.6891371e+04
   3.9100000e+02   1.8752784e+03   3.4506446e+04
   3.9200000e+02  -3.8430948e+04  -1.5446691e+04
   3.9300000e+02  -2.9843890e+04  -4.4031762e+04
   3.9400000e+02   1.1781639e+04  -1.4455500e+04
   3.9500000e+02   3.0517981e+04   3.0963299e+04
   3.9600000e+02   1.2931463e+04   3.0489815e+04
   3.9700000e+02  -1.8384978e+03  -5.4347579e+03
   3.9800000e+02   1.2546283e+03  -2.5654146e+04
   3.9900000e+02  -2.9077112e+03  -1.5402113e+04
   4.0000000e+02  -1.1514483e+04  -3.6563793e+03
   4.0100000e+02  -4.0882133e+03   6.8003245e+03
   4.0200000e+02   9.1965181e+03   2.6224219e+04
   4.0300000e+02   5.0767055e+03   1.8123389e+04
   4.0400000e+02  -4.6041868e+03  -1.9332077e+04
   4.0500000e+02   9.0929966e+03  -1.8928103e+04
   4.0600000e+02   1.8889037e+04   3.2379295e+04
   4.0700000e+02  -4.4879003e+03   5.6729319e+04
   4.0800000e+02  -1.2286497e+04   9.4375349e+03
   4.0900000e+02   2.3302194e+04  -4.5272502e+04
   4.1000000e+02   4.0001327e+04  -3.1353451e+04
   4.1100000e+02  -1.6856805e+03   2.9267198e+04
   4.1200000e+02  -3.6900500e+04   5.0917228e+04
   4.1300000e+02  -8.0521830e+03   5.1029763e+03
   4.1400000e+02   3.2305759e+04  -4.5474757e+04
   4.1500000e+02   2.2664096e+04  -4.1256594e+04
   4.1600000e+02  -1.6188779e+04   1.5142689e+04
   4.1700000e+02  -4.0850389e+04   6.3224789e+04
   4.1800000e+02  -3.4456721e+04   3.4136030e+04
   4.1900000e+02  -2.5619460e+03  -3.9341104e+04
   4.2000000e+02   2.3113103e+04  -4.8017216e+04
   4.2100000e+02   9.4821331e+03   2.1693190e+04
   4.2200000e+02  -2.6852789e+04   6.3666384e+04
   4.2300000e+02  -3.7367582e+04   1.9907419e+04
   4.2400000e+02  -9.6135370e+03  -4.3111047e+04
   4.2500000e+02   1.7342715e+04  -5.2534871e+04
   4.2600000e+02   9.6211284e+03  -1.8329642e+04
   4.2700000e+02  -1.2117400e+04   8.1647570e+03
   4.2800000e+02  -1.6254800e+04   7.7865507e+03
   4.2900000e+02  -2.0239305e+03  -1.1789778e+03
   4.3000000e+02   1.9120154e+04  -1.1962682e+04
   4.3100000e+02   2.1306485e+04  -1.5513825e+04
   4.3200000e+02  -3.7214815e+03   7.4875809e+02
   4.3300000e+02  -1.9943683e+04   1.2426826e+04
   4.3400000e+02  -7.2147244e+03   1.8349959e+03
   4.3500000e+02   1.7462643e+04  -9.2569261e+03
   4.3600000e+02   2.4754220e+04   6.5114990e+03
   4.3700000e+02  -4.0038490e+03   3.7298925e+04
   4.3800000e+02  -4.0958498e+04   2.6367950e+04
   4.3900000e+02  -3.7688456e+04  -2.5498778e+04
   4.4000000e+02   3.7177238e+03  -4.1065860e+04
   4.4100000e+02   3.0107113e+04  -3.6466035e+03
   4.4200000e+02   5.6813813e+03   2.7593509e+04
   4.4300000e+02  -4.4881654e+04   1.9451371e+04
   4.4400000e+02  -5.8873594e+04  -1.2191086e+04
   4.4500000e+02  -9.8459422e+03  -3.1120722e+04
   4.4600000e+02   4.2407481e+04  -1.5518804e+04
   4.4700000e+02   3.8438595e+04   1.2382284e+04
   4.4800000e+02   5.2523405e+03   2.0991507e+04
   4.4900000e+02  -1.3347529e+04   6.9221888e+03
   4.5000000e+02  -8.3065756e+03  -1.2774399e+04
   4.5100000e+02   1.9378040e+04  -6.4886728e+03
   4.5200000e+02   4.3842837e+04   2.2435446e+04
   4.5300000e+02   2.5782491e+04   2.5961228e+04
   4.5400000e+02  -1.5602076e+04  -2.6062048e+03
   4.5500000e+02  -1.5882624e+04  -2.9173335e+04
   4.5600000e+02   1.9226806e+04  -2.9421019e+04
   4.5700000e+02   1.6761810e+04  -1.5907539e+03
   4.5800000e+02  -2.5818792e+04   1.7457248e+04
   4.5900000e+02  -4.0413337e+04   4.6040378e+02
   4.6000000e+02  -8.3497600e+03  -2.2779383e+04
   4.6100000e+02   2.5936320e+04  -1.8403879e+04
   4.6200000e+02   2.1124182e+04  -5.3307981e+02
   4.6300000e+02  -1.3778786e+04  -2.1322451e+03
   4.6400000e+02  -2.9204514e+04  -1.7367958e+04
   4.6500000e+02  -3.6705379e+03  -1.4840829e+04
   4.6600000e+02   3.3258516e+04   8.3617774e+03
   4.6700000e+02   4.1027845e+04   2.3980675e+04
   4.6800000e+02   1.0110553e+04   1.1519258e+04
   4.6900000e+02  -1.5602995e+04  -1.2109946e+04
   4.7000000e+02  -2.6714212e+03  -1.9531020e+04
   4.7100000e+02   1.6823104e+04  -9.4510820e+03
   4.7200000e+02   1.4112114e+04   8.6766946e+03
   4.7300000e+02  -1.9806771e+03   2.0426129e+04
   4.7400000e+02  -1.5431983e+04   6.5227174e+03
   4.7500000e+02  -7.5479387e+03  -1.5929582e+04
   4.7600000e+02   1.6441964e+04  -7.1673754e+03
   4.7700000e+02   2.1146294e+04   1.6483519e+04
   4.7800000e+02  -6.5273185e+03   1.2095582e+04
   4.7900000e+02  -3.5220089e+04  -4.3546498e+03
   4.8000000e+02  -2.6971942e+04  -5.1773570e+03
   4.8100000e+02   1.0631915e+04  -4.0533132e+03
   4.8200000e+02   2.8021497e+04  -2.6717761e+03
   4.8300000e+02   5.5364576e+03   1.3994308e+04
   4.8400000e+02  -1.3382350e+04   2.6446971e+04
   4.8500000e+02   3.6720561e+03   8.8544042e+03
   4.8600000e+02   2.2222669e+04  -1.7613568e+04
   4.8700000e+02   5.3369235e+03  -1.5687324e+04
   4.8800000e+02  -2.5178679e+04   1.1864285e+04
   4.8900000e+02  -2.3761262e+04   2.2723778e+04
   4.9000000e+02   1.0964590e+04  -2.5506580e+03
   4.9100000e+02   3.0112064e+04  -1.8690395e+04
   4.9200000e+02   9.1064048e+03   4.1276236e+03
   4.9300000e+02  -2.2069619e+04   2.3512003e+04
   4.9400000e+02  -3.0284846e+04   1.3170443e+04
   4.9500000e+02  -1.0219494e+04  -1.2844757e+03
   4.9600000e+02   1.7064897e+04  -1.0518621e+04
   4.9700000e+02   2.3094022e+04  -1.9858010e+04
   4.9800000e+02   5.0710311e+03  -6.8473366e+03
   4.9900000e+02  -8.5232705e+03   3.1619014e+04
   5.0000000e+02   4.6574770e+03   4.2650626e+04
   5.0100000e+02   2.2277775e+04   1.3249030e+03
   5.0200000e+02   1.3320058e+04  -3.4084494e+04
   5.0300000e+02  -3.8214319e+03  -9.9205310e+03
   5.0400000e+02  -5.6636477e+03   2.9121857e+04
   5.0500000e+02  -9.7718517e+03   2.0192554e+04
   5.0600000e+02  -2.0519519e+04  -2.7685583e+02
   5.0700000e+02  -1.5455771e+04   1.2315163e+04
   5.0800000e+02   2.4112129e+03   2.0042490e+04
   5.0900000e+02   5.3142229e+03  -6.1944884e+03
   5.1000000e+02  -1.9716054e+04  -3.1914782e+04
   5.1100000e+02  -4.5342301e+04  -1.8943974e+04
   5.1200000e+02  -3.1849695e+04   1.1793207e+04
   5.1300000e+02   1.3395685e+04   1.2639438e+04
   5.1400000e+02   3.6980252e+04  -1.5011361e+04
   5.1500000e+02   3.0978441e+03  -3.0339070e+04
   5.1600000e+02  -3.9096132e+04  -9.0521282e+03
   5.1700000e+02  -1.5950430e+04   1.5776725e+04
   5.1800000e+02   3.6920186e+04   2.7967329e+03
   5.1900000e+02   4.1179611e+04  -2.0332596e+04
   5.2000000e+02   1.4903229e+03  -1.6175661e+04
   5.2100000e+02  -2.6094620e+04   1.1897948e+04
   5.2200000e+02  -3.4731209e+03   3.4281990e+04
   5.2300000e+02   3.4479657e+04   1.3488224e+04
   5.2400000e+02   2.2546607e+04  -2.2957695e+04
   5.2500000e+02  -2.2600836e+04  -1.7899876e+04
   5.2600000e+02  -3.5556024e+04   7.4501309e+03
   5.2700000e+02  -6.5815996e+03   9.4683569e+03
   5.2800000e+02   1.5591586e+04  -7.7441353e+02
   5.2900000e+02   7.0609347e+03  -4.0522196e+03
   5.3000000e+02  -7.1402985e+03  -1.0850048e+04
   5.3100000e+02  -1.4073652e+04  -2.0691124e+04
   5.3200000e+02  -9.5669377e+03  -1.3156933e+04
   5.3300000e+02   9.5180418e+03   1.9228120e+03
   5.3400000e+02   1.7413823e+04  -4.0032994e+03
   5.3500000e+02   2.6575864e+03  -2.0754887e+04
   5.3600000e+02  -1.0479452e+04  -1.6476943e+04
   5.3700000e+02  -5.2491368e+03   1.6547738e+03
   5.3800000e+02   9.2084914e+03   5.5725483e+03
   5.3900000e+02   1.3473943e+04  -2.1590625e+03
   5.4000000e+02   1.4559640e+03  -4.7946510e+03
   5.4100000e+02  -1.1686156e+04   1.8064448e+02
   5.4200000e+02  -1.1524344e+04   1.8648747e+03
   5.4300000e+02  -8.4486617e+03  -4.2219860e+02
   5.4400000e+02  -4.5526481e+03   4.7541665e+03
   5.4500000e+02   1.3785978e+04   6.1579102e+03
   5.4600000e+02   2.2602795e+04  -5.2741765e+03
   5.4700000e+02   4.2655844e+03  -1.1815607e+04
   5.4800000e+02  -1.1072592e+04   1.3505311e+03
   5.4900000e+02  -7.7161580e+03   2.2557258e+04
   5.5000000e+02   1.4969122e+03   9.4392233e+03
   5.5100000e+02   8.6506152e+02  -3.4623564e+04
   5.5200000e+02  -2.4764947e+03  -4.0530210e+04
   5.5300000e+02   1.3318422e+04   6.5096052e+03
   5.5400000e+02   2.5783641e+04   4.7616880e+04
   5.5500000e+02   7.6542078e+03   3.4850282e+04
   5.5600000e+02  -1.2909689e+04  -1.5631340e+04
   5.5700000e+02  -1.2611872e+04  -4.1199565e+04
   5.5800000e+02  -5.8908193e+03  -1.3522701e+04
   5.5900000e+02   1.5447224e+03   3.4144464e+04
   5.6000000e+02   1.5674707e+04   4.5100923e+04
   5.6100000e+02   1.8535335e+04   8.2049991e+03
   5.6200000e+02  -1.1524027e+03  -1.6814019e+04
   5.6300000e+02  -1.0736668e+04   4.3696731e+02
   5.6400000e+02   8.3025290e+03   2.0137956e+04
   5.6500000e+02   2.4085323e+04   1.5631621e+04
   5.6600000e+02   7.7024934e+03  -6.0350290e+02
   5.6700000e+02  -2.0549582e+04  -1.5083169e+04
   5.6800000e+02  -1.7450373e+04  -1.4745570e+04
   5.6900000e+02   9.7830402e+03   1.3626876e+04
   5.7000000e+02   1.3831041e+04   3.8093684e+04
   5.7100000e+02  -9.9749214e+03   1.1379466e+04
   5.7200000e+02  -2.5176925e+04  -3.7167848e+04
   5.7300000e+02  -1.0335352e+04  -3.9849020e+04
   5.7400000e+02   1.3555089e+04   7.3626512e+03
   5.7500000e+02   1.4276140e+04   4.5532252e+04
   5.7600000e+02   5.2659119e+03   2.9868900e+04
   5.7700000e+02   6.5374630e+03  -1.4225571e+04
   5.7800000e+02   7.1399237e+03  -2.4653884e+04
   5.7900000e+02   9.3863296e+03   5.1737854e+03
   5.8000000e+02   1.3169115e+04   2.2639201e+04
   5.8100000e+02   8.8898449e+03   1.2869225e+04
   5.8200000e+02   5.4970312e+03   2.9033954e+03
   5.8300000e+02  -1.7599606e+03   5.1205291e+02
   5.8400000e+02  -1.4323145e+04   3.5118794e+03
   5.8500000e+02  -1.0089771e+04   2.6184417e+03
   5.8600000e+02   1.7307348e+03  -5.8554407e+03
   5.8700000e+02  -8.5454314e+03  -4.3634571e+03
   5.8800000e+02  -3.3930450e+04  -4.5148392e+02
   5.8900000e+02  -3.7694627e+04  -7.3892182e+03
   5.9000000e+02  -1.1383029e+04  -5.6231322e+03
   5.9100000e+02   9.7757022e+03   5.7540472e+03
   5.9200000e+02   4.8747578e+03   6.0175102e+02
   5.9300000e+02  -7.9828794e+03  -1.4198263e+04
   5.9400000e+02  -5.2515515e+03  -8.6688064e+03
   5.9500000e+02   1.0599188e+04   4.0078288e+03
   5.9600000e+02   1.9545003e+04  -3.4877053e+03
   5.9700000e+02   1.4676884e+04  -1.5081852e+04
   5.9800000e+02   1.8756950e+01  -1.2331636e+04
   5.9900000e+02  -9.7254321e+03   2.4484248e+03
   6.0000000e+02  -2.9399202e+03   1.8033791e+04
   6.0100000e+02   8.1907990e+02   8.5531702e+03
   6.0200000e+02  -9.1160667e+03  -2.3067491e+04
   6.0300000e+02  -1.6064921e+04  -2.5719313e+04
   6.0400000e+02  -1.4386235e+04   1.1644692e+04
   6.0500000e+02  -1.0904641e+04   2.5012812e+04
   6.0600000e+02  -8.7603884e+03  -5.0480917e+03
   6.0700000e+02  -8.4229797e+03  -1.7586438e+04
   6.0800000e+02  -1.3065203e+04  -1.5262568e+03
   6.0900000e+02  -1.1624938e+04  -9.4501851e+02
   6.1000000e+02   1.1586446e+04  -1.1288145e+04
   6.1100000e+02   2.9682901e+04  -6.5822993e+03
   6.1200000e+02   1.0633604e+04  -3.6703848e+02
   6.1300000e+02  -1.6854086e+04  -4.3117059e+03
   6.1400000e+02  -3.9351773e+03  -2.3879477e+03
   6.1500000e+02   3.3800132e+04   1.8052874e+03
   6.1600000e+02   3.3515745e+04  -7.0842905e+03
   6.1700000e+02  -3.7536359e+03  -1.5269349e+04
   6.1800000e+02  -2.0283791e+04  -9.4795204e+03
   6.1900000e+02  -1.0595092e+04   1.4659015e+03
   6.2000000e+02  -7.8266028e+03   4.4063023e+03
   6.2100000e+02  -1.1683703e+04  -4.4021412e+03
   6.2200000e+02  -6.2350588e+03  -1.2073276e+04
   6.2300000e+02   6.5231274e+02  -3.5216851e+03
   6.2400000e+02   1.5599087e+03   1.7033441e+04
   6.2500000e+02   4.6188937e+03   2.2159406e+04
   6.2600000e+02   6.2541798e+03  -3.6132351e+02
   6.2700000e+02   5.7124175e+03  -1.8046202e+04
   6.2800000e+02   1.3151899e+04  -4.9089273e+03
   6.2900000e+02   2.2498058e+04   2.0145420e+04
   6.3000000e+02   2.2735288e+04   2.1178698e+04
   6.3100000e+02   1.2410498e+04  -8.9531898e+03
   6.3200000e+02   1.5819613e+03  -2.9914826e+04
   6.3300000e+02   1.9308069e+03  -9.8827540e+03
   6.3400000e+02   3.0856120e+03   2.5967188e+04
   6.3500000e+02  -1.6116820e+03   3.1668448e+04
   6.3600000e+02  -3.2534527e+03  -1.7439743e+03
   6.3700000e+02  -1.1462595e+04  -2.9458786e+04
   6.3800000e+02  -2.4755334e+04  -1.1403100e+04
   6.3900000e+02  -1.4903132e+04   2.3194540e+04
   6.4000000e+02   9.3395260e+03   2.5509229e+04
   6.4100000e+02   1.7179546e+04   6.8059947e+03
   6.4200000e+02   1.2076284e+04  -1.2967510e+03
   6.4300000e+02   4.7997622e+03  -3.0032644e+03
   6.4400000e+02   9.2445114e+02  -4.8149277e+02
   6.4500000e+02   7.4855783e+03   1.3118481e+04
   6.4600000e+02   1.3183460e+04   1.7966705e+04
   6.4700000e+02   7.1949354e+03  -7.2992897e+02
   6.4800000e+02  -4.8279266e+02  -1.5881271e+04
   6.4900000e+02   2.2644616e+03  -1.4390274e+03
   6.5000000e+02   7.9351293e+03   1.2519439e+04
   6.5100000e+02   5.9315590e+02  -8.2031324e+03
   6.5200000e+02  -1.1519119e+04  -2.6344173e+04
   6.5300000e+02  -1.5649769e+04  -1.8281007e+03
   6.5400000e+02  -1.4873487e+04   2.9001134e+04
   6.5500000e+02  -5.5605080e+03   1.8352203e+04
   6.5600000e+02   9.7631260e+03  -1.7070638e+04
   6.5700000e+02   1.4531120e+04  -2.9288221e+04
   6.5800000e+02   6.0668775e+03  -5.1087012e+03
   6.5900000e+02  -5.6887004e+03   3.0334545e+04
   6.6000000e+02  -1.4816126e+04   4.1091999e+04
   6.6100000e+02  -1.5582305e+04   1.0310462e+04
   6.6200000e+02  -3.4922693e+03  -2.8196389e+04
   6.6300000e+02   1.1588386e+04  -2.7328560e+04
   6.6400000e+02   1.4882113e+04   3.7339650e+02
   6.6500000e+02   1.4059369e+03   9.2589620e+03
   6.6600000e+02  -1.7684782e+04   2.1522707e+03
   6.6700000e+02  -1.7186853e+04   5.6620033e+03
   6.6800000e+02   2.1848859e+03   7.3842404e+03
   6.6900000e+02   8.2250882e+03   4.9308617e+02
   6.7000000e+02  -7.2121777e+03   2.9817587e+03
   6.7100000e+02  -1.9752372e+04   5.4645522e+03
   6.7200000e+02  -1.5194765e+04  -4.9206651e+03
   6.7300000e+02  -2.2728202e+03  -1.2741393e+04
   6.7400000e+02   8.2319110e+03  -2.2830185e+03
   6.7500000e+02   5.8669522e+03   1.8671220e+04
   6.7600000e+02  -8.8128745e+03   2.0075422e+04
   6.7700000e+02  -1.1245990e+04  -2.8407362e+03
   6.7800000e+02   6.6537080e+02  -1.6133674e+04
   6.7900000e+02   2.2878307e+03  -8.4183806e+03
   6.8000000e+02  -6.8380142e+03  -1.9461038e+03
   6.8100000e+02  -7.7244845e+03  -8.9143805e+03
   6.8200000e+02   4.8306642e+03  -1.0030101e+04
   6.8300000e+02   7.9832568e+03   9.3583197e+03
   6.8400000e+02  -4.7288651e+03   1.4663463e+04
   6.8500000e+02  -6.6303015e+03  -1.6687524e+04
   6.8600000e+02  -2.8162105e+03  -4.1878565e+04
   6.8700000e+02  -2.9137433e+03  -2.5034842e+04
   6.8800000e+02   9.7264367e+03   1.3038898e+04
   6.8900000e+02   1.5183209e+04   2.4763307e+04
   6.9000000e+02  -1.9343141e+03  -4.1497961e+03
   6.9100000e+02  -1.7587078e+03  -2.4918735e+04
   6.9200000e+02   2.1886681e+04  -5.6179514e+03
   6.9300000e+02   1.7745754e+04   1.6282357e+04
   6.9400000e+02  -1.8407281e+04   1.2904030e+04
   6.9500000e+02  -3.0751783e+04   5.9974489e+03
   6.9600000e+02  -3.9198512e+03   7.3947997e+03
   6.9700000e+02   1.8609411e+04   2.2358697e+02
   6.9800000e+02   1.0899484e+04  -1.0171111e+04
   6.9900000e+02  -2.2850802e+03  -4.7275715e+03
   7.0000000e+02   2.1200890e+03   1.1342826e+03
   7.0100000e+02   4.7405851e+03  -5.8611496e+03
   7.0200000e+02  -1.0088114e+04  -9.6299276e+03
   7.0300000e+02  -1.5589366e+04  -3.6206410e+03
   7.0400000e+02   1.2475434e+04  -2.1650355e+02
   7.0500000e+02   3.5446867e+04  -1.5810454e+04
   7.0600000e+02   4.2809920e+03  -3.5885877e+04
   7.0700000e+02  -3.6635822e+04  -1.7722974e+04
   7.0800000e+02  -2.6604228e+04   2.4368817e+04
   7.0900000e+02   6.9994799e+03   3.0699844e+04
   7.1000000e+02   2.7707706e+04  -3.4819196e+03
   7.1100000e+02   3.0733645e+04  -2.9010180e+04
   7.1200000e+02   1.1075338e+04  -8.4849434e+03
   7.1300000e+02  -1.0962456e+04   3.1358451e+04
   7.1400000e+02  -7.2260730e+03   2.8584662e+04
   7.1500000e+02   8.9659998e+03  -3.4210925e+03
   7.1600000e+02   9.3840558e+03  -4.5495325e+03
   7.1700000e+02  -5.3756917e+03   1.3261864e+04
   7.1800000e+02  -1.0909223e+04   1.2142842e+04
   7.1900000e+02   7.0842565e+03   5.8215668e+02
   7.2000000e+02   1.9389703e+04  -9.4621773e+03
   7.2100000e+02  -7.2229303e+03  -1.6082954e+04
   7.2200000e+02  -3.7667904e+04  -7.6237408e+03
   7.2300000e+02  -2.3880226e+04   1.0568522e+04
   7.2400000e+02   1.7230400e+04   1.1995387e+04
   7.2500000e+02   3.8585498e+04  -2.1660314e+03
   7.2600000e+02   1.3971211e+04  -4.6492930e+03
   7.2700000e+02  -2.4892682e+04   7.3419334e+03
   7.2800000e+02  -1.6474459e+04   1.7845359e+04
   7.2900000e+02   2.8863069e+04   1.7694366e+04
   7.3000000e+02   3.7111519e+04   6.4176141e+03
   7.3100000e+02  -9.1022259e+03  -3.0042344e+03
   7.3200000e+02  -3.8007432e+04  -8.7060710e+02
   7.3300000e+02  -7.9415423e+03   4.9614073e+03
   7.3400000e+02   2.2045749e+04   4.4647063e+03
   7.3500000e+02   6.5331046e+03   1.2154648e+02
   7.3600000e+02  -1.5376193e+04  -1.9319072e+03
   7.3700000e+02  -9.7108944e+03  -8.2665031e+03
   7.3800000e+02   3.8333522e+03  -1.2520007e+04
   7.3900000e+02   3.8302745e+03   7.0117764e+02
   7.4000000e+02  -2.1768957e+03   1.0666792e+04
   7.4100000e+02  -5.6229391e+03   3.9669567e+03
   7.4200000e+02  -1.0842478e+04   3.5430280e+03
   7.4300000e+02  -1.1342091e+04   9.6564737e+03
   7.4400000e+02   4.4158894e+02   6.7914114e+03
   7.4500000e+02   1.1472354e+04   1.3665558e+03
   7.4600000e+02   1.5776466e+04  -2.1271138e+03
   7.4700000e+02   1.4220224e+04  -5.3525083e+03
   7.4800000e+02  -3.3632190e+03   2.9445066e+02
   7.4900000e+02  -1.6555248e+04   8.9034453e+03
   7.5000000e+02   3.9540905e+03   5.3425694e+03
   7.5100000e+02   2.4602691e+04  -1.6481067e+03
   7.5200000e+02   5.7298346e+03  -6.1558349e+03
   7.5300000e+02  -2.4327781e+04  -1.0186377e+04
   7.5400000e+02  -2.1384239e+04  -2.4375728e+03
   7.5500000e+02   7.7850850e+03   9.7988503e+03
   7.5600000e+02   2.0094559e+04   1.0045565e+04
   7.5700000e+02  -2.9940725e+03   4.5365952e+03
   7.5800000e+02  -2.3937616e+04  -2.7415574e+03
   7.5900000e+02  -7.4710827e+03  -6.7183748e+03
   7.6000000e+02   7.8224477e+03   4.9912597e+03
   7.6100000e+02  -1.4069852e+04   1.2956164e+04
   7.6200000e+02  -2.8841628e+04  -4.8869101e+03
   7.6300000e+02  -1.1213962e+04  -1.9939022e+04
   7.6400000e+02   8.1944167e+03  -8.6140893e+03
   7.6500000e+02   1.2718396e+04   8.3002687e+03
   7.6600000e+02  -1.5768801e+03   7.9127584e+03
   7.6700000e+02  -1.8571702e+04  -1.4723306e+04
   7.6800000e+02  -1.1333456e+04  -3.1233998e+04
   7.6900000e+02   4.8392937e+03  -1.3186486e+04
   7.7000000e+02   9.4293057e+03   9.5711403e+03
   7.7100000e+02   1.4609917e+04   7.2586440e+03
   7.7200000e+02   2.2052484e+04  -5.5510254e+03
   7.7300000e+02   1.4941797e+04  -1.2072432e+04
   7.7400000e+02  -3.7970921e+03  -1.2975990e+04
   7.7500000e+02  -1.3558356e+04  -1.3667178e+04
   7.7600000e+02  -5.8180291e+03  -2.1073955e+03
   7.7700000e+02   6.0959245e+03   1.7164859e+04
   7.7800000e+02   4.0910964e+03   8.8182821e+03
   7.7900000e+02  -4.5346419e+03  -2.0826128e+04
   7.8000000e+02  -7.8623593e+03  -3.3423934e+04
   7.8100000e+02  -1.3150890e+04  -1.4110602e+04
   7.8200000e+02  -1.1801516e+04   2.0430645e+04
   7.8300000e+02   1.1903715e+03   2.4050273e+04
   7.8400000e+02   1.1941701e+03  -1.1677639e+04
   7.8500000e+02  -1.5834253e+04  -2.8075029e+04
   7.8600000e+02  -2.0675549e+04  -2.2672511e+03
   7.8700000e+02   4.0287552e+03   1.7800787e+04
   7.8800000e+02   2.8670682e+04   6.2415068e+03
   7.8900000e+02   1.9641211e+04  -1.0047312e+04
   7.9000000e+02   7.4804653e+02  -1.1843235e+04
   7.9100000e+02   3.2781479e+03  -3.8730540e+03
   7.9200000e+02   1.6527753e+04   6.9000535e+03
   7.9300000e+02   1.5273528e+04   9.9471074e+03
   7.9400000e+02  -7.9576553e+03   1.1039349e+02
   7.9500000e+02  -2.2410556e+04  -7.5561883e+03
   7.9600000e+02  -2.0430707e+02  -5.9217217e+02
   7.9700000e+02   2.7961716e+04   1.0055759e+04
   7.9800000e+02   2.1896495e+04   1.8832319e+04
   7.9900000e+02  -2.8013833e+03   2.5098487e+04
   8.0000000e+02  -1.4454163e+04   1.2174831e+04
   8.0100000e+02  -1.1331168e+04  -8.0043814e+03
   8.0200000e+02   2.8727762e+03  -4.5388825e+03
   8.0300000e+02   1.7457387e+04   1.5164054e+04
   8.0400000e+02   1.2198098e+04   2.8032426e+04
   8.0500000e+02   1.2296538e+03   1.3103269e+04
   8.0600000e+02   7.3017582e+03  -2.4476523e+04
   8.0700000e+02   1.0318438e+04  -2.9794846e+04
   8.0800000e+02  -4.8164780e+03   7.3495579e+03
   8.0900000e+02  -1.1952094e+04   2.1636712e+04
   8.1000000e+02  -2.9733092e+03  -1.3073629e+03
   8.1100000e+02   1.1695273e+03  -6.0734071e+03
   8.1200000e+02  -1.0559783e+02   2.0269282e+04
   8.1300000e+02  -4.9634636e+02   3.4716000e+04
   8.1400000e+02   1.9818851e+03   1.4016069e+04
   8.1500000e+02   8.5880280e+03  -1.3465347e+04
   8.1600000e+02   3.0435518e+03  -7.3487631e+03
   8.1700000e+02  -1.1295930e+04   1.6961195e+04
   8.1800000e+02  -8.1794272e+03   1.4345456e+04
   8.1900000e+02   1.0502687e+04  -6.1762208e+03
   8.2000000e+02   2.0596906e+04  -1.1577582e+04
   8.2100000e+02   6.8209393e+03  -7.7974811e+03
   8.2200000e+02  -8.4032761e+03  -9.2410960e+03
   8.2300000e+02   2.9125131e+03  -5.4059339e+03
   8.2400000e+02   1.2676306e+04   4.0541988e+03
   8.2500000e+02  -5.3984118e+03  -1.9409537e+03
   8.2600000e+02  -2.1824707e+04  -1.5162265e+04
   8.2700000e+02  -1.4279611e+04  -5.8172665e+03
   8.2800000e+02  -2.5261394e+03   2.0665781e+04
   8.2900000e+02  -5.0790997e+03   2.5293190e+04
   8.3000000e+02  -1.3718374e+04  -5.3957905e+03
   8.3100000e+02  -1.5032055e+04  -2.4684438e+04
   8.3200000e+02  -4.8438344e+03  -5.7543373e+03
   8.3300000e+02   9.0835754e+03   1.1223407e+04
   8.3400000e+02   9.9598366e+03   7.7968315e+03
   8.3500000e+02  -2.1109689e+03   1.7591585e+03
   8.3600000e+02  -5.3163931e+03  -5.1330409e+03
   8.3700000e+02   5.1640230e+03  -1.3914034e+04
   8.3800000e+02   3.5859268e+03  -1.4899907e+04
   8.3900000e+02  -1.3848744e+04  -3.6813477e+03
   8.4000000e+02  -1.4961057e+04   6.9138914e+03
   8.4100000e+02   2.4632754e+02   3.5693902e+03
   8.4200000e+02  -5.9847136e+02  -9.8861285e+03
   8.4300000e+02  -1.4223111e+04  -1.9016484e+04
   8.4400000e+02  -1.1564247e+04  -9.4152502e+03
   8.4500000e+02   2.8441406e+03   8.9133227e+03
   8.4600000e+02   1.8417951e+03   1.0838594e+04
   8.4700000e+02  -9.2787449e+03  -4.6366907e+03
   8.4800000e+02  -7.1902550e+03  -1.8988444e+04
   8.4900000e+02   6.3026652e+03  -1.5138745e+04
   8.5000000e+02   1.1505692e+04   3.1426822e+03
   8.5100000e+02  -2.8419592e+02   9.0692041e+03
   8.5200000e+02  -9.2385404e+03  -7.6833669e+03
   8.5300000e+02   7.4743315e+02  -2.0447586e+04
   8.5400000e+02   1.5557478e+04  -6.4886743e+03
   8.5500000e+02   2.0923920e+04   1.1421942e+04
   8.5600000e+02   9.8051854e+03  -3.2195219e+02
   8.5700000e+02  -1.2486354e+04  -2.9946320e+04
   8.5800000e+02  -2.0913999e+04  -2.8963393e+04
   8.5900000e+02  -7.3799432e+03   1.9364485e+04
   8.6000000e+02   9.5769377e+03   5.3674832e+04
   8.6100000e+02   8.8228811e+03   2.2362805e+04
   8.6200000e+02  -1.3334426e+04  -2.4128086e+04
   8.6300000e+02  -3.0759305e+04  -2.0205233e+04
   8.6400000e+02  -1.7699519e+04   1.5745341e+04
   8.6500000e+02   9.1497182e+03   2.7880877e+04
   8.6600000e+02   1.4385776e+04   3.2614792e+03
   8.6700000e+02   1.3823237e+03  -2.5073977e+04
   8.6800000e+02  -1.7751465e+03  -2.2695590e+04
   8.6900000e+02   9.0438637e+03   5.7389920e+03
   8.7000000e+02   2.1344836e+04   1.4908156e+04
   8.7100000e+02   2.3417596e+04  -9.5777226e+03
   8.7200000e+02   1.2733116e+04  -2.4850199e+04
   8.7300000e+02   2.3708879e+03  -8.7347050e+03
   8.7400000e+02   1.1985183e+03   1.6339030e+04
   8.7500000e+02   7.4300808e+03   2.2542445e+04
   8.7600000e+02   1.5202048e+04   4.7925269e+03
   8.7700000e+02   1.2679388e+04  -8.6959187e+03
   8.7800000e+02  -1.2557064e+03   2.5531030e+02
   8.7900000e+02  -8.3320157e+03   1.2779313e+04
   8.8000000e+02  -1.2213528e+03   1.3719319e+04
   8.8100000e+02  -1.2606537e+03   7.3332576e+03
   8.8200000e+02  -1.5083964e+04   3.4462794e+03
   8.8300000e+02  -1.1977879e+04   9.6497760e+03
   8.8400000e+02   1.2859301e+04   1.2427489e+04
   8.8500000e+02   2.4068842e+04   2.2349333e+02
   8.8600000e+02   1.4712191e+04  -4.8866309e+03
   8.8700000e+02   6.9612859e+03   1.4127036e+03
   8.8800000e+02   1.0423053e+04  -1.1529155e+02
   8.8900000e+02   1.6236236e+04  -2.0497070e+03
   8.9000000e+02   3.4935265e+03  -8.4143318e+02
   8.9100000e+02  -1.6753320e+04  -1.7825888e+03
   8.9200000e+02  -5.1506836e+03   6.2104079e+03
   8.9300000e+02   1.6149292e+04   1.6397563e+04
   8.9400000e+02  -3.0964487e+03   8.8862510e+03
   8.9500000e+02  -3.6528326e+04  -1.1502689e+04
   8.9600000e+02  -3.2082737e+04  -1.5874718e+04
   8.9700000e+02  -2.0280871e+03   5.1838899e+03
   8.9800000e+02   1.0349150e+04   1.7718270e+04
   8.9900000e+02  -3.3211962e+02   5.9040135e+03
   9.0000000e+02  -1.1381603e+04  -6.2688192e+03
   9.0100000e+02  -1.2698493e+04  -5.9965001e+03
   9.0200000e+02  -3.4411093e+03  -3.3940087e+03
   9.0300000e+02   1.1205443e+04  -8.3342607e+03
   9.0400000e+02   1.8213617e+04  -6.3696519e+03
   9.0500000e+02   1.3481502e+04   1.1146593e+04
   9.0600000e+02  -2.9547628e+02   1.6725617e+04
   9.0700000e+02  -1.2778654e+04   2.3703428e+03
   9.0800000e+02  -4.2264422e+03  -8.0879528e+03
   9.0900000e+02   1.3194654e+04  -7.1609777e+03
   9.1000000e+02   1.1190554e+03  -2.4054896e+03
   9.1100000e+02  -2.5833227e+04   3.8376347e+03
   9.1200000e+02  -1.8037865e+04   9.3322220e+03
   9.1300000e+02   1.3596563e+04   4.4615851e+02
   9.1400000e+02   1.8729337e+04  -2.4111462e+04
   9.1500000e+02  -8.0199420e+03  -3.0594393e+04
   9.1600000e+02  -2.8133887e+04   3.8764027e+02
   9.1700000e+02  -2.0907440e+04   2.9370582e+04
   9.1800000e+02  -3.8803364e+03   1.2163129e+04
   9.1900000e+02   3.8375850e+03  -2.5092814e+04
   9.2000000e+02  -1.2188808e+03  -2.3979595e+04
   9.2100000e+02  -7.5365211e+03   1.3018359e+04
   9.2200000e+02  -4.4871574e+03   3.6797164e+04
   9.2300000e+02  -4.9832946e+03   2.4615551e+04
   9.2400000e+02  -6.0832363e+03  -9.4343401e+03
   9.2500000e+02   8.7562525e+03  -3.1303203e+04
   9.2600000e+02   2.0673490e+04  -9.6396368e+03
   9.2700000e+02   1.2780510e+04   3.1071001e+04
   9.2800000e+02  -8.4466133e+02   2.5259911e+04
   9.2900000e+02  -1.1034054e+03  -2.2444631e+04
   9.3000000e+02   1.0125180e+04  -3.9303118e+04
   9.3100000e+02   1.0497219e+04  -1.3563760e+04
   9.3200000e+02  -4.5565516e+03   4.6626919e+03
   9.3300000e+02  -2.2688382e+04   6.0912989e+02
   9.3400000e+02  -2.3828865e+04  -6.7759276e+03
   9.3500000e+02   1.2244441e+03  -1.1191552e+04
   9.3600000e+02   1.2153718e+04  -1.5360615e+04
   9.3700000e+02  -6.6907633e+03  -1.2322650e+04
   9.3800000e+02  -1.4822683e+04   4.1363449e+03
   9.3900000e+02  -5.9819952e+03   1.6155299e+04
   9.4000000e+02   7.7824534e+02   7.3687543e+03
   9.4100000e+02   3.9974180e+03  -2.9679509e+03
   9.4200000e+02   9.2886694e+03   2.3807109e+03
   9.4300000e+02   1.7632472e+04   1.0641264e+04
   9.4400000e+02   1.1477300e+04   9.7295410e+03
   9.4500000e+02  -5.9998586e+03   8.9881279e+02
   9.4600000e+02  -3.1933531e+03  -9.9667220e+03
   9.4700000e+02   9.9085126e+03  -1.7210593e+04
   9.4800000e+02   1.0734577e+04  -1.4386047e+04
   9.4900000e+02   1.1447917e+04   4.1222488e+03
   9.5000000e+02   4.6458995e+03   1.5654439e+04
   9.5100000e+02  -1.6297863e+04  -8.0980804e+03
   9.5200000e+02  -1.3541779e+04  -3.3772670e+04
   9.5300000e+02   1.2710850e+04  -1.6942054e+04
   9.5400000e+02   1.4449434e+04   1.3325501e+04
   9.5500000e+02  -2.2316965e+03   1.3537821e+04
   9.5600000e+02   2.0840724e+03  -2.5202816e+03
   9.5700000e+02   1.0175808e+04  -2.9726928e+03
   9.5800000e+02  -2.4602231e+03   1.2446375e+04
   9.5900000e+02   1.1319123e+03   2.2506231e+04
   9.6000000e+02   2.7106319e+04   1.4345923e+04
   9.6100000e+02   1.9865170e+04  -3.5901445e+03
   9.6200000e+02  -1.4044251e+04  -6.3859972e+03
   9.6300000e+02  -1.6874656e+04   1.0195635e+04
   9.6400000e+02   1.0304217e+04   1.6175552e+04
   9.6500000e+02   2.1457601e+04   8.1311306e+03
   9.6600000e+02   3.4269515e+03   3.8302379e+03
   9.6700000e+02  -1.4621696e+04  -1.0102023e+04
   9.6800000e+02  -1.9213051e+04  -2.6475027e+04
   9.6900000e+02  -1.5670394e+04  -1.1966198e+04
   9.7000000e+02  -2.9106116e+03   1.8410918e+04
   9.7100000e+02   4.4469464e+03   2.5734797e+04
   9.7200000e+02  -2.4780675e+03   8.0569893e+03
   9.7300000e+02  -5.3645907e+03  -3.2743236e+03
   9.7400000e+02   5.5282524e+03   5.6595484e+03
   9.7500000e+02   1.6132930e+04   9.6880377e+03
   9.7600000e+02   1.1116388e+04   4.1192708e+03
   9.7700000e+02  -1.2748425e+03   1.2843058e+04
   9.7800000e+02  -1.1246763e+04   2.2729635e+04
   9.7900000e+02  -1.5965301e+04   5.1823686e+03
   9.8000000e+02  -2.0112612e+03  -1.7062968e+04
   9.8100000e+02   1.6411184e+04  -6.3717051e+03
   9.8200000e+02   9.9569134e+03   1.5178815e+04
   9.8300000e+02  -1.0480927e+04   2.5117862e+03
   9.8400000e+02  -1.4729776e+04  -2.9944017e+04
   9.8500000e+02   7.2004125e+03  -3.0825149e+04
   9.8600000e+02   2.0908364e+04   3.2077606e+03
   9.8700000e+02  -7.0911826e+03   2.4454423e+04
   9.8800000e+02  -3.1270981e+04   1.0469214e+04
   9.8900000e+02  -3.5966461e+03  -1.3882251e+04
   9.9000000e+02   2.8069789e+04  -1.6361534e+04
   9.9100000e+02   1.1900553e+04   7.4011307e+03
   9.9200000e+02  -1.9942261e+04   2.5221983e+04
   9.9300000e+02  -2.6863207e+04   1.5446515e+04
   9.9400000e+02  -1.2520114e+04  -4.4272840e+03
   9.9500000e+02   9.2537517e+03  -6.3620322e+03
   9.9600000e+02   1.9965617e+04   1.3744529e+04
   9.9700000e+02   9.6427713e+03   1.6896408e+04
   9.9800000e+02  -7.4049019e+03  -1.2806376e+04
   9.9900000e+02  -2.0951391e+04  -3.0930534e+04
   1.0000000e+03  -1.9097901e+04  -1.7892003e+04
   1.0010000e+03   6.0235579e+03   1.8190599e+03
   1.0020000e+03   1.8541417e+04   4.0579363e+03
   1.0030000e+03  -4.2969109e+03  -8.2779761e+03
   1.0040000e+03  -1.9703358e+04  -1.0484722e+04
   1.0050000e+03  -1.4293855e+03  -1.0411225e+04
   1.0060000e+03   1.6207723e+04  -1.6383606e+04
   1.0070000e+03   9.5524438e+03  -8.3837418e+02
   1.0080000e+03  -9.6785747e+02   2.1599811e+04
   1.0090000e+03   1.3166944e+03   9.2395050e+03
   1.0100000e+03   5.7966007e+03  -1.5523851e+04
   1.0110000e+03   6.4241395e+03  -8.5410785e+03
   1.0120000e+03   6.6538827e+02   5.7527612e+03
   1.0130000e+03  -1.8519486e+04  -6.1497974e+03
   1.0140000e+03  -2.9740022e+04  -8.9613302e+03
   1.0150000e+03  -1.6651649e+04   9.0756553e+03
   1.0160000e+03  -5.2710425e+03   5.4888034e+03
   1.0170000e+03  -8.3304332e+03  -1.5616655e+04
   1.0180000e+03  -8.8397764e+03  -1.7428185e+04
   1.0190000e+03   1.2042808e+03   2.2018623e+03
   1.0200000e+03   9.7400246e+03   1.3889207e+04
   1.0210000e+03   7.7322281e+03  -2.6711187e+03
   1.0220000e+03   6.6321056e+03  -2.1653822e+04
   1.0230000e+03   1.0567408e+04  -1.2374527e+04
   1.0240000e+03   1.1186801e+04   6.2067580e+03
   1.0250000e+03   7.6532173e+03   3.4517149e+03
   1.0260000e+03   3.4629020e+03  -1.1610633e+04
   1.0270000e+03   4.8118271e+03  -1.0331566e+04
   1.0280000e+03   4.6024936e+03   4.6834466e+03
   1.0290000e+03  -7.4510992e+03   8.7281771e+03
   1.0300000e+03  -1.4350030e+04   5.8835088e+03
   1.0310000e+03  -2.1066123e+03   1.0851129e+04
   1.0320000e+03   1.2613001e+04   7.6975511e+03
   1.0330000e+03   8.9944949e+03  -9.6016358e+03
   1.0340000e+03  -6.0818868e+03  -1.1066931e+04
   1.0350000e+03  -1.0768155e+04   1.0755529e+04
   1.0360000e+03   9.7101459e+02   2.3184971e+04
   1.0370000e+03   1.6636798e+04   1.3104190e+04
   1.0380000e+03   1.4762066e+04   3.8843003e+03
   1.0390000e+03   8.9570726e+02   2.3722714e+03
   1.0400000e+03   1.1763194e+03  -8.9371319e+03
   1.0410000e+03   6.6566729e+03  -1.9216380e+04
   1.0420000e+03   3.9492431e+03  -1.4953647e+03
   1.0430000e+03   6.2356096e+03   2.6318370e+04
   1.0440000e+03   1.6075141e+04   1.8787623e+04
   1.0450000e+03   1.3638089e+04  -1.5786467e+04
   1.0460000e+03  -8.6712449e+03  -1.7349555e+04
   1.0470000e+03  -1.7347290e+04   1.3860834e+04
   1.0480000e+03   1.4305690e+03   1.4770885e+04
   1.0490000e+03   1.4163199e+04  -1.3170677e+04
   1.0500000e+03   1.1251020e+04  -1.5593488e+04
   1.0510000e+03   3.1740975e+03   1.0121406e+04
   1.0520000e+03  -2.7734744e+03   2.6234901e+04
   1.0530000e+03   2.3483672e+02   1.3911354e+04
   1.0540000e+03   1.0060448e+03  -9.5883249e+03
   1.0550000e+03  -3.9891449e+03  -1.3603592e+04
   1.0560000e+03  -7.4726909e+03   3.9104510e+02
   1.0570000e+03  -3.7164751e+03   1.1122972e+04
   1.0580000e+03   1.3757353e+04   1.7736843e+04
   1.0590000e+03   1.7367585e+04   1.3838734e+04
   1.0600000e+03  -1.1780697e+04  -9.4553035e+03
   1.0610000e+03  -3.1132880e+04  -1.8048027e+04
   1.0620000e+03  -1.3205325e+04   1.0342707e+04
   1.0630000e+03   1.6527820e+04   2.9142723e+04
   1.0640000e+03   2.6912536e+04   8.4617521e+03
   1.0650000e+03   7.6883062e+03  -7.5246781e+03
   1.0660000e+03  -1.7401134e+04  -4.2417179e+02
   1.0670000e+03  -1.8203260e+04  -4.5223249e+03
   1.0680000e+03  -5.6722366e+03  -6.0518144e+03
   1.0690000e+03   1.7058011e+02   1.2536504e+04
   1.0700000e+03   4.3285240e+03   9.9573384e+03
   1.0710000e+03   3.0111292e+03  -1.3619493e+04
   1.0720000e+03  -1.1102558e+04  -1.4648797e+04
   1.0730000e+03  -1.8475369e+04   5.5380165e+03
   1.0740000e+03  -1.8194979e+03   1.2771823e+04
   1.0750000e+03   2.0350259e+04  -6.0785809e+03
   1.0760000e+03   9.7024930e+03  -2.0658747e+04
   1.0770000e+03  -3.1577412e+04  -1.0779620e+04
   1.0780000e+03  -3.9848096e+04   8.3658737e+02
   1.0790000e+03   5.1948460e+03   1.2446836e+03
   1.0800000e+03   3.0253704e+04  -9.0932097e+02
   1.0810000e+03   3.9635581e+03   2.6554972e+03
   1.0820000e+03  -1.7620664e+04   5.4368478e+03
   1.0830000e+03  -9.8867965e+03  -5.9150029e+03
   1.0840000e+03   3.6878975e+03  -1.6152872e+04
   1.0850000e+03   5.6389924e+03  -5.7005893e+03
   1.0860000e+03  -7.4966439e+03   8.9906279e+03
   1.0870000e+03  -1.5237310e+04   8.7344098e+02
   1.0880000e+03  -3.7290465e+03  -2.0879621e+04
   1.0890000e+03   7.1701937e+03  -2.1165936e+04
   1.0900000e+03   3.9234556e+03  -1.8090001e+03
   1.0910000e+03  -8.8802792e+03   5.3456891e+03
   1.0920000e+03  -1.9751967e+04  -7.1154168e+03
   1.0930000e+03  -1.1059852e+04  -1.7705350e+04
   1.0940000e+03   1.2698914e+04  -5.1569193e+03
   1.0950000e+03   2.0950204e+04   1.2647596e+04
   1.0960000e+03   8.7656264e+03   4.5109818e+03
   1.0970000e+03   4.3688114e+03  -1.2003028e+04
   1.0980000e+03   9.3978071e+03  -4.9282327e+03
   1.0990000e+03   8.6858082e+02   1.0806701e+04
   1.1000000e+03  -1.0530609e+04   5.0898688e+03
   1.1010000e+03  -4.3965029e+03  -7.8884842e+03
   1.1020000e+03   1.5720366e+03  -3.0306665e+03
   1.1030000e+03  -7.6962964e+03   3.6914697e+03
   1.1040000e+03  -1.6599780e+04  -7.0888203e+02
   1.1050000e+03  -9.8485472e+03  -9.3412086e+02
   1.1060000e+03   1.1497475e+04   2.8218973e+03
   1.1070000e+03   1.4268491e+04  -3.6528253e+03
   1.1080000e+03  -1.6921283e+04  -1.0479441e+04
   1.1090000e+03  -2.1985898e+04   9.7288130e+02
   1.1100000e+03   1.6087423e+04   1.3787338e+04
   1.1110000e+03   3.7742166e+04   4.2399020e+03
   1.1120000e+03   3.0812971e+04  -6.8258887e+03
   1.1130000e+03   5.3778824e+03   4.5303623e+02
   1.1140000e+03  -2.5445463e+04   4.1371762e+03
   1.1150000e+03  -1.3213919e+04  -9.2931569e+02
   1.1160000e+03   3.0633630e+04   6.8229559e+03
   1.1170000e+03   3.2203212e+04   1.3688787e+04
   1.1180000e+03  -1.2936537e+04   2.2752604e+02
   1.1190000e+03  -2.8864897e+04  -8.7254397e+03
   1.1200000e+03   1.0407802e+04   4.1911172e+03
   1.1210000e+03   3.7991846e+04   1.5538796e+04
   1.1220000e+03   1.4594995e+04   6.9327175e+03
   1.1230000e+03  -1.8399804e+04  -3.6908780e+03
   1.1240000e+03  -1.2977649e+04   1.7742253e+03
   1.1250000e+03   1.7137142e+04   8.6336007e+03
   1.1260000e+03   2.1790549e+04   4.0749086e+03
   1.1270000e+03   6.4950986e+03  -2.0577726e+03
   1.1280000e+03  -1.3145755e+03  -1.5106593e+03
   1.1290000e+03  -1.3606430e+04   2.6007193e+03
   1.1300000e+03  -2.2653430e+04   5.6338013e+03
   1.1310000e+03  -1.0963331e+04   6.7790896e+03
   1.1320000e+03   4.8427502e+03  -1.2168190e+03
   1.1330000e+03   8.2977899e+03  -1.5378416e+04
   1.1340000e+03   2.2489001e+03  -6.1002456e+03
   1.1350000e+03  -9.6937390e+02   2.9084429e+04
   1.1360000e+03   3.4140301e+03   3.8069113e+04
   1.1370000e+03   7.8598479e+03  -3.8672415e+03
   1.1380000e+03   6.9960837e+03  -3.6043980e+04
   1.1390000e+03   5.6267231e+03  -1.3018786e+04
   1.1400000e+03   8.7881673e+03   1.7283791e+04
   1.1410000e+03   7.9866984e+03   1.2851733e+04
   1.1420000e+03   2.9242830e+03  -6.7787199e+03
   1.1430000e+03   2.9115215e+03  -1.6002424e+04
   1.1440000e+03  -1.9316387e+03  -9.5733973e+03
   1.1450000e+03  -1.5171899e+04   2.5173539e+03
   1.1460000e+03  -2.0425144e+04   9.9616023e+03
   1.1470000e+03  -1.6926330e+04   5.6116159e+03
   1.1480000e+03  -1.4700987e+04  -4.7062281e+03
   1.1490000e+03  -1.1150445e+04  -1.6064800e+03
   1.1500000e+03  -8.5382372e+03   1.3808641e+04
   1.1510000e+03  -1.1972763e+04   2.3072891e+04
   1.1520000e+03  -8.1960491e+03   7.1695516e+03
   1.1530000e+03   8.2812664e+02  -1.7646013e+04
   1.1540000e+03  -2.4239758e+03  -4.6551090e+03
   1.1550000e+03  -5.1058770e+03   1.8203000e+04
   1.1560000e+03   6.4332360e+03  -2.8525381e+03
   1.1570000e+03   1.7377850e+04  -3.0731571e+04
   1.1580000e+03   1.2493660e+04  -2.0479615e+04
   1.1590000e+03  -5.7344103e+03   5.6304517e+03
   1.1600000e+03  -1.2735805e+04   9.4571266e+03
   1.1610000e+03   4.5621708e+03  -8.2225169e+03
   1.1620000e+03   1.3244796e+04  -1.6227885e+04
   1.1630000e+03  -8.2199524e+03  -3.5206863e+03
   1.1640000e+03  -2.4162371e+04   1.0392400e+04
   1.1650000e+03  -1.1824929e+04   7.5709612e+03
   1.1660000e+03   1.6890069e+03   1.1446806e+03
   1.1670000e+03  -1.6118350e+03   4.6009040e+03
   1.1680000e+03  -9.5284903e+03   3.5725826e+03
   1.1690000e+03  -7.7971825e+03   4.0265224e+02
   1.1700000e+03  -1.2442242e+03   4.1439589e+03
   1.1710000e+03   2.9893144e+03   4.0187042e+03
   1.1720000e+03   1.3231704e+04  -6.8930535e+03
   1.1730000e+03   1.4422599e+04  -2.0933272e+04
   1.1740000e+03  -5.3677448e+03  -1.1253823e+04
   1.1750000e+03  -1.0493096e+04   9.0274032e+03
   1.1760000e+03   6.9602567e+03  -1.0490675e+04
   1.1770000e+03   1.2239833e+04  -3.5111390e+04
   1.1780000e+03  -3.4690996e+03  -8.1517069e+03
   1.1790000e+03  -1.8150895e+04   2.2435878e+04
   1.1800000e+03  -1.0908717e+04   2.2037104e+03
   1.1810000e+03   9.5726087e+03  -3.0399370e+04
   1.1820000e+03   1.9533668e+04  -2.0268795e+04
   1.1830000e+03   8.8118936e+03   1.3565761e+04
   1.1840000e+03  -1.8634374e+04   1.8942046e+04
   1.1850000e+03  -3.0459641e+04  -1.0695788e+02
   1.1860000e+03   2.2382165e+03  -7.2991842e+03
   1.1870000e+03   3.9840239e+04  -3.1837249e+03
   1.1880000e+03   2.6068753e+04   2.4903177e+02
   1.1890000e+03  -1.1837920e+04   7.3349622e+03
   1.1900000e+03  -1.1843413e+04   1.0383841e+04
   1.1910000e+03   1.3895240e+04   5.4125335e+03
   1.1920000e+03   1.7212818e+04   6.5557680e+01
   1.1930000e+03   1.8682127e+03  -8.9689507e+03
   1.1940000e+03   3.8149223e+02  -9.9102367e+03
   1.1950000e+03   1.3268267e+04   7.1355580e+03
   1.1960000e+03   1.6279456e+04   1.3579414e+04
   1.1970000e+03   3.4945800e+03  -3.8573788e+03
   1.1980000e+03  -1.2119273e+04  -1.3823175e+04
   1.1990000e+03  -1.7894555e+04   2.4576465e+03
   1.2000000e+03  -1.0708741e+04   1.5944291e+04
   1.2010000e+03   3.3217453e+02   5.5729960e+03
   1.2020000e+03   1.1943937e+04   1.5494945e+03
   1.2030000e+03   1.7514221e+04   1.9979367e+04
   1.2040000e+03   9.5902395e+02   2.4516107e+04
   1.2050000e+03  -2.2180813e+04  -5.2145399e+03
   1.2060000e+03  -1.7525753e+04  -2.6403477e+04
   1.2070000e+03   1.3341389e+04  -3.5402561e+03
   1.2080000e+03   3.2770788e+04   1.7246399e+04
   1.2090000e+03   1.4273309e+04  -3.2929128e+03
   1.2100000e+03  -1.8158573e+04  -1.9829771e+04
   1.2110000e+03  -1.7072867e+04  -4.1488759e+03
   1.2120000e+03   1.7134895e+04   9.6289106e+03
   1.2130000e+03   2.8990324e+04   9.3422035e+03
   1.2140000e+03  -2.1324004e+03   1.3798817e+04
   1.2150000e+03  -2.2067693e+04   1.6839360e+04
   1.2160000e+03  -1.7610970e+03   3.6934458e+03
   1.2170000e+03   1.4309339e+04  -1.5674387e+03
   1.2180000e+03   4.8233322e+03   2.0404769e+04
   1.2190000e+03  -3.3466697e+02   3.0022617e+04
   1.2200000e+03  -8.5190586e+02   2.4924772e+03
   1.2210000e+03  -1.0861768e+04  -1.7714451e+04
   1.2220000e+03  -7.9973800e+03  -6.6203597e+03
   1.2230000e+03   8.1930668e+03  -1.5952475e+03
   1.2240000e+03   3.5449532e+03  -1.5151596e+04
   1.2250000e+03  -1.8790534e+04  -1.7010570e+04
   1.2260000e+03  -1.9370927e+04  -6.7176187e+03
   1.2270000e+03   7.9477391e+03  -9.1922458e+02
   1.2280000e+03   1.6792633e+04   9.7264360e+03
   1.2290000e+03  -6.7177047e+03   1.6530344e+04
   1.2300000e+03  -1.6199624e+04   2.2893066e+03
   1.2310000e+03   7.5472270e+01  -1.0025403e+04
   1.2320000e+03   1.1064780e+04  -2.4044761e+03
   1.2330000e+03   6.6692057e+03   1.7063841e+04
   1.2340000e+03   6.8130246e+02   2.7976565e+04
   1.2350000e+03   4.0537321e+03   7.8196830e+03
   1.2360000e+03   1.8729590e+03  -1.7519993e+04
   1.2370000e+03  -1.5645317e+04  -1.3461860e+04
   1.2380000e+03  -1.9042723e+04  -1.3852262e+03
   1.2390000e+03  -1.9386367e+02  -3.7827484e+03
   1.2400000e+03   1.8158515e+03  -1.6455661e+04
   1.2410000e+03  -1.6022797e+04  -2.4694715e+04
   1.2420000e+03  -1.5822175e+04  -8.4100398e+03
   1.2430000e+03  -3.0657041e+03   1.7472168e+04
   1.2440000e+03  -2.4001449e+03   1.0760300e+04
   1.2450000e+03  -7.0939999e+03  -1.9692698e+04
   1.2460000e+03  -8.2572805e+03  -2.3840077e+04
   1.2470000e+03  -1.5714905e+03  -2.7216627e+03
   1.2480000e+03   5.1675228e+03   8.7052716e+03
   1.2490000e+03  -6.7729955e+02   9.7779523e+03
   1.2500000e+03  -3.5975428e+02   8.1313865e+03
   1.2510000e+03   1.0417576e+04   9.0289125e+02
   1.2520000e+03   2.0599823e+03  -1.0197569e+04
   1.2530000e+03  -1.8553309e+04  -1.3108263e+04
   1.2540000e+03  -1.2817362e+04   1.9192846e+03
   1.2550000e+03   1.3873669e+04   5.8575619e+03
   1.2560000e+03   1.8619997e+04  -1.5082400e+04
   1.2570000e+03  -3.1583466e+03  -1.6575718e+04
   1.2580000e+03  -2.1121678e+04   7.0203479e+03
   1.2590000e+03  -1.8853770e+04   1.2279044e+04
   1.2600000e+03   4.2628162e+03  -2.6244584e+03
   1.2610000e+03   2.5506797e+04  -9.2269133e+03
   1.2620000e+03   1.3640562e+04  -8.0785446e+03
   1.2630000e+03  -1.4831194e+04  -1.1693551e+04
   1.2640000e+03  -1.1607697e+04  -9.7608171e+03
   1.2650000e+03   1.9893636e+04   3.5913241e+03
   1.2660000e+03   2.8743038e+04   1.5926573e+04
   1.2670000e+03   5.5623057e+03   1.3958347e+04
   1.2680000e+03  -1.5428044e+04  -6.1682055e+03
   1.2690000e+03  -1.2577373e+04  -1.4936601e+04
   1.2700000e+03   7.4690710e+03   7.7786637e+03
   1.2710000e+03   1.6755364e+04   1.9033304e+04
   1.2720000e+03   7.0828323e+03  -4.2635141e+03
   1.2730000e+03  -4.3996784e+03  -1.4770843e+04
   1.2740000e+03  -8.3746089e+03   9.2459460e+03
   1.2750000e+03   3.0201613e+03   2.1521213e+04
   1.2760000e+03   1.7774531e+04  -2.8322277e+03
   1.2770000e+03   9.9477289e+03  -2.3905720e+04
   1.2780000e+03  -7.2646233e+03  -1.6657070e+04
   1.2790000e+03  -7.8701023e+03  -8.9878279e+03
   1.2800000e+03   6.2235181e+03  -1.0904954e+04
   1.2810000e+03   1.7856608e+04   9.2339595e+02
   1.2820000e+03   1.2758947e+04   1.6235748e+04
   1.2830000e+03  -3.5253521e+03   8.9956599e+03
   1.2840000e+03  -1.2840844e+04   1.3370868e+03
   1.2850000e+03  -7.3193178e+03   1.4253069e+04
   1.2860000e+03   3.9822237e+03   1.5912987e+04
   1.2870000e+03   7.0527815e+03  -2.1430934e+03
   1.2880000e+03   5.9472285e+03   3.3793819e+03
   1.2890000e+03   9.4791784e+03   2.7602206e+04
   1.2900000e+03   4.4930569e+03   2.0262316e+04
   1.2910000e+03  -1.2403387e+04  -1.0606456e+04
   1.2920000e+03  -8.7167952e+03  -1.8168171e+04
   1.2930000e+03   2.8437580e+04   5.9811366e+03
   1.2940000e+03   4.4511805e+04   2.2208597e+04
   1.2950000e+03   1.2630536e+03   4.6515209e+03
   1.2960000e+03  -3.7603090e+04  -7.7410219e+03
   1.2970000e+03  -1.7900995e+04   3.0509494e+03
   1.2980000e+03   1.5568247e+04   4.8666174e+03
   1.2990000e+03   1.9064297e+04   2.7090837e+03
   1.3000000e+03  -3.1884447e+03   4.9700658e+03
   1.3010000e+03  -2.5888481e+04   3.0108318e+03
   1.3020000e+03  -2.1948821e+04   1.0294804e+04
   1.3030000e+03  -1.3975002e+03   1.7759486e+04
   1.3040000e+03   1.6055293e+04   1.8018610e+03
   1.3050000e+03   1.6143892e+04  -2.4197805e+04
   1.3060000e+03  -1.4136985e+04  -1.9195679e+04
   1.3070000e+03  -3.2889884e+04   2.5176290e+04
   1.3080000e+03  -4.8894645e+03   4.0204574e+04
   1.3090000e+03   2.4751707e+04  -8.7828578e+03
   1.3100000e+03   1.3447263e+04  -4.4023678e+04
   1.3110000e+03  -1.4961370e+04  -1.5524145e+04
   1.3120000e+03  -1.0773293e+04   2.0142485e+04
   1.3130000e+03   1.4695219e+04   8.1728768e+03
   1.3140000e+03   5.4100815e+03  -1.9311272e+04
   1.3150000e+03  -2.2060230e+04  -1.0609804e+04
   1.3160000e+03  -1.6445066e+04   9.2472234e+03
   1.3170000e+03  -4.7035959e+02   1.7853743e+03
   1.3180000e+03  -5.9268630e+03  -5.3624418e+03
   1.3190000e+03  -4.7614044e+03   1.1443507e+03
   1.3200000e+03   5.7082373e+03  -6.2967095e+03
   1.3210000e+03  -7.1099696e+03  -1.4246962e+04
   1.3220000e+03  -2.1084489e+04  -1.2282678e+03
   1.3230000e+03  -1.0670361e+04   6.5840624e+03
   1.3240000e+03  -5.9042526e+02  -8.3149889e+03
   1.3250000e+03   2.7140588e+03  -2.3644020e+04
   1.3260000e+03   1.3379758e+04  -1.5135691e+04
   1.3270000e+03   1.7201433e+04   3.7007580e+03
   1.3280000e+03  -5.0376459e+03   2.8689253e+03
   1.3290000e+03  -2.5819826e+04  -8.3510978e+03
   1.3300000e+03  -1.5148828e+04  -5.9630880e+03
   1.3310000e+03   6.0194499e+02   1.0237192e+04
   1.3320000e+03   5.9043457e+03   2.2972987e+04
   1.3330000e+03   1.0018913e+04   6.3878418e+03
   1.3340000e+03   2.0452647e+03  -2.6100733e+04
   1.3350000e+03  -1.0230291e+04  -2.4768488e+04
   1.3360000e+03  -8.6282741e+03   1.1900731e+04
   1.3370000e+03  -3.7650745e+03   3.6606560e+04
   1.3380000e+03  -9.8938616e+03   1.6208960e+04
   1.3390000e+03  -1.3059196e+04  -3.0559305e+04
   1.3400000e+03   6.5081673e+03  -4.0315178e+04
   1.3410000e+03   1.9608665e+04  -9.7345072e+02
   1.3420000e+03   8.3977186e+02   1.8176286e+04
   1.3430000e+03  -1.3282780e+04  -2.9009786e+03
   1.3440000e+03  -1.6160402e+03  -1.3291439e+04
   1.3450000e+03   1.7469295e+04  -1.2783787e+03
   1.3460000e+03   2.8056935e+04   5.8094957e+03
   1.3470000e+03   1.9770646e+04  -5.0438909e+03
   1.3480000e+03   2.0998302e+03  -1.5827829e+04
   1.3490000e+03  -3.3907726e+03  -1.7445974e+03
   1.3500000e+03   3.2192062e+03   1.4631719e+04
   1.3510000e+03   7.5026916e+03   8.2390571e+03
   1.3520000e+03   2.2117005e+03   8.8910846e+02
   1.3530000e+03  -5.5921410e+03   6.9172317e+03
   1.3540000e+03  -2.6828043e+03   1.7327052e+04
   1.3550000e+03   7.1487021e+03   1.3531152e+04
   1.3560000e+03   6.1717197e+03  -1.0071552e+04
   1.3570000e+03  -7.6683876e+03  -1.6301224e+04
   1.3580000e+03  -1.2422712e+04   1.0152947e+04
   1.3590000e+03   7.7239836e+03   2.6611752e+04
   1.3600000e+03   2.4470165e+04   1.0615271e+04
   1.3610000e+03   1.1110794e+04  -1.3223719e+04
   1.3620000e+03  -5.9507758e+03  -2.1735552e+04
   1.3630000e+03  -7.0888297e+03  -1.2548376e+04
   1.3640000e+03   9.2653147e+03   4.9823776e+03
   1.3650000e+03   3.8673316e+04   1.3723639e+04
   1.3660000e+03   3.3338615e+04   2.5409943e+03
   1.3670000e+03  -1.4921293e+04  -1.6720627e+04
   1.3680000e+03  -3.7280885e+04  -1.6294286e+04
   1.3690000e+03  -7.9849743e+03   1.2761629e+04
   1.3700000e+03   2.5931304e+04   3.5820420e+04
   1.3710000e+03   1.9381548e+04   1.8705217e+04
   1.3720000e+03  -1.4370522e+04  -1.6534274e+04
   1.3730000e+03  -3.2316685e+04  -1.8659191e+04
   1.3740000e+03  -2.0131795e+04   1.7997188e+04
   1.3750000e+03   1.1650838e+04   3.2555136e+04
   1.3760000e+03   2.5359750e+04  -4.9280689e+03
   1.3770000e+03  -3.1740906e+03  -2.4503666e+04
   1.3780000e+03  -2.8276288e+04   1.4341099e+04
   1.3790000e+03  -1.4256749e+04   3.3658978e+04
   1.3800000e+03   1.0855107e+04  -9.6608236e+03
   1.3810000e+03   1.6790438e+04  -3.9808756e+04
   1.3820000e+03   2.7448255e+03  -9.1965588e+03
   1.3830000e+03  -9.2230787e+03   3.1775228e+04
   1.3840000e+03   2.6127455e+03   3.2738264e+04
   1.3850000e+03   2.0538326e+04   2.3332978e+03
   1.3860000e+03   1.0876047e+04  -1.7791964e+04
   1.3870000e+03  -1.1522983e+04  -2.6923809e+03
   1.3880000e+03  -1.1403858e+04   2.3747747e+04
   1.3890000e+03   2.5252982e+03   1.5914579e+04
   1.3900000e+03   3.7939237e+03  -1.8328084e+04
   1.3910000e+03  -9.1594005e+03  -2.1448725e+04
   1.3920000e+03  -1.7685052e+04   5.4639955e+03
   1.3930000e+03  -8.8370814e+03   1.3546659e+04
   1.3940000e+03   3.8751341e+03  -2.5855754e+03
   1.3950000e+03  -7.4446577e+02  -2.7294613e+04
   1.3960000e+03  -1.7296512e+04  -3.6383951e+04
   1.3970000e+03  -1.8582491e+04  -7.2784327e+03
   1.3980000e+03  -1.2200989e+03   2.5117302e+04
   1.3990000e+03   9.5873795e+03   1.8254328e+04
   1.4000000e+03   7.1115145e+03  -1.1099242e+04
   1.4010000e+03  -2.3348422e+03  -1.8752968e+04
   1.4020000e+03  -1.5154801e+04   6.2753162e+03
   1.4030000e+03  -1.5482497e+04   2.7797109e+04
   1.4040000e+03  -3.1669415e+03   1.9527526e+04
   1.4050000e+03  -1.0804799e+03  -4.3398831e+03
   1.4060000e+03  -9.6001377e+03  -1.7750447e+04
   1.4070000e+03  -8.2757601e+03  -1.2154815e+04
   1.4080000e+03   7.9606630e+02  -2.4215210e+03
   1.4090000e+03  -3.1069354e+03   1.1107969e+03
   1.4100000e+03  -1.3103528e+04  -2.0293079e+03
   1.4110000e+03  -6.0982054e+03  -1.2493216e+04
   1.4120000e+03   8.8602805e+03  -2.1077151e+04
   1.4130000e+03   1.0924007e+04  -1.8065876e+04
   1.4140000e+03   5.3130929e+03  -2.6004611e+03
   1.4150000e+03   8.3621189e+03   1.4034978e+04
   1.4160000e+03   1.7051427e+04   1.1629205e+04
   1.4170000e+03   9.6224474e+03  -7.9122546e+03
   1.4180000e+03  -9.6518583e+03  -1.4021189e+04
   1.4190000e+03  -7.4846572e+03   6.6074267e+03
   1.4200000e+03   1.1864924e+04   1.9280604e+04
   1.4210000e+03   1.0093504e+04  -2.4729587e+03
   1.4220000e+03  -1.3533747e+04  -2.6276744e+04
   1.4230000e+03  -2.0366118e+04  -1.9497395e+04
   1.4240000e+03  -6.4639147e+02   3.5745307e+03
   1.4250000e+03   6.6287407e+03   1.4525720e+04
   1.4260000e+03  -1.1894142e+04   2.3854788e+03
   1.4270000e+03  -1.6704606e+04  -1.8171558e+04
   1.4280000e+03   1.0035798e+04  -2.0421245e+04
   1.4290000e+03   3.0290593e+04  -1.9352094e+03
   1.4300000e+03   1.1395595e+04   1.4366785e+04
   1.4310000e+03  -7.2432084e+03   1.9078082e+04
   1.4320000e+03   1.0374703e+04   1.1244257e+04
   1.4330000e+03   1.7790557e+04  -1.0321262e+04
   1.4340000e+03   6.4103003e+03  -2.0040923e+04
   1.4350000e+03   1.9022909e+04   9.9608691e+02
   1.4360000e+03   2.9962756e+04   2.4004716e+04
   1.4370000e+03   7.6151564e+03   1.3009934e+04
   1.4380000e+03  -2.1910422e+04  -1.7290124e+04
   1.4390000e+03  -1.9744126e+04  -1.7355560e+04
   1.4400000e+03   1.3909561e+04   9.6699031e+03
   1.4410000e+03   2.0772808e+04   1.5365128e+04
   1.4420000e+03  -1.1432400e+04  -6.4053121e+03
   1.4430000e+03  -2.8163824e+04  -2.4825952e+04
   1.4440000e+03  -1.5204442e+04  -1.0848827e+04
   1.4450000e+03   1.1309676e+04   2.5450982e+04
   1.4460000e+03   2.6353633e+04   3.1322504e+04
   1.4470000e+03   9.0567089e+03   3.2082964e+03
   1.4480000e+03  -8.1562252e+03  -1.1606801e+04
   1.4490000e+03  -2.7768010e+03  -3.8657357e+03
   1.4500000e+03  -1.5000143e+02   1.0680483e+04
   1.4510000e+03  -3.5436157e+03   2.3834083e+04
   1.4520000e+03   5.3813036e+03   2.4195489e+04
   1.4530000e+03   2.1366625e+04   1.4096394e+04
   1.4540000e+03   1.7675555e+04   5.8494610e+03
   1.4550000e+03  -1.3388920e+04  -3.4482022e+03
   1.4560000e+03  -3.1532602e+04  -9.5283488e+03
   1.4570000e+03  -7.6528025e+03  -1.3255248e+03
   1.4580000e+03   2.5252200e+04   5.5554660e+03
   1.4590000e+03   3.0323579e+04  -2.5611638e+03
   1.4600000e+03   4.1105323e+03  -9.7206853e+03
   1.4610000e+03  -3.3164878e+04  -1.1450117e+03
   1.4620000e+03  -4.0286983e+04   1.1063769e+04
   1.4630000e+03  -1.9359680e+03   3.0653709e+03
   1.4640000e+03   3.9295577e+04  -1.3369885e+04
   1.4650000e+03   2.7563145e+04  -2.9385222e+03
   1.4660000e+03  -3.0285819e+04   2.2741854e+04
   1.4670000e+03  -5.4830134e+04   2.6823905e+04
   1.4680000e+03  -1.1570698e+04   9.2181993e+03
   1.4690000e+03   3.7205610e+04  -1.0096040e+04
   1.4700000e+03   3.3673049e+04  -1.1468244e+04
   1.4710000e+03  -1.1016627e+04   1.1101233e+04
   1.4720000e+03  -4.1092860e+04   1.9928122e+04
   1.4730000e+03  -2.2403798e+04  -1.2826877e+04
   1.4740000e+03   1.9279129e+04  -3.9008080e+04
   1.4750000e+03   3.3877691e+04  -1.1978833e+04
   1.4760000e+03  -5.8284334e+02   2.4642260e+04
   1.4770000e+03  -3.7957203e+04   6.6397051e+03
   1.4780000e+03  -1.8338962e+04  -3.4361036e+04
   1.4790000e+03   2.3604823e+04  -2.2452945e+04
   1.4800000e+03   1.6045427e+04   2.0097165e+04
   1.4810000e+03  -2.4700318e+04   2.3229226e+04
   1.4820000e+03  -3.5204425e+04  -1.0630027e+03
   1.4830000e+03  -1.1330328e+04  -7.5719946e+03
   1.4840000e+03   5.2929413e+03   1.4942765e+03
   1.4850000e+03   5.0379343e+03   9.3003360e+01
   1.4860000e+03   6.5565390e+03  -1.1166043e+04
   1.4870000e+03   4.5280854e+03  -6.4387807e+03
   1.4880000e+03  -1.0797497e+04   4.8529427e+03
   1.4890000e+03  -1.5132595e+04  -5.7973865e+03
   1.4900000e+03   6.9968234e+03  -1.9926116e+04
   1.4910000e+03   3.0467556e+04  -1.8454134e+04
   1.4920000e+03   2.9033168e+04  -1.5445294e+04
   1.4930000e+03   3.3253823e+03  -1.1706180e+04
   1.4940000e+03  -1.8372148e+04  -5.2278916e+03
   1.4950000e+03  -1.2729889e+04  -4.2902890e+01
   1.4960000e+03   5.0531231e+03   1.0739809e+04
   1.4970000e+03   9.5979381e+03   1.2266551e+04
   1.4980000e+03  -4.0090370e+03  -6.6185324e+03
   1.4990000e+03  -1.3124602e+04  -1.3672235e+04
   1.5000000e+03   1.1849630e+02  -9.2479756e+02
   1.5010000e+03   5.7182566e+03   6.2173676e+03
   1.5020000e+03  -1.5490537e+04   5.7293682e+03
   1.5030000e+03  -2.9991805e+04  -8.3737117e+02
   1.5040000e+03  -1.3807527e+04  -1.3489422e+04
   1.5050000e+03   1.3562180e+04  -1.5560182e+04
   1.5060000e+03   1.6688142e+04  -7.9816017e+03
   1.5070000e+03  -8.9570323e+02  -8.1735186e+03
   1.5080000e+03  -1.7668919e+03  -9.2458547e+03
   1.5090000e+03   1.3195076e+04  -4.1108157e+02
   1.5100000e+03   1.4720682e+04   9.1224782e+03
   1.5110000e+03  -6.1724106e+02   1.6145359e+04
   1.5120000e+03  -8.3281026e+03   1.1210579e+04
   1.5130000e+03   1.0659346e+04  -1.2095254e+04
   1.5140000e+03   2.5176079e+04  -1.1105778e+04
   1.5150000e+03   1.5883351e+03   2.3574514e+04
   1.5160000e+03  -2.0920624e+04   2.9215114e+04
   1.5170000e+03  -6.6089184e+03   1.7044255e+03
   1.5180000e+03   1.5764934e+04  -6.9356782e+03
   1.5190000e+03   1.5927141e+04  -9.0444967e+02
   1.5200000e+03  -5.2088932e+03  -6.6211868e+03
   1.5210000e+03  -1.3608292e+04  -7.4107195e+03
   1.5220000e+03   1.3674095e+04   7.3144082e+03
   1.5230000e+03   3.4995977e+04   9.0101538e+03
   1.5240000e+03   2.0773845e+04  -3.6553635e+02
   1.5250000e+03  -6.0104600e+03   1.1211670e+04
   1.5260000e+03  -2.0753461e+04   2.1883351e+04
   1.5270000e+03  -3.5531558e+03   4.4668857e+03
   1.5280000e+03   2.8064148e+04  -7.3514989e+03
   1.5290000e+03   2.3889255e+04   7.8600417e+03
   1.5300000e+03  -1.3339075e+04   2.5347731e+04
   1.5310000e+03  -3.1318214e+04   1.9618545e+04
   1.5320000e+03  -9.1008747e+03  -4.1152183e+03
   1.5330000e+03   1.3745984e+04  -8.3362413e+03
   1.5340000e+03   5.4611278e+03   1.3367960e+04
   1.5350000e+03  -8.1905223e+03   1.5869048e+04
   1.5360000e+03   9.8726017e+02  -1.0471618e+04
   1.5370000e+03   2.1125817e+04  -2.4232883e+04
   1.5380000e+03   2.1767058e+04  -5.5029839e+03
   1.5390000e+03   1.3700034e+03   1.7813657e+04
   1.5400000e+03  -1.1301761e+04   1.1229224e+04
   1.5410000e+03  -1.0057183e+04  -9.3979762e+03
   1.5420000e+03  -4.4683452e+03  -7.2362212e+03
   1.5430000e+03   3.3578975e+03   4.5823275e+03
   1.5440000e+03   9.8599967e+03   1.2540655e+03
   1.5450000e+03   9.2901099e+03  -3.1938123e+03
   1.5460000e+03  -6.0699652e+03   1.0970095e+03
   1.5470000e+03  -1.9037970e+04   3.7019493e+03
   1.5480000e+03  -9.1278622e+03   3.7781803e+03
   1.5490000e+03  -3.4136658e+03   3.0968227e+03
   1.5500000e+03  -1.4426495e+04  -1.4031465e+03
   1.5510000e+03  -1.3755064e+04  -9.0469414e+03
   1.5520000e+03  -1.9006914e+03  -1.3745531e+04
   1.5530000e+03   2.8572384e+03  -1.0403609e+03
   1.5540000e+03   1.7935600e+03   1.8189192e+04
   1.5550000e+03  -5.9035069e+03   7.1490294e+03
   1.5560000e+03  -1.7604710e+04  -1.7327473e+04
   1.5570000e+03  -1.4632771e+04  -1.2554209e+04
   1.5580000e+03   4.6133519e+03   2.4605616e+03
   1.5590000e+03   1.9123503e+04  -1.8324340e+03
   1.5600000e+03   1.5580813e+04  -1.1789439e+04
   1.5610000e+03   4.4743855e+02  -1.2086153e+04
   1.5620000e+03  -9.0976828e+03  -7.4152191e+03
   1.5630000e+03  -1.0951718e+04  -2.8059946e+03
   1.5640000e+03  -1.6089398e+04   2.4871598e+03
   1.5650000e+03  -1.9531296e+04   1.7150284e+03
   1.5660000e+03  -1.0396123e+04  -6.2344586e+03
   1.5670000e+03   4.6588367e+03  -4.7323123e+03
   1.5680000e+03   7.4383594e+03   4.8958484e+03
   1.5690000e+03  -8.8753668e+03   3.8625241e+03
   1.5700000e+03  -2.5308841e+04  -3.6756700e+00
   1.5710000e+03  -2.0798701e+04   7.0541204e+03
   1.5720000e+03  -5.0735544e+03   5.7427717e+03
   1.5730000e+03   3.5608445e+03  -1.4091652e+04
   1.5740000e+03   8.0530423e+03  -2.1178550e+04
   1.5750000e+03   5.4006118e+03  -2.3532962e+03
   1.5760000e+03  -8.6619867e+03   7.3560616e+03
   1.5770000e+03  -7.6440692e+03  -9.3375773e+03
   1.5780000e+03   1.7965369e+04  -1.6979818e+04
   1.5790000e+03   3.0579793e+04   3.8128374e+03
   1.5800000e+03   1.0534260e+04   1.4575269e+04
   1.5810000e+03  -9.8224683e+03  -3.9378140e+03
   1.5820000e+03  -7.1923275e+03  -1.4214570e+04
   1.5830000e+03   3.3052620e+03  -2.5385621e+03
   1.5840000e+03   1.3934038e+04   1.7846481e+03
   1.5850000e+03   1.6913553e+04   8.2991492e+02
   1.5860000e+03   1.8756519e+03   1.6300635e+04
   1.5870000e+03  -1.0915115e+04   1.7454420e+04
   1.5880000e+03  -9.8672945e+03  -1.6289633e+04
   1.5890000e+03   2.1332133e+02  -2.7623264e+04
   1.5900000e+03   1.2693081e+04  -4.1895631e+02
   1.5910000e+03   5.9615072e+03   9.4437971e+03
   1.5920000e+03  -7.8619973e+03   4.5590134e+03
   1.5930000e+03   3.2547057e+03   8.9496443e+03
   1.5940000e+03   2.3453281e+04  -2.3786214e+03
   1.5950000e+03   2.1922661e+04  -1.7987132e+04
   1.5960000e+03   2.9990134e+03  -2.7683390e+03
   1.5970000e+03  -9.4484810e+03   2.0715888e+04
   1.5980000e+03  -7.4402023e+03   1.7647051e+04
   1.5990000e+03   8.4039296e+03  -2.4771762e+03
   1.6000000e+03   2.7117565e+04  -4.3122505e+03
   1.6010000e+03   1.6183832e+04   1.2501695e+04
   1.6020000e+03  -1.6253195e+04   6.8990974e+03
   1.6030000e+03  -1.7355037e+04  -1.4747278e+04
   1.6040000e+03   1.5409476e+04  -8.6751632e+03
   1.6050000e+03   1.9289142e+04   1.2330068e+04
   1.6060000e+03  -2.0638765e+04   1.2645710e+04
   1.6070000e+03  -2.8451988e+04  -4.1557968e+02
   1.6080000e+03   1.1747023e+04  -5.7182224e+03
   1.6090000e+03   2.7057594e+04  -4.7854401e+03
   1.6100000e+03   1.0360733e+04   2.2806200e+00
   1.6110000e+03   2.1277766e+03   1.6702340e+04
   1.6120000e+03  -2.4238297e+03   2.4268237e+04
   1.6130000e+03  -1.3054620e+04   1.7140050e+03
   1.6140000e+03  -4.9636475e+03  -1.5251891e+04
   1.6150000e+03   2.3247356e+04   6.8367249e+02
   1.6160000e+03   2.3634448e+04   2.1038127e+04
   1.6170000e+03  -3.5213888e+03   1.7646346e+04
   1.6180000e+03  -8.9325209e+03  -4.4448793e+03
   1.6190000e+03   3.9475660e+03  -1.4114858e+04
   1.6200000e+03   5.5505454e+03   6.6241093e+03
   1.6210000e+03  -8.4249746e+03   2.1540783e+04
   1.6220000e+03  -2.1174740e+04   1.1883193e+03
   1.6230000e+03  -9.2347054e+03  -1.7926687e+04
   1.6240000e+03   1.7195727e+04  -7.5477516e+03
   1.6250000e+03   2.1058719e+04   7.2105256e+03
   1.6260000e+03  -9.3210789e+03   5.3001580e+03
   1.6270000e+03  -3.9899743e+04  -5.2840896e+03
   1.6280000e+03  -3.0322407e+04  -7.0331513e+03
   1.6290000e+03   5.6823605e+03   3.4645000e+03
   1.6300000e+03   2.2788474e+04   1.2869285e+04
   1.6310000e+03   8.6346527e+03   1.1215101e+04
   1.6320000e+03  -1.4827076e+04  -5.1614713e+03
   1.6330000e+03  -2.1426537e+04  -1.7701691e+04
   1.6340000e+03  -9.1918468e+03  -7.1096833e+02
   1.6350000e+03  -3.8988467e+03   1.9828716e+04
   1.6360000e+03  -8.1373537e+03   6.4383427e+03
   1.6370000e+03  -1.1025142e+03  -1.9015720e+04
   1.6380000e+03   1.5854677e+03  -1.8225993e+04
   1.6390000e+03  -1.6891625e+04  -7.4715196e+02
   1.6400000e+03  -3.0917199e+04   2.1598485e+03
   1.6410000e+03  -1.9644399e+04  -5.8901561e+03
   1.6420000e+03   8.2555871e+03  -6.4419321e+03
   1.6430000e+03   2.1758318e+04  -3.9574475e+03
   1.6440000e+03   1.8147134e+03  -5.1519018e+03
   1.6450000e+03  -2.2125541e+04  -4.7422738e+03
   1.6460000e+03  -1.5009091e+04   3.4970920e+02
   1.6470000e+03   1.4222739e+04   4.0218291e+03
   1.6480000e+03   2.8066640e+04  -1.7019000e+03
   1.6490000e+03   1.2859387e+04  -1.0630899e+04
   1.6500000e+03  -8.6221286e+03  -4.1109528e+03
   1.6510000e+03  -1.5003793e+04   8.9108839e+03
   1.6520000e+03  -3.3948702e+03  -2.1092083e+03
   1.6530000e+03   3.9318232e+03  -1.5170236e+04
   1.6540000e+03  -4.3871505e+03  -3.4511157e+02
   1.6550000e+03  -1.5345572e+03   4.5300471e+03
   1.6560000e+03   1.2781169e+04  -9.5069736e+03
   1.6570000e+03   1.3516317e+04  -2.8508474e+03
   1.6580000e+03  -3.5936100e+01   7.1257303e+03
   1.6590000e+03  -1.1064972e+04  -1.0062023e+04
   1.6600000e+03   2.3277742e+03  -2.1764747e+04
   1.6610000e+03   2.1126574e+04   7.4264176e+02
   1.6620000e+03   3.0915737e+03   2.1908976e+04
   1.6630000e+03  -2.0982976e+04   2.5838552e+03
   1.6640000e+03  -1.1201799e+03  -3.1674996e+04
   1.6650000e+03   2.4718021e+04  -2.7619695e+04
   1.6660000e+03   5.4383246e+03   9.7647733e+03
   1.6670000e+03  -1.9130551e+04   2.1511681e+04
   1.6680000e+03  -1.2723803e+02  -8.8118745e+02
   1.6690000e+03   2.1186783e+04  -1.2497183e+04
   1.6700000e+03   3.0986573e+03  -5.3822268e+03
   1.6710000e+03  -1.2477802e+04   5.6462907e+03
   1.6720000e+03   7.1732398e+03   1.4899593e+04
   1.6730000e+03   2.4957149e+04   1.5422154e+04
   1.6740000e+03   1.3815289e+04   7.3191396e+03
   1.6750000e+03  -7.5862133e+03  -5.2892900e+03
   1.6760000e+03  -1.3939733e+04  -9.8395613e+03
   1.6770000e+03   3.2444456e+03   1.3637560e+03
   1.6780000e+03   2.1336583e+04   1.3018993e+04
   1.6790000e+03   1.3599969e+04   1.1024341e+04
   1.6800000e+03  -1.2374633e+04  -2.7737506e+03
   1.6810000e+03  -2.7061372e+04  -7.7309231e+03
   1.6820000e+03  -1.0759080e+04   2.5445573e+03
   1.6830000e+03   1.7779943e+04   5.4248854e+03
   1.6840000e+03   2.1959909e+04   9.2704079e+02
   1.6850000e+03  -6.0526010e+03   1.3048560e+03
   1.6860000e+03  -2.5229686e+04   3.3668963e+03
   1.6870000e+03   1.3753417e+04   5.1632168e+03
   1.6880000e+03   5.9859562e+04   5.2596261e+03
   1.6890000e+03   2.6711460e+04   5.1587252e+03
   1.6900000e+03  -3.5413361e+04   8.3829721e+03
   1.6910000e+03  -3.2180148e+04   1.3416722e+04
   1.6920000e+03   1.8587437e+04   9.2864998e+03
   1.6930000e+03   3.8084630e+04  -7.0290110e+03
   1.6940000e+03   3.9001183e+03  -6.9641303e+03
   1.6950000e+03  -2.8963922e+04   1.4704386e+04
   1.6960000e+03  -2.7817268e+04   1.7868784e+04
   1.6970000e+03  -1.8356290e+04  -6.4631779e+03
   1.6980000e+03  -8.1555667e+03  -1.9027967e+04
   1.6990000e+03   1.2943211e+04  -4.6671004e+03
   1.7000000e+03   2.2116403e+04  -3.3789902e+02
   1.7010000e+03  -8.3231995e+02  -1.1150528e+04
   1.7020000e+03  -2.0994577e+04  -2.3124782e+02
   1.7030000e+03  -1.1849936e+03   1.6821497e+04
   1.7040000e+03   2.7509835e+04   1.0264298e+04
   1.7050000e+03   1.3470307e+04  -7.6380640e+02
   1.7060000e+03  -2.2340863e+04   1.8354625e+03
   1.7070000e+03  -1.7919790e+04   8.6383721e+03
   1.7080000e+03   1.2528377e+04   7.3046822e+03
   1.7090000e+03   1.6601788e+04   7.3607672e+03
   1.7100000e+03   9.8822910e+02   1.0953643e+04
   1.7110000e+03  -1.8742058e+04  -4.2471895e+03
   1.7120000e+03  -3.2608258e+04  -1.9714767e+04
   1.7130000e+03  -1.6750538e+04  -3.5033681e+03
   1.7140000e+03   1.0845262e+04   1.1371499e+04
   1.7150000e+03   1.2108469e+04  -3.6695596e+03
   1.7160000e+03  -9.3219746e+03  -1.4642467e+04
   1.7170000e+03  -1.8457462e+04  -1.5898473e+03
   1.7180000e+03  -3.0716056e+03   7.3646037e+03
   1.7190000e+03   2.8357851e+03   3.1895910e+01
   1.7200000e+03  -8.6720332e+03  -2.4071978e+03
   1.7210000e+03  -2.6168956e+03   1.8772017e+02
   1.7220000e+03   1.2880664e+04  -8.6726702e+03
   1.7230000e+03   6.2725217e+03  -1.1132312e+04
   1.7240000e+03  -8.1728756e+03   4.4369191e+03
   1.7250000e+03  -1.2021498e+04   5.5510171e+03
   1.7260000e+03  -1.1007087e+04  -1.3311048e+04
   1.7270000e+03  -4.7706117e+03  -1.9356290e+04
   1.7280000e+03  -4.7454494e+02  -4.3680261e+03
   1.7290000e+03  -3.9429746e+03   1.2664063e+04
   1.7300000e+03  -5.1973120e+02   1.1700928e+04
   1.7310000e+03   3.6148999e+03  -4.7580876e+03
   1.7320000e+03  -3.2874015e+03  -1.5277381e+04
   1.7330000e+03  -5.4926661e+03  -1.1271443e+04
   1.7340000e+03   2.9334132e+03   3.1188151e+02
   1.7350000e+03   1.1589748e+04   5.4552466e+03
   1.7360000e+03   1.3624384e+04  -2.2314902e+03
   1.7370000e+03   6.5121228e+03  -1.4476478e+04
   1.7380000e+03  -5.6692325e+03  -2.0254774e+04
   1.7390000e+03  -1.5281899e+04  -7.6829293e+03
   1.7400000e+03  -1.2495289e+04   8.8959255e+03
   1.7410000e+03   2.9993201e+03  -1.2618519e+03
   1.7420000e+03   1.0075617e+04  -1.8201132e+04
   1.7430000e+03   8.0585352e+02  -5.5146569e+03
   1.7440000e+03  -4.0470714e+03   1.6483565e+04
   1.7450000e+03  -4.3101933e+03   1.2078946e+04
   1.7460000e+03  -1.3386734e+04  -1.1042127e+04
   1.7470000e+03  -1.1767281e+04  -1.8323057e+04
   1.7480000e+03   1.1469897e+04   3.4935840e+03
   1.7490000e+03   2.6494520e+04   2.2532551e+04
   1.7500000e+03   1.1217978e+04   9.6728108e+03
   1.7510000e+03  -1.0640803e+04  -1.2758266e+04
   1.7520000e+03  -3.0638040e+03  -1.7133147e+04
   1.7530000e+03   1.6456039e+04  -8.7847641e+03
   1.7540000e+03   1.4948137e+04   3.2312572e+02
   1.7550000e+03   5.4509036e+03   9.5705023e+03
   1.7560000e+03   3.5746100e+03   1.7680755e+04
   1.7570000e+03   1.1473841e+04   4.6840249e+03
   1.7580000e+03   2.0914155e+04  -2.1160454e+04
   1.7590000e+03   6.2089878e+03  -1.1709847e+04
   1.7600000e+03  -1.9450693e+04   2.1910224e+04
   1.7610000e+03  -1.2222680e+04   2.8223507e+04
   1.7620000e+03   1.7932306e+04   6.5169019e+03
   1.7630000e+03   2.5047956e+04  -1.4862312e+04
   1.7640000e+03   8.9474364e+03  -1.0640768e+04
   1.7650000e+03  -5.2313120e+03   1.8212976e+04
   1.7660000e+03  -1.6117289e+04   3.2267403e+04
   1.7670000e+03  -1.2305271e+04   8.7377978e+03
   1.7680000e+03   1.1950426e+04  -1.9275362e+04
   1.7690000e+03   2.6086573e+04  -1.2385499e+04
   1.7700000e+03   1.7751629e+04   1.1957621e+04
   1.7710000e+03  -2.9761800e+03   2.1535631e+04
   1.7720000e+03  -2.2479983e+04   1.8625011e+04
   1.7730000e+03  -1.4030280e+04   6.2413652e+03
   1.7740000e+03   1.9239781e+04  -1.0792804e+04
   1.7750000e+03   3.0919824e+04  -1.1368250e+04
   1.7760000e+03   2.0430030e+03   9.0820655e+03
   1.7770000e+03  -2.5972972e+04   2.0625455e+04
   1.7780000e+03  -1.7005049e+04   5.2689280e+02
   1.7790000e+03   1.0549861e+04  -1.8685553e+04
   1.7800000e+03   1.9599941e+04  -3.4816729e+03
   1.7810000e+03  -1.4962404e+03   2.0238250e+04
   1.7820000e+03  -2.5423656e+04   1.3163133e+04
   1.7830000e+03  -2.1199718e+04  -1.5218852e+04
   1.7840000e+03  -8.0085626e+02  -1.4943793e+04
   1.7850000e+03   3.3023310e+03   1.4795662e+04
   1.7860000e+03  -1.3856505e+04   2.2734549e+04
   1.7870000e+03  -2.2740881e+04   9.8276704e+03
   1.7880000e+03  -3.0756952e+03   1.9993831e+03
   1.7890000e+03   1.8647813e+04  -5.4287967e+03
   1.7900000e+03   9.5944092e+03  -5.8817458e+03
   1.7910000e+03  -1.1696033e+04   3.0458674e+03
   1.7920000e+03  -7.7782582e+03  -8.0910795e+02
   1.7930000e+03   7.4879168e+03  -1.8355655e+04
   1.7940000e+03   6.2363961e+03  -2.5785259e+04
   1.7950000e+03   2.9261231e+03  -1.3763211e+04
   1.7960000e+03   6.5874035e+03   1.9132409e+03
   1.7970000e+03   1.4943789e+03   5.6695884e+03
   1.7980000e+03  -1.6874016e+04   3.9453841e+02
   1.7990000e+03  -2.8248921e+04  -5.3116572e+03
   1.8000000e+03  -1.0582633e+04  -6.2529834e+03
   1.8010000e+03   1.0713818e+04  -2.4960683e+03
   1.8020000e+03  -2.5917751e+03   1.1914493e+03
   1.8030000e+03  -3.0027337e+04   7.8523549e+03
   1.8040000e+03  -2.4332255e+04   1.0091711e+04
   1.8050000e+03   1.2263481e+04  -6.3058134e+03
   1.8060000e+03   1.9577528e+04  -1.5108614e+04
   1.8070000e+03  -1.5255510e+04   7.2075005e+02
   1.8080000e+03  -2.4201276e+04   5.3198260e+03
   1.8090000e+03   4.0918155e+03  -1.0398110e+04
   1.8100000e+03   1.2314612e+04  -1.2859556e+04
   1.8110000e+03   3.9962300e+00   5.1748008e+03
   1.8120000e+03   5.9429241e+03   6.3803685e+03
   1.8130000e+03   1.7770929e+04  -2.4442067e+04
   1.8140000e+03   3.3353784e+03  -3.2212908e+04
   1.8150000e+03  -1.3721226e+04   5.6929811e+03
   1.8160000e+03  -2.3778883e+03   2.3046080e+04
   1.8170000e+03   8.4405580e+03  -4.9838449e+03
   1.8180000e+03   6.0407467e+02  -1.9414819e+04
   1.8190000e+03  -1.7345355e+03  -9.1763509e+02
   1.8200000e+03  -5.1779295e+03   3.2690161e+03
   1.8210000e+03  -2.1034048e+04  -8.2437572e+03
   1.8220000e+03  -1.5481861e+04   1.3153592e+03
   1.8230000e+03   1.6503544e+04   1.0383249e+04
   1.8240000e+03   2.3015996e+04  -3.3777967e+03
   1.8250000e+03  -5.1001617e+03  -9.5226074e+03
   1.8260000e+03  -1.3511442e+04   5.3584040e+01
   1.8270000e+03   6.1118039e+03   3.0999110e+03
   1.8280000e+03   1.5874610e+04   1.3740195e+03
   1.8290000e+03   1.8030138e+04   5.0241471e+03
   1.8300000e+03   1.6286758e+04   1.4341709e+03
   1.8310000e+03   4.9663884e+03  -9.1481069e+03
   1.8320000e+03   7.4161479e+03  -8.4619350e+02
   1.8330000e+03   1.3904999e+04   2.1786140e+04
   1.8340000e+03   3.5151250e+03   2.2161509e+04
   1.8350000e+03  -7.3746196e+02  -7.1240136e+03
   1.8360000e+03   3.8823048e+03  -2.4456035e+04
   1.8370000e+03  -9.0808737e+02  -7.6151091e+02
   1.8380000e+03  -7.3268687e+03   2.6235928e+04
   1.8390000e+03   1.9853946e+03   1.1931919e+04
   1.8400000e+03   1.6273478e+04  -2.1534839e+04
   1.8410000e+03   4.6596332e+03  -1.8060822e+04
   1.8420000e+03  -1.7492325e+04   1.8477711e+04
   1.8430000e+03  -1.0434974e+04   2.2273880e+04
   1.8440000e+03   1.2486709e+04  -7.6208360e+03
   1.8450000e+03   1.6619106e+04  -9.2274170e+03
   1.8460000e+03   4.4309478e+03   1.3584000e+04
   1.8470000e+03  -1.4739689e+03   1.6636765e+04
   1.8480000e+03   1.8052399e+03  -1.9588545e+03
   1.8490000e+03   1.1785221e+04  -1.6125509e+04
   1.8500000e+03   2.6319340e+04  -6.1484551e+03
   1.8510000e+03   2.0938124e+04   1.8024415e+04
   1.8520000e+03  -4.2025377e+03   2.7097669e+04
   1.8530000e+03  -1.2676013e+04   9.9732545e+03
   1.8540000e+03   1.4803264e+03  -1.5691046e+04
   1.8550000e+03   8.9359573e+03  -1.8929240e+04
   1.8560000e+03  -3.3172102e+03   4.9545938e+03
   1.8570000e+03  -1.4533372e+04   2.2774724e+04
   1.8580000e+03  -1.3639893e+04   2.2516510e+04
   1.8590000e+03  -8.3232360e+03   1.5686287e+04
   1.8600000e+03   9.2981670e+02  -8.2805163e+03
   1.8610000e+03   3.6406710e+02  -2.9607000e+04
   1.8620000e+03  -1.7733033e+04  -2.1641177e+03
   1.8630000e+03  -2.5282788e+04   3.4579874e+04
   1.8640000e+03  -7.7446653e+03   9.4064833e+03
   1.8650000e+03   8.8222982e+03  -3.8770892e+04
   1.8660000e+03   8.5228652e+03  -2.3233534e+04
   1.8670000e+03   8.3399196e+03   3.5004168e+04
   1.8680000e+03   4.5488915e+03   4.0714879e+04
   1.8690000e+03  -1.4967559e+04  -1.5401090e+04
   1.8700000e+03  -2.5762487e+04  -4.7339941e+04
   1.8710000e+03  -1.2583446e+04  -9.6491446e+03
   1.8720000e+03   1.1956535e+04   3.8911475e+04
   1.8730000e+03   2.0131777e+04   2.5120894e+04
   1.8740000e+03  -5.1502834e+03  -2.8266370e+04
   1.8750000e+03  -2.7316628e+04  -4.4178888e+04
   1.8760000e+03  -1.7403106e+04  -1.9404854e+03
   1.8770000e+03  -1.3345624e+02   4.1332664e+04
   1.8780000e+03   2.6309741e+03   2.2070435e+04
   1.8790000e+03  -2.1982235e+03  -3.3272295e+04
   1.8800000e+03  -2.8979497e+03  -3.9750733e+04
   1.8810000e+03  -3.7695246e+03   7.3171116e+03
   1.8820000e+03  -2.2229396e+03   3.0704207e+04
   1.8830000e+03   8.0190788e+03   6.5620639e+03
   1.8840000e+03   6.9439234e+03  -1.2558305e+04
   1.8850000e+03  -6.6101639e+03  -1.1089472e+04
   1.8860000e+03  -7.6900722e+03  -1.3608046e+04
   1.8870000e+03  -7.1174071e+02  -8.7347254e+03
   1.8880000e+03  -3.9482934e+03   7.9197145e+03
   1.8890000e+03  -8.7162450e+03   6.4365583e+03
   1.8900000e+03  -1.3922043e+02  -1.6433720e+04
   1.8910000e+03   8.2185857e+03  -2.7178759e+04
   1.8920000e+03  -1.0372539e+03  -6.8617490e+03
   1.8930000e+03  -1.6222624e+04   1.4859719e+04
   1.8940000e+03  -1.2151214e+04   9.1498048e+03
   1.8950000e+03   1.1908965e+04  -5.4479909e+03
   1.8960000e+03   2.3181959e+04  -6.3833613e+03
   1.8970000e+03   9.0654102e+03   5.2071488e+03
   1.8980000e+03  -5.3180799e+03   1.3543678e+04
   1.8990000e+03  -3.4077716e+03   2.2353883e+03
   1.9000000e+03   7.5703926e+03  -1.3169171e+04
   1.9010000e+03   9.3546436e+03  -5.9402372e+03
   1.9020000e+03  -8.5745767e+02   7.5044920e+03
   1.9030000e+03  -8.9921137e+03  -5.8886350e+02
   1.9040000e+03  -6.7084376e+03  -1.3489721e+04
   1.9050000e+03   6.7828232e+03  -8.0175997e+03
   1.9060000e+03   1.1796972e+04   3.2471415e+03
   1.9070000e+03  -3.5785278e+03   4.4907756e+02
   1.9080000e+03  -1.0543051e+04  -1.5260823e+04
   1.9090000e+03   3.1467918e+03  -1.8207361e+04
   1.9100000e+03   1.2798478e+04   3.6416440e+03
   1.9110000e+03   7.6635305e+03   1.5105846e+04
   1.9120000e+03   1.1366166e+03  -1.8149778e+03
   1.9130000e+03   2.1606412e+03  -9.9176089e+03
   1.9140000e+03   4.6639126e+03   5.9689412e+03
   1.9150000e+03   6.5742840e+02   1.1909530e+04
   1.9160000e+03  -2.7619952e+03  -4.3383821e+02
   1.9170000e+03   9.1054071e+03  -2.6593958e+03
   1.9180000e+03   1.9133435e+04   6.3981456e+03
   1.9190000e+03   6.3294869e+03   1.0982733e+04
   1.9200000e+03  -2.6147191e+03   9.2233626e+03
   1.9210000e+03   7.9802536e+03  -6.4220775e+02
   1.9220000e+03   1.6691488e+04  -2.8515640e+03
   1.9230000e+03   1.1729813e+04   1.3791192e+04
   1.9240000e+03  -2.3448563e+03   1.7657663e+04
   1.9250000e+03  -9.2329212e+03  -4.0077594e+03
   1.9260000e+03  -4.4755983e+03  -1.9903263e+04
   1.9270000e+03   2.7098400e+00  -9.3206948e+03
   1.9280000e+03   1.9966588e+03   1.5813212e+04
   1.9290000e+03  -2.0728205e+03   2.2917643e+04
   1.9300000e+03  -7.7627404e+03   1.3742512e+03
   1.9310000e+03   1.1053809e+03  -1.8930966e+04
   1.9320000e+03   1.3222204e+04  -1.5712501e+04
   1.9330000e+03   3.2984986e+03   2.4836430e+03
   1.9340000e+03  -1.5622349e+04   1.6712104e+04
   1.9350000e+03  -8.0882845e+03   1.7510454e+04
   1.9360000e+03   1.4271320e+04   1.3356998e+04
   1.9370000e+03   1.6537422e+04   1.4054709e+04
   1.9380000e+03   7.0818227e+03   1.4504070e+04
   1.9390000e+03  -2.5429828e+03   6.6501663e+03
   1.9400000e+03  -1.5570569e+04  -2.6186762e+03
   1.9410000e+03  -1.4144162e+04  -9.5253076e+02
   1.9420000e+03   3.3336338e+03   8.9326849e+03
   1.9430000e+03   1.0007723e+04   1.4009862e+04
   1.9440000e+03   1.0661149e+03   2.6875756e+03
   1.9450000e+03  -8.8595187e+03  -1.6715115e+04
   1.9460000e+03  -1.1174269e+04  -1.6200247e+04
   1.9470000e+03  -5.0583849e+03  -3.1758576e+03
   1.9480000e+03   8.0283123e+02  -9.6428567e+03
   1.9490000e+03   1.1571308e+03  -1.6483573e+04
   1.9500000e+03   6.3498015e+02   5.9120778e+03
   1.9510000e+03   5.0460010e+01   2.2539261e+04
   1.9520000e+03   8.5744910e+01  -8.9904198e+02
   1.9530000e+03   1.4367281e+03  -2.2756418e+04
   1.9540000e+03  -4.5953922e+03  -5.3189154e+02
   1.9550000e+03  -1.9566465e+04   2.9258953e+04
   1.9560000e+03  -2.1313389e+04   1.9324429e+04
   1.9570000e+03  -7.7101741e+02  -1.0061260e+04
   1.9580000e+03   8.1271656e+03  -1.3977495e+04
   1.9590000e+03  -7.4993889e+03   2.6195158e+03
   1.9600000e+03  -1.6833237e+04   2.9566490e+03
   1.9610000e+03  -1.3549587e+04  -1.0701722e+04
   1.9620000e+03  -1.0168792e+04  -9.8662669e+03
   1.9630000e+03  -6.4879566e+03   9.1450746e+02
   1.9640000e+03  -6.4077129e+02  -3.6134010e+03
   1.9650000e+03   7.4087913e+03  -1.9979946e+04
   1.9660000e+03   7.0750330e+03  -1.8585579e+04
   1.9670000e+03  -2.0916420e+03   1.6046166e+03
   1.9680000e+03  -1.2811521e+03   1.0252873e+04
   1.9690000e+03   4.9943585e+03   7.4364885e+02
   1.9700000e+03   2.3882951e+03  -8.2769290e+03
   1.9710000e+03   6.8993837e+02  -7.6625929e+03
   1.9720000e+03   4.4329906e+03  -4.5372383e+03
   1.9730000e+03   1.4374982e+03  -5.7923895e+03
   1.9740000e+03  -4.2956946e+03  -8.9859364e+03
   1.9750000e+03  -6.5245335e+03  -1.2436452e+04
   1.9760000e+03  -1.3228907e+04  -1.1985091e+04
   1.9770000e+03  -1.2929288e+04  -3.7343212e+03
   1.9780000e+03   7.9061037e+02   3.0118049e+03
   1.9790000e+03   7.1534075e+03   7.5375955e+02
   1.9800000e+03   2.5048343e+03  -5.2307280e+03
   1.9810000e+03  -3.2952503e+03  -5.8135554e+03
   1.9820000e+03  -1.7083136e+03   1.0583622e+03
   1.9830000e+03   1.1784828e+04   1.0472779e+04
   1.9840000e+03   2.1732252e+04   1.6576671e+04
   1.9850000e+03   1.3238448e+04   9.7659666e+03
   1.9860000e+03  -2.6264499e+03  -8.1255537e+03
   1.9870000e+03   1.6500197e+03  -1.5709874e+04
   1.9880000e+03   1.8055267e+04  -2.7388376e+03
   1.9890000e+03   9.7680515e+03   8.5530151e+03
   1.9900000e+03  -6.1272887e+03  -4.7519970e+03
   1.9910000e+03   4.5696472e+02  -1.9832206e+04
   1.9920000e+03   7.6469283e+03  -9.4450461e+03
   1.9930000e+03  -1.1819922e+03   7.8259798e+03
   1.9940000e+03  -1.1092022e+04   1.5448259e+04
   1.9950000e+03  -5.2374977e+03   1.4801129e+04
   1.9960000e+03   9.5427400e+03   2.1821137e+03
   1.9970000e+03   1.2859204e+04  -1.1272220e+04
   1.9980000e+03   9.4789127e+03  -6.6136219e+03
   1.9990000e+03   7.7396000e+03   1.0638389e+04
   2.0000000e+03  -5.4945197e+02   1.8347365e+04
