   1.0274000e+02   2.5123000e+01
   9.3250395e+01   3.0645838e+01
   0.0000000e+00  -1.1010506e+05  -1.1010506e+05
   1.0000000e+00  -4.1265457e+04  -2.7619926e+04
   2.0000000e+00   6.2530977e+04   1.0451271e+05
   3.0000000e+00   5.2064708e+04   1.3470062e+05
   4.0000000e+00  -1.9832986e+04   3.2893414e+04
   5.0000000e+00  -3.8012830e+04  -8.7415659e+04
   6.0000000e+00   5.0299656e+03  -9.2473265e+04
   7.0000000e+00   4.3554432e+04  -6.2393774e+03
   8.0000000e+00   1.8941147e+04   4.6006761e+04
   9.0000000e+00  -3.6166413e+04   1.9010306e+04
   1.0000000e+01  -3.7283709e+04  -2.9159897e+04
   1.1000000e+01  -3.8252340e+02  -3.1288856e+04
   1.2000000e+01   1.0662504e+04  -4.2194931e+03
   1.3000000e+01   2.7305265e+04  -1.0928891e+04
   1.4000000e+01   5.8961309e+04  -4.1126866e+04
   1.5000000e+01   2.4255196e+04  -4.5180174e+04
   1.6000000e+01  -3.9790311e+04  -2.6801243e+04
   1.7000000e+01  -2.3938785e+04   4.9712444e+02
   1.8000000e+01   1.3281795e+04   3.8298148e+04
   1.9000000e+01   2.7534213e+02   4.2610856e+04
   2.0000000e+01   1.0948875e+04  -1.6912117e+04
   2.1000000e+01   5.2342563e+04  -6.8142478e+04
   2.2000000e+01   1.3885787e+04  -4.0763560e+04
   2.3000000e+01  -8.2821054e+04   2.0541607e+04
   2.4000000e+01  -6.5128134e+04   3.0445487e+04
   2.5000000e+01   6.8405632e+04  -7.1682175e+03
   2.6000000e+01   1.0196238e+05  -1.9842278e+04
   2.7000000e+01  -1.5829900e+04  -2.5856374e+03
   2.8000000e+01  -9.0043590e+04  -7.0693785e+03
   2.9000000e+01  -2.2255125e+04  -2.8596301e+04
   3.0000000e+01   6.6850407e+04  -3.3598209e+04
   3.1000000e+01   6.7785686e+04  -1.6397330e+04
   3.2000000e+01   9.7268864e+03   2.4146685e+04
   3.3000000e+01  -5.1063283e+04   6.3027210e+04
   3.4000000e+01  -6.9910573e+04   4.1521416e+04
   3.5000000e+01  -1.2166495e+04  -3.0637692e+04
   3.6000000e+01   6.4598611e+04  -6.7903596e+04
   3.7000000e+01   5.7955598e+04  -3.4239184e+04
   3.8000000e+01  -4.7423187e+04   3.4789300e+04
   3.9000000e+01  -1.3026951e+05   7.7856926e+04
   4.0000000e+01  -5.7067581e+04   4.6913425e+04
   4.1000000e+01   9.2393367e+04  -2.5134654e+04
   4.2000000e+01   1.2753650e+05  -5.5925511e+04
   4.3000000e+01   3.7383492e+04  -2.1383804e+04
   4.4000000e+01  -5.7853575e+04   2.9416040e+04
   4.5000000e+01  -8.4939697e+04   4.7004014e+04
   4.6000000e+01  -2.7460403e+04   3.4939043e+04
   4.7000000e+01   6.2196731e+04   2.2131895e+04
   4.8000000e+01   7.1746363e+04   1.5880414e+04
   4.9000000e+01  -1.2975249e+03   6.1337998e+03
   5.0000000e+01  -4.0679085e+04   4.3760695e+02
   5.1000000e+01  -2.5989518e+04   8.4077544e+03
   5.2000000e+01  -1.0841335e+04   1.4601559e+04
   5.3000000e+01  -7.5686748e+03   2.7389131e+04
   5.4000000e+01  -2.2414557e+04   4.5806120e+04
   5.5000000e+01  -2.0505400e+04   2.2084619e+04
   5.6000000e+01   3.5908058e+04  -2.4031441e+04
   5.7000000e+01   7.6022105e+04  -3.5375735e+04
   5.8000000e+01   2.7544577e+04  -1.4510707e+04
   5.9000000e+01  -6.3590081e+04   2.9875579e+04
   6.0000000e+01  -8.4750504e+04   6.0307690e+04
   6.1000000e+01   1.3471039e+04   2.2962143e+04
   6.2000000e+01   1.1322374e+05  -2.7748738e+04
   6.3000000e+01   6.8981597e+04  -1.8186442e+04
   6.4000000e+01  -4.8824879e+04   3.2576766e+03
   6.5000000e+01  -7.1509814e+04  -8.1475229e+03
   6.6000000e+01  -6.7174590e+03  -1.4847917e+03
   6.7000000e+01   3.5982925e+04   2.8463082e+04
   6.8000000e+01   2.8051595e+04   2.1892808e+04
   6.9000000e+01  -4.6333449e+02  -1.9574505e+04
   7.0000000e+01  -1.3746291e+04  -4.5070304e+04
   7.1000000e+01  -5.1108425e+03  -2.5774056e+04
   7.2000000e+01  -3.4057498e+03   1.4276362e+04
   7.3000000e+01  -2.9495431e+03   2.1586072e+04
   7.4000000e+01   9.7358313e+03  -5.9613787e+03
   7.5000000e+01  -2.9926539e+02  -2.9130745e+04
   7.6000000e+01  -2.7115064e+04  -2.7747906e+04
   7.7000000e+01  -1.8166708e+04   1.7663159e+02
   7.8000000e+01   8.2537130e+03   2.4028108e+04
   7.9000000e+01   9.6170559e+02   4.9553057e+03
   8.0000000e+01  -3.0493784e+04  -2.2666227e+04
   8.1000000e+01  -4.0540299e+04  -1.6892239e+04
   8.2000000e+01  -2.7392103e+03  -1.6707526e+04
   8.3000000e+01   4.3062200e+04  -2.8678724e+04
   8.4000000e+01   3.8580490e+04  -1.3750296e+04
   8.5000000e+01  -3.2040931e+02  -1.0332278e+03
   8.6000000e+01  -3.5331019e+04  -6.1130036e+03
   8.7000000e+01  -4.2517169e+04  -4.4734603e+03
   8.8000000e+01   1.5247566e+03  -2.0097373e+04
   8.9000000e+01   4.9426572e+04  -4.3276912e+04
   9.0000000e+01   3.2031131e+04  -2.5459744e+04
   9.1000000e+01  -1.7074107e+04   4.1369271e+03
   9.2000000e+01  -3.4103622e+04   4.5287683e+03
   9.3000000e+01  -1.9633197e+04  -3.9728107e+03
   9.4000000e+01   4.6717723e+03  -2.9114322e+03
   9.5000000e+01   1.2172593e+04   1.0389380e+04
   9.6000000e+01  -1.5885640e+04   1.9554077e+04
   9.7000000e+01  -3.5859313e+04  -1.5446502e+04
   9.8000000e+01  -2.1307985e+04  -5.8005288e+04
   9.9000000e+01  -1.5492859e+04  -2.6859055e+04
   1.0000000e+02  -7.4542482e+03   3.9245160e+04
   1.0100000e+02   2.7198032e+04   5.0429196e+04
   1.0200000e+02   2.3421399e+04   8.7879722e+03
   1.0300000e+02  -2.6940701e+04  -3.0940811e+04
   1.0400000e+02  -4.2831118e+04  -3.2065055e+04
   1.0500000e+02  -1.1334588e+04  -3.9154105e+03
   1.0600000e+02   3.2645032e+04   1.7271249e+04
   1.0700000e+02   5.9516614e+04   2.0566297e+04
   1.0800000e+02   3.0994201e+04   1.5918417e+04
   1.0900000e+02  -1.9688026e+04   8.5085032e+03
   1.1000000e+02  -2.5169689e+04   2.4146092e+03
   1.1100000e+02  -1.0503700e+04  -4.4918702e+03
   1.1200000e+02  -4.0802652e+03  -1.2054102e+04
   1.1300000e+02   1.7753007e+04  -9.3593979e+02
   1.1400000e+02   3.5309866e+04   2.3581243e+04
   1.1500000e+02   2.1669178e+04   3.0985949e+04
   1.1600000e+02  -1.0495118e+04   2.9228972e+04
   1.1700000e+02  -4.4395894e+04   2.1022746e+04
   1.1800000e+02  -4.1632838e+04  -1.4549381e+04
   1.1900000e+02   1.1253545e+04  -3.2378420e+04
   1.2000000e+02   5.6559180e+04   1.7747152e+04
   1.2100000e+02   6.0974431e+04   6.7893803e+04
   1.2200000e+02   3.0787515e+04   3.3344026e+04
   1.2300000e+02  -2.2642039e+04  -3.9287688e+04
   1.2400000e+02  -3.2881613e+04  -4.8469709e+04
   1.2500000e+02   3.0036607e+04   1.9645461e+04
   1.2600000e+02   7.1457543e+04   7.6157499e+04
   1.2700000e+02   3.7439802e+04   3.8048228e+04
   1.2800000e+02  -9.8232589e+03  -3.0045767e+04
   1.2900000e+02  -1.1487421e+04  -2.0166331e+04
   1.3000000e+02   2.6325534e+04   2.6187110e+04
   1.3100000e+02   3.4851343e+04   3.9859151e+04
   1.3200000e+02  -2.3508079e+04   2.2705695e+04
   1.3300000e+02  -6.2242052e+04  -2.1089182e+04
   1.3400000e+02  -1.5193273e+04  -4.7710354e+04
   1.3500000e+02   3.8040916e+04  -1.9974873e+04
   1.3600000e+02   2.4288965e+04   1.2391232e+04
   1.3700000e+02  -2.0457035e+04   1.1495165e+04
   1.3800000e+02  -4.3571600e+04  -7.1617974e+03
   1.3900000e+02  -2.3417390e+04  -2.4230983e+04
   1.4000000e+02   2.4288075e+04  -1.9609073e+04
   1.4100000e+02   4.0632048e+04   4.2809084e+03
   1.4200000e+02   3.4802439e+03   1.7336273e+04
   1.4300000e+02  -3.2879766e+04   1.4063073e+04
   1.4400000e+02  -1.5329815e+04   2.1374651e+03
   1.4500000e+02   3.5659724e+04  -1.5242399e+04
   1.4600000e+02   4.3685174e+04  -1.1499052e+04
   1.4700000e+02  -1.0599694e+04   1.0866947e+04
   1.4800000e+02  -4.8063221e+04   1.5032775e+04
   1.4900000e+02  -2.5693355e+04   7.9329809e+03
   1.5000000e+02  -2.2024942e+03   1.7593668e+03
   1.5100000e+02  -1.5656070e+04  -1.2493843e+04
   1.5200000e+02  -3.1638177e+04  -2.5038218e+04
   1.5300000e+02  -2.5228856e+04  -3.2008614e+04
   1.5400000e+02  -2.0401963e+03  -2.8304594e+04
   1.5500000e+02   9.5179217e+03   1.1066037e+03
   1.5600000e+02  -2.8063695e+04   2.3500809e+04
   1.5700000e+02  -7.4267335e+04  -2.5227082e+02
   1.5800000e+02  -4.6060888e+04  -3.4870414e+04
   1.5900000e+02   3.1293556e+04  -3.9960248e+04
   1.6000000e+02   5.6912098e+04  -2.3617107e+04
   1.6100000e+02   6.6723889e+03   1.0208379e+04
   1.6200000e+02  -4.2078238e+04   3.9201497e+04
   1.6300000e+02  -2.1160704e+04   2.5046185e+04
   1.6400000e+02   3.2201819e+04  -7.2740548e+03
   1.6500000e+02   3.7196272e+04  -1.5820931e+04
   1.6600000e+02   4.2668613e+03  -4.6217956e+03
   1.6700000e+02  -9.1878942e+03   7.2122286e+03
   1.6800000e+02  -1.4105248e+04   4.2046212e+03
   1.6900000e+02  -1.7296654e+04  -6.0882971e+03
   1.7000000e+02   7.1162646e+03   1.1875239e+03
   1.7100000e+02   1.9926151e+04   1.1537374e+04
   1.7200000e+02  -1.3295914e+04  -1.1816721e+04
   1.7300000e+02  -4.7689214e+04  -4.4932503e+04
   1.7400000e+02  -3.7889126e+04  -3.1523544e+04
   1.7500000e+02   1.7019810e+04   1.5457355e+04
   1.7600000e+02   5.6175561e+04   3.5971528e+04
   1.7700000e+02   1.8508144e+04   8.9798307e+03
   1.7800000e+02  -3.4541017e+04  -2.4800060e+04
   1.7900000e+02  -1.2689629e+04  -1.2639710e+04
   1.8000000e+02   4.1697296e+04   2.0260212e+04
   1.8100000e+02   4.2749963e+04   1.4378775e+04
   1.8200000e+02  -1.9953733e+03  -1.9505762e+03
   1.8300000e+02  -3.0781567e+04   1.0948249e+04
   1.8400000e+02  -1.0049151e+04   1.5593825e+04
   1.8500000e+02   2.6379203e+04   5.3271436e+03
   1.8600000e+02   2.3710738e+04   9.4577004e+03
   1.8700000e+02   5.6863348e+03  -1.1071512e+03
   1.8800000e+02   9.6425410e+03  -2.9168538e+04
   1.8900000e+02   1.6406895e+03  -2.1283560e+04
   1.9000000e+02  -2.4914772e+04   1.4590962e+04
   1.9100000e+02  -3.0453694e+04   3.4579273e+04
   1.9200000e+02  -7.3772106e+03   2.3202186e+04
   1.9300000e+02   2.8690049e+04  -1.4909655e+04
   1.9400000e+02   4.6363191e+04  -4.0816481e+04
   1.9500000e+02   2.1439551e+04  -2.9291950e+04
   1.9600000e+02  -5.4619361e+03  -1.0750470e+03
   1.9700000e+02   1.5176925e+04   3.3453390e+04
   1.9800000e+02   5.3016906e+04   4.9704866e+04
   1.9900000e+02   5.1170938e+04   1.2573467e+04
   2.0000000e+02   7.5047523e+03  -2.3279381e+04
   2.0100000e+02  -3.3280642e+04  -2.4938602e+03
   2.0200000e+02  -2.3876263e+04   1.3994156e+04
   2.0300000e+02   1.3774403e+04  -1.2874328e+03
   2.0400000e+02   9.6967568e+03   9.6237241e+02
   2.0500000e+02  -2.8547059e+04   8.4917148e+03
   2.0600000e+02  -4.9019635e+04  -5.0749887e+03
   2.0700000e+02  -4.0566670e+04  -2.0297379e+04
   2.0800000e+02  -3.0205154e+03  -2.4811149e+04
   2.0900000e+02   3.0880760e+04  -7.7784340e+03
   2.1000000e+02   1.4006095e+04   1.9113474e+04
   2.1100000e+02  -1.5206686e+04   1.3150372e+04
   2.1200000e+02   1.7662114e+03  -1.0920343e+04
   2.1300000e+02   3.2738347e+04  -7.4635825e+03
   2.1400000e+02   2.6281359e+04   2.4031420e+01
   2.1500000e+02   5.1106568e+02  -6.7789232e+03
   2.1600000e+02  -2.4874730e+03   5.0109432e+03
   2.1700000e+02   2.0564797e+04   1.9130378e+04
   2.1800000e+02   3.1322389e+04   1.5269961e+04
   2.1900000e+02  -4.9623068e+03   1.5381879e+04
   2.2000000e+02  -4.5929536e+04   9.6165478e+03
   2.2100000e+02  -2.3935296e+04   7.0659483e+03
   2.2200000e+02   1.9851575e+04   2.5306888e+04
   2.2300000e+02   9.5322274e+03   2.5609471e+04
   2.2400000e+02  -3.3552993e+04   4.6212156e+03
   2.2500000e+02  -5.9824048e+04  -1.3708795e+04
   2.2600000e+02  -5.1933700e+04  -2.4363029e+04
   2.2700000e+02  -9.2734079e+03   1.0914237e+03
   2.2800000e+02   3.4456353e+04   4.1460609e+04
   2.2900000e+02   4.4269823e+04   2.2547629e+04
   2.3000000e+02   1.3836190e+04  -3.6013104e+04
   2.3100000e+02  -3.7847381e+04  -5.3221550e+04
   2.3200000e+02  -5.0256733e+04  -1.9581705e+04
   2.3300000e+02  -5.2517119e+03   3.2400040e+04
   2.3400000e+02   3.4553540e+04   6.2410201e+04
   2.3500000e+02   4.4229772e+04   2.0585799e+04
   2.3600000e+02   2.9428916e+04  -4.7725281e+04
   2.3700000e+02  -1.5231508e+04  -3.8701133e+04
   2.3800000e+02  -3.7623820e+04   2.8546233e+04
   2.3900000e+02  -6.9622632e+03   5.4733019e+04
   2.4000000e+02   9.7077034e+03   1.4303111e+04
   2.4100000e+02  -1.1039925e+04  -2.6443653e+04
   2.4200000e+02  -2.1309191e+04  -1.0392812e+04
   2.4300000e+02  -1.3145244e+04   1.4540415e+04
   2.4400000e+02   8.2854211e+02  -1.3121404e+04
   2.4500000e+02   6.2251266e+03  -4.5508575e+04
   2.4600000e+02  -1.5984729e+04  -3.0955003e+04
   2.4700000e+02  -2.2580467e+04  -9.3856143e+03
   2.4800000e+02   8.9550986e+03  -6.0412043e+03
   2.4900000e+02   3.1062237e+03  -1.9783230e+02
   2.5000000e+02  -4.2278065e+04  -6.7115141e+03
   2.5100000e+02  -3.5218020e+04  -2.8585511e+04
   2.5200000e+02   2.5070471e+04  -2.4547497e+04
   2.5300000e+02   6.0281878e+04   4.7903605e+02
   2.5400000e+02   2.8537378e+04   8.1773290e+03
   2.5500000e+02  -4.1071811e+04  -5.7454072e+03
   2.5600000e+02  -6.5466473e+04  -2.3604391e+04
   2.5700000e+02  -1.1106628e+04  -1.5509715e+04
   2.5800000e+02   5.4301260e+04   1.5845330e+04
   2.5900000e+02   6.6567934e+04   8.0204939e+03
   2.6000000e+02   3.2911917e+04  -3.4084421e+04
   2.6100000e+02  -1.2376043e+03  -3.5019937e+04
   2.6200000e+02  -3.2314380e+03  -1.5967847e+04
   2.6300000e+02   9.0381776e+03  -1.7413557e+04
   2.6400000e+02   5.2751599e+03   1.5758125e+03
   2.6500000e+02   5.7607545e+02   2.2399463e+04
   2.6600000e+02   1.4691939e+04  -1.1993297e+03
   2.6700000e+02   2.8499576e+04  -2.2275739e+04
   2.6800000e+02   1.9044836e+04  -1.6073222e+03
   2.6900000e+02  -1.7797604e+04   3.0248639e+04
   2.7000000e+02  -6.4248299e+04   2.8771184e+04
   2.7100000e+02  -7.1014398e+04  -8.0249335e+03
   2.7200000e+02  -1.4641771e+04  -1.7187193e+04
   2.7300000e+02   5.0798949e+04   1.8310873e+04
   2.7400000e+02   5.6620648e+04   2.2245099e+04
   2.7500000e+02  -9.2717808e+03  -1.2290209e+04
   2.7600000e+02  -7.1693139e+04  -1.5767594e+04
   2.7700000e+02  -3.2374854e+04   6.0931460e+02
   2.7800000e+02   5.5034845e+04   3.4226831e+03
   2.7900000e+02   5.9169863e+04   1.5289743e+04
   2.8000000e+02   1.9464057e+04   2.6106664e+04
   2.8100000e+02   2.8564597e+04   1.7550721e+04
   2.8200000e+02   3.8095043e+04   1.5397838e+04
   2.8300000e+02   6.5378514e+03   2.1167753e+04
   2.8400000e+02  -2.3893621e+04   1.7582145e+04
   2.8500000e+02  -4.1159375e+04   9.3205898e+03
   2.8600000e+02  -4.2065931e+04   4.0119844e+03
   2.8700000e+02  -1.9281205e+03   1.0904290e+04
   2.8800000e+02   4.8987486e+04   2.3094860e+04
   2.8900000e+02   5.0753322e+04   1.1703249e+04
   2.9000000e+02  -2.7142691e+03  -6.3048779e+03
   2.9100000e+02  -6.1772207e+04   3.5627866e+03
   2.9200000e+02  -6.1727711e+04   9.5254958e+03
   2.9300000e+02   3.0483942e+03   1.0081874e+03
   2.9400000e+02   5.5244687e+04   1.7998902e+04
   2.9500000e+02   3.7482518e+04   3.4154437e+04
   2.9600000e+02  -1.5274391e+04   1.5478742e+04
   2.9700000e+02  -2.4972892e+04  -1.3562118e+03
   2.9800000e+02   3.4954697e+04   2.0910616e+03
   2.9900000e+02   8.7812124e+04   9.7730665e+03
   3.0000000e+02   5.0238787e+04   1.2440180e+04
   3.0100000e+02  -3.4730351e+04   4.1027444e+03
   3.0200000e+02  -7.9602013e+04   6.2403554e+02
   3.0300000e+02  -7.5232566e+04   1.4189505e+04
   3.0400000e+02  -3.0559685e+04   9.9328707e+03
   3.0500000e+02   3.5380075e+04  -2.0793968e+04
   3.0600000e+02   5.5296612e+04  -2.8420277e+04
   3.0700000e+02   2.3540454e+04  -1.8115157e+03
   3.0800000e+02   3.1821007e+03   2.1945784e+04
   3.0900000e+02   2.5181904e+03   1.2472131e+04
   3.1000000e+02  -4.8119468e+03  -2.3661482e+04
   3.1100000e+02  -2.0693868e+04  -2.3124428e+04
   3.1200000e+02  -3.0855046e+04   2.1718780e+04
   3.1300000e+02  -2.0481646e+04   2.3526452e+04
   3.1400000e+02  -9.1171440e+03  -1.9008955e+04
   3.1500000e+02  -2.1321152e+04  -3.2185962e+04
   3.1600000e+02  -2.6451250e+04  -2.4283845e+04
   3.1700000e+02  -5.0594171e+03  -2.3635107e+04
   3.1800000e+02   8.8179466e+03  -2.0665953e+04
   3.1900000e+02   7.8354822e+03  -3.3175778e+04
   3.2000000e+02   1.5249915e+03  -5.8058343e+04
   3.2100000e+02  -2.9788512e+04  -4.8209391e+04
   3.2200000e+02  -6.4343740e+04  -1.4451915e+04
   3.2300000e+02  -4.9389106e+04   5.0850110e+02
   3.2400000e+02   4.9739086e+03  -6.6884311e+03
   3.2500000e+02   5.2557617e+04  -2.1260077e+04
   3.2600000e+02   6.0384587e+04  -1.7884405e+04
   3.2700000e+02   2.7998554e+04   6.8720915e+02
   3.2800000e+02   5.7326705e+03   6.6074202e+03
   3.2900000e+02   1.8080426e+04   1.3327764e+04
   3.3000000e+02   2.0789658e+04   2.4478062e+04
   3.3100000e+02  -1.6726284e+04   1.1863297e+04
   3.3200000e+02  -7.2397633e+04  -1.0874844e+04
   3.3300000e+02  -9.6415659e+04  -1.7094091e+04
   3.3400000e+02  -5.9437555e+04  -1.4478624e+04
   3.3500000e+02   7.2360378e+03  -1.0873959e+03
   3.3600000e+02   5.1685572e+04   2.4309144e+04
   3.3700000e+02   4.3335627e+04   1.6313269e+04
   3.3800000e+02  -8.3779922e+03  -3.3391039e+04
   3.3900000e+02  -3.6392236e+04  -5.4313020e+04
   3.4000000e+02   7.1730847e+03  -1.5560634e+04
   3.4100000e+02   6.3133490e+04   3.5617512e+04
   3.4200000e+02   4.8381364e+04   4.6009640e+04
   3.4300000e+02   4.6934113e+03   1.8354788e+04
   3.4400000e+02   2.3930528e+04   2.7204688e+03
   3.4500000e+02   7.1128039e+04   7.7750504e+03
   3.4600000e+02   6.6158817e+04   6.2187331e+03
   3.4700000e+02   7.7068921e+03   1.3527382e+04
   3.4800000e+02  -6.0297033e+04   4.1267859e+04
   3.4900000e+02  -6.5133315e+04   4.3352897e+04
   3.5000000e+02  -2.1202188e+03   5.2001578e+03
   3.5100000e+02   2.7661993e+04  -2.2094149e+04
   3.5200000e+02  -3.2321190e+03  -1.7707805e+04
   3.5300000e+02  -3.9847649e+04   7.5454727e+03
   3.5400000e+02  -5.7298309e+04   2.8484543e+04
   3.5500000e+02  -3.8135996e+04  -1.6225619e+03
   3.5600000e+02   1.1753168e+04  -3.9670907e+04
   3.5700000e+02   4.4992136e+04  -1.1707377e+04
   3.5800000e+02   4.5938553e+04   2.8061082e+04
   3.5900000e+02   3.2845122e+04   2.0441100e+04
   3.6000000e+02   7.3201162e+03  -2.1476320e+03
   3.6100000e+02  -1.9403333e+04  -6.4059389e+02
   3.6200000e+02  -1.8106557e+04   3.2403143e+04
   3.6300000e+02   1.6972437e+04   5.5867030e+04
   3.6400000e+02   8.2050615e+04   2.5346867e+04
   3.6500000e+02   1.3720668e+05  -1.2094644e+04
   3.6600000e+02   1.0629087e+05   3.5534214e+03
   3.6700000e+02   1.1309725e+04   2.7059358e+04
   3.6800000e+02  -6.0892773e+04   1.3451738e+04
   3.6900000e+02  -9.3329986e+04  -1.0421948e+04
   3.7000000e+02  -9.6297739e+04  -4.0860399e+04
   3.7100000e+02  -8.7791207e+04  -6.5762320e+04
   3.7200000e+02  -9.6526194e+04  -4.1618195e+04
   3.7300000e+02  -8.3526234e+04   2.2971584e+03
   3.7400000e+02  -1.4801361e+04   1.4641932e+04
   3.7500000e+02   2.7899961e+04   7.5096860e+03
   3.7600000e+02  -1.1018436e+04  -4.6572013e+03
   3.7700000e+02  -5.2132026e+04  -1.6723311e+04
   3.7800000e+02  -2.2488065e+04   2.8446982e+03
   3.7900000e+02   7.0343516e+04   4.6381274e+04
   3.8000000e+02   1.6719677e+05   5.6675070e+04
   3.8100000e+02   1.6940363e+05   2.8866912e+04
   3.8200000e+02   6.2109368e+04  -6.2686121e+02
   3.8300000e+02  -3.8510606e+04  -6.7503901e+03
   3.8400000e+02  -3.7179010e+04   9.6852349e+03
   3.8500000e+02   4.4801264e+04   6.1491630e+02
   3.8600000e+02   9.1945554e+04  -2.7072134e+04
   3.8700000e+02   2.7734061e+04  -1.1475223e+04
   3.8800000e+02  -6.6038066e+04   1.4433442e+04
   3.8900000e+02  -7.7350543e+04  -1.2807150e+03
   3.9000000e+02  -3.0009920e+04  -3.6100795e+04
   3.9100000e+02  -1.7069188e+04  -5.1750149e+04
   3.9200000e+02  -4.8900102e+04  -2.1017801e+04
   3.9300000e+02  -5.1466939e+04   2.3899417e+04
   3.9400000e+02  -4.9569807e+03   1.8999486e+04
   3.9500000e+02   1.8534781e+04  -1.8830661e+04
   3.9600000e+02  -1.3194190e+04  -3.8700246e+04
   3.9700000e+02  -4.2117915e+04  -3.7291565e+04
   3.9800000e+02  -3.7542276e+04  -1.7351674e+04
   3.9900000e+02  -3.0850680e+04   1.1727328e+04
   4.0000000e+02  -1.9080799e+04   8.3207234e+03
   4.0100000e+02   9.9554439e+03  -2.4250454e+04
   4.0200000e+02   1.0304128e+04  -3.4801019e+04
   4.0300000e+02  -2.9222934e+04  -1.5703974e+04
   4.0400000e+02  -5.3917948e+04   1.4068633e+04
   4.0500000e+02  -3.8207905e+04   3.3984430e+04
   4.0600000e+02   5.4007360e+03   1.5535209e+04
   4.0700000e+02   3.4855955e+04  -1.6863984e+04
   4.0800000e+02   2.3499767e+03  -1.2094135e+04
   4.0900000e+02  -4.5867463e+04   7.1635001e+03
   4.1000000e+02  -2.9574299e+04  -2.1653425e+02
   4.1100000e+02   2.2856714e+04  -1.0945666e+04
   4.1200000e+02   4.0761192e+04  -1.0337708e+04
   4.1300000e+02   1.6565275e+04  -6.2296405e+03
   4.1400000e+02  -8.9802923e+03   1.8089261e+04
   4.1500000e+02   9.5263415e+03   2.8955728e+04
   4.1600000e+02   5.8132374e+04  -5.2316777e+03
   4.1700000e+02   6.7873569e+04  -1.2482309e+04
   4.1800000e+02   3.0106925e+04   2.1455050e+04
   4.1900000e+02  -1.2118738e+03   2.3224647e+04
   4.2000000e+02  -9.9325266e+03   5.6522295e+03
   4.2100000e+02  -3.8617888e+03   9.3506269e+03
   4.2200000e+02   5.5968809e+03   1.5334773e+04
   4.2300000e+02  -9.0594644e+03   1.1397020e+04
   4.2400000e+02  -2.3641134e+04  -3.3028553e+03
   4.2500000e+02   1.2999639e+03  -1.5592388e+04
   4.2600000e+02   2.7113261e+04  -1.1793032e+03
   4.2700000e+02   1.5394826e+04   1.0485242e+04
   4.2800000e+02  -1.4458951e+04  -4.4613999e+03
   4.2900000e+02  -2.9376672e+04  -9.3347425e+03
   4.3000000e+02  -9.4125696e+03  -4.7425636e+02
   4.3100000e+02   2.5169054e+04   8.8828730e+02
   4.3200000e+02   3.7474514e+04   1.0248798e+04
   4.3300000e+02   2.4921794e+04   1.8712310e+04
   4.3400000e+02   1.1521847e+04  -1.7631350e+03
   4.3500000e+02   2.0992955e+04  -2.2564678e+04
   4.3600000e+02   4.2681912e+04  -1.0686565e+04
   4.3700000e+02   3.0972312e+04   1.2920489e+04
   4.3800000e+02  -1.6074397e+04   2.2926309e+04
   4.3900000e+02  -2.9079916e+04   1.2786018e+04
   4.4000000e+02   1.2811201e+04  -5.5720925e+03
   4.4100000e+02   3.0916195e+04  -1.0667334e+04
   4.4200000e+02  -2.4374617e+03  -7.1072388e+03
   4.4300000e+02  -2.5234777e+04   8.9822744e+03
   4.4400000e+02  -1.9543604e+04   3.1964989e+04
   4.4500000e+02  -6.4854434e+03   1.3955118e+04
   4.4600000e+02   6.5136838e+03  -1.3562046e+04
   4.4700000e+02  -4.7078913e+02   4.7617085e+03
   4.4800000e+02  -1.5165605e+04   6.8357875e+03
   4.4900000e+02  -1.5620173e+03  -2.7138570e+04
   4.5000000e+02   1.2140216e+04  -2.2728868e+04
   4.5100000e+02   5.9899304e+02   1.0311234e+04
   4.5200000e+02  -5.6893246e+03   8.9114796e+03
   4.5300000e+02  -1.8817041e+03  -2.1873936e+04
   4.5400000e+02   2.3662469e+03  -3.4030287e+04
   4.5500000e+02   9.6565017e+03   1.2278545e+03
   4.5600000e+02   2.4280009e+03   4.0135054e+04
   4.5700000e+02  -2.0306155e+04   1.3474975e+04
   4.5800000e+02  -3.6320476e+04  -3.0101075e+04
   4.5900000e+02  -3.5455666e+04  -7.7867375e+03
   4.6000000e+02  -1.0152594e+04   3.3307683e+04
   4.6100000e+02   1.9374396e+04   3.3694911e+04
   4.6200000e+02   9.8324658e+03   1.0069019e+04
   4.6300000e+02  -2.2285769e+04  -1.4045180e+04
   4.6400000e+02  -2.9257888e+04  -1.2942388e+04
   4.6500000e+02  -2.3913880e+04   6.8616765e+03
   4.6600000e+02  -2.1980555e+04   4.8269303e+03
   4.6700000e+02  -5.6352194e+03  -6.7288743e+03
   4.6800000e+02   6.1656639e+03  -2.0633421e+03
   4.6900000e+02   6.6994751e+03  -4.3245652e+03
   4.7000000e+02   1.7528365e+04  -1.6263608e+04
   4.7100000e+02   1.0782520e+04  -1.0228362e+04
   4.7200000e+02  -1.4529130e+04  -1.1884472e+03
   4.7300000e+02  -1.4786654e+04  -3.6897132e+03
   4.7400000e+02  -9.1323540e+02   1.4397226e+03
   4.7500000e+02   4.8315880e+03   1.6492126e+03
   4.7600000e+02   3.6559995e+03  -6.1501772e+03
   4.7700000e+02  -4.4601286e+03   6.4658150e+03
   4.7800000e+02   1.1330629e+03   2.3616089e+04
   4.7900000e+02   2.2636853e+04   2.1454452e+04
   4.8000000e+02   2.0513355e+04   6.6394520e+03
   4.8100000e+02  -1.0049954e+04  -1.2512553e+04
   4.8200000e+02  -3.4816002e+04  -1.5854868e+04
   4.8300000e+02  -3.8347986e+04   2.9217578e+03
   4.8400000e+02  -1.4647088e+04   1.0123513e+04
   4.8500000e+02   2.0978648e+04  -5.5068324e+03
   4.8600000e+02   2.6524390e+04  -1.5678316e+04
   4.8700000e+02   1.2642727e+04  -1.6120597e+04
   4.8800000e+02   6.3441692e+03  -1.4449137e+04
   4.8900000e+02  -1.0058389e+04  -2.8120079e+03
   4.9000000e+02  -1.1551117e+04   4.7692862e+03
   4.9100000e+02   2.5207217e+04  -1.3477797e+03
   4.9200000e+02   3.7759741e+04  -7.0045487e+03
   4.9300000e+02   1.0153587e+04  -6.2846772e+03
   4.9400000e+02   4.0546200e+00   8.0505200e+03
   4.9500000e+02   1.0692359e+04   2.1099671e+04
   4.9600000e+02   8.8541172e+03   6.5261411e+03
   4.9700000e+02  -9.3412378e+03  -1.0885800e+04
   4.9800000e+02  -2.2107771e+04  -1.0832412e+04
   4.9900000e+02  -2.0407020e+03  -1.6091971e+04
   5.0000000e+02   3.0610755e+04  -1.9868957e+04
   5.0100000e+02   2.5262223e+04  -3.4627940e+03
   5.0200000e+02  -4.2013682e+03   5.8001032e+02
   5.0300000e+02  -1.5937648e+04  -1.7309683e+04
   5.0400000e+02  -1.2319362e+04  -1.4205865e+04
   5.0500000e+02  -1.0623510e+03   2.8793475e+03
   5.0600000e+02   1.6123254e+04   1.2980066e+03
   5.0700000e+02   2.3316879e+04  -9.8119982e+03
   5.0800000e+02   1.1909150e+04  -1.6466586e+04
   5.0900000e+02  -3.8119829e+03  -1.5980658e+03
   5.1000000e+02  -4.5499277e+03   2.5620383e+04
   5.1100000e+02   1.4945952e+03   1.4022711e+04
   5.1200000e+02  -5.4749701e+03  -2.2731640e+04
   5.1300000e+02  -1.6020224e+04  -2.3933904e+04
   5.1400000e+02  -1.0713647e+04  -6.1220209e+02
   5.1500000e+02   6.2752783e+02   8.8168524e+03
   5.1600000e+02  -3.7944239e+03   9.7479779e+03
   5.1700000e+02  -1.3906377e+04   8.2282928e+03
   5.1800000e+02  -1.8282680e+04   1.7122463e+03
   5.1900000e+02  -2.6800465e+04   1.2926219e+03
   5.2000000e+02  -1.3014672e+04   3.9401648e+03
   5.2100000e+02   3.1504961e+04   3.7039194e+03
   5.2200000e+02   3.9621601e+04   8.8046864e+03
   5.2300000e+02  -2.9967577e+03   1.1642594e+04
   5.2400000e+02  -2.8465995e+04   9.8445548e+03
   5.2500000e+02  -1.0285015e+04   1.6073340e+04
   5.2600000e+02   1.9732434e+04   1.5473233e+04
   5.2700000e+02   3.0524212e+04  -3.5156731e+02
   5.2800000e+02   1.7075127e+04  -4.5462182e+03
   5.2900000e+02  -2.3805503e+03   1.7904651e+03
   5.3000000e+02  -1.3596905e+04   7.1132720e+03
   5.3100000e+02  -1.8023173e+04   2.7576714e+04
   5.3200000e+02  -5.6909350e+03   3.5431957e+04
   5.3300000e+02   1.5005564e+04   4.1617396e+03
   5.3400000e+02  -7.1153311e+03  -1.6624777e+04
   5.3500000e+02  -4.5525719e+04  -7.3116942e+03
   5.3600000e+02  -1.7493958e+04   9.8322016e+03
   5.3700000e+02   3.3823269e+04   3.0208413e+04
   5.3800000e+02   3.3769024e+04   2.7418732e+04
   5.3900000e+02   5.8558499e+03   1.5929427e+03
   5.4000000e+02  -2.1001094e+04   4.2486715e+02
   5.4100000e+02  -2.2328289e+04   1.7714013e+04
   5.4200000e+02   1.4359378e+04   1.6067351e+04
   5.4300000e+02   3.8455503e+04  -1.6294688e+03
   5.4400000e+02   2.2949913e+04  -2.0593403e+04
   5.4500000e+02  -2.0474930e+03  -1.8956873e+04
   5.4600000e+02  -1.1144491e+04   1.6173164e+04
   5.4700000e+02  -2.9235950e+03   3.5964133e+04
   5.4800000e+02   1.8696675e+03   1.4134272e+04
   5.4900000e+02  -3.3548185e+03  -3.6124315e+03
   5.5000000e+02   2.3642820e+03  -1.3526717e+04
   5.5100000e+02   1.5094870e+04  -2.7732615e+04
   5.5200000e+02   4.8026590e+03  -1.7265734e+04
   5.5300000e+02  -2.0883900e+04   5.7647677e+03
   5.5400000e+02  -2.7244606e+04   1.3959238e+04
   5.5500000e+02  -1.5951338e+04   2.4253714e+03
   5.5600000e+02   4.3526039e+03  -3.2895273e+04
   5.5700000e+02   2.8692616e+04  -4.3948020e+04
   5.5800000e+02   2.0796515e+04  -4.8366457e+03
   5.5900000e+02  -1.6065016e+04   5.3170074e+03
   5.6000000e+02  -3.1878593e+04  -3.4936303e+04
   5.6100000e+02  -1.2372059e+04  -4.5679831e+04
   5.6200000e+02   2.4329332e+04  -1.3830834e+04
   5.6300000e+02   3.2401197e+04   1.2376338e+04
   5.6400000e+02  -1.3984247e+04   1.0676846e+04
   5.6500000e+02  -4.6414869e+04  -2.3250912e+04
   5.6600000e+02  -1.1932864e+04  -4.8443833e+04
   5.6700000e+02   2.8125795e+04  -1.9180197e+04
   5.6800000e+02   1.4718912e+04   2.0460377e+04
   5.6900000e+02  -2.0266145e+04   2.0389287e+04
   5.7000000e+02  -2.7154032e+04   1.1678331e+02
   5.7100000e+02  -5.5487233e+03  -1.8473720e+04
   5.7200000e+02   1.0071889e+04  -2.0963196e+04
   5.7300000e+02   5.9677717e+02   4.4020021e+03
   5.7400000e+02  -9.1871112e+03   2.3056670e+04
   5.7500000e+02  -4.4053261e+03   3.3085495e+03
   5.7600000e+02  -2.7834985e+03  -2.6360107e+04
   5.7700000e+02   2.5696420e+02  -3.1813277e+04
   5.7800000e+02   4.7375671e+03  -5.8388144e+03
   5.7900000e+02  -1.2009107e+04   3.2093120e+04
   5.8000000e+02  -2.9105026e+04   2.8491253e+04
   5.8100000e+02  -1.5258606e+04  -2.6337007e+04
   5.8200000e+02   7.2403588e+03  -5.6329439e+04
   5.8300000e+02   8.0468049e+03  -1.3875261e+04
   5.8400000e+02  -1.3218348e+04   4.2412397e+04
   5.8500000e+02  -3.2353559e+04   3.7131984e+04
   5.8600000e+02  -1.0583466e+04  -6.2091261e+03
   5.8700000e+02   3.9098780e+04  -1.0416294e+04
   5.8800000e+02   4.3539167e+04   2.1567772e+04
   5.8900000e+02  -9.4314710e+02   2.7261135e+04
   5.9000000e+02  -2.0375476e+04   8.1966150e+03
   5.9100000e+02   3.9426414e+03   1.5360843e+03
   5.9200000e+02   3.0607495e+04  -1.6728105e+03
   5.9300000e+02   2.6547332e+04   2.1987736e+03
   5.9400000e+02  -5.7576183e+03   2.6876603e+04
   5.9500000e+02  -1.9860740e+04   2.9165080e+04
   5.9600000e+02   7.0410880e+03  -4.1182307e+03
   5.9700000e+02   2.9806466e+04  -2.5339768e+04
   5.9800000e+02   2.1875099e+04  -1.2601396e+04
   5.9900000e+02   2.6204883e+03   2.3803756e+04
   6.0000000e+02  -1.7897791e+04   4.3721425e+04
   6.0100000e+02  -1.6643459e+04   1.7770787e+04
   6.0200000e+02   1.6569635e+04  -5.4440429e+03
   6.0300000e+02   2.6649455e+04   8.4122241e+03
   6.0400000e+02   2.0316563e+03   1.5444369e+04
   6.0500000e+02  -4.3847326e+03   5.6079031e+03
   6.0600000e+02   8.3749612e+03   1.3235972e+04
   6.0700000e+02   1.9803434e+04   2.0460710e+04
   6.0800000e+02   2.2417996e+04   8.9295701e+03
   6.0900000e+02  -9.5560599e+02   4.5632545e+03
   6.1000000e+02  -1.9059725e+04   4.3895465e+03
   6.1100000e+02   7.4649752e+03   5.1125784e+02
   6.1200000e+02   3.1641964e+04   3.2650519e+03
   6.1300000e+02   7.7755330e+03  -2.4611696e+03
   6.1400000e+02  -2.1263398e+04  -8.8585922e+03
   6.1500000e+02  -8.9783827e+03   6.0755928e+03
   6.1600000e+02   1.8336408e+04   1.1962710e+04
   6.1700000e+02   1.1137735e+04  -5.6720967e+03
   6.1800000e+02  -2.1092389e+04  -1.3367019e+04
   6.1900000e+02  -1.7845152e+04  -8.2182123e+03
   6.2000000e+02   2.3101134e+04  -8.7283216e+03
   6.2100000e+02   2.8887541e+04  -5.0183853e+03
   6.2200000e+02  -1.2748161e+04   7.3786070e+03
   6.2300000e+02  -3.5458052e+04   8.1662822e+03
   6.2400000e+02  -1.4824234e+04  -9.1555712e+03
   6.2500000e+02   1.5251798e+04  -2.1935196e+04
   6.2600000e+02   1.4183488e+04  -1.2304577e+04
   6.2700000e+02  -2.4285811e+04   3.3892146e+02
   6.2800000e+02  -3.6333011e+04  -3.8449728e+03
   6.2900000e+02   9.4684794e+03  -1.1464299e+04
   6.3000000e+02   3.0799480e+04  -1.4748898e+04
   6.3100000e+02  -2.0556420e+03  -1.9579250e+04
   6.3200000e+02  -2.2242615e+04  -1.7213822e+04
   6.3300000e+02  -1.9728036e+04  -7.3084028e+03
   6.3400000e+02  -5.5405243e+03  -1.3775157e+04
   6.3500000e+02   1.7302114e+04  -2.5580926e+04
   6.3600000e+02   1.9735543e+02  -9.1041247e+03
   6.3700000e+02  -3.4783623e+04   3.0814296e+03
   6.3800000e+02  -1.3226127e+04  -1.5345985e+04
   6.3900000e+02   2.5721895e+04  -2.2569954e+04
   6.4000000e+02   9.0978603e+03  -5.1245725e+03
   6.4100000e+02  -4.3954403e+04   1.8614840e+04
   6.4200000e+02  -6.5508226e+04   2.2071640e+04
   6.4300000e+02  -2.0836590e+04  -8.7916303e+03
   6.4400000e+02   3.1803557e+04  -1.6272980e+04
   6.4500000e+02   1.0888096e+04   1.6746547e+04
   6.4600000e+02  -4.0350944e+04   2.2590850e+04
   6.4700000e+02  -2.9011823e+04   3.8117851e+03
   6.4800000e+02   1.0044026e+04   6.8074449e+03
   6.4900000e+02   1.5154086e+03   1.0926439e+04
   6.5000000e+02  -2.0510947e+04  -5.2647429e+03
   6.5100000e+02  -3.2735318e+03  -1.3797066e+04
   6.5200000e+02   2.5638186e+04  -7.3384004e+03
   6.5300000e+02   2.2166950e+04  -4.3344067e+03
   6.5400000e+02  -7.6941658e+03  -3.8814004e+03
   6.5500000e+02  -1.7962110e+04  -7.3276338e+03
   6.5600000e+02   9.7856901e+03  -9.2415401e+03
   6.5700000e+02   2.5348392e+04   1.2547708e+03
   6.5800000e+02   7.6291496e+02   1.3481069e+03
   6.5900000e+02  -1.1338566e+04  -6.7204446e+03
   6.6000000e+02   1.3760793e+04   6.2967870e+03
   6.6100000e+02   3.0576670e+04   2.0381829e+04
   6.6200000e+02   1.0278468e+04   2.0243268e+04
   6.6300000e+02  -2.0741083e+04   2.4793061e+04
   6.6400000e+02  -1.7112437e+04   2.2085041e+04
   6.6500000e+02   1.3318071e+04   2.9842260e+03
   6.6600000e+02   2.5693628e+04  -6.7623143e+03
   6.6700000e+02   2.4330732e+04  -1.8903985e+03
   6.6800000e+02   2.2688549e+04   1.1156136e+04
   6.6900000e+02   1.0732761e+04   2.5499946e+04
   6.7000000e+02   5.0874310e+03   1.6354175e+04
   6.7100000e+02   1.6443963e+04  -5.9996063e+03
   6.7200000e+02   2.0027978e+04  -1.5349466e+04
   6.7300000e+02   2.9485972e+03  -2.2328922e+04
   6.7400000e+02  -1.0528709e+04  -1.8884714e+04
   6.7500000e+02   3.0977153e+03   3.8330259e+03
   6.7600000e+02   2.3041659e+04   8.9547735e+03
   6.7700000e+02   1.7063063e+04  -8.2545423e+03
   6.7800000e+02  -7.9325140e+03  -1.1475806e+04
   6.7900000e+02  -1.7206474e+04  -2.9082857e+03
   6.8000000e+02  -2.5630359e+03   2.6852377e+03
   6.8100000e+02   8.5019199e+03   1.2760536e+04
   6.8200000e+02   1.4504435e+04   1.3333165e+04
   6.8300000e+02   1.7276301e+04   7.9171911e+02
   6.8400000e+02  -6.6691872e+03   2.9352882e+03
   6.8500000e+02  -2.7343021e+04   8.5479004e+03
   6.8600000e+02  -3.9083298e+03  -1.1522090e+03
   6.8700000e+02   3.4158896e+04  -7.4009367e+03
   6.8800000e+02   4.5749404e+04  -3.8609183e+03
   6.8900000e+02   1.0479901e+04  -4.9062140e+02
   6.9000000e+02  -4.2560884e+04  -2.1490459e+03
   6.9100000e+02  -3.6341713e+04  -9.3901297e+03
   6.9200000e+02   1.6326306e+04  -1.4891430e+04
   6.9300000e+02   2.7518866e+04  -8.1571401e+03
   6.9400000e+02   1.5393718e+03   3.8306933e+03
   6.9500000e+02  -8.1579702e+03   2.7068420e+03
   6.9600000e+02  -1.3357671e+04   3.9322171e+02
   6.9700000e+02  -2.9327676e+04   5.6541336e+03
   6.9800000e+02  -3.2980958e+04   5.6805864e+03
   6.9900000e+02  -2.3451309e+04   1.2085969e+04
   7.0000000e+02  -1.1664554e+04   1.2168225e+04
   7.0100000e+02   6.1683746e+03  -1.0207490e+04
   7.0200000e+02   1.1890799e+04  -1.3475672e+04
   7.0300000e+02  -3.4371500e+03   5.4727459e+03
   7.0400000e+02  -1.6324043e+04   1.3292351e+04
   7.0500000e+02  -2.5391025e+04   9.2671497e+03
   7.0600000e+02  -2.0224910e+04  -6.4321346e+03
   7.0700000e+02   1.3198199e+04  -1.4147160e+04
   7.0800000e+02   2.5724412e+04   6.9202626e+03
   7.0900000e+02   1.9872486e+03   2.3514846e+04
   7.1000000e+02  -1.4157213e+04   1.1205581e+04
   7.1100000e+02  -2.2530249e+04  -1.1952785e+04
   7.1200000e+02  -1.9375067e+04  -1.7721976e+04
   7.1300000e+02   1.0332955e+03   1.1192045e+04
   7.1400000e+02  -5.1667518e+03   3.7394757e+04
   7.1500000e+02  -2.4219867e+04   1.5293389e+04
   7.1600000e+02  -8.8527917e+03  -1.6573702e+04
   7.1700000e+02   6.3655011e+03  -1.5068663e+04
   7.1800000e+02  -3.6165119e+03  -9.0473920e+02
   7.1900000e+02  -9.4766738e+03   1.4458357e+04
   7.2000000e+02  -6.3613275e+03   2.2072311e+04
   7.2100000e+02   6.0426745e+03  -3.7172091e+03
   7.2200000e+02   2.4172838e+04  -3.4208352e+04
   7.2300000e+02   1.5753006e+04  -2.2797994e+04
   7.2400000e+02  -6.5830385e+03   4.4577999e+03
   7.2500000e+02  -3.1116500e+02   4.0136708e+03
   7.2600000e+02   1.6174196e+04  -1.1253577e+04
   7.2700000e+02   8.9971301e+03  -1.2712180e+04
   7.2800000e+02  -4.2520959e+03   2.1067973e+02
   7.2900000e+02   7.0562026e+03   5.1091508e+03
   7.3000000e+02   2.9954158e+04  -1.0545658e+04
   7.3100000e+02   2.2681117e+04  -1.7108352e+04
   7.3200000e+02  -7.2628923e+03  -3.7178958e+03
   7.3300000e+02  -8.6613593e+03  -6.6360051e+03
   7.3400000e+02   7.0229509e+03  -1.2828318e+04
   7.3500000e+02  -7.2466062e+03   8.1012454e+03
   7.3600000e+02  -1.8325300e+04   1.6492650e+04
   7.3700000e+02   1.3453703e+04  -7.3883207e+02
   7.3800000e+02   4.2713498e+04  -7.7368587e+03
   7.3900000e+02   3.3574217e+04  -1.5723437e+04
   7.4000000e+02  -5.9454840e+02  -1.8811456e+04
   7.4100000e+02  -3.6066648e+04   1.0602399e+04
   7.4200000e+02  -3.5733783e+04   1.2043183e+04
   7.4300000e+02  -4.8627978e+02  -3.4204257e+04
   7.4400000e+02   2.1139525e+04  -3.5756392e+04
   7.4500000e+02   1.5649147e+04   1.0350581e+04
   7.4600000e+02   2.0756868e+02   2.3830167e+04
   7.4700000e+02  -1.4453659e+04   1.3557450e+03
   7.4800000e+02  -1.0227528e+04  -1.7336044e+04
   7.4900000e+02   5.9189103e+03  -1.4146342e+04
   7.5000000e+02   2.3908479e+03   9.4097584e+03
   7.5100000e+02   2.4214523e+03   2.5171874e+04
   7.5200000e+02   2.6261817e+04   7.8750767e+03
   7.5300000e+02   2.2998161e+04  -2.3736155e+04
   7.5400000e+02  -3.9788910e+03  -3.3056113e+04
   7.5500000e+02  -2.7290338e+03  -9.8191964e+03
   7.5600000e+02   6.6845064e+03   1.5238600e+04
   7.5700000e+02  -6.6894370e+02   4.7817570e+03
   7.5800000e+02  -1.4475927e+04  -1.1055957e+04
   7.5900000e+02  -2.8229307e+04   8.7275131e+03
   7.6000000e+02  -1.8699376e+04   2.3933876e+04
   7.6100000e+02   1.0099796e+04   1.3816288e+04
   7.6200000e+02   1.0623192e+04   1.3099391e+04
   7.6300000e+02  -1.1217518e+04   1.4317707e+04
   7.6400000e+02  -9.8779598e+03   1.8194016e+03
   7.6500000e+02   2.6958540e+03   2.4116438e+03
   7.6600000e+02  -4.0600484e+03   2.1468286e+04
   7.6700000e+02  -1.4238880e+04   2.2155168e+04
   7.6800000e+02  -7.5389090e+03   2.5379208e+02
   7.6900000e+02   9.8724636e+03  -7.3002773e+03
   7.7000000e+02   1.2724933e+04   6.0998392e+03
   7.7100000e+02  -8.5893776e+03   1.6329097e+04
   7.7200000e+02  -2.1001312e+04   6.0056440e+03
   7.7300000e+02  -1.2199661e+04  -7.3343139e+03
   7.7400000e+02   3.6024516e+03   6.8538791e+03
   7.7500000e+02   2.4789219e+04   2.5012704e+04
   7.7600000e+02   1.8609072e+04   2.4202239e+04
   7.7700000e+02  -2.4790035e+04   1.8418982e+04
   7.7800000e+02  -3.0952204e+04  -8.7534285e+02
   7.7900000e+02   1.9151726e+04  -1.7482699e+04
   7.8000000e+02   4.2634620e+04   5.7750267e+03
   7.8100000e+02   2.0457038e+04   3.4881936e+04
   7.8200000e+02   8.2731360e+03   2.2971720e+04
   7.8300000e+02   5.8942609e+03  -5.8981110e+03
   7.8400000e+02  -3.7041011e+02  -9.8596377e+03
   7.8500000e+02   4.0846980e+03   6.9041532e+03
   7.8600000e+02   4.2438167e+03   1.1858995e+04
   7.8700000e+02  -2.5096216e+03  -5.3213298e+03
   7.8800000e+02  -7.7887835e+03  -1.3615043e+04
   7.8900000e+02  -2.1862862e+04   1.1653689e+03
   7.9000000e+02  -1.6131464e+04   4.9143761e+03
   7.9100000e+02   1.0880573e+04  -5.8730027e+03
   7.9200000e+02   2.1601813e+03  -8.7753293e+03
   7.9300000e+02  -2.2649081e+04  -1.4961485e+04
   7.9400000e+02  -4.1465734e+03  -2.1609898e+04
   7.9500000e+02   2.4223183e+04  -1.2463933e+04
   7.9600000e+02   1.4545489e+04   7.4871890e+02
   7.9700000e+02  -5.2485358e+02   6.2318746e+03
   7.9800000e+02   7.6302190e+03   6.4371895e+02
   7.9900000e+02   1.6784891e+04  -1.5787715e+04
   8.0000000e+02   1.2465170e+04  -2.4563658e+04
   8.0100000e+02  -5.2495375e+03  -1.2347744e+04
   8.0200000e+02  -2.2407548e+04  -3.2905535e+03
   8.0300000e+02  -1.4810024e+04  -1.0289334e+04
   8.0400000e+02   2.6512624e+03  -1.3572614e+04
   8.0500000e+02  -9.5290827e+02  -2.5526588e+04
   8.0600000e+02  -1.8360233e+04  -4.5226512e+04
   8.0700000e+02  -2.8647689e+04  -2.5631670e+04
   8.0800000e+02  -2.5966894e+04   1.5240132e+04
   8.0900000e+02  -1.1246686e+04   1.7245014e+04
   8.1000000e+02   4.9095678e+03  -1.5042382e+04
   8.1100000e+02   2.0948772e+03  -3.4858003e+04
   8.1200000e+02  -1.5458327e+04  -1.2198283e+04
   8.1300000e+02  -9.4707026e+03   2.5554049e+04
   8.1400000e+02   3.1339192e+04   2.1084263e+04
   8.1500000e+02   5.0764225e+04  -1.2695165e+04
   8.1600000e+02   1.0525197e+04  -1.9882550e+04
   8.1700000e+02  -2.6798754e+04  -6.7643868e+03
   8.1800000e+02  -7.1330235e+03   5.5381351e+02
   8.1900000e+02   2.2379337e+04   2.6533099e+03
   8.2000000e+02   1.6798738e+04  -7.2139018e+03
   8.2100000e+02  -1.4775001e+04  -1.2121668e+04
   8.2200000e+02  -4.3789083e+04   3.1549496e+03
   8.2300000e+02  -2.8372948e+04   3.1623505e+03
   8.2400000e+02   1.3672984e+04  -1.1025622e+04
   8.2500000e+02   4.5260765e+03  -4.5154158e+03
   8.2600000e+02  -4.1239579e+04   9.6888940e+03
   8.2700000e+02  -3.9004158e+04   1.6608083e+04
   8.2800000e+02   5.4047485e+03   1.4604541e+04
   8.2900000e+02   2.9893799e+04  -7.5394802e+03
   8.3000000e+02   1.6885844e+04  -1.0964571e+04
   8.3100000e+02  -1.4663377e+04   3.2723776e+04
   8.3200000e+02  -2.2054435e+04   4.6922086e+04
   8.3300000e+02   1.5534573e+04   8.6522719e+03
   8.3400000e+02   4.6753031e+04  -2.6272406e+03
   8.3500000e+02   3.1556378e+04   1.1066009e+04
   8.3600000e+02   1.4008363e+03   1.1754493e+04
   8.3700000e+02  -1.2800281e+04   1.6389704e+04
   8.3800000e+02  -1.0484457e+04   1.5655889e+04
   8.3900000e+02   4.2064908e+03   1.1690272e+02
   8.4000000e+02   1.9483659e+04  -5.4403604e+03
   8.4100000e+02   2.4617570e+04   4.6401990e+03
   8.4200000e+02   1.4185600e+04   1.9021763e+04
   8.4300000e+02  -8.2191229e+03   2.2452242e+04
   8.4400000e+02  -1.0383086e+04   9.4336838e+03
   8.4500000e+02   1.5118892e+04   2.5062776e+03
   8.4600000e+02   2.4006904e+04   1.1172859e+04
   8.4700000e+02   7.6541956e+03   1.2432111e+04
   8.4800000e+02  -3.8075041e+03   9.8147500e+03
   8.4900000e+02  -1.7759385e+03   1.5776431e+04
   8.5000000e+02   1.6307909e+04   3.8002287e+03
   8.5100000e+02   3.3260737e+04  -1.0078963e+04
   8.5200000e+02   1.1910762e+04   9.8428559e+03
   8.5300000e+02  -2.1868992e+04   1.9015708e+04
   8.5400000e+02  -1.0404155e+04  -6.0842294e+03
   8.5500000e+02   2.3753276e+04  -2.3328032e+04
   8.5600000e+02   2.3532113e+04  -2.0560988e+04
   8.5700000e+02  -5.2179946e+03  -4.9744288e+03
   8.5800000e+02  -2.1297591e+04   1.3472061e+04
   8.5900000e+02  -1.1192477e+04   4.2917370e+03
   8.6000000e+02   2.4901109e+03  -2.3475436e+04
   8.6100000e+02   1.6158526e+03  -2.0612548e+04
   8.6200000e+02  -1.5293425e+03   6.0332309e+03
   8.6300000e+02  -6.2975424e+02   1.3973420e+04
   8.6400000e+02  -4.1423471e+03   1.7398203e+03
   8.6500000e+02  -4.9214010e+01  -1.0086784e+04
   8.6600000e+02   1.6904800e+04  -1.3663384e+03
   8.6700000e+02   1.1819769e+04   1.3052760e+04
   8.6800000e+02  -1.9579157e+04  -2.3593138e+03
   8.6900000e+02  -2.4277647e+04  -1.9213023e+04
   8.7000000e+02   1.1355710e+03  -1.1035961e+04
   8.7100000e+02   6.2118486e+03  -5.3035267e+03
   8.7200000e+02  -1.7419306e+04  -4.5851980e+03
   8.7300000e+02  -4.1237307e+04  -6.5509943e+03
   8.7400000e+02  -3.5169702e+04  -2.0849320e+04
   8.7500000e+02  -3.4316099e+03  -2.6403851e+04
   8.7600000e+02   7.0105366e+03  -1.5536177e+04
   8.7700000e+02  -1.0051999e+04  -1.3590232e+04
   8.7800000e+02  -2.0637971e+04  -1.6751506e+04
   8.7900000e+02  -1.7413476e+04  -6.5097166e+03
   8.8000000e+02  -2.1605131e+03  -2.2250856e+03
   8.8100000e+02   1.6821127e+04  -1.2258704e+04
   8.8200000e+02   1.3322738e+04  -1.6538994e+04
   8.8300000e+02  -1.0010775e+04  -1.1880586e+04
   8.8400000e+02  -2.0235927e+04   4.8584776e+03
   8.8500000e+02  -1.0554128e+04   2.1322142e+04
   8.8600000e+02   4.5882654e+03   6.1362442e+03
   8.8700000e+02   1.0356595e+04  -1.7350511e+04
   8.8800000e+02  -8.9655169e+03  -4.6253638e+03
   8.8900000e+02  -2.6642367e+04   2.3308388e+04
   8.9000000e+02  -9.9598330e+03   2.3278406e+04
   8.9100000e+02   1.0242055e+04   4.6462405e+03
   8.9200000e+02   8.0424574e+03  -7.8485162e+03
   8.9300000e+02  -7.2276254e+03  -1.4135332e+04
   8.9400000e+02  -1.7871535e+04  -1.0596292e+04
   8.9500000e+02   1.1570978e+03  -1.0493812e+03
   8.9600000e+02   2.3412008e+04   6.9311976e+03
   8.9700000e+02   6.0966486e+03   1.5233889e+04
   8.9800000e+02  -1.3603753e+04   4.1097937e+03
   8.9900000e+02  -2.9600564e+03  -1.6721824e+04
   9.0000000e+02   1.2009724e+03  -6.5311501e+03
   9.0100000e+02  -5.7631387e+03   9.3783878e+03
   9.0200000e+02   7.0014319e+03   3.9259834e+03
   9.0300000e+02   1.7963451e+04   1.5900016e+04
   9.0400000e+02   1.1363465e+04   3.9617299e+04
   9.0500000e+02   1.4288866e+04   2.4595813e+04
   9.0600000e+02   1.7017604e+04  -8.3482007e+03
   9.0700000e+02   6.9159520e+03  -1.1497382e+04
   9.0800000e+02   6.9451997e+03   9.1521351e+03
   9.0900000e+02   1.5849779e+04   2.2293857e+04
   9.1000000e+02   2.0840291e+04   7.0024160e+03
   9.1100000e+02   1.6108357e+04  -1.0550975e+04
   9.1200000e+02  -5.1316647e+03   1.2617049e+03
   9.1300000e+02  -1.0909207e+04   8.4176768e+03
   9.1400000e+02   2.3031636e+04  -3.0570543e+03
   9.1500000e+02   4.3406229e+04  -2.9251323e+03
   9.1600000e+02   1.8051836e+04  -1.5739921e+03
   9.1700000e+02  -1.0430462e+04  -8.4176320e+03
   9.1800000e+02  -1.8364313e+04  -4.1820151e+03
   9.1900000e+02  -3.9274538e+03   4.8918860e+03
   9.2000000e+02   2.0166642e+04   3.7058573e+03
   9.2100000e+02   1.3801699e+04  -2.7360414e+03
   9.2200000e+02  -2.7386795e+03  -5.1883196e+03
   9.2300000e+02   4.9220924e+03   3.2753836e+03
   9.2400000e+02   5.9466650e+03   1.0110110e+04
   9.2500000e+02  -8.2050174e+02  -8.4609800e+03
   9.2600000e+02   4.8904558e+01  -2.2183487e+04
   9.2700000e+02  -1.0383534e+04   3.6823023e+03
   9.2800000e+02  -1.8942568e+04   2.3162376e+04
   9.2900000e+02  -5.9199899e+03   9.2613973e+03
   9.3000000e+02   7.3066359e+03  -4.5538899e+03
   9.3100000e+02   1.0387834e+04  -1.0563807e+04
   9.3200000e+02   1.1912078e+04  -5.6239157e+03
   9.3300000e+02  -3.1203662e+03   1.0889966e+04
   9.3400000e+02  -3.1638846e+04   5.3177434e+03
   9.3500000e+02  -2.7804732e+04  -1.3612396e+04
   9.3600000e+02   7.0082675e+03  -7.8682719e+03
   9.3700000e+02   2.1118668e+04  -9.0134197e+02
   9.3800000e+02  -5.2237851e+03  -1.0717376e+04
   9.3900000e+02  -4.0828943e+04  -7.6511572e+03
   9.4000000e+02  -3.3316534e+04   9.7609842e+02
   9.4100000e+02   3.8073189e+03  -4.2357288e+03
   9.4200000e+02   7.3768490e+03  -6.4115150e+03
   9.4300000e+02  -1.0499333e+04   9.5059153e+02
   9.4400000e+02  -1.1600937e+04   1.4598399e+04
   9.4500000e+02  -7.4878785e+03   2.4681837e+04
   9.4600000e+02  -2.8208503e+03   1.5861200e+04
   9.4700000e+02   4.8064125e+03   5.7611880e+03
   9.4800000e+02   5.8845911e+03   3.8827515e+02
   9.4900000e+02   1.0369928e+04  -1.5259772e+04
   9.5000000e+02   1.7200160e+04  -1.3544794e+04
   9.5100000e+02  -2.4960877e+03   1.0283111e+04
   9.5200000e+02  -2.8772072e+04   1.0063950e+04
   9.5300000e+02  -1.5683603e+04   1.0948933e+03
   9.5400000e+02   1.0546411e+04   1.7025339e+04
   9.5500000e+02   1.1372953e+04   1.1829290e+04
   9.5600000e+02  -6.9439785e+03  -2.6815164e+04
   9.5700000e+02  -3.6993388e+04  -3.1436598e+04
   9.5800000e+02  -4.2017628e+04   7.8034922e+03
   9.5900000e+02   9.3742890e+02   3.6275883e+04
   9.6000000e+02   2.5433073e+04   2.7175108e+04
   9.6100000e+02   5.8256809e+03  -4.9000612e+03
   9.6200000e+02  -3.7561724e+03  -1.9639387e+04
   9.6300000e+02   6.1124400e+03  -3.4638767e+03
   9.6400000e+02   1.9168358e+04   2.9700760e+03
   9.6500000e+02   1.6689912e+04  -1.0832829e+04
   9.6600000e+02  -1.5451394e+04  -1.1319534e+04
   9.6700000e+02  -1.6376112e+04  -1.0094808e+02
   9.6800000e+02   3.2594264e+04   6.6073877e+03
   9.6900000e+02   4.4296217e+04   6.9948707e+03
   9.7000000e+02   8.4104526e+03  -7.4625457e+03
   9.7100000e+02  -1.6851760e+04  -1.8230652e+04
   9.7200000e+02  -1.8985029e+04  -5.5324885e+03
   9.7300000e+02   6.1131791e+03  -1.8447450e+03
   9.7400000e+02   3.1828599e+04  -1.3691846e+04
   9.7500000e+02   6.8108939e+03  -3.9244109e+03
   9.7600000e+02  -3.0648460e+04   1.3398006e+04
   9.7700000e+02  -1.4683321e+04   2.7295977e+03
   9.7800000e+02   1.7206710e+04  -1.8670750e+04
   9.7900000e+02   1.0794468e+04  -2.5511979e+04
   9.8000000e+02  -8.7558866e+03  -1.9108237e+04
   9.8100000e+02  -8.1698882e+03  -1.1530699e+04
   9.8200000e+02   8.4643667e+03  -1.5102172e+04
   9.8300000e+02   1.5062164e+04  -1.2536064e+04
   9.8400000e+02  -3.9413476e+03   6.2555738e+03
   9.8500000e+02  -1.0084397e+04   7.4669323e+03
   9.8600000e+02   1.1761615e+04  -9.0404443e+03
   9.8700000e+02   1.3688699e+04  -1.9381938e+04
   9.8800000e+02   1.9911479e+03  -2.5644293e+04
   9.8900000e+02   7.7939962e+03  -8.7143148e+03
   9.9000000e+02   1.9725791e+03   2.9728502e+04
   9.9100000e+02  -1.4749199e+04   3.2665554e+04
   9.9200000e+02  -8.7516954e+03  -3.9125110e+03
   9.9300000e+02   3.4428910e+03  -2.1656413e+04
   9.9400000e+02   6.1058533e+03  -4.8539133e+03
   9.9500000e+02   1.6014231e+03   1.4252331e+04
   9.9600000e+02  -1.9840274e+04   1.2063420e+04
   9.9700000e+02  -3.0417500e+04  -4.6247419e+03
   9.9800000e+02  -4.3867899e+03   1.7041573e+03
   9.9900000e+02   1.7002204e+04   2.8083771e+04
   1.0000000e+03   1.0245232e+04   1.5066044e+04
   1.0010000e+03   2.6265173e+03  -1.7010638e+04
   1.0020000e+03   3.8316149e+03  -5.4757350e+03
   1.0030000e+03   2.3342884e+03   1.6123941e+04
   1.0040000e+03   7.0229010e+02   1.8569789e+04
   1.0050000e+03   9.9076819e+03   2.7560680e+04
   1.0060000e+03   1.6937154e+04   2.2948755e+04
   1.0070000e+03  -6.4127460e+01  -8.0957598e+03
   1.0080000e+03  -2.5289436e+04  -1.7881143e+04
   1.0090000e+03  -2.1879001e+04   5.5055014e+03
   1.0100000e+03   8.9924123e+03   3.0050639e+04
   1.0110000e+03   2.0482572e+04   3.3769092e+04
   1.0120000e+03  -5.6641311e+03   1.5725583e+03
   1.0130000e+03  -3.0300618e+04  -2.3151893e+04
   1.0140000e+03  -2.4717107e+04   1.1022169e+04
   1.0150000e+03   3.7773353e+03   3.4648249e+04
   1.0160000e+03   2.1888514e+04   3.3614990e+03
   1.0170000e+03   2.6984822e+03  -6.8059208e+03
   1.0180000e+03  -1.6593671e+04   1.7574243e+04
   1.0190000e+03   7.0319426e+02   2.3141523e+04
   1.0200000e+03   2.3024244e+04   1.0531055e+04
   1.0210000e+03   2.5425897e+04  -2.3027825e+03
   1.0220000e+03   1.1571359e+04  -1.2052291e+04
   1.0230000e+03  -1.2332351e+04  -8.2337044e+03
   1.0240000e+03  -7.8546210e+03   5.0249825e+03
   1.0250000e+03   3.5777291e+04   1.0816928e+04
   1.0260000e+03   4.7404383e+04   8.5763125e+03
   1.0270000e+03   1.3774539e+03  -2.5618440e+03
   1.0280000e+03  -3.6908114e+04  -1.0110867e+04
   1.0290000e+03  -2.7788856e+04   3.6913793e+03
   1.0300000e+03   1.3001865e+04   7.6398386e+03
   1.0310000e+03   3.4405497e+04  -4.8333972e+03
   1.0320000e+03  -1.3644449e+03  -3.0559707e+03
   1.0330000e+03  -4.3245379e+04  -4.8287810e+03
   1.0340000e+03  -3.3925490e+04  -1.2825178e+04
   1.0350000e+03   7.0929808e+03  -1.0807473e+04
   1.0360000e+03   3.9559416e+04  -1.5978330e+04
   1.0370000e+03   3.1111637e+04  -2.0570401e+04
   1.0380000e+03  -1.2414171e+04  -1.4840793e+04
   1.0390000e+03  -3.4351437e+04  -1.0836308e+04
   1.0400000e+03  -1.1537514e+04  -5.2566822e+03
   1.0410000e+03   1.8096761e+04  -1.1795099e+04
   1.0420000e+03   2.1571187e+04  -3.5062222e+04
   1.0430000e+03   6.0173285e+02  -2.8727942e+04
   1.0440000e+03  -2.4546437e+04   1.0107737e+04
   1.0450000e+03  -2.5113884e+04   1.3262348e+04
   1.0460000e+03  -5.0154132e+03  -2.2270600e+04
   1.0470000e+03  -4.0303882e+03  -2.9699001e+04
   1.0480000e+03  -8.9285601e+03  -1.1286884e+04
   1.0490000e+03  -9.4157023e+02  -4.1213137e+03
   1.0500000e+03  -1.9620811e+04  -6.9920413e+02
   1.0510000e+03  -3.2850873e+04  -2.9029967e+03
   1.0520000e+03   6.8425549e+03  -9.2877596e+03
   1.0530000e+03   2.2979526e+04   1.9898078e+02
   1.0540000e+03  -1.1018559e+04   1.7041829e+03
   1.0550000e+03  -1.7824369e+04  -1.3640641e+04
   1.0560000e+03   3.1485250e+03  -6.8054711e+03
   1.0570000e+03   1.0788605e+04   5.8739207e+03
   1.0580000e+03   6.4985429e+03  -7.0200693e+03
   1.0590000e+03  -1.0831600e+04  -1.4037172e+04
   1.0600000e+03  -1.5729989e+04  -1.0033866e+02
   1.0610000e+03   1.5699032e+04   1.4251755e+04
   1.0620000e+03   2.2285456e+04   1.1605309e+04
   1.0630000e+03  -1.7551042e+04  -1.6034094e+04
   1.0640000e+03  -2.9997133e+04  -2.8754552e+04
   1.0650000e+03  -4.0605374e+03   8.4415267e+03
   1.0660000e+03   1.3848004e+04   4.2827741e+04
   1.0670000e+03   1.1269231e+04   2.4326902e+04
   1.0680000e+03  -1.1049854e+04  -9.6278812e+03
   1.0690000e+03  -2.5216522e+04  -8.6495464e+03
   1.0700000e+03   8.8262390e+01   2.1575674e+04
   1.0710000e+03   2.6400189e+04   3.8716407e+04
   1.0720000e+03   1.3509310e+04   1.1430267e+04
   1.0730000e+03  -5.4967049e+03  -2.9076933e+04
   1.0740000e+03   4.3184142e+02  -2.5457615e+04
   1.0750000e+03   5.8609431e+03   1.2067682e+04
   1.0760000e+03  -7.0491630e+03   4.0031667e+04
   1.0770000e+03  -1.2080478e+04   3.4806414e+04
   1.0780000e+03   6.7196156e+03  -5.1351479e+03
   1.0790000e+03   1.5866215e+04  -2.2728979e+04
   1.0800000e+03  -7.3989963e+03   1.3491475e+04
   1.0810000e+03  -1.4385817e+04   3.6167497e+04
   1.0820000e+03   1.9215014e+04   2.0325078e+04
   1.0830000e+03   3.9767580e+04   1.3187008e+04
   1.0840000e+03   3.7063149e+04   1.7726573e+04
   1.0850000e+03   2.7913828e+04   1.8866321e+04
   1.0860000e+03  -3.5046336e+03   2.0104803e+04
   1.0870000e+03  -1.2037127e+04   1.0142638e+04
   1.0880000e+03   3.2943414e+04  -1.1036834e+03
   1.0890000e+03   5.3354655e+04   5.0470334e+03
   1.0900000e+03   2.1104343e+04   3.8909540e+03
   1.0910000e+03  -1.3040093e+04  -8.0697044e+03
   1.0920000e+03  -2.5408945e+04  -5.4327202e+03
   1.0930000e+03  -4.6218477e+03   3.6542355e+03
   1.0940000e+03   2.5014326e+04   8.8144344e+03
   1.0950000e+03   1.1185750e+04   2.9408958e+03
   1.0960000e+03  -1.5181386e+04  -2.1256594e+04
   1.0970000e+03  -3.4646129e+03  -3.1122660e+04
   1.0980000e+03   6.9718266e+03  -1.2096681e+04
   1.0990000e+03  -9.6672440e+03  -3.2394068e+02
   1.1000000e+03  -1.3188739e+04   6.1860320e+02
   1.1010000e+03  -1.1688708e+03   9.1845653e+03
   1.1020000e+03  -2.7994390e+01   7.0269921e+03
   1.1030000e+03  -3.6755163e+03  -7.7523748e+03
   1.1040000e+03  -7.4954892e+03  -1.1472973e+04
   1.1050000e+03  -7.6966769e+03  -1.0309046e+04
   1.1060000e+03  -6.4509799e+02  -5.4465296e+03
   1.1070000e+03  -8.3910785e+03   6.4188020e+03
   1.1080000e+03  -1.6433328e+04  -1.1415582e+03
   1.1090000e+03   2.4881718e+03  -1.8042670e+04
   1.1100000e+03   8.3133613e+03  -1.3614682e+04
   1.1110000e+03  -1.2187493e+04  -1.4273980e+04
   1.1120000e+03  -2.0162424e+04  -2.9206194e+04
   1.1130000e+03  -1.4119956e+04  -1.4553118e+04
   1.1140000e+03   2.5159760e+03   1.6468709e+04
   1.1150000e+03   2.0330007e+04   1.1013309e+04
   1.1160000e+03  -3.1486978e+02  -1.4211497e+04
   1.1170000e+03  -3.9686391e+04  -1.9034984e+04
   1.1180000e+03  -4.1203289e+04  -1.5506895e+03
   1.1190000e+03  -1.6645931e+04   1.9042071e+04
   1.1200000e+03  -4.2322970e+03   9.1286974e+03
   1.1210000e+03  -1.0648390e+04  -2.1976156e+04
   1.1220000e+03  -2.6553352e+04  -2.4490080e+04
   1.1230000e+03  -2.6572662e+04  -4.8014996e+03
   1.1240000e+03  -5.0976570e+03   1.6638155e+03
   1.1250000e+03   3.4009789e+03  -9.3906992e+03
   1.1260000e+03   6.6621869e+02  -2.5204183e+04
   1.1270000e+03   1.1332653e+04  -2.0421802e+04
   1.1280000e+03   1.3110328e+04   8.0979326e+03
   1.1290000e+03  -1.9391250e+03   2.1972816e+04
   1.1300000e+03  -5.3428585e+03   1.1211244e+04
   1.1310000e+03   1.1342390e+03   5.4319125e+03
   1.1320000e+03   4.2706888e+03   4.6858070e+03
   1.1330000e+03   7.3965427e+03  -7.8339118e+02
   1.1340000e+03   4.8847063e+03   8.9167861e+02
   1.1350000e+03  -5.1443228e+03   3.9901215e+03
   1.1360000e+03  -9.4657068e+03   5.1870359e+03
   1.1370000e+03  -7.2643474e+03   9.0289260e+03
   1.1380000e+03  -3.7619638e+03   2.0172469e+03
   1.1390000e+03   2.6428543e+02  -6.6736550e+03
   1.1400000e+03   6.1254703e+02  -9.2405176e+03
   1.1410000e+03   8.5444121e+03  -1.9396156e+04
   1.1420000e+03   2.2248977e+04  -1.2514613e+04
   1.1430000e+03   1.1211110e+04   2.0594704e+04
   1.1440000e+03  -7.3011037e+03   2.9839837e+04
   1.1450000e+03   3.8643010e+03   1.0004229e+04
   1.1460000e+03   2.3800205e+04   5.5437917e+03
   1.1470000e+03   2.6212435e+04   1.1283941e+04
   1.1480000e+03   1.6442885e+04   7.3807747e+03
   1.1490000e+03   8.3623508e+03   7.0959045e+03
   1.1500000e+03   1.2488679e+04   6.0860009e+03
   1.1510000e+03   1.7298668e+04   5.5940168e+03
   1.1520000e+03   9.2493401e+03   1.8025992e+04
   1.1530000e+03   5.9150039e+03   1.2971598e+04
   1.1540000e+03   1.8118416e+04  -1.3827756e+04
   1.1550000e+03   2.1610272e+04  -1.9013006e+04
   1.1560000e+03   1.1665007e+04  -3.3909865e+03
   1.1570000e+03   6.7877430e+03   3.1871277e+03
   1.1580000e+03  -4.5766664e+03  -3.7730717e+03
   1.1590000e+03  -1.5222432e+04  -1.3015720e+04
   1.1600000e+03   3.6170799e+03  -5.0565308e+03
   1.1610000e+03   1.6405912e+04   2.4465188e+04
   1.1620000e+03  -8.5039350e+02   3.3418680e+04
   1.1630000e+03  -7.1585933e+03  -2.5880123e+02
   1.1640000e+03  -1.3162676e+03  -2.4660966e+04
   1.1650000e+03  -3.3551589e+03  -6.5713569e+03
   1.1660000e+03  -3.2636860e+03   2.4290242e+04
   1.1670000e+03  -3.6897490e+03   2.6412993e+04
   1.1680000e+03  -1.5836414e+03  -1.0406113e+04
   1.1690000e+03   3.1336346e+03  -3.0459604e+04
   1.1700000e+03  -7.8364663e+03  -7.1267420e+03
   1.1710000e+03  -5.1194625e+03   2.6743263e+03
   1.1720000e+03   2.1140790e+04  -2.3446220e+03
   1.1730000e+03   7.8968989e+03   5.0638543e+03
   1.1740000e+03  -3.1760136e+04  -4.8520604e+03
   1.1750000e+03  -2.5161103e+04  -9.6734932e+03
   1.1760000e+03   6.0843736e+03   1.7104349e+04
   1.1770000e+03   1.4318176e+04   1.1288948e+04
   1.1780000e+03   7.7476925e+03  -1.8302492e+04
   1.1790000e+03  -8.2542489e+03   3.7887874e+03
   1.1800000e+03  -2.1665629e+04   3.0753063e+04
   1.1810000e+03  -1.2722876e+04   3.9918819e+03
   1.1820000e+03  -1.1675220e+04  -2.3352343e+04
   1.1830000e+03  -2.7700133e+04  -1.8210420e+04
   1.1840000e+03  -1.6290712e+04  -3.4563449e+03
   1.1850000e+03   1.1326335e+04   1.7243662e+03
   1.1860000e+03   1.2913042e+04  -9.5869793e+03
   1.1870000e+03  -9.2390226e+03  -1.0478492e+04
   1.1880000e+03  -3.3722035e+04   6.1917887e+03
   1.1890000e+03  -2.6399005e+04   1.4355066e+03
   1.1900000e+03   1.0591067e+04  -7.1354303e+03
   1.1910000e+03   2.0210290e+04   1.3034591e+04
   1.1920000e+03  -1.2964334e+03   1.8176479e+04
   1.1930000e+03  -1.3234714e+04  -2.2401591e+03
   1.1940000e+03  -1.1672667e+04  -6.3087157e+02
   1.1950000e+03  -5.7843017e+02   1.9333034e+04
   1.1960000e+03   1.0152898e+04   2.8187579e+04
   1.1970000e+03  -4.0546558e+03   1.0388289e+04
   1.1980000e+03  -1.9749771e+04  -2.7661908e+04
   1.1990000e+03  -2.2714620e+03  -2.7279897e+04
   1.2000000e+03   1.7577830e+04   1.7992766e+04
   1.2010000e+03   1.3697049e+04   2.3114287e+04
   1.2020000e+03  -2.6151104e+03  -1.6681226e+04
   1.2030000e+03  -2.5485219e+04  -2.5839971e+04
   1.2040000e+03  -2.6702779e+04  -7.8815983e+03
   1.2050000e+03   4.4086213e+03  -5.8861972e+03
   1.2060000e+03   2.2291318e+04  -9.0603517e+03
   1.2070000e+03   1.3856207e+04  -7.5643495e+03
   1.2080000e+03   2.6662610e+03  -9.1403022e+03
   1.2090000e+03  -4.6910627e+03  -4.7030243e+03
   1.2100000e+03  -2.4949829e+03   4.8683730e+01
   1.2110000e+03   1.4569675e+04   1.4523954e+03
   1.2120000e+03   3.1536348e+04   8.9719427e+03
   1.2130000e+03   2.2650778e+04  -1.6369310e+03
   1.2140000e+03  -6.0544387e+03  -1.9875082e+04
   1.2150000e+03  -1.2441666e+04   2.1031492e+03
   1.2160000e+03   1.6415304e+04   2.2166755e+04
   1.2170000e+03   3.5478259e+04  -5.4958569e+03
   1.2180000e+03   8.4178078e+03  -2.7152245e+04
   1.2190000e+03  -1.8339822e+04  -1.4739091e+04
   1.2200000e+03   7.7659161e+02   3.4118481e+03
   1.2210000e+03   1.7257800e+04   1.0919279e+04
   1.2220000e+03   7.1425523e+03  -1.7389103e+02
   1.2230000e+03   4.4660382e+03  -1.2567347e+04
   1.2240000e+03  -1.0637275e+03  -1.0988569e+04
   1.2250000e+03  -1.2685033e+04  -1.4558198e+04
   1.2260000e+03  -3.9735846e+03  -1.3580992e+04
   1.2270000e+03   1.1728382e+04   9.2732172e+03
   1.2280000e+03   1.3536989e+04   1.9923538e+04
   1.2290000e+03   1.5520492e+03  -4.6904706e+03
   1.2300000e+03  -1.1860108e+04  -2.8525767e+04
   1.2310000e+03  -8.9773208e+03  -1.4199276e+04
   1.2320000e+03  -6.3159112e+03   1.5493351e+04
   1.2330000e+03  -1.8800762e+04   1.4783530e+04
   1.2340000e+03  -1.8252669e+04  -8.3653643e+03
   1.2350000e+03  -6.8001958e+03  -7.7679532e+03
   1.2360000e+03  -8.3701078e+03   1.4611915e+04
   1.2370000e+03  -1.9455104e+03   1.3341755e+04
   1.2380000e+03   1.4137049e+04   6.7752918e+02
   1.2390000e+03   8.4407535e+03   7.4394197e+03
   1.2400000e+03  -4.6898295e+03   3.6375288e+03
   1.2410000e+03  -3.1257481e+02  -7.1142226e+03
   1.2420000e+03   1.0562064e+04   7.0783219e+03
   1.2430000e+03   1.4922895e+04   2.0745297e+04
   1.2440000e+03   5.2230518e+03   2.2265059e+04
   1.2450000e+03  -7.9985308e+03   2.0388264e+04
   1.2460000e+03   1.1349161e+03   2.0352718e+03
   1.2470000e+03   1.1439450e+04  -1.1203835e+04
   1.2480000e+03  -1.0796289e+04   5.9189262e+03
   1.2490000e+03  -3.0599368e+04   2.3042731e+04
   1.2500000e+03  -1.5892421e+04   1.5922988e+04
   1.2510000e+03   2.6259997e+02  -3.5807441e+03
   1.2520000e+03   2.3935715e+02  -1.5780439e+04
   1.2530000e+03  -2.6327681e+03   3.7845175e+03
   1.2540000e+03  -1.1499028e+04   3.5821894e+04
   1.2550000e+03  -7.6029702e+03   2.0613676e+04
   1.2560000e+03   2.5826281e+04  -2.1737950e+04
   1.2570000e+03   3.4010278e+04  -1.7852227e+04
   1.2580000e+03  -4.9856181e+03   2.8350707e+04
   1.2590000e+03  -2.3759320e+04   5.6206745e+04
   1.2600000e+03   2.2558365e+02   3.2699857e+04
   1.2610000e+03   2.7402377e+04  -1.3611987e+04
   1.2620000e+03   3.2068754e+04  -2.5225597e+04
   1.2630000e+03   6.2593758e+03   3.1242817e+03
   1.2640000e+03  -1.9048234e+04   2.1005274e+04
   1.2650000e+03  -1.1198595e+04   6.4381111e+03
   1.2660000e+03  -3.5463938e+02  -1.6958880e+04
   1.2670000e+03  -2.9839194e+03  -3.0752567e+04
   1.2680000e+03   4.2649159e+03  -1.9655481e+04
   1.2690000e+03   7.5481807e+03   7.7760024e+03
   1.2700000e+03  -6.4629775e+03   5.2145204e+03
   1.2710000e+03  -1.1860016e+04  -1.5552667e+04
   1.2720000e+03  -5.6826305e+03  -1.3374323e+04
   1.2730000e+03   1.1549983e+03  -7.3895430e+03
   1.2740000e+03   1.1485641e+04  -2.1190439e+03
   1.2750000e+03   1.2991562e+04   1.1466767e+04
   1.2760000e+03   7.3283077e+03   6.2448581e+03
   1.2770000e+03   7.2665289e+03  -7.6389254e+03
   1.2780000e+03  -2.3100585e+03  -4.8287362e+03
   1.2790000e+03  -1.0676337e+04  -1.1352033e+04
   1.2800000e+03  -1.1687917e+03  -2.6978610e+04
   1.2810000e+03  -2.6965658e+03  -1.5589110e+04
   1.2820000e+03  -8.3602246e+03   2.6434995e+03
   1.2830000e+03   3.0897081e+03  -5.2094032e+03
   1.2840000e+03  -6.5134138e+03  -2.8243237e+04
   1.2850000e+03  -3.2929054e+04  -4.2776442e+04
   1.2860000e+03  -1.8481007e+04  -1.7788387e+04
   1.2870000e+03   1.7387827e+04   1.9651997e+04
   1.2880000e+03   1.5961028e+04  -7.7028600e+01
   1.2890000e+03  -9.7474177e+03  -3.8199612e+04
   1.2900000e+03  -1.1738601e+04  -2.4199693e+04
   1.2910000e+03   9.6966344e+03   1.3339773e+04
   1.2920000e+03   1.3334352e+04   3.0311788e+04
   1.2930000e+03  -5.6590723e+03   1.1784399e+04
   1.2940000e+03  -5.3930968e+03  -3.4826330e+04
   1.2950000e+03   1.3063739e+04  -5.1256797e+04
   1.2960000e+03   4.9499409e+03  -6.1196202e+03
   1.2970000e+03  -1.9313081e+04   3.5560146e+04
   1.2980000e+03  -1.7707605e+04   2.6623704e+04
   1.2990000e+03  -6.8815266e+03  -1.0498211e+03
   1.3000000e+03  -1.2919400e+04  -2.4049320e+04
   1.3010000e+03  -1.5753460e+04  -2.6109708e+04
   1.3020000e+03  -8.5864565e+03   2.4666955e+03
   1.3030000e+03  -3.9339129e+02   1.8392177e+04
   1.3040000e+03   9.8233726e+03   6.7458013e+03
   1.3050000e+03   7.9175559e+03   1.3266607e+03
   1.3060000e+03  -4.0956964e+03   2.7517094e+03
   1.3070000e+03  -1.1023237e+04   5.6443470e+03
   1.3080000e+03  -1.4437974e+04   1.7130138e+04
   1.3090000e+03   1.4009083e+03   1.6163818e+04
   1.3100000e+03   2.4704136e+04  -2.6788183e+03
   1.3110000e+03   1.2963529e+04  -4.3890344e+03
   1.3120000e+03  -9.1775250e+03   1.3713030e+04
   1.3130000e+03  -3.3967371e+03   2.5630614e+04
   1.3140000e+03   7.5232035e+03   2.4898276e+04
   1.3150000e+03   4.7005230e+03   9.0195008e+03
   1.3160000e+03   1.6938595e+03  -2.7799502e+03
   1.3170000e+03   6.0166178e+03   6.4668013e+03
   1.3180000e+03   1.5513946e+04   7.3703004e+03
   1.3190000e+03   2.1755004e+04   2.8742436e+03
   1.3200000e+03   7.3767733e+03   1.7193503e+04
   1.3210000e+03  -1.1001438e+04   2.2682531e+04
   1.3220000e+03  -3.4380612e+03   1.3238726e+04
   1.3230000e+03   7.2257164e+03   1.5094288e+04
   1.3240000e+03   7.1110685e+03   1.6589646e+04
   1.3250000e+03   1.1493912e+04   8.9592384e+03
   1.3260000e+03   1.0093045e+04   3.8561113e+03
   1.3270000e+03   6.5561284e+03  -1.6837283e+03
   1.3280000e+03   6.8559420e+03   9.1440336e+03
   1.3290000e+03  -5.2890055e+03   3.5087030e+04
   1.3300000e+03  -8.6750686e+03   1.8769709e+04
   1.3310000e+03   1.2573855e+04  -2.2617337e+04
   1.3320000e+03   1.8225611e+04  -2.0626247e+04
   1.3330000e+03  -3.9702980e+01  -1.4561017e+03
   1.3340000e+03   8.3539340e+01  -4.9985016e+02
   1.3350000e+03   1.4357150e+04  -1.6543400e+03
   1.3360000e+03   8.0294452e+03  -7.7356126e+03
   1.3370000e+03  -3.4771968e+03  -1.3401617e+04
   1.3380000e+03   1.0880949e+03  -2.7378562e+03
   1.3390000e+03   1.0560081e+04   6.2240697e+03
   1.3400000e+03   1.5406104e+04   2.5549100e+03
   1.3410000e+03   1.1238519e+04  -1.9157872e+03
   1.3420000e+03   5.9987812e+03  -9.6998125e+03
   1.3430000e+03   4.5098757e+03  -1.7202209e+04
   1.3440000e+03  -7.5768794e+03  -1.0639850e+04
   1.3450000e+03  -1.6949046e+04  -4.9811462e+03
   1.3460000e+03  -1.0272909e+04  -9.6918915e+03
   1.3470000e+03  -1.3120695e+04  -8.1128290e+03
   1.3480000e+03  -1.8679071e+04  -2.8992238e+03
   1.3490000e+03  -4.0907423e+03  -6.8492862e+03
   1.3500000e+03   5.7782348e+03  -1.6196932e+04
   1.3510000e+03   9.7794370e+02  -1.8277943e+04
   1.3520000e+03  -9.9701670e+03  -7.0299960e+03
   1.3530000e+03  -3.0343222e+04  -3.9670806e+02
   1.3540000e+03  -2.0796261e+04  -1.2903675e+04
   1.3550000e+03   1.8616816e+04  -1.5070015e+04
   1.3560000e+03   1.0609948e+04   9.1190611e+03
   1.3570000e+03  -2.5675059e+04   8.7903829e+03
   1.3580000e+03  -2.0864784e+04  -2.3789761e+04
   1.3590000e+03  -5.1702607e+03  -2.3267478e+04
   1.3600000e+03  -6.9205389e+03   4.2923589e+03
   1.3610000e+03  -6.6564366e+03   1.1901805e+04
   1.3620000e+03  -1.0177235e+04   5.6528046e+03
   1.3630000e+03  -1.7815676e+04  -5.3613709e+03
   1.3640000e+03  -1.4961390e+04  -8.4172280e+03
   1.3650000e+03  -7.3999092e+03   1.4633539e+03
   1.3660000e+03   2.5999277e+03  -1.5514023e+03
   1.3670000e+03   1.0672113e+04  -6.8512668e+03
   1.3680000e+03   1.0046367e+03  -1.8197329e+03
   1.3690000e+03  -9.5708234e+03  -8.6027648e+03
   1.3700000e+03  -7.4262557e+03  -1.1652142e+04
   1.3710000e+03  -1.1807884e+04   1.2049649e+03
   1.3720000e+03  -9.7382135e+03  -1.2251229e+03
   1.3730000e+03   5.2497521e+03  -7.9614567e+03
   1.3740000e+03   4.2322350e+01   6.5528617e+03
   1.3750000e+03  -9.6421330e+03   1.6881004e+04
   1.3760000e+03   5.3938387e+03   1.3980155e+04
   1.3770000e+03   1.6711466e+04   9.9186846e+03
   1.3780000e+03   4.1545391e+03  -6.2098604e+02
   1.3790000e+03  -1.3137268e+04  -5.0885302e+02
   1.3800000e+03  -1.3776601e+04   1.6934618e+04
   1.3810000e+03   7.8059700e+03   1.5042226e+04
   1.3820000e+03   3.2464567e+04  -7.0872092e+03
   1.3830000e+03   3.2937536e+04  -1.0515515e+04
   1.3840000e+03   1.1745673e+04   7.7289684e+03
   1.3850000e+03  -4.3245785e+03   2.3191399e+04
   1.3860000e+03  -3.6118949e+03   2.2582642e+04
   1.3870000e+03   1.1015595e+04   8.8563302e+02
   1.3880000e+03   2.6665866e+04  -1.7372487e+04
   1.3890000e+03   1.7768349e+04  -2.3741102e+03
   1.3900000e+03  -2.2034047e+03   1.7245522e+04
   1.3910000e+03   3.8236963e+03   1.5417418e+04
   1.3920000e+03   1.6167303e+04   4.5223861e+03
   1.3930000e+03   6.7150468e+03  -9.6605445e+03
   1.3940000e+03  -3.5778415e+03  -2.5326376e+03
   1.3950000e+03   1.9703180e+03   2.1446793e+04
   1.3960000e+03   1.0701933e+04   2.7021857e+03
   1.3970000e+03   3.3500021e+03  -3.2938914e+04
   1.3980000e+03  -1.2242469e+04  -1.4231223e+04
   1.3990000e+03  -3.6821348e+03   2.0048272e+04
   1.4000000e+03   1.4476546e+04   1.5627222e+04
   1.4010000e+03   2.7453920e+03  -8.3986350e+02
   1.4020000e+03  -1.2323779e+04  -1.0637459e+04
   1.4030000e+03   7.0016769e+03  -1.4529410e+04
   1.4040000e+03   2.8905844e+04   6.4780079e+02
   1.4050000e+03   1.8250523e+04   2.0937514e+04
   1.4060000e+03  -3.8729009e+03   2.6158022e+04
   1.4070000e+03  -8.6910663e+03   1.2882951e+04
   1.4080000e+03   7.6737188e+03  -1.7660599e+04
   1.4090000e+03   2.6736318e+04  -2.6609386e+04
   1.4100000e+03   1.2242352e+04   5.9480256e+03
   1.4110000e+03  -2.7540819e+04   2.0406274e+04
   1.4120000e+03  -3.3286261e+04  -1.0129294e+04
   1.4130000e+03  -6.3447230e+01  -3.0315925e+04
   1.4140000e+03   1.4967138e+04  -1.4295646e+04
   1.4150000e+03  -1.1539023e+04   6.9365131e+03
   1.4160000e+03  -3.7363105e+04   1.2663266e+04
   1.4170000e+03  -1.9246486e+04  -1.6783615e+03
   1.4180000e+03   9.6042949e+03  -2.1740921e+04
   1.4190000e+03   2.7186309e+03  -1.4533123e+04
   1.4200000e+03  -3.2381082e+03   1.2640441e+04
   1.4210000e+03   1.3876308e+04   2.7212116e+04
   1.4220000e+03   6.1301761e+03   1.8199865e+04
   1.4230000e+03  -1.8537781e+04  -9.8995677e+03
   1.4240000e+03  -1.7384725e+04  -2.0373391e+04
   1.4250000e+03  -1.2666389e+04   3.0117324e+03
   1.4260000e+03  -1.6103881e+04   1.0110437e+04
   1.4270000e+03  -7.1062897e+03  -4.9492400e+03
   1.4280000e+03   5.2635238e+02  -6.4388858e+02
   1.4290000e+03  -5.9607647e+03   2.4236530e+03
   1.4300000e+03  -2.0048082e+04  -1.0694787e+04
   1.4310000e+03  -2.9075478e+04  -1.1492838e+03
   1.4320000e+03  -1.1580205e+04   1.6423184e+04
   1.4330000e+03   1.4149587e+04   7.7409539e+03
   1.4340000e+03   1.1923058e+04   5.0108318e+02
   1.4350000e+03  -2.6787672e+02   3.7388297e+03
   1.4360000e+03   3.8843078e+03  -1.9629332e+03
   1.4370000e+03   1.0429814e+04  -4.5017903e+03
   1.4380000e+03   1.0451448e+04   1.0523894e+03
   1.4390000e+03   1.4724337e+04   3.4177360e+03
   1.4400000e+03   1.5714059e+04   3.9999309e+02
   1.4410000e+03  -2.0685152e+02  -7.3863098e+03
   1.4420000e+03  -1.9457090e+04  -3.5679066e+03
   1.4430000e+03  -1.7892244e+04   1.5200596e+04
   1.4440000e+03   6.4018089e+03   1.1425544e+04
   1.4450000e+03   2.0286282e+04  -1.4759770e+04
   1.4460000e+03   4.0289272e+03  -1.4436102e+04
   1.4470000e+03  -8.9121980e+03   1.0600076e+04
   1.4480000e+03  -1.2960593e+03   1.9025603e+04
   1.4490000e+03   4.3885179e+03   2.4196285e+03
   1.4500000e+03   5.5419714e+03  -1.5029106e+04
   1.4510000e+03   5.2199374e+03  -9.3592842e+03
   1.4520000e+03  -5.2208166e+03  -8.3376624e+02
   1.4530000e+03  -1.2853996e+04  -1.7990845e+04
   1.4540000e+03  -2.4017364e+03  -2.9537900e+04
   1.4550000e+03   1.1251150e+04  -1.0319886e+04
   1.4560000e+03   1.0608079e+04   7.5097630e+03
   1.4570000e+03  -1.6989631e+02  -9.2374697e+02
   1.4580000e+03  -5.3264224e+03  -1.7674581e+04
   1.4590000e+03   8.3562249e+03  -1.7636396e+04
   1.4600000e+03   2.2910603e+04  -4.4382927e+03
   1.4610000e+03   6.8623963e+03   5.3052686e+03
   1.4620000e+03  -1.3815549e+04   5.8736568e+03
   1.4630000e+03   1.3479411e+03  -9.6425745e+02
   1.4640000e+03   2.4425368e+04  -1.0689498e+04
   1.4650000e+03   2.0561374e+04  -1.2839964e+04
   1.4660000e+03  -2.5541842e+03   5.3252642e+03
   1.4670000e+03  -2.8719127e+04   1.9997573e+04
   1.4680000e+03  -3.1954050e+04  -2.6947250e+03
   1.4690000e+03  -9.6161722e+03  -2.2092848e+04
   1.4700000e+03   2.6649471e+03   3.2541500e+02
   1.4710000e+03   9.3676222e+03   1.3502971e+04
   1.4720000e+03   2.0548657e+04  -5.1430795e+03
   1.4730000e+03   9.1447751e+02  -6.8792345e+03
   1.4740000e+03  -2.8181733e+04   7.8077185e+03
   1.4750000e+03  -9.8285022e+03   4.9566082e+03
   1.4760000e+03   2.6571227e+04  -3.7339038e+03
   1.4770000e+03   2.6570211e+04  -7.1233575e+03
   1.4780000e+03   4.8509522e+02  -6.1511537e+03
   1.4790000e+03  -1.4657936e+04   4.7488348e+03
   1.4800000e+03  -3.7455118e+03   1.4462459e+04
   1.4810000e+03   9.5472563e+03   1.9021518e+04
   1.4820000e+03  -3.5109804e+03   1.2882261e+04
   1.4830000e+03  -1.7068939e+04  -9.5224979e+03
   1.4840000e+03  -9.9280906e+03  -7.9325237e+03
   1.4850000e+03  -1.4352787e+04   2.6130003e+04
   1.4860000e+03  -1.6452989e+04   3.6099897e+04
   1.4870000e+03   1.1803927e+04   9.7583764e+03
   1.4880000e+03   1.8439039e+04  -1.1268945e+04
   1.4890000e+03  -9.4960838e+03  -6.7895200e+03
   1.4900000e+03  -1.3764071e+04   9.2804375e+03
   1.4910000e+03   9.0606874e+03   1.0119136e+04
   1.4920000e+03   2.4321980e+04  -9.7482820e+03
   1.4930000e+03   2.1106012e+04  -8.8388116e+03
   1.4940000e+03   5.0815355e+02   2.2130921e+04
   1.4950000e+03  -1.6826711e+04   2.5078141e+04
   1.4960000e+03  -3.5298630e+03   2.7247925e+03
   1.4970000e+03   1.8807647e+04   4.5256266e+03
   1.4980000e+03   1.2650888e+04   1.5503193e+04
   1.4990000e+03  -9.7603624e+03   1.9852512e+04
   1.5000000e+03  -2.6654550e+04   2.6016206e+04
   1.5010000e+03  -2.3056448e+04   1.7630949e+04
   1.5020000e+03   6.2448137e+03  -6.2645538e+02
   1.5030000e+03   1.9231192e+04  -1.3469849e+03
   1.5040000e+03   8.0243444e+03   5.0086516e+03
   1.5050000e+03   1.2003738e+04  -1.1968886e+02
   1.5060000e+03   1.8011925e+04  -4.0273295e+03
   1.5070000e+03   1.0576188e+04  -2.6654783e+03
   1.5080000e+03   7.0473493e+03  -1.0044141e+03
   1.5090000e+03   6.0727568e+03   7.9986410e+02
   1.5100000e+03   8.9377793e+03  -1.0672495e+04
   1.5110000e+03   1.4533831e+04  -2.2360758e+04
   1.5120000e+03   1.8233829e+03  -1.2271131e+04
   1.5130000e+03  -1.7333007e+04  -1.0329837e+03
   1.5140000e+03  -1.0188385e+04   2.0909188e+03
   1.5150000e+03   3.4797696e+03   9.4764081e+02
   1.5160000e+03  -4.2491474e+03  -1.4901685e+04
   1.5170000e+03  -9.1898157e+03  -2.4491534e+04
   1.5180000e+03  -7.0419399e+03  -7.5517462e+03
   1.5190000e+03  -1.3519603e+04   1.1712479e+03
   1.5200000e+03  -7.8077174e+03  -1.1768899e+04
   1.5210000e+03   6.4180958e+03  -1.1199914e+04
   1.5220000e+03   5.3649368e+03  -6.7579682e+03
   1.5230000e+03  -3.5702314e+03  -1.8361919e+04
   1.5240000e+03  -1.8647011e+04  -1.7469502e+04
   1.5250000e+03  -2.2445317e+04  -6.9164594e+03
   1.5260000e+03   7.5797998e+03  -5.8330493e+03
   1.5270000e+03   2.2330225e+04  -5.7242137e+03
   1.5280000e+03  -7.2827774e+03  -1.4082671e+04
   1.5290000e+03  -2.6753804e+04  -2.6902748e+04
   1.5300000e+03  -1.1531740e+04  -2.1119400e+04
   1.5310000e+03   1.6544563e+04  -4.3616892e+03
   1.5320000e+03   2.8157066e+04   1.9391502e+03
   1.5330000e+03  -2.5606536e+03  -7.2898919e+03
   1.5340000e+03  -4.0322406e+04  -2.2181249e+04
   1.5350000e+03  -4.0203690e+04  -2.0291242e+04
   1.5360000e+03  -1.2235078e+04   1.4805221e+03
   1.5370000e+03   2.7018367e+04   6.1356850e+03
   1.5380000e+03   3.1681084e+04  -4.7132064e+03
   1.5390000e+03  -2.9435832e+04  -8.4071900e+00
   1.5400000e+03  -6.5098923e+04  -5.8534256e+03
   1.5410000e+03  -9.2150622e+03  -1.4517869e+04
   1.5420000e+03   4.6084673e+04   1.1849665e+04
   1.5430000e+03   2.5198018e+04   2.8355072e+04
   1.5440000e+03  -2.1376992e+04   1.0014437e+04
   1.5450000e+03  -3.7149377e+04  -4.5486574e+03
   1.5460000e+03  -1.4147075e+04  -2.2087011e+03
   1.5470000e+03   2.1468006e+04   6.9900713e+03
   1.5480000e+03   1.7274120e+04   1.0896999e+04
   1.5490000e+03  -1.1259833e+04   1.1944814e+04
   1.5500000e+03  -3.5649829e+03   2.2114783e+04
   1.5510000e+03   1.5661767e+04   2.7776371e+04
   1.5520000e+03   1.0814231e+04   1.2674183e+04
   1.5530000e+03   7.0231453e+03   1.4959094e+02
   1.5540000e+03   5.1010697e+03   1.0287728e+04
   1.5550000e+03  -3.9121404e+03   1.5431496e+04
   1.5560000e+03   4.1782089e+03   1.2334112e+04
   1.5570000e+03   2.2723156e+04   1.9279025e+04
   1.5580000e+03   2.2956861e+04   1.4577674e+04
   1.5590000e+03   1.4226019e+04   5.5534152e+03
   1.5600000e+03   4.3900316e+03   1.1586340e+04
   1.5610000e+03  -5.8343670e+03   8.4328754e+03
   1.5620000e+03   2.0285169e+03  -4.9753276e+02
   1.5630000e+03   1.6375550e+04  -1.0508985e+03
   1.5640000e+03   2.1910888e+04  -2.3128497e+03
   1.5650000e+03   2.3124740e+04   9.9297678e+03
   1.5660000e+03   8.6510510e+03   2.9083202e+04
   1.5670000e+03  -3.8723964e+03   1.5954786e+04
   1.5680000e+03   3.3726634e+03  -4.9639598e+03
   1.5690000e+03   5.9414069e+03   4.2163814e+03
   1.5700000e+03   8.5268271e+03   1.3054952e+04
   1.5710000e+03   1.3717013e+04   1.3317951e+04
   1.5720000e+03  -1.8661366e+03   1.0778317e+04
   1.5730000e+03  -1.2469871e+04  -1.4574221e+04
   1.5740000e+03   1.0359140e+04  -2.1222559e+04
   1.5750000e+03   2.9804626e+04   1.2918148e+04
   1.5760000e+03   1.1095105e+04   2.1977296e+04
   1.5770000e+03  -2.0538969e+04  -1.0224140e+04
   1.5780000e+03  -2.6728942e+04  -3.3421129e+04
   1.5790000e+03  -6.8259690e+02  -2.0254017e+04
   1.5800000e+03   3.0212189e+04   8.1386588e+03
   1.5810000e+03   2.2212248e+04   1.1138051e+04
   1.5820000e+03  -1.6859498e+04  -1.3201230e+04
   1.5830000e+03  -3.5973830e+04  -2.3761282e+04
   1.5840000e+03  -2.5147417e+04  -3.9984487e+03
   1.5850000e+03   2.9971537e+02   5.4748525e+03
   1.5860000e+03   1.8227652e+04  -1.3768377e+04
   1.5870000e+03   3.8956432e+03  -2.4901309e+04
   1.5880000e+03  -1.5760501e+04  -1.4592019e+04
   1.5890000e+03  -1.1734190e+04  -1.2451448e+03
   1.5900000e+03  -5.1469597e+03  -7.2015724e+02
   1.5910000e+03  -4.8372080e+01  -1.3007476e+04
   1.5920000e+03   3.9650529e+03  -1.5410819e+04
   1.5930000e+03  -1.6736229e+04  -2.5716706e+03
   1.5940000e+03  -3.2557091e+04   2.1788386e+02
   1.5950000e+03  -5.8703512e+03  -1.6459621e+04
   1.5960000e+03   1.4783214e+04  -2.4137152e+04
   1.5970000e+03  -3.4852038e+03  -9.9916091e+03
   1.5980000e+03  -2.2134771e+04  -1.6806596e+03
   1.5990000e+03  -2.1349805e+04  -5.5994264e+03
   1.6000000e+03  -5.7959956e+03  -1.0297106e+04
   1.6010000e+03   1.0772177e+04  -1.1066785e+04
   1.6020000e+03   1.5515770e+03  -3.1529058e+03
   1.6030000e+03  -2.2081418e+04  -2.4424981e+03
   1.6040000e+03  -2.7962586e+04  -4.0797034e+03
   1.6050000e+03  -1.6942396e+04   1.1632716e+04
   1.6060000e+03  -2.0457106e+03   1.5478048e+04
   1.6070000e+03   7.2887685e+02  -1.9344990e+03
   1.6080000e+03  -1.7775548e+04  -5.1969233e+03
   1.6090000e+03  -2.4723111e+04   3.8349777e+03
   1.6100000e+03   6.3061271e+02   6.1329053e+03
   1.6110000e+03   1.5637068e+04   8.6238911e+03
   1.6120000e+03   1.5238891e+03   8.0855786e+03
   1.6130000e+03  -5.5274423e+03  -2.3526490e+02
   1.6140000e+03   1.7709606e+03  -3.5359671e+03
   1.6150000e+03   1.0861875e+04  -6.0130328e+03
   1.6160000e+03   2.2173840e+04  -3.6807150e+03
   1.6170000e+03   2.3522167e+04   1.2203420e+04
   1.6180000e+03   1.4180651e+04   1.3749517e+04
   1.6190000e+03   7.2524891e+02   5.9689827e+03
   1.6200000e+03  -2.0115585e+04   1.4216124e+04
   1.6210000e+03  -1.7676151e+04   8.2710384e+03
   1.6220000e+03   1.5194863e+04  -1.7039960e+04
   1.6230000e+03   2.3191113e+04  -1.1942313e+04
   1.6240000e+03   3.5194988e+03   2.5538558e+04
   1.6250000e+03  -6.1975223e+03   3.9692320e+04
   1.6260000e+03  -8.8818065e+03   9.8890577e+03
   1.6270000e+03   6.0035419e+03  -2.2570584e+04
   1.6280000e+03   3.5932878e+04  -1.6738150e+04
   1.6290000e+03   2.6308625e+04   1.6316630e+04
   1.6300000e+03  -7.6787009e+03   2.8221983e+04
   1.6310000e+03  -5.3370576e+03   8.9393666e+03
   1.6320000e+03   1.3907991e+04  -7.1133329e+03
   1.6330000e+03   2.8641469e+04  -6.0785616e+03
   1.6340000e+03   4.1004338e+04   8.8230250e+03
   1.6350000e+03   1.5418064e+04   1.5824885e+04
   1.6360000e+03  -2.2511917e+04  -7.4057529e+03
   1.6370000e+03  -1.0179128e+04  -2.4689695e+04
   1.6380000e+03   1.5238975e+04  -6.3894280e+03
   1.6390000e+03   1.0637666e+04   1.8556324e+04
   1.6400000e+03  -3.6436085e+03   2.5401518e+04
   1.6410000e+03  -1.4475116e+04   6.0838694e+03
   1.6420000e+03  -8.4275003e+03  -2.9894380e+04
   1.6430000e+03   9.1670315e+03  -3.0189015e+04
   1.6440000e+03   1.4457586e+03   1.7310648e+04
   1.6450000e+03  -1.4921542e+04   3.2586314e+04
   1.6460000e+03  -1.0558155e+03  -3.3177751e+03
   1.6470000e+03   2.1855369e+04  -1.3549061e+04
   1.6480000e+03   2.6900279e+04   4.8694665e+03
   1.6490000e+03   1.3956434e+04   9.1402632e+02
   1.6500000e+03  -9.9585707e+03  -1.6831335e+04
   1.6510000e+03  -1.4096560e+04  -1.6577332e+04
   1.6520000e+03   6.1581509e+03   7.1329982e+03
   1.6530000e+03   1.0182500e+04   2.2907933e+04
   1.6540000e+03  -8.6089892e+02  -7.8549640e+02
   1.6550000e+03  -1.0500388e+04  -3.1392967e+04
   1.6560000e+03  -2.8162244e+04  -2.1797455e+04
   1.6570000e+03  -2.8164713e+04   5.4521855e+03
   1.6580000e+03  -1.4494617e+03   8.4816194e+03
   1.6590000e+03   5.4743652e+03  -8.6351451e+03
   1.6600000e+03  -7.4773669e+03  -2.2937568e+04
   1.6610000e+03  -8.9717441e+03  -1.1486525e+04
   1.6620000e+03  -9.3932404e+03   1.6307844e+04
   1.6630000e+03  -9.5798732e+03   1.3579920e+04
   1.6640000e+03   2.9772168e+03  -9.4506705e+03
   1.6650000e+03   6.0818327e+03  -7.5626041e+03
   1.6660000e+03  -8.1438271e+03   9.3363248e+03
   1.6670000e+03  -2.0371006e+04   1.9653007e+04
   1.6680000e+03  -2.5960309e+04   1.3884090e+04
   1.6690000e+03  -1.4313936e+04  -1.1744577e+04
   1.6700000e+03   9.6298619e+03  -1.8758309e+04
   1.6710000e+03   1.2000864e+04   1.0075402e+04
   1.6720000e+03  -1.9793052e+03   1.6832007e+04
   1.6730000e+03  -1.3762644e+04  -4.5272633e+03
   1.6740000e+03  -2.5158607e+04   6.1065665e+03
   1.6750000e+03  -1.2669026e+04   2.3631156e+04
   1.6760000e+03   2.3045435e+04   6.7636812e+03
   1.6770000e+03   2.9789054e+04  -5.3421451e+03
   1.6780000e+03   4.0334731e+03   2.8593341e+02
   1.6790000e+03  -1.3543621e+04   6.6247456e+03
   1.6800000e+03  -1.7325805e+04   9.5713428e+03
   1.6810000e+03  -7.5341426e+03   3.6401505e+03
   1.6820000e+03   1.2798486e+04   9.0266122e+03
   1.6830000e+03   1.2030947e+04   1.6222128e+04
   1.6840000e+03   1.6136460e+03  -1.7700528e+04
   1.6850000e+03   6.6335155e+03  -5.0673255e+04
   1.6860000e+03  -4.4119180e+03  -2.1203879e+04
   1.6870000e+03  -1.7412558e+04   2.2475706e+04
   1.6880000e+03   5.1431764e+03   1.8253615e+04
   1.6890000e+03   1.4443360e+04  -1.0035264e+04
   1.6900000e+03  -8.1090388e+03  -2.6361817e+04
   1.6910000e+03  -1.2664483e+04  -1.8938867e+04
   1.6920000e+03   4.8015383e+03   8.7480839e+03
   1.6930000e+03   2.5546045e+04   1.6597048e+04
   1.6940000e+03   2.9316528e+04  -2.1965723e+03
   1.6950000e+03  -5.4611246e+03  -5.6415246e+03
   1.6960000e+03  -2.8848166e+04   2.5041841e+03
   1.6970000e+03   3.8447545e+03   3.7201906e+03
   1.6980000e+03   3.4342821e+04   5.5795683e+03
   1.6990000e+03   2.0459321e+04  -2.7307646e+03
   1.7000000e+03  -5.5058901e+03  -1.6982413e+04
   1.7010000e+03  -1.7175194e+04  -1.4629334e+04
   1.7020000e+03  -4.5508112e+03  -1.8346275e+04
   1.7030000e+03   1.5413915e+04  -2.9987215e+04
   1.7040000e+03  -3.8711647e+02  -8.6566765e+03
   1.7050000e+03  -3.0969015e+04   1.4498149e+04
   1.7060000e+03  -1.7309580e+04   3.7984144e+02
   1.7070000e+03   2.2692539e+04  -1.1886264e+04
   1.7080000e+03   3.4205180e+04  -1.0454132e+04
   1.7090000e+03   8.8954850e+03  -1.0330338e+04
   1.7100000e+03  -2.1994110e+04  -1.3870674e+03
   1.7110000e+03  -1.9899094e+04   8.2410734e+03
   1.7120000e+03   9.9653997e+03   1.4779555e+04
   1.7130000e+03   2.3420537e+04   2.1810159e+04
   1.7140000e+03   1.0195051e+04   9.9208795e+03
   1.7150000e+03  -9.6981028e+03  -6.3080008e+03
   1.7160000e+03  -1.6588691e+04   3.4956934e+03
   1.7170000e+03   1.1682532e+03   8.5417363e+03
   1.7180000e+03   1.3859112e+04  -7.5016242e+03
   1.7190000e+03  -2.6585212e+03  -5.4924211e+03
   1.7200000e+03  -1.0014455e+04   3.7012461e+03
   1.7210000e+03   2.6134169e+03  -5.5086565e+03
   1.7220000e+03  -2.7821276e+03  -7.2330994e+03
   1.7230000e+03  -1.0514654e+04  -2.6025356e+03
   1.7240000e+03   4.2945498e+03   3.4236655e+03
   1.7250000e+03   6.7871554e+03   2.4804039e+04
   1.7260000e+03  -1.0463557e+04   2.7793725e+04
   1.7270000e+03  -1.5778053e+04   2.5503276e+03
   1.7280000e+03  -5.5331301e+03  -5.5122004e+03
   1.7290000e+03   7.6527264e+03   1.0437585e+04
   1.7300000e+03   2.7296803e+03   2.4569896e+04
   1.7310000e+03  -1.6670680e+04   2.0717203e+04
   1.7320000e+03   1.3649588e+03   3.9396699e+02
   1.7330000e+03   4.3501139e+04  -5.9859587e+03
   1.7340000e+03   2.9346746e+04   1.4042268e+04
   1.7350000e+03  -1.7328130e+04   2.0492187e+04
   1.7360000e+03  -1.5143362e+04  -6.9358786e+02
   1.7370000e+03   3.2630875e+03  -8.4455894e+03
   1.7380000e+03  -6.6925557e+03   3.9290141e+03
   1.7390000e+03   1.1706816e+03   7.2484393e+03
   1.7400000e+03   2.2952419e+04   4.5996299e+03
   1.7410000e+03   9.7961125e+03   8.2105703e+03
   1.7420000e+03  -1.4830576e+04   1.4137647e+04
   1.7430000e+03  -2.1211581e+04   1.7232110e+04
   1.7440000e+03  -1.1090064e+04   7.4352834e+03
   1.7450000e+03   1.3905060e+04  -7.6719505e+03
   1.7460000e+03   2.8693981e+04  -3.6934636e+03
   1.7470000e+03   1.9783732e+04   8.8609324e+03
   1.7480000e+03   9.3134192e+03   9.1655076e+03
   1.7490000e+03  -1.4390465e+02   4.0759701e+03
   1.7500000e+03  -1.4544118e+04  -2.9403927e+03
   1.7510000e+03  -1.4144966e+04  -8.1105498e+03
   1.7520000e+03  -1.1349737e+03  -5.0591413e+03
   1.7530000e+03  -4.8388379e+03  -3.7599796e+03
   1.7540000e+03  -1.7483488e+04  -5.1592823e+03
   1.7550000e+03  -1.3421205e+04  -9.5464551e+03
   1.7560000e+03   2.5623135e+03  -2.4337142e+04
   1.7570000e+03   1.1207739e+04  -2.5659657e+04
   1.7580000e+03   1.1314404e+02   1.1351086e+03
   1.7590000e+03  -1.3896593e+04   1.2274816e+04
   1.7600000e+03  -2.3262417e+03  -1.9617585e+04
   1.7610000e+03   2.0434464e+04  -5.1714071e+04
   1.7620000e+03   2.2390649e+04  -4.0590450e+04
   1.7630000e+03   5.8496779e+03   2.9490363e+03
   1.7640000e+03  -6.9444682e+03   2.9277586e+04
   1.7650000e+03  -6.5046068e+03   3.5005079e+03
   1.7660000e+03  -1.2049214e+03  -3.5673931e+04
   1.7670000e+03  -1.0500843e+03  -3.5819069e+04
   1.7680000e+03  -6.7883827e+03  -8.6328578e+03
   1.7690000e+03  -1.9772193e+04   1.9914965e+04
   1.7700000e+03  -3.5878107e+04   2.2952863e+04
   1.7710000e+03  -2.5542544e+04  -1.6267438e+04
   1.7720000e+03   8.4160733e+03  -3.8676047e+04
   1.7730000e+03   7.0768832e+03  -5.3994873e+03
   1.7740000e+03  -2.5391681e+04   1.7427699e+04
   1.7750000e+03  -3.0813993e+04  -2.8521373e+02
   1.7760000e+03  -1.3966230e+04  -1.4014355e+04
   1.7770000e+03   7.2938700e+02  -1.4183142e+04
   1.7780000e+03   1.0368444e+04  -6.6690632e+03
   1.7790000e+03   1.0828643e+04   1.5355200e+03
   1.7800000e+03   1.3465034e+04  -1.0368250e+04
   1.7810000e+03   1.5325271e+04  -1.2020190e+04
   1.7820000e+03  -3.0071006e+03   9.1643327e+03
   1.7830000e+03  -2.0022352e+04   6.5838578e+03
   1.7840000e+03  -5.4069978e+03  -5.4243198e+03
   1.7850000e+03   1.9670290e+04   4.8282488e+03
   1.7860000e+03   1.7029227e+04   1.5448631e+04
   1.7870000e+03  -6.0228463e+03   1.7041412e+04
   1.7880000e+03  -1.4167834e+04   1.2114282e+04
   1.7890000e+03  -3.7798839e+03   1.6620770e+03
   1.7900000e+03  -5.2350585e+02   7.3961749e+03
   1.7910000e+03  -6.7462181e+03   3.0587358e+04
   1.7920000e+03   3.8091168e+03   2.4601960e+04
   1.7930000e+03   2.5446355e+04  -1.1399269e+04
   1.7940000e+03   2.3020871e+04  -8.5456833e+03
   1.7950000e+03   4.9165246e+03   2.6587016e+04
   1.7960000e+03  -2.4147097e+03   3.0437809e+04
   1.7970000e+03  -5.5745588e+03   6.9719566e+03
   1.7980000e+03  -2.1322171e+03  -1.0265613e+04
   1.7990000e+03   1.0365036e+04   1.8793686e+03
   1.8000000e+03   8.3332024e+03   2.6277230e+04
   1.8010000e+03   1.8809848e+03   1.7751064e+04
   1.8020000e+03   9.6956031e+03   5.1238130e+03
   1.8030000e+03   5.5492991e+03   1.9623367e+04
   1.8040000e+03  -6.7855326e+03   1.4219083e+04
   1.8050000e+03   4.9057013e+03  -9.7761723e+03
   1.8060000e+03   2.3764092e+04  -2.9193476e+02
   1.8070000e+03   3.0880978e+04   1.8599074e+04
   1.8080000e+03   3.4914297e+04   7.0682591e+03
   1.8090000e+03   2.6858325e+04  -4.1540301e+03
   1.8100000e+03   4.3923836e+03   2.5505838e+03
   1.8110000e+03  -1.0851978e+04   6.8909476e+03
   1.8120000e+03  -9.1027239e+03   5.4360812e+03
   1.8130000e+03   8.3615100e+03  -5.4414091e+02
   1.8140000e+03   2.1443372e+04  -3.6430075e+03
   1.8150000e+03   5.0165457e+02  -1.6067313e+03
   1.8160000e+03  -2.5648716e+04  -1.0312941e+04
   1.8170000e+03  -1.6220889e+04  -1.0869307e+04
   1.8180000e+03   6.1818673e+02   1.0924751e+04
   1.8190000e+03  -8.7800914e+02   8.9746981e+03
   1.8200000e+03  -9.8366233e+03  -2.3715032e+04
   1.8210000e+03  -1.3161723e+04  -3.3845494e+04
   1.8220000e+03   4.6593981e+03  -1.6079087e+04
   1.8230000e+03   1.8940557e+04   5.9913588e+03
   1.8240000e+03  -1.2465499e+03   1.7888468e+04
   1.8250000e+03  -1.2637832e+04  -5.0744403e+03
   1.8260000e+03   7.8498143e+03  -2.7132486e+04
   1.8270000e+03   1.1932647e+04  -3.7486376e+03
   1.8280000e+03  -5.7769201e+03   1.2313840e+04
   1.8290000e+03  -9.4196322e+03  -3.0427799e+03
   1.8300000e+03  -6.9015377e+03  -1.0227310e+04
   1.8310000e+03  -1.2083304e+04  -9.5319634e+03
   1.8320000e+03  -1.4047444e+04  -9.0802610e+03
   1.8330000e+03  -1.6433329e+04  -7.7526787e+03
   1.8340000e+03  -1.6731879e+04  -1.6084898e+04
   1.8350000e+03  -8.0984296e+03  -1.8972882e+04
   1.8360000e+03  -1.3078122e+04   5.0300588e+02
   1.8370000e+03  -2.8341624e+04   5.9854433e+03
   1.8380000e+03  -2.3560366e+04  -2.2977282e+04
   1.8390000e+03  -8.3298661e+03  -3.3768003e+04
   1.8400000e+03  -5.8642952e+02  -5.0242058e+03
   1.8410000e+03   1.3530060e+03   2.4083953e+04
   1.8420000e+03  -6.4799047e+03   2.1885979e+04
   1.8430000e+03  -1.5395530e+04  -2.0549118e+04
   1.8440000e+03  -1.1008835e+04  -4.7994106e+04
   1.8450000e+03  -4.1608564e+03  -7.0402748e+03
   1.8460000e+03   8.5793955e+02   4.2943018e+04
   1.8470000e+03   7.6888514e+03   3.5952486e+04
   1.8480000e+03  -3.5658855e+02  -7.7476405e+03
   1.8490000e+03  -1.5268346e+04  -3.2154650e+04
   1.8500000e+03  -7.7579610e+03  -6.0899818e+03
   1.8510000e+03   7.2707361e+03   2.9595652e+04
   1.8520000e+03   6.4223263e+03   1.7827278e+04
   1.8530000e+03   1.6194400e+03  -1.2263851e+04
   1.8540000e+03   2.2105486e+03  -9.4655728e+03
   1.8550000e+03   6.4941132e+03   2.5927691e+03
   1.8560000e+03   1.2067789e+04   5.3394626e+03
   1.8570000e+03   6.9687671e+03   1.3958233e+04
   1.8580000e+03  -6.0022039e+03   7.3894143e+03
   1.8590000e+03  -6.7230395e+03  -8.4073327e+03
   1.8600000e+03   1.4797400e+02   8.3984259e+02
   1.8610000e+03   1.9140105e+03   1.2901997e+04
   1.8620000e+03   6.0872390e+03   1.2421413e+04
   1.8630000e+03   1.2724872e+04   1.2857851e+04
   1.8640000e+03   1.2909037e+04   3.3714999e+03
   1.8650000e+03   6.4727523e+03  -8.9202255e+03
   1.8660000e+03   4.6859527e+03   6.2054100e+03
   1.8670000e+03   1.6033090e+04   2.6616287e+04
   1.8680000e+03   1.8959467e+04   1.0413382e+04
   1.8690000e+03   8.1600673e+03  -1.5657802e+04
   1.8700000e+03   1.5243005e+04  -1.7964158e+04
   1.8710000e+03   2.3482513e+04  -6.2706730e+03
   1.8720000e+03   1.9914741e+03   1.1165136e+04
   1.8730000e+03  -1.0492253e+04   1.0557524e+04
   1.8740000e+03   5.6647173e+03  -4.6377052e+03
   1.8750000e+03   8.9941361e+03   4.1948434e+03
   1.8760000e+03  -1.4263442e+03   8.7128521e+03
   1.8770000e+03   3.1153215e+03  -8.9945033e+03
   1.8780000e+03   7.0995771e+03  -7.7159273e+03
   1.8790000e+03   3.5834367e+02   7.9728226e+03
   1.8800000e+03  -6.0860804e+02   1.7642055e+04
   1.8810000e+03   2.8059212e+02   1.5988521e+04
   1.8820000e+03   5.6624933e+03  -5.1239835e+03
   1.8830000e+03   2.1952139e+04  -1.6936492e+04
   1.8840000e+03   2.2868630e+04  -5.6264755e+03
   1.8850000e+03   3.6708751e+03  -5.0276144e+03
   1.8860000e+03  -4.7963509e+03  -1.4620909e+04
   1.8870000e+03   4.9785580e+03  -1.1830053e+04
   1.8880000e+03   1.1493641e+04  -6.4926708e+03
   1.8890000e+03  -4.0274453e+03  -7.6070727e+03
   1.8900000e+03  -2.3103232e+04  -5.9617966e+03
   1.8910000e+03  -7.2626838e+03   1.1869700e+03
   1.8920000e+03   1.9870065e+04   8.5849660e+03
   1.8930000e+03   2.5975504e+02   1.3197229e+04
   1.8940000e+03  -3.5434357e+04   1.0411649e+04
   1.8950000e+03  -2.1685689e+04   1.4168428e+03
   1.8960000e+03   7.2361240e+03  -8.0686101e+02
   1.8970000e+03   2.9732199e+03   5.2615250e+03
   1.8980000e+03  -8.6833675e+03   1.4963747e+04
   1.8990000e+03  -1.9363888e+04   1.7007569e+04
   1.9000000e+03  -2.8505826e+04  -7.5132959e+03
   1.9010000e+03  -7.5820333e+03  -2.3605596e+04
   1.9020000e+03   1.4421910e+04  -4.0677757e+03
   1.9030000e+03   1.5212514e+03   3.2880525e+03
   1.9040000e+03  -1.4444566e+04   1.1050115e+03
   1.9050000e+03  -1.3584749e+04   1.3776039e+04
   1.9060000e+03  -4.8424694e+03   4.9789255e+02
   1.9070000e+03   2.1675848e+03  -2.1978812e+04
   1.9080000e+03  -1.1949555e+03  -4.9183032e+03
   1.9090000e+03   2.1794574e+02   1.8364281e+04
   1.9100000e+03   6.9176941e+03   1.8457284e+04
   1.9110000e+03  -2.0185913e+03   9.7665263e+03
   1.9120000e+03  -9.6293729e+03  -2.5482015e+03
   1.9130000e+03  -1.4845825e+03  -2.7818161e+03
   1.9140000e+03   2.2932001e+03   1.4385610e+04
   1.9150000e+03  -1.2159647e+03   1.1213879e+04
   1.9160000e+03  -1.1129900e+04  -8.0274928e+03
   1.9170000e+03  -2.7232964e+04  -5.5204176e+03
   1.9180000e+03  -8.5505268e+03  -3.4427808e+03
   1.9190000e+03   3.7079323e+04  -1.3192003e+04
   1.9200000e+03   2.2760722e+04  -6.3244249e+03
   1.9210000e+03  -3.7886026e+04   1.1992455e+03
   1.9220000e+03  -4.7986402e+04  -3.9050482e+03
   1.9230000e+03  -9.0552696e+03   2.3768590e+03
   1.9240000e+03   2.4793284e+04   7.4777851e+03
   1.9250000e+03   2.8212066e+04  -1.1242702e+04
   1.9260000e+03  -5.8440562e+02  -2.0775141e+04
   1.9270000e+03  -1.9951526e+04   2.4425630e+02
   1.9280000e+03  -3.0443164e+03   1.5081395e+04
   1.9290000e+03   2.3352199e+04   3.0373238e+03
   1.9300000e+03   3.3569845e+04  -1.6188316e+04
   1.9310000e+03   1.1532366e+04  -1.5129535e+04
   1.9320000e+03  -2.3855586e+04   7.5227357e+03
   1.9330000e+03  -1.1720899e+04   1.2291925e+04
   1.9340000e+03   3.2602660e+04  -8.1444136e+03
   1.9350000e+03   2.6882201e+04  -2.0052537e+04
   1.9360000e+03  -1.1580551e+04  -1.4639114e+04
   1.9370000e+03  -1.6037611e+04   4.9258303e+03
   1.9380000e+03  -7.4944816e+03   1.6355126e+04
   1.9390000e+03  -5.3258175e+03  -8.0961355e+03
   1.9400000e+03   9.0706532e+03  -3.3360772e+04
   1.9410000e+03   1.1051035e+04  -2.1496896e+04
   1.9420000e+03  -5.7864349e+03  -2.9775818e+03
   1.9430000e+03  -5.7775930e+03  -2.0760328e+03
   1.9440000e+03   7.2380583e+03   8.2446110e+02
   1.9450000e+03   9.4909541e+03   2.9630290e+03
   1.9460000e+03   1.0616574e+03  -7.1081497e+03
   1.9470000e+03  -2.3755966e+03  -8.3816532e+03
   1.9480000e+03   1.0283359e+04   1.4407466e+03
   1.9490000e+03   1.5879304e+04   1.0432473e+04
   1.9500000e+03  -4.4116862e+03   1.6096178e+04
   1.9510000e+03  -1.2611069e+04   4.8325300e+01
   1.9520000e+03   6.5036880e+03  -2.1284677e+04
   1.9530000e+03   7.5571865e+03  -8.5433407e+03
   1.9540000e+03  -3.0831889e+03   1.1581880e+04
   1.9550000e+03   1.1411526e+04   3.2216223e+03
   1.9560000e+03   1.6129953e+04  -1.6909560e+04
   1.9570000e+03  -5.6331003e+03  -2.5497024e+04
   1.9580000e+03  -1.4271301e+04  -6.4663365e+03
   1.9590000e+03  -1.0546291e+04   2.8031696e+04
   1.9600000e+03  -4.0808342e+03   2.9467454e+04
   1.9610000e+03   1.0616149e+04   4.7498374e+03
   1.9620000e+03   1.3639051e+04   5.2917682e+03
   1.9630000e+03   6.5589327e+03   1.9793637e+04
   1.9640000e+03   1.4953628e+03   1.7600619e+04
   1.9650000e+03  -1.0882964e+04   1.0730747e+04
   1.9660000e+03  -8.8413939e+03   1.2042398e+04
   1.9670000e+03   1.1243616e+04   1.4787992e+04
   1.9680000e+03   4.6842290e+03   7.5430430e+03
   1.9690000e+03  -1.3595931e+04  -6.2056584e+02
   1.9700000e+03  -5.6183636e+03   6.0973913e+03
   1.9710000e+03  -5.4413935e+03   7.4582790e+03
   1.9720000e+03  -2.3827349e+04  -9.8671268e+03
   1.9730000e+03  -1.3643920e+04  -9.4731825e+03
   1.9740000e+03   1.3581951e+04   1.8405738e+04
   1.9750000e+03   1.2880269e+04   2.2450206e+04
   1.9760000e+03  -3.0827072e+03  -7.0558205e+02
   1.9770000e+03  -1.0450015e+04   8.4375062e+02
   1.9780000e+03  -2.4386769e+03   1.8350589e+04
   1.9790000e+03   2.0144365e+04   2.2267615e+04
   1.9800000e+03   2.3857068e+04   2.1157538e+04
   1.9810000e+03   1.6255120e+03   1.3527438e+04
   1.9820000e+03  -5.0875656e+03   5.6004136e+03
   1.9830000e+03   6.0362454e+03   5.2695098e+03
   1.9840000e+03   1.3356403e+04  -1.1715104e+03
   1.9850000e+03   1.0302694e+04   5.1588602e+02
   1.9860000e+03  -1.3628682e+04   1.5484991e+04
   1.9870000e+03  -3.2124434e+04   1.1379528e+04
   1.9880000e+03  -1.2049723e+04  -7.4874508e+03
   1.9890000e+03   1.2945147e+04  -1.8367595e+04
   1.9900000e+03   1.6628104e+04  -2.2614532e+04
   1.9910000e+03   7.7070833e+03  -9.6749854e+03
   1.9920000e+03  -1.7185642e+04   1.2558103e+04
   1.9930000e+03  -2.2490607e+04   5.9544704e+03
   1.9940000e+03   1.4848338e+04  -1.4899619e+04
   1.9950000e+03   2.7858204e+04  -2.1030180e+04
   1.9960000e+03  -6.2485879e+02  -2.7159623e+04
   1.9970000e+03  -1.0380374e+04  -2.0880447e+04
   1.9980000e+03  -2.1568051e+03   2.5260470e+03
   1.9990000e+03  -8.3834612e+03  -3.8412450e+03
   2.0000000e+03  -1.9559301e+04  -2.6961051e+04
