   1.0274000e+02   2.5123000e+01
   9.2621343e+01   2.9874603e+01
   0.0000000e+00  -3.3807229e+04  -3.3807229e+04
   1.0000000e+00   7.0247025e+03  -9.9055043e+03
   2.0000000e+00   4.6589842e+04   3.1960378e+04
   3.0000000e+00   1.7769754e+04   9.8076978e+03
   4.0000000e+00  -6.0544746e+04  -5.3650320e+04
   5.0000000e+00  -9.2883737e+04  -6.2064177e+04
   6.0000000e+00  -1.9541073e+04   1.2358258e+04
   7.0000000e+00   6.9997482e+04   7.1475133e+04
   8.0000000e+00   6.8629197e+04   3.3778191e+04
   9.0000000e+00   6.2931432e+03  -4.1768934e+04
   1.0000000e+01  -3.7854523e+04  -5.9842910e+04
   1.1000000e+01  -4.4611820e+04  -2.2800353e+04
   1.2000000e+01  -3.6349003e+04   9.4724146e+03
   1.3000000e+01  -1.8072983e+04   1.7080624e+04
   1.4000000e+01   2.6387390e+04   7.8204861e+03
   1.5000000e+01   7.4707657e+04  -1.5674546e+04
   1.6000000e+01   6.0990381e+04  -3.4594698e+04
   1.7000000e+01  -1.9279327e+04  -2.7393871e+04
   1.8000000e+01  -6.3640439e+04   6.9961892e+02
   1.9000000e+01  -1.5165856e+04   1.6366138e+04
   2.0000000e+01   4.4018535e+04  -5.9097610e+03
   2.1000000e+01   4.0556125e+04  -4.0127069e+04
   2.2000000e+01   4.7550908e+03  -3.9782942e+04
   2.3000000e+01  -1.7646739e+03   7.2665380e+03
   2.4000000e+01   3.2926226e+04   5.9544446e+04
   2.5000000e+01   4.3848945e+04   5.2061729e+04
   2.6000000e+01  -2.0418772e+04  -2.0953808e+04
   2.7000000e+01  -8.8995580e+04  -8.1427474e+04
   2.8000000e+01  -4.8150214e+04  -4.8253692e+04
   2.9000000e+01   7.6074284e+04   5.1315680e+04
   3.0000000e+01   1.2639810e+05   9.3624577e+04
   3.1000000e+01   4.2253025e+04   3.2066204e+04
   3.2000000e+01  -6.1010913e+04  -4.3481484e+04
   3.3000000e+01  -6.5343215e+04  -5.5806265e+04
   3.4000000e+01   1.3035295e+04  -3.4520694e+04
   3.5000000e+01   6.2232745e+04  -2.3962667e+04
   3.6000000e+01   3.8260390e+04   3.9481529e+03
   3.7000000e+01   1.3881077e+04   5.6607286e+04
   3.8000000e+01   2.2688867e+04   5.9583598e+04
   3.9000000e+01   1.0513526e+04  -1.3657562e+04
   4.0000000e+01  -3.8440534e+04  -8.1574280e+04
   4.1000000e+01  -5.6268794e+04  -7.3369647e+04
   4.2000000e+01  -1.0927011e+04  -3.8530574e+03
   4.3000000e+01   2.2319192e+04   7.1913276e+04
   4.4000000e+01  -1.4689589e+04   9.9304676e+04
   4.5000000e+01  -6.5041284e+04   5.4686618e+04
   4.6000000e+01  -3.1709991e+04  -2.6778504e+04
   4.7000000e+01   6.3723828e+04  -8.1801725e+04
   4.8000000e+01   7.6866435e+04  -5.1329949e+04
   4.9000000e+01  -5.8197870e+03   5.1579293e+04
   5.0000000e+01  -4.6812898e+04   1.0270610e+05
   5.1000000e+01  -1.2665690e+04   4.2019277e+04
   5.2000000e+01   3.6250615e+04  -3.4905658e+04
   5.3000000e+01   6.1476992e+04  -5.0775425e+04
   5.4000000e+01   3.9911531e+04  -2.0188963e+04
   5.5000000e+01  -1.5619070e+04   2.2374999e+04
   5.6000000e+01  -5.5681613e+04   4.5587466e+04
   5.7000000e+01  -4.4966377e+04   4.0209804e+04
   5.8000000e+01  -1.1314593e+04   2.4037465e+04
   5.9000000e+01  -6.0642333e+03   2.8165657e+03
   6.0000000e+01  -7.6567266e+03  -1.5745496e+04
   6.1000000e+01   2.7220853e+04  -6.9182419e+03
   6.2000000e+01   5.2889048e+04   2.1983732e+04
   6.3000000e+01   3.8456667e+02   3.8392579e+04
   6.4000000e+01  -7.1492806e+04   2.5961313e+04
   6.5000000e+01  -4.6661116e+04  -1.4745463e+04
   6.6000000e+01   4.5865582e+04  -5.0469688e+04
   6.7000000e+01   8.0945418e+04  -3.3649546e+04
   6.8000000e+01   1.3911807e+04   2.0439469e+04
   6.9000000e+01  -7.5738544e+04   3.6196493e+04
   7.0000000e+01  -7.4583591e+04  -3.5942896e+03
   7.1000000e+01   1.8835236e+02  -2.2559663e+04
   7.2000000e+01   2.9799271e+04   1.4142103e+04
   7.3000000e+01  -1.7493636e+04   4.5962025e+04
   7.4000000e+01  -7.0131283e+04   2.1688843e+04
   7.5000000e+01  -4.5071133e+04  -2.5769863e+04
   7.6000000e+01   5.1038133e+04  -2.1204929e+04
   7.7000000e+01   8.7651364e+04   2.7534746e+04
   7.8000000e+01  -2.3726188e+03   3.6388509e+04
   7.9000000e+01  -9.5813381e+04   1.1205834e+03
   8.0000000e+01  -6.5673523e+04  -1.6661875e+04
   8.1000000e+01   3.7089877e+04  -1.5329587e+04
   8.2000000e+01   6.7652260e+04  -2.3042626e+04
   8.3000000e+01  -1.2378978e+04  -2.3941407e+04
   8.4000000e+01  -8.2561806e+04  -7.2656955e+03
   8.5000000e+01  -4.6081566e+04  -7.6314950e+01
   8.6000000e+01   2.7862811e+04  -6.0741538e+03
   8.7000000e+01   2.6428631e+04  -1.6234199e+04
   8.8000000e+01  -4.2688533e+04  -3.4720792e+04
   8.9000000e+01  -7.0340813e+04  -3.1589684e+04
   9.0000000e+01  -2.6540583e+03   6.3867315e+03
   9.1000000e+01   7.2952463e+04   1.8490745e+04
   9.2000000e+01   6.4190293e+04  -2.0712085e+04
   9.3000000e+01   5.8116456e+03  -4.3592348e+04
   9.4000000e+01  -2.7710883e+04  -1.5283414e+04
   9.5000000e+01  -2.5683065e+04   6.0832310e+03
   9.6000000e+01  -1.5705312e+03  -1.1865178e+04
   9.7000000e+01   3.3658456e+04  -2.6784887e+04
   9.8000000e+01   3.7609174e+04  -1.5322517e+04
   9.9000000e+01   3.5268665e+03   1.0678023e+03
   1.0000000e+02  -3.1478366e+03   1.0832902e+04
   1.0100000e+02   2.2102069e+04   1.1110144e+04
   1.0200000e+02   1.2856291e+04  -6.9812504e+03
   1.0300000e+02  -2.5856240e+04  -2.5290321e+04
   1.0400000e+02  -2.6158204e+04  -2.1714094e+04
   1.0500000e+02   1.8937562e+04  -7.9377498e+03
   1.0600000e+02   4.4063706e+04   1.1147540e+04
   1.0700000e+02   1.6580291e+04   2.3468534e+04
   1.0800000e+02  -2.1532885e+04  -5.7638145e+02
   1.0900000e+02  -1.6874974e+04  -3.7218716e+04
   1.1000000e+02   3.0584298e+04  -4.2902410e+04
   1.1100000e+02   5.8988841e+04  -2.1682363e+04
   1.1200000e+02   2.8517416e+04   3.5077152e+03
   1.1300000e+02  -8.1812841e+03   1.5222812e+04
   1.1400000e+02   7.5945232e+03   8.5402921e+03
   1.1500000e+02   3.3440775e+04  -4.3422154e+03
   1.1600000e+02   4.5665352e+03  -9.3460290e+03
   1.1700000e+02  -2.9695288e+04  -2.5574555e+02
   1.1800000e+02   4.7658578e+03   2.1648856e+04
   1.1900000e+02   5.1724338e+04   4.3418462e+04
   1.2000000e+02   2.6351935e+04   4.5132474e+04
   1.2100000e+02  -3.2888335e+04   2.5323133e+04
   1.2200000e+02  -4.0930881e+04  -1.2112340e+03
   1.2300000e+02  -4.7796807e+02  -1.7311202e+04
   1.2400000e+02   2.4299833e+04  -6.4247153e+03
   1.2500000e+02   1.1535710e+04   1.2107715e+04
   1.2600000e+02  -3.7918116e+03   7.8486816e+03
   1.2700000e+02   5.1958708e+03   4.1474698e+03
   1.2800000e+02   1.6066216e+04   1.8167219e+04
   1.2900000e+02   2.8266951e+03   1.2603753e+04
   1.3000000e+02  -9.2014615e+03  -1.8170938e+04
   1.3100000e+02   4.2204018e+03  -2.4575404e+04
   1.3200000e+02   1.5527852e+04   1.4597562e+04
   1.3300000e+02   2.1070257e+03   6.8925921e+04
   1.3400000e+02  -1.0137669e+04   8.8534893e+04
   1.3500000e+02   4.7412205e+03   4.2486440e+04
   1.3600000e+02   2.1586124e+04  -2.6576311e+04
   1.3700000e+02  -1.8854522e+03  -3.8835717e+04
   1.3800000e+02  -5.2488040e+04   1.4306634e+04
   1.3900000e+02  -6.3469680e+04   5.9035126e+04
   1.4000000e+02  -1.2093028e+04   3.5936132e+04
   1.4100000e+02   3.4726787e+04  -1.2431654e+04
   1.4200000e+02   2.1635977e+04  -1.3865495e+04
   1.4300000e+02  -2.1726261e+04   7.7886685e+03
   1.4400000e+02  -4.0661118e+04  -1.3890557e+03
   1.4500000e+02  -2.1622973e+04  -3.1463110e+04
   1.4600000e+02   4.8881531e+03  -3.9105643e+04
   1.4700000e+02   2.6489032e+03   7.3865621e+03
   1.4800000e+02  -2.9437541e+04   6.6528252e+04
   1.4900000e+02  -4.8475894e+04   4.6371380e+04
   1.5000000e+02  -1.6642200e+04  -4.3312249e+04
   1.5100000e+02   2.5553982e+04  -8.3640591e+04
   1.5200000e+02   6.9045669e+03  -1.8023126e+04
   1.5300000e+02  -4.9231470e+04   6.9939769e+04
   1.5400000e+02  -5.9839543e+04   6.8640420e+04
   1.5500000e+02  -1.6677222e+04  -1.8213701e+04
   1.5600000e+02   2.0626098e+04  -8.6647501e+04
   1.5700000e+02   1.8406790e+04  -6.7394687e+04
   1.5800000e+02  -5.8835919e+03   3.7285174e+03
   1.5900000e+02  -8.0045037e+03   3.8736095e+04
   1.6000000e+02   2.6064383e+04   6.7545472e+03
   1.6100000e+02   4.8392937e+04  -3.0114571e+04
   1.6200000e+02   2.7385568e+04  -2.2962346e+04
   1.6300000e+02  -1.9537765e+03  -1.1684002e+04
   1.6400000e+02  -3.8291922e+03  -2.7061330e+04
   1.6500000e+02   8.3717314e+03  -2.4084553e+04
   1.6600000e+02   4.2375370e+03   1.6927901e+04
   1.6700000e+02  -1.4589227e+04   4.5598423e+04
   1.6800000e+02  -2.8443341e+04   2.5762701e+04
   1.6900000e+02  -3.4152341e+04  -2.4283549e+04
   1.7000000e+02  -3.3602911e+04  -5.6909699e+04
   1.7100000e+02  -2.5552899e+04  -4.3068943e+04
   1.7200000e+02  -1.0357837e+04  -3.1626093e+03
   1.7300000e+02   7.8734287e+03   2.6662637e+04
   1.7400000e+02   1.5508883e+04   2.4633267e+04
   1.7500000e+02   8.6606087e+03  -7.4738719e+03
   1.7600000e+02   9.0579292e+03  -4.2433764e+04
   1.7700000e+02   3.3060114e+04  -5.9193097e+04
   1.7800000e+02   5.8737266e+04  -4.0846884e+04
   1.7900000e+02   4.8401813e+04   2.1648990e+04
   1.8000000e+02   7.5536870e+03   6.5706999e+04
   1.8100000e+02  -6.7356559e+03   1.7355741e+04
   1.8200000e+02   3.1958177e+04  -5.8857059e+04
   1.8300000e+02   6.6700306e+04  -4.4269170e+04
   1.8400000e+02   3.5983874e+04   2.8657863e+04
   1.8500000e+02  -3.7526481e+04   4.6568632e+04
   1.8600000e+02  -6.8002045e+04   4.9984619e+03
   1.8700000e+02  -1.8127238e+04  -2.3863219e+04
   1.8800000e+02   3.0689356e+04  -1.3961155e+04
   1.8900000e+02   3.3875031e+03   3.7208866e+03
   1.9000000e+02  -5.1857966e+04   3.0541650e+01
   1.9100000e+02  -6.2793355e+04  -2.3731537e+04
   1.9200000e+02  -1.9767723e+04  -3.6887122e+04
   1.9300000e+02   3.6803127e+04  -7.1193188e+03
   1.9400000e+02   5.1916433e+04   2.5737836e+04
   1.9500000e+02   3.2380778e+04   8.0845757e+03
   1.9600000e+02   2.4805779e+04  -7.7805919e+03
   1.9700000e+02   2.1896251e+04   2.2909273e+04
   1.9800000e+02   6.8706308e+03   4.6074327e+04
   1.9900000e+02  -4.7342592e+03   2.5472739e+04
   2.0000000e+02  -1.4568790e+04  -5.8765498e+03
   2.0100000e+02  -6.6667916e+03  -2.9369281e+03
   2.0200000e+02   3.3846188e+04   2.3073487e+04
   2.0300000e+02   3.6719267e+04   1.7824298e+04
   2.0400000e+02  -1.5115731e+04  -8.5944232e+03
   2.0500000e+02  -2.9360363e+04   5.1538083e+02
   2.0600000e+02  -2.2729159e+03   2.7549126e+04
   2.0700000e+02   5.7555789e+02   1.4261437e+04
   2.0800000e+02  -1.2870421e+04  -2.1912195e+04
   2.0900000e+02  -5.4648168e+03  -2.3764721e+04
   2.1000000e+02   2.2863261e+04   1.0209997e+04
   2.1100000e+02   3.4768780e+04   3.9704989e+04
   2.1200000e+02   7.0045736e+03   3.0805019e+04
   2.1300000e+02  -2.9112716e+04  -3.8971804e+03
   2.1400000e+02  -3.8938740e+04  -1.3815869e+04
   2.1500000e+02  -2.9447126e+04   5.7803047e+03
   2.1600000e+02  -2.2876323e+04   2.3827652e+04
   2.1700000e+02  -1.3991343e+04   3.5412632e+04
   2.1800000e+02   1.1509189e+04   3.5500992e+04
   2.1900000e+02   3.7249561e+04   2.0640330e+04
   2.2000000e+02   3.4455551e+04   8.3729639e+03
   2.2100000e+02  -2.7487537e+03  -1.5158176e+02
   2.2200000e+02  -2.8552326e+04  -8.4631778e+03
   2.2300000e+02   9.6746540e+01  -6.7173000e+02
   2.2400000e+02   3.7094744e+04   1.3713149e+04
   2.2500000e+02   3.1209144e+04   1.0168372e+04
   2.2600000e+02   3.5735114e+03  -6.0253255e+03
   2.2700000e+02  -2.5296465e+04  -2.7037444e+04
   2.2800000e+02  -4.7698150e+04  -3.6430354e+04
   2.2900000e+02  -3.4351976e+04  -1.1138956e+04
   2.3000000e+02   1.4550252e+04   1.3654737e+04
   2.3100000e+02   3.7967070e+04   2.3653875e+03
   2.3200000e+02  -4.0641778e+03  -8.6658294e+03
   2.3300000e+02  -6.0770209e+04   3.6739277e+03
   2.3400000e+02  -5.9495014e+04   1.2325242e+04
   2.3500000e+02  -1.1489426e+04   4.7683981e+03
   2.3600000e+02   1.3990027e+04  -5.2571930e+03
   2.3700000e+02   5.4486836e+03  -2.6449653e+03
   2.3800000e+02   6.5607093e+03   7.5136839e+03
   2.3900000e+02   1.8184408e+04  -3.1125944e+03
   2.4000000e+02   6.8980030e+03  -3.0080066e+04
   2.4100000e+02  -3.1470561e+04  -3.4657866e+04
   2.4200000e+02  -5.9191557e+04  -1.8794347e+04
   2.4300000e+02  -3.3517428e+04  -1.5315543e+03
   2.4400000e+02   1.9580372e+04   1.1676287e+04
   2.4500000e+02   3.5503957e+04  -2.4770461e+03
   2.4600000e+02   1.5580170e+04  -3.0539126e+04
   2.4700000e+02  -2.5730535e+03  -2.4482580e+04
   2.4800000e+02  -1.1604083e+04   6.4849560e+03
   2.4900000e+02  -1.2636435e+04   2.8333078e+04
   2.5000000e+02  -2.9004345e+03   2.7378793e+04
   2.5100000e+02   1.4287260e+04  -2.4977932e+03
   2.5200000e+02   2.6162279e+04  -3.2573479e+04
   2.5300000e+02   1.4908073e+04  -2.6332041e+04
   2.5400000e+02  -1.1759326e+04  -5.1514174e+03
   2.5500000e+02  -2.7972741e+04  -6.8171585e+03
   2.5600000e+02  -2.9421860e+04  -1.5629583e+04
   2.5700000e+02  -2.0982584e+04  -4.7898509e+03
   2.5800000e+02  -3.8736006e+03  -1.4382059e+03
   2.5900000e+02   8.1599770e+03  -2.5489868e+04
   2.6000000e+02   1.7022263e+03  -2.9745752e+04
   2.6100000e+02  -9.4503677e+03   4.2787773e+03
   2.6200000e+02   3.8206871e+03   1.4315593e+04
   2.6300000e+02   3.8078451e+04  -1.8297806e+04
   2.6400000e+02   5.0142255e+04  -2.1972398e+04
   2.6500000e+02   1.6237215e+04   1.9491615e+04
   2.6600000e+02  -2.6360453e+04   1.6701262e+04
   2.6700000e+02  -1.9304435e+04  -4.3811810e+04
   2.6800000e+02   3.2111838e+04  -5.0402347e+04
   2.6900000e+02   5.4031410e+04   1.2605465e+04
   2.7000000e+02   7.6299792e+03   3.9091979e+04
   2.7100000e+02  -4.6174807e+04   4.9878832e+03
   2.7200000e+02  -3.1596192e+04  -3.0214830e+04
   2.7300000e+02   2.2491159e+04  -3.1406261e+04
   2.7400000e+02   4.0057404e+04   8.2548039e+02
   2.7500000e+02   1.7795426e+04   3.2548017e+04
   2.7600000e+02  -1.1691418e+04   3.3806509e+04
   2.7700000e+02  -2.2888794e+04   1.9333741e+04
   2.7800000e+02   1.1705860e+04   9.6794968e+03
   2.7900000e+02   6.6905596e+04   5.9923941e+03
   2.8000000e+02   7.2963240e+04   9.7657209e+03
   2.8100000e+02   1.3974752e+04   1.6044197e+04
   2.8200000e+02  -4.9857377e+04   1.4143124e+04
   2.8300000e+02  -5.1594283e+04   1.1517682e+04
   2.8400000e+02   8.2524844e+03   1.3585827e+04
   2.8500000e+02   6.1357670e+04   1.2793205e+04
   2.8600000e+02   5.2010088e+04   8.7496727e+03
   2.8700000e+02   7.9450330e+02  -6.2186772e+03
   2.8800000e+02  -2.8239884e+04  -2.7286258e+04
   2.8900000e+02  -1.6951360e+04  -1.5476584e+04
   2.9000000e+02  -2.8557381e+03   2.9865025e+04
   2.9100000e+02   3.3630534e+03   4.8013778e+04
   2.9200000e+02   1.7378328e+04   1.3914474e+04
   2.9300000e+02   1.8615175e+04  -1.9942702e+04
   2.9400000e+02   1.0823795e+03  -1.2627931e+04
   2.9500000e+02   6.4219372e+03   1.5250576e+04
   2.9600000e+02   3.1726583e+04   3.9918959e+04
   2.9700000e+02   2.3615574e+04   5.0682501e+04
   2.9800000e+02  -2.2557567e+04   2.9268952e+04
   2.9900000e+02  -5.1733480e+04  -1.1063060e+04
   3.0000000e+02  -3.6945519e+04  -1.6722389e+04
   3.0100000e+02  -1.1256472e+04   2.0723578e+04
   3.0200000e+02   4.9741529e+03   4.1850766e+04
   3.0300000e+02   1.6410196e+04   2.1789812e+04
   3.0400000e+02   7.5232824e+03  -9.1718380e+03
   3.0500000e+02  -1.5783369e+04  -2.8629943e+04
   3.0600000e+02  -1.9839910e+04  -2.0297654e+04
   3.0700000e+02  -7.5983717e+03   7.1258721e+03
   3.0800000e+02  -5.8277040e+03   8.6317740e+03
   3.0900000e+02  -2.3031028e+04  -1.8192754e+04
   3.1000000e+02  -3.9725531e+04  -2.2107064e+04
   3.1100000e+02  -2.5925942e+04   6.4115643e+03
   3.1200000e+02   9.1621472e+03   1.6886632e+04
   3.1300000e+02   2.1421874e+04  -4.1430679e+03
   3.1400000e+02  -5.5547634e+03  -1.8034399e+04
   3.1500000e+02  -4.5501116e+04  -1.4525327e+04
   3.1600000e+02  -6.3254367e+04  -6.5199723e+03
   3.1700000e+02  -4.7038553e+04   8.0024408e+03
   3.1800000e+02  -1.8620031e+04   2.4337987e+04
   3.1900000e+02  -2.7095432e+03   1.5048099e+04
   3.2000000e+02   8.3147759e+03  -2.9307237e+04
   3.2100000e+02   2.3408222e+04  -5.7189193e+04
   3.2200000e+02   1.7170290e+04  -2.4284563e+04
   3.2300000e+02  -1.5496519e+04   2.8760272e+04
   3.2400000e+02  -3.6086636e+04   3.6982410e+04
   3.2500000e+02  -3.0055221e+04  -8.4035293e+03
   3.2600000e+02  -1.3412589e+04  -5.9147845e+04
   3.2700000e+02   1.4552908e+03  -6.1972907e+04
   3.2800000e+02   6.4791474e+03  -2.2777873e+04
   3.2900000e+02   6.8982678e+03   1.3133639e+03
   3.3000000e+02   5.2850577e+03  -7.2367986e+03
   3.3100000e+02  -5.4801950e+03  -7.4753245e+03
   3.3200000e+02  -1.4883314e+04   6.3873778e+03
   3.3300000e+02  -1.7438241e+04  -1.9776011e+03
   3.3400000e+02  -2.1802860e+04  -3.0167225e+04
   3.3500000e+02  -2.0149290e+04  -4.0492018e+04
   3.3600000e+02   6.4956091e+02  -1.1789433e+04
   3.3700000e+02   3.6686056e+04   2.6865051e+04
   3.3800000e+02   6.0582429e+04   2.0596876e+04
   3.3900000e+02   4.7128068e+04  -1.8629568e+04
   3.4000000e+02   1.8358541e+04  -2.1293601e+04
   3.4100000e+02   1.1718619e+04   1.5573377e+04
   3.4200000e+02   2.0860895e+04   2.7356888e+04
   3.4300000e+02   2.3830673e+04  -1.0318473e+03
   3.4400000e+02   2.3099266e+04  -2.3334762e+04
   3.4500000e+02   2.4639506e+04  -8.7818971e+03
   3.4600000e+02   2.4211962e+04   2.6872280e+04
   3.4700000e+02   1.6724785e+04   3.6840761e+04
   3.4800000e+02   6.2817996e+03  -2.1626052e+03
   3.4900000e+02   1.2392815e+04  -5.0859179e+04
   3.5000000e+02   3.3226816e+04  -5.1774749e+04
   3.5100000e+02   2.7559443e+04  -1.3731111e+03
   3.5200000e+02  -1.8272748e+04   3.8618455e+04
   3.5300000e+02  -4.2988264e+04   2.4421639e+04
   3.5400000e+02   9.7277597e+03  -1.0840590e+04
   3.5500000e+02   7.2571860e+04  -1.7931619e+04
   3.5600000e+02   4.7221850e+04   7.6788095e+03
   3.5700000e+02  -1.1642297e+04   3.5492165e+04
   3.5800000e+02  -7.9310571e+03   3.4689431e+04
   3.5900000e+02   2.1808838e+04   9.6636941e+03
   3.6000000e+02   1.7882691e+04   9.5113224e+02
   3.6100000e+02   3.1813117e+03   1.9756164e+04
   3.6200000e+02  -3.0726317e+03   2.1070149e+04
   3.6300000e+02  -2.1203125e+04  -3.2350415e+03
   3.6400000e+02  -2.7410928e+04  -1.1116057e+04
   3.6500000e+02   2.2369370e+04  -2.8540274e+03
   3.6600000e+02   7.9879663e+04   3.2997643e+03
   3.6700000e+02   6.6990992e+04   1.5024205e+04
   3.6800000e+02   8.7555149e+03   2.4748107e+04
   3.6900000e+02  -2.5438847e+04   1.1643273e+04
   3.7000000e+02  -4.5990554e+04  -1.3874037e+04
   3.7100000e+02  -9.3165800e+04  -1.2510402e+04
   3.7200000e+02  -1.2362648e+05   2.0010457e+04
   3.7300000e+02  -8.1894120e+04   3.3506489e+04
   3.7400000e+02  -1.4651420e+04   6.9893618e+03
   3.7500000e+02   7.5058296e+03  -1.0361196e+04
   3.7600000e+02  -1.4771326e+04   1.1083110e+04
   3.7700000e+02  -4.9092412e+04   2.3006181e+04
   3.7800000e+02  -7.0913548e+04  -1.0494038e+03
   3.7900000e+02  -5.8047477e+04  -1.2710834e+04
   3.8000000e+02  -7.4286523e+03   8.5479619e+03
   3.8100000e+02   5.5306472e+04   2.4593070e+04
   3.8200000e+02   9.9583327e+04   1.4148404e+04
   3.8300000e+02   1.0011650e+05   3.0537739e+03
   3.8400000e+02   5.2185760e+04   1.7059191e+04
   3.8500000e+02  -4.7769570e+02   3.1251995e+04
   3.8600000e+02  -2.6153932e+03   1.1455896e+04
   3.8700000e+02   3.8795530e+04  -2.0691160e+04
   3.8800000e+02   5.8636453e+04  -1.8300717e+04
   3.8900000e+02   1.6061692e+04   1.0247912e+04
   3.9000000e+02  -4.8562118e+04   1.3119973e+04
   3.9100000e+02  -6.4098208e+04  -1.0118161e+04
   3.9200000e+02  -3.4934766e+04  -2.0260597e+04
   3.9300000e+02  -2.1770072e+04  -1.2286031e+04
   3.9400000e+02  -2.5395856e+04  -5.8162983e+03
   3.9500000e+02  -1.5339046e+04  -1.3306397e+04
   3.9600000e+02  -5.2852056e+03  -1.7941309e+04
   3.9700000e+02  -4.2958704e+03  -1.3023201e+03
   3.9800000e+02  -9.6657072e+03   7.2742259e+03
   3.9900000e+02  -2.9219460e+04  -1.1578099e+04
   4.0000000e+02  -4.2631591e+04  -2.6212950e+04
   4.0100000e+02  -3.4115427e+04  -1.9480801e+04
   4.0200000e+02  -3.0428456e+04  -7.4790372e+03
   4.0300000e+02  -4.5450885e+04  -5.2146684e+03
   4.0400000e+02  -5.7785385e+04  -2.1774552e+04
   4.0500000e+02  -4.1827878e+04  -4.3308905e+04
   4.0600000e+02   1.0772821e+03  -3.1399626e+04
   4.0700000e+02   2.9006713e+04   6.7068198e+03
   4.0800000e+02   2.0683288e+04   1.4257151e+04
   4.0900000e+02   1.7929300e+04  -1.5377242e+04
   4.1000000e+02   4.2948063e+04  -2.4861426e+04
   4.1100000e+02   6.3134148e+04   1.1062236e+04
   4.1200000e+02   6.0050615e+04   3.9061356e+04
   4.1300000e+02   4.2505213e+04   9.3781048e+03
   4.1400000e+02   2.4418155e+04  -3.4775491e+04
   4.1500000e+02   2.1448546e+04  -2.3467461e+04
   4.1600000e+02   3.2589281e+04   2.2076875e+04
   4.1700000e+02   3.7583064e+04   2.5242172e+04
   4.1800000e+02   2.6709874e+04  -2.1671976e+04
   4.1900000e+02   1.0477068e+04  -5.0883518e+04
   4.2000000e+02  -9.6699092e+03  -2.2122744e+04
   4.2100000e+02  -3.1300422e+04   2.7223912e+04
   4.2200000e+02  -2.8206804e+04   3.2826253e+04
   4.2300000e+02  -5.9531924e+03  -1.1923855e+04
   4.2400000e+02  -7.2047223e+03  -4.3438417e+04
   4.2500000e+02  -3.0062583e+04  -1.9030451e+04
   4.2600000e+02  -2.9391316e+04   2.1024778e+04
   4.2700000e+02   2.3208192e+03   2.5330358e+04
   4.2800000e+02   2.0149478e+04   1.0092729e+04
   4.2900000e+02   6.5651087e+03   3.9453650e+03
   4.3000000e+02  -2.5750965e+03   3.1794540e+03
   4.3100000e+02   1.2272692e+04   6.8130739e+03
   4.3200000e+02   3.3183412e+04   5.9496018e+03
   4.3300000e+02   4.3158123e+04  -4.5134536e+03
   4.3400000e+02   4.0626626e+04  -3.8128942e+03
   4.3500000e+02   2.4502085e+04   9.2235563e+03
   4.3600000e+02   8.9811960e+02   2.0177916e+04
   4.3700000e+02  -3.2898659e+03   1.7049269e+04
   4.3800000e+02   1.3307689e+04  -5.7212206e+03
   4.3900000e+02   1.2375429e+04  -1.7549564e+04
   4.4000000e+02  -1.9967337e+04   5.3298303e+02
   4.4100000e+02  -4.9811687e+04   1.8357984e+04
   4.4200000e+02  -3.8964351e+04   1.7488289e+04
   4.4300000e+02   4.2911107e+03   7.1375805e+03
   4.4400000e+02   3.3811907e+04  -3.3003068e+03
   4.4500000e+02   1.9875214e+04   1.5974280e+01
   4.4600000e+02  -1.8214885e+04   1.5304725e+04
   4.4700000e+02  -3.1185980e+04   1.3562305e+04
   4.4800000e+02  -1.2476992e+04  -8.1666862e+02
   4.4900000e+02   1.8355226e+03   5.8665136e+03
   4.5000000e+02   4.8748266e+03   2.4715246e+04
   4.5100000e+02   6.5805513e+03   2.2728925e+04
   4.5200000e+02   1.0681810e+04  -5.7274100e+03
   4.5300000e+02   1.9685372e+04  -2.1719387e+04
   4.5400000e+02   1.6619672e+04   7.7547379e+03
   4.5500000e+02  -2.1788873e+03   3.3211493e+04
   4.5600000e+02  -8.6304125e+03   1.1212842e+04
   4.5700000e+02  -2.5155654e+03  -1.2054569e+04
   4.5800000e+02  -7.6905254e+03  -4.4268029e+03
   4.5900000e+02  -1.4542973e+04   9.0257062e+03
   4.6000000e+02  -1.0855742e+04   1.0711416e+04
   4.6100000e+02  -1.3785140e+04   1.7291583e+03
   4.6200000e+02  -1.8137351e+04  -1.4188284e+04
   4.6300000e+02  -7.4475377e+03  -1.6788114e+04
   4.6400000e+02  -1.8793678e+03   1.0305252e+04
   4.6500000e+02  -1.1812175e+04   3.2604626e+04
   4.6600000e+02  -1.5771149e+04   1.5609244e+04
   4.6700000e+02  -1.1665492e+04  -1.7401117e+04
   4.6800000e+02  -1.5518060e+04  -3.0071940e+04
   4.6900000e+02  -2.2084934e+04  -1.1663756e+04
   4.7000000e+02  -1.2170687e+04   1.5115498e+04
   4.7100000e+02   1.5059564e+04   1.8878387e+04
   4.7200000e+02   3.0961710e+04   2.7790790e+03
   4.7300000e+02   1.0604787e+04  -1.4273534e+04
   4.7400000e+02  -1.8998928e+04  -1.8068712e+04
   4.7500000e+02  -1.8169217e+04  -2.6817453e+03
   4.7600000e+02  -3.4432238e+02   1.0761653e+04
   4.7700000e+02   4.5628389e+03   6.1810095e+03
   4.7800000e+02  -7.8360947e+03  -1.3096471e+03
   4.7900000e+02  -1.9860586e+04  -6.3048148e+03
   4.8000000e+02  -1.1398394e+04  -1.4242358e+04
   4.8100000e+02  -6.9485856e+03  -1.1701127e+04
   4.8200000e+02  -3.0768817e+04   2.0031033e+03
   4.8300000e+02  -3.6530387e+04   2.6219158e+03
   4.8400000e+02  -4.4502494e+02  -1.3036140e+04
   4.8500000e+02   2.9182830e+04  -2.1740923e+04
   4.8600000e+02   2.9929478e+04  -7.2798170e+03
   4.8700000e+02   1.2007666e+04   1.5171312e+04
   4.8800000e+02  -1.6750837e+04   9.8401716e+03
   4.8900000e+02  -2.6674331e+04  -1.9790684e+04
   4.9000000e+02  -8.2691932e+03  -2.6156810e+04
   4.9100000e+02   9.2002154e+03  -3.3922631e+03
   4.9200000e+02   1.9570622e+04   4.5833033e+03
   4.9300000e+02   2.9564878e+04  -6.2180862e+03
   4.9400000e+02   2.9650686e+04  -6.5936435e+03
   4.9500000e+02   1.4880394e+04  -4.4279073e+03
   4.9600000e+02  -6.5363835e+03  -1.2417655e+04
   4.9700000e+02  -1.7774076e+04  -1.3066334e+04
   4.9800000e+02  -9.5506169e+03  -3.1613707e+02
   4.9900000e+02   6.8734496e+03   8.3663548e+03
   5.0000000e+02   1.6280174e+04   1.3183768e+03
   5.0100000e+02   1.9644258e+04  -8.3761476e+03
   5.0200000e+02   1.6808191e+04  -5.2944088e+03
   5.0300000e+02  -5.5235791e+03  -2.1827748e+03
   5.0400000e+02  -2.4633738e+04  -8.9466944e+03
   5.0500000e+02  -3.4286285e+03  -1.0348955e+04
   5.0600000e+02   2.4711070e+04   4.6885888e+02
   5.0700000e+02   1.3265076e+04   9.7780483e+03
   5.0800000e+02  -1.2253523e+04   3.3682779e+03
   5.0900000e+02  -6.9391023e+03  -1.2377160e+04
   5.1000000e+02   2.4826731e+04  -2.0303598e+04
   5.1100000e+02   4.1445182e+04  -2.0494340e+04
   5.1200000e+02   2.7723763e+04  -1.2730921e+04
   5.1300000e+02   1.3532853e+04   5.1996146e+03
   5.1400000e+02   8.6153106e+03   8.9663015e+03
   5.1500000e+02  -1.7362407e+03  -9.1654924e+03
   5.1600000e+02   3.1380502e+03  -1.8212610e+04
   5.1700000e+02   2.4182872e+04  -5.6281840e+03
   5.1800000e+02   9.8728371e+03   1.4400829e+04
   5.1900000e+02  -3.3025149e+04   2.8673516e+04
   5.2000000e+02  -4.4080951e+04   2.8178471e+04
   5.2100000e+02  -9.6323149e+03   1.1959184e+04
   5.2200000e+02   3.1465321e+04  -5.4344734e+02
   5.2300000e+02   2.6682386e+04   1.1058193e+04
   5.2400000e+02  -1.8745245e+04   2.0579084e+04
   5.2500000e+02  -3.6723790e+04   4.2790894e+03
   5.2600000e+02   4.8222724e+02  -3.4945086e+03
   5.2700000e+02   4.7519568e+04   7.0109050e+03
   5.2800000e+02   4.6150214e+04   1.0156405e+04
   5.2900000e+02   3.0661476e+03   1.0284598e+04
   5.3000000e+02  -2.2952307e+04   1.1036149e+04
   5.3100000e+02  -1.3216694e+04   5.7822194e+03
   5.3200000e+02   9.0085123e+03   1.5508397e+03
   5.3300000e+02   1.7110991e+04   6.6398563e+03
   5.3400000e+02   1.3882093e+03   2.1429852e+04
   5.3500000e+02  -1.9832947e+04   2.4538273e+04
   5.3600000e+02  -3.1042266e+04  -9.1520690e+02
   5.3700000e+02  -2.5175219e+04  -1.7934206e+04
   5.3800000e+02  -8.1266131e+03   8.4734132e+03
   5.3900000e+02  -8.5633771e+03   3.2932858e+04
   5.4000000e+02  -2.7580437e+04   1.1424800e+04
   5.4100000e+02  -2.7499735e+04  -9.3585285e+03
   5.4200000e+02   3.9774069e+03   2.3732267e+03
   5.4300000e+02   3.1144271e+04   8.1648909e+03
   5.4400000e+02   2.9054655e+04   5.3772718e+03
   5.4500000e+02   1.1630337e+04   1.6613835e+04
   5.4600000e+02  -6.1343221e+03   2.1103283e+04
   5.4700000e+02  -1.6015786e+04   9.2941448e+03
   5.4800000e+02  -1.1310260e+04   1.3466746e+03
   5.4900000e+02   5.5772139e+03  -4.9886781e+03
   5.5000000e+02   1.2828168e+04  -1.4118542e+04
   5.5100000e+02  -1.4208033e+04  -9.4689184e+03
   5.5200000e+02  -4.0723376e+04   6.2636406e+03
   5.5300000e+02  -2.0946165e+04   9.8613843e+03
   5.5400000e+02   9.3436922e+03  -7.9636958e+03
   5.5500000e+02   2.3271983e+03  -2.6117124e+04
   5.5600000e+02  -2.6163009e+04  -1.0420633e+04
   5.5700000e+02  -3.4126222e+04   1.9338092e+04
   5.5800000e+02  -1.4848421e+04   8.2056006e+03
   5.5900000e+02  -2.2084446e+03  -2.5362961e+04
   5.6000000e+02  -8.3578185e+03  -2.3936586e+04
   5.6100000e+02  -1.3427241e+04   4.7536014e+03
   5.6200000e+02  -1.1037569e+04   2.0838449e+04
   5.6300000e+02  -5.1255292e+03   9.7496963e+03
   5.6400000e+02   3.1519589e+03  -2.1755701e+04
   5.6500000e+02   7.7601919e+03  -4.0290172e+04
   5.6600000e+02   4.8021060e+03  -2.3009985e+04
   5.6700000e+02  -4.7660445e+03  -2.7128317e+02
   5.6800000e+02  -1.4242652e+04   2.3333740e+03
   5.6900000e+02  -4.2660288e+03  -9.7197120e+03
   5.7000000e+02   1.8611432e+04  -2.7569510e+04
   5.7100000e+02   1.6214643e+04  -2.8612227e+04
   5.7200000e+02  -4.6101878e+03  -9.1349106e+03
   5.7300000e+02  -4.2087539e+03  -3.1109067e+03
   5.7400000e+02   1.4364760e+04  -1.7569813e+04
   5.7500000e+02   2.1149263e+04  -2.0376827e+04
   5.7600000e+02   8.5993603e+03   2.4374243e+02
   5.7700000e+02  -3.9263628e+03   1.6007730e+04
   5.7800000e+02  -5.0464696e+03   5.0450109e+03
   5.7900000e+02  -1.8261517e+03  -1.8800673e+04
   5.8000000e+02   2.5053298e+03  -2.2664620e+04
   5.8100000e+02   8.8698597e+03   5.3897187e+03
   5.8200000e+02   2.3926986e+04   2.2176004e+04
   5.8300000e+02   4.1086434e+04  -1.5270748e+03
   5.8400000e+02   2.8307321e+04  -2.4196102e+04
   5.8500000e+02  -8.8474443e+03  -1.8228365e+04
   5.8600000e+02  -2.2811205e+04  -5.3685125e+03
   5.8700000e+02  -4.6297726e+03  -7.0228355e+03
   5.8800000e+02   1.5131760e+04  -1.8540809e+04
   5.8900000e+02   1.9818483e+04  -1.3296714e+04
   5.9000000e+02   1.2363717e+04   9.4304002e+03
   5.9100000e+02   9.6666947e+03   1.6989913e+04
   5.9200000e+02   2.0162000e+04   2.1588089e+03
   5.9300000e+02   1.3866502e+04  -5.9058118e+03
   5.9400000e+02  -1.9392689e+04   1.1173760e+04
   5.9500000e+02  -3.5353797e+04   2.5772710e+04
   5.9600000e+02  -8.9062383e+03   1.0578943e+04
   5.9700000e+02   3.4671092e+04  -2.0722310e+01
   5.9800000e+02   4.8405148e+04   2.0422624e+04
   5.9900000e+02   1.4685325e+04   2.7121662e+04
   6.0000000e+02  -1.9317590e+04   6.3229841e+03
   6.0100000e+02  -1.0661727e+04   4.5548065e+03
   6.0200000e+02   1.8707177e+04   1.3007091e+04
   6.0300000e+02   3.1495584e+04   1.6472240e+03
   6.0400000e+02   2.1491771e+04   1.7815532e+03
   6.0500000e+02  -3.8076577e+03   1.9643594e+04
   6.0600000e+02  -2.4896670e+04   1.4643573e+04
   6.0700000e+02  -1.0040479e+04  -7.5410281e+03
   6.0800000e+02   2.1118012e+04  -8.1462439e+03
   6.0900000e+02   1.6265017e+04   1.2586362e+04
   6.1000000e+02  -1.1640739e+04   2.2116972e+04
   6.1100000e+02  -2.2474101e+04   9.6303751e+03
   6.1200000e+02  -2.1137556e+04   6.5317624e+02
   6.1300000e+02  -1.7094126e+04   1.1790033e+04
   6.1400000e+02   3.6625554e+03   2.1168777e+04
   6.1500000e+02   2.3681611e+04   1.4814465e+04
   6.1600000e+02   7.8971044e+02   8.4910021e+03
   6.1700000e+02  -3.4316459e+04   4.4021462e+03
   6.1800000e+02  -2.2142038e+04   1.4575947e+03
   6.1900000e+02   1.2526794e+04   8.8157185e+03
   6.2000000e+02   1.8179006e+04   1.9383963e+04
   6.2100000e+02  -9.2840651e+03   2.1225695e+04
   6.2200000e+02  -3.5999406e+04   5.6582751e+02
   6.2300000e+02  -2.5580881e+04  -3.1549766e+04
   6.2400000e+02   1.2329065e+02  -2.1754194e+04
   6.2500000e+02  -2.6034482e+03   2.2374801e+04
   6.2600000e+02  -1.3784772e+04   2.7710172e+04
   6.2700000e+02  -4.8225292e+03  -6.3722747e+03
   6.2800000e+02   1.8427255e+03  -1.8788470e+04
   6.2900000e+02  -5.5786050e+03  -3.7660014e+02
   6.3000000e+02  -8.0159364e+03   1.2238023e+04
   6.3100000e+02  -1.7406595e+03   2.8787295e+03
   6.3200000e+02   4.1091353e+03  -1.6922275e+04
   6.3300000e+02   7.3686942e+03  -2.2551355e+04
   6.3400000e+02   5.1518486e+03   9.9814795e+02
   6.3500000e+02  -1.2397499e+04   2.5493974e+04
   6.3600000e+02  -3.3035648e+04   6.3261568e+03
   6.3700000e+02  -2.1604002e+04  -4.3673450e+04
   6.3800000e+02   5.0063076e+03  -5.3337041e+04
   6.3900000e+02   1.6982006e+02  -3.0491536e+03
   6.4000000e+02  -2.0287556e+04   3.3395947e+04
   6.4100000e+02  -2.4021396e+04   9.8570609e+03
   6.4200000e+02  -1.9705435e+04  -2.9110084e+04
   6.4300000e+02  -2.3957625e+04  -3.1367917e+04
   6.4400000e+02  -3.2648531e+04  -8.8140173e+03
   6.4500000e+02  -1.9753260e+04  -3.6547619e+03
   6.4600000e+02   2.1186451e+04  -1.5445665e+04
   6.4700000e+02   4.8289188e+04  -1.8885529e+04
   6.4800000e+02   2.7848560e+04  -8.8714939e+03
   6.4900000e+02  -1.0184033e+04   6.7104836e+03
   6.5000000e+02  -1.5197226e+04   9.8039308e+03
   6.5100000e+02   1.2541681e+04  -3.7384750e+03
   6.5200000e+02   3.3931911e+04  -1.4418896e+04
   6.5300000e+02   2.3861274e+04  -1.5546998e+04
   6.5400000e+02  -4.2959568e+03  -1.1692855e+04
   6.5500000e+02  -1.6579777e+04  -5.1918408e+03
   6.5600000e+02  -3.3496270e+03   7.5952798e+02
   6.5700000e+02   1.6205629e+04   2.4327160e+03
   6.5800000e+02   1.8760078e+04  -6.9336583e+03
   6.5900000e+02   3.3921569e+03  -1.9440549e+04
   6.6000000e+02  -2.7878000e-01  -1.0573104e+04
   6.6100000e+02   1.3492165e+04   1.3426555e+04
   6.6200000e+02   1.6578997e+04   1.5629201e+04
   6.6300000e+02   1.3494965e+04  -4.2665807e+03
   6.6400000e+02   1.8000891e+04  -9.9770369e+03
   6.6500000e+02   1.5606696e+04   7.5987917e+03
   6.6600000e+02   4.0221073e+03   1.8950878e+04
   6.6700000e+02  -2.4270611e+03   1.8921442e+03
   6.6800000e+02   2.0671985e+03  -1.6093404e+04
   6.6900000e+02   1.7566664e+04  -4.6603365e+03
   6.7000000e+02   1.9602110e+04   5.8329762e+03
   6.7100000e+02  -7.1262938e+03  -1.0025340e+04
   6.7200000e+02  -1.5519610e+04  -1.7815862e+04
   6.7300000e+02   1.6325395e+04   5.1732015e+03
   6.7400000e+02   3.5132800e+04   2.0356374e+04
   6.7500000e+02   1.0795267e+04   4.2534281e+03
   6.7600000e+02  -1.9646156e+04  -9.2546024e+02
   6.7700000e+02  -9.8445544e+03   1.2370095e+04
   6.7800000e+02   2.3703405e+04   8.3680213e+03
   6.7900000e+02   2.2912452e+04   4.0982046e+03
   6.8000000e+02  -1.1497976e+04   1.4437238e+04
   6.8100000e+02  -2.3101754e+04   1.8702174e+04
   6.8200000e+02   4.2996555e+03   1.6176382e+04
   6.8300000e+02   2.1559563e+04   8.2015160e+03
   6.8400000e+02   1.8044611e+03   8.9032348e+02
   6.8500000e+02  -1.3240484e+04   4.9571071e+03
   6.8600000e+02   3.9067220e+02   1.0953774e+03
   6.8700000e+02   1.2946489e+04  -1.1539531e+04
   6.8800000e+02   2.3775421e+03  -5.2591520e+02
   6.8900000e+02  -1.3966141e+04   2.2275641e+04
   6.9000000e+02  -6.6934601e+03   1.9077198e+04
   6.9100000e+02   8.0113070e+03   4.7048187e+03
   6.9200000e+02  -1.9507407e+03   3.5924771e+03
   6.9300000e+02  -1.5925991e+04   7.3268604e+02
   6.9400000e+02  -1.4447645e+04  -6.6961513e+03
   6.9500000e+02  -1.3905626e+04   1.3295865e+03
   6.9600000e+02  -1.1066853e+04   2.5101988e+04
   6.9700000e+02   2.2401491e+03   3.0319249e+04
   6.9800000e+02   6.1465952e+03  -8.3861393e+03
   6.9900000e+02  -4.8577992e+03  -4.1130602e+04
   7.0000000e+02  -1.4941083e+04  -1.5243855e+04
   7.0100000e+02  -1.9970244e+04   1.8136137e+04
   7.0200000e+02  -1.7424782e+04   3.6114647e+03
   7.0300000e+02  -1.0021436e+04  -1.5971077e+04
   7.0400000e+02  -9.8920323e+03   2.8670168e+03
   7.0500000e+02  -8.3001831e+03   2.1603380e+04
   7.0600000e+02   3.1858476e+03   6.6696200e+01
   7.0700000e+02   5.4280321e+03  -2.3092062e+04
   7.0800000e+02  -1.1062346e+04   8.7378093e+02
   7.0900000e+02  -2.4097075e+04   3.7506643e+04
   7.1000000e+02  -1.2945016e+04   3.0488591e+04
   7.1100000e+02   8.4576448e+03  -9.3137626e+02
   7.1200000e+02   1.6151935e+04  -5.3693232e+03
   7.1300000e+02   1.4754960e+04   1.6343782e+04
   7.1400000e+02   1.8511126e+04   2.3856352e+04
   7.1500000e+02   2.3302964e+04   7.5656854e+03
   7.1600000e+02   1.4428823e+04  -4.1583757e+03
   7.1700000e+02  -1.1853037e+04  -4.6127226e+03
   7.1800000e+02  -3.5331494e+04  -7.9244249e+03
   7.1900000e+02  -3.4954300e+04  -1.3779800e+04
   7.2000000e+02  -1.5709242e+04  -1.9803044e+04
   7.2100000e+02   2.4893207e+03  -2.3699018e+04
   7.2200000e+02  -3.3253701e+03  -2.0000834e+04
   7.2300000e+02  -3.0825709e+04  -1.2226632e+04
   7.2400000e+02  -3.7582704e+04  -6.1685261e+03
   7.2500000e+02  -1.5208946e+04  -4.7738332e+03
   7.2600000e+02   1.5240980e+03  -9.7707946e+03
   7.2700000e+02   1.0087409e+04  -1.5412422e+04
   7.2800000e+02   2.0423405e+04  -9.8494661e+03
   7.2900000e+02   3.1440308e+04   4.2958608e+03
   7.3000000e+02   4.1272094e+04   5.7092992e+03
   7.3100000e+02   3.0996622e+04  -1.0501504e+04
   7.3200000e+02   4.5199380e+03  -1.9034407e+04
   7.3300000e+02  -5.2432760e+03  -1.9294069e+03
   7.3400000e+02   2.1469582e+03   1.3940967e+04
   7.3500000e+02   5.7214869e+03  -3.1358784e+03
   7.3600000e+02   2.4855765e+03  -2.3335509e+04
   7.3700000e+02   4.1609611e+02  -1.3026820e+04
   7.3800000e+02  -7.6270696e+03   1.1060903e+03
   7.3900000e+02  -3.1503864e+04  -2.3883301e+03
   7.4000000e+02  -4.3843848e+04  -9.1927305e+03
   7.4100000e+02  -1.7004136e+04  -1.0907757e+04
   7.4200000e+02   2.0257540e+04  -1.0307331e+04
   7.4300000e+02   2.8267282e+04  -1.0432045e+04
   7.4400000e+02   1.0957667e+04  -1.1379004e+04
   7.4500000e+02  -7.7556806e+03  -9.2519966e+03
   7.4600000e+02  -7.4732515e+03  -6.0497005e+03
   7.4700000e+02   1.5038178e+04  -6.1244258e+03
   7.4800000e+02   3.1108943e+04  -1.6686532e+03
   7.4900000e+02   2.6150262e+04   7.0705299e+03
   7.5000000e+02   1.8434770e+04   3.9817236e+03
   7.5100000e+02   1.3045860e+04  -3.1949726e+03
   7.5200000e+02   5.0815847e+03   3.3136774e+03
   7.5300000e+02   8.4835313e+02   8.5883115e+03
   7.5400000e+02   6.2441740e+03  -3.9816057e+02
   7.5500000e+02   4.9783220e+03  -3.8353129e+03
   7.5600000e+02  -1.3803649e+04   1.0045779e+04
   7.5700000e+02  -8.9708694e+03   2.0711559e+04
   7.5800000e+02   2.2321022e+04   1.0336686e+04
   7.5900000e+02   9.5994018e+03  -7.0531799e+03
   7.6000000e+02  -3.1406103e+04  -5.9322393e+03
   7.6100000e+02  -1.2721728e+04   1.1399271e+04
   7.6200000e+02   4.2960684e+04   2.1867087e+04
   7.6300000e+02   4.2546994e+04   1.9993837e+04
   7.6400000e+02  -3.5992197e+03   1.0041028e+04
   7.6500000e+02  -1.4098937e+04  -3.3590243e+03
   7.6600000e+02   1.3767533e+04  -7.7828389e+03
   7.6700000e+02   2.3076384e+04  -2.6327492e+03
   7.6800000e+02   3.8254845e+03   9.9756141e+03
   7.6900000e+02  -1.0591386e+04   2.3695198e+04
   7.7000000e+02  -9.6693736e+03   1.3197087e+04
   7.7100000e+02  -8.8092638e+03  -1.4113745e+04
   7.7200000e+02  -6.7505868e+03  -1.6321992e+04
   7.7300000e+02  -4.4826098e+03   1.5677689e+04
   7.7400000e+02  -1.2768351e+04   4.1888290e+04
   7.7500000e+02  -1.2450573e+04   2.4061543e+04
   7.7600000e+02   7.3924472e+03  -1.2203374e+04
   7.7700000e+02   1.9974804e+04  -1.3804805e+04
   7.7800000e+02   9.2314687e+03   1.6809061e+04
   7.7900000e+02  -9.6186174e+03   3.1254344e+04
   7.8000000e+02  -8.1164605e+03   1.0566810e+04
   7.8100000e+02   1.4034753e+04  -5.6473768e+03
   7.8200000e+02   1.7361166e+04   4.0956065e+03
   7.8300000e+02  -6.2914583e+03   1.2911700e+04
   7.8400000e+02  -1.4082475e+04   9.7297468e+03
   7.8500000e+02   5.7330599e+02  -1.6512451e+03
   7.8600000e+02  -1.9589125e+03  -8.9589819e+03
   7.8700000e+02  -2.8234097e+04   5.6851180e+03
   7.8800000e+02  -4.6820498e+04   1.7988144e+04
   7.8900000e+02  -3.0565759e+04   5.5016702e+03
   7.9000000e+02   2.4213720e+03  -6.2083069e+03
   7.9100000e+02  -1.2852843e+03  -3.9227559e+03
   7.9200000e+02  -3.1843305e+04  -1.2363212e+03
   7.9300000e+02  -3.4766198e+04  -3.6035663e+03
   7.9400000e+02  -1.2674544e+04  -8.8561535e+03
   7.9500000e+02   6.3126907e+03  -9.1158497e+03
   7.9600000e+02   1.0621516e+04  -1.6546318e+03
   7.9700000e+02  -9.6372676e+02   1.6485393e+03
   7.9800000e+02  -1.3976197e+04   1.7255390e+03
   7.9900000e+02  -1.4957995e+04   2.5614522e+03
   8.0000000e+02   2.7596754e+02  -3.4137679e+03
   8.0100000e+02   2.0185180e+04  -2.2762316e+03
   8.0200000e+02   1.8019947e+04   7.7041880e+03
   8.0300000e+02  -3.5739068e+03  -3.8305670e+03
   8.0400000e+02  -1.2091660e+04  -2.7717799e+04
   8.0500000e+02  -6.3535352e+03  -2.5444273e+04
   8.0600000e+02  -8.7148484e+03   5.3594905e+02
   8.0700000e+02  -8.1587845e+03   8.2231528e+03
   8.0800000e+02   1.0788061e+03  -1.8724376e+04
   8.0900000e+02  -9.1826232e+03  -3.3956917e+04
   8.1000000e+02  -2.3217385e+04  -1.0345302e+04
   8.1100000e+02  -3.8842379e+03   5.4133337e+03
   8.1200000e+02   1.7053755e+04  -1.7369537e+04
   8.1300000e+02   1.2654483e+03  -4.2002433e+04
   8.1400000e+02  -2.1336791e+04  -2.9994643e+04
   8.1500000e+02  -1.3924638e+04   4.7754192e+03
   8.1600000e+02   1.0909181e+04   2.0624546e+04
   8.1700000e+02   2.1228507e+04   8.2468364e+02
   8.1800000e+02   1.5747792e+04  -2.9570929e+04
   8.1900000e+02   1.9398181e+04  -3.0541422e+04
   8.2000000e+02   2.7774039e+04   5.9264223e+02
   8.2100000e+02   2.1221165e+04   1.6401274e+04
   8.2200000e+02   1.5650929e+04  -5.3419687e+03
   8.2300000e+02   1.6656760e+04  -2.0500316e+04
   8.2400000e+02   8.1144417e+03  -3.5171087e+02
   8.2500000e+02   6.6528405e+03   1.9005728e+04
   8.2600000e+02   2.0090489e+04   4.4245359e+03
   8.2700000e+02   1.3793821e+04  -2.3365479e+04
   8.2800000e+02  -1.5339826e+04  -2.8160055e+04
   8.2900000e+02  -1.8615259e+04  -1.0552608e+04
   8.3000000e+02   1.0043586e+04   1.0553742e+04
   8.3100000e+02   1.9182652e+04   2.3640378e+04
   8.3200000e+02   3.5184622e+03   9.8989718e+03
   8.3300000e+02  -5.0190613e+03  -1.6197892e+04
   8.3400000e+02  -3.8948663e+03  -6.9688621e+03
   8.3500000e+02   7.6210930e+03   2.4627125e+04
   8.3600000e+02   2.2619595e+04   2.4881411e+04
   8.3700000e+02   1.6827327e+04  -5.6701724e+03
   8.3800000e+02  -3.6948769e+03  -1.4684727e+04
   8.3900000e+02  -9.9625566e+03   1.6359494e+04
   8.4000000e+02   1.1008046e+04   3.5412771e+04
   8.4100000e+02   3.5957885e+04   1.5506738e+04
   8.4200000e+02   2.1334142e+04  -5.0698435e+03
   8.4300000e+02  -2.0801764e+04  -1.8916020e+02
   8.4400000e+02  -2.0070118e+04   2.0977794e+04
   8.4500000e+02   2.8476809e+04   2.4607170e+04
   8.4600000e+02   4.3059122e+04  -1.9674830e+03
   8.4700000e+02  -2.4992290e+03  -1.0043779e+04
   8.4800000e+02  -3.6387878e+04   1.8906203e+04
   8.4900000e+02  -8.9795963e+03   3.6453464e+04
   8.5000000e+02   3.3960641e+04   1.8690082e+04
   8.5100000e+02   2.8528022e+04  -7.9368413e+03
   8.5200000e+02  -6.9895528e+03  -8.7088160e+03
   8.5300000e+02  -2.4192891e+04   1.1979961e+04
   8.5400000e+02  -2.3801642e+04   1.7344870e+04
   8.5500000e+02  -1.0640446e+04   1.0184207e+04
   8.5600000e+02   9.4078257e+03   1.3620611e+04
   8.5700000e+02   1.3466730e+03   1.3563888e+04
   8.5800000e+02  -2.4961112e+04   4.9276816e+03
   8.5900000e+02  -2.0276110e+04   7.0493843e+03
   8.6000000e+02  -3.4773665e+03   1.6592547e+04
   8.6100000e+02  -1.7316722e+04   1.6931412e+04
   8.6200000e+02  -3.2562112e+04   7.2683579e+03
   8.6300000e+02  -1.9409204e+04  -3.6894791e+03
   8.6400000e+02  -6.5020902e+03  -9.0541401e+03
   8.6500000e+02  -1.2610944e+04   2.0370694e+03
   8.6600000e+02  -1.2716435e+04   2.1449352e+04
   8.6700000e+02   1.1285692e+04   6.2314515e+03
   8.6800000e+02   2.3227054e+04  -3.7209157e+04
   8.6900000e+02  -9.9594488e+03  -3.7063476e+04
   8.7000000e+02  -4.1865398e+04   9.7394051e+03
   8.7100000e+02  -2.2646111e+04   2.5348440e+04
   8.7200000e+02   1.3746175e+04  -9.6012928e+03
   8.7300000e+02   8.9915493e+03  -3.4609208e+04
   8.7400000e+02  -3.1547323e+04  -1.6954250e+04
   8.7500000e+02  -4.6429438e+04   1.6107344e+04
   8.7600000e+02  -1.0068788e+04   2.5430608e+04
   8.7700000e+02   2.3616745e+04  -1.6756461e+03
   8.7800000e+02   5.7962811e+03  -3.0184115e+04
   8.7900000e+02  -3.2235320e+04  -2.3660736e+04
   8.8000000e+02  -3.3118028e+04   4.3298180e+03
   8.8100000e+02   8.9979402e+03   1.7519114e+04
   8.8200000e+02   4.5816407e+04  -6.9196595e+03
   8.8300000e+02   3.2314904e+04  -4.1682505e+04
   8.8400000e+02  -1.1325261e+03  -3.8144389e+04
   8.8500000e+02  -2.1587669e+03  -8.2003417e+03
   8.8600000e+02   4.2126617e+03   5.8927183e+03
   8.8700000e+02  -4.3698517e+03  -6.5050621e+03
   8.8800000e+02   3.1144044e+03  -1.7934231e+04
   8.8900000e+02   1.7252674e+04  -3.8976206e+03
   8.9000000e+02   4.3156344e+03   6.7142399e+03
   8.9100000e+02  -1.8260734e+04  -5.3411035e+03
   8.9200000e+02  -1.7542267e+04  -1.5155658e+04
   8.9300000e+02  -3.2850036e+03  -1.7371069e+04
   8.9400000e+02  -6.0695797e+02  -1.2751295e+04
   8.9500000e+02  -3.1874474e+03   2.6487603e+03
   8.9600000e+02   1.9526439e+03   8.9660708e+03
   8.9700000e+02   1.1909690e+04  -5.5498304e+03
   8.9800000e+02   1.8804293e+04  -2.1116647e+04
   8.9900000e+02   1.7724665e+04  -1.9515517e+04
   9.0000000e+02   1.9510609e+04  -1.0659263e+04
   9.0100000e+02   2.3495793e+04  -1.3624753e+03
   9.0200000e+02   1.2921475e+04   1.5405985e+04
   9.0300000e+02   4.0845154e+03   1.8442592e+04
   9.0400000e+02   1.0662528e+04  -5.1520834e+03
   9.0500000e+02   1.0642250e+04  -1.5652828e+04
   9.0600000e+02   6.9871839e+03   3.7251040e+03
   9.0700000e+02   1.1122512e+04   1.3758680e+04
   9.0800000e+02  -5.4348863e+02  -1.6726218e+03
   9.0900000e+02  -1.9781981e+04  -1.2016757e+04
   9.1000000e+02  -1.0084936e+04   2.4652281e+03
   9.1100000e+02   7.7311007e+03   2.2140036e+04
   9.1200000e+02   2.5023637e+03   1.7507697e+04
   9.1300000e+02  -3.8539215e+03  -6.0945991e+03
   9.1400000e+02   6.8885655e+03  -1.6315108e+04
   9.1500000e+02   2.0177001e+04  -1.4497608e+03
   9.1600000e+02   2.2996047e+04   2.0593309e+04
   9.1700000e+02   1.5062948e+04   2.5035386e+04
   9.1800000e+02   6.0289635e+03   8.6554665e+03
   9.1900000e+02   1.1676865e+04  -2.0807059e+03
   9.2000000e+02   2.6121433e+04   7.9604506e+03
   9.2100000e+02   2.1046892e+04   1.8789080e+04
   9.2200000e+02  -1.3922079e+03   8.5745092e+03
   9.2300000e+02  -1.1893861e+04  -1.2119979e+04
   9.2400000e+02  -9.7267605e+03  -1.2311184e+04
   9.2500000e+02  -1.3395938e+04   1.2041495e+04
   9.2600000e+02  -2.1540763e+04   2.8053423e+04
   9.2700000e+02  -1.8621669e+04   1.6849061e+04
   9.2800000e+02  -5.4936923e+03  -3.0529036e+03
   9.2900000e+02  -2.3818918e+03  -8.5792452e+03
   9.3000000e+02  -1.2161943e+04   6.7174194e+03
   9.3100000e+02  -1.2545519e+04   2.3908749e+04
   9.3200000e+02  -7.9808587e+02   1.6815654e+04
   9.3300000e+02   2.9390116e+03   1.3400568e+03
   9.3400000e+02   3.9876928e+03  -4.8259979e+02
   9.3500000e+02   1.5979187e+04  -2.0311353e+03
   9.3600000e+02   1.9632198e+04   5.2798640e+02
   9.3700000e+02   2.3735971e+03   9.5207148e+03
   9.3800000e+02  -1.4406394e+04  -4.3432099e+03
   9.3900000e+02  -1.0748773e+04  -2.3964404e+04
   9.4000000e+02   3.1710617e+03  -1.1876476e+03
   9.4100000e+02   1.9089078e+03   3.7103903e+04
   9.4200000e+02  -1.2411514e+04   2.9767650e+04
   9.4300000e+02  -1.8703784e+04  -9.6613879e+03
   9.4400000e+02  -1.4625755e+04  -2.8852497e+04
   9.4500000e+02  -1.3470714e+04  -1.4236941e+04
   9.4600000e+02  -2.1883349e+04   1.3793055e+04
   9.4700000e+02  -1.8123259e+04   2.3377710e+04
   9.4800000e+02   7.6123369e+03   9.5377956e+03
   9.4900000e+02   1.3418060e+04  -4.2406018e+03
   9.5000000e+02  -1.5224056e+04  -1.2082155e+04
   9.5100000e+02  -2.8879311e+04  -9.2427713e+03
   9.5200000e+02  -7.1765268e+02   6.6405406e+03
   9.5300000e+02   2.7607965e+04   9.4759046e+03
   9.5400000e+02   9.9115539e+03  -5.9759726e+03
   9.5500000e+02  -3.0455865e+04  -1.1776792e+04
   9.5600000e+02  -3.8723756e+04  -2.0596857e+03
   9.5700000e+02  -3.7010149e+03   5.8969580e+03
   9.5800000e+02   3.5016949e+04   6.1651706e+03
   9.5900000e+02   2.5056929e+04  -2.8908529e+03
   9.6000000e+02  -2.1130866e+04  -1.7336963e+04
   9.6100000e+02  -3.9171440e+04  -1.4596748e+04
   9.6200000e+02  -2.3088062e+04   4.4114951e+03
   9.6300000e+02  -3.0771932e+03   1.1012846e+04
   9.6400000e+02   1.2278208e+04  -3.5466720e+03
   9.6500000e+02   1.0689216e+04  -2.2324614e+04
   9.6600000e+02   1.4118970e+03  -2.0073556e+04
   9.6700000e+02   8.8448646e+03  -3.7283104e+03
   9.6800000e+02   1.7562811e+04  -3.7597339e+02
   9.6900000e+02   7.8291371e+03   2.7279132e+03
   9.7000000e+02  -8.6267758e+03   1.1468723e+04
   9.7100000e+02  -8.0431361e+03  -2.1911791e+03
   9.7200000e+02   1.3647061e+04  -2.6629781e+04
   9.7300000e+02   2.3922504e+04  -2.4677819e+04
   9.7400000e+02   7.3495415e+03  -7.4124889e+03
   9.7500000e+02  -9.1987787e+03  -4.6490471e+03
   9.7600000e+02  -1.1903281e+04  -6.4025240e+03
   9.7700000e+02  -9.6890671e+03  -2.3545892e+02
   9.7800000e+02  -6.8470987e+03  -8.9441122e+01
   9.7900000e+02  -4.8420437e+02  -1.0132248e+04
   9.8000000e+02   1.0413262e+04  -1.9323665e+04
   9.8100000e+02   1.3155201e+04  -1.7397603e+04
   9.8200000e+02  -2.1926346e+03  -6.8724085e+03
   9.8300000e+02  -1.1968433e+04   3.1625502e+03
   9.8400000e+02   5.4844360e+03   1.1330539e+04
   9.8500000e+02   2.3357788e+04   7.4809555e+03
   9.8600000e+02   2.1737266e+04  -5.7909680e+03
   9.8700000e+02   1.9312272e+04  -6.1045644e+03
   9.8800000e+02   1.6765209e+04  -5.5755304e+03
   9.8900000e+02   5.6530949e+03  -1.7516889e+04
   9.9000000e+02  -3.9667744e+03  -1.3124160e+04
   9.9100000e+02  -6.7261707e+03   1.0200555e+04
   9.9200000e+02  -3.8468397e+03   1.2624052e+04
   9.9300000e+02  -3.3776324e+03  -1.2211397e+04
   9.9400000e+02  -7.5756453e+03  -2.8123604e+04
   9.9500000e+02   6.0644277e+02  -1.3538336e+04
   9.9600000e+02   2.0963272e+04   1.5714317e+04
   9.9700000e+02   2.5459732e+04   2.5797001e+04
   9.9800000e+02   3.7888902e+03   8.6783668e+03
   9.9900000e+02  -1.0254758e+04  -4.7660074e+03
   1.0000000e+03   8.0553885e+03   2.5361346e+03
   1.0010000e+03   2.5591746e+04   1.3014744e+04
   1.0020000e+03   1.4498797e+04   1.4501054e+04
   1.0030000e+03   6.9512060e+01   1.2533616e+04
   1.0040000e+03   5.3741907e+03   7.3461751e+03
   1.0050000e+03   1.3363279e+04   1.6648018e+03
   1.0060000e+03   2.4503873e+03   1.1457071e+04
   1.0070000e+03  -1.8623979e+04   2.5948336e+04
   1.0080000e+03  -2.3372750e+04   1.8455275e+04
   1.0090000e+03   7.1977636e+02   2.6900526e+03
   1.0100000e+03   2.3650737e+04   1.8847356e+03
   1.0110000e+03   1.0024627e+04   1.3701193e+04
   1.0120000e+03  -1.2032435e+04   2.4578628e+04
   1.0130000e+03  -5.1796711e+03   1.2101414e+04
   1.0140000e+03   9.6188910e+03  -1.7835141e+04
   1.0150000e+03   3.9089261e+03  -1.7379737e+04
   1.0160000e+03  -1.2311179e+04   1.9764080e+04
   1.0170000e+03  -1.0198607e+04   3.8716830e+04
   1.0180000e+03   8.9282852e+03   1.5505528e+04
   1.0190000e+03   1.2882125e+04  -1.3720225e+04
   1.0200000e+03  -5.1582409e+03  -1.1103959e+04
   1.0210000e+03  -2.7167042e+04   1.6290714e+04
   1.0220000e+03  -3.7293116e+04   2.7629730e+04
   1.0230000e+03  -1.7685752e+04   1.3402571e+04
   1.0240000e+03   1.8353877e+04   6.0108633e+03
   1.0250000e+03   1.4365509e+04   1.4106373e+04
   1.0260000e+03  -2.7351977e+04   1.4400648e+04
   1.0270000e+03  -2.8214225e+04   3.2939470e+02
   1.0280000e+03   1.0820397e+04  -7.4649976e+03
   1.0290000e+03   1.3519992e+04   6.9734329e+02
   1.0300000e+03  -1.3634204e+04   6.6455220e+03
   1.0310000e+03  -1.8197809e+04  -2.3095940e+03
   1.0320000e+03  -6.3495710e+03  -1.4676556e+04
   1.0330000e+03  -2.5010224e+03  -1.3182808e+04
   1.0340000e+03  -3.5478648e+03  -1.7768056e+03
   1.0350000e+03   3.2578444e+02   2.4465369e+03
   1.0360000e+03   4.9945003e+03  -5.7128410e+03
   1.0370000e+03  -4.8750690e+03  -2.4440156e+04
   1.0380000e+03  -2.7064077e+04  -3.0307265e+04
   1.0390000e+03  -3.1745040e+04  -3.0507052e+03
   1.0400000e+03  -1.2472499e+04   1.9855132e+04
   1.0410000e+03   1.8899091e+03   5.1662639e+03
   1.0420000e+03  -1.7641031e+03  -2.6622022e+04
   1.0430000e+03  -1.2237940e+04  -3.8897231e+04
   1.0440000e+03  -7.6702972e+03  -9.7899662e+03
   1.0450000e+03   1.0813734e+04   2.8265051e+04
   1.0460000e+03   5.1748796e+03   1.6654728e+04
   1.0470000e+03  -2.2109573e+04  -3.2595692e+04
   1.0480000e+03  -2.6612182e+04  -4.4112076e+04
   1.0490000e+03   1.4097977e+03   2.4044749e+03
   1.0500000e+03   3.2245759e+04   3.1846527e+04
   1.0510000e+03   2.4904881e+04  -5.3726781e+03
   1.0520000e+03  -1.4374548e+04  -5.4871591e+04
   1.0530000e+03  -2.8318257e+04  -4.5508091e+04
   1.0540000e+03  -3.1179614e+03   5.5257880e+03
   1.0550000e+03   2.3862501e+04   2.0365829e+04
   1.0560000e+03   2.1991531e+04  -1.1821322e+04
   1.0570000e+03  -4.6896073e+03  -3.0445883e+04
   1.0580000e+03  -1.2313053e+04  -1.7841140e+04
   1.0590000e+03   1.5044151e+04  -3.4994117e+02
   1.0600000e+03   2.9632612e+04   9.5492260e+03
   1.0610000e+03   1.0224201e+04   5.0389478e+03
   1.0620000e+03  -3.3145705e+03  -1.2907121e+04
   1.0630000e+03   6.9184813e+03  -1.5666189e+04
   1.0640000e+03   1.5191375e+04   6.7656597e+03
   1.0650000e+03   1.3403230e+04   1.9972777e+04
   1.0660000e+03   1.3562557e+04   1.1749994e+04
   1.0670000e+03   1.1324760e+04  -2.8504559e+03
   1.0680000e+03   2.7478248e+03  -2.1112532e+04
   1.0690000e+03  -1.4880293e+03  -2.7027432e+04
   1.0700000e+03   3.5976504e+03  -2.1852295e+03
   1.0710000e+03   1.2947318e+04   2.7593740e+04
   1.0720000e+03   1.3048531e+04   1.5855556e+04
   1.0730000e+03   9.9266402e+02  -2.4742021e+04
   1.0740000e+03   3.6631819e+03  -2.6202531e+04
   1.0750000e+03   2.8067479e+04   1.4754887e+04
   1.0760000e+03   3.9103984e+04   3.1596781e+04
   1.0770000e+03   1.9564641e+04   7.1764161e+03
   1.0780000e+03  -4.7381557e+03  -1.3889123e+04
   1.0790000e+03  -3.1476146e+03  -3.5381570e+03
   1.0800000e+03   1.2069554e+04   1.8735609e+04
   1.0810000e+03   5.3347935e+03   2.8473416e+04
   1.0820000e+03  -1.3547056e+04   2.5213870e+04
   1.0830000e+03  -1.1142564e+04   1.4015838e+04
   1.0840000e+03   4.9088844e+03   3.1533260e+03
   1.0850000e+03   1.0557016e+04   3.4393386e+03
   1.0860000e+03   8.3873503e+03   1.5415068e+04
   1.0870000e+03   1.1070420e+03   2.6418994e+04
   1.0880000e+03  -1.5911426e+04   2.4309003e+04
   1.0890000e+03  -2.3297080e+04   1.5845973e+04
   1.0900000e+03  -9.9487696e+03   1.0601435e+04
   1.0910000e+03   6.7304532e+03   7.3489857e+03
   1.0920000e+03   1.4542504e+04   2.0130210e+03
   1.0930000e+03   9.5452206e+03  -5.3600062e+03
   1.0940000e+03  -3.4729723e+03   7.8018830e+02
   1.0950000e+03  -1.8812230e+04   1.9761047e+04
   1.0960000e+03  -2.5711888e+04   1.7205401e+04
   1.0970000e+03  -6.3719518e+03  -8.0486392e+03
   1.0980000e+03   1.0596236e+04  -1.3314944e+04
   1.0990000e+03  -1.8653704e+03   9.4219131e+03
   1.1000000e+03  -9.9309727e+03   2.4581060e+04
   1.1010000e+03  -4.5342491e+03   1.8174193e+04
   1.1020000e+03  -1.0528976e+04   6.3827849e+03
   1.1030000e+03  -2.0751238e+04   1.4352646e+03
   1.1040000e+03  -1.6764523e+04   6.7831832e+03
   1.1050000e+03  -4.7186532e+03   1.2242503e+04
   1.1060000e+03   1.5621471e+03   5.2021340e+03
   1.1070000e+03   4.6252468e+02  -2.1566576e+03
   1.1080000e+03  -1.1124356e+04  -6.1428008e+03
   1.1090000e+03  -2.3645868e+04  -2.4496926e+04
   1.1100000e+03  -1.6883806e+04  -3.2736475e+04
   1.1110000e+03  -5.2549969e+03   1.6000870e+03
   1.1120000e+03  -7.3325363e+03   2.8444803e+04
   1.1130000e+03  -1.4898894e+04  -1.6210700e+03
   1.1140000e+03  -2.0837717e+04  -4.1049064e+04
   1.1150000e+03  -2.2137104e+04  -3.0358490e+04
   1.1160000e+03  -1.2817796e+04   1.7620027e+04
   1.1170000e+03   9.9317940e+03   3.8790324e+04
   1.1180000e+03   2.5285535e+04  -1.8753258e+03
   1.1190000e+03   1.0767647e+04  -4.7866587e+04
   1.1200000e+03  -1.0901531e+04  -3.3993129e+04
   1.1210000e+03  -1.2361171e+04   6.5355634e+03
   1.1220000e+03   1.5357209e+03   1.0265944e+04
   1.1230000e+03   1.6825706e+04  -1.3942498e+04
   1.1240000e+03   1.5656587e+04  -2.7634769e+04
   1.1250000e+03  -5.2729210e+03  -2.7809006e+04
   1.1260000e+03  -1.6729356e+04  -2.0779108e+04
   1.1270000e+03  -3.2533174e+03  -5.6803612e+03
   1.1280000e+03   6.5599570e+03   6.2787811e+03
   1.1290000e+03  -5.6298198e+03  -1.0133706e+03
   1.1300000e+03  -1.9228978e+04  -1.9240757e+04
   1.1310000e+03  -1.5502736e+04  -1.3315132e+04
   1.1320000e+03   2.5731477e+03   1.4262727e+04
   1.1330000e+03   2.0108882e+04   1.3511022e+04
   1.1340000e+03   2.4189830e+04  -2.0007361e+04
   1.1350000e+03   8.7608828e+03  -3.7783870e+04
   1.1360000e+03  -1.3003775e+04  -1.9624811e+04
   1.1370000e+03  -5.3249802e+03   5.0204710e+03
   1.1380000e+03   2.5650108e+04   2.3681760e+03
   1.1390000e+03   3.0769875e+04  -1.8572317e+04
   1.1400000e+03   8.5292264e+03  -1.6753153e+04
   1.1410000e+03  -1.2852779e+03   1.3122476e+04
   1.1420000e+03   1.2876460e+04   2.0319618e+04
   1.1430000e+03   2.3808596e+04  -8.5916636e+03
   1.1440000e+03   8.2515869e+03  -1.7368462e+04
   1.1450000e+03  -1.3314129e+04   9.0233134e+03
   1.1460000e+03  -1.5758405e+03   2.9129265e+04
   1.1470000e+03   3.0786101e+04   2.2324829e+04
   1.1480000e+03   2.4842283e+04  -3.9295603e+03
   1.1490000e+03  -1.2997063e+04  -1.7213394e+04
   1.1500000e+03  -2.0132875e+04   3.2961469e+03
   1.1510000e+03   1.0722185e+02   1.6537605e+04
   1.1520000e+03   1.5772597e+04  -6.0601014e+03
   1.1530000e+03   2.7172770e+04  -1.6834288e+04
   1.1540000e+03   2.2167615e+04   1.4664417e+04
   1.1550000e+03  -3.3701341e+03   3.8526561e+04
   1.1560000e+03  -1.4463536e+04   1.8523038e+04
   1.1570000e+03   1.0458531e+04  -1.0634709e+04
   1.1580000e+03   3.8708674e+04  -1.1644395e+04
   1.1590000e+03   2.3774734e+04   1.0800777e+04
   1.1600000e+03  -2.1426069e+04   2.6502546e+04
   1.1610000e+03  -3.2339891e+04   1.5535951e+04
   1.1620000e+03   7.1240047e+03  -3.6848876e+03
   1.1630000e+03   3.1252890e+04  -3.7914725e+03
   1.1640000e+03   3.8941045e+03   1.2169810e+04
   1.1650000e+03  -2.9985884e+04   2.3209993e+04
   1.1660000e+03  -2.9623661e+04   1.9188849e+04
   1.1670000e+03  -2.3356317e+03   9.0338721e+03
   1.1680000e+03   1.2537031e+04   1.7213220e+03
   1.1690000e+03  -3.7050711e+03  -3.0469273e+03
   1.1700000e+03  -1.3299702e+04   4.9892229e+03
   1.1710000e+03  -3.1416622e+02   2.6635068e+04
   1.1720000e+03   4.2341609e+03   2.8998473e+04
   1.1730000e+03  -1.0751615e+02   1.6060689e+03
   1.1740000e+03   2.8694336e+03  -2.1591564e+04
   1.1750000e+03  -1.3731649e+03  -1.6781827e+04
   1.1760000e+03  -1.5344674e+04   6.7682177e+03
   1.1770000e+03  -1.6518205e+04   2.0149345e+04
   1.1780000e+03  -7.7653615e+03   1.1153010e+04
   1.1790000e+03  -4.0733148e+03  -5.1494812e+03
   1.1800000e+03  -7.8244792e+03  -2.1695408e+04
   1.1810000e+03  -1.7571122e+04  -2.8448738e+04
   1.1820000e+03  -1.7264293e+04  -8.0367730e+03
   1.1830000e+03  -2.9864852e+03   2.1613942e+04
   1.1840000e+03   6.6704492e+03   2.0111459e+04
   1.1850000e+03   4.8983792e+03  -1.1540162e+04
   1.1860000e+03  -8.7984245e+03  -2.2345196e+04
   1.1870000e+03  -2.0378512e+04   1.2212882e+03
   1.1880000e+03  -5.0057037e+03   1.3253699e+04
   1.1890000e+03   2.7093168e+04   1.6790456e+03
   1.1900000e+03   3.3154872e+04  -9.1247303e+03
   1.1910000e+03  -3.5933050e+03  -8.5682434e+03
   1.1920000e+03  -3.2507535e+04   4.7601085e+03
   1.1930000e+03  -1.0040723e+04   1.0288914e+04
   1.1940000e+03   1.6838505e+04  -7.3418570e+03
   1.1950000e+03  -4.2747009e+03  -1.4343324e+04
   1.1960000e+03  -3.3862216e+04   1.3942421e+03
   1.1970000e+03  -1.8818948e+04  -1.5049745e+03
   1.1980000e+03   6.4299860e+03  -2.0087637e+04
   1.1990000e+03  -1.7549492e+03  -1.1481841e+04
   1.2000000e+03  -1.7947561e+04   1.2504123e+04
   1.2010000e+03  -1.7814090e+04   1.4011783e+04
   1.2020000e+03  -3.8108091e+03  -5.9930616e+03
   1.2030000e+03   1.2431600e+04  -1.7029406e+04
   1.2040000e+03   9.5538397e+03  -6.5845891e+03
   1.2050000e+03  -5.2484897e+03  -4.3761792e+03
   1.2060000e+03  -4.3037328e+03  -1.7111948e+04
   1.2070000e+03   1.1972582e+04  -1.0633607e+04
   1.2080000e+03   1.7209804e+04   1.5279354e+04
   1.2090000e+03   6.8930358e+03   2.8650504e+04
   1.2100000e+03   1.8973434e+03   7.3930759e+03
   1.2110000e+03  -3.4170946e+03  -3.1478590e+04
   1.2120000e+03  -1.0220500e+04  -3.4666117e+04
   1.2130000e+03  -8.7424940e+02   1.8135971e+03
   1.2140000e+03   5.2580647e+03   1.9389281e+04
   1.2150000e+03  -4.8746610e+02  -2.8610289e+03
   1.2160000e+03   2.9977664e+03  -2.3143400e+04
   1.2170000e+03   6.6794058e+03  -1.4130587e+04
   1.2180000e+03  -3.5926000e+01   1.8836030e+01
   1.2190000e+03  -4.8469154e+03  -5.4168172e+03
   1.2200000e+03  -2.2316438e+03  -1.9310400e+04
   1.2210000e+03   9.5974185e+03  -1.4341836e+04
   1.2220000e+03   2.4579166e+04   8.9595570e+03
   1.2230000e+03   1.4848612e+04   1.4558183e+04
   1.2240000e+03  -1.8990801e+04  -6.2444382e+02
   1.2250000e+03  -2.4053211e+04  -7.8566961e+03
   1.2260000e+03   1.3215980e+04  -7.5373467e+03
   1.2270000e+03   3.5569309e+04  -1.0237602e+03
   1.2280000e+03   1.0758111e+04   7.8726169e+03
   1.2290000e+03  -2.1548738e+04  -3.3505943e+03
   1.2300000e+03  -7.6727949e+03  -1.4160540e+04
   1.2310000e+03   3.4890714e+04   4.6667900e+03
   1.2320000e+03   3.3224304e+04   2.1310017e+04
   1.2330000e+03  -1.0485710e+04   5.8396547e+03
   1.2340000e+03  -1.7734432e+04  -1.9373285e+04
   1.2350000e+03   1.7986008e+04  -1.7605520e+04
   1.2360000e+03   3.4143250e+04   1.5320152e+04
   1.2370000e+03   1.5386123e+04   3.6446640e+04
   1.2380000e+03  -9.3834768e+03   1.1954780e+04
   1.2390000e+03  -1.6499759e+04  -2.4844453e+04
   1.2400000e+03  -5.9229964e+03  -2.2369559e+04
   1.2410000e+03   1.8185270e+03   1.3720489e+04
   1.2420000e+03   2.8963709e+03   3.5528291e+04
   1.2430000e+03   7.2788243e+03   1.9036844e+04
   1.2440000e+03   1.2551028e+04  -1.0801237e+04
   1.2450000e+03   8.0588579e+03  -1.9297831e+04
   1.2460000e+03  -7.8434873e+03  -4.4818611e+03
   1.2470000e+03  -7.6296637e+03   1.3364339e+04
   1.2480000e+03   1.5725155e+04   1.9898374e+04
   1.2490000e+03   2.1894583e+04   1.3083247e+04
   1.2500000e+03   8.7555581e+03  -1.6916044e+03
   1.2510000e+03   3.9285800e+03  -9.3281102e+03
   1.2520000e+03  -6.6791825e+03   8.4940471e+03
   1.2530000e+03  -2.7642418e+04   2.8800619e+04
   1.2540000e+03  -2.4418993e+04   1.1314669e+04
   1.2550000e+03   4.4022849e+03  -9.8925732e+03
   1.2560000e+03   1.8259438e+04   7.2216354e+03
   1.2570000e+03   4.3005092e+03   2.5019695e+04
   1.2580000e+03  -8.9504556e+03   1.6797309e+04
   1.2590000e+03  -5.7052729e+03   2.5460222e+03
   1.2600000e+03  -5.2522618e+03   1.1582200e+03
   1.2610000e+03  -1.3579299e+04   1.3959120e+04
   1.2620000e+03  -7.2236380e+03   1.0970005e+04
   1.2630000e+03   8.7171233e+03  -8.8370839e+03
   1.2640000e+03   7.7878440e+02  -4.8398818e+03
   1.2650000e+03  -2.9042813e+04   1.5506668e+04
   1.2660000e+03  -3.3730844e+04   1.9920707e+04
   1.2670000e+03   5.3153385e+03   6.1906114e+03
   1.2680000e+03   2.9714389e+04  -7.9256221e+03
   1.2690000e+03   3.2489727e+03  -3.7713569e+02
   1.2700000e+03  -2.9207880e+04   1.0468094e+04
   1.2710000e+03  -3.3179716e+04  -9.7506869e+03
   1.2720000e+03  -1.0174501e+04  -3.3259155e+04
   1.2730000e+03   1.7742029e+04  -1.5736994e+04
   1.2740000e+03   1.4959268e+04   1.8762676e+04
   1.2750000e+03  -1.1226532e+04   2.0198974e+04
   1.2760000e+03  -2.8019589e+04  -4.0166385e+03
   1.2770000e+03  -2.7008036e+04  -2.0321992e+04
   1.2780000e+03  -1.3135357e+04  -2.4455421e+04
   1.2790000e+03  -2.5804547e+03  -1.5649692e+04
   1.2800000e+03  -4.8575579e+03   4.9035489e+03
   1.2810000e+03  -2.9096985e+03   1.7445852e+04
   1.2820000e+03   5.4975029e+03   1.1791579e+04
   1.2830000e+03  -1.8917806e+03  -7.9724062e+03
   1.2840000e+03  -1.9634572e+04  -2.8275243e+04
   1.2850000e+03  -2.1196694e+04  -2.3693368e+04
   1.2860000e+03  -1.7171858e+03   1.7100085e+03
   1.2870000e+03   2.2185916e+04   8.2364515e+03
   1.2880000e+03   2.4695946e+04  -1.1899924e+04
   1.2890000e+03   3.3347120e+03  -2.2757995e+04
   1.2900000e+03  -1.2173143e+04  -7.0598885e+03
   1.2910000e+03  -3.7572828e+03   8.5070958e+03
   1.2920000e+03   1.4967480e+04  -2.0815514e+03
   1.2930000e+03   1.2377479e+04  -2.1946952e+04
   1.2940000e+03  -4.5712608e+03  -2.3711977e+04
   1.2950000e+03   1.9249431e+03  -1.0542011e+04
   1.2960000e+03   9.4163940e+03   3.0263787e+03
   1.2970000e+03  -6.9836024e+03   4.2225134e+03
   1.2980000e+03  -8.3464143e+03  -1.4181325e+04
   1.2990000e+03   1.4449549e+04  -2.9932701e+04
   1.3000000e+03   2.3193445e+04  -1.4922539e+04
   1.3010000e+03   5.7114404e+03   9.2685841e+03
   1.3020000e+03  -1.2675353e+04   4.5163570e+03
   1.3030000e+03  -7.3361564e+03  -1.4642922e+04
   1.3040000e+03   1.5954554e+04  -1.6794988e+04
   1.3050000e+03   3.0159274e+04  -9.6829882e+02
   1.3060000e+03   1.7663062e+04   1.5899729e+04
   1.3070000e+03  -7.9879087e+03   9.6430313e+03
   1.3080000e+03  -1.7161621e+04  -9.8767632e+03
   1.3090000e+03   3.4290020e+03  -7.3319376e+03
   1.3100000e+03   3.1125397e+04   7.8870421e+03
   1.3110000e+03   2.5381456e+04   9.8310976e+03
   1.3120000e+03  -5.2189618e+03  -1.7895725e+03
   1.3130000e+03  -1.4994855e+04  -1.0941417e+04
   1.3140000e+03   2.0841116e+03   2.7754405e+03
   1.3150000e+03   2.3039307e+04   2.3401325e+04
   1.3160000e+03   2.9383328e+04   1.4092725e+04
   1.3170000e+03   1.7866714e+04  -1.7856667e+04
   1.3180000e+03   4.7852441e+03  -2.6889321e+04
   1.3190000e+03   1.3031843e+03   8.5415960e+03
   1.3200000e+03   8.3657990e+03   4.3690713e+04
   1.3210000e+03   1.6817028e+04   2.7870535e+04
   1.3220000e+03   8.0349984e+03  -1.1927399e+04
   1.3230000e+03  -1.2656896e+04  -1.6251184e+04
   1.3240000e+03  -2.2669179e+04   1.7663652e+04
   1.3250000e+03  -1.3161954e+04   4.0543657e+04
   1.3260000e+03   1.3016505e+04   2.5437679e+04
   1.3270000e+03   2.4900782e+04   1.6581801e+02
   1.3280000e+03  -8.6635697e+03  -1.6731850e+03
   1.3290000e+03  -3.7248762e+04   1.5004536e+04
   1.3300000e+03  -4.5999405e+03   2.4656570e+04
   1.3310000e+03   3.1954810e+04   1.6961358e+04
   1.3320000e+03   1.1824011e+04   2.3432419e+03
   1.3330000e+03  -1.8386879e+04  -3.3540326e+03
   1.3340000e+03  -8.6532068e+03   8.1010925e+02
   1.3350000e+03   1.1255799e+04   7.6052540e+02
   1.3360000e+03   3.5868022e+03  -2.4472318e+03
   1.3370000e+03  -1.7120741e+04   4.6346482e+03
   1.3380000e+03  -2.2454727e+04   1.7915153e+04
   1.3390000e+03  -1.0103074e+04   1.5599149e+04
   1.3400000e+03  -5.5051048e+03  -9.6371453e+03
   1.3410000e+03  -2.1896131e+04  -1.9285718e+04
   1.3420000e+03  -2.4493194e+04   1.4515905e+04
   1.3430000e+03   2.2006934e+03   4.2651389e+04
   1.3440000e+03   1.7744953e+04   1.9464593e+04
   1.3450000e+03  -4.9460077e+02  -1.8457940e+04
   1.3460000e+03  -2.5209766e+04  -1.9854579e+04
   1.3470000e+03  -1.6979622e+04   4.5020908e+03
   1.3480000e+03   1.3162094e+04   1.3333503e+04
   1.3490000e+03   1.5454340e+04  -1.0388467e+02
   1.3500000e+03  -4.7638610e+03  -1.5915133e+04
   1.3510000e+03  -9.2997603e+03  -2.0465986e+04
   1.3520000e+03  -7.8098970e+03  -5.7866569e+03
   1.3530000e+03  -1.8686486e+04   1.4478533e+04
   1.3540000e+03  -2.2246018e+04   3.0627089e+03
   1.3550000e+03  -7.4140323e+03  -3.5444076e+04
   1.3560000e+03   3.7078963e+03  -3.9882409e+04
   1.3570000e+03  -2.4421549e+03   3.0424890e+03
   1.3580000e+03  -1.4990612e+04   2.6815784e+04
   1.3590000e+03  -1.1926378e+04   2.2470853e+03
   1.3600000e+03   5.7966960e+03  -2.4291934e+04
   1.3610000e+03   9.3967694e+02  -2.0918936e+04
   1.3620000e+03  -2.1799250e+04  -6.0203580e+02
   1.3630000e+03  -1.4235408e+04   1.4448821e+04
   1.3640000e+03   1.3800087e+04   8.0818773e+03
   1.3650000e+03   1.8554624e+04  -1.5107189e+04
   1.3660000e+03   7.5934773e+02  -3.0346650e+04
   1.3670000e+03  -1.4468040e+04  -2.6063976e+04
   1.3680000e+03  -1.0456253e+04  -9.4681505e+03
   1.3690000e+03   1.0930593e+04   6.0402286e+03
   1.3700000e+03   1.8956236e+04   2.6287000e+03
   1.3710000e+03  -5.7449307e+02  -1.5119841e+04
   1.3720000e+03  -1.3185631e+04  -1.9795113e+04
   1.3730000e+03   9.3255895e+02  -1.2293624e+04
   1.3740000e+03   1.9147530e+04  -9.7129187e+03
   1.3750000e+03   1.4866926e+04  -1.5890695e+03
   1.3760000e+03  -6.9330149e+03   1.1502171e+04
   1.3770000e+03  -9.3390073e+03   5.8522502e+03
   1.3780000e+03   7.1116236e+03  -7.6935021e+03
   1.3790000e+03   1.2045676e+04  -6.4347249e+03
   1.3800000e+03   1.4815274e+04  -6.8543390e+02
   1.3810000e+03   2.1300462e+04   1.6298893e+03
   1.3820000e+03   1.6370034e+04   3.8575049e+03
   1.3830000e+03   5.9542203e+03   1.8395025e+03
   1.3840000e+03  -1.8451511e+03  -1.8975652e+03
   1.3850000e+03  -7.7965623e+03  -2.4754412e+03
   1.3860000e+03  -4.0055856e+02  -4.6899621e+02
   1.3870000e+03   2.4732306e+04   7.4987991e+03
   1.3880000e+03   3.0227650e+04   1.2760217e+04
   1.3890000e+03  -2.9914612e+03  -1.2696819e+03
   1.3900000e+03  -2.5900791e+04  -1.8999464e+04
   1.3910000e+03  -1.0146466e+04  -1.4025212e+04
   1.3920000e+03   1.5092991e+04   5.1540336e+03
   1.3930000e+03   2.2048187e+04   1.8030792e+04
   1.3940000e+03   1.0923040e+04   1.7923085e+04
   1.3950000e+03   1.9385361e+03   9.3770138e+03
   1.3960000e+03   3.6184024e+03   1.8757705e+03
   1.3970000e+03   8.4939224e+03  -2.5075756e+03
   1.3980000e+03   8.6141067e+03  -9.6519953e+02
   1.3990000e+03   1.3057779e+03   7.9309538e+03
   1.4000000e+03  -2.5319123e+02   1.2487371e+04
   1.4010000e+03   5.8610780e+03   8.2610531e+03
   1.4020000e+03   4.4040941e+03   3.2390456e+03
   1.4030000e+03  -4.9748206e+03   5.6987415e+03
   1.4040000e+03  -1.1700938e+04   1.1438108e+04
   1.4050000e+03  -3.2108806e+03   2.4803366e+02
   1.4060000e+03   1.6239110e+04  -2.0852313e+04
   1.4070000e+03   1.5332644e+04  -1.2842508e+04
   1.4080000e+03  -1.4137026e+04   2.0581714e+04
   1.4090000e+03  -3.3567067e+04   3.0658105e+04
   1.4100000e+03  -1.4359793e+04   1.2198804e+04
   1.4110000e+03   2.0841456e+04  -8.5819441e+02
   1.4120000e+03   2.9594424e+04  -3.5674097e+03
   1.4130000e+03   1.6637268e+03   2.5447844e+03
   1.4140000e+03  -2.1326109e+04   1.9243444e+04
   1.4150000e+03  -8.3101926e+03   2.4166807e+04
   1.4160000e+03   6.8382920e+03   7.1293806e+03
   1.4170000e+03   9.3496951e+02  -1.5822304e+04
   1.4180000e+03  -7.2357093e+03  -2.1221191e+04
   1.4190000e+03  -1.1677961e+04   1.5049180e+03
   1.4200000e+03  -6.5041073e+03   2.2332866e+04
   1.4210000e+03   5.2106530e+03   1.4829596e+04
   1.4220000e+03  -5.6957451e+03  -3.2718667e+03
   1.4230000e+03  -2.6309991e+04  -1.1859154e+04
   1.4240000e+03  -1.3303344e+04  -1.2745000e+04
   1.4250000e+03   9.4780590e+03  -7.3662008e+03
   1.4260000e+03  -3.1232819e+03   9.3065882e+03
   1.4270000e+03  -1.7874539e+04   2.3548211e+04
   1.4280000e+03  -1.8277629e+03   1.6133560e+04
   1.4290000e+03   7.7258709e+03  -6.2097787e+03
   1.4300000e+03  -8.4204385e+03  -2.3726322e+04
   1.4310000e+03  -1.6337974e+04  -1.3273240e+04
   1.4320000e+03   8.6426573e+02   1.6673250e+04
   1.4330000e+03   8.5208249e+03   1.5011902e+04
   1.4340000e+03  -9.5031137e+03  -1.6251183e+04
   1.4350000e+03  -1.1485603e+04  -2.0457835e+04
   1.4360000e+03   6.3789551e+03   4.9633512e+03
   1.4370000e+03   1.5117720e+02   1.9846547e+04
   1.4380000e+03  -2.4600005e+04   1.1418150e+04
   1.4390000e+03  -2.3094877e+04  -6.1098473e+03
   1.4400000e+03   1.1624358e+04  -1.1663265e+04
   1.4410000e+03   2.8152091e+04  -1.8387270e+02
   1.4420000e+03  -3.4260042e+03   8.7628048e+03
   1.4430000e+03  -3.2976815e+04   4.0843227e+03
   1.4440000e+03  -1.9687583e+04  -9.4157530e+03
   1.4450000e+03   7.6749709e+03  -2.4729595e+04
   1.4460000e+03   1.8149715e+04  -2.4069012e+04
   1.4470000e+03   1.3276794e+04  -5.4801289e+03
   1.4480000e+03  -3.6353962e+03  -4.5305309e+02
   1.4490000e+03  -1.8772424e+04  -1.2401727e+04
   1.4500000e+03  -6.6911712e+03  -4.0361076e+03
   1.4510000e+03   1.4790480e+04   1.4589081e+04
   1.4520000e+03   1.4162005e+04  -4.0910885e+03
   1.4530000e+03   8.0830422e+03  -2.9362255e+04
   1.4540000e+03   7.4697648e+03  -4.3102262e+03
   1.4550000e+03  -1.5060300e+03   2.9653522e+04
   1.4560000e+03  -5.4064245e+03   1.5167199e+04
   1.4570000e+03   1.8126007e+03  -2.3139916e+04
   1.4580000e+03  -2.8663064e+03  -3.3813093e+04
   1.4590000e+03  -8.2203857e+03  -4.8156830e+03
   1.4600000e+03   8.9010390e+02   1.4885060e+04
   1.4610000e+03  -3.5708590e+03  -2.1033970e+04
   1.4620000e+03  -1.4185947e+04  -5.6521256e+04
   1.4630000e+03  -5.3552028e+02  -1.8325513e+04
   1.4640000e+03   1.1031078e+04   3.7290926e+04
   1.4650000e+03   2.7839955e+03   2.6103105e+04
   1.4660000e+03   5.2305819e+02  -1.9190361e+04
   1.4670000e+03   1.0512611e+04  -2.9234947e+04
   1.4680000e+03   1.9981956e+04  -3.4723189e+02
   1.4690000e+03   2.0162740e+04   2.2064574e+04
   1.4700000e+03   7.3614750e+03   1.2759030e+04
   1.4710000e+03  -4.8352982e+03   9.9178072e+02
   1.4720000e+03  -8.3428731e+02   9.7143349e+02
   1.4730000e+03   1.1842016e+04  -9.5459579e+03
   1.4740000e+03   1.9179688e+04  -2.3656370e+04
   1.4750000e+03   1.2084683e+04  -1.8005407e+04
   1.4760000e+03  -8.4017844e+03   4.1935615e+03
   1.4770000e+03  -1.3527029e+04   1.6579520e+04
   1.4780000e+03   1.3778169e+04   5.4803342e+03
   1.4790000e+03   3.9338667e+04  -3.7023006e+03
   1.4800000e+03   2.5516258e+04   8.8720469e+03
   1.4810000e+03  -1.0320126e+04   2.3064160e+04
   1.4820000e+03  -1.6514848e+04   1.5230120e+04
   1.4830000e+03   1.0650759e+04  -3.1289531e+03
   1.4840000e+03   2.4085148e+04  -4.5126700e+03
   1.4850000e+03   9.2692623e+03   6.8789463e+03
   1.4860000e+03  -5.1939420e+03   1.4247179e+04
   1.4870000e+03  -1.9266951e+03   1.7600869e+04
   1.4880000e+03   6.6948850e+02   1.1419310e+04
   1.4890000e+03  -1.5008121e+04  -2.8719214e+03
   1.4900000e+03  -2.5350900e+04  -8.6363385e+03
   1.4910000e+03  -4.4559456e+03  -6.3136501e+03
   1.4920000e+03   2.4403398e+04   2.0251913e+02
   1.4930000e+03   1.9228815e+04   1.6699332e+04
   1.4940000e+03  -5.5874027e+03   2.8175998e+04
   1.4950000e+03  -3.0033563e+03   1.7618079e+04
   1.4960000e+03   1.2353726e+04   1.9433299e+03
   1.4970000e+03   4.5455079e+03   3.9132050e+03
   1.4980000e+03  -7.9191318e+03   2.1571236e+04
   1.4990000e+03   1.1374325e+03   2.8246346e+04
   1.5000000e+03   1.3042744e+04   8.0772809e+03
   1.5010000e+03  -2.5122397e+03  -6.1074754e+03
   1.5020000e+03  -2.1589708e+04   9.4001667e+03
   1.5030000e+03  -1.2141060e+04   2.4092904e+04
   1.5040000e+03  -6.9583883e+03   1.2833652e+04
   1.5050000e+03  -2.0901361e+04  -1.4054020e+04
   1.5060000e+03  -1.8629161e+04  -2.9205985e+04
   1.5070000e+03  -1.4497815e+03  -1.5662204e+04
   1.5080000e+03   1.0291500e+03   7.9901553e+03
   1.5090000e+03  -1.5024411e+04   2.0407014e+04
   1.5100000e+03  -2.6783012e+04   2.1620147e+04
   1.5110000e+03  -1.1760090e+04   7.9408957e+03
   1.5120000e+03   1.2032485e+04  -1.2652217e+04
   1.5130000e+03   4.6562005e+03  -1.0402008e+04
   1.5140000e+03  -2.5005422e+04   1.4045854e+04
   1.5150000e+03  -2.8733827e+04   2.5798719e+04
   1.5160000e+03   5.2590845e+03   9.9625539e+03
   1.5170000e+03   2.8818768e+04  -1.3594104e+04
   1.5180000e+03  -2.3786288e+03  -2.0748417e+04
   1.5190000e+03  -4.6440229e+04  -1.6001926e+04
   1.5200000e+03  -3.4172612e+04  -1.1273075e+04
   1.5210000e+03   1.0162896e+04  -2.5229294e+03
   1.5220000e+03   2.1210892e+04   2.3815895e+02
   1.5230000e+03  -9.0830166e+03  -8.4876634e+03
   1.5240000e+03  -3.7863875e+04  -1.5973362e+04
   1.5250000e+03  -2.6304340e+04  -2.4587429e+04
   1.5260000e+03   5.0473893e+03  -2.4406201e+04
   1.5270000e+03   1.6382093e+04  -3.2687039e+03
   1.5280000e+03   8.7648498e+03   8.6025412e+03
   1.5290000e+03  -4.9602977e+03  -1.0134893e+04
   1.5300000e+03  -9.4634672e+03  -3.1529430e+04
   1.5310000e+03   8.3292442e+03  -2.1532558e+04
   1.5320000e+03   2.7883562e+04   4.7061850e+03
   1.5330000e+03   2.2154003e+04   3.9112360e+03
   1.5340000e+03  -2.5550639e+03  -2.1588230e+04
   1.5350000e+03  -2.2223629e+04  -3.5787124e+04
   1.5360000e+03  -2.0746154e+04  -2.2446685e+04
   1.5370000e+03   5.0389224e+03   5.4123716e+03
   1.5380000e+03   2.7382870e+04   1.2955972e+04
   1.5390000e+03   1.1086450e+04  -8.2689470e+03
   1.5400000e+03  -1.6717180e+04  -2.0088301e+04
   1.5410000e+03  -1.0283087e+04  -9.7563755e+03
   1.5420000e+03   1.6361763e+04  -3.8845190e+03
   1.5430000e+03   3.2219515e+04  -5.8649464e+03
   1.5440000e+03   2.5453925e+04  -3.5697186e+03
   1.5450000e+03   1.7523252e+03   1.4317869e+03
   1.5460000e+03  -6.1728793e+03   4.7908367e+03
   1.5470000e+03   1.0970029e+04   7.3852134e+02
   1.5480000e+03   2.2915587e+04  -5.3159936e+03
   1.5490000e+03   2.2645505e+04  -2.5008730e+03
   1.5500000e+03   1.5621782e+04   1.7210272e+02
   1.5510000e+03   3.5869756e+02  -8.7371717e+02
   1.5520000e+03  -2.8152925e+03   3.5210213e+03
   1.5530000e+03   1.2042055e+04   1.0831788e+04
   1.5540000e+03   1.7505467e+04   1.3326837e+04
   1.5550000e+03   3.1777724e+03   9.2741469e+03
   1.5560000e+03  -9.4963591e+03   4.6479929e+03
   1.5570000e+03  -1.3362420e+03   4.1431048e+03
   1.5580000e+03   1.4571847e+04   3.4477472e+03
   1.5590000e+03   1.9800465e+04  -3.0157963e+02
   1.5600000e+03   1.2573007e+04   3.6545875e+03
   1.5610000e+03  -6.8815073e+03   1.7762932e+04
   1.5620000e+03  -1.8239534e+04   1.4090061e+04
   1.5630000e+03   8.9075080e+01  -1.7453215e+02
   1.5640000e+03   2.8205678e+04   1.5964708e+04
   1.5650000e+03   2.9744201e+04   3.3000598e+04
   1.5660000e+03  -1.2126101e+02   1.3770981e+04
   1.5670000e+03  -1.7919199e+04  -5.8369237e+03
   1.5680000e+03   1.1758866e+03   2.9784808e+02
   1.5690000e+03   1.7638404e+04   2.5305668e+04
   1.5700000e+03   6.9386849e+03   4.6784148e+04
   1.5710000e+03  -7.0338404e+03   2.4431201e+04
   1.5720000e+03  -7.0495759e+03  -2.6238730e+04
   1.5730000e+03  -3.4483324e+02  -2.9061384e+04
   1.5740000e+03   3.3829086e+03   2.6957137e+04
   1.5750000e+03  -3.5306194e+03   5.7314553e+04
   1.5760000e+03  -2.5919248e+04   1.3254412e+04
   1.5770000e+03  -3.7879127e+04  -4.0142685e+04
   1.5780000e+03  -1.4181646e+04  -2.7416706e+04
   1.5790000e+03   9.7868519e+03   2.3718496e+04
   1.5800000e+03  -5.8901379e+03   3.8538948e+04
   1.5810000e+03  -3.0388888e+04   3.9789662e+03
   1.5820000e+03  -1.3831535e+04  -3.2233651e+04
   1.5830000e+03   1.7473917e+04  -2.3870255e+04
   1.5840000e+03   6.6070271e+03   1.5481030e+04
   1.5850000e+03  -1.9002079e+04   2.3853061e+04
   1.5860000e+03  -7.2084647e+03  -5.6365246e+03
   1.5870000e+03   1.6008107e+04  -1.4777143e+04
   1.5880000e+03   1.1632842e+04   9.9663046e+03
   1.5890000e+03  -1.0429833e+04   2.1502531e+04
   1.5900000e+03  -2.9003129e+04   1.9790975e+03
   1.5910000e+03  -2.5027827e+04  -1.5251242e+04
   1.5920000e+03   3.6187605e+03  -1.6532940e+04
   1.5930000e+03   9.3163366e+03  -1.3410232e+04
   1.5940000e+03  -3.3343390e+04   1.0115200e+03
   1.5950000e+03  -6.2559612e+04   1.4998334e+04
   1.5960000e+03  -3.0101068e+04  -2.7175680e+02
   1.5970000e+03   1.4182218e+04  -2.4396096e+04
   1.5980000e+03   1.0388319e+04  -2.5229310e+04
   1.5990000e+03  -1.3742304e+04  -1.9338039e+04
   1.6000000e+03  -1.4167069e+04  -2.2936450e+04
   1.6010000e+03  -5.9025453e+03  -1.4553979e+04
   1.6020000e+03   5.0796849e+03   1.0719884e+04
   1.6030000e+03   2.5508808e+04   1.6069452e+04
   1.6040000e+03   2.9205002e+04  -1.4690417e+04
   1.6050000e+03   1.1031386e+04  -3.5650006e+04
   1.6060000e+03  -1.5767640e+02  -1.3954251e+04
   1.6070000e+03   7.0160390e+03   5.7498883e+03
   1.6080000e+03   8.3888634e+03  -1.3189615e+03
   1.6090000e+03  -1.4605496e+04   3.6408540e+02
   1.6100000e+03  -2.5815217e+04   4.1378282e+03
   1.6110000e+03  -4.2507878e+02  -8.7600331e+03
   1.6120000e+03   1.2745545e+04  -1.2160183e+04
   1.6130000e+03  -1.3493052e+04  -4.6177679e+03
   1.6140000e+03  -2.6002586e+04  -1.8072678e+03
   1.6150000e+03  -8.2995008e+02   2.2637874e+02
   1.6160000e+03   1.3940787e+04  -2.3422520e+03
   1.6170000e+03   1.1115293e+04  -4.7637373e+03
   1.6180000e+03   2.1186249e+04   1.8345508e+03
   1.6190000e+03   2.5786263e+04  -2.1604263e+03
   1.6200000e+03   1.1229178e+04  -2.1258789e+04
   1.6210000e+03   3.8418514e+03  -2.3521050e+04
   1.6220000e+03   1.2378095e+04   1.3327322e+03
   1.6230000e+03   2.3668781e+04   1.8346334e+04
   1.6240000e+03   2.6305776e+04  -6.3517827e+02
   1.6250000e+03   1.5042861e+04  -2.3914309e+04
   1.6260000e+03   1.9219772e+02  -9.2921007e+03
   1.6270000e+03  -1.1721021e+03   1.6401555e+04
   1.6280000e+03   8.4408497e+03   1.3396096e+04
   1.6290000e+03   1.3755206e+04  -1.0381924e+03
   1.6300000e+03   7.2102804e+03  -1.1622358e+03
   1.6310000e+03  -4.4731000e+03   7.2131721e+03
   1.6320000e+03  -4.1519255e+03   1.1230538e+04
   1.6330000e+03   5.1268541e+03   1.2466231e+04
   1.6340000e+03   8.2096277e+03   1.0229217e+04
   1.6350000e+03   8.6282554e+03  -1.1277532e+03
   1.6360000e+03   5.2508038e+03  -5.6761971e+03
   1.6370000e+03  -3.0101716e+03   6.4241687e+03
   1.6380000e+03  -5.9215276e+02   1.5631941e+04
   1.6390000e+03   1.5085312e+04   6.6422158e+03
   1.6400000e+03   2.0962653e+04  -1.4043372e+04
   1.6410000e+03  -2.9174489e+03  -2.0279064e+04
   1.6420000e+03  -2.7706468e+04   1.5083565e+03
   1.6430000e+03  -1.4043186e+04   2.8077424e+04
   1.6440000e+03   1.1005827e+04   3.0470011e+04
   1.6450000e+03   1.0605950e+04   4.0328597e+03
   1.6460000e+03   2.9727490e+03  -1.8881846e+04
   1.6470000e+03   6.6138974e+03  -5.8514650e+03
   1.6480000e+03   6.7786535e+03   2.7548273e+04
   1.6490000e+03  -4.0382035e+03   4.5114858e+04
   1.6500000e+03  -1.2909886e+04   2.6873962e+04
   1.6510000e+03  -9.2338238e+03  -6.1627047e+03
   1.6520000e+03   5.5878451e+03  -1.1900699e+04
   1.6530000e+03   1.0006943e+04  -2.2142610e+02
   1.6540000e+03  -9.0081423e+03   2.5216717e+02
   1.6550000e+03  -2.3903507e+04   1.1245452e+03
   1.6560000e+03  -1.6519517e+04   5.7532692e+03
   1.6570000e+03  -5.0165023e+03   4.1606712e+03
   1.6580000e+03  -3.2312085e+03   3.3646907e+03
   1.6590000e+03  -7.6066610e+03  -2.2358890e+03
   1.6600000e+03  -1.2318574e+04  -1.9159928e+04
   1.6610000e+03  -7.6856486e+03  -2.0545765e+04
   1.6620000e+03   1.2970136e+04   9.7283113e+03
   1.6630000e+03   1.8664170e+04   3.8211624e+04
   1.6640000e+03  -1.1658570e+04   2.8693669e+04
   1.6650000e+03  -2.8415048e+04  -5.2882419e+03
   1.6660000e+03  -6.1250788e+03  -2.4072968e+04
   1.6670000e+03   1.3309097e+04  -9.6446305e+03
   1.6680000e+03   8.6487172e+03   1.7763234e+04
   1.6690000e+03  -1.1240563e+04   1.4482888e+04
   1.6700000e+03  -3.1173535e+04  -1.7124807e+04
   1.6710000e+03  -2.5016858e+04  -1.8479039e+04
   1.6720000e+03   9.5727776e+02   1.3792892e+04
   1.6730000e+03   3.3634871e+03   1.8868502e+04
   1.6740000e+03  -1.7127851e+04  -1.4094478e+04
   1.6750000e+03  -2.0188483e+04  -3.1257890e+04
   1.6760000e+03  -4.7552000e+02  -7.6393188e+03
   1.6770000e+03   2.2271171e+04   1.5577536e+04
   1.6780000e+03   2.0797686e+04   8.3440975e+03
   1.6790000e+03  -1.6020119e+04  -6.9418546e+03
   1.6800000e+03  -3.6805911e+04  -5.4870429e+03
   1.6810000e+03  -5.4024581e+03   9.7082558e+03
   1.6820000e+03   2.9772447e+04   1.2647143e+04
   1.6830000e+03   2.3849369e+04  -6.3096903e+03
   1.6840000e+03  -2.5486944e+03  -2.0997937e+04
   1.6850000e+03  -1.6599927e+04  -1.4680608e+04
   1.6860000e+03  -1.1295152e+04   4.9334305e+03
   1.6870000e+03   5.2084944e+03   1.3134636e+04
   1.6880000e+03   7.4689828e+03  -9.1738156e+03
   1.6890000e+03  -7.7091195e+03  -3.1915528e+04
   1.6900000e+03  -6.9389413e+03  -1.9778215e+04
   1.6910000e+03   5.8538488e+03   6.3194902e+02
   1.6920000e+03   1.1142177e+04  -9.8293676e+03
   1.6930000e+03   1.1450623e+04  -2.8298363e+04
   1.6940000e+03  -1.0793102e+03  -1.8064901e+04
   1.6950000e+03  -1.1735746e+04   1.5736134e+03
   1.6960000e+03  -8.8209580e+02   4.0207783e+03
   1.6970000e+03   1.0500281e+04  -4.3668026e+03
   1.6980000e+03   1.1725920e+04  -8.4356634e+03
   1.6990000e+03   9.8304707e+03   1.8489100e+03
   1.7000000e+03   1.3617686e+03   1.1631505e+04
   1.7010000e+03  -1.0353112e+04   4.6659709e+02
   1.7020000e+03  -9.2057649e+03  -1.1899278e+04
   1.7030000e+03   3.7339636e+03   4.0647089e+03
   1.7040000e+03   3.0596034e+03   2.5844724e+04
   1.7050000e+03  -1.0985096e+04   6.6508549e+03
   1.7060000e+03  -9.4787155e+03  -3.1708356e+04
   1.7070000e+03   8.7460559e+03  -2.5012073e+04
   1.7080000e+03   2.2051145e+04   1.5634230e+04
   1.7090000e+03   2.2682821e+04   2.1593038e+04
   1.7100000e+03   8.1222129e+03  -1.6099557e+04
   1.7110000e+03  -1.3129066e+04  -3.3268754e+04
   1.7120000e+03  -5.0906221e+03  -1.7108246e+03
   1.7130000e+03   2.9157089e+04   2.6124345e+04
   1.7140000e+03   3.7265824e+04   1.0752083e+04
   1.7150000e+03   1.7077898e+04  -1.9956787e+04
   1.7160000e+03   4.1144838e+02  -2.4282013e+04
   1.7170000e+03  -4.2618915e+03   6.4859439e+02
   1.7180000e+03   2.9035285e+03   2.3542047e+04
   1.7190000e+03   5.1081343e+03   2.0186464e+04
   1.7200000e+03  -2.3597902e+03  -1.7475733e+03
   1.7210000e+03   1.1075840e+03  -1.5772086e+04
   1.7220000e+03   5.1433417e+03  -3.6530842e+03
   1.7230000e+03  -6.1882794e+03   2.4519117e+04
   1.7240000e+03  -1.2961676e+04   2.9043809e+04
   1.7250000e+03  -5.2521816e+03  -7.1751375e+03
   1.7260000e+03  -6.5395034e+02  -3.0343434e+04
   1.7270000e+03   3.4296794e+02  -8.4985856e+02
   1.7280000e+03   1.2070725e+04   3.4673223e+04
   1.7290000e+03   1.9968960e+04   3.3331418e+04
   1.7300000e+03   9.0174066e+03   7.5458053e+03
   1.7310000e+03   1.3735061e+03  -1.4329564e+04
   1.7320000e+03   7.5006740e+03  -5.3509439e+03
   1.7330000e+03   9.6257281e+03   2.3369307e+04
   1.7340000e+03   8.3294860e+03   2.6669858e+04
   1.7350000e+03   1.1713100e+04   5.2766107e+03
   1.7360000e+03   1.0919674e+04  -7.1755988e+03
   1.7370000e+03   3.5406435e+03  -6.4905428e+03
   1.7380000e+03  -7.1292015e+03   4.6794849e+03
   1.7390000e+03  -1.8024448e+04   2.1449929e+04
   1.7400000e+03  -1.6951405e+04   2.2051754e+04
   1.7410000e+03  -5.9526603e+03   3.3861881e+03
   1.7420000e+03  -3.2409724e+03  -1.1618271e+04
   1.7430000e+03  -8.9912669e+03  -2.1729853e+02
   1.7440000e+03  -9.4791804e+03   2.4888153e+04
   1.7450000e+03  -1.1895881e+04   2.4569871e+04
   1.7460000e+03  -2.6277114e+04   5.7420238e+03
   1.7470000e+03  -2.7128225e+04  -9.0649004e+02
   1.7480000e+03  -6.3743677e+03   3.5998892e+03
   1.7490000e+03   3.8797026e+03   1.3773674e+04
   1.7500000e+03  -3.1826775e+03   1.6935426e+04
   1.7510000e+03  -1.1077786e+04   1.5192801e+03
   1.7520000e+03  -4.3056081e+03  -8.4506100e+03
   1.7530000e+03   8.5679155e+03   2.7299609e+03
   1.7540000e+03  -7.9988614e+03   7.7582100e+03
   1.7550000e+03  -2.8003199e+04  -9.6702739e+03
   1.7560000e+03  -1.0298752e+04  -1.8677707e+04
   1.7570000e+03  -1.9629753e+03  -7.3761283e+03
   1.7580000e+03  -2.1751708e+04  -8.0962816e+03
   1.7590000e+03  -1.8012813e+04  -1.8597238e+04
   1.7600000e+03   2.1478643e+03  -1.2271363e+04
   1.7610000e+03  -3.7220137e+03  -5.2564194e+02
   1.7620000e+03  -1.9931985e+04  -2.3286268e+03
   1.7630000e+03  -1.5599526e+04  -1.1118867e+04
   1.7640000e+03  -6.2812269e+02  -1.1165539e+04
   1.7650000e+03   2.9493869e+03  -4.1572824e+03
   1.7660000e+03  -3.1089938e+03  -8.2014061e+03
   1.7670000e+03  -1.9192380e+02  -1.7497991e+04
   1.7680000e+03   1.0775221e+04  -7.4717421e+03
   1.7690000e+03   8.5732465e+03   6.9573779e+03
   1.7700000e+03  -2.6065546e+03  -8.7072345e+03
   1.7710000e+03  -2.8601334e+03  -3.2710256e+04
   1.7720000e+03   1.7712867e+03  -2.2970327e+04
   1.7730000e+03  -3.0155279e+03  -6.8875450e+02
   1.7740000e+03  -6.2916761e+03  -6.6536672e+03
   1.7750000e+03   1.1968257e+04  -2.4018982e+04
   1.7760000e+03   3.0674158e+04  -1.8255757e+04
   1.7770000e+03   1.4220363e+04  -1.9700285e+03
   1.7780000e+03  -9.2846390e+03   9.4218797e+02
   1.7790000e+03  -6.5524871e+02  -1.5565797e+03
   1.7800000e+03   1.4176364e+04  -1.0936773e+03
   1.7810000e+03   9.1406506e+03  -1.0574421e+03
   1.7820000e+03   1.5510564e+03  -3.7623091e+03
   1.7830000e+03   4.3388782e+03  -1.3230094e+04
   1.7840000e+03   8.1222326e+03  -2.0869422e+04
   1.7850000e+03   2.7285626e+03  -1.1507483e+04
   1.7860000e+03  -5.1589721e+03   4.8552073e+03
   1.7870000e+03  -2.6112916e+03   4.0325579e+03
   1.7880000e+03   7.7117848e+03  -1.2472196e+04
   1.7890000e+03   1.8447400e+04  -1.8140536e+04
   1.7900000e+03   2.5462397e+04  -3.1483727e+03
   1.7910000e+03   2.2707392e+04   1.4604032e+04
   1.7920000e+03   1.2372584e+04   1.7118178e+04
   1.7930000e+03   4.5442436e+03   7.7039585e+03
   1.7940000e+03   1.0885271e+04   6.2761568e+03
   1.7950000e+03   2.7228317e+04   1.5556423e+04
   1.7960000e+03   2.4164033e+04   1.5302906e+04
   1.7970000e+03   1.1773067e+03   2.1016217e+03
   1.7980000e+03  -2.2855715e+03  -3.6182522e+03
   1.7990000e+03   1.4863334e+04   9.2272721e+03
   1.8000000e+03   1.2865325e+04   2.4822548e+04
   1.8010000e+03  -9.9149139e+03   1.8043105e+04
   1.8020000e+03  -1.6379916e+04  -6.6620503e+03
   1.8030000e+03   5.4456660e+02  -1.2425475e+04
   1.8040000e+03   1.3947125e+04   1.1886475e+04
   1.8050000e+03   1.2030330e+04   2.6708508e+04
   1.8060000e+03   1.9901567e+03   4.3391304e+03
   1.8070000e+03  -7.5963779e+03  -1.9828592e+04
   1.8080000e+03  -5.3486152e+03   2.1677761e+03
   1.8090000e+03   8.6488650e+03   4.3227149e+04
   1.8100000e+03   1.4356900e+04   3.7480519e+04
   1.8110000e+03   5.2553064e+03   1.8817818e+02
   1.8120000e+03  -6.1349588e+03  -1.5805268e+03
   1.8130000e+03  -1.8175976e+04   2.7414274e+04
   1.8140000e+03  -2.5519420e+04   3.0990473e+04
   1.8150000e+03  -1.3220749e+04   5.0595298e+03
   1.8160000e+03   7.0529810e+03  -7.6092936e+03
   1.8170000e+03   7.3230683e+03   4.7158518e+03
   1.8180000e+03  -1.1719843e+04   1.4481547e+04
   1.8190000e+03  -2.3815210e+04   4.0267286e+03
   1.8200000e+03  -1.8378702e+04  -1.0277550e+04
   1.8210000e+03  -3.9104089e+03  -4.5426405e+03
   1.8220000e+03   4.9208802e+03   5.9012824e+03
   1.8230000e+03  -6.7909342e+03  -5.5731324e+03
   1.8240000e+03  -1.7978441e+04  -1.7445164e+04
   1.8250000e+03  -7.3517971e+03  -1.8017151e+03
   1.8260000e+03  -3.7907960e+03   2.0578359e+04
   1.8270000e+03  -1.5880668e+04   2.1041103e+04
   1.8280000e+03  -2.3384175e+04   4.8047040e+03
   1.8290000e+03  -2.4299454e+04  -1.1727338e+04
   1.8300000e+03  -1.4718962e+04  -1.1896633e+04
   1.8310000e+03  -4.7783283e+03   1.0087830e+04
   1.8320000e+03  -1.4047648e+04   1.6859804e+04
   1.8330000e+03  -2.5368505e+04  -9.0535239e+03
   1.8340000e+03  -1.4015611e+04  -2.1981955e+04
   1.8350000e+03   8.0884088e+03  -5.9127788e+03
   1.8360000e+03   1.1687103e+04   1.0470005e+04
   1.8370000e+03  -3.0255975e+03   4.7576719e+03
   1.8380000e+03  -1.3372174e+04  -2.7819178e+04
   1.8390000e+03  -1.1020591e+04  -4.4226234e+04
   1.8400000e+03   2.7650871e+03  -1.1290101e+04
   1.8410000e+03   1.7676047e+04   1.9241969e+04
   1.8420000e+03   1.5837263e+04   1.3894551e+03
   1.8430000e+03  -2.1646409e+03  -3.2000333e+04
   1.8440000e+03  -1.6895758e+04  -3.2979444e+04
   1.8450000e+03  -1.3981861e+04  -5.5088990e+03
   1.8460000e+03  -7.1315428e+02   3.8475058e+03
   1.8470000e+03   6.8906636e+03  -1.8559493e+04
   1.8480000e+03   8.4352045e+03  -2.8046386e+04
   1.8490000e+03   9.2082672e+03  -4.6417662e+03
   1.8500000e+03   2.8466713e+03   1.5035109e+04
   1.8510000e+03  -2.8133868e+03   6.3015816e+03
   1.8520000e+03   1.3808478e+04  -1.6104523e+04
   1.8530000e+03   2.9954769e+04  -2.5189805e+04
   1.8540000e+03   1.4606465e+04  -1.1656344e+04
   1.8550000e+03  -2.7202583e+03   5.1156171e+03
   1.8560000e+03   4.2064042e+03   1.0618130e+04
   1.8570000e+03   1.8939975e+04   2.9489645e+03
   1.8580000e+03   2.2370229e+04  -1.7979959e+04
   1.8590000e+03   7.0957107e+03  -2.5212083e+04
   1.8600000e+03  -9.2348545e+03  -3.2876895e+03
   1.8610000e+03  -7.2911957e+03   1.3593846e+04
   1.8620000e+03   2.8324919e+03   7.6641432e+03
   1.8630000e+03   1.3957762e+04  -5.2560938e+03
   1.8640000e+03   1.8524089e+04  -1.1158332e+04
   1.8650000e+03  -5.2540292e+03   1.6111251e+03
   1.8660000e+03  -3.2730311e+04   1.8729645e+04
   1.8670000e+03  -1.0272651e+04   1.2776607e+04
   1.8680000e+03   3.4656631e+04  -4.5526753e+03
   1.8690000e+03   3.3385909e+04  -5.4904172e+03
   1.8700000e+03  -2.9242123e+03   1.2266280e+04
   1.8710000e+03  -1.7298324e+04   2.1617121e+04
   1.8720000e+03   6.3343111e+03   2.9475062e+03
   1.8730000e+03   3.4986534e+04  -1.4078045e+04
   1.8740000e+03   2.8665124e+04  -4.3527030e+03
   1.8750000e+03  -5.1044398e+03   1.0861674e+04
   1.8760000e+03  -2.2854114e+04   1.2951714e+04
   1.8770000e+03  -8.5050631e+03   5.2741947e+03
   1.8780000e+03   1.4657915e+04   5.3685196e+03
   1.8790000e+03   2.2765242e+04   1.6248441e+04
   1.8800000e+03   1.5117175e+04   6.4456654e+03
   1.8810000e+03   3.8952595e+02  -2.0328873e+04
   1.8820000e+03  -1.3805444e+04  -1.4563769e+04
   1.8830000e+03  -1.4638911e+04   2.0884538e+04
   1.8840000e+03  -2.2144834e+02   3.2970128e+04
   1.8850000e+03   8.4552605e+03   1.3641868e+04
   1.8860000e+03   5.8155880e+03  -6.8386796e+03
   1.8870000e+03   9.1361667e+03  -1.7137528e+04
   1.8880000e+03   7.0599186e+03  -6.4847972e+03
   1.8890000e+03  -1.5236728e+04   2.0685357e+04
   1.8900000e+03  -2.4697346e+04   2.3345325e+04
   1.8910000e+03  -4.5274863e+03   9.8281520e+02
   1.8920000e+03   6.4051085e+03  -3.3991854e+03
   1.8930000e+03  -7.7839667e+03   1.2525861e+04
   1.8940000e+03  -1.4363581e+04   1.7103216e+04
   1.8950000e+03  -3.2863574e+03   5.1835418e+03
   1.8960000e+03   2.0669852e+03  -2.0701144e+03
   1.8970000e+03  -4.7304642e+03  -9.2009292e+02
   1.8980000e+03  -1.1017536e+04   4.5606838e+03
   1.8990000e+03  -4.4457293e+03   1.5653930e+04
   1.9000000e+03   4.9647444e+03   1.1571384e+04
   1.9010000e+03  -7.2128916e+03  -9.7985874e+03
   1.9020000e+03  -2.1542036e+04  -1.4307833e+04
   1.9030000e+03  -6.5329866e+03  -3.7542303e+02
   1.9040000e+03   1.3317367e+04   5.4495097e+03
   1.9050000e+03   3.8434234e+03  -1.7934775e+03
   1.9060000e+03  -2.7190986e+04  -6.0007469e+03
   1.9070000e+03  -4.2627672e+04   3.6407051e+03
   1.9080000e+03  -1.5602100e+04   9.8945915e+03
   1.9090000e+03   2.4394840e+04  -1.5723487e+03
   1.9100000e+03   2.3711300e+04  -3.8077960e+03
   1.9110000e+03  -6.1090812e+03   1.5441182e+04
   1.9120000e+03  -1.3301678e+04   1.5912228e+04
   1.9130000e+03   9.6178624e+02  -1.0647736e+04
   1.9140000e+03   9.8184659e+03  -1.5523332e+04
   1.9150000e+03   8.2031422e+03   9.3509977e+03
   1.9160000e+03  -5.7027179e+03   1.9327362e+04
   1.9170000e+03  -1.4904128e+04   2.2485773e+03
   1.9180000e+03  -3.8795111e+02  -1.3803684e+04
   1.9190000e+03   1.1585627e+04  -1.8976578e+04
   1.9200000e+03  -7.5799874e+03  -2.0882826e+04
   1.9210000e+03  -3.1584087e+04  -1.5707102e+04
   1.9220000e+03  -2.1206084e+04  -3.2025842e+03
   1.9230000e+03   4.4017647e+03   7.4046454e+03
   1.9240000e+03   9.1458691e+03   4.6013820e+03
   1.9250000e+03   1.7294588e+03  -1.5050663e+04
   1.9260000e+03   3.3809190e+02  -2.5654953e+04
   1.9270000e+03   5.1943320e+03  -9.6830481e+03
   1.9280000e+03   1.6612876e+03   1.1009977e+04
   1.9290000e+03  -9.0401636e+03   1.6466068e+04
   1.9300000e+03   2.7158797e+03   4.8819059e+03
   1.9310000e+03   2.1906110e+04  -1.3192502e+04
   1.9320000e+03   7.9322650e+03  -1.9718640e+04
   1.9330000e+03  -1.8323014e+04  -1.2581493e+04
   1.9340000e+03  -1.5737023e+04  -3.9777753e+03
   1.9350000e+03   8.7129204e+03  -3.2403540e+02
   1.9360000e+03   1.8685157e+04  -1.2133961e+03
   1.9370000e+03   6.6265935e+03  -7.2846171e+03
   1.9380000e+03  -2.8408202e+03  -1.7066075e+04
   1.9390000e+03   1.1496502e+03  -2.2964311e+04
   1.9400000e+03   8.9573640e+03  -1.9778552e+04
   1.9410000e+03   7.4326797e+03  -7.1762089e+03
   1.9420000e+03  -1.3980227e+03   5.9193036e+03
   1.9430000e+03  -1.6583562e+03   1.0075133e+03
   1.9440000e+03   6.5400767e+03  -1.4075987e+04
   1.9450000e+03   1.0975612e+04  -6.6173750e+03
   1.9460000e+03   6.9883946e+03   1.2518700e+04
   1.9470000e+03   5.3838600e+00   7.2485735e+03
   1.9480000e+03  -1.4186559e+03  -5.8410593e+03
   1.9490000e+03   3.5674261e+03  -2.3463778e+03
   1.9500000e+03   8.5936777e+03   2.9993412e+03
   1.9510000e+03   4.1413993e+03   1.9686740e+03
   1.9520000e+03  -5.5235700e+03  -8.6375214e+02
   1.9530000e+03  -1.1243323e+03   1.1009673e+03
   1.9540000e+03   1.1794996e+04   4.7192648e+03
   1.9550000e+03   8.2768296e+03  -9.0821831e+03
   1.9560000e+03  -7.3534018e+03  -2.2962530e+04
   1.9570000e+03  -1.1990004e+04  -7.0293653e+03
   1.9580000e+03   1.0207439e+03   1.4479406e+04
   1.9590000e+03   2.5744991e+04   1.1876521e+04
   1.9600000e+03   3.6010930e+04   1.8227454e+03
   1.9610000e+03   1.0232154e+04   1.1934912e+04
   1.9620000e+03  -8.4999653e+03   2.8047897e+04
   1.9630000e+03   1.3367590e+04   1.8491290e+04
   1.9640000e+03   2.8900532e+04   1.0087006e+03
   1.9650000e+03   1.1539026e+04   5.5208177e+03
   1.9660000e+03  -7.3537117e+03   1.7440610e+04
   1.9670000e+03  -6.9248624e+03   1.6788650e+04
   1.9680000e+03   7.6339712e+03   1.5913289e+03
   1.9690000e+03   1.2898408e+04  -1.3967947e+04
   1.9700000e+03  -6.3775827e+03  -1.1072343e+03
   1.9710000e+03  -2.3981720e+04   2.4403427e+04
   1.9720000e+03  -1.3390673e+04   1.3625427e+04
   1.9730000e+03   6.2841879e+03  -1.6101885e+04
   1.9740000e+03   7.4510403e+03  -1.4254263e+04
   1.9750000e+03  -9.3605401e+03   1.3664594e+04
   1.9760000e+03  -2.2285082e+04   2.6371784e+04
   1.9770000e+03  -7.0112836e+03   7.3902378e+03
   1.9780000e+03   1.9270684e+04  -5.5567452e+03
   1.9790000e+03   1.2984327e+04   1.7374350e+04
   1.9800000e+03  -1.6216957e+04   3.9747909e+04
   1.9810000e+03  -2.3501854e+04   2.7774562e+04
   1.9820000e+03  -2.9777334e+03   2.6410385e+03
   1.9830000e+03   1.4008798e+04   8.6165980e+02
   1.9840000e+03   4.5458299e+03   1.7323693e+04
   1.9850000e+03  -1.8081542e+04   1.9101243e+04
   1.9860000e+03  -1.8963311e+04   9.4833744e+03
   1.9870000e+03   5.8269682e+03   2.9071467e+03
   1.9880000e+03   1.1308370e+04  -3.5895964e+03
   1.9890000e+03  -2.2785343e+04  -9.2945885e+03
   1.9900000e+03  -4.5763905e+04  -2.1024866e+04
   1.9910000e+03  -1.5679994e+04  -3.1649826e+04
   1.9920000e+03   2.7813482e+04  -1.6659062e+04
   1.9930000e+03   2.1427598e+04   1.5538847e+04
   1.9940000e+03  -2.0275967e+04   2.4152010e+04
   1.9950000e+03  -3.3616100e+04  -8.0066728e+03
   1.9960000e+03  -7.6873586e+03  -3.5628371e+04
   1.9970000e+03   1.5335410e+04  -1.9297944e+04
   1.9980000e+03   3.3882775e+03   1.3804849e+04
   1.9990000e+03  -1.9485697e+04   2.4466887e+04
   2.0000000e+03  -1.5795505e+04   4.1982613e+03
