   1.0274000e+02   2.5123000e+01
   9.4414760e+01   2.9483097e+01
   0.0000000e+00   6.1193804e+03   6.1193804e+03
   1.0000000e+00  -8.9495780e+02   1.0872706e+04
   2.0000000e+00   1.1853639e+03   3.2429224e+02
   3.0000000e+00   6.0825980e+03  -6.5507015e+03
   4.0000000e+00   8.5531995e+03   1.9066636e+03
   5.0000000e+00   2.1085679e+03   6.9508867e+03
   6.0000000e+00  -6.4293047e+03   3.0889152e+03
   7.0000000e+00   1.2346490e+03  -1.0755874e+03
   8.0000000e+00   1.2688407e+04  -5.3134058e+03
   9.0000000e+00   5.8901317e+03  -6.1863129e+03
   1.0000000e+01  -6.2457438e+03  -2.8970910e+03
   1.1000000e+01  -6.7600782e+03  -2.0443411e+03
   1.2000000e+01   2.3443962e+03  -1.2912373e+03
   1.3000000e+01   1.4269765e+04  -8.5954576e+02
   1.4000000e+01   1.3951945e+04  -5.9280765e+03
   1.5000000e+01  -2.0384359e+03  -8.0289835e+03
   1.6000000e+01  -1.0128883e+04  -3.2685334e+03
   1.7000000e+01  -2.3099981e+03   6.3556431e+01
   1.8000000e+01   5.9189659e+03   3.5828561e+03
   1.9000000e+01   9.3424494e+03   6.3747822e+03
   2.0000000e+01   6.0230003e+03   5.6189596e+02
   2.1000000e+01  -4.7211873e+03  -6.2231713e+03
   2.2000000e+01  -8.8078572e+03  -7.8541318e+03
   2.3000000e+01  -2.2857762e+03  -1.0540277e+04
   2.4000000e+01   1.9197071e+03  -9.2457258e+03
   2.5000000e+01   1.2743701e+03   4.6929806e+00
   2.6000000e+01   4.7313454e+02   6.1088491e+03
   2.7000000e+01   2.9580056e+02   4.4376954e+03
   2.8000000e+01   1.8087685e+02  -3.5883809e+03
   2.9000000e+01  -3.1097840e+03  -1.5268013e+04
   3.0000000e+01  -5.8097549e+03  -1.6775176e+04
   3.1000000e+01  -1.1200611e+03  -2.6385556e+03
   3.2000000e+01   1.4225957e+03   1.3513615e+04
   3.3000000e+01  -3.5498992e+03   1.9715663e+04
   3.4000000e+01  -4.4977460e+03   9.2242487e+03
   3.5000000e+01  -2.2847285e+03  -1.2390483e+04
   3.6000000e+01  -3.6394758e+03  -1.9461886e+04
   3.7000000e+01  -2.7680761e+03  -2.6314547e+03
   3.8000000e+01  -1.0416662e+03   1.5651896e+04
   3.9000000e+01  -2.1834289e+03   1.7655729e+04
   4.0000000e+01  -4.7921434e+02   5.0491227e+03
   4.1000000e+01  -9.7517580e+02  -8.9824531e+03
   4.2000000e+01  -7.1340827e+03  -1.0132154e+04
   4.3000000e+01  -5.8222180e+03  -3.3448132e+03
   4.4000000e+01   1.2211047e+03  -6.8560405e+02
   4.5000000e+01   7.7291787e+02   2.4610840e+03
   4.6000000e+01  -3.7862759e+03   7.9106744e+03
   4.7000000e+01  -6.8798946e+03   7.6234930e+03
   4.8000000e+01  -5.9131435e+03   2.2762001e+03
   4.9000000e+01   2.9910094e+03  -5.0939981e+03
   5.0000000e+01   7.6354891e+03  -8.3578853e+03
   5.1000000e+01  -5.4168019e+02   3.0189810e+03
   5.2000000e+01  -4.7433852e+03   1.6347599e+04
   5.3000000e+01   1.1010959e+03   1.1753516e+04
   5.4000000e+01   3.6396737e+03   7.6054912e+02
   5.5000000e+01   7.0457503e+02  -1.5129564e+03
   5.6000000e+01  -2.6773640e+03   1.0084197e+02
   5.7000000e+01  -3.4780180e+03   2.7993591e+03
   5.8000000e+01   5.1502086e+02   4.4526121e+03
   5.9000000e+01   2.4263326e+03   1.7080770e+03
   6.0000000e+01  -5.3575283e+02   1.1073349e+03
   6.1000000e+01  -3.1638208e+02   2.1929517e+03
   6.2000000e+01   1.3203130e+03  -1.2602553e+03
   6.3000000e+01   2.3722702e+03  -2.4393831e+03
   6.4000000e+01   8.6904113e+03  -3.4030111e+02
   6.5000000e+01   1.1090922e+04  -1.5819235e+03
   6.6000000e+01   2.2056858e+03   2.4696227e+02
   6.7000000e+01  -3.5613316e+03   5.0361285e+03
   6.8000000e+01  -5.4280611e+02   2.4194850e+03
   6.9000000e+01   4.3528007e+03  -1.7248010e+03
   7.0000000e+01   8.9134235e+03  -1.9938610e+02
   7.1000000e+01   5.6992868e+03   1.3601643e+03
   7.2000000e+01  -4.9335617e+03   1.3740342e+03
   7.3000000e+01  -6.3524796e+03  -4.2583170e+02
   7.4000000e+01   1.1872222e+03  -3.4829235e+03
   7.5000000e+01   6.3373954e+03  -1.3759023e+03
   7.6000000e+01   1.0472341e+04   5.9605837e+02
   7.7000000e+01   8.8663566e+03  -4.1921295e+03
   7.8000000e+01  -2.0787901e+03  -5.3564655e+03
   7.9000000e+01  -5.7752154e+03  -2.4938076e+03
   8.0000000e+01   2.6759403e+03  -4.5220282e+03
   8.1000000e+01   8.3378996e+03  -4.6061651e+03
   8.2000000e+01   5.6827455e+03  -2.4368981e+03
   8.3000000e+01  -1.9378047e+03  -6.1917854e+03
   8.4000000e+01  -6.9713501e+03  -6.4270760e+03
   8.5000000e+01  -2.3208515e+03  -9.0301003e+02
   8.6000000e+01   1.1517096e+03  -2.8801567e+03
   8.7000000e+01  -4.3790434e+03  -6.5945493e+03
   8.8000000e+01  -5.2148868e+03  -1.6741624e+03
   8.9000000e+01   5.7087323e+02   3.6039352e+03
   9.0000000e+01   8.4688057e+02   2.6980713e+03
   9.1000000e+01  -2.2750983e+03  -2.7657621e+03
   9.2000000e+01  -3.7096299e+03  -7.1998087e+03
   9.3000000e+01  -4.0306091e+03  -2.8004147e+03
   9.4000000e+01  -1.3835110e+03   3.5729503e+03
   9.5000000e+01  -1.7781988e+00   2.1885233e+03
   9.6000000e+01  -2.7562285e+03   2.4813023e+02
   9.7000000e+01  -2.4887186e+03  -8.5803029e+02
   9.8000000e+01  -1.2828349e+03  -5.1935648e+03
   9.9000000e+01  -5.5666028e+03  -3.4313091e+03
   1.0000000e+02  -8.6530241e+03   2.6460297e+03
   1.0100000e+02  -5.3396384e+03   1.9513119e+03
   1.0200000e+02  -1.9440511e+02   2.6588828e+03
   1.0300000e+02   1.7848339e+02   7.2411947e+03
   1.0400000e+02  -6.1910874e+03   3.7277265e+03
   1.0500000e+02  -7.7272767e+03  -1.7907504e+03
   1.0600000e+02   1.0878652e+03   3.1137685e+02
   1.0700000e+02   3.7729598e+03   4.6326353e+03
   1.0800000e+02  -1.4920615e+03   8.9546888e+03
   1.0900000e+02   4.8680411e+02   9.9373432e+03
   1.1000000e+02   3.5421352e+03   2.8169933e+03
   1.1100000e+02   1.5712356e+03  -2.6250970e+03
   1.1200000e+02   3.8885077e+03  -9.3999843e+02
   1.1300000e+02   2.3801793e+03   1.6419783e+03
   1.1400000e+02  -7.8944242e+03   5.4285876e+03
   1.1500000e+02  -7.9384822e+03   6.4616226e+03
   1.1600000e+02   1.4822921e+03  -6.7400156e+02
   1.1700000e+02   2.9544706e+03  -4.2602261e+03
   1.1800000e+02  -9.4477531e+02   2.0812034e+02
   1.1900000e+02  -3.7935795e+03   2.2463551e+03
   1.2000000e+02  -3.7157235e+03   2.1328634e+03
   1.2100000e+02   2.4912736e+03   1.7201865e+03
   1.2200000e+02   5.8969578e+03  -2.6561339e+02
   1.2300000e+02   3.8255050e+03   4.1479201e+03
   1.2400000e+02   8.5699465e+03   1.0418870e+04
   1.2500000e+02   1.2605595e+04   4.6186502e+03
   1.2600000e+02   4.5908015e+03  -4.1301393e+03
   1.2700000e+02  -8.9152588e+02  -4.5797334e+03
   1.2800000e+02   3.1786055e+03  -2.5604654e+03
   1.2900000e+02   7.1139091e+03   1.1174221e+03
   1.3000000e+02   8.6659042e+03   4.8051595e+03
   1.3100000e+02   5.1920916e+03   4.4487318e+01
   1.3200000e+02  -2.5990925e+03  -7.6058780e+03
   1.3300000e+02  -4.2363404e+03  -8.9050519e+03
   1.3400000e+02  -2.3915448e+03  -5.5889462e+03
   1.3500000e+02  -2.6236081e+03   2.4494345e+02
   1.3600000e+02   1.9090070e+03   3.5276665e+03
   1.3700000e+02   5.8989830e+03  -8.7539713e+01
   1.3800000e+02   1.0099656e+03  -3.4901621e+03
   1.3900000e+02  -3.1727722e+03  -4.4549294e+03
   1.4000000e+02  -2.5899168e+03  -6.8884291e+03
   1.4100000e+02  -7.9127561e+02  -6.6336581e+03
   1.4200000e+02   2.6855558e+03  -3.4617216e+03
   1.4300000e+02   3.1838973e+02  -5.1284485e+02
   1.4400000e+02  -5.9744971e+03   3.7907380e+03
   1.4500000e+02  -1.8634438e+02   1.6766610e+03
   1.4600000e+02   8.2540362e+03  -8.8019242e+03
   1.4700000e+02   2.7299664e+03  -1.0037799e+04
   1.4800000e+02  -3.1395452e+03  -8.8459798e+02
   1.4900000e+02   8.4604392e+02   3.9408169e+03
   1.5000000e+02   5.0316727e+03   4.9644176e+03
   1.5100000e+02   4.8586912e+03   2.1303596e+03
   1.5200000e+02  -2.0848778e+02  -6.6408926e+03
   1.5300000e+02  -5.4553935e+03  -8.7565759e+03
   1.5400000e+02  -2.6680053e+03  -3.4007037e+03
   1.5500000e+02  -7.7248419e+02  -8.8897404e+02
   1.5600000e+02  -5.8101248e+03   4.0153120e+03
   1.5700000e+02  -5.9912008e+03   8.1241819e+03
   1.5800000e+02  -4.4785987e+03  -5.4478051e+02
   1.5900000e+02  -9.3629975e+03  -8.6339961e+03
   1.6000000e+02  -9.4054323e+03  -3.8157161e+03
   1.6100000e+02  -4.1158324e+03   2.8716638e+03
   1.6200000e+02  -3.9775165e+03   6.7002385e+03
   1.6300000e+02  -4.2047142e+03   9.1831701e+03
   1.6400000e+02  -2.2909299e+03   6.8638692e+03
   1.6500000e+02  -1.8050232e+03   2.1942587e+03
   1.6600000e+02  -1.9489428e+02  -2.8284997e+03
   1.6700000e+02  -1.8049461e+03  -5.8037289e+03
   1.6800000e+02  -5.7129299e+03   8.3666413e+02
   1.6900000e+02  -6.5930712e+00   8.7326950e+03
   1.7000000e+02   4.6519503e+03   6.3841684e+03
   1.7100000e+02  -4.2547544e+03   2.8802928e+03
   1.7200000e+02  -7.5678304e+03   1.0039649e+02
   1.7300000e+02   2.5775724e+03  -6.7253858e+03
   1.7400000e+02   7.7160536e+03  -3.5703995e+03
   1.7500000e+02   4.1308574e+03   1.0245227e+04
   1.7600000e+02   5.9173067e+02   1.3983026e+04
   1.7700000e+02   5.5705985e+02   6.9648452e+03
   1.7800000e+02   4.4153658e+03   6.9559885e+02
   1.7900000e+02   5.1506848e+03  -1.4993457e+03
   1.8000000e+02   9.8386095e+02   2.2695038e+03
   1.8100000e+02   1.5209402e+03   4.1193810e+03
   1.8200000e+02   3.5213701e+03  -3.6487503e+02
   1.8300000e+02   8.9417416e+02   2.6687329e+03
   1.8400000e+02   2.0156107e+03   8.1781377e+03
   1.8500000e+02   5.1122422e+03  -1.1365819e+03
   1.8600000e+02   2.5749347e+03  -1.0644655e+04
   1.8700000e+02   2.7156897e+03  -6.5861501e+03
   1.8800000e+02   7.9930328e+03  -1.6038762e+03
   1.8900000e+02   9.3256552e+03   1.6233565e+03
   1.9000000e+02   5.7112940e+03   4.1857307e+03
   1.9100000e+02  -1.1134005e+02  -2.0152578e+03
   1.9200000e+02  -2.3243970e+03  -7.4902000e+03
   1.9300000e+02   4.0907203e+03  -1.8943448e+03
   1.9400000e+02   7.0972074e+03   2.6846196e+03
   1.9500000e+02  -5.5392112e+02  -2.5623668e+02
   1.9600000e+02  -6.1366915e+03  -4.7009695e+03
   1.9700000e+02  -5.6483445e+03  -5.8770634e+03
   1.9800000e+02  -3.3884538e+03  -4.4361296e+02
   1.9900000e+02   6.6811530e+02   2.7108815e+03
   2.0000000e+02  -5.8080319e+02  -4.6980588e+03
   2.0100000e+02  -5.5618960e+03  -7.6746182e+03
   2.0200000e+02  -8.9088009e+02  -9.3982071e+02
   2.0300000e+02   5.6741151e+03  -1.1180052e+03
   2.0400000e+02   3.1609252e+03  -5.7931365e+03
   2.0500000e+02   1.1124773e+03  -2.5765153e+03
   2.0600000e+02   1.4187182e+02   1.0471859e+03
   2.0700000e+02  -3.5539807e+03  -1.7864144e+03
   2.0800000e+02  -9.3530100e+02  -5.5387200e+03
   2.0900000e+02   2.6260590e+03  -5.2884861e+03
   2.1000000e+02  -2.5755560e+03  -6.7771561e+02
   2.1100000e+02  -4.7357688e+03   1.7739969e+03
   2.1200000e+02   8.2650437e+01  -4.7357831e+02
   2.1300000e+02   1.6236318e+03   5.5947607e+02
   2.1400000e+02  -6.8567631e+02   2.2097630e+03
   2.1500000e+02  -5.2076628e+03  -2.7171841e+03
   2.1600000e+02  -7.2785271e+03  -5.4364149e+03
   2.1700000e+02  -3.9113678e+02  -1.8323672e+03
   2.1800000e+02   2.7284436e+03   1.7384321e+03
   2.1900000e+02  -4.4785958e+03   5.8534394e+03
   2.2000000e+02  -4.8979262e+03   5.9395615e+03
   2.2100000e+02   3.3328607e+01  -2.6312741e+03
   2.2200000e+02  -3.5118135e+03  -6.0447475e+03
   2.2300000e+02  -5.9754996e+03   1.1280771e+03
   2.2400000e+02  -1.0673371e+03   6.4740044e+03
   2.2500000e+02   1.4417961e+03   6.1804757e+03
   2.2600000e+02  -3.6386076e+01   1.7947248e+03
   2.2700000e+02  -3.3469319e+03  -2.8709236e+03
   2.2800000e+02  -5.1277447e+03   1.3995619e+03
   2.2900000e+02  -4.6689549e+02   6.8232500e+03
   2.3000000e+02   1.9182456e+03   1.9692036e+03
   2.3100000e+02  -1.7731041e+03  -4.6604166e+02
   2.3200000e+02  -8.4975997e+02   5.3527695e+03
   2.3300000e+02   4.2617174e+01   8.1174050e+03
   2.3400000e+02  -3.9708170e+03   8.3816777e+03
   2.3500000e+02  -6.4691684e+02   6.1478494e+03
   2.3600000e+02   4.1336415e+03  -2.0231744e+03
   2.3700000e+02  -1.3051504e+03  -3.0277766e+03
   2.3800000e+02  -3.0353910e+03   4.7377815e+03
   2.3900000e+02   3.0935667e+03   4.3333487e+03
   2.4000000e+02   3.7585967e+03  -1.0695485e+03
   2.4100000e+02   1.2616762e+03  -1.1525620e+03
   2.4200000e+02   1.0407448e+03  -1.1445982e+03
   2.4300000e+02   2.1549684e+03  -1.5956147e+03
   2.4400000e+02   7.2933443e+03  -7.8388031e+02
   2.4500000e+02   9.8034480e+03  -2.3463519e+03
   2.4600000e+02   4.1316993e+03  -1.6042733e+03
   2.4700000e+02   7.1689388e+02   2.5871084e+03
   2.4800000e+02   1.1458859e+03   3.3438306e+03
   2.4900000e+02   1.0147014e+03   2.9102954e+03
   2.5000000e+02   4.9773367e+03   1.0883954e+03
   2.5100000e+02   6.2247030e+03  -4.8011292e+03
   2.5200000e+02  -1.0638568e+03  -3.3549230e+03
   2.5300000e+02  -2.6785378e+03   5.1710198e+03
   2.5400000e+02   2.4743401e+03   3.5339984e+03
   2.5500000e+02   2.8121460e+03  -4.3167220e+03
   2.5600000e+02   2.5321756e+03  -4.2279980e+03
   2.5700000e+02   3.6368206e+03  -1.0679088e+03
   2.5800000e+02   1.6647925e+03  -2.0429272e+03
   2.5900000e+02   6.5708907e+02  -5.2671560e+03
   2.6000000e+02  -1.2641056e+03  -6.9656549e+03
   2.6100000e+02  -4.5241921e+03  -4.6507659e+03
   2.6200000e+02   5.6007205e+02  -3.5875104e+03
   2.6300000e+02   5.8690159e+03  -7.2146569e+03
   2.6400000e+02   1.3852475e+03  -7.3157258e+03
   2.6500000e+02  -5.5489080e+01  -2.6668751e+03
   2.6600000e+02   1.1994949e+03  -1.4800326e+02
   2.6700000e+02  -5.5483748e+03   3.4722374e+02
   2.6800000e+02  -7.2843104e+03  -1.1212206e+03
   2.6900000e+02   8.8492153e+02  -2.8800782e+03
   2.7000000e+02   2.7718995e+03  -4.9842379e+01
   2.7100000e+02  -1.3492203e+03   9.3092094e+02
   2.7200000e+02  -3.1677300e+03  -1.3713535e+03
   2.7300000e+02  -4.1313861e+03   2.7719438e+03
   2.7400000e+02  -2.6073359e+03   3.4371320e+03
   2.7500000e+02  -7.6072171e+02  -7.1164096e+03
   2.7600000e+02  -4.3959900e+03  -7.8300748e+03
   2.7700000e+02  -7.0477445e+03   3.5918268e+03
   2.7800000e+02  -4.0676525e+03   5.4824707e+03
   2.7900000e+02  -5.6519316e+02   2.4864209e+02
   2.8000000e+02   7.1103470e+02  -1.3110134e+03
   2.8100000e+02  -2.4734174e+03  -1.7735457e+03
   2.8200000e+02  -6.7856891e+03   9.9100826e+02
   2.8300000e+02  -3.4909809e+03   4.8099920e+03
   2.8400000e+02   1.7036515e+03   2.3760223e+03
   2.8500000e+02   3.6533206e+02   1.0086323e+03
   2.8600000e+02  -1.8387540e+03   4.4104957e+03
   2.8700000e+02  -2.8901357e+03   5.9611042e+03
   2.8800000e+02  -3.9118395e+03   6.9411181e+03
   2.8900000e+02  -1.5249324e+03   4.6698393e+03
   2.9000000e+02  -6.3433249e+02  -3.1874888e+03
   2.9100000e+02  -2.5108423e+03  -2.6279788e+03
   2.9200000e+02   4.5549951e+02   6.9899524e+03
   2.9300000e+02   2.6747785e+03   9.2873079e+03
   2.9400000e+02   5.7965278e+02   3.9444786e+03
   2.9500000e+02   2.2670367e+03  -2.3671907e+03
   2.9600000e+02   1.5709495e+03  -5.6116409e+03
   2.9700000e+02  -3.0727289e+03   9.0610896e+02
   2.9800000e+02   2.8872510e+03   7.2079191e+03
   2.9900000e+02   9.1265919e+03   1.7103839e+03
   3.0000000e+02   3.5969127e+02  -1.9391490e+03
   3.0100000e+02  -4.7733392e+03   1.4476887e+03
   3.0200000e+02   3.1170250e+03   1.8132158e+03
   3.0300000e+02   7.4737025e+03   4.0760282e+03
   3.0400000e+02   4.4263077e+03   7.2852481e+03
   3.0500000e+02  -6.9010490e+02   1.6971139e+03
   3.0600000e+02  -3.6680534e+03  -1.4688148e+03
   3.0700000e+02   1.6499933e+03   2.8396748e+03
   3.0800000e+02   5.9587684e+03   1.6864105e+03
   3.0900000e+02   3.4649526e+02  -1.1223449e+03
   3.1000000e+02  -6.2756938e+02  -6.9505729e+02
   3.1100000e+02   7.8125309e+03  -4.7148630e+03
   3.1200000e+02   1.2544015e+04  -6.3738610e+03
   3.1300000e+02   1.1486916e+04  -2.0107035e+03
   3.1400000e+02   5.3743656e+03  -4.1030012e+03
   3.1500000e+02  -4.6068335e+03  -8.1300760e+03
   3.1600000e+02  -6.1122643e+03  -4.3801559e+03
   3.1700000e+02  -2.9900525e+01  -1.2172174e+03
   3.1800000e+02  -2.7343913e+02  -2.0342136e+03
   3.1900000e+02  -3.9552480e+03  -3.4605956e+03
   3.2000000e+02  -2.6035425e+03  -5.8104816e+03
   3.2100000e+02   1.4340582e+03  -3.4738490e+03
   3.2200000e+02   2.5894009e+03   2.4410449e+03
   3.2300000e+02  -3.8255047e+03   1.6161847e+03
   3.2400000e+02  -1.0329498e+04  -2.2976539e+03
   3.2500000e+02  -3.8345069e+03  -3.3173891e+03
   3.2600000e+02   6.1190566e+03  -4.3434867e+03
   3.2700000e+02   5.8512144e+03  -2.2651023e+03
   3.2800000e+02   2.6819189e+03   1.3248694e+03
   3.2900000e+02   1.0999148e+03  -1.6552385e+03
   3.3000000e+02  -9.4281725e+02  -4.5770841e+03
   3.3100000e+02   7.9892707e+02  -1.5023336e+03
   3.3200000e+02   1.9206946e+03   5.1891867e+02
   3.3300000e+02  -2.1811719e+03   2.8629477e+02
   3.3400000e+02  -3.1824481e+03  -7.8782334e+02
   3.3500000e+02  -2.4183089e+03  -2.3187235e+03
   3.3600000e+02  -5.9243729e+03   1.1184767e+03
   3.3700000e+02  -7.2500350e+03   3.6836560e+03
   3.3800000e+02  -5.6812092e+03  -1.9805614e+03
   3.3900000e+02  -4.4959402e+03  -2.6873584e+03
   3.4000000e+02  -6.8578260e+02   4.6235682e+03
   3.4100000e+02   3.5343707e+01   3.7489935e+03
   3.4200000e+02  -4.0003530e+03  -3.5137285e+03
   3.4300000e+02  -2.4029460e+03  -4.4903659e+03
   3.4400000e+02  -8.2785655e+02   1.1347368e+03
   3.4500000e+02  -5.7461393e+03   8.0695889e+03
   3.4600000e+02  -4.0480404e+03   6.8096720e+03
   3.4700000e+02   3.0386038e+03  -2.3915781e+03
   3.4800000e+02   2.7790053e+03  -9.4675512e+02
   3.4900000e+02   3.3387975e+02   1.0039535e+04
   3.5000000e+02  -8.3932291e+02   1.0241516e+04
   3.5100000e+02  -3.3100993e+03   3.4093952e+03
   3.5200000e+02  -7.7949561e+02   1.0724022e+03
   3.5300000e+02   2.8860009e+03  -2.7915249e+02
   3.5400000e+02  -6.9853585e+02   1.4558331e+03
   3.5500000e+02  -3.3600561e+03   5.7506187e+03
   3.5600000e+02  -1.5585069e+03   2.0289269e+03
   3.5700000e+02  -4.0594068e+02  -3.7171548e+03
   3.5800000e+02   2.0182507e+03  -1.0437594e+03
   3.5900000e+02   2.9641894e+03   2.4735360e+03
   3.6000000e+02   7.1568114e+02   2.0559378e+03
   3.6100000e+02   2.7805003e+03   1.8815231e+03
   3.6200000e+02   4.4775585e+03   1.8913808e+03
   3.6300000e+02   1.0156029e+03   1.9172734e+03
   3.6400000e+02   2.5357541e+03   2.1137783e+03
   3.6500000e+02   5.8357406e+03   2.1528692e+03
   3.6600000e+02   2.9897129e+03   3.3406902e+03
   3.6700000e+02   3.3509194e+03   1.6575954e+03
   3.6800000e+02   5.2783414e+03  -3.5367686e+03
   3.6900000e+02   2.1860809e+02  -3.8745302e+03
   3.7000000e+02  -5.7569749e+02  -1.3638609e+03
   3.7100000e+02   5.4303415e+03  -1.3169086e+03
   3.7200000e+02   4.7194583e+03   9.0886561e+02
   3.7300000e+02  -3.5618514e+02   1.7560271e+02
   3.7400000e+02  -9.6557699e+02  -7.8178191e+03
   3.7500000e+02   2.8102492e+03  -7.6887730e+03
   3.7600000e+02   7.5308000e+03   1.0314175e+03
   3.7700000e+02   4.1525352e+03   7.2322241e+02
   3.7800000e+02  -5.5631139e+03  -5.0718042e+03
   3.7900000e+02  -4.8875858e+03  -5.0403451e+03
   3.8000000e+02   2.5921694e+03  -2.3248277e+03
   3.8100000e+02   2.0320359e+03   6.3828536e+01
   3.8200000e+02  -3.5944317e+02  -8.1725315e+02
   3.8300000e+02   9.3786317e+02  -6.2737245e+03
   3.8400000e+02   2.2961893e+02  -6.8377618e+03
   3.8500000e+02  -4.5842181e+02  -1.5240822e+03
   3.8600000e+02  -3.7124580e+02   4.7770234e+02
   3.8700000e+02  -1.5125105e+03  -1.5772364e+02
   3.8800000e+02   3.0659316e+02  -1.8399139e+03
   3.8900000e+02   1.2885018e+03  -4.4700914e+03
   3.9000000e+02  -2.4287166e+03  -2.3249792e+03
   3.9100000e+02  -1.8746179e+03   2.6246354e+02
   3.9200000e+02   1.5765525e+03  -1.9916483e+03
   3.9300000e+02  -8.5412334e+02  -4.4764277e+02
   3.9400000e+02  -4.0345982e+03   2.2612942e+03
   3.9500000e+02  -4.5782929e+03  -2.2475110e+03
   3.9600000e+02  -5.2265554e+03  -3.9032732e+03
   3.9700000e+02  -3.4761710e+03  -1.7876060e+02
   3.9800000e+02  -2.2288914e+03  -8.7550110e+01
   3.9900000e+02  -4.5975697e+03   1.4728018e+03
   4.0000000e+02  -4.6853435e+03   4.3745846e+03
   4.0100000e+02  -3.7284154e+03   4.5364048e+02
   4.0200000e+02  -4.7439622e+03  -5.2628820e+02
   4.0300000e+02  -3.0838525e+03   5.6836159e+03
   4.0400000e+02  -1.2124290e+03   6.4398803e+03
   4.0500000e+02  -7.0079893e+02   3.4082324e+03
   4.0600000e+02   2.3811564e+03   3.4117333e+03
   4.0700000e+02   4.7569120e+02   2.4314186e+03
   4.0800000e+02  -5.6068596e+03   1.6017327e+03
   4.0900000e+02  -1.1324857e+03   1.7725643e+03
   4.1000000e+02   5.3850988e+03  -3.9583302e+02
   4.1100000e+02   6.7080177e+02   1.0265922e+02
   4.1200000e+02  -2.5510586e+03   3.5437221e+03
   4.1300000e+02   3.1091494e+02   4.0805598e+03
   4.1400000e+02  -1.8702417e+02   4.4407264e+03
   4.1500000e+02  -8.3423739e+02   2.5791545e+03
   4.1600000e+02  -9.3420211e+02  -3.1386986e+03
   4.1700000e+02  -4.1847863e+03   6.9171051e+02
   4.1800000e+02  -3.2384918e+03   1.0743345e+04
   4.1900000e+02   1.7638295e+03   7.0227478e+03
   4.2000000e+02   3.9160163e+03  -3.4145722e+03
   4.2100000e+02   5.8235106e+03  -3.2641659e+03
   4.2200000e+02   5.3640369e+03   1.7789039e+03
   4.2300000e+02   1.0184878e+03   3.4500978e+03
   4.2400000e+02   2.7036789e+03   3.4956124e+03
   4.2500000e+02   7.2523477e+03   2.7040415e+03
   4.2600000e+02   4.6312139e+03  -3.0233078e+02
   4.2700000e+02   2.1223507e+03  -5.8792760e+03
   4.2800000e+02   4.6828921e+03  -6.7132529e+03
   4.2900000e+02   5.9464291e+03   2.2741236e+03
   4.3000000e+02   3.6139124e+03   6.3880291e+03
   4.3100000e+02  -1.5625563e+03  -1.7406151e+03
   4.3200000e+02  -3.2154652e+03  -5.9427164e+03
   4.3300000e+02   3.0867833e+03  -3.6591110e+03
   4.3400000e+02   4.3997926e+03  -4.4266018e+03
   4.3500000e+02  -2.3656987e+03  -3.2220506e+03
   4.3600000e+02  -1.7439946e+03  -7.4208737e+02
   4.3700000e+02   2.9480161e+03  -3.8403805e+03
   4.3800000e+02   1.4694360e+03  -4.5354672e+03
   4.3900000e+02   1.4087448e+03  -1.4476425e+03
   4.4000000e+02   2.9358731e+03  -1.9436728e+03
   4.4100000e+02   9.8320622e+02  -1.5937852e+03
   4.4200000e+02   2.0432701e+03  -1.6516765e+03
   4.4300000e+02   3.3902742e+03  -5.9636214e+03
   4.4400000e+02  -7.9035042e+02  -3.1769537e+03
   4.4500000e+02  -3.1554250e+03   3.8199571e+03
   4.4600000e+02  -2.9778278e+03   3.9251932e+02
   4.4700000e+02  -2.0332566e+03  -4.3353576e+03
   4.4800000e+02   3.0191343e+03  -2.4833126e+03
   4.4900000e+02   2.4997105e+03  -3.6425207e+03
   4.5000000e+02  -5.1895973e+03  -4.6955235e+03
   4.5100000e+02  -4.2647423e+03  -3.1596085e+02
   4.5200000e+02  -9.1133391e+02   1.3212311e+03
   4.5300000e+02  -5.8445717e+03  -5.6596742e+02
   4.5400000e+02  -5.0346196e+03  -2.0076889e+03
   4.5500000e+02   1.4710193e+03  -2.6467483e+03
   4.5600000e+02  -3.4474018e+02   9.5678580e+02
   4.5700000e+02  -4.0787635e+03   3.8361362e+03
   4.5800000e+02  -4.9305374e+03  -6.9088585e+02
   4.5900000e+02  -6.3862580e+03  -2.5689276e+03
   4.6000000e+02  -2.6158171e+03   2.4487864e+03
   4.6100000e+02   1.4593485e+03   4.5512185e+03
   4.6200000e+02  -2.8793801e+03   2.8380088e+03
   4.6300000e+02  -5.3255786e+03   7.0792209e+02
   4.6400000e+02  -3.4658878e+03  -2.4562148e+02
   4.6500000e+02  -4.1562270e+03   2.9753900e+03
   4.6600000e+02  -8.6204129e+02   4.1438793e+03
   4.6700000e+02   3.8456856e+03   1.4869178e+03
   4.6800000e+02   1.1340613e+02   5.0841907e+03
   4.6900000e+02  -2.8364689e+03   6.7534890e+03
   4.7000000e+02  -4.6322354e+02  -2.6904006e+03
   4.7100000e+02  -1.0245778e+03  -4.3985440e+03
   4.7200000e+02  -1.0282490e+03   5.5778725e+03
   4.7300000e+02   1.7613079e+03   7.0551950e+03
   4.7400000e+02   1.3039723e+03   1.8649361e+03
   4.7500000e+02   9.5118673e+01   7.1766626e+02
   4.7600000e+02   1.6559359e+02  -5.3695239e+01
   4.7700000e+02   4.5838861e+01   9.0304033e+02
   4.7800000e+02   1.6852147e+03   4.0451265e+03
   4.7900000e+02   1.3174288e+03   3.3514196e+03
   4.8000000e+02  -2.5995121e+02   3.5630916e+03
   4.8100000e+02   4.3892344e+03   5.5877647e+03
   4.8200000e+02   6.0529480e+03   1.3500615e+03
   4.8300000e+02  -2.6949070e+02  -2.6880968e+03
   4.8400000e+02   4.3906689e+02   9.2229488e+02
   4.8500000e+02   5.3314911e+03   4.1987216e+03
   4.8600000e+02   2.6418105e+03   2.1305011e+03
   4.8700000e+02   2.6741657e+03  -1.9055584e+03
   4.8800000e+02   7.3794366e+03  -2.4059788e+03
   4.8900000e+02   5.5757879e+03   1.6286991e+03
   4.9000000e+02   2.5972547e+03  -4.0335304e+02
   4.9100000e+02   2.2892999e+03  -8.1911812e+03
   4.9200000e+02  -4.8630426e+02  -5.7103153e+03
   4.9300000e+02  -5.7510357e+02   1.0784511e+03
   4.9400000e+02   2.4468520e+03  -2.4382202e+03
   4.9500000e+02   1.9820187e+03  -5.4173015e+03
   4.9600000e+02   1.2517843e+03  -2.3664022e+03
   4.9700000e+02   1.0792184e+02  -3.7689016e+03
   4.9800000e+02  -3.0635356e+03  -5.0959109e+03
   4.9900000e+02  -9.4052114e+02  -1.0307324e+03
   5.0000000e+02   2.3319658e+03   6.1852841e+02
   5.0100000e+02  -4.6778631e+02  -1.0466317e+03
   5.0200000e+02  -8.9045973e+02  -3.3969990e+03
   5.0300000e+02   1.0411543e+03  -5.0246104e+03
   5.0400000e+02  -8.5578794e+02  -1.7574885e+03
   5.0500000e+02   1.0233195e+03   4.3786364e+02
   5.0600000e+02   5.1776936e+03  -2.8270863e+03
   5.0700000e+02   2.3369587e+03  -2.2051882e+03
   5.0800000e+02  -1.0921874e+03  -4.3005543e+02
   5.0900000e+02  -2.4528308e+03  -3.7861459e+03
   5.1000000e+02  -5.6172358e+03  -1.9592360e+03
   5.1100000e+02  -3.2917224e+03   2.2924192e+03
   5.1200000e+02   2.1066190e+03  -1.8209748e+03
   5.1300000e+02  -1.1647887e+03  -3.1945726e+03
   5.1400000e+02  -6.5533451e+03   1.3379876e+03
   5.1500000e+02  -5.0621396e+03  -1.5561644e+02
   5.1600000e+02  -1.1348909e+03  -1.7293305e+03
   5.1700000e+02   2.9440723e+02   1.2255041e+03
   5.1800000e+02  -3.3965214e+03  -2.7976663e+02
   5.1900000e+02  -6.8659065e+03  -2.0326392e+03
   5.2000000e+02  -2.0317924e+03   2.9036711e+02
   5.2100000e+02   5.2963374e+02  -2.4199787e+01
   5.2200000e+02  -6.0177917e+03   1.8942930e+02
   5.2300000e+02  -6.0983959e+03   3.2457674e+03
   5.2400000e+02   1.1982140e+03   3.4745330e+03
   5.2500000e+02   1.3369457e+03   4.3698452e+03
   5.2600000e+02  -2.4485027e+03   6.3605481e+03
   5.2700000e+02  -3.0371790e+03   3.4614983e+03
   5.2800000e+02  -2.4527099e+03   1.3535426e+03
   5.2900000e+02  -1.1363565e+03   3.3793424e+03
   5.3000000e+02  -2.1750225e+03   4.2463757e+03
   5.3100000e+02  -4.2872509e+03   5.3239906e+03
   5.3200000e+02   5.0748490e+02   5.4030178e+03
   5.3300000e+02   5.2137086e+03   1.4055417e+03
   5.3400000e+02   2.1917833e+03  -5.2213118e+02
   5.3500000e+02   1.0639742e+03  -5.2244136e+02
   5.3600000e+02   3.0137672e+03  -1.1676197e+03
   5.3700000e+02   2.2681780e+03   3.2416458e+03
   5.3800000e+02   2.9743544e+03   5.8290754e+03
   5.3900000e+02   1.9961309e+03  -8.9738488e+02
   5.4000000e+02  -3.6749142e+03  -3.2016587e+03
   5.4100000e+02  -2.9789036e+03   2.1874502e+03
   5.4200000e+02   2.9322279e+03   3.1827083e+03
   5.4300000e+02   4.2960913e+03   1.5652118e+03
   5.4400000e+02   4.7018487e+03   6.9448758e+02
   5.4500000e+02   4.2680570e+03  -3.4401079e+02
   5.4600000e+02   4.9894259e+02   2.9987955e+03
   5.4700000e+02   1.2969632e+02   3.4082636e+03
   5.4800000e+02   1.4128437e+03  -4.3867435e+03
   5.4900000e+02   1.9890023e+03  -4.1338740e+03
   5.5000000e+02   8.0779026e+03   3.2411639e+03
   5.5100000e+02   9.8783710e+03  -2.0057805e+02
   5.5200000e+02   2.3752984e+02  -6.5047009e+03
   5.5300000e+02  -2.8373770e+03  -3.3556969e+03
   5.5400000e+02   3.4676740e+03   7.6407541e+02
   5.5500000e+02   3.6424336e+03  -8.1437468e+02
   5.5600000e+02   4.9100157e+02  -7.0054747e+03
   5.5700000e+02   4.1106313e+02  -9.7780610e+03
   5.5800000e+02   3.8175723e+02  -8.7690984e+02
   5.5900000e+02   7.8719224e+02   4.6006028e+03
   5.6000000e+02  -9.7483023e+02  -3.4958523e+03
   5.6100000e+02  -2.9500475e+03  -4.2520886e+03
   5.6200000e+02   3.1640057e+03   3.8228639e+03
   5.6300000e+02   5.8816653e+03  -1.8938241e+02
   5.6400000e+02  -2.4747839e+03  -8.0097486e+03
   5.6500000e+02  -2.5685297e+03  -5.7583726e+03
   5.6600000e+02   4.8657976e+03  -1.8264809e+03
   5.6700000e+02   1.1170928e+02   7.2410336e+02
   5.6800000e+02  -7.0636576e+03   1.3274850e+03
   5.6900000e+02  -3.2778630e+03  -3.5642870e+03
   5.7000000e+02   5.8275271e+02  -4.3885418e+03
   5.7100000e+02  -1.0539635e+03   2.2380194e+01
   5.7200000e+02  -4.3474430e+03  -9.9895188e+02
   5.7300000e+02  -6.9870758e+03  -1.0956723e+03
   5.7400000e+02  -4.5256167e+03   3.4013217e+03
   5.7500000e+02  -1.2636982e+03   1.4577869e+03
   5.7600000e+02  -3.5043255e+03  -3.3699396e+03
   5.7700000e+02  -3.5886660e+03  -3.5180000e+03
   5.7800000e+02   3.8132328e+01  -2.8903567e+03
   5.7900000e+02  -2.8990545e+02   1.3383201e+02
   5.8000000e+02  -1.9949461e+03   4.2144605e+03
   5.8100000e+02  -3.0010854e+03   1.7394314e+03
   5.8200000e+02  -4.7813486e+03  -1.2969933e+03
   5.8300000e+02  -2.2084307e+03   4.1058658e+02
   5.8400000e+02   2.4253272e+03   1.8144184e+03
   5.8500000e+02   2.0835069e+03   4.2877139e+03
   5.8600000e+02  -5.1083268e+02   6.4442640e+03
   5.8700000e+02  -4.3871401e+03   3.1177036e+03
   5.8800000e+02  -7.4009288e+03   1.8305930e+03
   5.8900000e+02  -1.8689836e+03   5.2269214e+03
   5.9000000e+02   4.1728942e+03   4.6839631e+03
   5.9100000e+02   6.2414680e+02   1.3183354e+03
   5.9200000e+02  -2.7483095e+03  -5.0776054e+02
   5.9300000e+02  -1.6829937e+03   5.3146845e+02
   5.9400000e+02  -1.6403233e+03   6.4678939e+03
   5.9500000e+02   4.8931780e+02   7.8249387e+03
   5.9600000e+02   2.5769483e+03  -7.7730029e+02
   5.9700000e+02   4.0841352e+02  -3.6158422e+03
   5.9800000e+02   1.4927037e+03   3.2803601e+03
   5.9900000e+02   3.6822952e+03   6.6572048e+03
   6.0000000e+02  -3.9371787e+02   4.6780983e+03
   6.0100000e+02  -8.2742527e+02  -3.0042606e+01
   6.0200000e+02   6.4357406e+03  -3.7917510e+03
   6.0300000e+02   9.8056658e+03   8.0314871e+02
   6.0400000e+02   6.2369560e+03   3.7746829e+03
   6.0500000e+02   6.6013338e+02  -2.8786405e+03
   6.0600000e+02  -1.4752566e+03  -2.9225941e+03
   6.0700000e+02   2.3649244e+03   2.9312708e+03
   6.0800000e+02   3.3970550e+03  -1.4301409e+03
   6.0900000e+02  -1.1579747e+02  -5.3483007e+03
   6.1000000e+02   2.5047789e+03  -2.1960404e+02
   6.1100000e+02   5.0903447e+03   1.0015757e+03
   6.1200000e+02  -8.7040533e+02  -9.0130476e+02
   6.1300000e+02  -2.5090648e+03   9.3087205e+01
   6.1400000e+02   2.8149220e+03  -1.3842361e+03
   6.1500000e+02   3.1095123e+03  -2.7525666e+03
   6.1600000e+02   1.0647737e+03  -1.6583857e+03
   6.1700000e+02   1.6941391e+03  -3.1116988e+03
   6.1800000e+02   1.9333935e+03  -3.2710856e+03
   6.1900000e+02   2.6529956e+03  -1.8071592e+03
   6.2000000e+02   2.0928551e+03  -4.3802743e+03
   6.2100000e+02  -5.8362282e+02  -4.5495318e+03
   6.2200000e+02   7.8350961e+02  -6.9654003e+02
   6.2300000e+02   2.0427291e+03  -1.2614633e+03
   6.2400000e+02  -1.5288581e+03  -3.3158219e+03
   6.2500000e+02  -1.0069445e+03  -3.6135233e+03
   6.2600000e+02   2.0297244e+03  -5.1398140e+03
   6.2700000e+02  -1.0950399e+03  -3.9836049e+03
   6.2800000e+02  -3.3989814e+03  -7.8791239e+02
   6.2900000e+02  -9.6303619e+02  -7.9319181e+02
   6.3000000e+02  -8.5065277e+02  -1.5808926e+03
   6.3100000e+02  -3.2435131e+03  -4.2697403e+03
   6.3200000e+02  -5.2410699e+03  -6.3914770e+03
   6.3300000e+02  -4.7628353e+03   1.5403446e+03
   6.3400000e+02  -1.3841818e+03   7.6838392e+03
   6.3500000e+02  -2.6713818e+03   5.0565548e+02
   6.3600000e+02  -6.6849780e+03  -2.1055494e+03
   6.3700000e+02  -2.6874621e+03   3.5976387e+03
   6.3800000e+02   3.9252298e+02   1.5896919e+03
   6.3900000e+02  -4.9942984e+03  -1.4160288e+03
   6.4000000e+02  -4.2178588e+03   1.8889043e+03
   6.4100000e+02   3.1730530e+03   1.5523261e+03
   6.4200000e+02   3.1587370e+03   1.3422428e+02
   6.4300000e+02  -1.4100852e+03   1.9047671e+03
   6.4400000e+02  -4.5424121e+03   4.6159199e+02
   6.4500000e+02  -5.5185051e+03  -7.7275992e+01
   6.4600000e+02  -7.1173135e+02   3.5335263e+03
   6.4700000e+02   2.8267085e+03   4.7756515e+03
   6.4800000e+02  -1.7130230e+03   5.6197013e+03
   6.4900000e+02  -4.0390937e+03   6.5724459e+03
   6.5000000e+02  -1.8222103e+03   3.0517254e+03
   6.5100000e+02  -2.5986052e+03   6.7070436e+02
   6.5200000e+02  -2.2574427e+03   1.0939144e+03
   6.5300000e+02   1.2879183e+03   1.5673920e+01
   6.5400000e+02   2.7088317e+03   1.6225569e+03
   6.5500000e+02   2.5062800e+03   3.6409709e+03
   6.5600000e+02   8.8536181e+02   8.7209193e+02
   6.5700000e+02  -3.5435205e+02   5.8729943e+02
   6.5800000e+02   3.1520593e+03   1.4485063e+03
   6.5900000e+02   3.9076324e+03  -1.8293252e+03
   6.6000000e+02  -9.6740334e+02   9.8966081e+02
   6.6100000e+02   5.2000814e+02   7.8991374e+03
   6.6200000e+02   5.5225956e+03   5.0337267e+03
   6.6300000e+02   2.7305383e+03  -1.0394984e+03
   6.6400000e+02  -1.2518833e+03  -1.3317798e+03
   6.6500000e+02   5.0026886e+02   1.0867569e+03
   6.6600000e+02   4.2632072e+03   4.8229019e+03
   6.6700000e+02   6.1951696e+03   3.0562606e+03
   6.6800000e+02   2.5313631e+03  -5.1314263e+03
   6.6900000e+02  -1.4341145e+03  -4.3463054e+03
   6.7000000e+02   3.1611179e+03   2.0626995e+03
   6.7100000e+02   7.0185126e+03  -9.9284175e+02
   6.7200000e+02   3.4241038e+03  -5.6959140e+03
   6.7300000e+02   2.4753247e+03  -5.9470423e+03
   6.7400000e+02   2.7619825e+03  -5.8252887e+03
   6.7500000e+02  -1.1329202e+03  -4.2982972e+01
   6.7600000e+02  -8.0593718e+02   4.3325507e+03
   6.7700000e+02   2.8892419e+03  -3.0638432e+03
   6.7800000e+02   2.0877099e+03  -6.1902233e+03
   6.7900000e+02  -3.6810591e+02  -4.1817666e+02
   6.8000000e+02  -3.2334420e+03  -1.3363115e+03
   6.8100000e+02  -4.1196272e+03  -3.1164881e+03
   6.8200000e+02   1.8254554e+03   2.1726414e+02
   6.8300000e+02   4.5221800e+03  -2.4035938e+03
   6.8400000e+02  -2.5784325e+02  -6.0181999e+03
   6.8500000e+02  -4.0598336e+02  -3.7039356e+03
   6.8600000e+02   5.4674631e+02  -3.9922615e+03
   6.8700000e+02  -3.5866608e+03  -4.6455943e+03
   6.8800000e+02  -1.6035744e+03  -1.2180396e+03
   6.8900000e+02   3.6937721e+03   1.4498164e+02
   6.9000000e+02   6.9507932e+02   7.9871348e+02
   6.9100000e+02  -3.2289852e+03   9.4501522e+01
   6.9200000e+02  -2.9767159e+03  -5.7789030e+03
   6.9300000e+02  -2.8984003e+03  -5.1803062e+03
   6.9400000e+02  -2.1490041e+03   3.2619444e+03
   6.9500000e+02  -3.0177466e+03   3.2642261e+03
   6.9600000e+02  -5.2054137e+03  -1.9338675e+03
   6.9700000e+02  -3.4607336e+03  -8.7522844e+02
   6.9800000e+02  -4.0288791e+03   1.3837547e+03
   6.9900000e+02  -6.1505505e+03   1.7857458e+03
   7.0000000e+02  -1.7226550e+02   2.7866181e+03
   7.0100000e+02   1.5129517e+03   3.2713923e+03
   7.0200000e+02  -6.0987189e+03   3.4117430e+03
   7.0300000e+02  -2.9602053e+03   1.6036822e+03
   7.0400000e+02   4.4687215e+03  -6.6299902e+01
   7.0500000e+02  -1.6137324e+03   4.6250477e+03
   7.0600000e+02  -5.2433504e+03   6.8331135e+03
   7.0700000e+02   8.0911737e+02   7.2580511e+02
   7.0800000e+02   7.9592556e+01  -1.3755374e+02
   7.0900000e+02  -3.6807138e+03   2.8175787e+03
   7.1000000e+02  -9.6320434e+02  -4.5983766e+02
   7.1100000e+02   9.3281918e+02   4.3871945e+02
   7.1200000e+02  -4.5550296e+02   5.4138351e+03
   7.1300000e+02  -1.6730421e+03   1.4297531e+03
   7.1400000e+02  -7.9318641e+02  -2.3988962e+03
   7.1500000e+02   3.1766184e+03   1.1552340e+03
   7.1600000e+02   2.4407419e+03   2.9396007e+03
   7.1700000e+02  -3.4880188e+03   4.5630588e+03
   7.1800000e+02  -1.4871621e+03   6.3457086e+03
   7.1900000e+02   4.7507544e+03   2.3408508e+03
   7.2000000e+02   4.6639033e+03   4.9972086e+02
   7.2100000e+02   4.2590162e+03   2.4144117e+03
   7.2200000e+02   3.6380375e+03   6.0355707e+02
   7.2300000e+02  -8.8598291e+02   2.0411828e+03
   7.2400000e+02  -1.5944311e+02   5.0834310e+03
   7.2500000e+02   4.4086148e+03  -1.2356161e+03
   7.2600000e+02   4.0284259e+03  -4.9950365e+03
   7.2700000e+02   2.9208421e+03   7.2716753e+02
   7.2800000e+02   1.2981501e+03   1.4121481e+03
   7.2900000e+02  -1.0221262e+03  -2.3116585e+03
   7.3000000e+02   3.7638569e+03  -2.8435686e+03
   7.3100000e+02   6.1898197e+03  -3.8132302e+03
   7.3200000e+02  -1.8312005e+03  -2.2474079e+03
   7.3300000e+02  -2.8399548e+03   1.3775413e+03
   7.3400000e+02   5.0757531e+03  -1.6040465e+03
   7.3500000e+02   6.2148524e+03  -4.6283825e+03
   7.3600000e+02   4.8032383e+03  -1.8750498e+03
   7.3700000e+02   4.4349062e+03  -1.2817509e+03
   7.3800000e+02  -1.1608319e+03  -2.0970506e+03
   7.3900000e+02  -3.5509441e+03  -1.5362817e+03
   7.4000000e+02   7.3376463e+02  -3.0384957e+03
   7.4100000e+02   1.7410514e+03  -2.9761415e+03
   7.4200000e+02   1.2933682e+03  -2.0068087e+03
   7.4300000e+02   1.0143036e+03  -4.3112022e+03
   7.4400000e+02  -3.8237539e+03  -2.5126497e+03
   7.4500000e+02  -5.2200041e+03   6.4197245e+02
   7.4600000e+02   5.4106497e+02  -5.0763720e+03
   7.4700000e+02   2.6544037e+03  -8.3990089e+03
   7.4800000e+02  -7.2249756e+02  -2.2441145e+03
   7.4900000e+02  -3.2194733e+03   1.0858379e+02
   7.5000000e+02  -1.8518313e+03  -2.5069083e+03
   7.5100000e+02   1.8317226e+03  -2.3202288e+03
   7.5200000e+02  -1.8339913e+02  -6.2230500e+02
   7.5300000e+02  -6.1791182e+03   1.5062644e+03
   7.5400000e+02  -3.6789121e+03   1.5159937e+03
   7.5500000e+02   1.2729226e+03  -1.0942441e+03
   7.5600000e+02  -2.6121209e+03   1.3819176e+03
   7.5700000e+02  -5.9455403e+03   4.4803067e+03
   7.5800000e+02  -3.5370322e+03   4.9900884e+02
   7.5900000e+02  -2.7620314e+03  -1.3360714e+02
   7.6000000e+02  -3.4614352e+03   3.4416105e+03
   7.6100000e+02  -3.7093797e+03   1.9737949e+02
   7.6200000e+02  -2.5812962e+03  -2.5227019e+03
   7.6300000e+02   8.7810118e+02   1.2930100e+03
   7.6400000e+02  -1.3457648e+03   3.6602627e+03
   7.6500000e+02  -6.5435582e+03   5.1036196e+03
   7.6600000e+02  -2.5060085e+02   4.7847472e+03
   7.6700000e+02   6.3809756e+03  -1.2258793e+03
   7.6800000e+02  -1.7440027e+03  -2.0107824e+03
   7.6900000e+02  -8.0433569e+03   4.3420369e+03
   7.7000000e+02  -2.2033324e+03   4.5046374e+03
   7.7100000e+02   3.1810703e+03   1.1613894e+03
   7.7200000e+02   3.0161310e+03   1.7752102e+03
   7.7300000e+02  -1.3338147e+03   2.5650429e+03
   7.7400000e+02  -5.1833915e+03   3.1781589e+03
   7.7500000e+02  -1.7943604e+02   2.1087981e+03
   7.7600000e+02   4.4745682e+03  -1.6114523e+03
   7.7700000e+02   5.3418325e-01   1.7521226e+03
   7.7800000e+02   2.4016601e+02   9.1548344e+03
   7.7900000e+02   5.3611932e+03   6.5976499e+03
   7.8000000e+02   1.6399535e+03  -6.7971001e+02
   7.8100000e+02  -1.4544963e+03  -2.4870547e+03
   7.8200000e+02   4.3441455e+03   3.9747150e+02
   7.8300000e+02   6.7844774e+03   5.3199387e+03
   7.8400000e+02   3.8358310e+03   3.9012645e+03
   7.8500000e+02   1.9705153e+03  -3.9807673e+03
   7.8600000e+02   3.7154462e+02  -2.3373226e+03
   7.8700000e+02   1.2017320e+03   4.3409097e+03
   7.8800000e+02   4.6643356e+03  -6.6814833e+02
   7.8900000e+02   3.9488589e+03  -7.0907825e+03
   7.9000000e+02  -4.4179215e+02  -4.2895909e+03
   7.9100000e+02  -1.8659902e+03  -1.2751182e+03
   7.9200000e+02   2.4368208e+03  -9.0058741e+02
   7.9300000e+02   7.5974115e+03  -2.5537401e+03
   7.9400000e+02   4.8300505e+03  -5.3948581e+03
   7.9500000e+02  -1.5127996e+03  -1.2336521e+03
   7.9600000e+02  -6.4096339e+02   3.5968472e+03
   7.9700000e+02   1.5312438e+03  -1.6251666e+03
   7.9800000e+02  -1.5797702e+02  -4.6195851e+03
   7.9900000e+02   1.0027544e+03   6.4888974e+01
   8.0000000e+02   9.6651632e+02   1.2279391e+03
   8.0100000e+02  -2.7130117e+03  -1.9152470e+02
   8.0200000e+02   6.5814530e+02  -2.9121897e+03
   8.0300000e+02   6.1960842e+03  -8.1234370e+03
   8.0400000e+02   3.2934771e+03  -4.9156659e+03
   8.0500000e+02  -3.4095970e+02   1.5612529e+03
   8.0600000e+02  -1.8659181e+03  -3.9784538e+03
   8.0700000e+02  -4.9674578e+03  -8.4956946e+03
   8.0800000e+02  -2.7734324e+03  -2.0941947e+03
   8.0900000e+02   2.5230808e+03   4.0364118e+02
   8.1000000e+02   5.1011314e+02  -2.4831280e+03
   8.1100000e+02  -4.9279378e+03  -3.2204779e+03
   8.1200000e+02  -7.2806207e+03  -3.7515389e+03
   8.1300000e+02  -5.1770364e+03  -3.5280926e+02
   8.1400000e+02   1.0131115e+03   5.7332788e+03
   8.1500000e+02   1.4221015e+03   3.9022532e+03
   8.1600000e+02  -6.2303240e+03  -1.4107250e+03
   8.1700000e+02  -7.5268340e+03  -2.5569561e+03
   8.1800000e+02  -1.4971044e+03  -1.3603680e+03
   8.1900000e+02   1.0765367e+03   3.9425151e+03
   8.2000000e+02  -1.2856463e+02   7.9246787e+03
   8.2100000e+02  -4.0840723e+03   1.8844589e+03
   8.2200000e+02  -7.6042390e+03  -3.7938010e+03
   8.2300000e+02  -3.1373024e+03  -1.6525173e+03
   8.2400000e+02   2.8125763e+03   7.9485722e+02
   8.2500000e+02   2.0562161e+03   2.6765025e+03
   8.2600000e+02  -4.9351095e+02   2.8944284e+03
   8.2700000e+02  -3.8385361e+03  -3.9017647e+02
   8.2800000e+02  -5.3499113e+03   2.1730865e+03
   8.2900000e+02   1.4240611e+03   7.3130117e+03
   8.3000000e+02   5.4615428e+03   3.4098809e+03
   8.3100000e+02   3.8539880e+02   9.5049339e+02
   8.3200000e+02  -3.7640981e+02   6.3507855e+03
   8.3300000e+02   1.6488545e+03   7.0237889e+03
   8.3400000e+02  -1.7843723e+03   2.7609344e+03
   8.3500000e+02  -2.2133519e+03  -1.9379199e+02
   8.3600000e+02  -1.9877255e+02  -1.9633284e+03
   8.3700000e+02  -1.9166378e+03   1.6940009e+03
   8.3800000e+02  -3.5533622e+02   5.5104359e+03
   8.3900000e+02   1.6047738e+03   1.9177225e+01
   8.4000000e+02  -1.5069761e+03  -3.3518510e+03
   8.4100000e+02   5.3537648e+02   1.3861143e+03
   8.4200000e+02   4.8621080e+03   2.3493223e+03
   8.4300000e+02   2.1550246e+03   1.0896783e+03
   8.4400000e+02   2.8490988e+03   2.6805594e+03
   8.4500000e+02   7.8121885e+03   1.1966799e+03
   8.4600000e+02   5.7446109e+03  -1.6949375e+02
   8.4700000e+02   3.1935477e+03   1.9135956e+03
   8.4800000e+02   4.6848155e+03   7.8835049e+02
   8.4900000e+02   3.0481570e+03  -1.4861942e+03
   8.5000000e+02   1.1984165e+03  -1.2867806e+03
   8.5100000e+02   9.9115666e+02  -2.0708497e+03
   8.5200000e+02  -5.7827914e+02  -2.0733744e+03
   8.5300000e+02   1.3214003e+03  -1.7952782e+03
   8.5400000e+02   3.6372656e+03  -3.8423468e+03
   8.5500000e+02  -3.5794393e+02  -2.5161726e+03
   8.5600000e+02  -2.4522310e+03  -6.8405055e+02
   8.5700000e+02   4.0933405e+02  -5.0263188e+03
   8.5800000e+02   2.0019254e+03  -5.9354441e+03
   8.5900000e+02   3.8233750e+03  -8.1830192e+02
   8.6000000e+02   3.8578586e+03  -4.8596775e+02
   8.6100000e+02   1.4349988e+02  -2.9661882e+03
   8.6200000e+02   1.3883557e+03  -3.3090590e+03
   8.6300000e+02   4.4801251e+03  -3.7142927e+03
   8.6400000e+02   8.9788476e+02  -2.5504122e+03
   8.6500000e+02  -1.1152284e+03  -2.3967118e+03
   8.6600000e+02  -1.7023838e+02  -4.4431973e+03
   8.6700000e+02  -4.7349943e+03  -1.8030109e+02
   8.6800000e+02  -7.5752616e+03   3.8449969e+03
   8.6900000e+02  -2.7724662e+03  -2.5510198e+03
   8.7000000e+02   1.0882010e+03  -5.3981782e+03
   8.7100000e+02  -9.1354085e+01   5.7534286e+02
   8.7200000e+02  -5.0784268e+03   6.2841175e+02
   8.7300000e+02  -9.0687994e+03  -4.1328205e+03
   8.7400000e+02  -4.3704253e+03  -4.6240408e+03
   8.7500000e+02   2.2816738e+03  -1.6550292e+03
   8.7600000e+02   5.2167770e+02   3.1636571e+03
   8.7700000e+02  -2.8759150e+03   2.9449619e+03
   8.7800000e+02  -1.6249474e+03  -4.3453608e+03
   8.7900000e+02   1.1769627e+03  -4.3296847e+03
   8.8000000e+02   2.7706543e+03   3.4832021e+03
   8.8100000e+02  -1.4100040e+03   6.1959267e+03
   8.8200000e+02  -7.5670507e+03   6.4128989e+03
   8.8300000e+02  -4.3613841e+03   5.3291847e+03
   8.8400000e+02   1.2624777e+03  -9.4891254e+02
   8.8500000e+02  -1.7156333e+03  -1.8885939e+03
   8.8600000e+02  -5.5139857e+03   4.1506841e+03
   8.8700000e+02  -5.7762661e+03   5.5311618e+03
   8.8800000e+02  -5.5623898e+03   4.6674793e+03
   8.8900000e+02  -1.8130429e+03   4.0054419e+03
   8.9000000e+02   1.5801232e+03   2.2852985e+02
   8.9100000e+02   1.3782958e+02   4.6516487e+02
   8.9200000e+02   1.0059589e+03   2.8851933e+03
   8.9300000e+02   2.6179302e+03  -4.4310845e+02
   8.9400000e+02   3.6319383e+01   3.1196288e+02
   8.9500000e+02   1.6742024e+03   5.7196984e+03
   8.9600000e+02   6.7972015e+03   3.1162291e+03
   8.9700000e+02   4.6926682e+03  -7.2430637e+01
   8.9800000e+02  -1.2660453e+03   2.5468331e+03
   8.9900000e+02  -3.0030363e+03   1.5008034e+03
   9.0000000e+02   1.1390095e+03  -3.7982443e+01
   9.0100000e+02   7.1875156e+03   2.3036380e+03
   9.0200000e+02   3.7406702e+03   1.9030226e+03
   9.0300000e+02  -6.5323523e+03   2.5764463e+03
   9.0400000e+02  -4.1168580e+03   5.7729969e+03
   9.0500000e+02   8.5300373e+03   2.1185767e+03
   9.0600000e+02   1.1312156e+04  -3.5802459e+03
   9.0700000e+02   2.5392778e+03  -3.0527581e+03
   9.0800000e+02  -5.8494985e+03  -5.1879392e+02
   9.0900000e+02  -3.6163149e+03   1.8317313e+03
   9.1000000e+02   8.4848519e+03   1.4245961e+03
   9.1100000e+02   1.2673408e+04  -3.7751770e+03
   9.1200000e+02   2.4969747e+03  -5.1712596e+03
   9.1300000e+02  -4.9993756e+03  -2.2723572e+03
   9.1400000e+02  -3.1418246e+03  -2.3160519e+03
   9.1500000e+02   1.2492970e+03  -1.3934370e+03
   9.1600000e+02   5.5264687e+03  -9.4231911e+02
   9.1700000e+02   4.7011356e+03  -6.1661755e+03
   9.1800000e+02  -5.8450273e+02  -6.6080480e+03
   9.1900000e+02  -7.8161732e+02  -1.1756984e+03
   9.2000000e+02   1.2495970e+03  -1.9987365e+03
   9.2100000e+02   5.7763632e+02  -4.2181610e+03
   9.2200000e+02   2.1020507e+03  -2.5676641e+03
   9.2300000e+02   2.4963765e+03  -4.2300371e+03
   9.2400000e+02  -3.6614497e+02  -5.1420856e+03
   9.2500000e+02   2.8053536e+02  -1.7550654e+02
   9.2600000e+02  -5.3010284e+02   3.1969857e+03
   9.2700000e+02  -4.9941182e+03   1.9613316e+03
   9.2800000e+02  -2.9942488e+03  -2.1814816e+03
   9.2900000e+02  -4.7229905e+02  -5.0436186e+03
   9.3000000e+02  -4.7565990e+03   3.6405498e+02
   9.3100000e+02  -4.5464353e+03   5.4268276e+03
   9.3200000e+02  -4.1077937e+02  -6.2598503e+02
   9.3300000e+02  -1.9122502e+03  -6.3722160e+03
   9.3400000e+02  -3.4782648e+03  -4.0903000e+03
   9.3500000e+02  -2.5304148e+03  -9.2062765e+02
   9.3600000e+02  -2.2923899e+03   1.3923611e+03
   9.3700000e+02  -4.3015321e+02   6.4265749e+02
   9.3800000e+02  -7.0037748e+02  -3.3432846e+03
   9.3900000e+02  -3.3584041e+03  -1.3378943e+03
   9.4000000e+02  -1.0359505e+03   2.2321435e+03
   9.4100000e+02  -9.2995242e+02  -8.6921169e+02
   9.4200000e+02  -5.9737121e+03  -2.3773298e+02
   9.4300000e+02  -2.9514768e+03   4.5753116e+03
   9.4400000e+02   2.5039692e+03   3.1360793e+03
   9.4500000e+02  -1.4492609e+03   2.4552370e+03
   9.4600000e+02  -4.8822526e+03   5.2780501e+03
   9.4700000e+02  -3.5042915e+03   3.4715151e+03
   9.4800000e+02  -2.0968863e+03   2.7796771e+03
   9.4900000e+02   2.0720523e+03   5.4267526e+03
   9.5000000e+02   2.9454125e+03   3.7773601e+03
   9.5100000e+02  -3.0665018e+03   2.3750937e+03
   9.5200000e+02  -3.1344753e+03   3.5868231e+03
   9.5300000e+02   1.4065096e+03   2.7944315e+03
   9.5400000e+02   9.2734333e+02   4.0172532e+03
   9.5500000e+02   1.1006284e+03   4.5218772e+03
   9.5600000e+02   2.0840861e+03  -4.9722624e+02
   9.5700000e+02   8.0616537e+02  -8.9091424e+02
   9.5800000e+02   3.2453786e+03   2.3246295e+03
   9.5900000e+02   2.5941831e+03  -2.4965254e+02
   9.6000000e+02  -4.7102075e+03  -4.6920018e+02
   9.6100000e+02  -1.9460366e+03   2.4713373e+03
   9.6200000e+02   7.7238369e+03  -1.6148955e+02
   9.6300000e+02   6.8673173e+03  -3.4376004e+02
   9.6400000e+02   1.6930768e+03   3.0269092e+03
   9.6500000e+02  -3.0483302e+02   7.2309206e+02
   9.6600000e+02  -9.7703106e+02   3.7687508e+02
   9.6700000e+02   3.6089428e+03   2.8112727e+03
   9.6800000e+02   6.1038489e+03  -2.1825168e+03
   9.6900000e+02   3.7767424e+01  -5.0140833e+03
   9.7000000e+02   8.1810844e+02   1.3720085e+01
   9.7100000e+02   7.8206226e+03   1.5718719e+03
   9.7200000e+02   3.8026526e+03   4.6757933e+02
   9.7300000e+02  -2.6798598e+03  -1.3650240e+03
   9.7400000e+02   4.3230888e+02  -6.4393213e+03
   9.7500000e+02   3.4907214e+03  -4.2122457e+03
   9.7600000e+02   1.7716340e+03   2.7659988e+03
   9.7700000e+02   2.7982662e+02  -6.7130569e+02
   9.7800000e+02   1.1130399e+03  -5.0517172e+03
   9.7900000e+02   2.8986765e+03  -2.4400661e+03
   9.8000000e+02   1.3475313e+02  -4.4809935e+03
   9.8100000e+02  -3.1291933e+03  -6.7379239e+03
   9.8200000e+02   2.6155225e+03  -2.1157635e+03
   9.8300000e+02   5.5575246e+03  -1.2578745e+03
   9.8400000e+02  -2.7099411e+03  -3.6545041e+03
   9.8500000e+02  -4.6955562e+03  -3.3204818e+03
   9.8600000e+02   1.5305898e+03  -5.2705851e+03
   9.8700000e+02   7.8591004e+02  -5.0900041e+03
   9.8800000e+02  -2.5870043e+03   1.2480525e+03
   9.8900000e+02  -2.2054620e+03   2.4350588e+03
   9.9000000e+02  -1.8388668e+03  -2.7109667e+03
   9.9100000e+02   1.1091038e+03  -4.2242739e+03
   9.9200000e+02   3.0271066e+03  -3.1992651e+02
   9.9300000e+02  -2.5010158e+03   4.8526514e+03
   9.9400000e+02  -5.6761656e+03   3.7801726e+03
   9.9500000e+02  -3.5010586e+03  -3.1496651e+03
   9.9600000e+02  -5.2523179e+03  -2.6714279e+03
   9.9700000e+02  -7.1397916e+03   3.1385192e+03
   9.9800000e+02  -3.8846140e+03   1.1737253e+03
   9.9900000e+02  -9.4941701e+02  -2.4125613e+03
   1.0000000e+03  -9.8500145e+02  -3.8743511e+02
   1.0010000e+03  -3.8139536e+03   1.5789867e+03
   1.0020000e+03  -5.6077094e+03   2.3044659e+03
   1.0030000e+03  -1.0833969e+03  -6.8617701e+01
   1.0040000e+03   1.8924609e+03  -4.4411923e+03
   1.0050000e+03  -1.4298303e+03   1.2915812e+03
   1.0060000e+03  -1.0748148e+03   1.0563008e+04
   1.0070000e+03   1.4070638e+03   6.5495936e+03
   1.0080000e+03  -1.1827701e+03   4.4720814e+02
   1.0090000e+03  -2.6685302e+03   3.3424669e+03
   1.0100000e+03  -2.3532444e+03   4.7688143e+03
   1.0110000e+03  -2.8834117e+03   4.3163444e+03
   1.0120000e+03   1.1671564e+03   5.6742713e+03
   1.0130000e+03   3.4087765e+03   2.4973146e+03
   1.0140000e+03  -2.3304150e+03  -5.4137535e+02
   1.0150000e+03  -3.2069456e+03   2.3374369e+03
   1.0160000e+03   1.7346455e+03   3.2343762e+03
   1.0170000e+03   1.1695548e+03   1.2931108e+03
   1.0180000e+03   5.2779855e+02   1.0491194e+03
   1.0190000e+03   4.2344331e+03   1.2928476e+02
   1.0200000e+03   5.0986153e+03  -4.6605797e+02
   1.0210000e+03   3.1669997e+03   1.3685576e+03
   1.0220000e+03   1.2594753e+03   3.6739032e+03
   1.0230000e+03   1.7564038e+03   4.7358870e+03
   1.0240000e+03   7.1465715e+03  -3.2895765e+02
   1.0250000e+03   7.5921914e+03  -8.3082069e+03
   1.0260000e+03  -6.1700464e+02  -5.1019999e+03
   1.0270000e+03  -2.4194910e+03   4.6425219e+03
   1.0280000e+03   3.3015816e+03   5.0860548e+03
   1.0290000e+03   4.5985755e+03   4.8568250e+01
   1.0300000e+03   2.3617000e+03  -2.9797756e+03
   1.0310000e+03  -9.6354847e+02  -4.6615669e+03
   1.0320000e+03  -2.8364441e+03  -2.4320992e+03
   1.0330000e+03   3.2479294e+03   4.0029157e+02
   1.0340000e+03   6.8442364e+03  -7.0412366e+02
   1.0350000e+03  -1.3000217e+03  -1.6885611e+02
   1.0360000e+03  -4.7806000e+03   3.6719724e+02
   1.0370000e+03   2.7165693e+03  -2.3381042e+03
   1.0380000e+03   6.3486983e+03  -1.5105025e+03
   1.0390000e+03   2.5655437e+03  -2.1803717e+03
   1.0400000e+03  -2.6321943e+03  -9.0071231e+03
   1.0410000e+03  -4.0333529e+03  -7.8126469e+03
   1.0420000e+03   2.1388704e+03  -2.5941546e+02
   1.0430000e+03   6.5573960e+03  -9.0823509e+02
   1.0440000e+03   1.8046612e+03  -3.6285166e+03
   1.0450000e+03  -1.9311336e+03  -4.4993731e+03
   1.0460000e+03  -1.4478411e+03  -8.4997995e+03
   1.0470000e+03  -2.2407970e+03  -6.6839604e+03
   1.0480000e+03  -1.0112064e+03   4.6505536e+02
   1.0490000e+03   1.2096648e+03   8.9817032e+02
   1.0500000e+03  -5.7056709e+02   7.6144632e+02
   1.0510000e+03  -2.9221614e+03   2.8653550e+03
   1.0520000e+03  -5.0303484e+03  -1.2244766e+03
   1.0530000e+03  -6.0622963e+03  -2.9106314e+03
   1.0540000e+03  -1.9885035e+03   3.1054438e+03
   1.0550000e+03   6.4581802e+01   4.9959593e+03
   1.0560000e+03  -3.0706063e+03   2.5190030e+03
   1.0570000e+03  -3.4361906e+03   4.9377426e+02
   1.0580000e+03  -5.0619956e+03  -2.8355815e+03
   1.0590000e+03  -7.9768105e+03  -2.6042079e+03
   1.0600000e+03  -3.2991330e+02   1.0032600e+03
   1.0610000e+03   5.9833983e+03   1.1027788e+03
   1.0620000e+03  -2.9022946e+03   1.4179391e+03
   1.0630000e+03  -8.1897419e+03   2.6501596e+03
   1.0640000e+03  -5.3043145e+02   1.0413201e+03
   1.0650000e+03   4.5462533e+03   1.7339655e+03
   1.0660000e+03   2.4024616e+03   2.1813910e+03
   1.0670000e+03  -3.2387761e+03  -9.8006067e+02
   1.0680000e+03  -7.8409911e+03   3.1715962e+03
   1.0690000e+03  -2.9716787e+03   9.3924727e+03
   1.0700000e+03   4.4303419e+03   4.0568689e+03
   1.0710000e+03   2.4628983e+03   2.3631568e+02
   1.0720000e+03  -2.1451628e+03   5.1491892e+03
   1.0730000e+03  -3.6119688e+03   4.7900697e+03
   1.0740000e+03  -2.9936679e+03   1.5054316e+03
   1.0750000e+03   2.0864606e+03   3.4030587e+03
   1.0760000e+03   4.0478821e+03   4.3997481e+03
   1.0770000e+03  -1.8715659e+03   2.7903992e+03
   1.0780000e+03  -2.5429390e+03  -5.6715374e+02
   1.0790000e+03   3.5240592e+03  -4.1562775e+03
   1.0800000e+03   5.8975168e+03   2.0768745e+02
   1.0810000e+03   5.5703227e+03   5.3541307e+03
   1.0820000e+03   2.6950944e+03  -3.8955177e+02
   1.0830000e+03  -1.2125820e+03  -4.2669571e+03
   1.0840000e+03   3.2442064e+03   3.8781472e+02
   1.0850000e+03   8.0815355e+03   2.3644023e+03
   1.0860000e+03   2.3534583e+03   2.8347855e+03
   1.0870000e+03  -1.7821285e+03   2.4675671e+03
   1.0880000e+03   1.5182942e+02  -3.7331455e+03
   1.0890000e+03  -1.5235632e+02  -4.4138538e+03
   1.0900000e+03   1.9734129e+03   2.2836412e+03
   1.0910000e+03   5.9932537e+03   6.9152184e+02
   1.0920000e+03   3.2894890e+03  -4.6415519e+03
   1.0930000e+03   6.5078409e+02  -3.4099217e+03
   1.0940000e+03   2.4253210e+03  -2.6465924e+03
   1.0950000e+03   1.8952983e+03  -3.2804084e+03
   1.0960000e+03   1.1674669e+03  -1.8746616e+03
   1.0970000e+03   2.1987565e+03  -2.0052312e+03
   1.0980000e+03   1.6282203e+03  -1.6010231e+03
   1.0990000e+03   1.6481907e+03  -1.2148350e+03
   1.1000000e+03   1.0136874e+03  -4.8293347e+03
   1.1010000e+03  -1.4045601e+03  -4.3885411e+03
   1.1020000e+03   6.4481669e+02   5.5218838e+02
   1.1030000e+03   2.9157123e+03  -5.9341535e+02
   1.1040000e+03  -1.1658318e+03  -2.8664705e+03
   1.1050000e+03  -3.6780672e+03  -1.3841040e+03
   1.1060000e+03  -1.8721942e+03  -3.6417187e+03
   1.1070000e+03  -3.6604242e+02  -6.0891870e+03
   1.1080000e+03   1.2691975e+03  -3.2684935e+03
   1.1090000e+03  -8.6988843e+02  -1.4875146e+03
   1.1100000e+03  -5.6439664e+03  -1.4340659e+03
   1.1110000e+03  -2.9448907e+03  -7.3476359e+02
   1.1120000e+03   7.7904220e+02  -1.1705709e+03
   1.1130000e+03  -2.5211123e+03  -2.6473862e+02
   1.1140000e+03  -2.6139998e+03   1.6423754e+03
   1.1150000e+03   7.0208780e+01   2.1777047e+03
   1.1160000e+03  -2.6962653e+03   4.0197076e+03
   1.1170000e+03  -3.9964088e+03   2.4445784e+03
   1.1180000e+03  -2.6862856e+03  -3.9674963e+03
   1.1190000e+03  -3.8621350e+03  -2.4335241e+03
   1.1200000e+03  -2.2028432e+03   3.7683479e+03
   1.1210000e+03  -7.6724413e+02   1.1209194e+03
   1.1220000e+03  -4.9371703e+03  -2.1240690e+03
   1.1230000e+03  -4.7742533e+03   9.7885735e+02
   1.1240000e+03  -9.1896920e+02   2.6556258e+03
   1.1250000e+03  -3.0686086e+03   3.4568682e+03
   1.1260000e+03  -4.7834173e+03   3.5310921e+03
   1.1270000e+03  -1.8013376e+03  -4.7544808e+02
   1.1280000e+03   8.7308379e+02  -3.3417966e+01
   1.1290000e+03   2.9510096e+03   5.4719893e+03
   1.1300000e+03   6.3558763e+02   5.2437904e+03
   1.1310000e+03  -4.0346055e+03   2.3566951e+03
   1.1320000e+03   2.8674964e+02   2.1301778e+03
   1.1330000e+03   4.7128620e+03   2.3046493e+03
   1.1340000e+03  -5.5104591e+02   4.8747208e+03
   1.1350000e+03  -4.3663846e+01   6.0041496e+03
   1.1360000e+03   6.3428064e+03   1.2989672e+03
   1.1370000e+03   2.3476657e+03   4.8633198e+02
   1.1380000e+03  -3.4677171e+03   3.9839699e+03
   1.1390000e+03  -1.0966995e+03   2.4965995e+03
   1.1400000e+03   1.2192852e+03   1.2693995e+03
   1.1410000e+03   2.9035469e+03   3.0119085e+03
   1.1420000e+03   4.7793897e+03   1.2347261e+03
   1.1430000e+03   2.0913108e+03  -7.6337443e+02
   1.1440000e+03   8.4026245e+02  -9.0298229e+02
   1.1450000e+03   4.0589726e+03  -9.6340904e+02
   1.1460000e+03   4.9736333e+03   2.2237907e+03
   1.1470000e+03   3.9782049e+03   9.6902670e+02
   1.1480000e+03   2.0669321e+03  -8.7315918e+03
   1.1490000e+03  -5.9883203e+02  -9.1127767e+03
   1.1500000e+03   1.7665593e+03   7.3872007e+02
   1.1510000e+03   4.4850895e+03   2.6223614e+03
   1.1520000e+03   6.0162497e+02  -7.8704898e+02
   1.1530000e+03  -1.3028702e+03  -1.7220813e+03
   1.1540000e+03   1.3191039e+03  -3.0248992e+03
   1.1550000e+03   2.0922278e+03  -5.6182458e+02
   1.1560000e+03   3.3258839e+03   3.2463505e+03
   1.1570000e+03   3.3679091e+03  -7.0579112e+02
   1.1580000e+03  -7.4775299e+02  -4.3424645e+03
   1.1590000e+03  -7.4480174e+02  -2.4606716e+03
   1.1600000e+03   2.0867843e+03  -3.0961070e+03
   1.1610000e+03   3.6033268e+02  -4.4019575e+03
   1.1620000e+03  -8.9746439e+01  -4.1460791e+03
   1.1630000e+03   4.6757378e+02  -5.5961011e+03
   1.1640000e+03  -3.1919356e+03  -3.7564068e+03
   1.1650000e+03  -2.6119578e+03  -4.3733952e+02
   1.1660000e+03   2.1040062e+03  -2.5292481e+03
   1.1670000e+03   6.8980134e+02  -2.8090113e+03
   1.1680000e+03  -2.0057641e+03  -3.2448145e+01
   1.1690000e+03  -1.1537938e+03  -1.3026577e+03
   1.1700000e+03  -9.5141010e+02  -8.7948498e+02
   1.1710000e+03   2.1867120e+02   1.1332788e+03
   1.1720000e+03  -1.0929035e+02  -2.9201712e+03
   1.1730000e+03  -5.3692692e+03  -4.4758420e+03
   1.1740000e+03  -5.7429222e+03   3.3011959e+02
   1.1750000e+03  -3.4751704e+02   1.1446078e+03
   1.1760000e+03   3.7174134e+01  -1.1411008e+03
   1.1770000e+03  -2.4933474e+03  -2.1317260e+03
   1.1780000e+03  -3.3877959e+03  -2.2758137e+03
   1.1790000e+03  -4.4785229e+03   1.7147265e+03
   1.1800000e+03  -3.1524291e+03   4.2691071e+03
   1.1810000e+03  -1.0592100e+03   5.6510091e+02
   1.1820000e+03  -2.4961225e+03   2.2721265e+03
   1.1830000e+03  -3.1844489e+03   7.8245221e+03
   1.1840000e+03  -3.1431247e+03   4.9551143e+03
   1.1850000e+03  -4.7164993e+03   2.3587671e+03
   1.1860000e+03  -2.9097791e+03   5.6544614e+03
   1.1870000e+03  -4.2223069e+02   5.1929427e+03
   1.1880000e+03  -1.3605298e+03   3.0787379e+03
   1.1890000e+03   6.4009651e+02   2.1611398e+03
   1.1900000e+03   2.7065143e+03  -1.1520605e+03
   1.1910000e+03  -5.4639649e+02  -6.4188353e+01
   1.1920000e+03  -2.3601399e+02   4.4195014e+03
   1.1930000e+03   3.3769544e+03   1.6240299e+03
   1.1940000e+03   1.8707644e+03  -2.1292705e+03
   1.1950000e+03   5.8638450e+02  -4.1846056e+02
   1.1960000e+03   1.5784194e+03   5.5925733e+02
   1.1970000e+03   2.5904088e+02   1.2831564e+03
   1.1980000e+03   1.0054343e+03   1.9770013e+03
   1.1990000e+03   2.4564038e+03   7.1106637e+02
   1.2000000e+03   1.1125004e+02   3.6914585e+03
   1.2010000e+03   8.7507000e+02   6.3683407e+03
   1.2020000e+03   2.0831836e+03   9.3949841e+02
   1.2030000e+03  -3.3701494e+03  -7.3980388e+02
   1.2040000e+03  -3.3094307e+03   3.7832534e+03
   1.2050000e+03   5.9557617e+03   2.2282676e+03
   1.2060000e+03   8.5057974e+03   3.8594069e+02
   1.2070000e+03   2.7046217e+03   3.3958281e+03
   1.2080000e+03  -1.0711536e+03   8.1717961e+02
   1.2090000e+03   3.9871033e+02  -4.8484014e+03
   1.2100000e+03   6.2062311e+03  -5.4464710e+03
   1.2110000e+03   9.0441594e+03  -4.3956941e+03
   1.2120000e+03   3.5242380e+03  -2.7478491e+03
   1.2130000e+03  -1.1661220e+03  -1.0629034e+03
   1.2140000e+03   2.1336926e+02  -2.1792348e+03
   1.2150000e+03   1.5857629e+03  -2.8500997e+03
   1.2160000e+03   1.5070286e+03  -4.1836665e+03
   1.2170000e+03   7.6696951e+02  -7.4340730e+03
   1.2180000e+03  -3.9539076e+02  -4.3509577e+03
   1.2190000e+03   7.4648261e+02   1.7968092e+03
   1.2200000e+03   1.9182581e+03   1.0509495e+03
   1.2210000e+03   1.7293584e+03  -1.8563086e+03
   1.2220000e+03   3.0924709e+03  -4.3333612e+03
   1.2230000e+03   1.4757095e+03  -6.6869387e+03
   1.2240000e+03  -2.6445934e+03  -9.7745540e+02
   1.2250000e+03   7.0223491e+01   5.4067385e+03
   1.2260000e+03   3.0317128e+03   1.8903629e+01
   1.2270000e+03  -2.2688153e+03  -4.9565693e+03
   1.2280000e+03  -5.7979324e+03  -1.7586723e+03
   1.2290000e+03  -4.7071248e+03  -6.1227441e+02
   1.2300000e+03  -4.9670535e+03  -1.9533957e+03
   1.2310000e+03  -2.6440519e+03  -2.8017148e+03
   1.2320000e+03   5.7490771e+00  -3.7478998e+03
   1.2330000e+03  -3.3237748e+03  -7.7453380e+02
   1.2340000e+03  -5.0544442e+03   6.6542320e+02
   1.2350000e+03  -2.2691835e+03  -3.5416136e+03
   1.2360000e+03  -1.0132410e+03  -1.5801122e+03
   1.2370000e+03  -1.8567239e+02   2.9993090e+03
   1.2380000e+03  -6.9938496e+02  -7.8846683e+02
   1.2390000e+03  -3.2363737e+03  -3.0419237e+01
   1.2400000e+03  -1.2656498e+03   7.5384848e+03
   1.2410000e+03  -6.3596425e+01   5.1649628e+03
   1.2420000e+03  -5.4530538e+03  -7.3737760e+02
   1.2430000e+03  -4.7145785e+03   1.4320683e+03
   1.2440000e+03   2.8908772e+03   3.6309635e+03
   1.2450000e+03   2.1675786e+03   3.6703139e+03
   1.2460000e+03  -3.6880940e+03   4.1665597e+03
   1.2470000e+03  -4.1876737e+03   1.7253617e+03
   1.2480000e+03  -2.1283239e+03  -3.5922808e+02
   1.2490000e+03  -1.0154225e+03  -4.2720796e+01
   1.2500000e+03  -1.5324574e+03   5.2148358e+02
   1.2510000e+03  -2.1961850e+03   4.3680736e+03
   1.2520000e+03   1.4928972e+03   5.5650457e+03
   1.2530000e+03   4.1820478e+03  -1.0805846e+03
   1.2540000e+03  -4.9731529e+02  -1.6849247e+03
   1.2550000e+03  -3.4455044e+03   5.2225650e+03
   1.2560000e+03   6.4524203e+02   5.0674570e+03
   1.2570000e+03   3.9093541e+03   2.3202481e+03
   1.2580000e+03   3.2148874e+03   4.3574180e+03
   1.2590000e+03   1.5277240e+03   4.0210203e+03
   1.2600000e+03   1.5673533e+03   1.5448022e+03
   1.2610000e+03   3.5662216e+03   6.5996753e+02
   1.2620000e+03   2.5706335e+03  -2.9260313e+02
   1.2630000e+03  -5.2581288e+02   5.1502154e+02
   1.2640000e+03   9.1285069e+02   5.9122091e+01
   1.2650000e+03   2.8136350e+03  -4.0922200e+03
   1.2660000e+03   1.5447846e+03  -2.7683516e+03
   1.2670000e+03   3.4821067e+03   1.9605287e+03
   1.2680000e+03   6.3083711e+03  -2.7869192e+01
   1.2690000e+03   3.2730616e+03  -3.0613003e+03
   1.2700000e+03  -1.6284181e+03  -3.0745076e+03
   1.2710000e+03  -2.8048407e+03  -2.5540421e+03
   1.2720000e+03   2.4112411e+03   2.7852870e+03
   1.2730000e+03   9.6865473e+03   6.2270879e+03
   1.2740000e+03   5.9648841e+03  -1.1044249e+03
   1.2750000e+03  -4.1763029e+03  -6.3125325e+03
   1.2760000e+03  -2.5119025e+03  -4.0431151e+03
   1.2770000e+03   4.7012651e+03  -4.4700983e+03
   1.2780000e+03   3.2359654e+03  -4.1554566e+03
   1.2790000e+03  -3.0954589e+02  -6.7885581e+02
   1.2800000e+03  -1.2034834e+02  -1.9387308e+03
   1.2810000e+03   1.4130907e+03  -4.4197705e+03
   1.2820000e+03   3.5268224e+03  -4.5324358e+03
   1.2830000e+03   5.9575586e+02  -5.7257533e+03
   1.2840000e+03  -5.7642273e+03  -3.9284544e+03
   1.2850000e+03  -4.4103599e+03  -4.2140111e+02
   1.2860000e+03   1.9704256e+02  -1.4074937e+03
   1.2870000e+03   3.9498187e+02  -1.4869835e+03
   1.2880000e+03   1.2292500e+03  -5.7881423e+02
   1.2890000e+03   1.2080538e+02  -3.2754085e+03
   1.2900000e+03  -4.9791503e+03  -1.5672539e+03
   1.2910000e+03  -4.2892650e+03   3.4761824e+03
   1.2920000e+03  -8.2821067e+02   1.3169967e+03
   1.2930000e+03  -2.0533343e+03  -1.8921579e+03
   1.2940000e+03  -1.6885090e+03  -1.7337049e+02
   1.2950000e+03  -7.3281575e+02   1.1870063e+03
   1.2960000e+03  -3.1540670e+03   1.9184635e+03
   1.2970000e+03  -2.1357818e+03   1.3163572e+02
   1.2980000e+03  -1.3250101e+03  -4.4198628e+03
   1.2990000e+03  -6.2874032e+03  -1.7497659e+03
   1.3000000e+03  -6.2618902e+03   4.6792636e+03
   1.3010000e+03  -3.1860019e+02   3.6001814e+03
   1.3020000e+03   1.2848898e+03   6.1166998e+02
   1.3030000e+03  -5.4941785e+02  -3.2148287e+02
   1.3040000e+03  -4.3190494e+03  -1.0928088e+03
   1.3050000e+03  -7.8268808e+03   3.5378566e+03
   1.3060000e+03  -3.0179670e+03   7.4668894e+03
   1.3070000e+03   3.2226747e+03   2.5493460e+03
   1.3080000e+03   8.8694834e+02   5.2857373e+02
   1.3090000e+03  -1.4178343e+03   4.2534767e+03
   1.3100000e+03   6.3910746e+02   3.5608863e+03
   1.3110000e+03   1.7280594e+03   1.9656224e+03
   1.3120000e+03   2.2925058e+03   1.7391661e+03
   1.3130000e+03  -4.5922536e+01   3.0307995e+02
   1.3140000e+03  -3.9481140e+03   3.7797511e+03
   1.3150000e+03   5.4755042e+02   7.0275297e+03
   1.3160000e+03   6.9467211e+03   2.3706183e+03
   1.3170000e+03   3.8460219e+03   1.0651452e+03
   1.3180000e+03  -8.2731431e+02   2.4674047e+03
   1.3190000e+03  -1.7151314e+03  -3.4171737e+03
   1.3200000e+03  -1.5712730e+03  -4.0768378e+03
   1.3210000e+03   2.1759333e+03   3.9708402e+03
   1.3220000e+03   4.6715333e+03   4.0421296e+03
   1.3230000e+03   1.2299392e+03  -8.0844320e+02
   1.3240000e+03   5.7073732e+02  -5.1394061e+01
   1.3250000e+03   2.2420557e+03   1.7232453e+03
   1.3260000e+03  -1.1004414e+02   2.1023341e+03
   1.3270000e+03   2.2009267e+02   2.7950237e+02
   1.3280000e+03   4.4485897e+03  -3.0425851e+03
   1.3290000e+03   5.8752619e+03   3.6429959e+02
   1.3300000e+03   5.4276359e+03   3.9459398e+03
   1.3310000e+03   2.7079368e+03  -3.1919142e+03
   1.3320000e+03  -5.4742680e+01  -7.4524052e+03
   1.3330000e+03   4.2440796e+03  -1.4510876e+03
   1.3340000e+03   6.6957771e+03   8.1388319e+02
   1.3350000e+03   2.5672683e+02  -2.8611807e+03
   1.3360000e+03  -1.5982838e+03  -5.7408165e+03
   1.3370000e+03   2.2624913e+03  -6.6466177e+03
   1.3380000e+03   8.0630592e+02  -3.4262194e+03
   1.3390000e+03  -1.7371414e+03  -3.5231429e+02
   1.3400000e+03  -2.4395701e+03  -2.3571457e+03
   1.3410000e+03  -3.6855410e+03  -3.6713972e+03
   1.3420000e+03   7.5206156e+02  -4.5450000e+03
   1.3430000e+03   5.9184545e+03  -5.3333759e+03
   1.3440000e+03   6.8680240e+02   2.0805335e+03
   1.3450000e+03  -5.2604094e+03   7.3852752e+03
   1.3460000e+03  -2.7656840e+03  -1.4931501e+03
   1.3470000e+03   1.1620955e+03  -7.7959581e+03
   1.3480000e+03   2.9121800e+03  -2.9103392e+03
   1.3490000e+03   1.7008634e+03   1.0033560e+03
   1.3500000e+03  -3.0393008e+03   3.0186676e+03
   1.3510000e+03  -4.8355737e+03   2.8207937e+03
   1.3520000e+03  -2.2132341e+03  -3.6316687e+03
   1.3530000e+03  -2.7140984e+02  -5.9804123e+03
   1.3540000e+03  -4.3352388e+02  -1.4443683e+03
   1.3550000e+03  -3.9692927e+03  -5.4049716e+01
   1.3560000e+03  -7.0717009e+03  -3.4787236e+02
   1.3570000e+03  -3.2130273e+03  -9.7254984e+02
   1.3580000e+03  -2.4163060e+02  -3.6863803e+03
   1.3590000e+03  -4.1374844e+03  -1.4578938e+03
   1.3600000e+03  -5.4595112e+03   2.3399324e+03
   1.3610000e+03  -2.8710099e+03   8.6838614e+02
   1.3620000e+03  -1.2193452e+03   2.6693355e+03
   1.3630000e+03   1.5782817e+03   5.4466375e+03
   1.3640000e+03   9.9236834e+02   1.9855038e+03
   1.3650000e+03  -4.6132162e+03   4.7949693e+03
   1.3660000e+03  -3.9903108e+03   1.1889206e+04
   1.3670000e+03   1.3359414e+03   5.8701353e+03
   1.3680000e+03   1.5668383e+03  -3.3372640e+03
   1.3690000e+03   2.3851259e+02  -1.3440420e+03
   1.3700000e+03  -3.7936781e+02   4.1588511e+03
   1.3710000e+03  -1.9598781e+03   6.6384249e+03
   1.3720000e+03  -7.4528756e+02   3.5194083e+03
   1.3730000e+03   4.4797830e+02  -3.4971184e+03
   1.3740000e+03  -1.6573876e+03  -2.7332895e+03
   1.3750000e+03  -1.8800209e+03   2.4841926e+03
   1.3760000e+03  -1.1929386e+03   1.0181388e+03
   1.3770000e+03  -1.3520722e+01   1.1344674e+03
   1.3780000e+03   5.5303954e+03   5.2486736e+03
   1.3790000e+03   6.3316998e+03   3.7958716e+03
   1.3800000e+03  -1.2216345e+02   1.2715962e+03
   1.3810000e+03   4.9499521e+02   2.7811008e+01
   1.3820000e+03   5.1711449e+03  -3.2472485e+03
   1.3830000e+03   3.1720155e+03   1.5101665e+02
   1.3840000e+03   1.9663270e+03   6.5285941e+03
   1.3850000e+03   3.4248503e+03   2.2373840e+03
   1.3860000e+03   1.9046251e+03  -3.3238196e+03
   1.3870000e+03   1.8607268e+03  -1.5649061e+03
   1.3880000e+03   1.7856864e+03  -6.4079870e+02
   1.3890000e+03  -8.6607417e+02  -4.7765394e+02
   1.3900000e+03   2.4169486e+03  -6.7835273e+02
   1.3910000e+03   6.8104142e+03  -3.6307435e+03
   1.3920000e+03   2.6995518e+03  -7.2055929e+02
   1.3930000e+03  -2.7042685e+02   4.1253773e+03
   1.3940000e+03   1.8722023e+03  -2.1730941e+03
   1.3950000e+03   1.6764879e+03  -8.9758321e+03
   1.3960000e+03   1.3375660e+03  -6.1418435e+03
   1.3970000e+03   1.2140396e+03  -2.5528924e+03
   1.3980000e+03  -6.7187873e+02  -3.6226518e+01
   1.3990000e+03   1.4745531e+03   1.5733594e+03
   1.4000000e+03   3.1892494e+03  -2.7881518e+03
   1.4010000e+03  -1.8610079e+03  -6.7448463e+03
   1.4020000e+03  -3.4015527e+03  -4.6332005e+03
   1.4030000e+03   1.6141506e+02  -5.3359457e+02
   1.4040000e+03  -2.0114432e+02   3.2125142e+03
   1.4050000e+03  -3.6520180e+02   1.2906504e+03
   1.4060000e+03   1.5920903e+03  -5.7052865e+03
   1.4070000e+03  -3.4842717e+02  -5.2383299e+03
   1.4080000e+03  -2.2912188e+03  -5.4799279e+02
   1.4090000e+03  -1.4956417e+03  -2.0632524e+03
   1.4100000e+03  -1.4676440e+03  -2.7698865e+03
   1.4110000e+03  -7.2538777e+00  -1.0870526e+03
   1.4120000e+03   1.7887025e+03  -1.7880281e+03
   1.4130000e+03  -9.0379857e+02   1.3671920e+03
   1.4140000e+03  -5.9102752e+03   3.5902133e+03
   1.4150000e+03  -9.7513617e+03  -2.9509817e+03
   1.4160000e+03  -7.5586637e+03  -5.3531838e+03
   1.4170000e+03   1.1092494e+03  -2.5476513e+02
   1.4180000e+03   2.1675717e+03   2.0381837e+03
   1.4190000e+03  -5.7327937e+03   3.4227931e+03
   1.4200000e+03  -5.6634460e+03   1.9102669e+03
   1.4210000e+03  -9.6563005e+02  -3.5888429e+03
   1.4220000e+03  -2.4253296e+03   1.2013287e+03
   1.4230000e+03  -8.7468352e+02   9.7285184e+03
   1.4240000e+03   3.9772479e+03   4.7925922e+03
   1.4250000e+03   2.0179194e+03  -3.9859286e+02
   1.4260000e+03  -7.0317963e+02   2.8394518e+03
   1.4270000e+03  -4.6467485e+02   3.3543395e+03
   1.4280000e+03  -2.5599828e+03   4.5510106e+03
   1.4290000e+03  -2.8217471e+03   6.3140546e+03
   1.4300000e+03  -7.5992150e+02  -4.5650758e+02
   1.4310000e+03  -2.0702780e+03  -3.1098886e+03
   1.4320000e+03  -2.7820449e+03   3.9321286e+03
   1.4330000e+03  -1.4698460e+03   4.0940188e+03
   1.4340000e+03  -1.4568889e+03  -9.0289919e+02
   1.4350000e+03   6.2065218e+02  -7.5680572e+02
   1.4360000e+03   3.0903150e+03   9.8833410e+02
   1.4370000e+03   1.6770310e+03   3.7314988e+03
   1.4380000e+03   1.3334701e+03   3.7489610e+03
   1.4390000e+03   3.1161198e+03  -3.3312683e+03
   1.4400000e+03   4.1470754e+03  -3.1224183e+03
   1.4410000e+03   5.3023902e+03   7.0708629e+03
   1.4420000e+03   2.9819706e+03   8.3615784e+03
   1.4430000e+03  -8.5883832e+02   1.0908546e+03
   1.4440000e+03   2.2931353e+03  -2.2164232e+03
   1.4450000e+03   4.9307788e+03  -1.1228669e+03
   1.4460000e+03   6.7945315e+02   3.1571658e+03
   1.4470000e+03   6.3220702e+02   4.9735391e+03
   1.4480000e+03   4.0943056e+03  -1.1529745e+03
   1.4490000e+03   2.3443957e+03  -4.9753850e+03
   1.4500000e+03   9.0712196e+02  -2.6713419e+03
   1.4510000e+03   9.6686622e+02  -2.4147979e+03
   1.4520000e+03  -9.4840558e+02  -2.3209046e+03
   1.4530000e+03   1.0663037e+03  -2.4569582e+03
   1.4540000e+03   4.1745215e+03  -6.0536380e+03
   1.4550000e+03   1.8572387e+03  -4.5528836e+03
   1.4560000e+03   1.2747431e+03  -2.8493767e-01
   1.4570000e+03   3.1095408e+03  -2.3942764e+03
   1.4580000e+03   1.4501081e+03  -3.2993188e+03
   1.4590000e+03   1.0307189e+03  -6.3003748e+02
   1.4600000e+03   2.1420925e+03  -4.4406260e+03
   1.4610000e+03   3.5171593e+02  -6.0922531e+03
   1.4620000e+03  -7.5974269e+02   5.3749166e+02
   1.4630000e+03  -1.7586237e+03   2.5375540e+03
   1.4640000e+03  -2.8765966e+03  -1.4946861e+03
   1.4650000e+03   9.0913493e+02  -3.7770958e+03
   1.4660000e+03   1.0042044e+03  -3.1219439e+03
   1.4670000e+03  -6.4164219e+03   1.0442636e+03
   1.4680000e+03  -5.0375205e+03   2.4725528e+03
   1.4690000e+03   3.1257004e+03  -2.7512978e+03
   1.4700000e+03   1.0841160e+03  -3.3051979e+03
   1.4710000e+03  -4.5076443e+03   5.1345275e+02
   1.4720000e+03  -2.7830318e+03  -1.8914550e+03
   1.4730000e+03   9.0262186e+02  -3.6897625e+03
   1.4740000e+03   2.0536206e+03  -7.0468005e+02
   1.4750000e+03  -1.3309220e+03  -5.7973276e+02
   1.4760000e+03  -6.5200871e+03  -5.1638324e+02
   1.4770000e+03  -4.1569168e+03   8.5101564e+02
   1.4780000e+03   8.8928386e+02  -9.0577059e+02
   1.4790000e+03  -1.3563943e+03  -4.3371122e+02
   1.4800000e+03  -4.2895878e+03   1.7738496e+03
   1.4810000e+03  -4.3806020e+03   4.9721564e+02
   1.4820000e+03  -5.6746223e+03   2.6464874e+03
   1.4830000e+03  -3.5303163e+03   5.8471653e+03
   1.4840000e+03   9.0725229e+02   8.9327461e+02
   1.4850000e+03   2.7913019e+02  -2.7023128e+03
   1.4860000e+03  -5.9516082e+02   1.0944458e+03
   1.4870000e+03   9.1019098e+02   4.4900411e+03
   1.4880000e+03  -8.9460883e+02   6.3849125e+03
   1.4890000e+03  -2.8855897e+03   4.4531581e+03
   1.4900000e+03  -6.4883919e+02  -1.5438071e+03
   1.4910000e+03   1.8724845e+03   2.6742213e+02
   1.4920000e+03   9.3273135e+02   6.5877902e+03
   1.4930000e+03  -2.8815718e+03   5.2675298e+03
   1.4940000e+03  -3.0452590e+03   3.4491779e+03
   1.4950000e+03   2.7140373e+03   4.3067616e+03
   1.4960000e+03   3.2405322e+03   2.4293799e+03
   1.4970000e+03  -2.4649273e+03   3.8959650e+03
   1.4980000e+03  -1.4210594e+03   4.9529397e+03
   1.4990000e+03   3.8555746e+03  -2.4473731e+03
   1.5000000e+03   4.9328424e+03  -4.1562611e+03
   1.5010000e+03   4.9970235e+03   3.0529571e+03
   1.5020000e+03   2.9309095e+03   2.6673312e+03
   1.5030000e+03  -7.1712840e+02  -3.1989226e+03
   1.5040000e+03   2.3466039e+03  -5.2872519e+03
   1.5050000e+03   6.1308394e+03  -4.3943985e+03
   1.5060000e+03   3.1956138e+03   8.0563591e+02
   1.5070000e+03   1.5856656e+03   3.6141578e+03
   1.5080000e+03   1.5771669e+03  -2.1952240e+03
   1.5090000e+03  -5.7354233e+02  -3.4799835e+03
   1.5100000e+03   1.0565369e+03   2.4330124e+03
   1.5110000e+03   2.2235928e+03   3.3862953e+03
   1.5120000e+03  -1.7524901e+03   1.2619434e+03
   1.5130000e+03  -2.1301908e+02  -1.5234314e+03
   1.5140000e+03   4.6922695e+03  -4.9475595e+03
   1.5150000e+03   2.2870830e+03  -2.2817084e+02
   1.5160000e+03  -7.1396921e+01   3.9569826e+03
   1.5170000e+03   1.7123223e+03  -4.1377990e+03
   1.5180000e+03   1.1677966e+03  -7.0452988e+03
   1.5190000e+03   1.7007410e+03  -2.9328705e+02
   1.5200000e+03   4.2604193e+03  -2.3466588e+03
   1.5210000e+03   2.4020255e+03  -7.1943185e+03
   1.5220000e+03  -1.0086723e+03  -3.9482152e+03
   1.5230000e+03  -1.9438664e+03  -1.9719018e+03
   1.5240000e+03  -1.1390850e+03  -2.2486287e+03
   1.5250000e+03   1.4697369e+03  -2.3858180e+03
   1.5260000e+03   8.2623219e+02  -5.8946417e+03
   1.5270000e+03  -4.2526680e+03  -4.5790890e+03
   1.5280000e+03  -5.0060649e+03   1.8092992e+03
   1.5290000e+03  -1.8342326e+03   2.4331983e+02
   1.5300000e+03  -1.9185734e+02  -3.9046185e+03
   1.5310000e+03   1.8241665e+03  -2.0607320e+03
   1.5320000e+03   1.0729005e+03  -4.1533070e+02
   1.5330000e+03  -4.4616453e+03   7.8118937e+02
   1.5340000e+03  -5.6092765e+03   1.7382003e+03
   1.5350000e+03  -9.5039893e+02  -1.2269053e+03
   1.5360000e+03   1.6568564e+03  -4.5306937e+02
   1.5370000e+03  -8.7977558e+02   4.6703003e+03
   1.5380000e+03  -6.6168766e+03   3.2995005e+03
   1.5390000e+03  -6.6779610e+03  -7.8480274e+02
   1.5400000e+03   7.1483758e+02  -4.3296868e+02
   1.5410000e+03  -1.1715761e+02   1.8489931e+03
   1.5420000e+03  -7.8739844e+03   4.7495349e+03
   1.5430000e+03  -4.5190160e+03   3.0140736e+03
   1.5440000e+03   1.6978013e+03  -3.4232930e+03
   1.5450000e+03  -1.7246618e+03  -1.4503999e+03
   1.5460000e+03  -2.9340556e+03   5.0848433e+03
   1.5470000e+03  -4.0173477e+02   3.5803207e+03
   1.5480000e+03  -2.0131521e+03   2.2608160e+03
   1.5490000e+03   1.5364897e+02   3.6636320e+03
   1.5500000e+03   5.2782103e+03   2.8650694e+02
   1.5510000e+03   2.3698314e+03   7.4878377e+02
   1.5520000e+03  -2.8835656e+03   5.1357851e+03
   1.5530000e+03  -3.3397276e+03   1.5950643e+03
   1.5540000e+03  -1.5453976e+03  -9.1662994e+02
   1.5550000e+03   1.3628417e+03   4.0662799e+03
   1.5560000e+03   1.9903398e+03   5.1104928e+03
   1.5570000e+03   1.0295863e+03   2.5360866e+03
   1.5580000e+03   3.8580102e+03   1.4818694e+02
   1.5590000e+03   2.9886658e+03  -3.2911994e+03
   1.5600000e+03  -3.3733582e+03   1.2892026e+03
   1.5610000e+03  -6.1651516e+02   1.0533203e+04
   1.5620000e+03   7.4202402e+03   7.0370779e+03
   1.5630000e+03   5.7101844e+03  -2.4942401e+03
   1.5640000e+03  -1.0932546e+02  -3.3188884e+03
   1.5650000e+03  -1.6480893e+03  -1.5612545e+02
   1.5660000e+03   5.2752815e+01   1.4673721e+03
   1.5670000e+03   4.3353913e+03   7.7184631e+02
   1.5680000e+03   5.4748039e+03  -2.4855593e+03
   1.5690000e+03   2.1128089e+03  -3.7193533e+03
   1.5700000e+03   2.4850453e+03  -3.8008687e+03
   1.5710000e+03   3.7912546e+03  -3.6847979e+03
   1.5720000e+03   1.7321478e+03   1.5157226e+03
   1.5730000e+03   2.3538283e+03   2.6263773e+03
   1.5740000e+03   2.2669679e+03  -6.0177183e+03
   1.5750000e+03  -1.3322242e+03  -7.3193712e+03
   1.5760000e+03   6.7906440e+02  -5.6311835e+02
   1.5770000e+03   4.1698406e+03  -6.0003705e+02
   1.5780000e+03   1.2800691e+03  -1.4116826e+03
   1.5790000e+03  -2.5468865e+02   2.5183377e+02
   1.5800000e+03   2.9613464e+02  -3.8009019e+03
   1.5810000e+03  -1.3796130e+03  -5.5708219e+03
   1.5820000e+03   4.9229291e+01  -2.0800833e+03
   1.5830000e+03   1.9260056e+03  -3.0221825e+03
   1.5840000e+03   7.3532357e+01  -2.5719293e+03
   1.5850000e+03   2.5973569e+02   1.4866750e+03
   1.5860000e+03  -9.0546450e+02  -1.2446106e+03
   1.5870000e+03  -4.6090089e+03  -4.8906602e+03
   1.5880000e+03  -1.2690660e+03  -3.1226705e+03
   1.5890000e+03   1.1697021e+03  -3.1667553e+03
   1.5900000e+03  -4.6897946e+03  -2.6866807e+03
   1.5910000e+03  -4.5806213e+03   9.7747266e+02
   1.5920000e+03  -2.0877571e+02   1.5609284e+03
   1.5930000e+03  -3.1641496e+03   7.2239941e+02
   1.5940000e+03  -3.2544049e+03  -2.6755209e+02
   1.5950000e+03   6.3300636e+02  -2.4622701e+03
   1.5960000e+03  -3.2050096e+03   2.5350018e+02
   1.5970000e+03  -5.7014419e+03   3.3806350e+03
   1.5980000e+03  -4.6201463e+02   4.0539685e+02
   1.5990000e+03   1.2027788e+03   1.4391197e+03
   1.6000000e+03  -7.5479608e+02   4.3237542e+03
   1.6010000e+03  -1.0642083e+03  -1.4675614e+03
   1.6020000e+03  -2.0100702e+03  -3.6710365e+03
   1.6030000e+03  -2.4957326e+03   2.9965762e+03
   1.6040000e+03  -3.2166863e+03   4.6858428e+03
   1.6050000e+03  -4.8645465e+03   2.4902671e+03
   1.6060000e+03  -1.4570734e+03   1.6530660e+03
   1.6070000e+03   2.3818061e+03  -7.0547440e+02
   1.6080000e+03  -1.2143143e+03   6.0942326e+02
   1.6090000e+03  -4.2827064e+03   3.9031280e+03
   1.6100000e+03  -2.3690959e+03   1.5300319e+03
   1.6110000e+03  -2.2260467e+02   2.2191150e+03
   1.6120000e+03   2.4430245e+03   7.0443374e+03
   1.6130000e+03   2.4506366e+03   4.6259784e+03
   1.6140000e+03  -1.7823840e+03   1.4046688e+03
   1.6150000e+03  -1.1820736e+03   2.8805440e+03
   1.6160000e+03   3.1600387e+03   1.0281110e+03
   1.6170000e+03   3.2333206e+03   2.9811857e+02
   1.6180000e+03   2.6275527e+03   4.7416271e+03
   1.6190000e+03   2.8453243e+03   5.1415711e+03
   1.6200000e+03   1.3611583e+03   1.7780060e+03
   1.6210000e+03   1.1789019e+03   1.0462499e+02
   1.6220000e+03   8.0684686e+02  -1.7520707e+02
   1.6230000e+03   3.5703701e+02   1.1970316e+03
   1.6240000e+03   4.2323885e+03  -1.5338463e+02
   1.6250000e+03   4.4206378e+03  -3.4874808e+03
   1.6260000e+03  -6.6588401e+02   5.3841795e+02
   1.6270000e+03   2.1283724e+03   2.8921295e+03
   1.6280000e+03   6.1985827e+03  -5.0793796e+03
   1.6290000e+03   2.5762772e+02  -6.3646913e+03
   1.6300000e+03  -2.6097576e+03   2.9663992e+02
   1.6310000e+03   1.9247987e+03  -1.6103357e+03
   1.6320000e+03   3.0025132e+03  -4.5261043e+03
   1.6330000e+03   2.7900044e+03  -4.8536264e+02
   1.6340000e+03   2.3833189e+03   6.8622091e+02
   1.6350000e+03  -1.4592396e+03  -2.7053949e+02
   1.6360000e+03  -6.2502779e+02  -2.9129037e+02
   1.6370000e+03   3.8613283e+03  -1.6760921e+03
   1.6380000e+03   2.4003873e+03   9.0704872e+02
   1.6390000e+03   4.8962771e+02   1.9566718e+03
   1.6400000e+03   1.7879153e+03  -6.1878169e+03
   1.6410000e+03   1.5585085e+03  -7.7514110e+03
   1.6420000e+03   2.5777523e+03  -1.3938943e+02
   1.6430000e+03   2.4889212e+03  -1.8071978e+03
   1.6440000e+03  -3.0219221e+03  -7.3354313e+03
   1.6450000e+03  -3.8095448e+03  -4.5220047e+03
   1.6460000e+03   1.3147851e+03  -1.4644465e+03
   1.6470000e+03   8.0821729e+02  -1.4047736e+03
   1.6480000e+03  -2.4746793e+03  -2.0200199e+03
   1.6490000e+03  -2.3354433e+03  -4.6469707e+03
   1.6500000e+03  -2.8887590e+03  -3.2420030e+03
   1.6510000e+03  -4.7962399e+03   1.6576788e+03
   1.6520000e+03  -5.6674015e+03   1.1847115e+03
   1.6530000e+03  -3.6172018e+03  -3.9670957e+02
   1.6540000e+03   1.6532973e+03   8.6377858e+02
   1.6550000e+03   1.6040364e+03   6.7779676e+02
   1.6560000e+03  -4.5680537e+03   9.0715138e+02
   1.6570000e+03  -4.0402384e+03   6.0892788e+02
   1.6580000e+03   6.8568343e+02  -6.2789750e+02
   1.6590000e+03  -5.0891479e+02   4.5778351e+03
   1.6600000e+03  -1.6629529e+03   7.3311905e+03
   1.6610000e+03  -8.9682481e+02  -2.2486757e+03
   1.6620000e+03  -3.8672208e+03  -6.8089072e+03
   1.6630000e+03  -5.1633245e+03   1.0685311e+03
   1.6640000e+03  -2.7373494e+03   6.5131296e+03
   1.6650000e+03  -2.1219348e+03   6.2475022e+03
   1.6660000e+03  -1.6275654e+03   1.6284848e+03
   1.6670000e+03  -1.2476328e+03  -4.8418268e+03
   1.6680000e+03  -2.4023306e+03  -3.3625060e+02
   1.6690000e+03  -3.1939375e+02   8.5860098e+03
   1.6700000e+03   1.8927468e+03   5.2647969e+03
   1.6710000e+03   1.1949779e+02   2.3760432e+02
   1.6720000e+03   1.3934193e+03   1.0855037e+03
   1.6730000e+03   3.8192197e+03  -4.1031861e+02
   1.6740000e+03   4.6517360e+02   2.3502924e+03
   1.6750000e+03  -1.4327457e+03   8.3210638e+03
   1.6760000e+03   1.5261093e+03   2.7686415e+03
   1.6770000e+03   3.0317859e+03  -3.1515334e+03
   1.6780000e+03   2.8527797e+03   2.6444609e+03
   1.6790000e+03   8.0748471e+02   5.2487994e+03
   1.6800000e+03  -2.0650403e+03   7.5897839e+02
   1.6810000e+03   1.1517875e+03  -3.7401063e+02
   1.6820000e+03   5.7088271e+03   1.0374980e+03
   1.6830000e+03   2.5279658e+03   2.1537768e+03
   1.6840000e+03  -2.0881401e+03   1.2861733e+03
   1.6850000e+03  -1.8402232e+03  -2.5578729e+03
   1.6860000e+03   9.1117833e+02  -2.1277929e+03
   1.6870000e+03   3.6742234e+03   2.2089696e+03
   1.6880000e+03   2.0311941e+03   2.2233742e+03
   1.6890000e+03  -1.5256586e+03   1.5959032e+02
   1.6900000e+03   2.0194533e+03  -2.3680105e+03
   1.6910000e+03   6.7204240e+03  -5.3662097e+03
   1.6920000e+03   3.9818541e+03  -1.9711699e+03
   1.6930000e+03   1.1958604e+03   1.7273159e+03
   1.6940000e+03   2.7241482e+03  -2.9217677e+03
   1.6950000e+03   5.1979112e+03  -4.7341659e+03
   1.6960000e+03   7.1254375e+03  -1.4019532e+03
   1.6970000e+03   3.5615969e+03  -2.2872736e+03
   1.6980000e+03  -3.5947046e+03  -1.8362165e+03
   1.6990000e+03  -3.6784023e+03  -2.5139532e+02
   1.7000000e+03   5.5056869e+02  -5.3214312e+03
   1.7010000e+03   1.9740639e+03  -6.5050436e+03
   1.7020000e+03   1.6852980e+03  -4.9086821e+02
   1.7030000e+03  -3.5992855e+03  -1.2823012e+02
   1.7040000e+03  -9.3286876e+03  -2.8872078e+03
   1.7050000e+03  -3.2061114e+03  -3.2402811e+03
   1.7060000e+03   4.2511536e+03  -4.0847098e+03
   1.7070000e+03   9.4936173e+02  -1.0712269e+03
   1.7080000e+03  -1.3539005e+03   1.7138714e+03
   1.7090000e+03  -1.2092522e+01  -4.5363806e+03
   1.7100000e+03  -2.1834867e+03  -7.3517619e+03
   1.7110000e+03  -9.1530487e+02  -2.7805305e+02
   1.7120000e+03   2.7419095e+03   3.1708403e+03
   1.7130000e+03  -4.0984425e+02   6.3235416e+02
   1.7140000e+03  -3.3583505e+03  -2.7949341e+03
   1.7150000e+03  -2.3915436e+03  -4.4026253e+03
   1.7160000e+03  -3.8912140e+03   1.5485053e+03
   1.7170000e+03  -3.8815643e+03   6.4763033e+03
   1.7180000e+03  -1.0266219e+03   6.4018880e+02
   1.7190000e+03  -2.2278725e+03  -1.4841851e+03
   1.7200000e+03  -4.4100571e+03   4.2490646e+03
   1.7210000e+03  -3.3610901e+03   4.0186968e+03
   1.7220000e+03  -2.3351836e+03   2.1898172e+03
   1.7230000e+03  -2.1706321e+03   3.3851850e+03
   1.7240000e+03  -2.5243354e+03   2.8013754e+01
   1.7250000e+03  -1.9699544e+03  -4.1336500e+02
   1.7260000e+03   5.0957972e+02   5.7401653e+03
   1.7270000e+03  -6.7953608e+02   4.8648429e+03
   1.7280000e+03  -3.7770911e+03  -9.3027908e+02
   1.7290000e+03  -6.9082833e+02  -1.3188976e+03
   1.7300000e+03   2.2368357e+03   6.0868829e+02
   1.7310000e+03   3.1099862e+02   3.0087688e+03
   1.7320000e+03   9.8346424e+02   4.9208642e+03
   1.7330000e+03   1.0977752e+03   3.4143939e+03
   1.7340000e+03  -1.9003148e+03   3.2778486e+03
   1.7350000e+03   1.0644545e+03   3.7572116e+03
   1.7360000e+03   4.5453580e+03   3.1955946e+02
   1.7370000e+03   2.5344417e+02   3.1887869e+02
   1.7380000e+03  -1.3925718e+03   3.8338221e+03
   1.7390000e+03   2.2025275e+03   2.2248361e+03
   1.7400000e+03   2.4641421e+03  -2.2384135e+02
   1.7410000e+03   9.0938561e+02  -2.4348971e+02
   1.7420000e+03  -9.0876423e+01  -7.4245314e+02
   1.7430000e+03  -4.5654463e+00   1.1526574e+03
   1.7440000e+03   2.6517558e+03   8.9114613e+02
   1.7450000e+03   1.4274491e+03  -4.0166326e+03
   1.7460000e+03  -1.0844622e+03  -6.0843670e+02
   1.7470000e+03   5.8471998e+03   6.8539572e+03
   1.7480000e+03   9.8050846e+03   2.5510544e+03
   1.7490000e+03   4.2871283e+02  -4.4313050e+03
   1.7500000e+03  -4.0229964e+03  -3.8247024e+03
   1.7510000e+03   2.2249854e+03  -1.2681179e+03
   1.7520000e+03   5.5390687e+03   1.4400555e+03
   1.7530000e+03   4.8811626e+03  -1.8717249e+02
   1.7540000e+03   2.0872634e+03  -6.7259460e+03
   1.7550000e+03  -2.1802614e+03  -4.2816000e+03
   1.7560000e+03   3.4126038e+02   2.0206460e+03
   1.7570000e+03   5.4395896e+03  -2.2693500e+03
   1.7580000e+03   2.8520382e+03  -4.6169190e+03
   1.7590000e+03  -1.0225223e+03  -4.6350954e+02
   1.7600000e+03  -8.3045627e+02  -4.0193915e+03
   1.7610000e+03   5.6072002e+02  -7.1311259e+03
   1.7620000e+03   2.6982278e+03  -1.0247570e+03
   1.7630000e+03   7.7710158e+02   1.3167335e+03
   1.7640000e+03  -4.2359569e+03  -1.3352460e+03
   1.7650000e+03  -2.5818714e+03  -2.5616401e+03
   1.7660000e+03  -3.0535793e+01  -4.3897173e+03
   1.7670000e+03  -2.7275486e+03  -2.2232847e+03
   1.7680000e+03  -1.2689188e+03   2.6131067e+03
   1.7690000e+03   4.0904375e+02  -5.3782145e+02
   1.7700000e+03  -4.8474237e+03  -5.3949690e+03
   1.7710000e+03  -4.6201149e+03  -4.0998773e+03
   1.7720000e+03   1.7646965e+03  -2.1436105e+03
   1.7730000e+03   2.3543810e+03   9.9743441e+02
   1.7740000e+03   3.4624803e+02   3.5744843e+03
   1.7750000e+03  -2.7504294e+03  -1.3514430e+03
   1.7760000e+03  -7.4787649e+03  -4.7356679e+03
   1.7770000e+03  -2.4076669e+03   8.5873855e+01
   1.7780000e+03   5.8411559e+03   3.2098853e+03
   1.7790000e+03  -1.2568952e+03   2.7643257e+03
   1.7800000e+03  -1.2317227e+04   3.1706214e+03
   1.7810000e+03  -9.7059776e+03   2.5245850e+03
   1.7820000e+03  -7.4314121e+02   6.0262222e+02
   1.7830000e+03   3.1997188e+03  -2.0298179e+03
   1.7840000e+03  -3.0162195e+02  -1.8417260e+03
   1.7850000e+03  -5.0174631e+03   5.5167551e+03
   1.7860000e+03  -1.6025624e+03   8.3898142e+03
   1.7870000e+03   3.3657479e+03   3.8835833e+02
   1.7880000e+03   5.9248607e+02  -1.7862499e+03
   1.7890000e+03  -1.1513712e+03   4.1217802e+03
   1.7900000e+03   1.8595353e+03   4.7951583e+03
   1.7910000e+03   1.8706691e+03   3.8742407e+03
   1.7920000e+03  -3.2573718e+02   4.3626753e+03
   1.7930000e+03  -2.6620216e+03   1.5073802e+03
   1.7940000e+03  -4.5617533e+03   1.8284720e+03
   1.7950000e+03  -9.2631550e+02   4.7793567e+03
   1.7960000e+03   3.7322429e+03   1.7043127e+03
   1.7970000e+03   2.6818854e+03  -9.4920778e+02
   1.7980000e+03   1.3662643e+03   6.4248734e+02
   1.7990000e+03   2.5147534e+02   1.2047220e+03
   1.8000000e+03  -2.3490478e+03   2.5531200e+03
   1.8010000e+03   1.0747585e+03   1.2578211e+03
   1.8020000e+03   6.5360867e+03  -4.2215118e+03
   1.8030000e+03   4.9016062e+03  -1.2993688e+03
   1.8040000e+03   3.0971969e+03   5.3625567e+03
   1.8050000e+03   3.6457450e+03   2.0791925e+03
   1.8060000e+03   1.0837063e+03  -8.0622129e+02
   1.8070000e+03   4.8371360e+02   1.7274893e+03
   1.8080000e+03   2.7763532e+03  -1.1502880e+02
   1.8090000e+03   2.2072480e+03  -1.3519094e+03
   1.8100000e+03   2.0216534e+03   7.3615271e+01
   1.8110000e+03   1.7956373e+03  -3.2395650e+03
   1.8120000e+03  -1.1087168e+03  -4.1872662e+03
   1.8130000e+03   1.5013933e+03  -1.1158219e+03
   1.8140000e+03   7.0810501e+03  -3.5061283e+03
   1.8150000e+03   3.3336355e+03  -5.4249658e+03
   1.8160000e+03  -2.5994808e+03  -2.4999211e+03
   1.8170000e+03   7.3250468e+02  -1.7776883e+03
   1.8180000e+03   6.1733410e+03  -1.7998760e+03
   1.8190000e+03   3.9237647e+03  -2.7711757e+03
   1.8200000e+03  -3.5562914e+03  -5.3227178e+03
   1.8210000e+03  -5.7125655e+03  -1.3541781e+02
   1.8220000e+03   3.9797894e+01   5.0780469e+03
   1.8230000e+03   2.1661230e+03  -2.5668070e+03
   1.8240000e+03  -1.2639807e+03  -7.9197683e+03
   1.8250000e+03  -1.0022312e+03  -2.6547148e+03
   1.8260000e+03  -1.6770963e+03   3.0485675e+02
   1.8270000e+03  -5.6155339e+03   7.3350031e+02
   1.8280000e+03  -1.4148690e+03  -6.1817415e+01
   1.8290000e+03   4.8025425e+03  -5.8759297e+03
   1.8300000e+03   2.8161761e+02  -6.0137269e+03
   1.8310000e+03  -5.2643511e+03   8.4768863e+02
   1.8320000e+03  -4.5939626e+03   1.9430300e+03
   1.8330000e+03  -3.2058777e+03   6.6904275e+02
   1.8340000e+03   1.9995030e+02   4.1982292e+02
   1.8350000e+03   3.5171565e+03  -2.9218903e+03
   1.8360000e+03  -7.0479685e+01  -1.1467126e+03
   1.8370000e+03  -5.3228627e+03   4.1488806e+03
   1.8380000e+03  -5.9212422e+03   1.0095151e+03
   1.8390000e+03  -2.0090036e+03  -2.1051329e+03
   1.8400000e+03   3.8764262e+03   4.2519512e+02
   1.8410000e+03   1.7425040e+03   3.7429064e+02
   1.8420000e+03  -8.2908215e+03   2.3246221e+03
   1.8430000e+03  -8.0068651e+03   5.4212767e+03
   1.8440000e+03   2.4741386e+03  -1.9595544e+02
   1.8450000e+03   3.7059402e+03  -3.1209544e+03
   1.8460000e+03  -4.6584013e+03   3.0141205e+03
   1.8470000e+03  -8.1819696e+03   4.1336769e+03
   1.8480000e+03  -2.8642128e+03   2.1704921e+03
   1.8490000e+03   3.3971065e+03   4.2050222e+03
   1.8500000e+03   2.0239054e+03   3.1911616e+03
   1.8510000e+03  -2.5349396e+03   1.4884629e+03
   1.8520000e+03  -1.7204461e+03   3.5561996e+03
   1.8530000e+03  -7.0305951e+02   3.6014971e+03
   1.8540000e+03  -1.4412663e+03   3.7661016e+03
   1.8550000e+03   2.6484030e+03   5.2627429e+03
   1.8560000e+03   4.6784391e+03   2.9178791e+03
   1.8570000e+03   2.2167560e+02   1.8956339e+03
   1.8580000e+03   6.8097385e+02   2.6287343e+03
   1.8590000e+03   5.0708952e+03  -1.0189619e+03
   1.8600000e+03   4.6293661e+03  -9.0042988e+02
   1.8610000e+03   3.3898701e+03   3.6427886e+03
   1.8620000e+03   2.3329779e+03   6.7331011e+02
   1.8630000e+03  -1.1763662e+02  -3.3324817e+03
   1.8640000e+03   1.2857559e+03  -6.4657374e+02
   1.8650000e+03   2.6393447e+03   4.8694071e+02
   1.8660000e+03  -1.3430996e+02   5.0432051e+01
   1.8670000e+03   6.5446017e+02   4.3481676e+02
   1.8680000e+03   2.5586415e+03  -2.6037807e+03
   1.8690000e+03  -2.4150975e+02  -3.2649749e+03
   1.8700000e+03  -2.4742931e+01   8.0830510e+02
   1.8710000e+03   3.0801858e+03   9.9133954e+02
   1.8720000e+03   2.5200630e+03  -6.7375528e+02
   1.8730000e+03   2.9584493e+03  -7.7456759e+02
   1.8740000e+03   4.4849970e+03  -3.0740600e+03
   1.8750000e+03   3.0555242e+03  -3.4763520e+03
   1.8760000e+03   3.1904458e+03  -1.3256083e+03
   1.8770000e+03   3.0664051e+03  -2.7143104e+03
   1.8780000e+03  -7.2954335e+02  -2.7952546e+03
   1.8790000e+03  -6.7957161e+02  -1.7822680e+01
   1.8800000e+03   2.1349161e+03  -2.3744650e+03
   1.8810000e+03   5.0982117e+02  -7.0073982e+03
   1.8820000e+03  -1.7042699e+03  -7.3759784e+03
   1.8830000e+03  -3.2145679e+03  -3.1245836e+03
   1.8840000e+03  -5.4790532e+03   3.9968924e+03
   1.8850000e+03  -3.3846163e+03   4.4244004e+03
   1.8860000e+03   2.0280970e+02  -3.9978816e+03
   1.8870000e+03  -2.5168199e+02  -6.7654588e+03
   1.8880000e+03  -3.0961801e+02  -3.3359251e+03
   1.8890000e+03  -2.8786834e+01  -2.5819705e+03
   1.8900000e+03  -1.2717389e+03   6.2878882e+02
   1.8910000e+03   1.8106745e+02   3.0636685e+03
   1.8920000e+03   1.0709454e+03  -3.1102026e+03
   1.8930000e+03  -6.7032248e+02  -5.6166055e+03
   1.8940000e+03   3.5427002e+02  -9.7161675e+02
   1.8950000e+03  -1.1518353e+03  -8.5088382e+02
   1.8960000e+03  -6.7852408e+03  -6.2752313e+02
   1.8970000e+03  -5.1741110e+03   3.6378785e+03
   1.8980000e+03  -9.9941958e+02   3.3036997e+03
   1.8990000e+03  -3.0440016e+03   9.9730619e+02
   1.9000000e+03  -2.0378440e+03   1.1289562e+03
   1.9010000e+03   1.1131214e+03   9.9175106e+02
   1.9020000e+03  -3.6120577e+03   3.2940666e+03
   1.9030000e+03  -8.1522343e+03   5.3443400e+03
   1.9040000e+03  -4.8856697e+03   2.8078467e+03
   1.9050000e+03   1.2865524e+03   3.0108938e+03
   1.9060000e+03   5.7748798e+03   3.9790922e+03
   1.9070000e+03   2.3286804e+03  -3.7312947e+02
   1.9080000e+03  -5.9114478e+03  -6.8914568e+02
   1.9090000e+03  -4.3139529e+03   2.3148762e+03
   1.9100000e+03   2.6364453e+03  -2.8493283e+01
   1.9110000e+03   1.8960533e+03   9.6237484e+02
   1.9120000e+03  -8.5962920e+01   5.4238355e+03
   1.9130000e+03   6.7043992e+02   2.1432195e+03
   1.9140000e+03  -1.1534269e+03  -1.0541958e+03
   1.9150000e+03  -1.0880813e+03   1.8582118e+03
   1.9160000e+03   1.7579805e+03   3.4269632e+03
   1.9170000e+03   1.2643050e+03   5.3183462e+03
   1.9180000e+03   5.4767055e+02   5.8928831e+03
   1.9190000e+03   1.6683545e+03  -2.1807182e+02
   1.9200000e+03   1.7789098e+03  -2.3592142e+03
   1.9210000e+03   2.3734413e+03   1.9013639e+03
   1.9220000e+03   1.9523021e+03   1.9303134e+03
   1.9230000e+03   8.4435081e+01   1.8640767e+03
   1.9240000e+03   1.4897299e+03   4.1965334e+03
   1.9250000e+03   2.2849868e+03   9.6100686e+02
   1.9260000e+03   6.3037874e+02  -3.9205004e+03
   1.9270000e+03   3.7942555e+03  -5.3054765e+03
   1.9280000e+03   6.5057942e+03  -3.5300967e+03
   1.9290000e+03   2.3468494e+03   3.2702667e+03
   1.9300000e+03   7.1976642e+02   4.1901439e+03
   1.9310000e+03   2.8846140e+03  -6.5413192e+03
   1.9320000e+03   1.6662346e+03  -8.8430187e+03
   1.9330000e+03   1.1493728e+02   4.8450951e+02
   1.9340000e+03   1.6827764e+02   2.5688501e+03
   1.9350000e+03   1.2704044e+03  -1.4764038e+03
   1.9360000e+03   4.6299963e+03  -4.3231072e+03
   1.9370000e+03   2.8333833e+03  -5.4201796e+03
   1.9380000e+03  -3.6435683e+03   1.7410896e+03
   1.9390000e+03  -1.7987445e+03   6.7950684e+03
   1.9400000e+03   3.1856693e+03  -4.6890507e+03
   1.9410000e+03   1.4844883e+03  -1.2279846e+04
   1.9420000e+03   1.3200963e+03  -2.9709386e+03
   1.9430000e+03   2.3808512e+03   2.0400503e+03
   1.9440000e+03  -1.7945598e+03  -2.5325787e+03
   1.9450000e+03  -2.8194284e+03  -4.0081315e+03
   1.9460000e+03  -2.0543544e+02  -2.9782785e+03
   1.9470000e+03  -1.5983924e+03  -2.5792456e+03
   1.9480000e+03  -1.6981560e+03  -3.1245079e+03
   1.9490000e+03  -1.2256269e+02  -3.7145387e+03
   1.9500000e+03  -2.3230177e+03   6.7362127e+02
   1.9510000e+03  -2.3844396e+03   3.2089037e+03
   1.9520000e+03  -9.5881510e+02  -2.2715191e+03
   1.9530000e+03  -3.9294805e+03  -1.4867919e+03
   1.9540000e+03  -3.2756483e+03   5.1582930e+03
   1.9550000e+03   2.2967616e+03   4.1014057e+02
   1.9560000e+03   2.1400805e+03  -6.5815314e+03
   1.9570000e+03  -2.8868389e+03  -1.4016914e+03
   1.9580000e+03  -6.7134852e+03   5.3473586e+03
   1.9590000e+03  -6.3345039e+03   5.3409551e+03
   1.9600000e+03  -1.8313365e+02   1.5101577e+03
   1.9610000e+03   2.1412791e+03  -2.7569309e+03
   1.9620000e+03  -4.6694513e+03  -1.5889599e+03
   1.9630000e+03  -7.4640346e+03   2.6155715e+03
   1.9640000e+03  -2.5220346e+03   2.7520844e+03
   1.9650000e+03   5.5785341e+02   2.5639665e+03
   1.9660000e+03   7.7448721e+02   2.9255125e+03
   1.9670000e+03  -1.4243061e+03   1.6720710e+03
   1.9680000e+03  -4.7349104e+03   4.1712605e+03
   1.9690000e+03  -1.4936510e+03   5.2026976e+03
   1.9700000e+03   3.7557231e+03  -1.0802070e+03
   1.9710000e+03   2.0718687e+03  -1.0463766e+03
   1.9720000e+03   2.3099367e+02   6.6105970e+03
   1.9730000e+03   1.6730133e+03   6.9000514e+03
   1.9740000e+03   1.1154922e+03   2.4947087e+03
   1.9750000e+03   9.0516056e+02   2.1611525e+01
   1.9760000e+03   1.6175329e+03  -2.3655635e+03
   1.9770000e+03   1.7925391e+02   4.3328861e+02
   1.9780000e+03  -2.7262242e+01   6.1043585e+03
   1.9790000e+03   1.0437010e+03   4.3067788e+03
   1.9800000e+03   1.5959055e+03  -3.0084814e+02
   1.9810000e+03   3.7872783e+03  -1.7785726e+03
   1.9820000e+03   2.3518854e+03  -1.2020306e+03
   1.9830000e+03  -3.9068659e+03   3.4650491e+03
   1.9840000e+03  -3.0070807e+03   4.8431417e+03
   1.9850000e+03   4.5723722e+03  -2.8443536e+03
   1.9860000e+03   7.2524380e+03  -5.6330303e+03
   1.9870000e+03   4.4010962e+03  -3.7465929e+01
   1.9880000e+03  -2.1139781e+02   2.0277858e+03
   1.9890000e+03  -1.4661166e+03   6.7016658e+02
   1.9900000e+03   4.9384544e+03  -2.0127138e+03
   1.9910000e+03   8.2930097e+03  -4.8504287e+03
   1.9920000e+03   1.8505576e+03  -8.5897152e+02
   1.9930000e+03  -1.6736250e+03   1.3958419e+03
   1.9940000e+03   1.9748284e+03  -5.2665076e+03
   1.9950000e+03   4.7454504e+03  -3.9523120e+03
   1.9960000e+03   4.0301185e+03   4.1312572e+03
   1.9970000e+03  -2.0375577e+03  -2.9225098e+02
   1.9980000e+03  -7.9855265e+03  -7.4573878e+03
   1.9990000e+03  -2.2575338e+03  -3.4958550e+03
   2.0000000e+03   5.7793368e+03   1.0267522e+03
