   1.0274000e+02   2.5123000e+01
   9.3385779e+01   2.9072146e+01
   0.0000000e+00   4.9937449e+04   4.9937449e+04
   1.0000000e+00  -1.1145086e+04   4.8409230e+04
   2.0000000e+00  -9.2499622e+04   3.4028483e+04
   3.0000000e+00  -5.6244680e+04   3.3436258e+04
   4.0000000e+00   8.6631386e+04   2.6830121e+04
   5.0000000e+00   1.4828760e+05  -1.3831111e+04
   6.0000000e+00   5.6248389e+04  -7.2368374e+04
   7.0000000e+00  -6.0036991e+04  -7.1128100e+04
   8.0000000e+00  -7.1003795e+04   3.6979301e+04
   9.0000000e+00  -1.1980598e+04   1.3613384e+05
   1.0000000e+01   1.3594133e+04   7.9880666e+04
   1.1000000e+01   8.2473107e+03  -5.6845741e+04
   1.2000000e+01   3.2485599e+04  -8.6204184e+04
   1.3000000e+01   7.7076632e+04   1.2678358e+03
   1.4000000e+01   6.8907800e+04   5.8098778e+04
   1.5000000e+01  -8.0052885e+03   2.5386736e+04
   1.6000000e+01  -7.0214034e+04  -2.4143665e+04
   1.7000000e+01  -4.3622314e+04  -2.5754561e+04
   1.8000000e+01   5.1861683e+04   1.2546788e+04
   1.9000000e+01   9.5519363e+04   3.6664748e+04
   2.0000000e+01   1.9702168e+04   1.9005158e+04
   2.1000000e+01  -4.2770165e+04  -2.4004506e+04
   2.2000000e+01   1.2888117e+03  -6.7299256e+04
   2.3000000e+01   2.2962317e+04  -6.7360966e+04
   2.4000000e+01  -3.8448478e+04  -9.9827288e+03
   2.5000000e+01  -4.3103411e+04   4.1044322e+04
   2.6000000e+01   4.2306254e+04   3.2751990e+04
   2.7000000e+01   6.4453917e+04  -1.0199625e+04
   2.8000000e+01  -1.9957166e+04  -4.9100305e+04
   2.9000000e+01  -7.1802656e+04  -7.5607048e+04
   3.0000000e+01   9.7691135e+02  -6.9714909e+04
   3.1000000e+01   9.5023099e+04  -1.7365650e+04
   3.2000000e+01   5.3357240e+04   4.6670003e+04
   3.3000000e+01  -5.7616798e+04   6.8229296e+04
   3.4000000e+01  -5.4730072e+04   4.2517929e+03
   3.5000000e+01   2.4687608e+04  -1.0211311e+05
   3.6000000e+01   2.6504404e+04  -1.1885539e+05
   3.7000000e+01  -3.4174738e+04  -8.8483903e+03
   3.8000000e+01  -5.1248835e+04   1.0613852e+05
   3.9000000e+01  -2.3397320e+04   8.9387183e+04
   4.0000000e+01  -6.6316227e+03  -5.0428009e+04
   4.1000000e+01  -1.5304446e+03  -1.3802176e+05
   4.2000000e+01  -1.8251633e+03  -6.4790345e+04
   4.3000000e+01  -4.4182870e+04   4.6350848e+04
   4.4000000e+01  -1.0469274e+05   5.6333811e+04
   4.5000000e+01  -6.3645432e+04   1.3333840e+03
   4.6000000e+01   6.7495800e+04  -3.3321007e+04
   4.7000000e+01   9.5857698e+04  -3.4123686e+04
   4.8000000e+01  -1.3773440e+04  -2.1722253e+04
   4.9000000e+01  -9.3428345e+04  -9.8830763e+03
   5.0000000e+01  -6.8832619e+04  -7.3656873e+02
   5.1000000e+01   1.3021083e+03   1.0186478e+04
   5.2000000e+01   3.8846014e+04   1.6406443e+04
   5.3000000e+01   8.8560324e+03  -1.9188365e+03
   5.4000000e+01  -3.4470652e+04  -2.2911579e+04
   5.5000000e+01  -2.8577631e+04   1.8163828e+03
   5.6000000e+01  -5.6995505e+03   3.1388286e+04
   5.7000000e+01  -1.9374488e+04   3.8146206e+03
   5.8000000e+01  -4.2961627e+04  -3.2408438e+04
   5.9000000e+01  -3.3238797e+04  -1.0436375e+04
   6.0000000e+01  -4.5704178e+03   4.8963226e+04
   6.1000000e+01   1.1665330e+04   6.7999782e+04
   6.2000000e+01   6.5048498e+03   2.1692906e+04
   6.3000000e+01  -1.2966562e+03  -2.3742371e+04
   6.4000000e+01   5.8862936e+03  -2.5250838e+04
   6.5000000e+01   1.0189358e+04  -9.5419020e+01
   6.6000000e+01  -1.9614422e+03   2.1281700e+04
   6.7000000e+01  -7.0405585e+03   2.1472703e+04
   6.8000000e+01   4.5641961e+03   2.5916864e+04
   6.9000000e+01   6.6272459e+03   4.1356313e+04
   7.0000000e+01   1.8760300e+03   2.2371080e+04
   7.1000000e+01   1.6103842e+04  -2.7983296e+04
   7.2000000e+01   2.8456841e+04  -3.7824206e+04
   7.3000000e+01   1.1711477e+04   1.7922204e+04
   7.4000000e+01  -1.4121751e+04   7.1232597e+04
   7.5000000e+01  -9.5156822e+03   6.4259044e+04
   7.6000000e+01   2.7571664e+04   1.4599229e+04
   7.7000000e+01   3.5706115e+04  -1.7960966e+04
   7.8000000e+01  -7.7371985e+03   1.9350033e+03
   7.9000000e+01  -2.8772754e+04   2.8971781e+04
   8.0000000e+01   1.0606448e+04   2.2154799e+04
   8.1000000e+01   5.1937935e+04   8.6350418e+03
   8.2000000e+01   4.4689716e+04   9.9680078e+02
   8.3000000e+01   1.0185671e+04  -2.4073398e+03
   8.4000000e+01  -1.0224096e+03   9.5687745e+03
   8.5000000e+01   2.1368767e+04   2.1669837e+04
   8.6000000e+01   2.9322502e+04   1.3053990e+04
   8.7000000e+01   4.1998327e+02  -5.3299950e+03
   8.8000000e+01  -9.1853981e+03  -1.2320737e+04
   8.9000000e+01   2.4758050e+04   2.4192075e+02
   9.0000000e+01   4.4355472e+04   3.0644394e+04
   9.1000000e+01   1.6070941e+04   4.7863872e+04
   9.2000000e+01  -2.5275280e+04   1.9009454e+04
   9.3000000e+01  -2.9935869e+04  -1.8176288e+04
   9.4000000e+01   6.8672256e+03  -1.5662038e+04
   9.5000000e+01   3.9355296e+04   6.4419599e+03
   9.6000000e+01   3.1093709e+04   5.9668812e+03
   9.7000000e+01   5.8709601e+02  -2.6240451e+04
   9.8000000e+01  -5.6441384e+03  -4.8171841e+04
   9.9000000e+01   2.1112018e+04  -2.3627750e+04
   1.0000000e+02   4.4972071e+04   5.7714294e+03
   1.0100000e+02   3.0209746e+04  -4.7738779e+03
   1.0200000e+02  -1.1372924e+04  -2.2525213e+04
   1.0300000e+02  -2.2040168e+04  -1.7640136e+04
   1.0400000e+02   3.1168938e+03  -1.5133202e+04
   1.0500000e+02   1.5707820e+04  -2.6399694e+04
   1.0600000e+02   9.6581742e+03  -3.2615532e+04
   1.0700000e+02  -1.4642432e+02  -1.3701871e+04
   1.0800000e+02  -5.4354728e+03   2.7006387e+04
   1.0900000e+02   1.2492266e+03   4.2265147e+04
   1.1000000e+02   1.6599965e+04   6.4182791e+03
   1.1100000e+02   3.4584914e+04  -4.7170391e+04
   1.1200000e+02   2.6993053e+04  -7.0580722e+04
   1.1300000e+02  -2.1941385e+04  -2.9971445e+04
   1.1400000e+02  -5.9355343e+04   3.6102833e+04
   1.1500000e+02  -4.1289730e+04   4.2385404e+04
   1.1600000e+02  -8.3331075e+03  -8.1575616e+03
   1.1700000e+02  -1.1499146e+04  -4.3605263e+04
   1.1800000e+02  -2.7719856e+04  -4.1367301e+04
   1.1900000e+02  -2.7172385e+04  -2.5781061e+04
   1.2000000e+02  -3.3319721e+04  -1.8891207e+04
   1.2100000e+02  -5.1729258e+04  -2.7283950e+04
   1.2200000e+02  -4.5767149e+04  -2.3858143e+04
   1.2300000e+02   7.0211298e+03   7.1008931e+03
   1.2400000e+02   6.1994567e+04   1.8687739e+04
   1.2500000e+02   3.9518165e+04  -1.3618081e+04
   1.2600000e+02  -3.7542503e+04  -4.7155436e+04
   1.2700000e+02  -5.3434778e+04  -3.8447900e+04
   1.2800000e+02   1.2292118e+04   1.1621097e+04
   1.2900000e+02   5.6354208e+04   4.6566853e+04
   1.3000000e+02   1.9263280e+04   2.4105320e+04
   1.3100000e+02  -4.6793037e+04  -1.8916149e+04
   1.3200000e+02  -7.3687067e+04  -2.9065754e+04
   1.3300000e+02  -5.0808237e+04  -7.1823085e+03
   1.3400000e+02  -1.8303289e+04   1.1682042e+04
   1.3500000e+02  -1.5244334e+04   1.7118086e+04
   1.3600000e+02  -3.3361927e+04   1.3981215e+04
   1.3700000e+02  -3.9526347e+04   2.1267169e+03
   1.3800000e+02  -2.2367614e+04  -3.0792694e+03
   1.3900000e+02  -8.6915698e+03  -1.7311262e+03
   1.4000000e+02  -2.2231792e+04  -5.8679353e+03
   1.4100000e+02  -3.3966362e+04  -3.7755165e+03
   1.4200000e+02  -8.5987821e+03   1.1418671e+04
   1.4300000e+02   3.9276068e+04   3.3016199e+04
   1.4400000e+02   6.8086034e+04   3.9278148e+04
   1.4500000e+02   4.7678812e+04   5.7482016e+03
   1.4600000e+02  -9.7177644e+03  -3.4396411e+04
   1.4700000e+02  -4.1744629e+04  -1.7881947e+04
   1.4800000e+02  -7.9996036e+03   4.4273072e+04
   1.4900000e+02   4.0696281e+04   7.4382037e+04
   1.5000000e+02   4.6032254e+04   3.8183107e+04
   1.5100000e+02   2.0998038e+04  -1.9528013e+04
   1.5200000e+02  -1.6760663e+04  -2.8760334e+04
   1.5300000e+02  -4.9458716e+04   2.1352672e+04
   1.5400000e+02  -3.3794446e+04   5.4125944e+04
   1.5500000e+02   1.4676867e+04   2.8395599e+04
   1.5600000e+02   3.1291053e+04   1.9850748e+03
   1.5700000e+02   1.8489675e+04   1.7290606e+04
   1.5800000e+02   1.8960976e+04   3.4650424e+04
   1.5900000e+02   2.0526087e+04   9.6164662e+03
   1.6000000e+02   3.0055915e+03  -1.8385738e+04
   1.6100000e+02  -3.2164138e+03   3.5031148e+03
   1.6200000e+02   2.8134860e+04   4.2635844e+04
   1.6300000e+02   6.5439321e+04   3.8170582e+04
   1.6400000e+02   4.5019098e+04  -1.6465244e+04
   1.6500000e+02  -1.4576950e+04  -5.3127151e+04
   1.6600000e+02  -1.8009297e+04  -2.1379973e+04
   1.6700000e+02   2.2528209e+04   2.6239277e+04
   1.6800000e+02   2.6007194e+04   4.1172436e+04
   1.6900000e+02   1.0917298e+04   3.4179233e+04
   1.7000000e+02   1.4537957e+04   1.8951168e+04
   1.7100000e+02   1.6848424e+04   2.7359515e+03
   1.7200000e+02   1.2229848e+04  -2.5001761e+04
   1.7300000e+02   9.0500458e+03  -5.2080705e+04
   1.7400000e+02   9.2782994e+03  -2.4951163e+04
   1.7500000e+02   1.9398168e+04   3.9609404e+04
   1.7600000e+02   1.7446742e+04   5.0049981e+04
   1.7700000e+02  -9.3015084e+03  -6.2980574e+03
   1.7800000e+02  -1.1398013e+04  -4.7054509e+04
   1.7900000e+02   1.7417246e+04  -3.5007637e+04
   1.8000000e+02   1.4927380e+04  -5.0237733e+03
   1.8100000e+02  -1.9790087e+04   7.7607250e+03
   1.8200000e+02  -3.3503499e+04   2.2412811e+03
   1.8300000e+02  -8.7073753e+03   6.8729576e+03
   1.8400000e+02   3.4176071e+04   1.6940638e+04
   1.8500000e+02   6.4059456e+04  -1.1855477e+03
   1.8600000e+02   5.5517419e+04  -2.8474396e+04
   1.8700000e+02   1.1548553e+04  -3.0951510e+04
   1.8800000e+02  -2.7714269e+04  -2.0544098e+04
   1.8900000e+02  -3.2850988e+04  -1.7180604e+04
   1.9000000e+02  -1.6354464e+04  -1.6316058e+04
   1.9100000e+02   3.6611305e+03  -9.7261880e+03
   1.9200000e+02   1.7464407e+04  -1.1911047e+04
   1.9300000e+02   8.1521412e+03  -3.7881551e+04
   1.9400000e+02  -3.3991171e+04  -5.8388043e+04
   1.9500000e+02  -7.1966777e+04  -2.9475220e+04
   1.9600000e+02  -5.8763815e+04   2.1874401e+04
   1.9700000e+02  -2.2123181e+04   2.8145013e+04
   1.9800000e+02  -9.3361931e+03  -6.4356038e+03
   1.9900000e+02  -1.0797666e+04  -2.6631702e+04
   2.0000000e+02  -4.7980806e+03  -1.2754299e+04
   2.0100000e+02   1.2909411e+04   2.5116780e+03
   2.0200000e+02   2.4258989e+04  -1.2608511e+04
   2.0300000e+02   3.1536873e+03  -2.3341536e+04
   2.0400000e+02  -2.9422813e+04   2.1776504e+02
   2.0500000e+02  -2.9727491e+04   5.5554615e+03
   2.0600000e+02  -1.9633809e+03  -3.2064041e+04
   2.0700000e+02   1.9867455e+04  -5.4144311e+04
   2.0800000e+02   1.9935525e+04  -2.8380579e+04
   2.0900000e+02  -1.2485451e+03   1.2088372e+04
   2.1000000e+02  -2.3569478e+04   2.7418520e+04
   2.1100000e+02  -1.9537013e+04   2.7305204e+03
   2.1200000e+02  -7.2758309e+03  -3.1589220e+04
   2.1300000e+02  -1.6229928e+04  -1.7135090e+04
   2.1400000e+02  -2.2609622e+04   4.0304796e+04
   2.1500000e+02  -8.7824841e+03   6.2748327e+04
   2.1600000e+02  -1.6192253e+03   1.9715946e+04
   2.1700000e+02  -1.2231983e+04  -2.3946704e+04
   2.1800000e+02  -3.5204030e+04  -9.6124132e+03
   2.1900000e+02  -5.8188258e+04   3.1245383e+04
   2.2000000e+02  -3.9363764e+04   3.8568483e+04
   2.2100000e+02   8.4540552e+03   1.0983301e+04
   2.2200000e+02   1.3097768e+04  -9.9506055e+03
   2.2300000e+02  -1.4083056e+04  -9.8078814e+03
   2.2400000e+02  -2.0069033e+04  -7.6063147e+03
   2.2500000e+02  -9.3376109e+03  -6.7130302e+03
   2.2600000e+02   3.5141293e+03  -5.0234433e+03
   2.2700000e+02   7.5474693e+03   7.9295670e+01
   2.2800000e+02   4.2023270e+02   1.9497408e+04
   2.2900000e+02  -7.5976602e+03   2.4001193e+04
   2.3000000e+02  -2.3240461e+04  -3.2572529e+03
   2.3100000e+02  -2.5111406e+04  -1.1652819e+04
   2.3200000e+02   1.7797514e+04   1.5796749e+04
   2.3300000e+02   5.3124183e+04   4.0714733e+04
   2.3400000e+02   2.3421827e+04   4.4050834e+04
   2.3500000e+02  -1.4128523e+04   2.5977303e+04
   2.3600000e+02   8.1212755e+03  -1.5684641e+03
   2.3700000e+02   4.0688024e+04  -1.4487948e+03
   2.3800000e+02   2.3545987e+04   3.2314654e+04
   2.3900000e+02  -9.1684451e+03   4.2676660e+04
   2.4000000e+02  -5.8320400e+03   9.6994581e+03
   2.4100000e+02   2.9929533e+04  -1.8320412e+04
   2.4200000e+02   4.7418031e+04  -1.2430977e+04
   2.4300000e+02   1.5338386e+04   1.5822440e+04
   2.4400000e+02  -2.8249531e+04   3.5203864e+04
   2.4500000e+02  -3.4162435e+04   2.8419504e+04
   2.4600000e+02   3.8009675e+03   1.1509804e+04
   2.4700000e+02   5.0554901e+04  -4.8490743e+03
   2.4800000e+02   5.5088663e+04  -1.0456143e+04
   2.4900000e+02   2.6505378e+04   5.6794083e+03
   2.5000000e+02   2.1099289e+04   1.7737366e+04
   2.5100000e+02   3.5464096e+04   9.8019195e+03
   2.5200000e+02   3.7689597e+04   1.2639352e+04
   2.5300000e+02   3.2401541e+04   2.9479935e+04
   2.5400000e+02   1.5576391e+04   1.9422764e+04
   2.5500000e+02  -9.7328097e+03  -1.6834217e+04
   2.5600000e+02  -9.4968399e+03  -3.4166513e+04
   2.5700000e+02   1.0123104e+04  -1.5700338e+04
   2.5800000e+02   1.1952507e+04   1.0123803e+04
   2.5900000e+02  -8.9770208e+02   1.0995489e+04
   2.6000000e+02   2.8035629e+03  -1.1599517e+03
   2.6100000e+02   2.8044948e+04  -1.0823657e+04
   2.6200000e+02   4.1155383e+04  -4.0720594e+04
   2.6300000e+02   2.4123113e+04  -6.5306471e+04
   2.6400000e+02   3.4127055e+03  -2.4385471e+04
   2.6500000e+02  -5.2298117e+03   3.3232092e+04
   2.6600000e+02  -1.6312019e+04   1.0617790e+04
   2.6700000e+02  -2.6727312e+04  -5.1894026e+04
   2.6800000e+02  -1.7865774e+04  -4.6464943e+04
   2.6900000e+02   7.0412817e+03   1.1179404e+04
   2.7000000e+02   3.0997102e+04   3.4073345e+04
   2.7100000e+02   2.5982682e+04   3.7478865e+03
   2.7200000e+02  -2.4199741e+04  -3.2220749e+04
   2.7300000e+02  -6.2121536e+04  -2.3733401e+04
   2.7400000e+02  -2.4139184e+04   1.0818310e+04
   2.7500000e+02   4.5132355e+04   6.4780065e+03
   2.7600000e+02   5.4813208e+04  -3.2483096e+04
   2.7700000e+02  -8.1609904e+03  -4.7985239e+04
   2.7800000e+02  -6.6371343e+04  -2.8722604e+04
   2.7900000e+02  -5.2370276e+04  -3.6031615e+03
   2.8000000e+02  -3.7214138e+03  -4.6506961e+03
   2.8100000e+02   2.1185914e+03  -4.3940066e+04
   2.8200000e+02  -2.5862547e+04  -6.5117929e+04
   2.8300000e+02  -2.9962826e+04  -1.5171924e+04
   2.8400000e+02  -9.2611385e+03   4.3825611e+04
   2.8500000e+02   3.4710682e+03   3.2714902e+04
   2.8600000e+02  -7.8916411e+03  -2.0387599e+04
   2.8700000e+02  -4.7246314e+04  -3.4285851e+04
   2.8800000e+02  -8.3197905e+04  -5.9137870e+02
   2.8900000e+02  -6.3553354e+04   7.2481729e+03
   2.9000000e+02  -2.4491125e+03  -1.6523043e+04
   2.9100000e+02   2.4069788e+04  -5.0264980e+03
   2.9200000e+02  -6.2237265e+03   2.7529490e+04
   2.9300000e+02  -3.8192032e+04   1.9498388e+04
   2.9400000e+02  -3.7757500e+04  -1.9540008e+04
   2.9500000e+02  -1.8780922e+04  -3.5801532e+04
   2.9600000e+02  -8.3754948e+02  -1.7133225e+04
   2.9700000e+02  -4.2294893e+03   2.7507330e+03
   2.9800000e+02  -3.1966648e+04   5.5439502e+03
   2.9900000e+02  -4.7457425e+04   6.0541097e+03
   3.0000000e+02  -1.6035835e+04   1.8255199e+04
   3.0100000e+02   3.2986401e+04   2.3478462e+04
   3.0200000e+02   3.9706276e+04   9.1580588e+03
   3.0300000e+02   1.5406154e+04   1.0649801e+03
   3.0400000e+02   5.8665687e+03   6.4495470e+02
   3.0500000e+02  -5.0071230e+03   5.7180150e+03
   3.0600000e+02  -2.6874325e+04   3.5314326e+04
   3.0700000e+02  -2.6044715e+04   5.2748570e+04
   3.0800000e+02  -2.1923855e+04   2.7187797e+04
   3.0900000e+02  -4.2690493e+04   1.6466449e+03
   3.1000000e+02  -3.6000799e+04   2.8147847e+03
   3.1100000e+02   2.5610376e+04   1.5385170e+04
   3.1200000e+02   8.2535641e+04   2.4671382e+04
   3.1300000e+02   8.2180272e+04   2.3869614e+04
   3.1400000e+02   3.3375462e+04   2.1393096e+04
   3.1500000e+02  -4.0725723e+03   2.0025876e+04
   3.1600000e+02   1.2103765e+04   1.7391592e+03
   3.1700000e+02   4.7567529e+04  -9.9001668e+03
   3.1800000e+02   5.1065831e+04   2.3015187e+04
   3.1900000e+02   2.0645255e+04   4.8766327e+04
   3.2000000e+02   3.8203060e+03   2.5498763e+04
   3.2100000e+02   3.8705515e+04   1.1356193e+04
   3.2200000e+02   7.4157105e+04   2.5946992e+04
   3.2300000e+02   3.6747761e+04   1.7218979e+04
   3.2400000e+02  -2.7107574e+04  -1.5713474e+04
   3.2500000e+02  -2.3536864e+04  -1.7117931e+04
   3.2600000e+02   8.0038074e+03   2.1090123e+04
   3.2700000e+02  -1.8189692e+04   3.9110043e+04
   3.2800000e+02  -4.6284252e+04   5.2377022e+03
   3.2900000e+02   4.8226538e+03  -3.8610806e+04
   3.3000000e+02   7.8413375e+04  -3.5611489e+04
   3.3100000e+02   8.3981866e+04   1.0575525e+04
   3.3200000e+02   3.3197715e+04   3.8535978e+04
   3.3300000e+02   4.3900680e+03   1.7003753e+04
   3.3400000e+02   2.4239560e+04  -1.8769771e+04
   3.3500000e+02   4.1870781e+04  -1.8340141e+04
   3.3600000e+02   2.2005246e+04   1.2688824e+04
   3.3700000e+02  -1.5493246e+03   1.4619453e+04
   3.3800000e+02   1.8425631e+03  -1.8010808e+04
   3.3900000e+02  -7.9408506e+03  -2.8373435e+04
   3.4000000e+02  -6.2684220e+04  -1.2984370e+04
   3.4100000e+02  -1.1356820e+05  -1.1951865e+04
   3.4200000e+02  -1.0652619e+05  -2.1923566e+04
   3.4300000e+02  -5.7494888e+04  -2.7661740e+04
   3.4400000e+02  -2.4371339e+04  -3.8455388e+04
   3.4500000e+02  -1.8524159e+04  -3.8033390e+04
   3.4600000e+02  -1.3421451e+03  -1.6176103e+04
   3.4700000e+02   2.6668102e+04  -7.2597076e+03
   3.4800000e+02   4.4656015e+04  -1.3131519e+04
   3.4900000e+02   6.6733247e+04  -7.3719888e+03
   3.5000000e+02   9.5628796e+04   3.4267391e+03
   3.5100000e+02   9.5189778e+04   4.6425968e+03
   3.5200000e+02   4.5775495e+04   4.2443159e+02
   3.5300000e+02  -6.1056759e+03   1.7263069e+03
   3.5400000e+02  -4.9759868e+03   4.2439194e+03
   3.5500000e+02   2.4930317e+04  -6.0591183e+02
   3.5600000e+02   1.8332595e+04  -4.3714659e+03
   3.5700000e+02  -2.3975177e+04  -3.4652591e+03
   3.5800000e+02  -3.7640828e+04  -7.8423295e+03
   3.5900000e+02  -1.0320616e+04  -2.4911947e+04
   3.6000000e+02   2.0527521e+03  -4.2435520e+04
   3.6100000e+02  -2.3774920e+04  -3.5332198e+04
   3.6200000e+02  -5.9000912e+04  -6.3705493e+03
   3.6300000e+02  -6.2463063e+04   9.6320415e+03
   3.6400000e+02  -2.6774279e+04  -1.3565802e+04
   3.6500000e+02  -1.3005546e+04  -5.0216655e+04
   3.6600000e+02  -6.3670078e+04  -4.7145604e+04
   3.6700000e+02  -1.2206975e+05  -9.4613795e+03
   3.6800000e+02  -1.1507140e+05   1.5839592e+04
   3.6900000e+02  -5.6949767e+04   1.7836634e+04
   3.7000000e+02  -2.3302121e+04   7.9532869e+03
   3.7100000e+02  -2.9992200e+04  -7.1663615e+03
   3.7200000e+02  -1.9147138e+04  -9.3537529e+03
   3.7300000e+02   9.9639384e+03   6.7723791e+03
   3.7400000e+02   1.1779103e+04   1.8104577e+04
   3.7500000e+02   1.6395121e+04   2.0148184e+04
   3.7600000e+02   6.0021269e+04   1.8770485e+04
   3.7700000e+02   8.5295876e+04   9.1314642e+03
   3.7800000e+02   4.3725975e+04   3.0590049e+03
   3.7900000e+02  -1.0441135e+04   1.8879146e+03
   3.8000000e+02  -9.3404392e+03   3.5609350e+02
   3.8100000e+02   2.9054600e+04   1.1066391e+04
   3.8200000e+02   4.6720468e+04   1.6038385e+04
   3.8300000e+02   1.9190118e+04   1.9154449e+03
   3.8400000e+02  -2.1557704e+04   1.8988915e+02
   3.8500000e+02  -2.4278511e+04   1.3631055e+04
   3.8600000e+02  -1.4766801e+04   1.7472175e+04
   3.8700000e+02  -3.3510165e+04   1.2599343e+04
   3.8800000e+02  -3.7137902e+04   1.9131014e+03
   3.8900000e+02  -2.2155255e+04  -1.4884772e+04
   3.9000000e+02  -3.0790072e+04  -1.0480658e+04
   3.9100000e+02  -3.2619908e+04   2.6587570e+04
   3.9200000e+02  -2.9760064e+03   5.0060269e+04
   3.9300000e+02   2.7587434e+04   2.7356706e+04
   3.9400000e+02   3.9105618e+04  -6.7704101e+03
   3.9500000e+02   3.0067869e+04  -3.0798721e+03
   3.9600000e+02   1.7650401e+04   3.3444612e+04
   3.9700000e+02   2.6107227e+04   4.6566045e+04
   3.9800000e+02   4.3271113e+04   1.6787229e+04
   3.9900000e+02   4.4830908e+04  -4.2509677e+03
   4.0000000e+02   3.4440990e+04   1.1618869e+04
   4.0100000e+02   1.1079496e+04   2.6465227e+04
   4.0200000e+02  -1.2666214e+04   1.8194905e+04
   4.0300000e+02   6.7046829e+03   5.9211834e+03
   4.0400000e+02   4.3151780e+04  -6.4443046e+03
   4.0500000e+02   3.2605852e+04  -1.7286813e+04
   4.0600000e+02  -2.9456303e+03  -6.4218396e+03
   4.0700000e+02  -1.3489478e+04   1.5433672e+04
   4.0800000e+02   5.9084530e+03   1.7230565e+04
   4.0900000e+02   3.4620488e+04   4.3905349e+03
   4.1000000e+02   4.0286543e+04   6.9449130e+02
   4.1100000e+02   1.3456901e+04   9.7174593e+03
   4.1200000e+02  -1.0830274e+04   1.8182196e+04
   4.1300000e+02  -8.5551377e+03   1.4191179e+04
   4.1400000e+02  -1.5714426e+02   4.0675835e+03
   4.1500000e+02   4.2959060e+03   1.0853469e+03
   4.1600000e+02   1.1661884e+04   2.9862275e+03
   4.1700000e+02   1.2834418e+04   6.0854656e+03
   4.1800000e+02   1.2779767e+04   4.8372205e+03
   4.1900000e+02   1.7632547e+04  -1.3244203e+04
   4.2000000e+02   1.5695763e+04  -3.4447406e+04
   4.2100000e+02   9.2407450e+03  -3.5041746e+04
   4.2200000e+02  -2.5028552e+02  -2.0362099e+04
   4.2300000e+02  -1.1095362e+04  -9.1939971e+03
   4.2400000e+02  -7.9776560e+03  -1.1990492e+04
   4.2500000e+02   7.8722857e+03  -2.3779705e+04
   4.2600000e+02   2.0867048e+04  -3.1229214e+04
   4.2700000e+02   2.1155773e+04  -2.3303932e+04
   4.2800000e+02   5.0630993e+03  -4.9264493e+03
   4.2900000e+02  -1.8481295e+04  -1.0461486e+03
   4.3000000e+02  -2.3803771e+04  -1.0455696e+04
   4.3100000e+02  -7.0792539e+03  -5.0368763e+03
   4.3200000e+02  -9.4211858e+03   5.6310326e+03
   4.3300000e+02  -3.9798080e+04  -7.0456269e+03
   4.3400000e+02  -4.4993412e+04  -2.1455441e+04
   4.3500000e+02  -8.8049805e+03  -8.0579157e+03
   4.3600000e+02   1.4974954e+04  -2.6595863e+02
   4.3700000e+02  -4.5932289e+03  -1.3958042e+04
   4.3800000e+02  -2.9680380e+04  -1.2510861e+04
   4.3900000e+02  -2.4552248e+04  -1.1184724e+04
   4.4000000e+02  -6.3108135e+03  -3.3561232e+04
   4.4100000e+02  -2.4599476e+03  -4.0233300e+04
   4.4200000e+02  -9.5592838e+03  -1.9792129e+04
   4.4300000e+02  -1.3773501e+04  -6.8257133e+03
   4.4400000e+02  -1.5290071e+04  -6.3039967e+03
   4.4500000e+02  -1.5752050e+04  -5.9916607e+02
   4.4600000e+02  -2.2295028e+04   1.1227077e+03
   4.4700000e+02  -3.4371170e+04  -9.0630858e+03
   4.4800000e+02  -2.0789005e+04  -8.5403875e+03
   4.4900000e+02   1.1212447e+04   2.5121746e+03
   4.5000000e+02   1.0717357e+04   4.0736983e+03
   4.5100000e+02  -2.1549277e+04  -9.9032972e+02
   4.5200000e+02  -4.6557165e+04  -3.0430881e+03
   4.5300000e+02  -4.0612678e+04  -2.6966503e+02
   4.5400000e+02  -9.5050279e+03  -1.6498188e+03
   4.5500000e+02   4.8119141e+03  -4.2553474e+03
   4.5600000e+02  -1.1011838e+04   5.4889238e+03
   4.5700000e+02  -1.0219224e+04   9.2786613e+03
   4.5800000e+02   1.3447510e+04  -2.6534122e+03
   4.5900000e+02   8.1822795e+03  -1.6760706e+03
   4.6000000e+02  -1.8046116e+04   1.8643138e+04
   4.6100000e+02  -1.4542690e+04   2.8514603e+04
   4.6200000e+02   4.9385787e+03   1.2761980e+04
   4.6300000e+02   5.9839146e+03  -4.7295902e+03
   4.6400000e+02   3.3753446e+03   3.4083748e+03
   4.6500000e+02   1.7020774e+04   2.8994681e+04
   4.6600000e+02   2.5615847e+04   3.6290030e+04
   4.6700000e+02   7.0787041e+03   9.5519277e+03
   4.6800000e+02  -1.2560643e+04  -1.5617002e+04
   4.6900000e+02  -6.8967043e+03  -4.5736054e+03
   4.7000000e+02   7.5076507e+03   2.6164393e+04
   4.7100000e+02   1.0753351e+04   3.9225019e+04
   4.7200000e+02   3.9779438e+03   1.6132333e+04
   4.7300000e+02  -4.4933529e+03  -1.8508364e+04
   4.7400000e+02  -6.0763901e+03  -1.7778321e+04
   4.7500000e+02   7.0828410e+03   1.2136447e+04
   4.7600000e+02   2.4883981e+04   2.2513486e+04
   4.7700000e+02   2.7431563e+04   1.1328793e+04
   4.7800000e+02   1.3377252e+04   7.6770972e+03
   4.7900000e+02  -1.0084046e+04   1.6031397e+04
   4.8000000e+02  -1.2692582e+04   2.9710167e+04
   4.8100000e+02   3.3262946e+04   3.1410727e+04
   4.8200000e+02   7.4292202e+04   1.6271537e+04
   4.8300000e+02   5.2857632e+04   1.0778299e+04
   4.8400000e+02   3.6602865e+03   1.7362052e+04
   4.8500000e+02  -1.3458981e+04   2.4088042e+04
   4.8600000e+02   1.1883258e+04   3.0263532e+04
   4.8700000e+02   3.6755971e+04   1.5368023e+04
   4.8800000e+02   2.2782338e+04  -2.2403518e+04
   4.8900000e+02  -3.0070984e+03  -3.5188376e+04
   4.9000000e+02   3.3455550e+02  -1.2350352e+03
   4.9100000e+02   1.4614932e+04   2.8800111e+04
   4.9200000e+02   1.1570360e+04   1.5115484e+04
   4.9300000e+02  -2.4547140e+02  -1.3267667e+04
   4.9400000e+02  -1.7384704e+04  -2.3262261e+04
   4.9500000e+02  -2.4327399e+04  -6.1448190e+03
   4.9600000e+02   7.2730929e+03   2.5814793e+04
   4.9700000e+02   3.6790710e+04   3.1249471e+04
   4.9800000e+02   2.0712447e+04  -2.5863460e+02
   4.9900000e+02  -4.4526732e+02  -2.5883233e+04
   5.0000000e+02   2.0591137e+03  -1.2893647e+04
   5.0100000e+02   9.0500388e+03   1.5554151e+04
   5.0200000e+02   1.3327895e+04   9.3845317e+03
   5.0300000e+02   8.3860056e+03  -2.4969788e+04
   5.0400000e+02  -5.3715040e+03  -3.2460125e+04
   5.0500000e+02  -7.1615269e+03  -1.0981193e+04
   5.0600000e+02  -5.8023479e+03  -1.2296813e+04
   5.0700000e+02  -1.1936685e+04  -3.9571957e+04
   5.0800000e+02  -5.7386091e+03  -4.3965100e+04
   5.0900000e+02  -1.1329238e+03  -2.0831940e+04
   5.1000000e+02  -1.3480794e+04  -7.4124593e+03
   5.1100000e+02  -1.2856492e+04  -1.5754039e+04
   5.1200000e+02   2.8260526e+03  -2.6978658e+04
   5.1300000e+02   3.3339809e+03  -2.3343710e+04
   5.1400000e+02  -9.6577641e+03  -1.2094969e+04
   5.1500000e+02  -8.2496695e+03  -4.7650565e+03
   5.1600000e+02   5.7713377e+03  -3.4361265e+03
   5.1700000e+02   5.1613541e+03  -9.2459239e+03
   5.1800000e+02  -1.7528181e+03  -9.2456868e+03
   5.1900000e+02   1.5795402e+03  -1.3630600e+03
   5.2000000e+02  -1.0936709e+03  -8.6660094e+03
   5.2100000e+02  -1.6154276e+04  -2.5591479e+04
   5.2200000e+02  -2.9301137e+04  -1.9624416e+04
   5.2300000e+02  -3.1652971e+04  -1.2981053e+03
   5.2400000e+02  -2.8631900e+04  -4.8985390e+03
   5.2500000e+02  -3.0957396e+04  -1.4407085e+04
   5.2600000e+02  -3.4926326e+04  -1.4974897e+04
   5.2700000e+02  -2.4994558e+04  -2.3382898e+04
   5.2800000e+02  -5.8037965e+03  -1.7310745e+04
   5.2900000e+02  -6.3229609e+03   1.2335753e+04
   5.3000000e+02  -2.2297036e+04   1.8475022e+04
   5.3100000e+02  -1.9789459e+04  -7.3479497e+03
   5.3200000e+02  -2.9972993e+03  -1.9872523e+04
   5.3300000e+02   7.2825290e+02   6.0230893e+03
   5.3400000e+02  -1.1581648e+04   3.8191264e+04
   5.3500000e+02  -1.2979305e+04   2.7594426e+04
   5.3600000e+02   2.0087954e+03  -1.5001610e+04
   5.3700000e+02  -7.9717295e+03  -2.9618625e+04
   5.3800000e+02  -3.3282685e+04  -2.3002918e+03
   5.3900000e+02  -1.7022490e+04   1.9666870e+04
   5.4000000e+02   1.9810050e+04   2.1454221e+04
   5.4100000e+02   1.8578463e+04   2.1401988e+04
   5.4200000e+02  -8.4231269e+03   7.4967536e+03
   5.4300000e+02  -1.7483445e+04  -1.1471572e+04
   5.4400000e+02  -1.2076497e+04  -2.2895766e+02
   5.4500000e+02  -9.6162593e+03   2.1688979e+04
   5.4600000e+02   1.3384593e+03   1.8542175e+04
   5.4700000e+02   2.0645005e+04   4.9871774e+03
   5.4800000e+02   2.5680955e+04   2.0887079e+03
   5.4900000e+02   1.4288774e+04   9.2867731e+03
   5.5000000e+02   1.1060294e+04   2.3278999e+04
   5.5100000e+02   1.3423002e+04   2.7413931e+04
   5.5200000e+02  -3.9570288e+03   1.5476795e+04
   5.5300000e+02  -1.4275446e+04   1.1224362e+04
   5.5400000e+02   5.3550477e+03   2.0197518e+04
   5.5500000e+02   1.6587744e+04   2.4928016e+04
   5.5600000e+02   1.1818644e+04   1.3527849e+04
   5.5700000e+02   1.3923480e+04   3.6061901e+03
   5.5800000e+02   1.2764262e+04   2.2017365e+04
   5.5900000e+02   3.5504082e+03   3.3243256e+04
   5.6000000e+02   6.3469230e+03   1.0526094e+04
   5.6100000e+02   2.1379434e+04   1.8630622e+03
   5.6200000e+02   2.3201993e+04   1.5016366e+04
   5.6300000e+02   6.9826385e+03   1.2972129e+04
   5.6400000e+02  -1.6973827e+03   3.3828140e+03
   5.6500000e+02   1.1335750e+04   7.7699121e+03
   5.6600000e+02   2.5644655e+04   1.8263677e+04
   5.6700000e+02   2.2676661e+04   1.7143772e+04
   5.6800000e+02   2.1617851e+04   2.4346668e+03
   5.6900000e+02   2.8232372e+04  -6.1746356e+03
   5.7000000e+02   1.6816588e+04   8.8518873e+03
   5.7100000e+02  -2.6613557e+03   2.1175633e+04
   5.7200000e+02  -2.5533872e+02  -2.0191244e+03
   5.7300000e+02   1.5904971e+04  -2.7065798e+04
   5.7400000e+02   2.0022398e+04  -1.3395008e+04
   5.7500000e+02   8.6969259e+03   1.5360325e+04
   5.7600000e+02   1.9217208e+03   1.2608970e+04
   5.7700000e+02   1.3073042e+04  -2.4768409e+04
   5.7800000e+02   2.1662426e+04  -3.8946453e+04
   5.7900000e+02   4.1891462e+03  -5.6659441e+03
   5.8000000e+02  -1.0096606e+04   1.4187805e+04
   5.8100000e+02   6.4254942e+03  -6.9706579e+03
   5.8200000e+02   1.9847311e+04  -2.1388210e+04
   5.8300000e+02   1.1831316e+04  -1.3633555e+04
   5.8400000e+02   1.7433999e+02  -1.6886076e+04
   5.8500000e+02  -1.2496084e+04  -2.5398014e+04
   5.8600000e+02  -2.3047229e+04  -1.2962009e+04
   5.8700000e+02  -2.0303712e+04   1.7890830e+03
   5.8800000e+02  -1.5140900e+03  -1.4946289e+03
   5.8900000e+02   1.2483677e+04  -1.2153666e+04
   5.9000000e+02  -4.1568374e+03  -1.4734703e+04
   5.9100000e+02  -2.5275124e+04  -1.0195472e+04
   5.9200000e+02  -9.4660867e+03  -1.9285749e+04
   5.9300000e+02   1.6400961e+04  -3.5206985e+04
   5.9400000e+02   2.2835339e+03  -2.6223826e+04
   5.9500000e+02  -2.1157191e+04  -7.9361472e+03
   5.9600000e+02  -7.0419000e+00  -1.5574337e+04
   5.9700000e+02   2.3217229e+04  -3.1854987e+04
   5.9800000e+02  -1.7506406e+03  -2.5411921e+04
   5.9900000e+02  -3.1315415e+04  -9.5054715e+03
   6.0000000e+02  -1.9433206e+04  -2.7731434e+03
   6.0100000e+02   8.5262001e+03   2.8460543e+03
   6.0200000e+02  -5.1774474e+02   6.4579591e+03
   6.0300000e+02  -4.1884137e+04  -2.5783300e+02
   6.0400000e+02  -4.9787954e+04  -1.0136930e+04
   6.0500000e+02  -1.2210878e+04  -1.1905307e+04
   6.0600000e+02   9.5010707e+03  -1.0584324e+03
   6.0700000e+02  -1.1475018e+04   9.1550559e+03
   6.0800000e+02  -4.1496182e+04  -2.9510942e+03
   6.0900000e+02  -4.2881458e+04  -2.5907176e+04
   6.1000000e+02  -1.2516544e+04  -2.9150858e+04
   6.1100000e+02   8.7084037e+03  -1.4447043e+04
   6.1200000e+02  -6.7853911e+03   3.9111853e+03
   6.1300000e+02  -2.6606529e+04   2.0921893e+04
   6.1400000e+02  -2.3253191e+04   2.1403837e+04
   6.1500000e+02  -9.2804290e+03   1.7446217e+03
   6.1600000e+02  -5.1377689e+03  -1.4919339e+04
   6.1700000e+02  -1.9652029e+04  -4.0327886e+03
   6.1800000e+02  -2.5877326e+04   2.8343295e+04
   6.1900000e+02  -2.8579778e+03   3.7532039e+04
   6.2000000e+02   1.7676391e+04   8.4252366e+03
   6.2100000e+02   1.1613214e+04  -1.5257042e+04
   6.2200000e+02  -8.0086376e+03  -4.7102179e+03
   6.2300000e+02  -2.1948199e+04   2.0972550e+04
   6.2400000e+02  -1.4229042e+04   3.0358982e+04
   6.2500000e+02   1.3614641e+04   1.6231427e+04
   6.2600000e+02   2.8167129e+04  -1.5550066e+03
   6.2700000e+02   7.7359817e+03  -3.2289432e+03
   6.2800000e+02  -1.2877830e+04   9.2674915e+03
   6.2900000e+02  -6.2999981e+03   2.1007384e+04
   6.3000000e+02   6.3205884e+03   2.5634757e+04
   6.3100000e+02   1.4370608e+04   2.0033790e+04
   6.3200000e+02   1.3956702e+04   1.2496338e+04
   6.3300000e+02  -3.2514773e+03   1.8819428e+04
   6.3400000e+02  -1.0854815e+04   2.3035077e+04
   6.3500000e+02   1.0624729e+04   1.2578733e+04
   6.3600000e+02   3.1664660e+04   7.6073025e+03
   6.3700000e+02   2.7249425e+04   1.6746450e+04
   6.3800000e+02   9.9178485e+03   2.3185886e+04
   6.3900000e+02   5.4418403e+03   9.8410874e+03
   6.4000000e+02   2.2208791e+04  -4.7512915e+03
   6.4100000e+02   3.2572847e+04   2.4931586e+03
   6.4200000e+02   1.8442524e+04   1.0994718e+04
   6.4300000e+02   7.6536439e+03   5.6681937e+03
   6.4400000e+02   1.4047578e+04   1.1225224e+03
   6.4500000e+02   2.6542509e+04   1.0340607e+04
   6.4600000e+02   3.4773233e+04   1.8380772e+04
   6.4700000e+02   1.7773458e+04  -1.7963098e+03
   6.4800000e+02  -7.9075296e+03  -2.3653558e+04
   6.4900000e+02  -3.1523747e+03  -8.5138319e+03
   6.5000000e+02   9.9326328e+03   2.1261224e+04
   6.5100000e+02   7.3162784e+03   3.0052929e+04
   6.5200000e+02   1.5910541e+04   9.9359896e+03
   6.5300000e+02   2.7053925e+04  -1.6322389e+04
   6.5400000e+02   1.6661195e+03  -1.2717471e+04
   6.5500000e+02  -2.4727772e+04   1.5611935e+04
   6.5600000e+02  -4.6842948e+03   2.4758907e+04
   6.5700000e+02   2.3651210e+04  -7.7363270e+02
   6.5800000e+02   2.6263305e+04  -2.6846775e+04
   6.5900000e+02   1.5807072e+04  -2.4705855e+04
   6.6000000e+02   5.3524984e+03  -6.2382578e+03
   6.6100000e+02   1.0954392e+04   8.2833716e+02
   6.6200000e+02   2.1821446e+04  -1.4582973e+04
   6.6300000e+02   1.4558023e+04  -3.3765574e+04
   6.6400000e+02   5.2543097e+03  -3.2081231e+04
   6.6500000e+02   3.0456209e+03  -1.3275101e+04
   6.6600000e+02  -7.0790605e+03   5.5099132e+02
   6.6700000e+02  -1.6483517e+04   4.7135003e+02
   6.6800000e+02  -1.2261586e+04  -1.2162778e+04
   6.6900000e+02  -1.0374982e+04  -2.8787185e+04
   6.7000000e+02  -1.5908167e+04  -2.2534947e+04
   6.7100000e+02  -1.7549334e+04   7.6184067e+03
   6.7200000e+02  -1.8755031e+04   2.2962284e+04
   6.7300000e+02  -1.1152519e+04   4.8423205e+03
   6.7400000e+02   1.9699006e+03  -2.6072980e+04
   6.7500000e+02  -4.3526928e+03  -3.0057128e+04
   6.7600000e+02  -1.0038456e+04  -1.0182857e+04
   6.7700000e+02  -9.6373746e+02  -1.4752794e+04
   6.7800000e+02  -3.3496359e+03  -2.8624371e+04
   6.7900000e+02  -1.2300822e+04  -1.2309098e+04
   6.8000000e+02  -6.7040453e+03   1.4639433e+03
   6.8100000e+02   1.0943101e+04  -1.1368509e+04
   6.8200000e+02   1.1912533e+04  -2.0165253e+04
   6.8300000e+02  -2.2644160e+04  -1.1506865e+04
   6.8400000e+02  -4.9079648e+04  -4.8947635e+02
   6.8500000e+02  -3.3284401e+04   7.6650573e+03
   6.8600000e+02  -1.3661596e+04   6.4481449e+03
   6.8700000e+02  -1.7042215e+04  -1.2153671e+04
   6.8800000e+02  -2.5400332e+04  -2.6168057e+04
   6.8900000e+02  -3.6343186e+04  -1.6306218e+04
   6.9000000e+02  -4.9487425e+04   9.6766174e+02
   6.9100000e+02  -3.3341308e+04   4.6429490e+03
   6.9200000e+02   2.9677216e+03  -3.6440657e+03
   6.9300000e+02   4.3321538e+03  -6.3452702e+03
   6.9400000e+02  -2.3044219e+04  -2.7727173e+03
   6.9500000e+02  -3.0098015e+04  -5.5903646e+03
   6.9600000e+02  -4.7895268e+03  -6.4951505e+03
   6.9700000e+02   3.0070663e+04   8.3218346e+03
   6.9800000e+02   3.0107375e+04   2.6850667e+04
   6.9900000e+02  -8.1502785e+03   2.3881965e+04
   7.0000000e+02  -2.0778627e+04   9.4052792e+02
   7.0100000e+02   5.6383322e+03  -1.4380071e+04
   7.0200000e+02   2.1340394e+04  -7.5988680e+03
   7.0300000e+02   1.8412737e+04   1.0191748e+04
   7.0400000e+02   6.3609155e+03   2.0213679e+04
   7.0500000e+02  -2.1161157e+04   1.9201324e+04
   7.0600000e+02  -3.2464318e+04   1.1210701e+04
   7.0700000e+02  -5.9304905e+02   2.0666556e+03
   7.0800000e+02   2.2175389e+04   7.9201548e+03
   7.0900000e+02  -2.0390315e+03   2.3770294e+04
   7.1000000e+02  -1.8300636e+04   2.9530581e+04
   7.1100000e+02   2.0895242e+03   2.1389151e+04
   7.1200000e+02   1.5963628e+04   7.5600460e+03
   7.1300000e+02   1.3392800e+04   9.5979371e+03
   7.1400000e+02   1.2816554e+04   2.2914090e+04
   7.1500000e+02   1.0349432e+04   1.3448706e+04
   7.1600000e+02   7.1684893e+03  -4.3915977e+03
   7.1700000e+02   1.3766120e+04   6.7182698e+03
   7.1800000e+02   2.5415671e+04   2.5571234e+04
   7.1900000e+02   2.4439866e+04   1.5456589e+04
   7.2000000e+02   1.2362315e+04   1.5313054e+03
   7.2100000e+02   1.1901133e+04   1.6560472e+04
   7.2200000e+02   2.1623580e+04   2.9958454e+04
   7.2300000e+02   1.8101042e+04   1.7439510e+04
   7.2400000e+02   1.5563371e+03   7.7861203e+03
   7.2500000e+02   1.3544371e+03   1.2772627e+04
   7.2600000e+02   2.6074721e+04   1.0328798e+04
   7.2700000e+02   3.9980768e+04   3.3340476e+03
   7.2800000e+02   2.4582803e+04   8.7320626e+03
   7.2900000e+02   8.8089716e+03   1.1173197e+04
   7.3000000e+02   1.2194744e+04   5.0291610e+02
   7.3100000e+02   1.3996378e+04  -8.3991274e+03
   7.3200000e+02  -5.4364943e+02  -1.2842852e+04
   7.3300000e+02  -8.5975667e+03  -1.2071056e+04
   7.3400000e+02   1.1786300e+02  -4.8407715e+02
   7.3500000e+02   8.1657601e+03   8.5319050e+03
   7.3600000e+02   1.1109214e+04  -4.2198827e+03
   7.3700000e+02   5.8354353e+03  -1.8233015e+04
   7.3800000e+02  -8.0265748e+03  -1.1213669e+03
   7.3900000e+02  -6.2424425e+03   1.0950169e+04
   7.4000000e+02   1.8899478e+04  -1.1961524e+04
   7.4100000e+02   3.6089944e+04  -1.9319591e+04
   7.4200000e+02   2.3294644e+04   2.2040579e+03
   7.4300000e+02  -1.6475969e+03   7.6573417e+03
   7.4400000e+02  -1.0079857e+04  -6.0615229e+03
   7.4500000e+02   2.8316227e+03  -1.5203169e+04
   7.4600000e+02   1.4177804e+04  -1.6943669e+04
   7.4700000e+02   3.9509706e+03  -1.2265662e+04
   7.4800000e+02  -1.3501804e+04  -2.1266446e+03
   7.4900000e+02  -1.7420241e+04  -5.3736136e+03
   7.5000000e+02  -1.2357177e+04  -2.5783035e+04
   7.5100000e+02  -1.1071520e+04  -3.2781341e+04
   7.5200000e+02  -1.6708988e+04  -1.7095111e+04
   7.5300000e+02  -1.8235103e+04  -8.7603173e+03
   7.5400000e+02  -9.2564581e+03  -2.4504667e+04
   7.5500000e+02  -4.8465108e+03  -3.7521177e+04
   7.5600000e+02  -1.1903181e+04  -2.4194523e+04
   7.5700000e+02  -1.3332408e+04  -7.5980579e+03
   7.5800000e+02  -3.1262968e+03  -1.0715032e+04
   7.5900000e+02   5.5613738e+02  -1.9306179e+04
   7.6000000e+02  -7.4647260e+03  -1.5527947e+04
   7.6100000e+02  -1.4466988e+04  -6.1823997e+03
   7.6200000e+02  -1.8818151e+04  -6.9078581e+03
   7.6300000e+02  -2.0617745e+04  -1.2432556e+04
   7.6400000e+02  -1.3502105e+04  -4.0224693e+03
   7.6500000e+02  -4.2570233e+03   1.4649481e+04
   7.6600000e+02  -1.2505857e+04   1.2578092e+04
   7.6700000e+02  -3.7037800e+04  -1.0120050e+04
   7.6800000e+02  -4.3648516e+04  -1.2497747e+04
   7.6900000e+02  -1.7774682e+04   3.5300487e+02
   7.7000000e+02   9.8636221e+03  -3.7682753e+03
   7.7100000e+02   9.0282306e+03  -9.7697150e+03
   7.7200000e+02  -1.3329800e+04  -3.3780707e+03
   7.7300000e+02  -2.5475444e+04   5.1432469e+02
   7.7400000e+02  -1.7273828e+04  -2.0897560e+03
   7.7500000e+02  -4.8913554e+03  -3.0954394e+03
   7.7600000e+02   3.3948093e+03  -3.8908269e+03
   7.7700000e+02   5.6423540e+03  -3.4757449e+03
   7.7800000e+02  -1.8360909e+03   9.6090205e+03
   7.7900000e+02  -1.5459954e+04   1.9653739e+04
   7.8000000e+02  -1.6905007e+04   6.2349574e+03
   7.8100000e+02  -3.9094258e+03  -7.4716597e+03
   7.8200000e+02  -8.9109047e+03   2.0798163e+03
   7.8300000e+02  -2.5039383e+04   2.6057189e+04
   7.8400000e+02  -1.2623649e+04   3.4646384e+04
   7.8500000e+02   1.0596085e+04   1.1545790e+04
   7.8600000e+02   1.7353887e+04  -7.7675200e+03
   7.8700000e+02   1.6998607e+04   8.9194066e+03
   7.8800000e+02   6.1880827e+03   3.5184506e+04
   7.8900000e+02  -1.0663758e+04   3.2282212e+04
   7.9000000e+02  -4.2972643e+03   4.3569740e+03
   7.9100000e+02   2.1221018e+04  -6.1600062e+03
   7.9200000e+02   3.2225518e+04   1.4971741e+04
   7.9300000e+02   2.3098614e+04   2.1800456e+04
   7.9400000e+02   1.3621604e+04  -1.5914012e+03
   7.9500000e+02   7.7242167e+03  -1.6618289e+03
   7.9600000e+02  -4.7979519e+03   2.4972433e+04
   7.9700000e+02  -1.4104654e+04   1.9390400e+04
   7.9800000e+02  -1.9477246e+03  -6.7621462e+03
   7.9900000e+02   2.0915726e+04   3.2368717e+03
   8.0000000e+02   2.6586657e+04   3.7264939e+04
   8.0100000e+02   7.0184332e+03   3.9115431e+04
   8.0200000e+02  -6.9246416e+03   1.8062445e+03
   8.0300000e+02   1.3010030e+04  -1.5372189e+04
   8.0400000e+02   3.5123019e+04   1.5408901e+04
   8.0500000e+02   2.3754785e+04   3.7992102e+04
   8.0600000e+02   9.9400870e+01   1.4069504e+04
   8.0700000e+02  -3.4262575e+03  -1.2979484e+04
   8.0800000e+02   1.5614622e+04  -2.7934368e+03
   8.0900000e+02   2.8766502e+04   1.8470498e+04
   8.1000000e+02   1.4980983e+04   1.4795983e+04
   8.1100000e+02  -3.5537766e+03  -5.7899466e+03
   8.1200000e+02   1.0194317e+03  -1.0698615e+04
   8.1300000e+02   2.6147195e+04   8.2141895e+03
   8.1400000e+02   4.1358328e+04   1.8306022e+04
   8.1500000e+02   2.1652752e+04   5.8287963e+03
   8.1600000e+02  -4.2967263e+03  -7.0412294e+03
   8.1700000e+02   5.1896478e+03  -1.4365921e+04
   8.1800000e+02   2.8662927e+04  -1.3357522e+04
   8.1900000e+02   2.2666122e+04   3.0327844e+03
   8.2000000e+02   3.5389045e+02   9.5378956e+03
   8.2100000e+02  -3.9620593e+03  -1.4985333e+04
   8.2200000e+02   1.6875686e+03  -3.7539613e+04
   8.2300000e+02  -6.6128959e+02  -2.8586061e+04
   8.2400000e+02  -3.1019854e+03  -1.1928875e+04
   8.2500000e+02   6.2332580e+02  -2.4586708e+03
   8.2600000e+02   1.5776864e+03  -2.3940487e+03
   8.2700000e+02  -6.1348852e+03  -2.6763767e+04
   8.2800000e+02  -1.3587561e+04  -4.0981259e+04
   8.2900000e+02  -3.2127496e+03  -1.3104932e+04
   8.3000000e+02   1.5086296e+04   1.4126912e+04
   8.3100000e+02   1.3401595e+02   1.4263071e+04
   8.3200000e+02  -3.8166613e+04   6.5144957e+02
   8.3300000e+02  -4.0400276e+04  -2.3491279e+04
   8.3400000e+02  -6.3508625e+03  -4.1009807e+04
   8.3500000e+02   1.6431623e+04  -2.7243007e+04
   8.3600000e+02   7.8082763e+03  -2.4662196e+03
   8.3700000e+02  -1.5235563e+04  -3.5902467e+03
   8.3800000e+02  -2.0135735e+04  -2.1004871e+04
   8.3900000e+02  -4.7124695e+03  -2.8136061e+04
   8.4000000e+02   4.8899750e+03  -2.4824450e+04
   8.4100000e+02  -5.4907324e+03  -1.9888288e+04
   8.4200000e+02  -2.5170765e+04  -1.5116440e+04
   8.4300000e+02  -2.3673788e+04  -5.1695871e+03
   8.4400000e+02  -4.6815865e+03   5.3409871e+02
   8.4500000e+02  -7.5997698e+03  -1.4130746e+04
   8.4600000e+02  -3.0223781e+04  -2.4260737e+04
   8.4700000e+02  -3.7536523e+04  -2.6704673e+03
   8.4800000e+02  -2.6603634e+04   1.9150218e+04
   8.4900000e+02  -2.5711487e+04   8.0895078e+03
   8.5000000e+02  -3.1320823e+04  -8.8532105e+03
   8.5100000e+02  -1.3161879e+04  -2.7336389e+03
   8.5200000e+02   7.1289418e+03   9.7353447e+03
   8.5300000e+02  -6.3544525e+03   1.2919976e+04
   8.5400000e+02  -3.0210325e+04   7.2312058e+03
   8.5500000e+02  -2.7551526e+04  -1.7529434e+03
   8.5600000e+02   6.3678711e+02  -5.0255301e+02
   8.5700000e+02   2.2266115e+04   5.6616715e+03
   8.5800000e+02   1.1314277e+04   5.9305380e+03
   8.5900000e+02  -1.3915232e+04   4.3299800e+03
   8.6000000e+02  -1.7265223e+04  -3.4345509e+03
   8.6100000e+02  -2.4471915e+02  -9.7224869e+03
   8.6200000e+02   1.0652476e+04   2.8756649e+03
   8.6300000e+02   2.8862988e+03   1.7605092e+04
   8.6400000e+02  -1.5273365e+04   1.5868087e+04
   8.6500000e+02  -1.4889500e+04   9.2441296e+03
   8.6600000e+02   1.3277076e+04   5.7811823e+03
   8.6700000e+02   3.1163842e+04   6.0648030e+03
   8.6800000e+02   1.4836294e+04   1.4674527e+04
   8.6900000e+02  -1.3492528e+04   2.5538731e+04
   8.7000000e+02  -2.0974760e+04   2.6929989e+04
   8.7100000e+02  -4.3801764e+03   1.7544276e+04
   8.7200000e+02   8.1105659e+03   1.4097555e+04
   8.7300000e+02   1.0309731e+04   2.7476815e+04
   8.7400000e+02   1.5329403e+04   3.0128192e+04
   8.7500000e+02   1.2909655e+04   1.2296136e+04
   8.7600000e+02  -5.6839000e+00   1.1443705e+04
   8.7700000e+02  -1.5577147e+03   2.6367245e+04
   8.7800000e+02   1.3332648e+04   2.1089027e+04
   8.7900000e+02   2.7466004e+04   6.2502270e+03
   8.8000000e+02   3.0728296e+04   4.0461984e+03
   8.8100000e+02   2.2449207e+04  -1.4299217e+03
   8.8200000e+02   1.4412379e+04  -8.9151864e+03
   8.8300000e+02   1.6627051e+04   6.8177428e+03
   8.8400000e+02   1.1521506e+04   2.6997350e+04
   8.8500000e+02   6.5555778e+03   1.7022912e+04
   8.8600000e+02   2.3447111e+04  -1.1245683e+04
   8.8700000e+02   2.5628884e+04  -1.8136909e+04
   8.8800000e+02   3.1454683e+02   1.2444933e+04
   8.8900000e+02  -7.3234491e+03   3.5989283e+04
   8.9000000e+02   5.3442162e+03   1.1036435e+04
   8.9100000e+02   1.6074351e+04  -2.1796173e+04
   8.9200000e+02   2.8069227e+04  -1.5623921e+04
   8.9300000e+02   3.3477867e+04   1.1861001e+04
   8.9400000e+02   1.8412314e+04   2.0780993e+04
   8.9500000e+02  -8.8447619e+02  -4.3748097e+03
   8.9600000e+02  -1.5351933e+03  -3.0514965e+04
   8.9700000e+02   1.9504683e+04  -1.6815781e+04
   8.9800000e+02   4.1322828e+04   1.0408583e+04
   8.9900000e+02   2.6467083e+04   4.9233554e+03
   9.0000000e+02  -1.2405049e+04  -1.4334673e+04
   9.0100000e+02  -1.8143519e+04  -1.5268553e+04
   9.0200000e+02   3.1535818e+03  -1.3058824e+04
   9.0300000e+02   7.2776510e+03  -1.8099967e+04
   9.0400000e+02  -2.6624216e+03  -1.0075216e+04
   9.0500000e+02  -1.0148574e+04   1.1860340e+04
   9.0600000e+02  -1.5368279e+04   1.5109103e+04
   9.0700000e+02  -9.0473630e+03  -1.4055005e+04
   9.0800000e+02   3.2198745e+03  -4.0116807e+04
   9.0900000e+02  -4.9670763e+03  -2.9926315e+04
   9.1000000e+02  -1.5809297e+04  -3.8552577e+03
   9.1100000e+02  -5.6751006e+03   2.0258806e+02
   9.1200000e+02   2.8072189e+03  -1.4414581e+04
   9.1300000e+02   4.4471230e+03  -2.0823435e+04
   9.1400000e+02  -3.2338687e+02  -1.9602862e+04
   9.1500000e+02  -1.4325010e+04  -2.2035810e+04
   9.1600000e+02  -9.2116475e+03  -1.8209751e+04
   9.1700000e+02   4.7508652e+03  -5.7405853e+03
   9.1800000e+02  -6.3128589e+03  -3.2255037e+03
   9.1900000e+02  -2.3913870e+04  -1.2912071e+04
   9.2000000e+02  -2.5645848e+04  -1.6550686e+04
   9.2100000e+02  -2.3436673e+04  -7.3269659e+03
   9.2200000e+02  -2.8816668e+04   2.1162311e+03
   9.2300000e+02  -2.6010994e+04  -9.5403383e+03
   9.2400000e+02  -7.7383902e+03  -3.1863115e+04
   9.2500000e+02  -2.2076237e+03  -1.7882634e+04
   9.2600000e+02  -2.1760084e+04   2.0354210e+04
   9.2700000e+02  -4.2433352e+04   1.5849436e+04
   9.2800000e+02  -3.7654073e+04  -2.9261187e+04
   9.2900000e+02  -1.2912076e+04  -4.7225779e+04
   9.3000000e+02   1.9178180e+03  -9.1393182e+03
   9.3100000e+02   1.6913369e+03   3.2681031e+04
   9.3200000e+02  -6.0969078e+03   1.8352504e+04
   9.3300000e+02  -1.5943133e+04  -2.7778244e+04
   9.3400000e+02  -7.9871172e+03  -4.0725413e+04
   9.3500000e+02   7.8512703e+03  -4.4461318e+03
   9.3600000e+02  -1.6039558e+03   3.4640583e+04
   9.3700000e+02  -2.2404957e+04   2.5671998e+04
   9.3800000e+02  -2.0672122e+04  -6.4982176e+03
   9.3900000e+02  -1.1039640e+01  -4.6405092e+03
   9.4000000e+02   1.4387491e+04   1.6799079e+04
   9.4100000e+02   4.4234900e+03   1.6823068e+04
   9.4200000e+02  -1.8538730e+04   5.9230021e+03
   9.4300000e+02  -1.9022719e+04   4.6972076e+03
   9.4400000e+02   4.6670316e+03   1.1911362e+04
   9.4500000e+02   1.3606343e+04   2.2964835e+04
   9.4600000e+02  -9.3714595e+03   2.5959431e+04
   9.4700000e+02  -2.8849191e+04   1.7408447e+04
   9.4800000e+02  -6.0544568e+03   7.6419584e+03
   9.4900000e+02   2.7781630e+04   2.5372236e+03
   9.5000000e+02   2.0651985e+04   1.4159597e+04
   9.5100000e+02  -4.7171933e+03   3.1615603e+04
   9.5200000e+02  -4.7533292e+02   2.3792284e+04
   9.5300000e+02   1.9822926e+04   5.9888922e+03
   9.5400000e+02   1.5814209e+04   4.6535797e+03
   9.5500000e+02   8.8854803e+02   1.2070317e+04
   9.5600000e+02   9.6898826e+03   2.2913130e+04
   9.5700000e+02   2.7593226e+04   3.2943004e+04
   9.5800000e+02   2.9618576e+04   2.1734266e+04
   9.5900000e+02   1.2870672e+04  -6.2009293e+03
   9.6000000e+02  -4.7839497e+03  -6.9385717e+03
   9.6100000e+02   7.9147570e+03   2.2531497e+04
   9.6200000e+02   3.6338122e+04   3.2746890e+04
   9.6300000e+02   4.4748807e+04   1.5817355e+04
   9.6400000e+02   3.2526677e+04   1.9957444e+02
   9.6500000e+02   5.2509382e+03  -4.9571995e+03
   9.6600000e+02  -1.1721795e+04   9.6887302e+02
   9.6700000e+02   8.6772668e+03   1.4331714e+04
   9.6800000e+02   2.4455072e+04   1.5195634e+04
   9.6900000e+02   3.6933379e+03  -8.2184867e+03
   9.7000000e+02   3.8030592e+02  -2.4358477e+04
   9.7100000e+02   3.0185376e+04  -3.6588414e+03
   9.7200000e+02   2.6980737e+04   2.3564170e+04
   9.7300000e+02  -1.0217879e+04   1.8092706e+04
   9.7400000e+02  -1.6047608e+04  -9.0295945e+03
   9.7500000e+02   1.1444373e+04  -1.6349351e+04
   9.7600000e+02   2.5630265e+04   5.4713576e+03
   9.7700000e+02   1.4364929e+04   1.9017759e+04
   9.7800000e+02   5.4229004e+03   5.5815229e+03
   9.7900000e+02   1.6593643e+04  -1.4998775e+04
   9.8000000e+02   2.6323486e+04  -2.1783986e+04
   9.8100000e+02   1.1571331e+04  -1.4162984e+04
   9.8200000e+02  -1.1838283e+04  -1.2988689e+04
   9.8300000e+02  -1.5264136e+04  -2.5815271e+04
   9.8400000e+02  -2.6160548e+02  -3.4403085e+04
   9.8500000e+02   1.5190082e+04  -2.7151517e+04
   9.8600000e+02   1.4601847e+04  -7.0744842e+03
   9.8700000e+02  -1.4616246e+04   9.7504089e+03
   9.8800000e+02  -4.2106676e+04  -4.5696081e+02
   9.8900000e+02  -2.4440817e+04  -2.7625254e+04
   9.9000000e+02   1.2515197e+04  -3.0223313e+04
   9.9100000e+02   1.1657479e+04  -5.8445617e+03
   9.9200000e+02  -2.5733074e+04   1.3362978e+04
   9.9300000e+02  -4.0129296e+04   1.1645000e+04
   9.9400000e+02  -3.3038144e+03  -1.4578940e+04
   9.9500000e+02   2.8662859e+04  -3.9028249e+04
   9.9600000e+02   7.1779575e+03  -2.6629707e+04
   9.9700000e+02  -2.7841955e+04  -6.0411892e+03
   9.9800000e+02  -2.5690022e+04  -1.3167088e+04
   9.9900000e+02  -2.5654866e+03  -2.4708192e+04
   1.0000000e+03   3.5908961e+03  -2.3430095e+04
   1.0010000e+03  -1.3238732e+04  -1.7676551e+04
   1.0020000e+03  -2.8806112e+04  -1.8954557e+03
   1.0030000e+03  -2.2075442e+04   9.9476171e+03
   1.0040000e+03  -1.1976743e+04  -4.5896960e+03
   1.0050000e+03  -1.7037603e+04  -1.8986329e+04
   1.0060000e+03  -1.7957015e+04  -1.9019420e+04
   1.0070000e+03  -1.2157311e+04  -1.9580973e+04
   1.0080000e+03  -1.7096147e+04  -4.5425882e+03
   1.0090000e+03  -2.5713171e+04   1.5297119e+04
   1.0100000e+03  -2.3956328e+04   2.4309713e+03
   1.0110000e+03  -1.3414929e+04  -1.8009093e+04
   1.0120000e+03  -3.9582177e+03  -7.6100510e+03
   1.0130000e+03  -7.6133447e+03   1.5190500e+04
   1.0140000e+03  -2.1018955e+04   1.8449219e+04
   1.0150000e+03  -1.5097175e+04   5.8146457e+03
   1.0160000e+03   8.4627455e+03   3.7034260e+02
   1.0170000e+03   8.9198080e+03   8.0380861e+03
   1.0180000e+03  -4.7127663e+03   1.4891179e+04
   1.0190000e+03  -4.5862865e+03   1.2816902e+04
   1.0200000e+03  -9.1216597e+03   1.0642928e+04
   1.0210000e+03  -1.6021486e+04   9.4454131e+03
   1.0220000e+03  -3.3759121e+03   2.2370381e+03
   1.0230000e+03   8.9461078e+03  -4.1981271e+03
   1.0240000e+03  -6.9097595e+02  -1.0152858e+03
   1.0250000e+03  -1.7125846e+04   1.0859535e+04
   1.0260000e+03  -2.0539836e+04   1.2665748e+04
   1.0270000e+03  -6.7316703e+03  -3.8801251e+03
   1.0280000e+03   1.5721466e+04  -4.6105632e+03
   1.0290000e+03   2.0759829e+04   1.9339879e+04
   1.0300000e+03  -1.6549080e+02   3.0794185e+04
   1.0310000e+03  -1.1855051e+04   2.3494545e+04
   1.0320000e+03   7.1731076e+03   2.4774743e+04
   1.0330000e+03   3.1294921e+04   3.6743579e+04
   1.0340000e+03   2.8099416e+04   3.2498220e+04
   1.0350000e+03   9.0180726e+03   1.2780260e+04
   1.0360000e+03   1.2665211e+04   6.4675215e+03
   1.0370000e+03   2.9929758e+04   1.6324592e+04
   1.0380000e+03   2.8751300e+04   2.5483034e+04
   1.0390000e+03   1.5128097e+04   2.1634101e+04
   1.0400000e+03  -1.9667658e+02   5.3791396e+03
   1.0410000e+03  -5.1156919e+03  -4.9055256e+03
   1.0420000e+03   1.8052174e+04  -1.5869102e+03
   1.0430000e+03   3.6860565e+04   2.1449938e+03
   1.0440000e+03   1.5605686e+04   1.2650732e+03
   1.0450000e+03  -1.6687329e+03  -1.4196816e+03
   1.0460000e+03   1.3990499e+04  -8.8863366e+03
   1.0470000e+03   1.6255283e+04  -6.1050226e+03
   1.0480000e+03   3.5909917e+03   1.8094931e+04
   1.0490000e+03   1.3378287e+04   2.8415404e+04
   1.0500000e+03   2.4762523e+04   6.4991662e+03
   1.0510000e+03   1.5029055e+04  -1.5177715e+04
   1.0520000e+03   3.1117807e+03  -1.1224509e+04
   1.0530000e+03   7.6282785e+03   1.0214713e+04
   1.0540000e+03   2.5541455e+04   2.0822746e+04
   1.0550000e+03   2.3467505e+04   1.4415187e+04
   1.0560000e+03  -1.0157182e+04   4.4234494e+03
   1.0570000e+03  -2.2820286e+04  -1.1499250e+04
   1.0580000e+03   8.0724435e+03  -2.4183406e+04
   1.0590000e+03   3.1675652e+04  -1.5277893e+04
   1.0600000e+03   2.2960079e+04   5.2638837e+03
   1.0610000e+03   3.8685801e+03   3.7864689e+03
   1.0620000e+03  -8.8675763e+03  -2.8319664e+04
   1.0630000e+03  -5.5420264e+03  -4.2455311e+04
   1.0640000e+03   5.9035967e+02  -1.5291232e+04
   1.0650000e+03  -8.7383557e+03   4.6180972e+03
   1.0660000e+03  -1.1999273e+04  -1.0992501e+04
   1.0670000e+03   2.1634543e+03  -2.9771383e+04
   1.0680000e+03   1.3134048e+04  -2.0458205e+04
   1.0690000e+03   9.2742641e+03   3.0388816e+03
   1.0700000e+03  -1.2256965e+04   1.0988197e+04
   1.0710000e+03  -3.1778608e+04  -6.7262497e+03
   1.0720000e+03  -1.7268529e+04  -3.1450459e+04
   1.0730000e+03   9.0085712e+03  -2.4526166e+04
   1.0740000e+03   2.4839700e+01   5.4023671e+03
   1.0750000e+03  -2.7184603e+04   4.8767292e+03
   1.0760000e+03  -2.5188472e+04  -2.3785579e+04
   1.0770000e+03   4.2166775e+03  -3.4641765e+04
   1.0780000e+03   2.0518496e+04  -2.2800034e+04
   1.0790000e+03  -4.0630031e+03  -1.4263139e+04
   1.0800000e+03  -3.8904446e+04  -1.3504993e+04
   1.0810000e+03  -2.9351624e+04  -1.3045745e+04
   1.0820000e+03  -6.6399633e+02  -1.2340035e+04
   1.0830000e+03  -1.1874206e+04  -8.1333804e+03
   1.0840000e+03  -3.6935997e+04  -5.1716994e+03
   1.0850000e+03  -2.8563283e+04  -4.6080930e+03
   1.0860000e+03  -9.2972287e+03  -8.6651380e+02
   1.0870000e+03  -1.2091603e+04  -4.5167481e+03
   1.0880000e+03  -2.5614492e+04  -9.5358710e+03
   1.0890000e+03  -2.4322529e+04  -1.0413955e+03
   1.0900000e+03  -4.8738290e+03   6.5891290e+03
   1.0910000e+03   3.0608106e+03   2.9882187e+03
   1.0920000e+03  -1.4747609e+04  -6.0965894e+03
   1.0930000e+03  -2.2040376e+04  -1.1734674e+04
   1.0940000e+03  -4.4252465e+03  -3.0122065e+03
   1.0950000e+03   5.4224639e+03   1.4288109e+04
   1.0960000e+03  -4.1251507e+03   1.9144238e+04
   1.0970000e+03  -1.1859084e+04   5.9640794e+03
   1.0980000e+03  -4.2138706e+03  -1.5620434e+03
   1.0990000e+03   3.4668390e+01   1.1543654e+04
   1.1000000e+03  -1.4008862e+04   1.9085261e+04
   1.1010000e+03  -1.7663204e+04   3.7038111e+03
   1.1020000e+03   4.4293309e+03  -5.9792306e+03
   1.1030000e+03   1.9914277e+04   9.0900866e+03
   1.1040000e+03   9.2053232e+03   2.4501860e+04
   1.1050000e+03  -9.0639187e+03   1.7398316e+04
   1.1060000e+03  -1.6120996e+04   2.7905422e+03
   1.1070000e+03  -9.4669191e+03   7.9295179e+03
   1.1080000e+03   4.2462642e+03   1.8700683e+04
   1.1090000e+03   7.6492725e+03   8.2705330e+03
   1.1100000e+03  -6.0921995e+02   9.5152813e+02
   1.1110000e+03   1.9541314e+03   1.3774832e+04
   1.1120000e+03   1.3506175e+04   2.6043875e+04
   1.1130000e+03   1.5542693e+04   2.9931828e+04
   1.1140000e+03   9.8529445e+03   1.3165597e+04
   1.1150000e+03   5.3582651e+03  -1.3181497e+04
   1.1160000e+03   1.3257724e+04  -4.9276459e+02
   1.1170000e+03   3.4696187e+04   3.6614555e+04
   1.1180000e+03   3.3814210e+04   3.8565001e+04
   1.1190000e+03  -9.5090741e+02   7.3761236e+03
   1.1200000e+03  -9.1759683e+03  -6.2052710e+03
   1.1210000e+03   2.6314692e+04   1.1175063e+04
   1.1220000e+03   4.2558989e+04   2.0082344e+04
   1.1230000e+03   2.4286544e+04   7.7519837e+03
   1.1240000e+03   4.7425806e+03   2.8620259e+03
   1.1250000e+03  -2.3600374e+02   4.5508114e+03
   1.1260000e+03   1.2772319e+04  -4.6461781e+03
   1.1270000e+03   2.3186986e+04  -2.9951248e+03
   1.1280000e+03   1.5458523e+04   1.7615717e+04
   1.1290000e+03   5.7226954e+03   1.4429736e+04
   1.1300000e+03   3.3140117e+03  -1.1597024e+04
   1.1310000e+03   5.1912765e+03  -1.3926273e+04
   1.1320000e+03   4.6340305e+03   2.0195278e+03
   1.1330000e+03   1.8190606e+03   9.6976756e+03
   1.1340000e+03   7.3129281e+03   9.0554623e+03
   1.1350000e+03   1.4565525e+04   1.6974731e+03
   1.1360000e+03   1.1767878e+04  -6.0355222e+03
   1.1370000e+03   8.9340314e+03  -3.9383066e+03
   1.1380000e+03   2.1092603e+04   1.5643187e+03
   1.1390000e+03   3.4723925e+04  -7.0856665e+02
   1.1400000e+03   2.1101677e+04  -7.3131225e+03
   1.1410000e+03  -5.4819261e+03  -1.2414851e+04
   1.1420000e+03  -8.1459528e+03  -1.5046357e+04
   1.1430000e+03   4.6201649e+03  -1.3931682e+04
   1.1440000e+03   2.4620731e+03  -1.2881084e+04
   1.1450000e+03  -1.3311604e+04  -1.2714197e+04
   1.1460000e+03  -1.6833775e+04  -1.3832779e+04
   1.1470000e+03  -8.1628318e+02  -1.8643174e+04
   1.1480000e+03   3.8894910e+03  -2.0006554e+04
   1.1490000e+03  -1.9168633e+04  -1.7357463e+04
   1.1500000e+03  -3.1712478e+04  -1.4037831e+04
   1.1510000e+03  -1.2604626e+04  -6.3708947e+03
   1.1520000e+03   2.3812722e+02   1.2045103e+03
   1.1530000e+03  -9.6435607e+03  -4.8269208e+03
   1.1540000e+03  -1.2622700e+04  -2.2214715e+04
   1.1550000e+03  -6.3720786e+02  -1.8736282e+04
   1.1560000e+03   3.5792654e+03   3.0290296e+03
   1.1570000e+03  -7.6229958e+03   1.7517028e+02
   1.1580000e+03  -1.7169451e+04  -1.5797599e+04
   1.1590000e+03  -1.0451051e+04  -1.4934749e+04
   1.1600000e+03   3.7963790e+03  -6.7528883e+03
   1.1610000e+03   1.8148589e+03  -7.1961693e+03
   1.1620000e+03  -1.8034413e+04  -2.1377730e+04
   1.1630000e+03  -2.9161033e+04  -2.4444103e+04
   1.1640000e+03  -2.0345035e+04  -7.2895123e+03
   1.1650000e+03  -9.1559811e+03  -5.7143821e+03
   1.1660000e+03  -1.5521774e+04  -1.5579862e+04
   1.1670000e+03  -2.9953020e+04  -8.5103836e+03
   1.1680000e+03  -2.8441357e+04   4.5412311e+02
   1.1690000e+03  -2.1750332e+04  -8.0028339e+02
   1.1700000e+03  -1.6816419e+04   1.9401780e+03
   1.1710000e+03   7.7521997e+02   2.1606284e+03
   1.1720000e+03   9.2118709e+03  -9.8418087e+03
   1.1730000e+03  -5.2386617e+03  -9.2563182e+03
   1.1740000e+03  -1.9211105e+04   8.8430687e+03
   1.1750000e+03  -2.4176491e+04   1.2633173e+04
   1.1760000e+03  -1.5557188e+04  -2.0367604e+03
   1.1770000e+03   3.2722369e+03  -8.1803776e+03
   1.1780000e+03   1.8452962e+03   3.3100321e+03
   1.1790000e+03  -2.1570816e+04   8.6999210e+03
   1.1800000e+03  -2.4826553e+04  -1.3007521e+03
   1.1810000e+03   2.1440859e+03  -3.8306620e+03
   1.1820000e+03   1.8468157e+04   6.0404053e+03
   1.1830000e+03   4.6217339e+03   1.6701594e+04
   1.1840000e+03  -1.6057692e+04   2.3516413e+04
   1.1850000e+03  -1.4054188e+04   2.1234764e+04
   1.1860000e+03   1.3957713e+04   1.0061119e+04
   1.1870000e+03   2.9301140e+04   6.0689862e+02
   1.1880000e+03   1.0360398e+04   4.9433435e+03
   1.1890000e+03  -4.1757745e+03   1.6543037e+04
   1.1900000e+03   8.9525920e+03   1.9308442e+04
   1.1910000e+03   1.7189003e+04   1.6124915e+04
   1.1920000e+03   2.1311461e+03   1.4142908e+04
   1.1930000e+03  -8.8441138e+03   9.9685497e+03
   1.1940000e+03   3.9740002e+03   4.1703889e+02
   1.1950000e+03   2.4660690e+04   9.2278617e+02
   1.1960000e+03   2.5591945e+04   2.7005743e+04
   1.1970000e+03   4.5812495e+03   4.2794849e+04
   1.1980000e+03  -4.7174801e+03   1.4262897e+04
   1.1990000e+03   9.6974756e+03  -1.2875835e+04
   1.2000000e+03   1.9989046e+04   7.0566314e+03
   1.2010000e+03   1.8595479e+04   3.8399214e+04
   1.2020000e+03   1.6035036e+04   3.8696572e+04
   1.2030000e+03   5.5135321e+03   1.8224449e+04
   1.2040000e+03  -7.3580742e+03  -6.2527561e+03
   1.2050000e+03   5.9526019e+03  -1.6527407e+04
   1.2060000e+03   3.4144568e+04   6.8501474e+03
   1.2070000e+03   3.3698688e+04   3.1566861e+04
   1.2080000e+03   1.3778398e+04   1.8487281e+04
   1.2090000e+03   1.0955858e+04  -8.2333927e+03
   1.2100000e+03   2.2781800e+04  -1.3388606e+04
   1.2110000e+03   2.7380253e+04  -9.2569033e+02
   1.2120000e+03   1.7203452e+04   1.0342870e+04
   1.2130000e+03   6.2126794e+03   7.0998916e+03
   1.2140000e+03   5.0353882e+03  -7.1634538e+03
   1.2150000e+03   1.3725665e+04  -9.3862276e+03
   1.2160000e+03   2.5390465e+04  -2.1338245e+02
   1.2170000e+03   1.1473142e+04  -7.8397710e+01
   1.2180000e+03  -1.9990451e+04   1.6010330e+03
   1.2190000e+03  -2.0434728e+04   6.5428325e+03
   1.2200000e+03   1.4211455e+03  -6.3941270e+03
   1.2210000e+03   1.0706244e+04  -2.1997246e+04
   1.2220000e+03   1.2666170e+04  -1.7498320e+04
   1.2230000e+03   9.9165934e+03  -5.7502924e+03
   1.2240000e+03  -4.9861515e+03  -6.3299366e+03
   1.2250000e+03  -1.5322702e+04  -1.7791057e+04
   1.2260000e+03  -8.1011095e+03  -2.0254699e+04
   1.2270000e+03   6.4129657e+03  -9.7830457e+03
   1.2280000e+03   2.0788709e+04  -1.1536819e+04
   1.2290000e+03   1.7847630e+04  -2.4883361e+04
   1.2300000e+03  -7.9517523e+03  -1.6559999e+04
   1.2310000e+03  -1.4088707e+04  -7.8182251e+02
   1.2320000e+03   3.7905543e+03  -1.2325986e+04
   1.2330000e+03  -2.5988290e+01  -2.4311481e+04
   1.2340000e+03  -2.0775000e+04  -1.6783502e+04
   1.2350000e+03  -2.9085351e+04  -1.6324314e+04
   1.2360000e+03  -2.3535732e+04  -2.3819879e+04
   1.2370000e+03  -1.1899813e+04  -2.0664599e+04
   1.2380000e+03  -1.0473013e+04  -8.6562250e+03
   1.2390000e+03  -2.6130371e+04  -2.0038027e+03
   1.2400000e+03  -3.5185447e+04  -1.0905699e+04
   1.2410000e+03  -2.4935265e+04  -2.5079761e+04
   1.2420000e+03  -1.5709634e+04  -1.9275878e+04
   1.2430000e+03  -1.6236779e+04   5.2044054e+03
   1.2440000e+03  -1.8406741e+04   1.0166172e+04
   1.2450000e+03  -2.3158513e+04  -1.2340328e+04
   1.2460000e+03  -2.0140090e+04  -2.4656236e+04
   1.2470000e+03  -1.9792413e+03  -1.5329954e+04
   1.2480000e+03   9.1293334e+03  -5.7419020e+03
   1.2490000e+03   7.1635434e+02  -7.4497567e+03
   1.2500000e+03  -1.6489817e+04  -1.2924796e+04
   1.2510000e+03  -2.2691871e+04  -1.1004987e+04
   1.2520000e+03  -4.8122710e+03  -1.4812077e+03
   1.2530000e+03   9.0872092e+03   9.4117506e+03
   1.2540000e+03  -6.4062367e+03   1.0619127e+04
   1.2550000e+03  -2.3356640e+04   5.0389054e+02
   1.2560000e+03  -2.4354955e+04  -2.0410171e+03
   1.2570000e+03  -2.1925224e+04   1.4075820e+04
   1.2580000e+03  -1.0045638e+04   3.2787469e+04
   1.2590000e+03   4.8213821e+03   2.6272016e+04
   1.2600000e+03  -4.5175652e+03   2.5664655e+03
   1.2610000e+03  -1.7655412e+04  -3.1290370e+03
   1.2620000e+03  -5.1543604e+02   1.9341233e+03
   1.2630000e+03   1.9221269e+04   1.0868725e+03
   1.2640000e+03   1.4713719e+04   8.8777274e+03
   1.2650000e+03   7.1194067e+03   2.0354760e+04
   1.2660000e+03   5.5874967e+03   1.8485505e+04
   1.2670000e+03   3.2131892e+03   9.2160703e+03
   1.2680000e+03   1.0989147e+03   3.9730213e+03
   1.2690000e+03   2.5978402e+02   1.2532746e+04
   1.2700000e+03   7.0829378e+03   3.2550188e+04
   1.2710000e+03   1.4551129e+04   3.2884529e+04
   1.2720000e+03   7.6584656e+03   3.8822471e+03
   1.2730000e+03  -1.2819510e+03  -6.7973018e+03
   1.2740000e+03   2.1060701e+03   2.6157865e+04
   1.2750000e+03   8.4768149e+03   5.3266257e+04
   1.2760000e+03   2.8601941e+03   2.9131965e+04
   1.2770000e+03   8.1923499e+02  -9.5304291e+03
   1.2780000e+03   2.8272392e+04  -5.9408997e+03
   1.2790000e+03   4.6956328e+04   1.5800326e+04
   1.2800000e+03   1.8432313e+04   1.1032733e+04
   1.2810000e+03  -3.4790911e+03  -6.5786015e+02
   1.2820000e+03   2.1461059e+04   7.3187635e+03
   1.2830000e+03   3.9592128e+04   2.1638019e+04
   1.2840000e+03   1.4006254e+04   1.5821745e+04
   1.2850000e+03  -7.7039217e+03  -6.2000098e+03
   1.2860000e+03   7.7755482e+03  -1.1252390e+04
   1.2870000e+03   2.5955229e+04   3.2464142e+03
   1.2880000e+03   1.6492781e+04   1.5501114e+04
   1.2890000e+03  -7.5601434e+03   1.5975037e+04
   1.2900000e+03  -7.5455419e+03   2.2928130e+03
   1.2910000e+03   2.3140288e+04  -7.6459376e+03
   1.2920000e+03   3.0969113e+04   1.2268172e+03
   1.2930000e+03   2.2892789e+03   7.7178885e+03
   1.2940000e+03  -4.7364029e+03  -4.1246425e+02
   1.2950000e+03   1.8278637e+04  -4.9396391e+03
   1.2960000e+03   1.9842906e+04  -9.0118250e+02
   1.2970000e+03   8.2145158e+03  -3.7960333e+03
   1.2980000e+03   2.1478867e+04  -1.0035292e+04
   1.2990000e+03   2.6112039e+04  -1.2464821e+03
   1.3000000e+03  -3.5713163e+02   7.9280328e+03
   1.3010000e+03  -1.7131062e+04  -9.2680189e+03
   1.3020000e+03  -7.6765006e+03  -3.3353885e+04
   1.3030000e+03   1.0558058e+04  -3.4221329e+04
   1.3040000e+03   6.0798889e+03  -1.6282106e+04
   1.3050000e+03  -2.8612544e+04   5.9251059e+03
   1.3060000e+03  -4.0022905e+04   5.5939882e+03
   1.3070000e+03  -9.3070519e+03  -2.8789010e+04
   1.3080000e+03   1.5287159e+04  -4.3763940e+04
   1.3090000e+03   6.3080318e+03  -9.3829948e+03
   1.3100000e+03  -1.8035083e+04   1.7044412e+04
   1.3110000e+03  -2.1451077e+04  -2.9287545e+03
   1.3120000e+03   1.9263357e+03  -2.9710891e+04
   1.3130000e+03   1.7650657e+04  -2.4751579e+04
   1.3140000e+03   9.9023844e+03  -5.8741372e+03
   1.3150000e+03  -5.7577896e+03  -4.0473636e+03
   1.3160000e+03  -1.9910786e+04  -1.9242726e+04
   1.3170000e+03  -2.9394428e+04  -3.0047305e+04
   1.3180000e+03  -2.0912746e+04  -2.3411054e+04
   1.3190000e+03   6.7223919e+02  -1.0690842e+04
   1.3200000e+03   2.2876621e+03  -5.0812744e+03
   1.3210000e+03  -2.0016782e+04  -7.4738517e+03
   1.3220000e+03  -3.2068707e+04  -1.2951285e+04
   1.3230000e+03  -2.3178873e+04  -1.2317618e+04
   1.3240000e+03  -1.2513799e+04  -8.4581991e+03
   1.3250000e+03  -9.3395781e+03  -2.9182338e+03
   1.3260000e+03  -1.2104547e+04   8.5050180e+03
   1.3270000e+03  -1.3049008e+04   3.1357996e+03
   1.3280000e+03  -3.4644721e+03  -2.0412458e+04
   1.3290000e+03   1.5641267e+03  -1.5021672e+04
   1.3300000e+03  -1.4021453e+04   2.0074278e+04
   1.3310000e+03  -3.3982257e+04   2.6310053e+04
   1.3320000e+03  -3.1472362e+04  -5.5844166e+03
   1.3330000e+03  -9.9758001e+03  -2.1693687e+04
   1.3340000e+03  -5.1625678e+03   9.4681920e+02
   1.3350000e+03  -1.5265553e+04   2.4162663e+04
   1.3360000e+03  -5.2659179e+03   1.1863823e+04
   1.3370000e+03   6.0182296e+03  -1.0656841e+04
   1.3380000e+03  -1.0311348e+04  -2.5875422e+03
   1.3390000e+03  -2.6974945e+04   1.0961718e+04
   1.3400000e+03  -1.2064829e+04  -1.1768624e+03
   1.3410000e+03   2.2417243e+04  -9.0864857e+03
   1.3420000e+03   3.1652653e+04   6.6846399e+03
   1.3430000e+03   2.1840191e+03   2.0002543e+04
   1.3440000e+03  -1.7869433e+04   1.5205990e+04
   1.3450000e+03   1.5454384e+03   9.6057460e+03
   1.3460000e+03   2.1984874e+04   1.3686514e+04
   1.3470000e+03   9.8621065e+03   1.4891278e+04
   1.3480000e+03  -1.1767020e+04   1.0945761e+04
   1.3490000e+03  -1.8304121e+04   1.0652760e+04
   1.3500000e+03  -9.4211934e+03   1.6260079e+04
   1.3510000e+03   1.0344682e+04   2.1519780e+04
   1.3520000e+03   1.9039631e+04   1.6225369e+04
   1.3530000e+03   5.7610893e+03   6.4118665e+03
   1.3540000e+03   3.6100337e+02   4.5036936e+03
   1.3550000e+03   1.5676335e+04   8.0040845e+03
   1.3560000e+03   2.2995169e+04   1.2406771e+04
   1.3570000e+03   1.4267665e+04   1.6627189e+04
   1.3580000e+03   1.2254653e+04   1.5615546e+04
   1.3590000e+03   1.9313932e+04   1.3255735e+04
   1.3600000e+03   2.5280962e+04   2.5746988e+04
   1.3610000e+03   2.7155406e+04   3.6253769e+04
   1.3620000e+03   1.9718178e+04   1.3355377e+04
   1.3630000e+03   7.3297326e+03  -1.2673956e+04
   1.3640000e+03  -5.7621795e+02  -1.7142580e+03
   1.3650000e+03   3.5453591e+03   2.7660492e+04
   1.3660000e+03   1.8699227e+04   3.4964740e+04
   1.3670000e+03   2.3494346e+04   4.9457327e+03
   1.3680000e+03   1.1983341e+04  -2.4432968e+04
   1.3690000e+03  -5.0101399e+02  -1.4811038e+04
   1.3700000e+03  -4.3464310e+03   7.6602203e+03
   1.3710000e+03   6.8879379e+03   5.1649702e+03
   1.3720000e+03   2.3806930e+04  -1.6473895e+04
   1.3730000e+03   2.4649656e+04  -2.1248812e+04
   1.3740000e+03   8.9476207e+03   4.0681546e+03
   1.3750000e+03   3.2939169e+03   2.0973079e+04
   1.3760000e+03   1.6189507e+04   2.8960881e+03
   1.3770000e+03   1.9942369e+04  -2.0344084e+04
   1.3780000e+03   1.2171617e+04  -1.2828239e+04
   1.3790000e+03   9.2440897e+03   1.4074939e+04
   1.3800000e+03   3.4748848e+03   1.7048243e+04
   1.3810000e+03  -1.7917258e+03  -1.1918123e+04
   1.3820000e+03   9.3449600e+02  -2.7977243e+04
   1.3830000e+03   5.0956468e+03  -7.2540408e+03
   1.3840000e+03   8.3654903e+03   1.2330915e+04
   1.3850000e+03   1.7112328e+03  -2.3327216e+03
   1.3860000e+03  -1.4056179e+04  -3.0803561e+04
   1.3870000e+03  -1.8861516e+04  -3.8363538e+04
   1.3880000e+03  -9.5121897e+03  -1.9343647e+04
   1.3890000e+03   8.0149131e+02  -1.7400042e+03
   1.3900000e+03  -4.0151097e+02  -7.1862779e+03
   1.3910000e+03  -1.7261651e+04  -1.8115328e+04
   1.3920000e+03  -2.8002391e+04  -1.8583542e+04
   1.3930000e+03  -1.2471331e+04  -2.0626527e+04
   1.3940000e+03   1.6301888e+03  -2.5406089e+04
   1.3950000e+03  -1.1952877e+04  -1.6615838e+04
   1.3960000e+03  -2.5526304e+04  -1.3545511e+02
   1.3970000e+03  -1.3911875e+04   3.5222496e+02
   1.3980000e+03   6.1543167e+03  -1.6011282e+04
   1.3990000e+03   7.9971369e+03  -2.7164721e+04
   1.4000000e+03  -1.3938813e+04  -1.7935147e+04
   1.4010000e+03  -3.4080548e+04  -4.4425135e+03
   1.4020000e+03  -2.5643821e+04  -1.3304397e+04
   1.4030000e+03  -5.6017205e+03  -2.6323123e+04
   1.4040000e+03  -8.3138060e+03  -1.1416152e+04
   1.4050000e+03  -2.3411124e+04   1.0342639e+04
   1.4060000e+03  -2.8171951e+04   4.5568840e+03
   1.4070000e+03  -2.8054945e+04  -1.7008404e+04
   1.4080000e+03  -1.7122352e+04  -1.9512180e+04
   1.4090000e+03  -4.7084103e+02   3.1089551e+03
   1.4100000e+03  -4.3552130e+03   1.8273759e+04
   1.4110000e+03  -1.1872165e+04   5.2535231e+03
   1.4120000e+03  -8.4725483e+03  -8.1776390e+03
   1.4130000e+03  -1.5215694e+04   1.4404505e+03
   1.4140000e+03  -1.7052180e+04   1.2036365e+04
   1.4150000e+03   4.5730824e+03   6.7902177e+03
   1.4160000e+03   1.4130027e+04  -2.8141744e+03
   1.4170000e+03  -8.3532151e+03  -2.5426796e+03
   1.4180000e+03  -2.9779788e+04   1.4491783e+04
   1.4190000e+03  -2.3092890e+04   2.6240001e+04
   1.4200000e+03   2.1943415e+03   9.3712608e+03
   1.4210000e+03   1.5846493e+04  -6.8934780e+03
   1.4220000e+03   6.2610222e+03   2.1416073e+03
   1.4230000e+03  -2.0785700e+03   1.2972547e+04
   1.4240000e+03  -3.4772426e+03   1.5060643e+04
   1.4250000e+03  -7.4518145e+03   1.2183342e+04
   1.4260000e+03   6.5530972e+03  -3.5923527e+03
   1.4270000e+03   2.9200792e+04  -8.9665694e+03
   1.4280000e+03   1.8907668e+04   1.6669322e+04
   1.4290000e+03  -5.5905436e+03   3.1927492e+04
   1.4300000e+03   2.8121497e+03   1.2388018e+04
   1.4310000e+03   3.0254778e+04  -2.7864071e+03
   1.4320000e+03   2.8732423e+04   1.3692908e+04
   1.4330000e+03  -5.1316939e+03   3.6828872e+04
   1.4340000e+03  -2.1854341e+04   3.3451766e+04
   1.4350000e+03   8.1790415e+03   1.3531663e+04
   1.4360000e+03   3.8874856e+04   3.5349451e+03
   1.4370000e+03   1.9186606e+04   3.8669117e+03
   1.4380000e+03  -1.2877610e+04   7.5985092e+03
   1.4390000e+03  -1.2883154e+03   1.0159466e+04
   1.4400000e+03   2.6864406e+04   8.7231409e+03
   1.4410000e+03   2.2800396e+04   8.5797365e+03
   1.4420000e+03   8.2069573e+02   1.0349442e+04
   1.4430000e+03  -1.1417102e+03   8.3692195e+03
   1.4440000e+03   1.8094236e+04   2.8298603e+03
   1.4450000e+03   3.6386877e+04   3.4581163e+03
   1.4460000e+03   3.3798302e+04   1.4783821e+04
   1.4470000e+03   9.7587801e+03   2.4925947e+04
   1.4480000e+03  -1.0174492e+04   2.1774102e+04
   1.4490000e+03  -6.4207715e+03   8.2750218e+03
   1.4500000e+03   1.9869427e+04   2.5810795e+02
   1.4510000e+03   4.2102025e+04   5.1158869e+03
   1.4520000e+03   2.3949659e+04   1.0312349e+04
   1.4530000e+03  -1.4376091e+04   1.6195649e+03
   1.4540000e+03  -2.0448728e+04  -1.6338343e+04
   1.4550000e+03   4.6028042e+03  -1.8315710e+04
   1.4560000e+03   1.8159427e+04  -1.9431709e+03
   1.4570000e+03   3.7255884e+03   1.4370083e+03
   1.4580000e+03  -8.4033131e+03  -1.1802159e+04
   1.4590000e+03   6.6527210e+02  -1.9657996e+04
   1.4600000e+03   9.8790010e+03  -1.7491218e+04
   1.4610000e+03   1.0030166e+04  -1.1261649e+04
   1.4620000e+03   1.2145694e+04  -5.4241738e+03
   1.4630000e+03   1.2880343e+04  -1.3291026e+03
   1.4640000e+03   2.9947564e+03  -4.7274367e+03
   1.4650000e+03  -6.6176142e+03  -2.0377730e+04
   1.4660000e+03  -6.5605744e+03  -2.6580231e+04
   1.4670000e+03  -5.3871813e+03  -7.9338891e+03
   1.4680000e+03  -5.9201740e+03   7.1384180e+01
   1.4690000e+03  -1.5565213e+04  -2.2372990e+04
   1.4700000e+03  -2.9095130e+04  -3.0302800e+04
   1.4710000e+03  -1.5383050e+04  -4.3364940e+03
   1.4720000e+03   7.2957967e+03   1.3721857e+04
   1.4730000e+03  -1.8281387e+03  -2.3992361e+03
   1.4740000e+03  -2.1959750e+04  -3.0356850e+04
   1.4750000e+03  -2.6230277e+04  -2.7722651e+04
   1.4760000e+03  -2.2036642e+04   6.5445088e+03
   1.4770000e+03  -4.5961920e+03   2.0548442e+04
   1.4780000e+03   2.2555812e+04  -1.0614133e+04
   1.4790000e+03   1.5740776e+04  -4.8939416e+04
   1.4800000e+03  -2.5188796e+04  -5.1460141e+04
   1.4810000e+03  -4.0478866e+04  -2.8751144e+04
   1.4820000e+03  -2.0877598e+04  -8.3383295e+03
   1.4830000e+03   3.0360215e+02   8.6110166e+03
   1.4840000e+03   7.2317287e+03   8.4923535e+03
   1.4850000e+03  -6.2576841e+03  -1.2009530e+04
   1.4860000e+03  -2.0111494e+04  -1.8800340e+04
   1.4870000e+03  -1.4466407e+04  -7.2367397e+03
   1.4880000e+03  -5.6886889e+03   1.8457126e+02
   1.4890000e+03  -2.4718333e+03   7.8916758e+03
   1.4900000e+03  -4.2176550e+03   2.5715729e+04
   1.4910000e+03  -1.9033207e+04   2.5511815e+04
   1.4920000e+03  -3.1839058e+04  -1.0936849e+04
   1.4930000e+03  -2.4496689e+04  -3.2675639e+04
   1.4940000e+03  -1.2753285e+04  -8.7897279e+03
   1.4950000e+03  -9.4440214e+03   1.1032262e+04
   1.4960000e+03  -8.2608914e+03  -7.2752750e+02
   1.4970000e+03  -6.3920765e+03  -4.9498893e+03
   1.4980000e+03  -1.2779842e+03   1.4960811e+04
   1.4990000e+03   3.5117962e+03   1.6720339e+04
   1.5000000e+03   4.5714673e+02  -9.7114382e+03
   1.5010000e+03  -4.8402187e+03  -1.5931370e+04
   1.5020000e+03  -2.5665098e+03   1.1647898e+04
   1.5030000e+03   1.0397488e+04   3.6977694e+04
   1.5040000e+03   2.2155949e+04   3.3360699e+04
   1.5050000e+03   1.5376559e+04   9.3250615e+03
   1.5060000e+03  -6.0905653e+03  -3.5983887e+03
   1.5070000e+03  -1.3087404e+04   8.7200090e+03
   1.5080000e+03   9.4423015e+03   2.5703890e+04
   1.5090000e+03   1.9361565e+04   2.1982452e+04
   1.5100000e+03  -6.7196990e+03   5.9605932e+03
   1.5110000e+03  -1.5441740e+04   5.7754363e+03
   1.5120000e+03   1.2480678e+04   1.9974887e+04
   1.5130000e+03   3.1347481e+04   2.2874789e+04
   1.5140000e+03   1.5294516e+04   6.4417802e+03
   1.5150000e+03  -1.5988322e+04  -4.9581480e+03
   1.5160000e+03  -1.8148883e+04   9.5275483e+03
   1.5170000e+03   1.1545476e+04   2.8527205e+04
   1.5180000e+03   2.5826437e+04   2.1550607e+04
   1.5190000e+03   2.2115807e+04  -2.2722253e+03
   1.5200000e+03   2.8366407e+04  -5.2451456e+03
   1.5210000e+03   2.3553069e+04   2.0353252e+04
   1.5220000e+03  -2.9645326e+03   3.6023167e+04
   1.5230000e+03  -8.2249944e+03   2.5088112e+04
   1.5240000e+03   1.5507913e+04   1.0274820e+04
   1.5250000e+03   3.0467996e+04   1.3441838e+03
   1.5260000e+03   2.4678922e+04  -1.2700076e+03
   1.5270000e+03   1.3581857e+04   1.1913158e+04
   1.5280000e+03   5.0423143e+03   2.4103091e+04
   1.5290000e+03  -8.9468051e+03   5.4974392e+03
   1.5300000e+03  -1.1295900e+04  -1.8433043e+04
   1.5310000e+03   1.8283888e+04  -1.3193672e+04
   1.5320000e+03   3.4663361e+04  -3.4003198e+03
   1.5330000e+03   1.1503569e+04  -4.2855589e+03
   1.5340000e+03  -7.4427517e+03  -3.5063950e+03
   1.5350000e+03  -3.3355079e+03  -9.4191999e+03
   1.5360000e+03   9.6382257e+03  -1.2418225e+04
   1.5370000e+03   2.0766405e+04   7.9199673e+03
   1.5380000e+03   1.7408534e+04   2.0324236e+04
   1.5390000e+03   3.5191257e+03  -2.8674835e+03
   1.5400000e+03   3.3173485e+02  -2.8350415e+04
   1.5410000e+03   5.8189556e+03  -2.4464867e+04
   1.5420000e+03   1.2272680e+03  -3.8533640e+02
   1.5430000e+03  -4.6478604e+02   1.2725773e+04
   1.5440000e+03   9.3118560e+03  -7.6184342e+03
   1.5450000e+03   3.2436483e+03  -3.2917250e+04
   1.5460000e+03  -1.5233002e+04  -2.9035160e+04
   1.5470000e+03  -1.6661106e+04  -1.5655699e+04
   1.5480000e+03  -2.2429856e+03  -1.4972499e+04
   1.5490000e+03   7.1589154e+03  -1.8684038e+04
   1.5500000e+03  -1.8927556e+03  -1.4348580e+04
   1.5510000e+03  -1.7183883e+04  -6.6595481e+03
   1.5520000e+03  -1.3424690e+04  -6.2364663e+03
   1.5530000e+03   3.5373759e+03  -5.3159617e+03
   1.5540000e+03   2.6691766e+03  -4.6211421e+03
   1.5550000e+03  -1.6672074e+04  -1.2886197e+04
   1.5560000e+03  -2.7884570e+04  -1.5648836e+04
   1.5570000e+03  -2.3638254e+04  -8.0719860e+03
   1.5580000e+03  -1.0902295e+04  -7.7096308e+03
   1.5590000e+03  -4.9676883e+03  -1.6535301e+04
   1.5600000e+03  -1.6636098e+04  -1.6062896e+04
   1.5610000e+03  -2.3439291e+04  -6.8128820e+03
   1.5620000e+03  -1.4396750e+04  -7.9880704e+03
   1.5630000e+03  -5.9798433e+03  -1.3812726e+04
   1.5640000e+03   2.8884032e+03  -1.5245535e+04
   1.5650000e+03   1.1470005e+04  -1.4670912e+04
   1.5660000e+03   5.0153250e+01  -3.7209870e+03
   1.5670000e+03  -2.5316509e+04   3.1536366e+03
   1.5680000e+03  -2.5939674e+04  -1.2217277e+04
   1.5690000e+03   3.5358539e+03  -2.0019517e+04
   1.5700000e+03   1.6887887e+04  -4.8325794e+02
   1.5710000e+03  -9.6089071e+03   1.2400299e+04
   1.5720000e+03  -3.9032772e+04  -1.5140193e+03
   1.5730000e+03  -3.1109242e+04  -1.1843719e+04
   1.5740000e+03  -8.2879757e+03  -3.8625784e+02
   1.5750000e+03  -5.9760193e+03   1.3163800e+04
   1.5760000e+03  -5.6469644e+03   1.5468124e+04
   1.5770000e+03  -1.9364910e+03   1.1069818e+04
   1.5780000e+03  -1.2545560e+04   7.0834405e+03
   1.5790000e+03  -1.4356120e+04   1.3780966e+03
   1.5800000e+03   2.7178376e+03  -7.3401353e+03
   1.5810000e+03   9.2931764e+03  -1.0074759e+03
   1.5820000e+03  -7.7257114e+02   1.9240662e+04
   1.5830000e+03  -8.0637766e+03   2.3357054e+04
   1.5840000e+03  -1.7285615e+03   8.8167177e+03
   1.5850000e+03   7.5607685e+03  -6.3467893e+03
   1.5860000e+03  -2.6154939e+02  -5.7564193e+03
   1.5870000e+03  -1.8090664e+04   2.4167477e+04
   1.5880000e+03  -1.6968256e+04   4.5854488e+04
   1.5890000e+03   3.9553827e+03   1.9456356e+04
   1.5900000e+03   2.0929459e+04  -6.3021631e+03
   1.5910000e+03   1.9968361e+04   9.3711381e+03
   1.5920000e+03   7.7561615e+03   3.1425085e+04
   1.5930000e+03   1.0179787e+04   3.0681284e+04
   1.5940000e+03   2.2836530e+04   1.0539921e+04
   1.5950000e+03   1.1162775e+04  -7.5270601e+03
   1.5960000e+03  -6.3089356e+03  -4.2803870e+03
   1.5970000e+03   5.8193051e+03   1.3564998e+04
   1.5980000e+03   2.3689711e+04   3.1264777e+04
   1.5990000e+03   2.0783755e+04   3.1240956e+04
   1.6000000e+03   1.0638373e+04   9.0130842e+03
   1.6010000e+03   5.6805474e+03  -5.5100936e+03
   1.6020000e+03   7.5473507e+03   6.0106050e+03
   1.6030000e+03   2.1913636e+04   1.5629605e+04
   1.6040000e+03   3.2267151e+04   3.1192136e+03
   1.6050000e+03   1.5531820e+04  -2.3532490e+02
   1.6060000e+03  -2.5494896e+03   1.6380757e+04
   1.6070000e+03   5.8814140e+03   1.4666032e+04
   1.6080000e+03   2.0751211e+04  -7.9421124e+03
   1.6090000e+03   2.4745599e+04  -1.8956752e+04
   1.6100000e+03   1.7494242e+04  -1.4624101e+03
   1.6110000e+03  -3.4397224e+03   2.7269850e+04
   1.6120000e+03  -1.6717979e+04   1.9906060e+04
   1.6130000e+03   6.1900966e+02  -1.4602515e+04
   1.6140000e+03   2.3667163e+04  -1.2821727e+04
   1.6150000e+03   2.3421561e+04   1.5953511e+04
   1.6160000e+03   5.5415186e+03   1.3357102e+04
   1.6170000e+03  -1.1943619e+04  -1.4051313e+04
   1.6180000e+03  -3.4197773e+03  -2.3547761e+04
   1.6190000e+03   2.4965218e+04  -1.3867952e+04
   1.6200000e+03   2.4522253e+04  -5.6583678e+03
   1.6210000e+03  -6.7643508e+03  -5.4070268e+03
   1.6220000e+03  -1.7874216e+04  -1.1468138e+04
   1.6230000e+03   5.2764536e+03  -1.7476307e+04
   1.6240000e+03   2.1006295e+04  -1.9394450e+04
   1.6250000e+03   1.7499555e+03  -1.6860042e+04
   1.6260000e+03  -2.2629122e+04  -6.3988491e+03
   1.6270000e+03  -2.0448114e+04   5.0841847e+03
   1.6280000e+03  -5.9298746e+03   2.7605953e+03
   1.6290000e+03   2.2752862e+02  -7.9821780e+03
   1.6300000e+03   3.7536038e+03  -1.1577779e+04
   1.6310000e+03   3.9509138e+03  -1.3108207e+04
   1.6320000e+03  -1.2020769e+04  -1.4574552e+04
   1.6330000e+03  -2.4885491e+04  -8.7315429e+03
   1.6340000e+03  -1.5986898e+04  -7.2042044e+03
   1.6350000e+03  -5.6554707e+03  -1.2390928e+04
   1.6360000e+03  -6.2734885e+03  -1.9432979e+04
   1.6370000e+03  -1.0760818e+04  -2.8986941e+04
   1.6380000e+03  -8.3664147e+03  -2.1980398e+04
   1.6390000e+03   1.7057794e+03  -6.7632717e+03
   1.6400000e+03  -9.5225362e+02  -1.2623831e+04
   1.6410000e+03  -1.5316908e+04  -2.2409724e+04
   1.6420000e+03  -1.8027706e+04  -1.9716237e+04
   1.6430000e+03  -1.0283299e+04  -1.4799009e+04
   1.6440000e+03  -8.5658551e+03  -4.7171455e+03
   1.6450000e+03  -1.4989040e+04   6.4510947e+03
   1.6460000e+03  -1.7863914e+04  -4.0311924e+03
   1.6470000e+03  -1.3112514e+04  -2.5715155e+04
   1.6480000e+03  -8.9215260e+03  -2.0864671e+04
   1.6490000e+03  -1.4394095e+04   1.2992947e+03
   1.6500000e+03  -2.2374875e+04   6.2276081e+03
   1.6510000e+03  -1.0711323e+04  -6.6076935e+03
   1.6520000e+03   4.7396021e+03  -1.7095406e+04
   1.6530000e+03  -8.1280516e+03  -1.2240610e+03
   1.6540000e+03  -2.2770878e+04   2.5028160e+04
   1.6550000e+03  -9.5808159e+03   1.4441400e+04
   1.6560000e+03   5.5913332e+03  -1.0715320e+04
   1.6570000e+03   4.6681971e+02   1.1687057e+03
   1.6580000e+03  -9.4982120e+03   2.7221312e+04
   1.6590000e+03  -1.0796387e+04   2.5564241e+04
   1.6600000e+03  -8.3506829e+03   8.0472582e+03
   1.6610000e+03  -2.5792450e+03   2.1497734e+03
   1.6620000e+03   3.5717070e+03   8.8871702e+03
   1.6630000e+03  -1.5836301e+03   1.4270605e+04
   1.6640000e+03  -1.0701525e+04   1.0592365e+04
   1.6650000e+03  -1.5599954e+03   4.1708040e+03
   1.6660000e+03   2.2026801e+04   1.4158353e+03
   1.6670000e+03   2.3596744e+04   3.8548751e+03
   1.6680000e+03  -3.2810918e+03   1.2945981e+04
   1.6690000e+03  -1.4365013e+04   1.4398565e+04
   1.6700000e+03   5.1441267e+03   5.0306108e+03
   1.6710000e+03   2.0938116e+04   1.1228836e+04
   1.6720000e+03   1.3347001e+04   2.8129450e+04
   1.6730000e+03  -3.4036537e+03   2.2467669e+04
   1.6740000e+03  -7.8601312e+03   3.6546803e+03
   1.6750000e+03   2.9111226e+03   9.9158995e+03
   1.6760000e+03   1.1619420e+04   3.4201237e+04
   1.6770000e+03   6.1516337e+03   3.5281316e+04
   1.6780000e+03   2.9875821e+02   1.6076269e+04
   1.6790000e+03   8.3332137e+03   1.0197328e+04
   1.6800000e+03   1.3843268e+04   2.0138914e+04
   1.6810000e+03   6.9284036e+03   2.1665194e+04
   1.6820000e+03   8.2691728e+03   4.8718195e+02
   1.6830000e+03   2.5019691e+04  -1.5924779e+04
   1.6840000e+03   3.5156384e+04   3.5940974e+03
   1.6850000e+03   2.1755299e+04   2.9029350e+04
   1.6860000e+03   2.9272066e+03   1.9011291e+04
   1.6870000e+03   8.9328231e+03  -1.1961240e+04
   1.6880000e+03   2.8679304e+04  -2.6088193e+04
   1.6890000e+03   2.8710364e+04  -1.3564011e+04
   1.6900000e+03   7.6268475e+03   6.2705093e+03
   1.6910000e+03  -1.3215054e+04   2.1177048e+04
   1.6920000e+03  -1.1235892e+04   2.5717024e+04
   1.6930000e+03   1.9766430e+04  -1.9276850e+03
   1.6940000e+03   3.7293783e+04  -3.8707263e+04
   1.6950000e+03   4.3015152e+03  -1.6731187e+04
   1.6960000e+03  -3.1470492e+04   3.2752949e+04
   1.6970000e+03  -1.5267385e+04   1.7478005e+04
   1.6980000e+03   2.0913911e+04  -3.4103320e+04
   1.6990000e+03   2.7009837e+04  -3.3330832e+04
   1.7000000e+03   9.0735921e+03   1.0645049e+04
   1.7010000e+03  -4.1979712e+03   2.1550034e+04
   1.7020000e+03  -1.1478387e+03  -2.1839130e+04
   1.7030000e+03   1.1668801e+04  -5.2663456e+04
   1.7040000e+03   1.7442627e+04  -2.1136564e+04
   1.7050000e+03   8.0043730e+03   2.1557353e+04
   1.7060000e+03  -4.3857397e+03   9.9238550e+03
   1.7070000e+03  -8.9933177e+03  -2.6332933e+04
   1.7080000e+03  -1.2127463e+04  -2.4720239e+04
   1.7090000e+03  -1.3996992e+04  -3.8074733e+03
   1.7100000e+03  -3.3566470e+03  -8.2400095e+03
   1.7110000e+03   6.9386255e+03  -1.9435425e+04
   1.7120000e+03  -6.0419344e+03  -1.2696773e+04
   1.7130000e+03  -2.2055253e+04  -2.9210309e+03
   1.7140000e+03  -1.4738969e+04  -2.2186441e+03
   1.7150000e+03  -3.7924224e+03  -9.0584711e+03
   1.7160000e+03  -5.6628254e+03  -2.1066489e+04
   1.7170000e+03  -1.1186126e+04  -2.8358741e+04
   1.7180000e+03  -1.8415681e+04  -2.0435144e+04
   1.7190000e+03  -1.6157553e+04  -1.3060705e+03
   1.7200000e+03   1.1577827e+03   6.0457155e+03
   1.7210000e+03   1.9895130e+02  -1.6832374e+04
   1.7220000e+03  -2.1877334e+04  -3.9846585e+04
   1.7230000e+03  -2.6424085e+04  -2.1339302e+04
   1.7240000e+03  -1.8758399e+04   1.4148918e+04
   1.7250000e+03  -1.4288454e+04   1.3366364e+04
   1.7260000e+03  -3.0308615e+03  -2.2088084e+04
   1.7270000e+03  -6.7428763e+03  -3.8642129e+04
   1.7280000e+03  -3.0500289e+04  -1.1109228e+04
   1.7290000e+03  -2.8688400e+04   1.6134900e+04
   1.7300000e+03  -5.5599728e+03   6.3745366e+03
   1.7310000e+03  -1.0513266e+03  -1.3408963e+04
   1.7320000e+03  -1.9486463e+03  -9.8649657e+03
   1.7330000e+03   3.2376146e+03   4.4143102e+03
   1.7340000e+03  -5.4294798e+03   4.6731180e+03
   1.7350000e+03  -1.1069279e+04   1.9801162e+03
   1.7360000e+03   2.6566684e+03   1.2869033e+04
   1.7370000e+03   9.9662063e+03   2.1312949e+04
   1.7380000e+03   5.0784220e+03   6.0907144e+03
   1.7390000e+03  -6.2527052e+03  -1.5999733e+04
   1.7400000e+03  -2.1890158e+04  -4.5239777e+03
   1.7410000e+03  -1.0449045e+04   2.7848816e+04
   1.7420000e+03   2.1091946e+04   3.3462011e+04
   1.7430000e+03   1.4923367e+04   1.1513729e+04
   1.7440000e+03  -2.1702671e+04  -1.2486391e+04
   1.7450000e+03  -3.1380098e+04  -1.1402591e+04
   1.7460000e+03  -5.8627070e+03   2.0792376e+04
   1.7470000e+03   2.2946426e+04   3.8131109e+04
   1.7480000e+03   2.1781456e+04   2.1969421e+04
   1.7490000e+03  -1.0461685e+04   1.3518429e+04
   1.7500000e+03  -2.1446541e+04   1.9041363e+04
   1.7510000e+03   7.7222755e+03   1.0763882e+04
   1.7520000e+03   2.4693576e+04   1.0287505e+04
   1.7530000e+03   1.3450799e+04   3.3038814e+04
   1.7540000e+03   3.7964476e+03   2.7667774e+04
   1.7550000e+03   3.0467409e+02  -9.0119910e+03
   1.7560000e+03  -7.2138930e+01  -1.5024284e+04
   1.7570000e+03   2.9102015e+03   1.3872017e+04
   1.7580000e+03   3.0378802e+03   3.1482441e+04
   1.7590000e+03   1.0033022e+04   1.7257216e+04
   1.7600000e+03   2.4432385e+04  -4.6757806e+03
   1.7610000e+03   1.7763514e+04  -6.5593544e+03
   1.7620000e+03  -3.3944457e+03   8.0003516e+03
   1.7630000e+03  -1.9508212e+03   2.7997630e+04
   1.7640000e+03   1.5342103e+04   3.4138515e+04
   1.7650000e+03   2.7520384e+04   1.2570767e+04
   1.7660000e+03   2.7544057e+04  -1.0359688e+04
   1.7670000e+03   5.6797777e+03  -7.1741905e+03
   1.7680000e+03  -7.7515730e+03   1.3254535e+04
   1.7690000e+03   1.7636892e+04   1.9835337e+04
   1.7700000e+03   3.9440179e+04   1.2743793e+03
   1.7710000e+03   2.1581355e+04  -1.4276914e+04
   1.7720000e+03  -4.4819035e+03  -5.3131707e+03
   1.7730000e+03  -1.5019874e+03   9.5376061e+03
   1.7740000e+03   1.8507958e+04   2.3257014e+03
   1.7750000e+03   1.9209794e+04  -1.6938475e+04
   1.7760000e+03  -7.1442971e+02  -1.8969258e+04
   1.7770000e+03  -1.0173322e+04  -3.4308181e+03
   1.7780000e+03   6.9302149e+02   1.3157697e+04
   1.7790000e+03   9.3486693e+03   1.4061166e+04
   1.7800000e+03   5.0041609e+03  -5.1121841e+03
   1.7810000e+03   1.1422768e+03  -2.2223320e+04
   1.7820000e+03   4.8689888e+03  -1.8543707e+04
   1.7830000e+03   1.4386274e+04  -4.2713603e+03
   1.7840000e+03   1.4090035e+04  -4.6714564e+03
   1.7850000e+03  -8.3496699e+03  -1.9872599e+04
   1.7860000e+03  -1.5627373e+04  -2.4545960e+04
   1.7870000e+03   1.3647345e+04  -1.6801384e+04
   1.7880000e+03   2.6095891e+04  -1.4247905e+04
   1.7890000e+03  -3.2249362e+03  -2.2174166e+04
   1.7900000e+03  -2.2823803e+04  -2.9709413e+04
   1.7910000e+03  -5.9432053e+03  -2.7278075e+04
   1.7920000e+03   8.7842459e+03  -2.1094398e+04
   1.7930000e+03  -1.0496968e+04  -1.2003824e+04
   1.7940000e+03  -4.1031098e+04  -7.0707609e+02
   1.7950000e+03  -3.4185215e+04  -4.5345081e+03
   1.7960000e+03   1.1351351e+04  -2.1916338e+04
   1.7970000e+03   2.9835974e+04  -2.3265576e+04
   1.7980000e+03  -8.7696103e+03   6.1997098e+02
   1.7990000e+03  -4.5543442e+04   1.6162368e+04
   1.8000000e+03  -3.1526203e+04   4.3672632e+03
   1.8010000e+03   8.2296435e+03  -4.6959287e+03
   1.8020000e+03   2.5285348e+04  -3.4013871e+02
   1.8030000e+03   6.5770231e+03  -8.4590208e+03
   1.8040000e+03  -2.0712401e+04  -2.1605921e+04
   1.8050000e+03  -2.9515166e+04  -1.1371969e+04
   1.8060000e+03  -2.3200079e+04   4.9000730e+03
   1.8070000e+03  -1.5197853e+04  -3.9895362e+03
   1.8080000e+03  -8.3260926e+03  -2.1095929e+04
   1.8090000e+03  -9.3167476e+03  -1.9404072e+04
   1.8100000e+03  -1.9380888e+04  -6.6854109e+03
   1.8110000e+03  -1.9739136e+04   5.2121963e+03
   1.8120000e+03  -9.6016371e+03   1.1882916e+04
   1.8130000e+03  -1.1119914e+04  -1.5580949e+03
   1.8140000e+03  -2.0028823e+04  -2.0065153e+04
   1.8150000e+03  -1.4351846e+04   2.9748569e+03
   1.8160000e+03  -1.9675034e+03   4.0664745e+04
   1.8170000e+03  -2.4001180e+03   2.3761300e+04
   1.8180000e+03  -6.5300913e+03  -1.9258624e+04
   1.8190000e+03  -2.1521331e+03  -2.1330926e+04
   1.8200000e+03  -2.4463302e+03   1.0495896e+04
   1.8210000e+03  -1.4095142e+04   3.1088407e+04
   1.8220000e+03  -1.8068603e+04   1.3977196e+04
   1.8230000e+03  -4.8333599e+03  -1.8481735e+04
   1.8240000e+03   9.9597521e+03  -1.2095011e+04
   1.8250000e+03   1.2629541e+04   2.7507060e+04
   1.8260000e+03   2.5846027e+03   3.5697916e+04
   1.8270000e+03  -7.1427212e+03   1.2532273e+04
   1.8280000e+03  -5.3739442e+03   7.5419214e+03
   1.8290000e+03  -3.3476353e+03   1.4095741e+04
   1.8300000e+03   2.0759539e+03   2.1560207e+04
   1.8310000e+03   1.6454751e+04   3.8204894e+04
   1.8320000e+03   7.4814268e+03   2.9261158e+04
   1.8330000e+03  -1.7027020e+04  -8.6947353e+03
   1.8340000e+03  -7.0383798e+03  -1.6262438e+04
   1.8350000e+03   2.2450139e+04   1.5722697e+04
   1.8360000e+03   2.5088029e+04   3.7379589e+04
   1.8370000e+03   7.1564606e+03   2.6712344e+04
   1.8380000e+03   1.6060580e+03  -3.6994760e+02
   1.8390000e+03   1.6291595e+04  -1.6982156e+04
   1.8400000e+03   2.9153106e+04  -4.6052900e+01
   1.8410000e+03   1.9728692e+04   2.5559747e+04
   1.8420000e+03   2.9120750e+03   1.3858533e+04
   1.8430000e+03   1.2282710e+04  -1.2311515e+04
   1.8440000e+03   4.2531778e+04   7.0865548e+02
   1.8450000e+03   5.0653894e+04   3.7774773e+04
   1.8460000e+03   1.5496984e+04   3.5199872e+04
   1.8470000e+03  -2.7224763e+04  -4.2329144e+03
   1.8480000e+03  -1.7938168e+04  -1.5342267e+04
   1.8490000e+03   3.0097726e+04   1.3071400e+03
   1.8500000e+03   4.0350206e+04   9.5139508e+03
   1.8510000e+03   9.6096147e+03   1.0062292e+04
   1.8520000e+03  -1.6427720e+03  -6.3741083e+03
   1.8530000e+03   7.7377961e+03  -2.7706560e+04
   1.8540000e+03   2.3698794e+03  -1.4435841e+04
   1.8550000e+03  -3.6433098e+03   1.1076498e+04
   1.8560000e+03   8.8492284e+03   4.2838115e+03
   1.8570000e+03   1.6586325e+04  -1.6986082e+04
   1.8580000e+03   1.3463162e+04  -1.4946990e+04
   1.8590000e+03   1.1725397e+04   3.9501345e+03
   1.8600000e+03   7.6931161e+03   1.5289065e+04
   1.8610000e+03   5.9870826e+03   9.6248349e+03
   1.8620000e+03   5.2069600e+03  -1.1497681e+04
   1.8630000e+03   2.4162700e+03  -2.6799448e+04
   1.8640000e+03   1.1194765e+04  -1.8403569e+04
   1.8650000e+03   1.1906336e+04   1.3452000e+03
   1.8660000e+03  -1.0785191e+04   1.0081802e+04
   1.8670000e+03  -1.6704419e+04  -5.5030079e+03
   1.8680000e+03  -5.2843732e+03  -3.1254185e+04
   1.8690000e+03  -2.0924966e+04  -3.3993516e+04
   1.8700000e+03  -3.7456702e+04  -9.4710145e+03
   1.8710000e+03  -8.5601308e+03   5.4526817e+03
   1.8720000e+03   2.3881471e+04  -1.2981664e+04
   1.8730000e+03   7.8829915e+03  -3.2932366e+04
   1.8740000e+03  -2.5552200e+04  -2.0966358e+04
   1.8750000e+03  -2.5640039e+04   5.4975910e+01
   1.8760000e+03  -2.4802619e+03  -3.1815912e+03
   1.8770000e+03   5.6376457e+03  -1.2678789e+04
   1.8780000e+03  -7.7491387e+02  -1.7575969e+03
   1.8790000e+03  -3.4527216e+03  -1.1946863e+03
   1.8800000e+03  -7.7736037e+03  -2.7511249e+04
   1.8810000e+03  -1.9862716e+04  -3.0337162e+04
   1.8820000e+03  -2.8011977e+04  -4.8623565e+02
   1.8830000e+03  -2.1711301e+04   7.7015641e+03
   1.8840000e+03  -1.1934396e+04  -1.9323699e+04
   1.8850000e+03  -1.6316821e+04  -4.1655818e+04
   1.8860000e+03  -2.5199748e+04  -2.7869370e+04
   1.8870000e+03  -1.8318163e+04   8.3103883e+03
   1.8880000e+03  -8.0029886e+03   1.6018366e+04
   1.8890000e+03  -1.7792463e+04  -1.4638709e+04
   1.8900000e+03  -2.6396504e+04  -2.3013685e+04
   1.8910000e+03  -4.4850683e+03   4.0425796e+03
   1.8920000e+03   1.7036965e+04   1.2274288e+04
   1.8930000e+03   2.9681980e+03   1.8314172e+03
   1.8940000e+03  -2.2498220e+04   6.0640029e+03
   1.8950000e+03  -2.2427743e+04   1.5010753e+04
   1.8960000e+03  -4.3535173e+02   1.0399923e+04
   1.8970000e+03   1.0079857e+04   1.1449378e+02
   1.8980000e+03  -4.3589800e+03   1.0523765e+03
   1.8990000e+03  -2.1121619e+04   6.9626261e+03
   1.9000000e+03  -1.9131304e+04   2.5920924e+03
   1.9010000e+03  -6.0277118e+03   6.0614122e+02
   1.9020000e+03   1.9668682e+03   1.3441053e+04
   1.9030000e+03   6.9897456e+03   2.1260444e+04
   1.9040000e+03   6.9997699e+03   6.5945598e+03
   1.9050000e+03  -3.4734754e+03  -5.3642000e+03
   1.9060000e+03  -1.8652956e+03   1.1072455e+04
   1.9070000e+03   1.9316771e+04   2.6918325e+04
   1.9080000e+03   3.1997127e+04   1.4089677e+04
   1.9090000e+03   2.3784612e+04   4.4619450e+03
   1.9100000e+03   6.6525539e+03   2.4607625e+04
   1.9110000e+03  -5.4215526e+03   3.4522237e+04
   1.9120000e+03  -7.1961073e+03   1.0610190e+04
   1.9130000e+03  -4.5765244e+02  -1.1777099e+03
   1.9140000e+03   8.3074118e+03   1.4094092e+04
   1.9150000e+03   7.6294992e+03   2.0744199e+04
   1.9160000e+03  -8.6408164e+02   1.1610844e+04
   1.9170000e+03  -3.5398007e+03   5.2204066e+03
   1.9180000e+03   1.3054087e+03   1.2105527e+04
   1.9190000e+03   4.6413723e+03   2.0949402e+04
   1.9200000e+03   7.6815707e+03   1.1065109e+04
   1.9210000e+03   1.8905412e+04  -1.0381711e+04
   1.9220000e+03   2.4291819e+04  -8.5242457e+03
   1.9230000e+03   1.1526804e+04   2.5947649e+04
   1.9240000e+03   6.3849748e+03   4.4827089e+04
   1.9250000e+03   2.0518666e+04   1.7782510e+04
   1.9260000e+03   2.6647060e+04  -1.5110764e+04
   1.9270000e+03   1.5134208e+04  -1.3334359e+04
   1.9280000e+03   5.8407076e+03   1.6071580e+04
   1.9290000e+03   9.3421928e+03   3.1860812e+04
   1.9300000e+03   1.5408301e+04   1.0718877e+04
   1.9310000e+03   1.3004925e+04  -1.4079497e+04
   1.9320000e+03   5.9089316e+03  -9.9754215e+03
   1.9330000e+03   2.3121546e+03   7.4311735e+03
   1.9340000e+03   4.4947535e+01   7.3844376e+03
   1.9350000e+03   3.0219665e+03  -1.1607760e+04
   1.9360000e+03   2.2734547e+04  -2.2749900e+04
   1.9370000e+03   3.4223811e+04  -1.2090852e+04
   1.9380000e+03   3.7254716e+03   6.0501239e+03
   1.9390000e+03  -2.7853749e+04   9.3354958e+03
   1.9400000e+03  -3.1387358e+03  -5.9963446e+03
   1.9410000e+03   3.8924050e+04  -2.1645146e+04
   1.9420000e+03   3.0084249e+04  -1.9755954e+04
   1.9430000e+03  -1.4184700e+04  -4.3543692e+03
   1.9440000e+03  -3.6142297e+04  -2.3925579e+03
   1.9450000e+03  -1.7490665e+04  -1.5254648e+04
   1.9460000e+03   1.3133316e+04  -1.7462019e+04
   1.9470000e+03   1.9534407e+04  -1.3538874e+04
   1.9480000e+03  -1.7905127e+03  -1.2680938e+04
   1.9490000e+03  -2.4709542e+04  -1.4152836e+04
   1.9500000e+03  -2.0895938e+04  -2.6377727e+04
   1.9510000e+03   4.1511873e+03  -3.1398697e+04
   1.9520000e+03   9.7521181e+03  -7.8394885e+03
   1.9530000e+03  -8.0016944e+03   1.5571010e+04
   1.9540000e+03  -1.6477722e+04  -4.6777768e+02
   1.9550000e+03  -1.2060664e+04  -3.6726813e+04
   1.9560000e+03  -2.7781396e+03  -3.7352050e+04
   1.9570000e+03   3.4990261e+03  -5.2550350e+03
   1.9580000e+03  -8.1946599e+03   3.9084336e+03
   1.9590000e+03  -2.1372624e+04  -1.8798501e+04
   1.9600000e+03  -9.6588363e+03  -2.7636019e+04
   1.9610000e+03   6.8949210e+03  -3.1168668e+03
   1.9620000e+03  -3.1076005e+03   1.4716143e+04
   1.9630000e+03  -2.1786058e+04  -7.9193483e+03
   1.9640000e+03  -1.5828877e+04  -3.6447679e+04
   1.9650000e+03  -3.8321841e+02  -2.1652816e+04
   1.9660000e+03  -8.0503559e+03   1.3222345e+04
   1.9670000e+03  -2.6489336e+04   1.7353911e+04
   1.9680000e+03  -2.2734376e+04   2.9596916e+03
   1.9690000e+03  -6.2912543e+03  -5.7507313e+03
   1.9700000e+03  -9.3171244e+03  -1.5581119e+04
   1.9710000e+03  -2.0720198e+04  -1.1783640e+04
   1.9720000e+03  -1.4855912e+04   5.0532602e+03
   1.9730000e+03  -5.0121156e+03   7.7422066e+02
   1.9740000e+03  -6.4827856e+03  -7.8161764e+03
   1.9750000e+03  -1.1152313e+04   9.3254977e+03
   1.9760000e+03  -1.2857220e+04   2.1519828e+04
   1.9770000e+03  -9.6257162e+03   6.9849942e+03
   1.9780000e+03  -1.3545599e+03  -1.0506229e+04
   1.9790000e+03   2.0053781e+03  -1.2943212e+04
   1.9800000e+03  -5.3827215e+03   2.9412235e+03
   1.9810000e+03  -1.3930155e+04   2.4944720e+04
   1.9820000e+03  -1.6446312e+04   2.7539614e+04
   1.9830000e+03  -1.3156042e+04   1.1860310e+04
   1.9840000e+03  -3.1528902e+03   1.7557021e+03
   1.9850000e+03   6.6147275e+03   3.7945519e+03
   1.9860000e+03   7.5419367e+03   8.6395071e+03
   1.9870000e+03   3.0040072e+03   1.3070203e+04
   1.9880000e+03  -1.5160707e+02   1.9409331e+04
   1.9890000e+03   4.8891450e+03   2.4437065e+04
   1.9900000e+03   1.3462939e+04   2.0879770e+04
   1.9910000e+03   8.7902878e+03   8.7257740e+03
   1.9920000e+03   2.4455313e+02   8.7696304e+03
   1.9930000e+03   7.3065834e+03   2.8477733e+04
   1.9940000e+03   1.6892414e+04   3.1120261e+04
   1.9950000e+03   1.8938793e+04   1.0632634e+04
   1.9960000e+03   1.6694548e+04   2.5162369e+03
   1.9970000e+03   8.5597024e+02   3.4870104e+03
   1.9980000e+03  -9.2984382e+03   4.9386927e+03
   1.9990000e+03   1.3032877e+04   1.5312695e+04
   2.0000000e+03   3.0656880e+04   1.3867452e+04
