   1.0274000e+02   2.5123000e+01
   9.4578872e+01   2.9488383e+01
   0.0000000e+00   1.1221864e+04   1.1221864e+04
   1.0000000e+00   1.4648870e+05  -1.2939173e+05
   2.0000000e+00   1.2706386e+05  -9.5323408e+04
   3.0000000e+00  -2.3824472e+03   4.7261846e+04
   4.0000000e+00  -1.1055981e+05   1.1400877e+05
   5.0000000e+00  -9.5936096e+04   6.4176700e+04
   6.0000000e+00   2.6827394e+04  -2.1245213e+04
   7.0000000e+00   1.4794964e+05  -6.9280769e+04
   8.0000000e+00   1.3498085e+05  -3.4141665e+04
   9.0000000e+00  -3.1437079e+04   5.5184937e+04
   1.0000000e+01  -1.5503408e+05   6.8929964e+04
   1.1000000e+01  -7.5662454e+04  -1.7474750e+02
   1.2000000e+01   8.3663924e+04  -1.6178252e+04
   1.3000000e+01   9.5034070e+04   2.2863752e+04
   1.4000000e+01  -4.0275054e+04   2.3961367e+04
   1.5000000e+01  -8.9759515e+04  -1.8793920e+04
   1.6000000e+01   1.6381004e+04  -4.0383385e+04
   1.7000000e+01   7.6892991e+04   2.1007368e+03
   1.8000000e+01  -1.1243821e+04   4.1085488e+04
   1.9000000e+01  -9.1690767e+04   1.3903821e+04
   2.0000000e+01  -2.1834130e+04  -5.3291714e+03
   2.1000000e+01   9.2335046e+04   1.1293749e+04
   2.2000000e+01   9.4637005e+04  -3.9698345e+03
   2.3000000e+01   1.3952289e+04  -2.1566213e+04
   2.4000000e+01  -6.5269281e+04   8.5488866e+03
   2.5000000e+01  -9.6375308e+04   4.8688738e+04
   2.6000000e+01  -4.8735595e+04   6.9942665e+04
   2.7000000e+01   2.7562473e+04   3.5045738e+04
   2.8000000e+01   3.7392303e+04  -6.8724754e+04
   2.9000000e+01  -3.3356605e+04  -1.4106080e+05
   3.0000000e+01  -9.1711001e+04  -9.1299680e+04
   3.1000000e+01  -6.1634831e+04   5.2313281e+04
   3.2000000e+01   6.3531581e+03   1.5136480e+05
   3.3000000e+01   2.6902576e+04   8.9346143e+04
   3.4000000e+01  -8.1203355e+03  -7.5183974e+04
   3.5000000e+01  -5.0320109e+04  -1.7321183e+05
   3.6000000e+01  -4.7565808e+04  -8.3740510e+04
   3.7000000e+01   1.4996326e+04   9.9424400e+04
   3.8000000e+01   8.0921182e+04   1.5253714e+05
   3.9000000e+01   5.4018225e+04   5.2497507e+04
   4.0000000e+01  -5.8329140e+04  -6.2060728e+04
   4.1000000e+01  -1.1956184e+05  -8.6713433e+04
   4.2000000e+01  -5.9323618e+04  -8.7217740e+03
   4.3000000e+01   5.7681417e+04   4.4966324e+04
   4.4000000e+01   1.1158424e+05  -1.8559813e+03
   4.5000000e+01   1.8635561e+04  -5.3300045e+04
   4.6000000e+01  -1.1113641e+05  -3.6987799e+04
   4.7000000e+01  -8.9975760e+04   6.9870654e+03
   4.8000000e+01   3.0750096e+04   8.0389173e+03
   4.9000000e+01   7.5533443e+04  -3.8314654e+04
   5.0000000e+01   1.4737627e+04  -7.0134517e+04
   5.1000000e+01  -5.6522824e+04  -4.4360936e+04
   5.2000000e+01  -2.7551808e+04   1.6352457e+04
   5.3000000e+01   6.4536780e+04   4.0872112e+04
   5.4000000e+01   5.5460813e+04   1.0023458e+04
   5.5000000e+01  -3.7887367e+04  -2.4884137e+04
   5.6000000e+01  -7.0881341e+04  -3.0547499e+04
   5.7000000e+01  -3.0625112e+04  -4.7277331e+03
   5.8000000e+01   4.4437373e+04   2.7708587e+04
   5.9000000e+01   9.3066911e+04   3.7282391e+04
   6.0000000e+01   3.4533033e+04   2.2935440e+04
   6.1000000e+01  -5.3763684e+04  -8.2484151e+03
   6.2000000e+01  -5.5510708e+04  -3.2441910e+04
   6.3000000e+01  -2.3001532e+03  -2.2357302e+04
   6.4000000e+01   4.4028441e+04   1.6165500e+03
   6.5000000e+01   5.1478616e+04  -1.3382388e+03
   6.6000000e+01   1.1825088e+04  -2.4809427e+04
   6.7000000e+01  -2.4417595e+04  -2.4969077e+04
   6.8000000e+01  -1.2329126e+04   3.7310416e+03
   6.9000000e+01   2.7446315e+04   1.0028644e+04
   7.0000000e+01   4.9349751e+04  -3.0008812e+04
   7.1000000e+01   5.0380490e+04  -4.5929620e+04
   7.2000000e+01   4.1914504e+04   9.2788273e+03
   7.3000000e+01   1.4536903e+04   5.0845118e+04
   7.4000000e+01   8.4771748e+03   2.6047827e+04
   7.5000000e+01   3.9959772e+04   4.3658692e+03
   7.6000000e+01   2.9433080e+04   2.2193434e+04
   7.7000000e+01  -2.1122808e+04   3.3030778e+04
   7.8000000e+01  -2.6886390e+04   8.0487277e+03
   7.9000000e+01   1.7230195e+03  -1.3953153e+04
   8.0000000e+01   3.3256542e+03  -2.8453711e+02
   8.1000000e+01  -1.6695974e+04   1.9960207e+04
   8.2000000e+01  -1.5518082e+04   2.1551573e+04
   8.3000000e+01  -1.9507387e+03   8.2092537e+03
   8.4000000e+01  -6.2039938e+03  -1.4086421e+04
   8.5000000e+01   7.5680641e+03  -3.0123185e+04
   8.6000000e+01   5.5974518e+04  -2.1313939e+04
   8.7000000e+01   6.0939804e+04   1.5415055e+04
   8.8000000e+01  -3.9325744e+03   5.1560148e+04
   8.9000000e+01  -3.9678672e+04   4.8249583e+04
   9.0000000e+01   3.3673322e+03   4.6509547e+03
   9.1000000e+01   3.9469318e+04  -3.7717671e+04
   9.2000000e+01   2.0758916e+04  -2.6666862e+04
   9.3000000e+01  -1.4332336e+03   3.9613553e+04
   9.4000000e+01  -1.7095509e+04   7.6284999e+04
   9.5000000e+01  -4.7888692e+04   2.1545038e+04
   9.6000000e+01  -6.0168572e+04  -4.2628936e+04
   9.7000000e+01  -2.7708333e+04  -2.5783238e+04
   9.8000000e+01   9.8870447e+03   1.6185260e+04
   9.9000000e+01   1.2189013e+04   1.9061251e+04
   1.0000000e+02  -5.7561294e+03   4.7209220e+03
   1.0100000e+02  -2.3350521e+04  -4.1530792e+03
   1.0200000e+02  -2.8987760e+04   4.9745213e+03
   1.0300000e+02  -2.0171846e+03   2.1366444e+04
   1.0400000e+02   2.1547923e+04   1.4283925e+04
   1.0500000e+02   4.7749223e+03  -1.4377372e+03
   1.0600000e+02  -1.0461737e+04  -2.6027867e+03
   1.0700000e+02   2.4931725e+03   1.0236001e+04
   1.0800000e+02   3.3828437e+04   3.2120529e+04
   1.0900000e+02   3.2407359e+04   3.4423731e+04
   1.1000000e+02  -5.1332079e+04  -8.1519131e+02
   1.1100000e+02  -1.1082315e+05  -3.8608023e+04
   1.1200000e+02  -4.7932242e+04  -3.7173531e+04
   1.1300000e+02   4.2449404e+04  -3.3481668e+03
   1.1400000e+02   4.8643526e+04   2.3573258e+04
   1.1500000e+02  -3.3624793e+04   1.9298115e+04
   1.1600000e+02  -1.0822661e+05  -1.2579141e+04
   1.1700000e+02  -8.3728325e+04  -3.2123277e+04
   1.1800000e+02  -1.7394984e+03  -1.0987503e+04
   1.1900000e+02   5.2271624e+04   7.6612094e+03
   1.2000000e+02   5.3859114e+04   3.3553640e+03
   1.2100000e+02   3.0341393e+04   1.0001544e+04
   1.2200000e+02   2.0104003e+03   8.8219223e+03
   1.2300000e+02  -3.8068737e+04  -2.8663400e+04
   1.2400000e+02  -3.8590652e+04  -5.5617166e+04
   1.2500000e+02   3.5993913e+04  -2.5065208e+04
   1.2600000e+02   7.8161552e+04   1.8271771e+04
   1.2700000e+02   1.9210681e+03   9.7166978e+03
   1.2800000e+02  -9.2341090e+04  -1.8114377e+04
   1.2900000e+02  -8.6062365e+04  -2.2213394e+04
   1.3000000e+02  -2.2839472e+04  -1.9489208e+04
   1.3100000e+02   2.4082330e+04  -6.5864380e+03
   1.3200000e+02   3.3623691e+04   4.8205586e+03
   1.3300000e+02  -8.0279670e+03  -1.0636689e+04
   1.3400000e+02  -3.3752324e+04  -1.5745809e+04
   1.3500000e+02   5.7362073e+03   4.1620978e+03
   1.3600000e+02   4.9753222e+04   7.8057442e+03
   1.3700000e+02   5.5745921e+04  -1.1694767e+04
   1.3800000e+02   1.0998345e+04  -2.9713087e+04
   1.3900000e+02  -2.7550309e+04  -4.3852739e+04
   1.4000000e+02   2.1405324e+04  -4.5946680e+04
   1.4100000e+02   7.8480701e+04  -7.1845389e+03
   1.4200000e+02   5.4224113e+04   3.5875060e+04
   1.4300000e+02  -5.4970879e+03   2.2425174e+04
   1.4400000e+02  -2.7260580e+04  -1.9736006e+04
   1.4500000e+02   1.7345531e+04  -4.4110098e+04
   1.4600000e+02   5.9688159e+04  -3.7255181e+04
   1.4700000e+02   3.5045041e+04  -3.4933081e+03
   1.4800000e+02  -4.0824239e+03   2.0863021e+04
   1.4900000e+02  -1.5871022e+04   1.6915611e+04
   1.5000000e+02  -9.2848350e+03   6.6270714e+03
   1.5100000e+02   2.5213937e+04   9.7939474e+03
   1.5200000e+02   5.9960931e+04   1.2517103e+04
   1.5300000e+02   2.4541565e+04  -6.5639074e+03
   1.5400000e+02  -6.3173750e+04  -1.8971211e+04
   1.5500000e+02  -9.2025860e+04   6.4899973e+03
   1.5600000e+02  -2.6308885e+04   4.2630273e+04
   1.5700000e+02   5.0553345e+04   4.0586629e+04
   1.5800000e+02   5.2130972e+04  -1.9945303e+03
   1.5900000e+02  -1.1115504e+04  -2.6727003e+04
   1.6000000e+02  -4.0365737e+04  -1.4754811e+04
   1.6100000e+02  -5.9541221e+03  -2.7220616e+03
   1.6200000e+02   2.1298122e+04   1.0360598e+04
   1.6300000e+02   1.9009596e+04   3.6614589e+04
   1.6400000e+02   3.1906224e+03   5.4041543e+04
   1.6500000e+02  -8.6091492e+03   2.3662100e+04
   1.6600000e+02   1.4978845e+04  -4.4997007e+04
   1.6700000e+02   3.7489757e+04  -4.3685277e+04
   1.6800000e+02   1.5747798e+04   5.7375355e+04
   1.6900000e+02  -8.9754172e+03   1.0350118e+05
   1.7000000e+02  -2.1822182e+03   2.4588765e+04
   1.7100000e+02   2.3916207e+04  -4.5016344e+04
   1.7200000e+02   3.0337701e+04  -2.7069496e+04
   1.7300000e+02  -1.4549113e+03   1.0582490e+04
   1.7400000e+02  -3.0811048e+04   1.7231814e+04
   1.7500000e+02  -4.2118292e+04   1.8462363e+03
   1.7600000e+02  -4.6627958e+04   3.2589904e+03
   1.7700000e+02  -2.9241756e+04   3.7408158e+04
   1.7800000e+02   5.1351358e+03   4.4558496e+04
   1.7900000e+02   2.8518936e+04   1.3474259e+04
   1.8000000e+02   1.0428195e+04   7.0921250e+02
   1.8100000e+02  -4.6736056e+04  -4.8638207e+02
   1.8200000e+02  -6.6357688e+04   8.3005646e+03
   1.8300000e+02  -3.6647051e+03   4.7190128e+04
   1.8400000e+02   6.6119337e+04   6.2377638e+04
   1.8500000e+02   6.2321685e+04   1.8770946e+04
   1.8600000e+02   8.1383475e+03  -2.9875031e+04
   1.8700000e+02  -3.1646515e+04  -2.9951956e+04
   1.8800000e+02  -3.3683036e+04  -7.7508848e+03
   1.8900000e+02  -8.2634265e+03  -2.3950526e+04
   1.9000000e+02   1.6227458e+04  -4.9695571e+04
   1.9100000e+02   1.4715125e+03  -2.1076450e+04
   1.9200000e+02  -5.1061926e+04   2.4041137e+04
   1.9300000e+02  -6.8482677e+04   1.5465278e+04
   1.9400000e+02  -1.1453834e+04  -3.1803543e+04
   1.9500000e+02   4.4078793e+04  -4.8944648e+04
   1.9600000e+02   3.6434474e+04  -1.7304549e+04
   1.9700000e+02  -1.0187229e+04   1.7444939e+04
   1.9800000e+02  -4.5568110e+04   2.0035370e+04
   1.9900000e+02  -2.4574172e+04  -3.5340406e+03
   2.0000000e+02   2.6538962e+04  -1.4781053e+04
   2.0100000e+02   3.5042599e+04  -2.3436360e+03
   2.0200000e+02  -1.1920417e+02  -9.5065838e+03
   2.0300000e+02  -3.0731092e+04  -3.5379580e+04
   2.0400000e+02  -3.7779245e+04  -3.7806626e+04
   2.0500000e+02  -2.3242581e+04  -1.2463870e+04
   2.0600000e+02   8.0189619e+03   2.3308945e+04
   2.0700000e+02   1.5478991e+04   3.0027469e+04
   2.0800000e+02  -1.3904764e+04  -2.1010474e+04
   2.0900000e+02  -1.8115397e+04  -7.6822434e+04
   2.1000000e+02   4.1565312e+03  -6.3751597e+04
   2.1100000e+02   1.1030448e+04  -1.3514722e+03
   2.1200000e+02   6.2348570e+03   2.9704236e+04
   2.1300000e+02  -1.3208540e+04   1.5389250e+04
   2.1400000e+02  -2.6924536e+04  -1.1277131e+04
   2.1500000e+02  -1.7568682e+04  -3.9083244e+04
   2.1600000e+02  -8.0081387e+03  -4.2763591e+04
   2.1700000e+02   8.4198201e+03  -1.4505661e+04
   2.1800000e+02   1.9343470e+04   1.4322014e+04
   2.1900000e+02   3.9477305e+03   2.8647749e+04
   2.2000000e+02  -5.4606813e+03   2.2005584e+04
   2.2100000e+02   4.7849891e+02  -3.6332670e+03
   2.2200000e+02   1.1307085e+03  -2.8304165e+04
   2.2300000e+02   8.0704015e+03  -3.2717695e+04
   2.2400000e+02   3.8498821e+04  -1.1232674e+04
   2.2500000e+02   5.8619447e+04   1.2921057e+04
   2.2600000e+02   3.9107981e+04   1.7406601e+04
   2.2700000e+02   9.9681764e+03   8.5317798e+03
   2.2800000e+02  -9.2310485e+03   7.0826736e+03
   2.2900000e+02  -1.6537029e+04   2.1379389e+04
   2.3000000e+02  -1.0757437e+04   1.8349485e+04
   2.3100000e+02  -1.0762238e+04  -1.7630396e+04
   2.3200000e+02  -1.8199956e+04  -2.9279180e+04
   2.3300000e+02  -1.5300886e+04   1.9454747e+04
   2.3400000e+02   1.6738790e+04   6.9066366e+04
   2.3500000e+02   6.3878427e+04   5.2458564e+04
   2.3600000e+02   6.4049501e+04  -6.4371196e+03
   2.3700000e+02   8.1813200e+03  -3.5764289e+04
   2.3800000e+02  -3.1666479e+04  -1.0843314e+04
   2.3900000e+02  -9.4830501e+03   3.2803673e+04
   2.4000000e+02   3.4786614e+04   4.6624523e+04
   2.4100000e+02   4.8849261e+04   1.1573623e+04
   2.4200000e+02   4.2841003e+04  -3.3043948e+04
   2.4300000e+02   3.3695215e+04  -2.5932658e+04
   2.4400000e+02   8.5704941e+03   1.7497774e+04
   2.4500000e+02  -3.6888383e+04   3.4395066e+04
   2.4600000e+02  -6.8351362e+04   1.3378868e+04
   2.4700000e+02  -4.2872778e+04  -1.6014706e+04
   2.4800000e+02   1.4146850e+04  -1.2585508e+04
   2.4900000e+02   4.6465471e+04   2.5239941e+04
   2.5000000e+02   3.9045925e+04   5.1596447e+04
   2.5100000e+02   1.0367822e+04   4.1120659e+04
   2.5200000e+02  -6.6884339e+03  -6.0667996e+03
   2.5300000e+02   1.5139765e+03  -3.0873965e+04
   2.5400000e+02   2.3441639e+04   7.9596499e+03
   2.5500000e+02   1.7712350e+04   3.1249816e+04
   2.5600000e+02  -3.2117781e+04   1.2434810e+04
   2.5700000e+02  -5.0365559e+04   1.0469435e+03
   2.5800000e+02  -4.6053260e+03   2.8655616e+03
   2.5900000e+02   5.0332089e+04   1.0033005e+04
   2.6000000e+02   7.3549216e+04  -6.3553060e+03
   2.6100000e+02   3.9449918e+04  -3.3246011e+04
   2.6200000e+02  -2.8346881e+04  -1.7332302e+04
   2.6300000e+02  -7.7870781e+04   1.1270375e+04
   2.6400000e+02  -8.9504799e+04   1.6973693e+04
   2.6500000e+02  -5.5799365e+04   7.7569019e+03
   2.6600000e+02  -7.7005870e+03  -9.1472658e+03
   2.6700000e+02   1.5835122e+04  -2.2592095e+04
   2.6800000e+02   1.4300534e+04  -2.9651384e+04
   2.6900000e+02   2.7796002e+03  -1.9605678e+04
   2.7000000e+02  -8.0013888e+03  -1.7521684e+03
   2.7100000e+02  -4.2488754e+04   7.3218294e+03
   2.7200000e+02  -8.0478305e+04   2.1281031e+04
   2.7300000e+02  -5.7407561e+04   1.1784013e+04
   2.7400000e+02  -9.1425523e+03  -2.3151396e+04
   2.7500000e+02   1.3115628e+04  -1.8187382e+04
   2.7600000e+02   1.4276377e+04   1.5538003e+04
   2.7700000e+02  -1.9579987e+04   2.3192199e+04
   2.7800000e+02  -5.8069796e+04   7.9827360e+03
   2.7900000e+02  -3.9951890e+04  -7.9930699e+03
   2.8000000e+02   1.3074893e+04  -1.9469165e+04
   2.8100000e+02   2.7386162e+04  -2.0158956e+04
   2.8200000e+02  -1.8577405e+04  -7.3543906e+03
   2.8300000e+02  -4.6456043e+04  -9.3621356e+03
   2.8400000e+02   1.6006982e+03  -3.0260109e+04
   2.8500000e+02   5.5056209e+04  -3.4407842e+04
   2.8600000e+02   4.4383668e+04  -2.8143892e+04
   2.8700000e+02  -8.8151959e+03  -1.3940239e+04
   2.8800000e+02  -4.5324142e+04   2.6604094e+04
   2.8900000e+02  -2.2712034e+04   4.4941854e+04
   2.9000000e+02   3.3308821e+04   9.1606924e+03
   2.9100000e+02   6.9973716e+04  -2.7798529e+04
   2.9200000e+02   6.1575041e+04  -2.4576539e+04
   2.9300000e+02   5.7094735e+03   1.5391243e+04
   2.9400000e+02  -4.7126358e+04   5.2707187e+04
   2.9500000e+02  -5.1628595e+04   3.7644536e+04
   2.9600000e+02  -1.7397265e+04  -1.5406366e+04
   2.9700000e+02   3.3387073e+04  -4.5917237e+04
   2.9800000e+02   5.0876604e+04  -3.1756096e+04
   2.9900000e+02   2.9887225e+04  -5.9517658e+03
   3.0000000e+02   2.4302069e+04  -8.6006522e+03
   3.0100000e+02   6.5936570e+03  -3.4184390e+04
   3.0200000e+02  -3.3477440e+04  -2.6639551e+04
   3.0300000e+02  -2.7827548e+04   3.2578483e+04
   3.0400000e+02   4.6328428e+03   5.3219321e+04
   3.0500000e+02   3.5096787e+04  -1.0456388e+04
   3.0600000e+02   9.2641538e+04  -5.3307154e+04
   3.0700000e+02   1.2631877e+05  -1.4260984e+04
   3.0800000e+02   9.3311258e+04   4.5400714e+04
   3.0900000e+02   4.3944517e+04   6.1399131e+04
   3.1000000e+02  -5.1163037e+03   1.6422366e+04
   3.1100000e+02  -4.7304642e+04  -4.2595347e+04
   3.1200000e+02  -5.4195577e+04  -6.3824581e+04
   3.1300000e+02  -5.8563843e+04  -5.0593598e+04
   3.1400000e+02  -7.5539650e+04  -1.8888421e+04
   3.1500000e+02  -5.5230802e+04   2.2490121e+03
   3.1600000e+02  -1.0110654e+04  -7.1915022e+03
   3.1700000e+02  -1.1800154e+04  -1.4740862e+04
   3.1800000e+02  -7.1181700e+04  -2.9086885e+03
   3.1900000e+02  -1.1989992e+05   3.7094901e+03
   3.2000000e+02  -8.1868357e+04   1.6582464e+03
   3.2100000e+02   3.5598223e+04   5.9515629e+03
   3.2200000e+02   1.3127706e+05   2.0240691e+04
   3.2300000e+02   1.3417169e+05   4.5931327e+04
   3.2400000e+02   7.0047133e+04   6.1979901e+04
   3.2500000e+02   8.6119327e+03   4.5372698e+04
   3.2600000e+02   1.9479787e+04   2.3514829e+04
   3.2700000e+02   8.1621111e+04   1.5748102e+04
   3.2800000e+02   8.4464004e+04  -3.8790291e+02
   3.2900000e+02   1.3983096e+04  -1.9852307e+04
   3.3000000e+02  -3.2941190e+04  -4.8167975e+03
   3.3100000e+02  -5.6605592e+03   3.3275111e+04
   3.3200000e+02   3.7972547e+04   3.2308334e+04
   3.3300000e+02   6.5083359e+03  -1.2983356e+04
   3.3400000e+02  -7.9916070e+04  -4.6221827e+04
   3.3500000e+02  -1.1404109e+05  -2.0983862e+04
   3.3600000e+02  -5.2017247e+04   4.2178684e+04
   3.3700000e+02   4.8024681e+04   4.3201513e+04
   3.3800000e+02   7.9496971e+04  -1.5536212e+04
   3.3900000e+02   1.6123284e+04  -1.5905127e+04
   3.4000000e+02  -5.6070629e+04   3.0396975e+04
   3.4100000e+02  -7.1710834e+04   3.3960537e+04
   3.4200000e+02  -3.7972640e+04  -3.0800198e+03
   3.4300000e+02   1.1025437e+03  -1.9964401e+04
   3.4400000e+02   1.5807649e+04   7.8145836e+03
   3.4500000e+02   6.9569692e+03   2.3869114e+04
   3.4600000e+02  -2.2987080e+04   3.0182305e+03
   3.4700000e+02  -3.9949956e+04  -2.4619324e+03
   3.4800000e+02  -1.8300626e+04   1.2233707e+04
   3.4900000e+02  -1.1194181e+04   6.9831084e+03
   3.5000000e+02  -4.5449693e+04  -9.3959099e+03
   3.5100000e+02  -5.7279602e+04  -7.4428407e+03
   3.5200000e+02  -8.6456190e+03   2.6914249e+02
   3.5300000e+02   3.8897353e+04   2.3853349e+03
   3.5400000e+02   2.5764805e+04  -2.5894714e+03
   3.5500000e+02  -6.6774207e+03  -1.8292176e+04
   3.5600000e+02  -8.2453839e+03  -1.1611284e+04
   3.5700000e+02   3.3526333e+03   9.3216432e+02
   3.5800000e+02   1.3417155e+04  -1.9409697e+04
   3.5900000e+02   2.0367969e+04  -1.4350881e+04
   3.6000000e+02   9.4987560e+03   3.0876964e+04
   3.6100000e+02  -9.0548723e+03   4.4238487e+04
   3.6200000e+02  -1.4915583e+04   5.8744151e+03
   3.6300000e+02  -1.1603279e+04  -3.4266986e+04
   3.6400000e+02  -3.8389822e+03  -3.0849115e+04
   3.6500000e+02  -5.5123539e+03  -1.0950788e+04
   3.6600000e+02  -2.8453303e+04  -7.3864485e+03
   3.6700000e+02  -2.7177305e+04  -5.3607901e+03
   3.6800000e+02   1.4624006e+04  -6.1941927e+03
   3.6900000e+02   1.9444750e+04  -2.2932725e+04
   3.7000000e+02  -1.7181555e+04  -4.3209927e+04
   3.7100000e+02  -2.0052615e+04  -3.3073109e+04
   3.7200000e+02  -3.3833496e+03  -2.5552808e+03
   3.7300000e+02   7.4160971e+02  -2.3064812e+02
   3.7400000e+02   4.4419202e+03  -9.7249636e+03
   3.7500000e+02  -7.6568250e+02  -5.1399525e+03
   3.7600000e+02   6.4351162e+03  -8.5459862e+03
   3.7700000e+02   3.9884620e+04  -1.8743708e+04
   3.7800000e+02   4.5600627e+04  -1.5191774e+04
   3.7900000e+02   1.2622577e+04  -6.0529855e+03
   3.8000000e+02  -1.0169480e+04  -6.3288120e+03
   3.8100000e+02   1.4686284e+03  -4.6007349e+03
   3.8200000e+02   2.8417020e+04  -4.0837043e+03
   3.8300000e+02   3.0851330e+04  -5.6636447e+03
   3.8400000e+02  -1.9728750e+03   8.4224481e+03
   3.8500000e+02  -2.6540648e+04   2.2613074e+03
   3.8600000e+02  -7.2027669e+03  -2.3893890e+04
   3.8700000e+02   1.5546251e+04  -1.7344256e+04
   3.8800000e+02   2.9851980e+03   9.4590730e+02
   3.8900000e+02  -2.2817649e+03   8.0889642e+03
   3.9000000e+02   2.4880692e+04   6.5679235e+03
   3.9100000e+02   4.2103471e+04  -1.0115430e+04
   3.9200000e+02   2.0792058e+04  -1.6496366e+04
   3.9300000e+02  -1.5666733e+04   4.1457113e+03
   3.9400000e+02  -2.8523632e+04   3.0777209e+04
   3.9500000e+02  -4.1009660e+03   2.6402188e+04
   3.9600000e+02   4.1630312e+04  -6.1588630e+03
   3.9700000e+02   6.3153997e+04  -1.2391313e+04
   3.9800000e+02   3.6475564e+04   1.6855827e+04
   3.9900000e+02  -1.9427456e+03   3.8416914e+04
   4.0000000e+02  -2.2792164e+04   2.0468581e+04
   4.0100000e+02  -2.6653665e+04  -1.9676930e+04
   4.0200000e+02  -2.6244450e+04  -3.2559079e+04
   4.0300000e+02  -2.3432600e+04  -5.4665030e+03
   4.0400000e+02   4.7891631e+03   3.5143928e+04
   4.0500000e+02   4.1898492e+04   4.5544872e+04
   4.0600000e+02   4.9290624e+04   1.6738801e+04
   4.0700000e+02   1.5939511e+04  -2.5593116e+03
   4.0800000e+02  -3.3354464e+04   6.1244039e+03
   4.0900000e+02  -3.6438580e+04   2.3030905e+04
   4.1000000e+02  -8.8133505e+03   2.9121206e+04
   4.1100000e+02  -9.5068473e+03   1.9761529e+04
   4.1200000e+02  -6.3934161e+03   1.6411950e+04
   4.1300000e+02   1.6629331e+04   2.1090535e+04
   4.1400000e+02   2.6438514e+04   1.6975723e+04
   4.1500000e+02   1.9033040e+04   1.5486748e+03
   4.1600000e+02  -8.2821004e+03  -1.4643013e+04
   4.1700000e+02  -3.3500504e+04  -1.2494705e+04
   4.1800000e+02  -1.4687254e+04   8.8328240e+03
   4.1900000e+02   1.5977025e+04   2.7925658e+04
   4.2000000e+02   4.0270376e+03   2.2862130e+04
   4.2100000e+02  -1.5153450e+04   5.6325204e+02
   4.2200000e+02  -2.9999718e+03  -6.7230587e+03
   4.2300000e+02   1.9146674e+03   2.7325228e+03
   4.2400000e+02  -1.6925050e+04   6.6657296e+03
   4.2500000e+02  -2.7863687e+04   2.3853873e+03
   4.2600000e+02  -1.5746849e+04   3.7298204e+03
   4.2700000e+02  -1.4869458e+03   7.0323805e+03
   4.2800000e+02  -9.9235219e+03  -2.5304406e+03
   4.2900000e+02  -2.5085458e+04  -1.2753421e+04
   4.3000000e+02  -2.6759819e+04  -1.4795672e+04
   4.3100000e+02  -2.0811382e+04  -8.9318055e+03
   4.3200000e+02  -1.4978828e+04   5.4193400e+03
   4.3300000e+02  -6.9824283e+03   6.2280595e+03
   4.3400000e+02   6.5846655e+03  -6.4335307e+03
   4.3500000e+02   4.1688294e+03  -1.5261020e+04
   4.3600000e+02  -9.2018282e+03  -1.6304667e+04
   4.3700000e+02  -1.9955135e+03  -5.3203994e+03
   4.3800000e+02   4.7051267e+03   7.4445508e+02
   4.3900000e+02  -7.2490293e+03  -4.8938387e+03
   4.4000000e+02  -1.9951813e+04  -1.4673909e+04
   4.4100000e+02  -1.2394847e+04  -2.8107251e+04
   4.4200000e+02   1.4592890e+04  -2.2156879e+04
   4.4300000e+02   1.7533651e+04  -4.0583830e+03
   4.4400000e+02  -4.8533323e+03  -2.1956679e+03
   4.4500000e+02  -1.1398773e+04  -5.6949034e+03
   4.4600000e+02  -5.1604616e+03  -1.0949194e+04
   4.4700000e+02  -7.0464964e+03  -1.3063544e+04
   4.4800000e+02  -1.3100317e+04  -9.3512200e+02
   4.4900000e+02  -6.5473173e+02   1.2958658e+03
   4.5000000e+02   1.3711737e+04  -1.4752531e+04
   4.5100000e+02   5.0188287e+03  -1.9012119e+04
   4.5200000e+02  -3.0339335e+03   5.6615981e+02
   4.5300000e+02  -1.4196493e+04   1.3198596e+04
   4.5400000e+02  -2.2223142e+04  -1.2218979e+04
   4.5500000e+02   5.9103016e+03  -3.7308969e+04
   4.5600000e+02   3.4347494e+04  -1.0692894e+04
   4.5700000e+02   2.9966160e+04   1.4938039e+04
   4.5800000e+02   7.2210595e+03  -1.4257809e+04
   4.5900000e+02  -1.1920026e+04  -3.6639857e+04
   4.6000000e+02   3.6503425e+03  -1.3630597e+04
   4.6100000e+02   3.9321527e+04   8.1849926e+03
   4.6200000e+02   3.4583290e+04   6.9690711e+03
   4.6300000e+02  -8.8217679e+03  -9.1927285e+03
   4.6400000e+02  -2.2978931e+04  -2.9152119e+04
   4.6500000e+02   1.8729853e+03  -1.7248059e+04
   4.6600000e+02   1.9569553e+04   2.9326380e+04
   4.6700000e+02   1.6122201e+04   4.4641547e+04
   4.6800000e+02  -6.3378333e+03   6.0182013e+03
   4.6900000e+02  -2.0208818e+04  -2.9758251e+04
   4.7000000e+02   2.9290533e+03  -2.7922345e+04
   4.7100000e+02   2.3807136e+04   6.7117644e+03
   4.7200000e+02   9.5568966e+03   3.9992364e+04
   4.7300000e+02  -1.7793938e+04   3.1025633e+04
   4.7400000e+02  -2.0356543e+04   1.0743675e+03
   4.7500000e+02   1.6093534e+04  -1.1287076e+04
   4.7600000e+02   4.7075773e+04  -3.2054936e+02
   4.7700000e+02   3.1690001e+04   1.7279828e+04
   4.7800000e+02   9.4649448e+02   9.9787326e+03
   4.7900000e+02  -3.0748246e+03  -9.9337051e+03
   4.8000000e+02   6.4369115e+03  -7.0291177e+03
   4.8100000e+02   1.3740239e+04   1.1368691e+04
   4.8200000e+02   2.6003863e+04   2.3878304e+04
   4.8300000e+02   1.7814355e+04   2.0589368e+04
   4.8400000e+02  -1.5017512e+04   6.9773471e+03
   4.8500000e+02  -2.4196590e+04  -4.3506278e+03
   4.8600000e+02   2.8173813e+03  -4.1360091e+03
   4.8700000e+02   2.9675984e+04   1.4053844e+04
   4.8800000e+02   1.6882827e+04   3.1340809e+04
   4.8900000e+02  -2.0272920e+04   1.9117279e+04
   4.9000000e+02  -2.3105231e+04  -6.4729973e+03
   4.9100000e+02   3.3660714e+03  -7.1017519e+02
   4.9200000e+02   8.1057645e+03   2.4225273e+04
   4.9300000e+02  -6.4300834e+03   2.2744305e+04
   4.9400000e+02  -4.2439153e+03   5.9632197e+03
   4.9500000e+02   8.7224298e+03  -5.1736003e+02
   4.9600000e+02   7.2546663e+03   1.0703294e+04
   4.9700000e+02   9.5886105e+02   2.9402245e+04
   4.9800000e+02  -3.5536664e+03   1.8487001e+04
   4.9900000e+02  -1.3924184e+04  -7.5054002e+03
   5.0000000e+02  -2.0673912e+04  -1.3306846e+04
   5.0100000e+02  -1.4112027e+04  -1.0589775e+04
   5.0200000e+02   3.7471397e+03   1.2625394e+03
   5.0300000e+02   1.9082300e+04   1.6245211e+04
   5.0400000e+02   2.1257097e+04   8.0519329e+03
   5.0500000e+02   1.2493459e+04  -1.1968884e+04
   5.0600000e+02  -7.3845891e+03  -1.1306113e+04
   5.0700000e+02  -2.5192177e+04   5.8812111e+03
   5.0800000e+02  -2.0849145e+04   2.3315823e+03
   5.0900000e+02  -2.5575100e+03  -1.3002744e+04
   5.1000000e+02   1.9784650e+03  -7.5587031e+03
   5.1100000e+02  -1.8369563e+04   1.5657728e+03
   5.1200000e+02  -3.5586123e+04  -8.7980700e+01
   5.1300000e+02  -2.4630150e+04  -4.6881499e+03
   5.1400000e+02  -1.1403296e+04  -1.0623410e+04
   5.1500000e+02  -1.8358975e+04  -1.7458534e+04
   5.1600000e+02  -2.6468053e+04  -1.5033504e+04
   5.1700000e+02  -2.8622723e+04   1.1170024e+04
   5.1800000e+02  -2.7523153e+04   2.4328192e+04
   5.1900000e+02  -1.0239368e+04  -8.0972851e+03
   5.2000000e+02   1.8027664e+04  -2.6452185e+04
   5.2100000e+02   3.1743830e+04  -1.6538320e+03
   5.2200000e+02   1.0211442e+04   9.8692185e+03
   5.2300000e+02  -2.3935390e+04  -7.7157805e+03
   5.2400000e+02  -2.4566289e+04  -1.2530223e+04
   5.2500000e+02  -1.0715686e+04   4.7588728e+03
   5.2600000e+02  -9.6126104e+03   5.9812040e+01
   5.2700000e+02  -7.0356684e+03  -3.7557867e+04
   5.2800000e+02  -1.0189557e+04  -4.6927145e+04
   5.2900000e+02  -1.1360434e+04  -1.0517725e+04
   5.3000000e+02   6.9140731e+03   1.3029794e+04
   5.3100000e+02   1.7024139e+04   6.7950467e+03
   5.3200000e+02   6.8353557e+02  -5.0650630e+03
   5.3300000e+02  -1.4408902e+04  -1.2922197e+04
   5.3400000e+02  -5.9874137e+03  -8.9130500e+03
   5.3500000e+02   5.7221216e+03  -2.9944791e+03
   5.3600000e+02   1.7315005e+04   2.9456506e+03
   5.3700000e+02   3.1979776e+04   1.5503489e+04
   5.3800000e+02   1.7486674e+04   4.1254488e+03
   5.3900000e+02  -6.7211471e+03  -2.2402176e+04
   5.4000000e+02  -6.1238422e+03  -2.3211753e+04
   5.4100000e+02   1.5977268e+03  -6.1987480e+03
   5.4200000e+02   6.5284848e+02   8.4500363e+03
   5.4300000e+02  -9.8129065e+03  -3.9111202e+03
   5.4400000e+02   3.1054053e+03  -3.0168462e+04
   5.4500000e+02   3.4438961e+04  -1.4326691e+04
   5.4600000e+02   2.3910016e+04   1.5422074e+04
   5.4700000e+02  -3.4713447e+03   6.6626290e+03
   5.4800000e+02  -2.0184011e+03  -1.1177135e+04
   5.4900000e+02   1.5544806e+04  -6.9412132e+03
   5.5000000e+02   3.3650322e+04   1.0648500e+04
   5.5100000e+02   3.6290224e+04   1.9567341e+04
   5.5200000e+02   2.9598291e+04   1.8981223e+03
   5.5300000e+02   2.7377944e+04  -3.0650342e+04
   5.5400000e+02   2.1082978e+04  -3.0690685e+04
   5.5500000e+02   7.6116685e+03   1.8519687e+04
   5.5600000e+02   2.5045855e+03   4.5645291e+04
   5.5700000e+02   2.1116791e+04   1.0806493e+04
   5.5800000e+02   3.8050442e+04  -1.8947750e+04
   5.5900000e+02   2.4176388e+04  -3.0497617e+03
   5.6000000e+02  -1.4068482e+04   2.4742916e+04
   5.6100000e+02  -4.2802669e+04   2.6809481e+04
   5.6200000e+02  -2.1148486e+04   2.7584829e+03
   5.6300000e+02   1.2494300e+04  -1.4313549e+04
   5.6400000e+02   1.4289262e+04  -9.7145708e+03
   5.6500000e+02   1.5797034e+04   1.2357450e+04
   5.6600000e+02   5.6908703e+03   3.3714138e+04
   5.6700000e+02  -2.2740550e+04   1.1590332e+04
   5.6800000e+02  -2.4488453e+04  -3.1783202e+04
   5.6900000e+02  -4.2404501e+03  -2.4248243e+04
   5.7000000e+02   1.4370935e+04   1.8702977e+04
   5.7100000e+02   1.9762489e+04   3.3443525e+04
   5.7200000e+02   6.3936143e+03   2.5050817e+04
   5.7300000e+02  -6.0016970e+03   2.7840568e+04
   5.7400000e+02  -8.7797061e+03   2.1413107e+04
   5.7500000e+02  -1.2773032e+04  -4.7044196e+03
   5.7600000e+02  -2.2179747e+04  -3.7306601e+03
   5.7700000e+02  -2.0416917e+04   1.9024812e+04
   5.7800000e+02   5.3438023e+03   2.3876822e+04
   5.7900000e+02   1.7416752e+04   2.3224872e+04
   5.8000000e+02  -8.5466311e+03   1.7756661e+04
   5.8100000e+02  -3.2166680e+04   1.1287679e+03
   5.8200000e+02  -3.6970237e+04  -4.3536581e+03
   5.8300000e+02  -3.1174579e+04  -3.7124401e+03
   5.8400000e+02   1.8659500e+01  -1.0231193e+04
   5.8500000e+02   2.3091716e+04  -7.8700787e+03
   5.8600000e+02   5.0431651e+02   1.1333050e+04
   5.8700000e+02  -2.3652170e+04   1.7780051e+04
   5.8800000e+02  -2.2258835e+04  -5.3207473e+03
   5.8900000e+02  -7.7658835e+03  -8.5540085e+03
   5.9000000e+02   1.1789954e+04   2.1947858e+04
   5.9100000e+02   1.0034122e+04   1.7001930e+04
   5.9200000e+02  -8.6289197e+03  -1.9754642e+04
   5.9300000e+02  -1.7445803e+04  -1.6183503e+04
   5.9400000e+02  -2.1520216e+04   8.8837767e+03
   5.9500000e+02  -1.6515116e+04   1.1594003e+03
   5.9600000e+02  -7.6756561e+03  -1.3813122e+04
   5.9700000e+02  -1.6546669e+04  -6.6098330e+03
   5.9800000e+02  -2.0998663e+04  -2.8178419e+03
   5.9900000e+02  -9.8235775e+03  -1.3098679e+04
   6.0000000e+02  -1.0094910e+04  -1.8260640e+04
   6.0100000e+02  -1.3386186e+04  -1.9797058e+04
   6.0200000e+02  -6.4840730e+02  -1.9110720e+04
   6.0300000e+02   1.3502338e+04   2.8214432e+03
   6.0400000e+02   1.2401528e+04   1.9840883e+04
   6.0500000e+02  -6.1666168e+03  -8.5417331e+03
   6.0600000e+02  -1.8983759e+04  -3.5992831e+04
   6.0700000e+02  -2.0740960e+03  -1.5203314e+04
   6.0800000e+02   2.3898845e+04   1.7130762e+04
   6.0900000e+02   2.4054520e+04   2.1068303e+04
   6.1000000e+02  -2.2719040e+03  -9.8842261e+03
   6.1100000e+02  -1.9189350e+04  -4.0585302e+04
   6.1200000e+02  -8.0759315e+03  -2.4434111e+04
   6.1300000e+02   9.6864923e+03   4.4057701e+03
   6.1400000e+02   1.7466341e+04   2.6583414e+03
   6.1500000e+02   5.5455148e+03  -1.2121758e+04
   6.1600000e+02  -8.0246951e+03  -3.4377756e+04
   6.1700000e+02   1.2836208e+04  -4.1842683e+04
   6.1800000e+02   3.9022786e+04  -1.0801787e+04
   6.1900000e+02   2.8218337e+04   7.6766519e+03
   6.2000000e+02  -4.9680555e+03  -8.2744259e+02
   6.2100000e+02  -2.3462678e+04   8.3429860e+02
   6.2200000e+02   1.8739042e+03  -6.6449763e+03
   6.2300000e+02   4.5581341e+04  -2.3098257e+04
   6.2400000e+02   4.2425759e+04  -7.1799504e+03
   6.2500000e+02  -4.2125948e+03   2.1618943e+04
   6.2600000e+02  -2.1556039e+04   2.1426708e+04
   6.2700000e+02  -2.1102876e+02  -2.6419210e+03
   6.2800000e+02   9.6699805e+03  -2.3299742e+04
   6.2900000e+02   1.2377011e+04  -1.8529240e+04
   6.3000000e+02   1.5150497e+04   6.6362680e+03
   6.3100000e+02   4.1514363e+03   1.5055762e+04
   6.3200000e+02   5.4537950e+02  -2.2323190e+03
   6.3300000e+02   4.3058860e+03  -1.5126754e+04
   6.3400000e+02   5.5499975e+03  -1.3814408e+04
   6.3500000e+02   1.1437760e+04   3.1617907e+03
   6.3600000e+02   1.0768852e+04   2.7070791e+04
   6.3700000e+02   4.1381960e+03   2.6251539e+04
   6.3800000e+02  -6.8172238e+02   5.5402464e+03
   6.3900000e+02  -1.1091235e+03  -7.1121368e+03
   6.4000000e+02   1.6117994e+03   1.2544350e+03
   6.4100000e+02  -6.0047102e+03   2.0906064e+04
   6.4200000e+02  -1.1837169e+04   2.3104294e+04
   6.4300000e+02  -2.4246327e+03   1.2689389e+04
   6.4400000e+02   8.5505476e+03  -6.5406133e+02
   6.4500000e+02   1.3718914e+04  -1.0046991e+04
   6.4600000e+02   1.0717664e+04   1.0412507e+04
   6.4700000e+02   1.3399508e+03   2.6809298e+04
   6.4800000e+02  -6.6537576e+03   7.5803254e+03
   6.4900000e+02  -6.5712190e+03  -6.3403685e+03
   6.5000000e+02   4.8916129e+03   1.1127882e+04
   6.5100000e+02   1.4704632e+04   3.7209413e+04
   6.5200000e+02   4.9518169e+03   2.5631708e+04
   6.5300000e+02  -9.7723299e+03  -6.4889645e+03
   6.5400000e+02  -1.6637443e+03   1.0414858e+02
   6.5500000e+02   7.9529291e+03   2.5515170e+04
   6.5600000e+02  -1.4441321e+03   3.3974960e+04
   6.5700000e+02  -8.3569975e+03   2.2372139e+04
   6.5800000e+02  -1.3773148e+04   1.8255022e+02
   6.5900000e+02  -1.4353757e+04  -8.6610523e+03
   6.6000000e+02  -6.4608880e+02  -4.0881427e+03
   6.6100000e+02   3.9059601e+03   1.0256032e+04
   6.6200000e+02  -5.3042899e+03   2.4032950e+04
   6.6300000e+02  -1.9550533e+04   1.5066589e+04
   6.6400000e+02  -1.8366078e+04  -8.8888964e+03
   6.6500000e+02   6.1461682e+03  -2.4939663e+04
   6.6600000e+02   2.2182180e+03  -6.5834283e+03
   6.6700000e+02  -2.2201039e+04   1.8525894e+04
   6.6800000e+02  -1.0396073e+04   3.2373335e+03
   6.6900000e+02   8.7287673e+03  -8.1311360e+03
   6.7000000e+02   3.4679376e+03   6.8480440e+03
   6.7100000e+02  -3.6134633e+03   1.2180533e+04
   6.7200000e+02  -6.7041015e+03   1.2109793e+04
   6.7300000e+02  -7.2061619e+03   8.5852985e+03
   6.7400000e+02   6.6140947e+02  -4.1071648e+03
   6.7500000e+02  -1.5514489e+03  -8.2061556e+03
   6.7600000e+02  -2.0219370e+04  -5.5899650e+03
   6.7700000e+02  -2.6551774e+04  -1.5556143e+04
   6.7800000e+02  -1.6493383e+04  -1.9589130e+04
   6.7900000e+02  -8.4255535e+03   2.0037678e+03
   6.8000000e+02  -1.0064051e+04   5.2140976e+03
   6.8100000e+02  -1.7151540e+04  -2.3912694e+04
   6.8200000e+02  -6.7828227e+03  -3.7659693e+04
   6.8300000e+02   1.0837634e+04  -3.0632157e+04
   6.8400000e+02  -3.0582433e+03  -1.9944594e+04
   6.8500000e+02  -2.6359345e+04  -4.5515198e+03
   6.8600000e+02  -1.8036983e+04   3.2286351e+03
   6.8700000e+02   5.6830671e+03  -1.5548234e+04
   6.8800000e+02   2.0092706e+04  -4.2440915e+04
   6.8900000e+02   2.3807095e+04  -3.0891229e+04
   6.9000000e+02   9.6371995e+03   7.7394665e+03
   6.9100000e+02  -1.0015584e+04   1.6246702e+04
   6.9200000e+02  -7.3521790e+03  -9.2815779e+03
   6.9300000e+02   6.2117573e+02  -2.6021725e+04
   6.9400000e+02  -2.0356306e+03  -1.7238028e+04
   6.9500000e+02   2.5710820e+03  -6.9516265e+03
   6.9600000e+02   1.4786231e+04  -6.4429975e+03
   6.9700000e+02   2.2636959e+04  -4.0498666e+03
   6.9800000e+02   7.2254910e+03  -6.8381762e+03
   6.9900000e+02  -2.6044312e+04  -2.4828314e+04
   7.0000000e+02  -2.1976950e+04  -3.4257273e+04
   7.0100000e+02   1.8812402e+04  -7.5602686e+03
   7.0200000e+02   3.3902156e+04   2.3560855e+04
   7.0300000e+02   1.0634265e+04   1.2615936e+04
   7.0400000e+02  -1.6842939e+04  -1.0997299e+04
   7.0500000e+02  -1.5248741e+04  -3.9157799e+03
   7.0600000e+02   3.0222153e+03   1.5059537e+04
   7.0700000e+02   1.0735656e+03   1.9296934e+04
   7.0800000e+02   5.1390448e+03   9.3816689e+03
   7.0900000e+02   2.2019337e+04  -3.9489222e+03
   7.1000000e+02   8.8044469e+03   7.4285868e+03
   7.1100000e+02   3.6110652e+03   3.6395696e+04
   7.1200000e+02   2.5835965e+04   1.9922075e+04
   7.1300000e+02   1.6252578e+04  -2.4336090e+04
   7.1400000e+02  -7.2124604e+03  -2.6269583e+04
   7.1500000e+02   4.8389407e+03  -2.7215310e+03
   7.1600000e+02   3.3207695e+04   1.7543269e+04
   7.1700000e+02   3.3802691e+04   2.8351503e+04
   7.1800000e+02   6.9374192e+03   1.3765124e+04
   7.1900000e+02   1.1021155e+03  -7.2603106e+03
   7.2000000e+02   1.0259386e+04  -3.4143373e+03
   7.2100000e+02   4.8515036e+03   2.3252806e+04
   7.2200000e+02   3.6489225e+03   3.3872928e+04
   7.2300000e+02   5.1193298e+03   1.8736072e+04
   7.2400000e+02   7.7303542e+03   1.0617716e+04
   7.2500000e+02   1.2937471e+04  -6.2486011e+02
   7.2600000e+02   2.2058822e+03  -9.8394204e+03
   7.2700000e+02  -4.7188052e+03   1.1979861e+04
   7.2800000e+02   1.0230245e+02   2.8846217e+04
   7.2900000e+02  -4.2234256e+03   1.2071091e+04
   7.3000000e+02  -7.1953140e+03  -1.4648855e+04
   7.3100000e+02  -1.9765664e+03  -1.7981051e+04
   7.3200000e+02   1.1199613e+03   1.3598632e+03
   7.3300000e+02   5.0074400e+03   7.5445665e+03
   7.3400000e+02   1.2288452e+04   3.9391794e+03
   7.3500000e+02   1.0586074e+04   1.2311640e+04
   7.3600000e+02  -2.4010565e+03   2.5075168e+04
   7.3700000e+02  -1.5429088e+04   2.8257333e+04
   7.3800000e+02  -2.1367597e+04   9.6146934e+03
   7.3900000e+02  -1.5035065e+04  -1.6964331e+04
   7.4000000e+02  -5.7587067e+03  -1.4165732e+04
   7.4100000e+02   5.1868632e+03   1.7134325e+04
   7.4200000e+02   2.0543053e+04   2.7533430e+04
   7.4300000e+02   1.0857374e+04   7.6954933e+03
   7.4400000e+02  -2.2400451e+04  -3.2616503e+03
   7.4500000e+02  -3.6061712e+04  -8.7192580e+03
   7.4600000e+02  -9.5736719e+03  -1.5775895e+04
   7.4700000e+02   2.5349024e+04  -9.6092508e+03
   7.4800000e+02   1.4003742e+04   3.8238329e+03
   7.4900000e+02  -2.7257049e+04   1.6638909e+04
   7.5000000e+02  -4.3396838e+04   5.0723618e+03
   7.5100000e+02  -2.1841196e+04  -2.1758567e+04
   7.5200000e+02   8.7855761e+03  -1.1738302e+04
   7.5300000e+02  -3.0954426e+03   1.2674713e+04
   7.5400000e+02  -3.8519021e+04   1.0290198e+04
   7.5500000e+02  -3.7181446e+04   1.2027062e+03
   7.5600000e+02  -1.0842290e+04  -6.0639560e+03
   7.5700000e+02   3.1382905e+03  -1.8042940e+04
   7.5800000e+02  -1.3198385e+04  -9.9912106e+03
   7.5900000e+02  -2.8234772e+04   1.2909570e+04
   7.6000000e+02  -9.7110044e+02  -1.0337976e+02
   7.6100000e+02   2.0572946e+04  -2.4422517e+04
   7.6200000e+02  -2.5098118e+03  -1.4324729e+04
   7.6300000e+02  -2.2131424e+04  -8.0070318e+03
   7.6400000e+02  -9.3023292e+03  -1.5346188e+04
   7.6500000e+02   3.7146908e+03  -1.7237454e+04
   7.6600000e+02   3.4137527e+03  -2.1229481e+04
   7.6700000e+02   2.7676320e+03  -1.0001477e+04
   7.6800000e+02  -8.8664685e+03   9.5714717e+03
   7.6900000e+02  -1.3247132e+04   3.5825968e+03
   7.7000000e+02   6.3604258e+03  -1.2098368e+04
   7.7100000e+02   3.4606523e+03  -1.1061456e+04
   7.7200000e+02  -1.5290780e+04  -9.7039281e+02
   7.7300000e+02  -8.5591667e+02   7.2798955e+03
   7.7400000e+02   1.8157812e+04   2.9562991e+03
   7.7500000e+02   5.4062456e+03  -2.1149663e+04
   7.7600000e+02  -5.8238052e+03  -3.0826852e+04
   7.7700000e+02   6.2984541e+03  -1.0553747e+04
   7.7800000e+02   1.7401063e+04   3.4267555e+03
   7.7900000e+02   1.9437571e+04   4.9440050e+02
   7.8000000e+02   5.9082555e+03  -1.6975981e+04
   7.8100000e+02  -1.1767661e+04  -3.2116058e+04
   7.8200000e+02   7.6542997e+03  -1.2480098e+04
   7.8300000e+02   3.1922569e+04   1.6331376e+04
   7.8400000e+02   1.6945283e+04   1.9872218e+04
   7.8500000e+02  -4.7279996e+03   4.2149229e+03
   7.8600000e+02  -4.5540626e+03  -8.5772706e+03
   7.8700000e+02   7.9724974e+03  -5.5161004e+03
   7.8800000e+02   9.2230863e+03  -7.9871980e+03
   7.8900000e+02   6.7076668e+03  -9.7471950e+03
   7.9000000e+02   1.8998769e+04   5.8796893e+03
   7.9100000e+02   2.7293224e+04   4.2745511e+03
   7.9200000e+02   2.2993707e+04  -1.0669042e+04
   7.9300000e+02   9.0608884e+03  -1.8143608e+03
   7.9400000e+02  -2.1055853e+03   1.5002448e+04
   7.9500000e+02   3.0024269e+03   1.4200239e+04
   7.9600000e+02   9.3938316e+03   3.7706751e+03
   7.9700000e+02   1.7851198e+04   1.5742140e+03
   7.9800000e+02   1.5923303e+04   9.7841653e+03
   7.9900000e+02  -2.9695517e+03   1.1565799e+04
   8.0000000e+02   4.2520886e+03   2.6919351e+03
   8.0100000e+02   2.0097889e+04   2.8556836e+03
   8.0200000e+02   5.2308105e+03   7.8861113e+03
   8.0300000e+02  -7.3338630e+03   7.1706417e+02
   8.0400000e+02   6.2100696e+03  -2.9168402e+03
   8.0500000e+02   2.2635976e+04   1.0642119e+03
   8.0600000e+02   2.0976864e+04   2.5480509e+03
   8.0700000e+02   9.8272674e+03   7.6727944e+03
   8.0800000e+02   2.6595787e+03   9.1280975e+03
   8.0900000e+02   1.8819916e+03   8.4484983e+03
   8.1000000e+02   3.6542450e+03   1.8041963e+04
   8.1100000e+02  -3.3966674e+03   2.3895693e+04
   8.1200000e+02  -1.0557790e+04   2.1177793e+04
   8.1300000e+02  -6.5142009e+03   1.9983970e+04
   8.1400000e+02  -3.0908666e+03   1.5973118e+04
   8.1500000e+02  -1.0947731e+04   1.2028098e+04
   8.1600000e+02  -2.7615109e+04   1.8037942e+04
   8.1700000e+02  -2.7468135e+04   2.2988622e+04
   8.1800000e+02  -8.5974510e+03   1.3833171e+04
   8.1900000e+02  -5.8533519e+03  -4.8025212e+03
   8.2000000e+02  -9.8789828e+03  -1.5323592e+04
   8.2100000e+02  -2.1775387e+03  -3.0189726e+03
   8.2200000e+02  -3.9727222e+03   8.1635758e+03
   8.2300000e+02  -1.3118627e+04  -2.1479291e+02
   8.2400000e+02  -1.3319094e+04  -2.8722391e+03
   8.2500000e+02  -1.1435490e+04   4.5444673e+02
   8.2600000e+02  -5.3053272e+03  -1.6941161e+03
   8.2700000e+02   3.4514892e+03   1.2730433e+03
   8.2800000e+02   1.7548909e+03   1.1418303e+04
   8.2900000e+02  -2.5982682e+02   1.9406788e+04
   8.3000000e+02  -4.1018848e+03   5.9253178e+03
   8.3100000e+02  -1.8110722e+04  -8.2318550e+03
   8.3200000e+02  -2.4572577e+04   1.0438074e+04
   8.3300000e+02  -2.4431282e+04   2.0122288e+04
   8.3400000e+02  -2.0488435e+04  -2.2409567e+03
   8.3500000e+02  -8.3785215e+03  -1.9528627e+04
   8.3600000e+02  -1.5191011e+03  -1.2374643e+04
   8.3700000e+02   9.6146157e+02   8.6866773e+03
   8.3800000e+02  -5.7868124e+03   3.7304100e+03
   8.3900000e+02  -2.1598961e+04  -2.8041108e+04
   8.4000000e+02  -1.9939286e+04  -3.3354211e+04
   8.4100000e+02  -6.4675246e+03  -1.3423613e+04
   8.4200000e+02  -6.6970353e+01  -2.3186799e+03
   8.4300000e+02   3.6465735e+02  -6.3275356e+03
   8.4400000e+02  -9.1103286e+02  -1.9004414e+04
   8.4500000e+02  -5.5918915e+03  -1.6166523e+04
   8.4600000e+02  -1.7952551e+04   1.4156118e+03
   8.4700000e+02  -1.7054352e+04  -3.4175647e+03
   8.4800000e+02   4.1007515e+03  -1.8741881e+04
   8.4900000e+02   1.4646028e+04  -1.4493038e+04
   8.5000000e+02   9.0271691e+03  -5.7593397e+03
   8.5100000e+02   3.0131160e+03  -9.9250733e+02
   8.5200000e+02   1.3836346e+02  -5.8162558e+03
   8.5300000e+02   3.1104620e+01  -2.5618166e+04
   8.5400000e+02   7.8059577e+03  -2.9980256e+04
   8.5500000e+02   1.7759230e+04  -1.4233834e+04
   8.5600000e+02   1.4403673e+04  -8.1879736e+03
   8.5700000e+02   1.3458037e+04  -1.4971304e+04
   8.5800000e+02   2.0060886e+04  -1.5317171e+04
   8.5900000e+02   9.6716362e+03  -1.5485324e+03
   8.6000000e+02   1.7586854e+03   6.5500558e+03
   8.6100000e+02   8.2873215e+03  -5.7023390e+01
   8.6200000e+02   1.8510618e+03  -1.0487383e+04
   8.6300000e+02  -9.0477409e+02  -1.7483006e+04
   8.6400000e+02   1.0391567e+04  -8.0795988e+03
   8.6500000e+02   7.3867373e+03   8.4493918e+03
   8.6600000e+02   7.4049354e+03   1.1910300e+04
   8.6700000e+02   1.8852161e+04   4.0063597e+02
   8.6800000e+02   9.1504547e+03  -2.1947449e+04
   8.6900000e+02  -3.8785863e+03  -1.9450840e+04
   8.7000000e+02   3.5530766e+03   1.6063723e+04
   8.7100000e+02   2.0866276e+04   2.0965175e+04
   8.7200000e+02   3.6894915e+04  -1.5994803e+04
   8.7300000e+02   2.1953508e+04  -2.8613107e+04
   8.7400000e+02  -8.7126010e+03   4.1268500e+03
   8.7500000e+02  -1.6516054e+03   3.3447671e+04
   8.7600000e+02   1.9876073e+04   3.0182202e+04
   8.7700000e+02   1.3817654e+04   1.1308808e+04
   8.7800000e+02  -5.9226842e+03  -1.5375592e+03
   8.7900000e+02  -1.1415796e+04   1.7686317e+03
   8.8000000e+02   3.0762742e+03   1.0110225e+04
   8.8100000e+02   1.9507901e+04   1.7190903e+04
   8.8200000e+02   2.1548474e+04   2.7800578e+04
   8.8300000e+02   7.3536131e+02   2.4024255e+04
   8.8400000e+02  -2.6418900e+04   5.9226078e+03
   8.8500000e+02  -2.0281352e+04  -6.5157424e+03
   8.8600000e+02   9.7258176e+03  -6.5669738e+03
   8.8700000e+02   1.8475923e+04   1.5714000e+04
   8.8800000e+02   5.5022216e+03   3.6304602e+04
   8.8900000e+02  -1.0290151e+02   2.4391033e+04
   8.9000000e+02  -1.2979284e+03   1.0798937e+04
   8.9100000e+02  -1.1751294e+04   6.9853538e+03
   8.9200000e+02  -7.5247880e+03  -5.6775182e+03
   8.9300000e+02   1.4178861e+04   1.6191995e+03
   8.9400000e+02   9.7694201e+03   2.6881828e+04
   8.9500000e+02  -1.5526664e+04   2.4423221e+04
   8.9600000e+02  -1.6935384e+04   1.2157905e+04
   8.9700000e+02  -5.5595169e+03   1.2240785e+04
   8.9800000e+02  -1.1310547e+04   4.0668304e+03
   8.9900000e+02  -1.7116549e+04  -5.4439180e+03
   9.0000000e+02  -8.6165446e+03  -1.8370914e+03
   9.0100000e+02   2.8681542e+02   9.0279654e+03
   9.0200000e+02   1.6933245e+03   1.2726430e+04
   9.0300000e+02  -2.3399102e+03   3.0685227e+03
   9.0400000e+02  -1.5978115e+02   5.3637017e+02
   9.0500000e+02   5.9981390e+03   7.7902071e+03
   9.0600000e+02  -8.8559415e+03   5.0515246e+03
   9.0700000e+02  -2.8554926e+04  -1.0069215e+04
   9.0800000e+02  -1.0951825e+04  -1.5024514e+04
   9.0900000e+02   1.3156876e+04   1.0506698e+04
   9.1000000e+02  -9.8873599e+03   2.3691144e+04
   9.1100000e+02  -3.8015963e+04  -5.5543655e+03
   9.1200000e+02  -2.2756329e+04  -2.4030214e+04
   9.1300000e+02  -3.8840236e+03  -1.7449699e+04
   9.1400000e+02  -9.0185044e+03  -1.3031996e+04
   9.1500000e+02  -1.6675954e+04  -2.7808021e+03
   9.1600000e+02  -6.8103351e+03   6.4560709e+03
   9.1700000e+02   1.1590381e+04  -6.2207341e+03
   9.1800000e+02   7.1302633e+03  -3.0077602e+04
   9.1900000e+02  -5.5202494e+03  -3.6272443e+04
   9.2000000e+02  -3.2050924e+03  -1.1534911e+04
   9.2100000e+02  -6.6610929e+03   1.2883128e+04
   9.2200000e+02  -6.7390202e+03   3.5317665e+03
   9.2300000e+02   9.0857986e+03  -1.5694710e+04
   9.2400000e+02   1.2170930e+04  -1.9765533e+04
   9.2500000e+02  -3.6401275e+03  -1.5075341e+04
   9.2600000e+02  -1.6037584e+04  -1.5171914e+03
   9.2700000e+02  -1.6052899e+04   9.5639941e+02
   9.2800000e+02  -6.7895880e+03  -1.5498002e+04
   9.2900000e+02   4.2607099e+03  -1.9389804e+04
   9.3000000e+02  -1.7291181e+03  -1.8773842e+04
   9.3100000e+02  -1.3952502e+04  -2.0726280e+04
   9.3200000e+02  -1.0345107e+03  -7.5235118e+03
   9.3300000e+02   6.5112563e+03  -2.1232862e+03
   9.3400000e+02  -1.4593055e+04  -1.6603388e+04
   9.3500000e+02  -1.4852958e+04  -2.4987492e+04
   9.3600000e+02   1.6817893e+04  -1.1542878e+04
   9.3700000e+02   2.5470221e+04   3.8237698e+03
   9.3800000e+02  -3.5608619e+03   9.7443092e+02
   9.3900000e+02  -1.5667690e+04   1.6425394e+03
   9.4000000e+02   1.2739213e+04   5.7418219e+03
   9.4100000e+02   3.0886508e+04  -7.6793719e+02
   9.4200000e+02   1.2269520e+04  -6.4023098e+03
   9.4300000e+02  -1.3935649e+03  -1.4125406e+04
   9.4400000e+02   1.0001554e+04  -8.8923234e+03
   9.4500000e+02   9.0507450e+03   9.9239072e+03
   9.4600000e+02  -9.8977743e+02   9.6336102e+03
   9.4700000e+02   1.4599348e+04   2.5499885e+03
   9.4800000e+02   2.5739750e+04  -2.5117886e+03
   9.4900000e+02   8.6807240e+03  -1.0190049e+04
   9.5000000e+02  -9.3092064e+03  -3.3157543e+03
   9.5100000e+02  -5.8868759e+03   1.5238754e+04
   9.5200000e+02   2.1664881e+04   2.2338887e+04
   9.5300000e+02   3.2318384e+04   4.6363241e+03
   9.5400000e+02   3.4239621e+03   3.0954887e+03
   9.5500000e+02  -1.1406771e+04   3.3103564e+04
   9.5600000e+02   7.1173490e+03   2.4933488e+04
   9.5700000e+02   1.4212674e+04  -8.0347579e+03
   9.5800000e+02   1.0460187e+04  -3.0682071e+03
   9.5900000e+02   2.7411306e+04   1.6706462e+04
   9.6000000e+02   3.7399162e+04   2.3376314e+04
   9.6100000e+02   1.7394502e+04   1.2478186e+04
   9.6200000e+02  -2.8067917e+03   5.8917230e+03
   9.6300000e+02  -7.2192897e+03   1.6641498e+04
   9.6400000e+02   6.2154327e+03  -4.1863243e+03
   9.6500000e+02   1.7299230e+04  -3.2043429e+04
   9.6600000e+02   2.6506020e+03  -2.7481627e+03
   9.6700000e+02  -1.4280193e+04   3.0335488e+04
   9.6800000e+02  -1.8606124e+04   1.7861537e+04
   9.6900000e+02  -6.7911020e+03  -1.9622956e+03
   9.7000000e+02   1.2188190e+04  -6.7450616e+02
   9.7100000e+02   3.4908826e+03   1.0976029e+04
   9.7200000e+02  -1.8455087e+04   1.5211515e+04
   9.7300000e+02  -1.8534237e+04   9.8726279e+03
   9.7400000e+02  -1.1991473e+02   6.6633040e+03
   9.7500000e+02   1.0890846e+04   1.3827843e+04
   9.7600000e+02   2.0242776e+03   1.9339872e+04
   9.7700000e+02  -4.1981260e+03   1.0921858e+04
   9.7800000e+02  -4.7629565e+03   5.0504964e+03
   9.7900000e+02  -2.3802133e+03   3.6183778e+03
   9.8000000e+02   9.8655204e+03  -6.9023667e+03
   9.8100000e+02   4.4020801e+03  -7.7016150e+03
   9.8200000e+02  -1.5743027e+04   6.3971925e+03
   9.8300000e+02  -1.4367729e+04   1.2885067e+03
   9.8400000e+02   4.0308244e+03  -2.0250784e+04
   9.8500000e+02   5.2017117e+03  -1.1356599e+04
   9.8600000e+02  -2.0283029e+04   9.9063110e+03
   9.8700000e+02  -3.5239344e+04  -1.2167514e+03
   9.8800000e+02  -2.7538089e+04   1.6222079e+02
   9.8900000e+02  -1.5498697e+04   1.9921103e+04
   9.9000000e+02  -4.3781981e+03   6.5190796e+02
   9.9100000e+02  -7.4989055e+03  -2.0521026e+04
   9.9200000e+02  -1.7128812e+04  -4.0803557e+03
   9.9300000e+02  -2.2714683e+04   1.4361107e+04
   9.9400000e+02  -2.6938114e+04   4.7761539e+03
   9.9500000e+02  -1.1600291e+04  -2.2114899e+04
   9.9600000e+02   5.2984323e+03  -1.6585338e+04
   9.9700000e+02   1.9436662e+03   1.0402185e+04
   9.9800000e+02   2.8845913e+02   4.4039947e+03
   9.9900000e+02  -3.4023680e+03  -1.4650876e+04
   1.0000000e+03  -1.2025346e+04  -1.9267342e+04
   1.0010000e+03  -7.4894544e+03  -1.0916230e+04
   1.0020000e+03   1.3495284e+03  -7.9011302e+02
   1.0030000e+03   6.0977531e+03  -3.6669707e+03
   1.0040000e+03   6.4114054e+02  -3.0220065e+03
   1.0050000e+03  -2.4997569e+04  -1.5069411e+03
   1.0060000e+03  -3.1142906e+04  -1.0206043e+04
   1.0070000e+03   4.3413257e+03  -1.1450601e+04
   1.0080000e+03   1.9532528e+04  -1.0560521e+04
   1.0090000e+03  -2.2489539e+03  -1.2931881e+04
   1.0100000e+03  -1.2109579e+04  -9.7416037e+03
   1.0110000e+03  -6.9685849e+03  -4.2010657e+03
   1.0120000e+03   1.0182288e+03  -2.1426999e+03
   1.0130000e+03   1.4464238e+04  -3.9049244e+03
   1.0140000e+03   1.3948216e+04  -1.4708447e+03
   1.0150000e+03  -8.4384390e+03  -4.7175685e+03
   1.0160000e+03  -1.1110167e+04  -1.7062373e+04
   1.0170000e+03   2.5420972e+04  -1.3755938e+04
   1.0180000e+03   4.4089932e+04  -2.1636216e+03
   1.0190000e+03   1.5206661e+04   2.3833682e+03
   1.0200000e+03  -1.8000322e+04   5.6823500e+03
   1.0210000e+03  -1.3541472e+04  -3.3290671e+03
   1.0220000e+03   2.6166840e+04  -2.1822092e+04
   1.0230000e+03   3.8478273e+04  -1.9806281e+04
   1.0240000e+03   2.6944724e+03   1.0213121e+03
   1.0250000e+03  -1.0376260e+04   5.5480738e+03
   1.0260000e+03   1.0933173e+04  -9.2082074e+03
   1.0270000e+03   1.4374706e+04  -1.3549655e+04
   1.0280000e+03   1.5632884e+03  -1.3131438e+03
   1.0290000e+03   3.4280884e+03   1.0595280e+04
   1.0300000e+03   1.3943423e+04   3.3223179e+03
   1.0310000e+03   1.4075410e+04  -1.5770943e+04
   1.0320000e+03   1.0697503e+04  -5.5226164e+03
   1.0330000e+03   5.6905998e+03   2.5660861e+04
   1.0340000e+03  -3.4533976e+03   2.2056840e+04
   1.0350000e+03  -2.0453016e+03  -3.3805111e+03
   1.0360000e+03   1.2395023e+04  -2.8551847e+03
   1.0370000e+03   2.7819746e+04   8.3247054e+03
   1.0380000e+03   2.4489131e+04   5.7054317e+03
   1.0390000e+03   2.4619307e+03   3.8822467e+03
   1.0400000e+03   1.7245321e+02   8.6995904e+03
   1.0410000e+03   2.4987755e+04   8.8959192e+03
   1.0420000e+03   3.6338842e+04   5.5710684e+03
   1.0430000e+03   1.5408230e+04   7.0495536e+03
   1.0440000e+03  -7.0643629e+03   7.0276765e+03
   1.0450000e+03  -3.4107598e+03   5.2440009e+02
   1.0460000e+03   7.0576805e+03   4.4049024e+02
   1.0470000e+03   3.9726681e+02   7.9035643e+03
   1.0480000e+03  -1.4440941e+04   9.7914248e+03
   1.0490000e+03  -1.3803482e+04   6.2910426e+03
   1.0500000e+03  -2.7749691e+03   9.5381870e+03
   1.0510000e+03  -7.6879059e+03   1.5234732e+04
   1.0520000e+03  -1.2418398e+04   1.0105123e+04
   1.0530000e+03  -1.6319584e+03   8.4778424e+03
   1.0540000e+03  -3.5507397e+03   1.0571627e+04
   1.0550000e+03  -1.7907568e+04   6.1184577e+03
   1.0560000e+03  -1.7912388e+04   1.5109290e+04
   1.0570000e+03  -1.1434157e+03   2.3008656e+04
   1.0580000e+03   1.4024886e+04   1.5108370e+04
   1.0590000e+03   7.2008319e+03   7.5582795e+03
   1.0600000e+03  -1.5420420e+04  -8.2704471e+03
   1.0610000e+03  -2.2304410e+04  -6.8778779e+03
   1.0620000e+03  -3.2343254e+03   2.3026971e+04
   1.0630000e+03   1.2287108e+04   2.4408773e+04
   1.0640000e+03  -3.4478836e+03  -2.8130630e+03
   1.0650000e+03  -3.2391104e+04  -1.3473643e+04
   1.0660000e+03  -2.8857215e+04  -4.2677091e+03
   1.0670000e+03   6.0533299e+03   1.2755029e+03
   1.0680000e+03   1.5471375e+04   1.2914194e+03
   1.0690000e+03  -1.1931059e+04   7.6657945e+03
   1.0700000e+03  -3.2390520e+04   1.8171160e+03
   1.0710000e+03  -3.4565532e+04  -1.0349158e+04
   1.0720000e+03  -2.5320098e+04  -1.4365063e+03
   1.0730000e+03  -3.2226086e+03   1.0163149e+04
   1.0740000e+03   7.8797134e+03   4.7055959e+03
   1.0750000e+03  -8.0955549e+03  -8.7907351e+03
   1.0760000e+03  -2.3083785e+04  -5.5734743e+03
   1.0770000e+03  -2.1073974e+04   1.1496630e+04
   1.0780000e+03  -1.4345061e+04   6.4789561e+03
   1.0790000e+03  -7.7831226e+03  -1.3741791e+04
   1.0800000e+03  -6.2358175e+03  -1.8514118e+04
   1.0810000e+03  -6.1072100e+00  -2.3408183e+03
   1.0820000e+03   1.6142787e+04   8.0449105e+03
   1.0830000e+03   1.5353885e+04  -1.3490606e+04
   1.0840000e+03   3.6533810e+03  -3.6257036e+04
   1.0850000e+03  -6.1513915e+03  -3.3672804e+04
   1.0860000e+03  -1.6590359e+04  -1.9927908e+04
   1.0870000e+03   6.3447618e+00  -1.0227433e+04
   1.0880000e+03   2.1611130e+04  -5.0310593e+03
   1.0890000e+03   9.3204644e+03   8.0694902e+03
   1.0900000e+03  -1.3129041e+03   1.6004315e+03
   1.0910000e+03   1.1984036e+03  -3.0486725e+04
   1.0920000e+03  -6.2143275e+03  -2.6600817e+04
   1.0930000e+03  -1.1914277e+04   5.3951231e+03
   1.0940000e+03  -6.1425935e+03   1.3191405e+04
   1.0950000e+03   2.2530100e+02  -2.6320782e+02
   1.0960000e+03   7.1607957e+03  -1.6649103e+04
   1.0970000e+03   2.0444180e+04  -2.0669849e+04
   1.0980000e+03   2.2344699e+04  -8.0346043e+03
   1.0990000e+03   8.0298101e+03   1.3983513e+02
   1.1000000e+03   4.1993109e+03  -1.3845220e+04
   1.1010000e+03   1.3772783e+04  -2.8601580e+04
   1.1020000e+03   2.2280353e+04  -1.7811994e+04
   1.1030000e+03   2.1920316e+04  -3.7445092e+03
   1.1040000e+03   1.1014966e+04  -4.3851079e+03
   1.1050000e+03   7.3877232e+03  -8.2027963e+03
   1.1060000e+03   1.4903829e+04  -9.3435687e+03
   1.1070000e+03   8.8327447e+03  -1.1530125e+02
   1.1080000e+03  -7.5046869e+03   1.2401751e+04
   1.1090000e+03  -8.5845358e+02   1.0390442e+04
   1.1100000e+03   2.3229144e+04  -1.1135822e+03
   1.1110000e+03   2.5538739e+04  -5.8708418e+03
   1.1120000e+03   5.2931209e+03   3.8268597e+03
   1.1130000e+03  -6.2149598e+03   1.0367953e+04
   1.1140000e+03  -2.5081166e+03   2.1517232e+03
   1.1150000e+03  -2.2496720e+01   5.7459383e+03
   1.1160000e+03   2.5415490e+02   1.8819227e+04
   1.1170000e+03   7.7689976e+03   8.2558211e+03
   1.1180000e+03   1.4957426e+04  -6.0073408e+03
   1.1190000e+03   8.4832159e+03   4.9092750e+03
   1.1200000e+03  -8.1571253e+03   1.9568624e+04
   1.1210000e+03  -7.9777941e+03   2.3943950e+04
   1.1220000e+03   1.4709851e+04   2.0147397e+04
   1.1230000e+03   1.7809215e+04   2.7856811e+03
   1.1240000e+03  -6.0596390e+03  -1.0251245e+04
   1.1250000e+03  -1.6497080e+04   4.3412742e+03
   1.1260000e+03  -1.9123035e+03   2.7801336e+04
   1.1270000e+03   1.4571044e+04   2.3163866e+04
   1.1280000e+03   9.0808984e+03  -6.1787988e+03
   1.1290000e+03  -1.1175742e+04  -1.5596716e+04
   1.1300000e+03  -1.9888984e+04   1.8206282e+04
   1.1310000e+03  -8.7101071e+03   4.9954707e+04
   1.1320000e+03   1.0979984e+04   2.3903062e+04
   1.1330000e+03   1.6592099e+04  -2.0415317e+04
   1.1340000e+03   1.5219801e+03  -1.0233193e+04
   1.1350000e+03  -1.4490832e+04   3.5758843e+04
   1.1360000e+03  -9.6908339e+03   5.1430949e+04
   1.1370000e+03   8.1567446e+03   1.3718743e+04
   1.1380000e+03   7.9184892e+03  -2.6000234e+04
   1.1390000e+03  -5.5098144e+03  -1.1612018e+04
   1.1400000e+03  -1.0810436e+04   2.3147209e+04
   1.1410000e+03  -5.5091141e+03   2.5171434e+04
   1.1420000e+03   4.2452277e+03   6.9247772e+03
   1.1430000e+03  -6.3335575e+03   3.7499818e+02
   1.1440000e+03  -2.3791000e+04  -6.4242728e+03
   1.1450000e+03  -1.6912569e+04  -2.1343794e+04
   1.1460000e+03  -1.2422576e+04  -3.9824499e+03
   1.1470000e+03  -1.8871629e+04   2.3121680e+04
   1.1480000e+03  -1.3371767e+04   1.0199890e+04
   1.1490000e+03   4.3181075e+02  -1.0478624e+04
   1.1500000e+03   2.7908005e+02  -1.9114093e+04
   1.1510000e+03  -2.2073261e+04  -1.4069224e+04
   1.1520000e+03  -2.7636592e+04   1.1707681e+03
   1.1530000e+03  -1.8380974e+03  -6.7974084e+03
   1.1540000e+03   9.9842153e+03  -1.3148098e+04
   1.1550000e+03  -3.3261035e+03   7.7262115e+03
   1.1560000e+03  -1.1564365e+04   1.6658261e+04
   1.1570000e+03  -7.5448401e+03  -3.5637857e+03
   1.1580000e+03  -1.4050895e+04  -2.3592269e+04
   1.1590000e+03  -1.9236098e+04  -1.6260727e+04
   1.1600000e+03   7.5001924e+03  -6.2709475e+03
   1.1610000e+03   2.2363072e+04  -1.2429690e+04
   1.1620000e+03  -6.0083540e+03  -1.2998887e+04
   1.1630000e+03  -2.0737969e+04  -1.2136167e+04
   1.1640000e+03   3.1053342e+03  -1.6150440e+04
   1.1650000e+03   2.0657479e+04  -2.1915976e+04
   1.1660000e+03   2.2731716e+03  -2.2719744e+04
   1.1670000e+03  -2.4216682e+04  -8.2407177e+03
   1.1680000e+03  -1.6709635e+04  -3.2484091e+03
   1.1690000e+03   1.0868384e+04  -9.6207465e+03
   1.1700000e+03   1.3211525e+04  -6.5964820e+03
   1.1710000e+03  -4.2537378e+03  -5.9039930e+03
   1.1720000e+03  -7.9518767e+03  -7.9660260e+03
   1.1730000e+03  -2.8426034e+03  -8.2166200e+03
   1.1740000e+03   1.1566866e+03  -7.9789292e+03
   1.1750000e+03   1.2700474e+04  -4.3264025e+03
   1.1760000e+03   1.9643428e+04  -5.4115549e+03
   1.1770000e+03   7.7534423e+03  -1.0729487e+04
   1.1780000e+03  -2.7455448e+03  -1.2541763e+04
   1.1790000e+03   9.2237401e+03  -4.2829304e+03
   1.1800000e+03   2.0611026e+04   4.4496834e+03
   1.1810000e+03   8.6967609e+03  -8.7226319e+03
   1.1820000e+03  -2.6478979e+03  -2.0172204e+04
   1.1830000e+03   3.0076646e+03  -4.4533538e+03
   1.1840000e+03   1.0357021e+04   8.2907360e+03
   1.1850000e+03   3.5581151e+03  -1.9661632e+03
   1.1860000e+03  -6.8013880e+03  -1.6850955e+04
   1.1870000e+03  -8.5323927e+02  -1.0098017e+04
   1.1880000e+03  -3.4016617e+03   1.8005508e+04
   1.1890000e+03  -1.4889327e+04   2.7285481e+04
   1.1900000e+03   7.0747816e+03   4.2554342e+03
   1.1910000e+03   3.0267585e+04  -1.3644668e+04
   1.1920000e+03   1.5018051e+04  -1.9399874e+03
   1.1930000e+03  -6.7493555e+03   2.4236633e+04
   1.1940000e+03  -4.7288312e+03   2.1907008e+04
   1.1950000e+03   2.5416762e+04  -8.3973484e+03
   1.1960000e+03   4.3561777e+04  -4.6164571e+03
   1.1970000e+03   1.4767046e+04   2.0655644e+04
   1.1980000e+03  -8.9330578e+03   1.0618799e+04
   1.1990000e+03   2.8081511e+03  -4.5070632e+03
   1.2000000e+03   9.4009045e+03   6.7322063e+03
   1.2010000e+03   9.0646120e+03   1.6894545e+04
   1.2020000e+03   1.6013806e+04   9.1386267e+03
   1.2030000e+03   9.6440055e+03   1.7430478e+03
   1.2040000e+03  -7.7281740e+02   1.1210382e+04
   1.2050000e+03   3.9952456e+03   2.5902132e+04
   1.2060000e+03  -1.6412401e+03   3.2532146e+04
   1.2070000e+03  -1.3409748e+04   1.5905680e+04
   1.2080000e+03   2.3973069e+03  -1.0369053e+04
   1.2090000e+03   1.2652776e+04  -2.5081111e+03
   1.2100000e+03  -5.6496711e+03   1.2912003e+04
   1.2110000e+03  -4.7651139e+03   6.1002625e+03
   1.2120000e+03   1.1763326e+04   5.8425033e+02
   1.2130000e+03   7.2698797e+03  -2.5324323e+03
   1.2140000e+03  -2.3283625e+03   7.8217404e+03
   1.2150000e+03  -5.1339532e+03   1.9308304e+04
   1.2160000e+03   3.7644300e+01  -2.6443877e+03
   1.2170000e+03   8.1653724e+03  -1.4018113e+04
   1.2180000e+03  -3.4681620e+01   1.2255219e+04
   1.2190000e+03  -7.1286000e+03   3.1025700e+04
   1.2200000e+03  -6.7355214e+03   2.0694605e+04
   1.2210000e+03  -1.6971039e+04   4.2245667e+03
   1.2220000e+03  -1.5906015e+04  -1.2351476e+03
   1.2230000e+03  -1.3024718e+03  -1.5062518e+04
   1.2240000e+03  -7.4460325e+03  -2.2506608e+04
   1.2250000e+03  -2.7541598e+04   1.3034514e+04
   1.2260000e+03  -2.6243336e+04   3.6509662e+04
   1.2270000e+03  -5.0610441e+03   2.1962184e+03
   1.2280000e+03   3.6620849e+03  -2.5580385e+04
   1.2290000e+03  -9.9810429e+03  -8.5826582e+03
   1.2300000e+03  -2.7628819e+04   1.2064090e+04
   1.2310000e+03  -1.5100256e+04   7.7442967e+03
   1.2320000e+03   2.1492183e+04  -1.0207749e+04
   1.2330000e+03   1.6075144e+04  -1.5552265e+04
   1.2340000e+03  -2.0683820e+04  -6.1846624e+03
   1.2350000e+03  -2.4730111e+04  -3.2131692e+03
   1.2360000e+03  -1.6066695e+04  -7.2429951e+03
   1.2370000e+03  -1.4297123e+04  -1.7993877e+04
   1.2380000e+03  -5.9847634e+03  -2.4717962e+04
   1.2390000e+03  -1.2010892e+04  -3.0122909e+03
   1.2400000e+03  -2.2459263e+04   1.4581437e+04
   1.2410000e+03  -5.1471958e+03  -2.9725073e+02
   1.2420000e+03   1.1121163e+04  -1.6910132e+04
   1.2430000e+03   1.2882924e+03  -1.4568025e+04
   1.2440000e+03  -1.0078308e+04   9.0581272e+02
   1.2450000e+03  -1.3700607e+04   3.3444936e+03
   1.2460000e+03  -1.5412037e+04  -1.0297676e+04
   1.2470000e+03  -9.3361712e+03  -1.0952564e+04
   1.2480000e+03   4.7534045e+03  -8.8890026e+03
   1.2490000e+03   1.1597453e+04  -1.6172834e+04
   1.2500000e+03  -1.2669193e+03  -1.5910673e+04
   1.2510000e+03  -1.1473605e+04  -9.7185843e+03
   1.2520000e+03  -9.5190418e+03  -7.8368512e+03
   1.2530000e+03  -1.4806597e+04  -4.8630908e+03
   1.2540000e+03  -2.3306989e+03   1.1074542e+03
   1.2550000e+03   3.4860541e+04  -1.0198065e+04
   1.2560000e+03   4.1860448e+04  -2.3988519e+04
   1.2570000e+03   8.0696973e+03  -2.3678062e+03
   1.2580000e+03  -1.3089328e+04   1.8318853e+04
   1.2590000e+03   6.8542061e+03   1.5169473e+03
   1.2600000e+03   2.6804157e+04  -1.6905273e+04
   1.2610000e+03   1.6293555e+04  -9.8386149e+03
   1.2620000e+03   4.2547161e+02   5.3898113e+03
   1.2630000e+03   1.5507823e+03   2.2512484e+02
   1.2640000e+03   1.7174146e+04  -1.7808704e+04
   1.2650000e+03   1.5534298e+04  -1.4151203e+04
   1.2660000e+03  -4.4119700e+03   4.7782387e+03
   1.2670000e+03  -1.6469090e+03   2.1062324e+03
   1.2680000e+03   1.6132851e+04  -1.2958918e+04
   1.2690000e+03   2.7938768e+04  -1.4126161e+03
   1.2700000e+03   2.0896983e+04   1.8447386e+04
   1.2710000e+03   1.2677209e+03   1.6132594e+04
   1.2720000e+03   1.2007528e+04   5.9550440e+03
   1.2730000e+03   2.4033247e+04  -6.7193386e+03
   1.2740000e+03   4.4738179e+03  -4.6378829e+03
   1.2750000e+03  -5.1267358e+03   2.1197321e+04
   1.2760000e+03   2.9192662e+03   2.0545719e+04
   1.2770000e+03   1.7166926e+04  -8.1184719e+03
   1.2780000e+03   1.8864826e+04  -1.4471994e+04
   1.2790000e+03  -7.9371068e+03  -3.8737794e+03
   1.2800000e+03  -1.9225184e+04   1.4532097e+03
   1.2810000e+03   1.2116387e+03   8.6286885e+03
   1.2820000e+03   1.8303609e+04   1.3890134e+04
   1.2830000e+03   2.0467370e+04   6.6308183e+03
   1.2840000e+03   1.2117793e+04   9.4721400e+02
   1.2850000e+03  -1.6732693e+02   4.8224812e+03
   1.2860000e+03  -2.9451992e+03   1.1174110e+04
   1.2870000e+03   7.1519170e+03   1.8476411e+04
   1.2880000e+03   1.6253683e+04   1.0258004e+04
   1.2890000e+03   1.7778379e+04  -1.9495150e+03
   1.2900000e+03   8.2775197e+03   1.9404491e+04
   1.2910000e+03  -1.6160200e+04   3.4885674e+04
   1.2920000e+03  -3.1035052e+04   6.5481755e+03
   1.2930000e+03  -1.7475790e+04  -1.4075335e+04
   1.2940000e+03   5.9752890e+03  -3.1092052e+03
   1.2950000e+03   8.6257221e+03   1.4377612e+04
   1.2960000e+03  -1.6337887e+04   2.3199398e+04
   1.2970000e+03  -2.9427363e+04   7.6301468e+03
   1.2980000e+03  -9.2343942e+03  -7.0085272e+03
   1.2990000e+03   2.5243793e+02   1.0266819e+04
   1.3000000e+03  -2.1831486e+04   1.4186939e+04
   1.3010000e+03  -2.5640938e+04  -7.1494284e+03
   1.3020000e+03   1.4044902e+03  -5.3760813e+03
   1.3030000e+03   3.9060630e+03   9.3385615e+03
   1.3040000e+03  -2.1897211e+04   1.8069793e+04
   1.3050000e+03  -3.1576945e+04   2.5938333e+04
   1.3060000e+03  -1.2178131e+04   1.0523960e+04
   1.3070000e+03   1.0072104e+04  -9.7828602e+03
   1.3080000e+03   6.2051400e+02   4.9893028e+03
   1.3090000e+03  -1.2429693e+04   2.1878652e+04
   1.3100000e+03  -9.4171618e+02   8.3094441e+03
   1.3110000e+03  -2.0512072e+03  -6.6245083e+03
   1.3120000e+03  -1.3135806e+04   3.1689001e+03
   1.3130000e+03  -1.3719023e+04   1.0489307e+04
   1.3140000e+03  -9.7288435e+03  -2.0611559e+04
   1.3150000e+03   3.5904337e+03  -5.1196625e+04
   1.3160000e+03   1.4571083e+03  -2.6922149e+04
   1.3170000e+03  -2.0808690e+04   1.4210207e+04
   1.3180000e+03  -1.7351916e+04   1.0357561e+04
   1.3190000e+03   2.1410253e+03  -2.4886211e+04
   1.3200000e+03  -4.5258616e+03  -3.2316272e+04
   1.3210000e+03  -2.2701814e+04  -3.3881394e+03
   1.3220000e+03  -1.9113831e+04   1.2253605e+04
   1.3230000e+03   2.2910822e+02   3.8330149e+03
   1.3240000e+03   1.3040909e+04  -4.8643048e+03
   1.3250000e+03   1.1162966e+04  -8.8471859e+03
   1.3260000e+03  -1.3761804e+02  -3.8665792e+03
   1.3270000e+03  -9.3809592e+03   2.5471604e+03
   1.3280000e+03  -6.5120446e+03  -5.6738526e+03
   1.3290000e+03   8.2287340e+03  -2.2524825e+04
   1.3300000e+03   1.3816687e+04  -2.8606814e+04
   1.3310000e+03   7.3093691e+03  -1.3723973e+04
   1.3320000e+03   1.1856717e+04   2.9941555e+03
   1.3330000e+03   1.7745502e+04  -5.7891755e+03
   1.3340000e+03   1.2612363e+04  -3.5338805e+04
   1.3350000e+03   3.2713566e+03  -3.9354459e+04
   1.3360000e+03  -7.0544141e+03   1.1902685e+03
   1.3370000e+03  -2.0382048e+03   1.8405921e+04
   1.3380000e+03   8.7615837e+03  -1.3612735e+04
   1.3390000e+03   6.7492458e+03  -2.4408156e+04
   1.3400000e+03   1.3943880e+04   4.9020593e+03
   1.3410000e+03   2.5874832e+04   2.1672129e+04
   1.3420000e+03   1.3155981e+04   2.1784247e+02
   1.3430000e+03  -1.1697530e+04  -2.6344289e+04
   1.3440000e+03  -1.6107322e+04  -2.5001332e+04
   1.3450000e+03   5.6404054e+03  -3.1162987e+03
   1.3460000e+03   2.9141344e+04   1.8671516e+04
   1.3470000e+03   3.0264783e+04   9.4952898e+03
   1.3480000e+03   8.3234194e+03  -1.7711216e+04
   1.3490000e+03  -1.4246832e+04  -1.4133565e+04
   1.3500000e+03  -1.1965004e+04   2.1673098e+03
   1.3510000e+03   1.0480586e+04   4.2012685e+03
   1.3520000e+03   1.4805969e+04   2.4072957e+03
   1.3530000e+03  -4.5119172e+03   5.5987675e+03
   1.3540000e+03  -2.9207669e+03   1.6675263e+04
   1.3550000e+03   1.7658596e+04   1.7788006e+04
   1.3560000e+03   1.8614456e+04   9.5197442e+03
   1.3570000e+03   1.3839445e+03   2.5309433e+03
   1.3580000e+03  -1.0663326e+04  -7.3607363e+03
   1.3590000e+03   3.4463587e+03  -9.7355962e+02
   1.3600000e+03   2.2948782e+04   1.3295189e+04
   1.3610000e+03   1.7622762e+04   1.1989614e+04
   1.3620000e+03   8.5004604e+03   6.8919026e+03
   1.3630000e+03   4.2093152e+03   1.9663902e+03
   1.3640000e+03   2.3792148e+03   3.0031500e+02
   1.3650000e+03  -3.2411469e+02   3.4554447e+03
   1.3660000e+03  -1.6724111e+04   8.7533263e+03
   1.3670000e+03  -1.5439018e+04   1.9285389e+04
   1.3680000e+03   7.6940983e+03   2.3042386e+04
   1.3690000e+03   1.4764274e+04   2.2355136e+04
   1.3700000e+03   5.3985355e+03   2.4612378e+04
   1.3710000e+03  -1.1241102e+04   1.7840957e+04
   1.3720000e+03  -1.5978665e+04   5.8285814e+03
   1.3730000e+03  -1.0768102e+02   6.6902431e+03
   1.3740000e+03   5.2924572e+03   2.1410425e+04
   1.3750000e+03  -7.6715923e+03   2.0043370e+04
   1.3760000e+03  -1.3815492e+04   6.6105007e+02
   1.3770000e+03  -1.2434455e+03   3.2143580e+03
   1.3780000e+03   6.7748511e+03   1.3240274e+04
   1.3790000e+03  -1.8147606e+03   3.2594561e+03
   1.3800000e+03  -6.4450992e+03   2.0830306e+03
   1.3810000e+03  -1.0462686e+04   8.7978190e+03
   1.3820000e+03  -2.0945963e+04  -1.5471269e+03
   1.3830000e+03  -2.2118834e+04  -3.8887393e+03
   1.3840000e+03  -5.4085327e+03   1.1485884e+04
   1.3850000e+03   1.2509491e+04   1.4286028e+04
   1.3860000e+03  -3.6504668e+02   6.1251104e+03
   1.3870000e+03  -2.3490444e+04  -5.9515540e+03
   1.3880000e+03  -1.4234158e+04  -2.0311628e+04
   1.3890000e+03   3.2230721e+03  -8.3567023e+03
   1.3900000e+03   5.2479205e+03   1.6466922e+04
   1.3910000e+03   5.1816046e+03   1.1413164e+04
   1.3920000e+03  -2.6444302e+03  -1.0349662e+04
   1.3930000e+03  -1.4376182e+04  -2.0558166e+04
   1.3940000e+03  -8.9855245e+03  -1.6740502e+04
   1.3950000e+03   1.1232544e+03  -7.7555796e+02
   1.3960000e+03   1.1434040e+02   1.1985994e+04
   1.3970000e+03  -8.5807190e+03  -4.3580030e+03
   1.3980000e+03  -1.9782096e+04  -2.5194743e+04
   1.3990000e+03  -1.1847604e+04  -5.8642558e+03
   1.4000000e+03   6.8960806e+03   1.5121982e+04
   1.4010000e+03  -3.6263949e+03  -5.0611352e+03
   1.4020000e+03  -2.8137889e+04  -3.2593550e+04
   1.4030000e+03  -3.0153392e+04  -3.9447852e+04
   1.4040000e+03  -6.1387030e+03  -1.6124594e+04
   1.4050000e+03   2.3346682e+04   1.8088286e+04
   1.4060000e+03   2.2366746e+04   5.9973937e+03
   1.4070000e+03  -1.0459459e+04  -3.4608324e+04
   1.4080000e+03  -3.1489564e+04  -4.1295698e+04
   1.4090000e+03  -9.4307035e+03  -1.9177615e+04
   1.4100000e+03   2.6867854e+04   3.8368299e+03
   1.4110000e+03   2.8615290e+04   3.6485026e+03
   1.4120000e+03   7.7588692e+03  -2.2433653e+04
   1.4130000e+03  -9.2821192e+03  -2.9560169e+04
   1.4140000e+03  -1.7293288e+04  -9.5408455e+03
   1.4150000e+03  -2.2242032e+03   1.2568875e+04
   1.4160000e+03   1.6428839e+04   2.0920750e+04
   1.4170000e+03   8.6608163e+03  -8.6495037e+03
   1.4180000e+03  -6.6182717e+03  -3.2932193e+04
   1.4190000e+03  -8.1480937e+03  -4.1192671e+03
   1.4200000e+03   1.0865760e+03   2.2545163e+04
   1.4210000e+03   1.4531688e+04   1.5499231e+04
   1.4220000e+03   1.5776314e+04  -2.9161678e+03
   1.4230000e+03  -2.5573924e+03  -1.5725219e+04
   1.4240000e+03  -1.0678838e+04  -1.2912834e+04
   1.4250000e+03   7.6713765e+03  -1.4686278e+04
   1.4260000e+03   2.6025564e+04  -1.2938664e+04
   1.4270000e+03   2.0131759e+04   1.1312302e+04
   1.4280000e+03  -7.0097342e+03   1.5595692e+04
   1.4290000e+03  -1.3332474e+04  -1.2746192e+04
   1.4300000e+03   2.0110358e+04  -2.4048326e+04
   1.4310000e+03   3.2369531e+04   3.8486029e+03
   1.4320000e+03   3.2492475e+03   2.8221136e+04
   1.4330000e+03  -6.0648121e+03   1.4339936e+04
   1.4340000e+03   1.5853028e+04  -3.9532257e+03
   1.4350000e+03   2.6291710e+04   8.8106197e+02
   1.4360000e+03   1.5023202e+04   1.6707703e+04
   1.4370000e+03  -4.5006462e+03   2.5551545e+04
   1.4380000e+03  -1.2524570e+04   1.2275806e+04
   1.4390000e+03   1.4014259e+04  -2.5855475e+03
   1.4400000e+03   3.7922986e+04   5.3099661e+03
   1.4410000e+03   5.9851892e+03   1.7854061e+04
   1.4420000e+03  -2.9547254e+04   2.6194927e+04
   1.4430000e+03  -5.2523677e+03   3.2481232e+04
   1.4440000e+03   3.2525268e+04   1.4357297e+04
   1.4450000e+03   2.8934782e+04  -1.5635351e+04
   1.4460000e+03   2.5043535e+03  -1.3835454e+04
   1.4470000e+03  -1.2943433e+04   1.0843093e+04
   1.4480000e+03  -7.5501343e+03   3.0145170e+04
   1.4490000e+03   5.1355323e+03   2.2073249e+04
   1.4500000e+03   6.9817875e+03  -1.4360505e+04
   1.4510000e+03   9.6279707e+03  -1.7477696e+04
   1.4520000e+03   8.9432265e+03   1.5657860e+04
   1.4530000e+03  -1.7984671e+04   2.3709581e+04
   1.4540000e+03  -3.1900538e+04   1.3903400e+04
   1.4550000e+03  -5.7076658e+03   1.2787500e+03
   1.4560000e+03   1.5858732e+04  -9.9115933e+03
   1.4570000e+03   3.0377749e+03   3.1852609e+03
   1.4580000e+03  -2.3686827e+04   2.2380653e+04
   1.4590000e+03  -1.7147491e+04   1.4095260e+04
   1.4600000e+03   1.2209252e+04  -1.6493482e+04
   1.4610000e+03   1.1346769e+04  -2.5743222e+04
   1.4620000e+03  -3.2585076e+03   5.3776116e+03
   1.4630000e+03  -1.4128847e+04   3.1225180e+04
   1.4640000e+03  -2.4119231e+04   1.7272331e+04
   1.4650000e+03  -7.3336737e+03  -1.2947870e+04
   1.4660000e+03   1.4044691e+04  -1.9338751e+04
   1.4670000e+03   1.4142004e+03  -9.1073595e+03
   1.4680000e+03  -2.6103244e+04  -8.5394129e+03
   1.4690000e+03  -3.1299669e+04  -5.1754122e+02
   1.4700000e+03  -8.2314382e+03   1.8981950e+04
   1.4710000e+03   1.5816136e+03   2.2652973e+04
   1.4720000e+03  -2.1405583e+04   2.7659040e+03
   1.4730000e+03  -3.3583246e+04  -1.3660975e+04
   1.4740000e+03  -1.1427407e+04  -1.5613667e+03
   1.4750000e+03   7.1483984e+03   9.9135698e+03
   1.4760000e+03  -3.4089554e+03  -1.1135473e+03
   1.4770000e+03  -1.2980759e+04  -1.4664896e+04
   1.4780000e+03  -1.1113749e+04  -1.1563604e+04
   1.4790000e+03  -2.0794794e+04   8.0056171e+03
   1.4800000e+03  -2.1875569e+04  -3.1965881e+03
   1.4810000e+03   2.9746931e+03  -4.3135812e+04
   1.4820000e+03   1.2253685e+04  -4.2262594e+04
   1.4830000e+03  -5.8775008e+03  -1.0225136e+04
   1.4840000e+03  -1.1877378e+04   1.0620776e+04
   1.4850000e+03  -2.1807013e+03   6.3824786e+03
   1.4860000e+03   5.9727553e+03  -1.8768549e+04
   1.4870000e+03   9.1738659e+03  -1.7769266e+04
   1.4880000e+03  -4.3554674e+03   6.4719875e+03
   1.4890000e+03  -1.4939483e+04   8.2134717e+03
   1.4900000e+03   4.5705089e+03   4.9810422e+03
   1.4910000e+03   2.3760086e+04   5.3544453e+03
   1.4920000e+03   1.8744642e+04  -1.2848347e+04
   1.4930000e+03   3.6633851e+03  -2.1939656e+04
   1.4940000e+03  -1.2396831e+04  -5.6896579e+03
   1.4950000e+03  -2.0010073e+04  -7.0595914e+02
   1.4960000e+03  -2.5239123e+03  -5.2917341e+03
   1.4970000e+03   2.3827528e+04   1.6780387e+03
   1.4980000e+03   1.7111319e+04  -4.1264340e+03
   1.4990000e+03  -6.4720928e+03  -2.4334185e+04
   1.5000000e+03  -1.9190353e+03  -2.0195957e+04
   1.5010000e+03   1.3169734e+04   1.6033275e+03
   1.5020000e+03   8.6179156e+03  -2.6347337e+03
   1.5030000e+03   4.0642425e+02  -2.3058100e+04
   1.5040000e+03   1.2042169e+04  -1.9253799e+04
   1.5050000e+03   2.7208616e+04  -6.3520484e+02
   1.5060000e+03   1.8598562e+04   2.5968652e+03
   1.5070000e+03   7.0521500e+02  -1.3068171e+04
   1.5080000e+03  -2.6983606e+03  -1.8925801e+04
   1.5090000e+03   1.0761203e+04   4.1854682e+03
   1.5100000e+03   2.6559559e+04   2.3196986e+04
   1.5110000e+03   2.4847380e+04   1.7194862e+04
   1.5120000e+03   1.4695713e+04   2.1083991e+03
   1.5130000e+03   9.8590830e+03  -4.8121884e+03
   1.5140000e+03   2.0803850e+03   3.3666939e+03
   1.5150000e+03  -6.8521686e+03   7.9917768e+03
   1.5160000e+03   1.6797396e+03   1.0529676e+04
   1.5170000e+03   2.8654020e+04   1.6410888e+04
   1.5180000e+03   3.5851401e+04   3.8295557e+03
   1.5190000e+03   3.8016275e+03  -4.6768470e+03
   1.5200000e+03  -2.7228202e+04   6.2634761e+03
   1.5210000e+03  -1.9404924e+04   7.4356626e+03
   1.5220000e+03   1.1977606e+04   3.8308614e+03
   1.5230000e+03   2.2521013e+04   7.7210381e+03
   1.5240000e+03   9.6357076e+03   6.0352085e+03
   1.5250000e+03   3.2673399e+03  -7.3436018e+02
   1.5260000e+03  -4.8363057e+03   8.9079131e+03
   1.5270000e+03  -1.5011037e+04   3.0248748e+04
   1.5280000e+03   2.7436167e+02   2.6177075e+04
   1.5290000e+03   1.8333992e+04  -4.5003526e+02
   1.5300000e+03   3.3498318e+03  -1.1302042e+04
   1.5310000e+03  -1.7642066e+04   3.3253949e+03
   1.5320000e+03  -1.1255195e+04   1.8208394e+04
   1.5330000e+03   4.5254347e+03   1.3012786e+04
   1.5340000e+03   2.5774816e+03   3.5218734e+03
   1.5350000e+03  -1.7974909e+04   9.8362862e+03
   1.5360000e+03  -3.4276045e+04   2.3572852e+04
   1.5370000e+03  -1.8881605e+04   1.8236738e+04
   1.5380000e+03   1.5098358e+04  -5.5396970e+03
   1.5390000e+03   2.1276920e+04  -7.0999210e+03
   1.5400000e+03  -8.3134205e+03   1.4218406e+04
   1.5410000e+03  -2.6331540e+04   2.2133337e+04
   1.5420000e+03  -9.5877248e+03   1.7142567e+04
   1.5430000e+03   9.1508391e+03   1.2996803e+04
   1.5440000e+03   1.2227085e+04   5.5021351e+03
   1.5450000e+03  -9.7005100e+01  -7.5400322e+03
   1.5460000e+03  -2.9050170e+04  -1.2219942e+04
   1.5470000e+03  -3.9327975e+04  -2.1333059e+03
   1.5480000e+03  -1.3892581e+04   8.7003638e+03
   1.5490000e+03   8.7040219e+03   6.4584358e+03
   1.5500000e+03   8.5744104e+03  -8.9815629e+03
   1.5510000e+03  -1.2079156e+04  -1.4245293e+04
   1.5520000e+03  -4.1920006e+04  -4.9997864e+03
   1.5530000e+03  -3.8253213e+04  -4.9434893e+03
   1.5540000e+03  -1.6493153e+03  -5.4814930e+03
   1.5550000e+03   1.1122563e+04   3.9066674e+03
   1.5560000e+03  -2.2073932e+03   1.0530195e+04
   1.5570000e+03  -1.2253559e+04   4.5331810e+03
   1.5580000e+03  -1.6263996e+04  -1.1303621e+04
   1.5590000e+03  -9.6683614e+03  -9.8666429e+03
   1.5600000e+03  -2.6927662e+03   1.0673473e+04
   1.5610000e+03  -2.9042175e+03   1.8036890e+04
   1.5620000e+03   3.5433134e+03   7.0156985e+02
   1.5630000e+03   1.3082736e+04  -2.9061176e+04
   1.5640000e+03   1.7422248e+04  -3.7034673e+04
   1.5650000e+03   9.7741759e+03  -1.4557260e+04
   1.5660000e+03  -2.3986794e+03  -4.3876361e+03
   1.5670000e+03   1.5257719e+02  -1.5392878e+04
   1.5680000e+03   5.0694532e+03  -1.8961136e+04
   1.5690000e+03   4.1981913e+02  -2.0573065e+04
   1.5700000e+03  -8.1709312e+03  -2.4136125e+04
   1.5710000e+03  -5.1569371e+03  -7.7131028e+03
   1.5720000e+03   1.2463911e+04   1.4055021e+03
   1.5730000e+03   6.2688360e+03  -1.8645557e+04
   1.5740000e+03  -1.4416410e+04  -1.3050727e+04
   1.5750000e+03  -1.1923451e+04   1.4868011e+04
   1.5760000e+03  -4.5927212e+03   1.7585088e+03
   1.5770000e+03   5.7548719e+03  -2.9030665e+04
   1.5780000e+03   1.8772792e+04  -2.3740707e+04
   1.5790000e+03   1.2047044e+04  -3.1082760e+03
   1.5800000e+03   6.2456416e+03  -7.1728856e+03
   1.5810000e+03   1.5734600e+04  -1.8874926e+04
   1.5820000e+03   2.1841124e+04  -1.0764889e+04
   1.5830000e+03   1.9935794e+04  -1.6034743e+03
   1.5840000e+03   1.2291590e+04  -7.8744684e+03
   1.5850000e+03   9.5521694e+03  -1.2839702e+04
   1.5860000e+03   2.3685888e+04  -6.5452350e+02
   1.5870000e+03   2.3700450e+04   1.0998307e+04
   1.5880000e+03  -7.2022526e+03  -3.5993549e+03
   1.5890000e+03  -1.9458092e+04  -2.1659062e+04
   1.5900000e+03  -1.0999381e+02  -5.7580963e+03
   1.5910000e+03   1.5243102e+04   2.2099166e+04
   1.5920000e+03   1.0689618e+04   1.4759001e+04
   1.5930000e+03  -1.5583243e+04  -8.4674347e+03
   1.5940000e+03  -2.4047671e+04  -5.2597295e+03
   1.5950000e+03   5.5293333e+03   8.8544915e+03
   1.5960000e+03   2.2326296e+04   1.7282023e+04
   1.5970000e+03   1.5022720e+04   1.9798985e+04
   1.5980000e+03   3.5754748e+03   1.9325353e+04
   1.5990000e+03  -9.6539597e+03   2.8143715e+04
   1.6000000e+03  -3.6710279e+03   2.2719284e+04
   1.6010000e+03   2.2995058e+04   1.0680246e+03
   1.6020000e+03   3.3475631e+04  -6.3177257e+02
   1.6030000e+03   1.1406783e+04   1.1591595e+04
   1.6040000e+03  -1.3751732e+04   2.1514545e+04
   1.6050000e+03  -1.0344790e+04   1.8036915e+04
   1.6060000e+03   1.0107148e+04   3.8102553e+03
   1.6070000e+03   1.0010689e+04   3.6472612e+02
   1.6080000e+03  -1.6546361e+04   3.4622343e+02
   1.6090000e+03  -1.8908382e+04   4.4941577e+03
   1.6100000e+03   1.7234531e+04   1.3600350e+04
   1.6110000e+03   2.4957948e+04   1.1122545e+04
   1.6120000e+03  -9.6749166e+03   1.1963350e+04
   1.6130000e+03  -2.2632650e+04   1.6792208e+04
   1.6140000e+03  -6.8645190e+03   1.5547098e+04
   1.6150000e+03  -8.7273916e+02   2.1901084e+04
   1.6160000e+03   3.5324796e+03   2.1145848e+04
   1.6170000e+03   7.1271851e+03   2.2950018e+03
   1.6180000e+03  -6.0437726e+03  -2.4511844e+03
   1.6190000e+03  -9.7547036e+03   1.5138518e+04
   1.6200000e+03  -7.6071063e+03   2.2839994e+04
   1.6210000e+03  -1.5290000e+04   1.1160879e+04
   1.6220000e+03  -1.1834557e+04  -1.3066139e+03
   1.6230000e+03  -1.3857615e+04  -7.2855660e+03
   1.6240000e+03  -1.8299049e+04  -6.6716987e+03
   1.6250000e+03  -1.0931683e+03  -5.1533503e+02
   1.6260000e+03   2.3188057e+03   3.5102829e+03
   1.6270000e+03  -9.2774888e+03   1.1969269e+03
   1.6280000e+03  -6.0189175e+03  -1.7073956e+03
   1.6290000e+03  -5.2576339e+03   7.2265012e+02
   1.6300000e+03  -1.1564081e+04  -1.5572450e+03
   1.6310000e+03  -2.1587826e+03  -1.4793372e+04
   1.6320000e+03   1.0801412e+04  -1.9979693e+04
   1.6330000e+03  -3.3019129e+02  -5.1777480e+03
   1.6340000e+03  -2.0567785e+04   8.1656262e+03
   1.6350000e+03  -2.7867030e+04  -3.9918040e+03
   1.6360000e+03  -1.3748724e+04  -2.6326026e+04
   1.6370000e+03   1.6024128e+04  -2.2931542e+04
   1.6380000e+03   1.1998214e+04   2.3906414e+03
   1.6390000e+03  -2.0600892e+04   4.7070904e+03
   1.6400000e+03  -2.0098969e+04  -2.0998367e+04
   1.6410000e+03  -9.3374193e+02  -3.0703727e+04
   1.6420000e+03   8.5037248e+03  -1.6506344e+04
   1.6430000e+03   1.4681213e+04   5.4981925e+02
   1.6440000e+03   4.0453973e+03   1.6882827e+03
   1.6450000e+03  -1.4611715e+04  -1.8375603e+04
   1.6460000e+03  -8.1546656e+03  -2.3442526e+04
   1.6470000e+03   8.1626173e+03  -1.0919720e+04
   1.6480000e+03   4.4087941e+03  -8.9451030e+03
   1.6490000e+03  -8.5990210e+03  -4.8912398e+03
   1.6500000e+03  -2.4472195e+04  -1.4598833e+02
   1.6510000e+03  -2.8676321e+04   1.0924941e+03
   1.6520000e+03  -4.3025259e+02   2.3630750e+03
   1.6530000e+03   1.7281507e+04  -7.6992573e+03
   1.6540000e+03   6.9508493e+03  -1.1147111e+04
   1.6550000e+03   1.3626472e+03  -6.4785133e+03
   1.6560000e+03  -2.8451797e+03  -1.1063119e+04
   1.6570000e+03   1.8288890e+03  -1.4822006e+04
   1.6580000e+03   1.8818387e+04  -1.1559410e+04
   1.6590000e+03   2.0806336e+04   2.5237941e+03
   1.6600000e+03   1.2200978e+04   4.1539517e+03
   1.6610000e+03   1.0478618e+04  -2.2911986e+04
   1.6620000e+03   1.0786512e+04  -2.9461762e+04
   1.6630000e+03   1.7627191e+03  -2.5929994e+03
   1.6640000e+03   1.1623000e+03   1.8695582e+04
   1.6650000e+03   1.8182050e+04   1.6567731e+04
   1.6660000e+03   1.6513631e+04  -7.6290666e+03
   1.6670000e+03  -2.4492100e+03  -1.5556064e+04
   1.6680000e+03  -1.4115366e+04   1.4790943e+04
   1.6690000e+03  -1.6429750e+04   2.4835009e+04
   1.6700000e+03   3.1059739e+03  -3.7882746e+03
   1.6710000e+03   2.6678390e+04  -9.4539904e+03
   1.6720000e+03   2.2973949e+04   1.3078344e+04
   1.6730000e+03   3.6951762e+03   2.0711567e+04
   1.6740000e+03  -7.1207816e+03   4.4506102e+03
   1.6750000e+03   2.5858588e+03  -1.3055310e+04
   1.6760000e+03   1.8781855e+04  -2.8145450e+03
   1.6770000e+03   2.1456744e+04   1.3295737e+04
   1.6780000e+03   1.2961252e+04   6.3835366e+03
   1.6790000e+03   1.2346164e+03   8.7170237e+02
   1.6800000e+03   1.6720162e+03   3.2883857e+03
   1.6810000e+03   1.7859847e+04   1.1769842e+04
   1.6820000e+03   2.1350016e+04   2.4288008e+04
   1.6830000e+03   1.6406031e+02   1.6155459e+04
   1.6840000e+03  -1.8374745e+04   2.6021792e+03
   1.6850000e+03  -7.9552016e+03   6.3528987e+03
   1.6860000e+03   1.9065159e+04   1.4898027e+04
   1.6870000e+03   2.4866573e+04   1.9327376e+04
   1.6880000e+03   5.1355160e+02   2.0694072e+04
   1.6890000e+03  -2.2981337e+04   1.7253559e+04
   1.6900000e+03  -1.4779897e+04   1.8913768e+03
   1.6910000e+03   1.4119439e+04  -6.1877223e+03
   1.6920000e+03   1.4574481e+04   1.0588946e+04
   1.6930000e+03  -9.8784288e+03   2.3559468e+04
   1.6940000e+03  -9.7985202e+03   1.7025329e+04
   1.6950000e+03  -3.1030704e+03   6.0526363e+03
   1.6960000e+03  -1.0703950e+04  -1.2177886e+03
   1.6970000e+03  -2.5621851e+03  -8.1259705e+03
   1.6980000e+03   4.8349633e+03  -3.2680485e+03
   1.6990000e+03  -1.5449797e+04   1.7592431e+04
   1.7000000e+03  -2.7042727e+04   1.6314508e+04
   1.7010000e+03  -2.6998225e+03  -5.1177118e+03
   1.7020000e+03   1.6960538e+04  -8.9553737e+03
   1.7030000e+03  -1.4420089e+03   1.8837954e+03
   1.7040000e+03  -2.3316150e+04   3.3162105e+03
   1.7050000e+03  -1.7764163e+04  -2.1995870e+04
   1.7060000e+03   1.5448496e+03  -2.7006648e+04
   1.7070000e+03   3.4108255e+03   8.0798129e+03
   1.7080000e+03  -1.1431395e+04   1.0539638e+04
   1.7090000e+03  -5.0352274e+03  -4.6691001e+03
   1.7100000e+03   3.2341942e+03   3.7889390e+03
   1.7110000e+03  -3.5409160e+03   6.3352021e+03
   1.7120000e+03   4.0787430e+03   4.5252900e+02
   1.7130000e+03  -8.1283793e+03  -1.1113583e+04
   1.7140000e+03  -3.2438938e+04  -4.1429855e+03
   1.7150000e+03  -8.7933937e+03   2.3724571e+04
   1.7160000e+03   1.1712686e+04   8.6709287e+03
   1.7170000e+03  -1.1119832e+04  -2.1495503e+04
   1.7180000e+03  -2.2042107e+04  -1.1288252e+04
   1.7190000e+03  -1.1940946e+04   3.7996880e+03
   1.7200000e+03  -1.8850073e+04  -3.2595410e+03
   1.7210000e+03  -2.5817856e+04  -2.5827215e+04
   1.7220000e+03  -1.2352796e+04  -3.3544105e+04
   1.7230000e+03  -8.5831281e+03  -2.8984419e+03
   1.7240000e+03  -9.3173643e+03   1.7112094e+04
   1.7250000e+03   2.5241818e+03  -5.2717222e+03
   1.7260000e+03   6.7520536e+03  -2.2737706e+04
   1.7270000e+03   2.7373378e+03  -1.5738502e+04
   1.7280000e+03  -3.9337357e+03  -4.5628245e+03
   1.7290000e+03  -7.1227343e+03   5.9943114e+03
   1.7300000e+03  -3.3139568e+03  -2.7534548e+03
   1.7310000e+03   4.5273597e+02  -2.7664947e+04
   1.7320000e+03   1.5433865e+04  -2.5033075e+04
   1.7330000e+03   2.7489965e+04   3.1757655e+02
   1.7340000e+03   1.7117417e+04   4.9223192e+03
   1.7350000e+03  -3.1615746e+03  -1.5647442e+04
   1.7360000e+03  -2.1568955e+04  -2.3841758e+04
   1.7370000e+03  -1.3333885e+04  -9.1215887e+03
   1.7380000e+03   1.7964756e+04   6.5739354e+02
   1.7390000e+03   3.0004047e+04   8.5168174e+03
   1.7400000e+03   1.2376633e+04   1.3401134e+04
   1.7410000e+03  -7.0017576e+03  -3.3927357e+03
   1.7420000e+03   3.8855028e+03  -1.6194952e+04
   1.7430000e+03   2.0989337e+04  -6.9858213e+03
   1.7440000e+03   4.6208362e+03   9.6703355e+03
   1.7450000e+03  -1.1056453e+04   1.5556267e+04
   1.7460000e+03   1.1867708e+04  -7.6600137e+03
   1.7470000e+03   4.3978654e+04  -3.1057186e+04
   1.7480000e+03   3.2535106e+04  -9.8019068e+03
   1.7490000e+03  -1.6443389e+04   2.5545539e+04
   1.7500000e+03  -2.9013298e+04   1.8103496e+04
   1.7510000e+03   1.5805714e+04  -1.4034204e+04
   1.7520000e+03   3.9631311e+04  -2.0319248e+04
   1.7530000e+03   6.0606500e+03  -4.8665908e+03
   1.7540000e+03  -1.5877327e+04   9.1192847e+03
   1.7550000e+03   8.8263962e+03   1.3386208e+04
   1.7560000e+03   3.4323068e+04   8.0233430e+01
   1.7570000e+03   2.3554151e+04  -1.2588711e+04
   1.7580000e+03  -1.6660533e+04  -2.4987543e+03
   1.7590000e+03  -2.9756426e+04   1.5495996e+04
   1.7600000e+03   1.3081198e+04   2.2683335e+04
   1.7610000e+03   5.1703323e+04   1.0900538e+04
   1.7620000e+03   3.4991545e+04  -8.8660775e+03
   1.7630000e+03  -1.5380068e+04   1.3695392e+03
   1.7640000e+03  -3.5487683e+04   2.7725140e+04
   1.7650000e+03  -3.5756835e+03   2.0695055e+04
   1.7660000e+03   2.5195638e+04   3.3852847e+03
   1.7670000e+03   1.3667319e+04   7.7267961e+03
   1.7680000e+03  -1.3133898e+04   1.8800329e+04
   1.7690000e+03  -1.6048447e+04   2.5248846e+04
   1.7700000e+03  -1.1069735e+02   1.3905113e+04
   1.7710000e+03   7.8156450e+03  -2.7535902e+03
   1.7720000e+03   1.2574242e+04   2.3514975e+03
   1.7730000e+03   2.8883819e+03   1.1504500e+04
   1.7740000e+03  -2.1452028e+04   1.2980693e+04
   1.7750000e+03  -2.0367674e+04   1.0255447e+04
   1.7760000e+03  -4.0787216e+03  -5.6849088e+03
   1.7770000e+03   2.8587638e+03  -1.2537309e+04
   1.7780000e+03   5.1901811e+03   1.2668690e+04
   1.7790000e+03  -1.3628395e+04   2.5209511e+04
   1.7800000e+03  -3.6535366e+04  -4.9575128e+03
   1.7810000e+03  -1.2392033e+04  -1.7514469e+04
   1.7820000e+03   1.6826371e+04   8.6300105e+03
   1.7830000e+03  -5.7308262e+03   2.0990207e+04
   1.7840000e+03  -1.8503885e+04   1.7472715e+04
   1.7850000e+03   5.5148195e+03   1.2558276e+04
   1.7860000e+03   8.1930520e+03   2.6237894e+02
   1.7870000e+03  -1.1742539e+04  -5.4615312e+02
   1.7880000e+03  -2.9472013e+04   1.4757315e+04
   1.7890000e+03  -2.9351283e+04   1.7461156e+04
   1.7900000e+03  -7.5674791e+03  -2.4476430e+03
   1.7910000e+03  -2.8332766e+03  -7.9630029e+03
   1.7920000e+03  -1.7285016e+04   1.5114036e+04
   1.7930000e+03  -1.2127085e+04   2.0505269e+04
   1.7940000e+03   3.4663062e+03  -1.3432016e+03
   1.7950000e+03  -8.7224326e+03  -2.2110469e+04
   1.7960000e+03  -3.4146730e+04  -3.5357373e+04
   1.7970000e+03  -2.1470047e+04  -2.7194066e+04
   1.7980000e+03   2.0221144e+04   2.8678311e+03
   1.7990000e+03   3.2308800e+04   1.4558959e+04
   1.8000000e+03  -5.1429576e+03  -1.0097246e+04
   1.8010000e+03  -3.5722974e+04  -3.7239630e+04
   1.8020000e+03  -1.2863791e+04  -3.6588807e+04
   1.8030000e+03   1.3226542e+04  -1.7148754e+04
   1.8040000e+03   7.9966088e+03  -3.8670217e+03
   1.8050000e+03  -7.5164283e+03  -3.7393318e+03
   1.8060000e+03  -2.1356989e+04  -4.7706512e+03
   1.8070000e+03  -9.1013166e+03  -8.7890591e+03
   1.8080000e+03   2.2289760e+04  -1.3626031e+04
   1.8090000e+03   3.2329980e+04  -8.5774957e+03
   1.8100000e+03   9.8935207e+03  -1.1979776e+04
   1.8110000e+03  -1.9154565e+04  -1.8090210e+04
   1.8120000e+03  -1.2711474e+04  -3.8478443e+03
   1.8130000e+03   1.7734622e+04   8.0298978e+03
   1.8140000e+03   3.2863142e+04   6.2915022e+02
   1.8150000e+03   1.6964450e+04  -1.7283826e+04
   1.8160000e+03  -1.3075806e+04  -2.6047051e+04
   1.8170000e+03  -4.1877083e+03  -7.6515508e+03
   1.8180000e+03   1.8069221e+04   8.2865799e+03
   1.8190000e+03   7.6386741e+03  -1.4697610e+04
   1.8200000e+03   3.2472849e+03  -4.0978835e+04
   1.8210000e+03   2.2648412e+03  -1.0240479e+04
   1.8220000e+03  -4.8463447e+03   3.3339906e+04
   1.8230000e+03   1.1483954e+04   5.2582302e+03
   1.8240000e+03   2.7319398e+04  -4.1132947e+04
   1.8250000e+03   1.2791171e+04  -1.8598218e+04
   1.8260000e+03  -1.5941487e+04   3.0258625e+04
   1.8270000e+03  -1.7985935e+04   2.7345407e+04
   1.8280000e+03   1.7056265e+04  -9.6120029e+03
   1.8290000e+03   3.7280363e+04  -1.7679797e+04
   1.8300000e+03   1.0978166e+04  -8.1032489e+03
   1.8310000e+03  -2.1192117e+04  -4.7457205e+03
   1.8320000e+03  -1.2902100e+04   1.6635707e+04
   1.8330000e+03   1.3907112e+04   3.0446705e+04
   1.8340000e+03   2.0010387e+04   4.1827996e+03
   1.8350000e+03   1.1879396e+04  -1.6318894e+04
   1.8360000e+03   8.4527969e+03   9.4993163e+02
   1.8370000e+03   1.6584110e+04   2.1819729e+04
   1.8380000e+03   1.3881832e+04   2.0090590e+04
   1.8390000e+03  -4.9315762e+03   1.2419546e+04
   1.8400000e+03  -3.3982857e+03   1.2077178e+04
   1.8410000e+03   9.4586943e+03   1.4951022e+04
   1.8420000e+03   8.0390530e+03   1.8155774e+04
   1.8430000e+03   2.0680100e+00   1.7676286e+04
   1.8440000e+03  -6.4436513e+03   7.5579343e+03
   1.8450000e+03  -1.0920697e+04  -9.4253884e+03
   1.8460000e+03  -2.1834646e+04  -7.1086280e+03
   1.8470000e+03  -1.2693271e+04   1.9698268e+04
   1.8480000e+03   2.4544737e+04   2.6293679e+04
   1.8490000e+03   2.0174048e+04   1.1165147e+03
   1.8500000e+03  -2.0221193e+04  -1.3193269e+04
   1.8510000e+03  -2.3345046e+04   4.0519192e+02
   1.8520000e+03   3.0127181e+03   1.6024465e+04
   1.8530000e+03   2.4088696e+04   1.8539982e+04
   1.8540000e+03   2.2613165e+04   1.2550079e+04
   1.8550000e+03  -5.7121457e+03   1.9936688e+03
   1.8560000e+03  -1.6217099e+04   5.8649411e+03
   1.8570000e+03   2.0647394e+03   2.4375541e+04
   1.8580000e+03   9.4776207e+01   2.5822755e+04
   1.8590000e+03  -1.5046881e+04   8.7805152e+03
   1.8600000e+03  -1.0854192e+04  -1.9543532e+03
   1.8610000e+03  -3.3032313e+03   1.1257310e+04
   1.8620000e+03  -9.1977064e+03   3.1585751e+04
   1.8630000e+03  -1.6242683e+04   2.2484174e+04
   1.8640000e+03  -3.6480972e+03  -1.0204873e+04
   1.8650000e+03   6.6992214e+03  -3.1112617e+04
   1.8660000e+03  -1.2945143e+04  -1.0717966e+04
   1.8670000e+03  -1.9062904e+04   2.4097447e+04
   1.8680000e+03   3.1290073e+03   6.8100903e+03
   1.8690000e+03   4.8208024e+03  -3.8541237e+04
   1.8700000e+03  -1.0063969e+04  -4.1312973e+04
   1.8710000e+03  -7.9948258e+03  -4.0983353e+03
   1.8720000e+03  -3.7205499e+03   2.3019922e+04
   1.8730000e+03  -9.6360239e+03   9.9060888e+03
   1.8740000e+03  -3.6461540e+03  -1.6818652e+04
   1.8750000e+03  -2.8198025e+03  -2.4855406e+04
   1.8760000e+03  -1.9981728e+04  -1.2478686e+04
   1.8770000e+03  -1.5946779e+04   1.2704985e+04
   1.8780000e+03  -9.8253072e+03   1.9223828e+04
   1.8790000e+03  -1.4134433e+04  -6.6742899e+03
   1.8800000e+03   8.6626501e+03  -2.5218475e+04
   1.8810000e+03   1.6564670e+04  -9.0857787e+03
   1.8820000e+03  -9.8579825e+03   1.1755471e+04
   1.8830000e+03  -1.5863012e+04   2.3393750e+03
   1.8840000e+03  -1.8466234e+03  -1.8729830e+04
   1.8850000e+03   8.2220021e+03  -2.8145327e+04
   1.8860000e+03   7.7975812e+03  -2.7616066e+04
   1.8870000e+03  -1.5825598e+03  -1.2161638e+04
   1.8880000e+03  -3.3845731e+03   3.5025970e+02
   1.8890000e+03  -1.4405028e+03  -9.9173879e+03
   1.8900000e+03  -9.9500957e+03  -1.5735043e+04
   1.8910000e+03  -1.1989691e+04  -1.3124483e+04
   1.8920000e+03   5.0985979e+03  -2.6774949e+04
   1.8930000e+03   9.2716058e+03  -2.7828629e+04
   1.8940000e+03  -9.4381218e+03  -3.2698852e+03
   1.8950000e+03  -1.2296302e+04   4.4800016e+03
   1.8960000e+03   6.8387917e+03  -3.5828682e+03
   1.8970000e+03   1.6783406e+04  -1.0763938e+04
   1.8980000e+03   1.5023963e+03  -1.4788578e+04
   1.8990000e+03  -1.2191602e+04  -5.6718894e+03
   1.9000000e+03   7.4853060e+03  -6.1980963e+03
   1.9010000e+03   2.9026167e+04  -1.4244771e+04
   1.9020000e+03   1.9240857e+04   7.6867228e+02
   1.9030000e+03   7.9586984e+02   2.2911848e+04
   1.9040000e+03  -2.8011780e+03   2.8982159e+04
   1.9050000e+03   4.9924435e+03   7.7978675e+03
   1.9060000e+03   1.4240420e+04  -2.0427740e+04
   1.9070000e+03   2.4009900e+04  -2.1079743e+04
   1.9080000e+03   1.4005850e+04   9.6048937e+02
   1.9090000e+03  -1.8326074e+04   3.0958432e+04
   1.9100000e+03  -1.1947914e+04   2.9743063e+04
   1.9110000e+03   2.6756718e+04  -8.8157010e+03
   1.9120000e+03   2.5267101e+04  -1.9215314e+04
   1.9130000e+03   3.1148486e+03   1.5615137e+03
   1.9140000e+03   1.5282230e+03   1.3684159e+04
   1.9150000e+03   2.4400081e+03   5.2981858e+03
   1.9160000e+03   5.0328901e+03  -1.0491157e+04
   1.9170000e+03   1.2046559e+04   5.6658476e+03
   1.9180000e+03   7.0070084e+03   3.0223965e+04
   1.9190000e+03   4.3347473e+02   1.4559638e+04
   1.9200000e+03  -1.0340325e+02  -1.3132063e+04
   1.9210000e+03  -1.5862186e+03  -1.7300012e+04
   1.9220000e+03   9.3679565e+03   1.0488220e+04
   1.9230000e+03   2.1241011e+04   4.8207375e+04
   1.9240000e+03   7.1167752e+03   3.9383634e+04
   1.9250000e+03  -6.1423570e+03  -8.1127615e+03
   1.9260000e+03   5.7542485e+03  -2.0678239e+04
   1.9270000e+03   1.6475542e+04   9.2667208e+03
   1.9280000e+03   5.3693112e+03   2.6730693e+04
   1.9290000e+03  -1.4123224e+04   1.4675579e+04
   1.9300000e+03  -1.0291794e+04  -1.4622235e+03
   1.9310000e+03   1.1227390e+04   4.5101956e+03
   1.9320000e+03   4.0843119e+03   2.2096648e+04
   1.9330000e+03  -1.3879806e+04   1.4826362e+04
   1.9340000e+03  -5.5365252e+03  -7.9372231e+03
   1.9350000e+03  -4.5084648e+03  -9.0077992e+03
   1.9360000e+03  -1.1562665e+04   1.1580359e+04
   1.9370000e+03  -4.6988898e+03   2.9391197e+04
   1.9380000e+03  -3.2145966e+03   2.7166731e+04
   1.9390000e+03   1.6824181e+03   6.7888008e+03
   1.9400000e+03   4.9625232e+03  -9.5355592e+03
   1.9410000e+03  -6.1787451e+03  -5.4612081e+03
   1.9420000e+03   2.2311458e+03   8.4035550e+02
   1.9430000e+03   1.0742152e+04   3.2383904e+02
   1.9440000e+03  -1.1190989e+04   6.1483503e+03
   1.9450000e+03  -2.2851954e+04   1.5243202e+03
   1.9460000e+03  -7.5652287e+03  -1.3237986e+04
   1.9470000e+03   4.1339572e+03  -1.2968559e+04
   1.9480000e+03  -6.4438479e+03  -3.5291676e+03
   1.9490000e+03  -2.5058420e+04   6.2001142e+03
   1.9500000e+03  -2.5369277e+04   3.8623238e+03
   1.9510000e+03  -7.0721955e+03  -9.1361301e+03
   1.9520000e+03   8.6759392e+02  -9.3420869e+03
   1.9530000e+03  -1.5785650e+04  -2.8404927e+03
   1.9540000e+03  -2.1595092e+04   3.0579085e+03
   1.9550000e+03  -1.4238310e+03   3.5760416e+03
   1.9560000e+03   2.7636696e+03  -3.0052258e+03
   1.9570000e+03  -1.4274975e+04  -3.2013607e+03
   1.9580000e+03  -1.1636318e+04  -1.4620900e+04
   1.9590000e+03   7.4329486e+03  -2.9693607e+04
   1.9600000e+03   3.0417957e+03  -1.7361058e+04
   1.9610000e+03  -1.5075678e+04  -2.3959980e+03
   1.9620000e+03  -2.0945323e+04  -2.4802307e+03
   1.9630000e+03  -2.2073251e+04  -1.4123770e+04
   1.9640000e+03  -4.9957910e+03  -3.0006115e+04
   1.9650000e+03   1.6038355e+04  -1.6754873e+04
   1.9660000e+03   2.1002188e+03   1.2574830e+04
   1.9670000e+03  -1.3016120e+04   1.0256760e+04
   1.9680000e+03  -4.0278467e+03  -9.4327183e+03
   1.9690000e+03   8.4214840e+03  -1.1486403e+04
   1.9700000e+03   1.0644805e+04  -1.5827954e+03
   1.9710000e+03  -2.4807039e+03   3.7751720e+03
   1.9720000e+03  -5.4537382e+03   2.0378024e+03
   1.9730000e+03   1.1388254e+04  -1.3079233e+03
   1.9740000e+03   2.0399144e+04  -3.0742651e+03
   1.9750000e+03   1.3465078e+04  -3.6698053e+03
   1.9760000e+03  -2.9342516e+02  -9.2503204e+03
   1.9770000e+03  -4.8153526e+03  -2.7173385e+04
   1.9780000e+03   5.2035714e+03  -2.6091190e+04
   1.9790000e+03   1.1432036e+04   1.1058857e+04
   1.9800000e+03  -4.8690976e+02   1.6840458e+04
   1.9810000e+03  -1.4560868e+04  -2.2015595e+04
   1.9820000e+03  -5.2633048e+03  -2.3290170e+04
   1.9830000e+03   1.0214493e+04   1.5763537e+04
   1.9840000e+03   1.5049466e+04   2.2919829e+04
   1.9850000e+03   2.0576339e+04  -1.1582296e+04
   1.9860000e+03   1.4258310e+04  -3.3574532e+04
   1.9870000e+03  -5.7327581e+03  -1.1296991e+04
   1.9880000e+03  -1.0680493e+04   2.8330490e+04
   1.9890000e+03   1.0500567e+04   3.2451647e+04
   1.9900000e+03   3.2632341e+04  -6.8920802e+03
   1.9910000e+03   2.0831254e+04  -2.5055992e+04
   1.9920000e+03  -1.2893744e+03  -5.1500948e+03
   1.9930000e+03   1.5375452e+04  -2.0241067e+03
   1.9940000e+03   3.7181017e+04  -4.0907252e+03
   1.9950000e+03   1.2002515e+04   1.3099736e+04
   1.9960000e+03  -1.7513435e+04   1.4360722e+04
   1.9970000e+03  -8.0009367e+03  -6.4000682e+03
   1.9980000e+03   1.1250731e+04  -2.0209728e+04
   1.9990000e+03   2.2902445e+04  -5.4639314e+03
   2.0000000e+03   1.8867431e+04   2.3410395e+04
