   1.0274000e+02   2.5123000e+01
   9.5281594e+01   3.1536866e+01
   0.0000000e+00   3.7147792e+04   3.7147792e+04
   1.0000000e+00   6.3205523e+04   3.5934296e+03
   2.0000000e+00   3.9258417e+04  -2.7130869e+04
   3.0000000e+00  -3.4061126e+04  -2.7089725e+04
   4.0000000e+00  -6.9965678e+04   3.3493332e+04
   5.0000000e+00  -2.0753820e+04   9.8131691e+04
   6.0000000e+00   5.2649591e+04   6.4907497e+04
   7.0000000e+00   6.3836595e+04  -5.4826186e+04
   8.0000000e+00   1.3372873e+04  -1.0751029e+05
   9.0000000e+00  -3.0626002e+04  -7.0028978e+03
   1.0000000e+01  -4.0267704e+04   1.1067709e+05
   1.1000000e+01  -2.4005288e+04   7.2680679e+04
   1.2000000e+01   3.3983543e+04  -6.7751085e+04
   1.3000000e+01   1.2165981e+05  -1.2207407e+05
   1.4000000e+01   1.2103073e+05  -3.3184329e+04
   1.5000000e+01  -3.7161280e+04   7.1401999e+04
   1.6000000e+01  -1.6812680e+05   4.7658018e+04
   1.7000000e+01  -7.2213487e+04  -6.9298151e+04
   1.8000000e+01   1.1398787e+05  -1.1509386e+05
   1.9000000e+01   1.3938737e+05  -2.6094840e+04
   2.0000000e+01   2.9755691e+04   9.1426923e+04
   2.1000000e+01  -4.9480412e+04   9.2138578e+04
   2.2000000e+01  -6.3580284e+04  -1.4712290e+04
   2.3000000e+01  -3.6240814e+04  -7.5140063e+04
   2.4000000e+01   1.5051755e+04  -3.0486622e+04
   2.5000000e+01   4.1030426e+04   2.6259362e+04
   2.6000000e+01   1.2316456e+04   2.4755134e+04
   2.7000000e+01  -4.4125149e+04  -3.1861766e+03
   2.8000000e+01  -5.2184278e+04  -1.8188420e+04
   2.9000000e+01   1.3279675e+04  -2.7899488e+04
   3.0000000e+01   4.1216410e+04  -3.7689460e+04
   3.1000000e+01  -1.8727581e+04  -4.0992793e+04
   3.2000000e+01  -4.0860027e+04  -1.8438109e+04
   3.3000000e+01   1.7332735e+04   2.7814007e+04
   3.4000000e+01   3.2255774e+04   3.9367504e+04
   3.5000000e+01  -1.6009000e+04  -1.1787526e+03
   3.6000000e+01  -2.5025709e+04  -4.6218317e+04
   3.7000000e+01   1.6756865e+04  -5.0439798e+04
   3.8000000e+01   4.5333232e+04   8.6126010e+02
   3.9000000e+01   1.0340430e+04   5.3779423e+04
   4.0000000e+01  -6.1720166e+04   4.1661180e+04
   4.1000000e+01  -5.6695706e+04  -1.7571685e+04
   4.2000000e+01   2.2323532e+04  -5.4226989e+04
   4.3000000e+01   2.8709450e+04  -4.0555024e+04
   4.4000000e+01  -5.5792609e+04  -7.2840292e+03
   4.5000000e+01  -8.0481263e+04   1.6489971e+04
   4.6000000e+01   1.1350609e+04   1.5919010e+04
   4.7000000e+01   7.0154081e+04  -8.9444628e+03
   4.8000000e+01  -3.7123968e+03  -2.7456729e+04
   4.9000000e+01  -8.0121046e+04  -1.3636117e+04
   5.0000000e+01  -3.1797107e+04   1.7349356e+04
   5.1000000e+01   4.7458942e+04   1.3194073e+04
   5.2000000e+01   2.2408782e+04  -1.5844749e+04
   5.3000000e+01  -3.4363967e+04   8.6391805e+03
   5.4000000e+01  -2.3225261e+03   5.5991563e+04
   5.5000000e+01   6.1224838e+04   4.3947791e+04
   5.6000000e+01   5.5977158e+04  -6.5359868e+02
   5.7000000e+01  -2.5541048e+04  -2.8234278e+04
   5.8000000e+01  -9.6896148e+04  -2.0324997e+04
   5.9000000e+01  -6.0631388e+04   2.5907050e+04
   6.0000000e+01   2.5133969e+04   5.2247829e+04
   6.1000000e+01   5.3619936e+04   1.3284025e+04
   6.2000000e+01   4.1314696e+04  -3.3402131e+04
   6.3000000e+01   5.7676766e+03  -3.1284061e+04
   6.4000000e+01  -5.0646734e+04  -4.3469600e+03
   6.5000000e+01  -5.7910785e+04   1.5478257e+04
   6.6000000e+01  -1.0249579e+04   1.9657235e+04
   6.7000000e+01   1.2463040e+04   1.1774071e+04
   6.8000000e+01   6.7224116e+03   7.9608364e+03
   6.9000000e+01   1.7711214e+04   8.9330247e+03
   7.0000000e+01   3.8408952e+04   3.8859220e+03
   7.1000000e+01   2.9726914e+04  -1.2088324e+03
   7.2000000e+01  -3.0782953e+04   1.0189858e+04
   7.3000000e+01  -8.4472571e+04   3.6266932e+04
   7.4000000e+01  -4.5501159e+04   5.2123640e+04
   7.5000000e+01   5.3084699e+04   3.5156036e+04
   7.6000000e+01   1.0218358e+05  -1.3625094e+04
   7.7000000e+01   5.6418581e+04  -4.9823882e+04
   7.8000000e+01  -2.5459744e+04  -3.6168485e+04
   7.9000000e+01  -5.3295842e+04   1.0464865e+03
   8.0000000e+01  -1.1814878e+04   1.9435511e+04
   8.1000000e+01   4.0966246e+04  -3.0414037e+03
   8.2000000e+01   4.6199564e+04  -3.2930979e+04
   8.3000000e+01   5.8658763e+03  -1.7051038e+04
   8.4000000e+01  -2.0721302e+04   7.7238846e+03
   8.5000000e+01  -9.6762244e+03   6.8776718e+03
   8.6000000e+01   2.7717418e+03   1.5257647e+04
   8.7000000e+01  -1.2470030e+04   2.6332951e+04
   8.8000000e+01  -3.6644017e+04   2.0769690e+04
   8.9000000e+01  -1.9084488e+04   1.7833565e+04
   9.0000000e+01   3.7811714e+04   1.5593179e+04
   9.1000000e+01   5.3293608e+04   2.9107161e+03
   9.2000000e+01   5.1932346e+02  -3.0369424e+03
   9.3000000e+01  -4.2449340e+04  -3.4618722e+03
   9.4000000e+01  -2.3986266e+04  -2.3179133e+04
   9.5000000e+01   2.9594845e+04  -4.0125109e+04
   9.6000000e+01   7.8370208e+04  -2.1445624e+04
   9.7000000e+01   8.8931707e+04   9.3143020e+03
   9.8000000e+01   4.1413366e+04   1.9972515e+04
   9.9000000e+01  -3.6625509e+04   3.0550362e+03
   1.0000000e+02  -6.0608416e+04  -2.1909535e+04
   1.0100000e+02   8.8717160e+03  -2.0045486e+04
   1.0200000e+02   7.2200552e+04   3.4850244e+03
   1.0300000e+02   4.0051646e+04   1.9731397e+04
   1.0400000e+02  -3.6643956e+04   2.6426185e+04
   1.0500000e+02  -8.1397116e+04   1.9066059e+04
   1.0600000e+02  -6.7427821e+04  -1.4495656e+04
   1.0700000e+02  -1.5590140e+03  -4.4791566e+04
   1.0800000e+02   5.2070596e+04  -2.9487905e+04
   1.0900000e+02   2.3016264e+04   1.5421709e+04
   1.1000000e+02  -4.5622236e+04   3.0464478e+04
   1.1100000e+02  -5.4731893e+04  -7.0951786e+03
   1.1200000e+02  -8.5620919e+03  -4.3196567e+04
   1.1300000e+02   2.8953826e+04  -3.0881123e+04
   1.1400000e+02   3.9807629e+04  -5.5678215e+03
   1.1500000e+02   3.4617282e+04  -4.9660879e+03
   1.1600000e+02   2.0045671e+04  -9.2547210e+03
   1.1700000e+02  -1.3705936e+04   2.2751892e+03
   1.1800000e+02  -4.6986898e+04   8.6011499e+03
   1.1900000e+02  -2.6941631e+04  -1.3128095e+04
   1.2000000e+02   2.1240001e+04  -3.0173200e+04
   1.2100000e+02   2.7688733e+04  -8.8256728e+03
   1.2200000e+02  -1.0335558e+03   9.8936440e+03
   1.2300000e+02  -2.6209589e+04  -9.5740490e+03
   1.2400000e+02  -4.3038452e+04  -1.8058013e+04
   1.2500000e+02  -4.5025053e+04   1.5277954e+04
   1.2600000e+02  -1.1654861e+04   3.1647577e+04
   1.2700000e+02   4.0248188e+04  -8.2990597e+02
   1.2800000e+02   5.1211090e+04  -3.5007127e+04
   1.2900000e+02  -3.5796698e+03  -2.6497136e+04
   1.3000000e+02  -6.1384704e+04   1.7949369e+04
   1.3100000e+02  -4.2767459e+04   4.4173457e+04
   1.3200000e+02   2.3653936e+04   2.3011514e+04
   1.3300000e+02   3.9437597e+04  -7.5869015e+03
   1.3400000e+02   4.3269107e+03  -1.3257403e+04
   1.3500000e+02  -9.3424549e+03   1.0538627e+03
   1.3600000e+02  -1.2472789e+04   1.6867191e+04
   1.3700000e+02  -4.1245599e+04   2.2539292e+04
   1.3800000e+02  -5.2661261e+04   7.7351565e+03
   1.3900000e+02  -1.4703226e+04  -2.6412234e+04
   1.4000000e+02   3.5864483e+04  -3.9106769e+04
   1.4100000e+02   4.8031972e+04  -1.2146693e+04
   1.4200000e+02   1.0034243e+04   1.5067277e+04
   1.4300000e+02  -3.3447031e+04   2.2698013e+04
   1.4400000e+02  -4.4991590e+04   2.3821936e+04
   1.4500000e+02  -2.2111208e+04   1.5300500e+04
   1.4600000e+02   2.4844504e+04  -1.3987682e+04
   1.4700000e+02   5.2691674e+04  -3.7761837e+04
   1.4800000e+02   3.0757036e+04  -2.0272791e+04
   1.4900000e+02  -1.9384672e+04   1.5673967e+04
   1.5000000e+02  -6.2906427e+04   2.4592991e+04
   1.5100000e+02  -5.9643268e+04   1.6105337e+04
   1.5200000e+02   1.4429453e+03   2.5886014e+04
   1.5300000e+02   5.3623167e+04   2.9585377e+04
   1.5400000e+02   2.9613511e+04  -9.8253170e+02
   1.5500000e+02  -2.2019379e+04  -1.1700514e+04
   1.5600000e+02  -1.3337619e+04   2.2800067e+04
   1.5700000e+02   2.4751243e+04   4.9954539e+04
   1.5800000e+02   1.9504650e+04   3.5068887e+04
   1.5900000e+02  -4.0120399e+03  -1.4994584e+04
   1.6000000e+02   9.7725901e+03  -5.3746289e+04
   1.6100000e+02   3.9605418e+04  -4.0601203e+04
   1.6200000e+02   3.0903462e+04   1.7490238e+03
   1.6300000e+02   3.2483675e+03   3.2361853e+04
   1.6400000e+02   3.1478289e+03   3.1601563e+04
   1.6500000e+02   9.9722708e+03  -7.4369307e+02
   1.6600000e+02   4.1688165e+03  -3.6670788e+04
   1.6700000e+02   5.0321344e+03  -2.7238103e+04
   1.6800000e+02   1.6048157e+04   2.4791136e+04
   1.6900000e+02   2.3921561e+04   4.9566603e+04
   1.7000000e+02   9.0213242e+03   3.1444309e+04
   1.7100000e+02  -2.6917618e+04   9.9500961e+03
   1.7200000e+02  -3.0530743e+04  -8.1864684e+03
   1.7300000e+02   1.5346548e+04  -2.1173808e+04
   1.7400000e+02   3.7082639e+04  -2.0730791e+04
   1.7500000e+02   7.5646019e+03  -3.2251771e+03
   1.7600000e+02  -7.7091591e+03   3.2236831e+04
   1.7700000e+02   6.5751185e+03   4.9675254e+04
   1.7800000e+02   1.1851523e+04   1.1103136e+04
   1.7900000e+02   4.5114050e+03  -5.0394982e+04
   1.8000000e+02  -1.4402315e+04  -6.2124314e+04
   1.8100000e+02  -3.7656678e+04  -8.3806686e+03
   1.8200000e+02  -2.1525061e+04   4.3652307e+04
   1.8300000e+02   2.3089884e+04   2.9738898e+04
   1.8400000e+02   2.0109120e+04  -2.3350967e+04
   1.8500000e+02  -2.7622677e+04  -4.2873817e+04
   1.8600000e+02  -4.8821059e+04  -1.7887960e+04
   1.8700000e+02  -1.8403845e+04   1.0245695e+04
   1.8800000e+02   4.0332462e+04   7.9079491e+03
   1.8900000e+02   6.4899161e+04  -2.8323735e+04
   1.9000000e+02   2.2834480e+04  -4.6391549e+04
   1.9100000e+02  -1.6774247e+04  -3.3041979e+03
   1.9200000e+02  -1.0270415e+04   4.2710811e+04
   1.9300000e+02   2.6380980e+03   1.9867292e+04
   1.9400000e+02   6.5929505e+03  -3.6108786e+04
   1.9500000e+02   1.4187958e+04  -5.2378097e+04
   1.9600000e+02   1.7467793e+04  -1.7005259e+04
   1.9700000e+02   8.5401531e+03   3.2495224e+04
   1.9800000e+02  -8.6183055e+03   2.6642185e+04
   1.9900000e+02  -2.6389419e+04  -3.4729115e+04
   2.0000000e+02  -3.1561023e+04  -4.0839094e+04
   2.0100000e+02  -2.4352286e+04   1.3921543e+04
   2.0200000e+02  -1.6079223e+04   2.0839868e+04
   2.0300000e+02  -2.2833323e+03  -2.0710013e+04
   2.0400000e+02   5.5487091e+03  -3.8853884e+04
   2.0500000e+02  -1.6480130e+04  -1.4476967e+04
   2.0600000e+02  -3.8932689e+04   1.6869080e+04
   2.0700000e+02  -8.6207234e+03   7.0505007e+03
   2.0800000e+02   5.3236479e+04  -3.0689222e+04
   2.0900000e+02   6.1038034e+04  -3.5355918e+04
   2.1000000e+02   1.6774643e+03  -4.1715228e+03
   2.1100000e+02  -3.5561865e+04   1.5923137e+04
   2.1200000e+02  -7.4753306e+03   1.7996227e+04
   2.1300000e+02   1.3224951e+04   1.1997349e+04
   2.1400000e+02  -3.1772323e+04   3.0451258e+03
   2.1500000e+02  -6.1646215e+04   1.6065039e+04
   2.1600000e+02   9.8927725e+03   3.0900216e+04
   2.1700000e+02   1.0186447e+05   1.6238890e+04
   2.1800000e+02   8.1942983e+04   7.8181510e+03
   2.1900000e+02  -4.9956488e+04   1.7732791e+04
   2.2000000e+02  -1.5500524e+05   1.6662010e+04
   2.2100000e+02  -1.2461773e+05   1.2753392e+02
   2.2200000e+02  -1.5163145e+04  -2.1293440e+04
   2.2300000e+02   6.7364259e+04  -2.4162419e+04
   2.2400000e+02   7.7130197e+04   4.2095581e+03
   2.2500000e+02   1.5351901e+04   2.1247870e+04
   2.2600000e+02  -6.0118695e+04  -8.3576522e+03
   2.2700000e+02  -7.3266224e+04  -3.3378886e+04
   2.2800000e+02  -1.2223551e+04  -7.1820278e+03
   2.2900000e+02   4.5741723e+04   2.4690374e+04
   2.3000000e+02   4.1066265e+04   1.9200849e+04
   2.3100000e+02   1.7348786e+04   3.4368276e+02
   2.3200000e+02   1.7113324e+04   1.3479574e+04
   2.3300000e+02   2.7312383e+04   5.2423895e+04
   2.3400000e+02   2.0560274e+04   4.9336357e+04
   2.3500000e+02  -1.8137572e+04  -1.2434360e+03
   2.3600000e+02  -4.6644843e+04  -1.7954767e+04
   2.3700000e+02  -1.7433352e+04   1.7206059e+04
   2.3800000e+02   3.8967423e+04   2.9369719e+04
   2.3900000e+02   5.2165007e+04  -3.4354562e+03
   2.4000000e+02  -4.6925093e+03  -1.6672133e+04
   2.4100000e+02  -8.1328248e+04   8.2069335e+03
   2.4200000e+02  -9.8609523e+04   2.8906718e+04
   2.4300000e+02  -2.8175625e+04   1.1819309e+04
   2.4400000e+02   6.4795364e+04  -3.5637529e+04
   2.4500000e+02   8.6009963e+04  -4.4503276e+04
   2.4600000e+02   2.9160679e+04   2.8632105e+03
   2.4700000e+02  -2.5268338e+04   3.3345584e+04
   2.4800000e+02  -8.5664294e+03   1.8716673e+04
   2.4900000e+02   5.0949789e+04  -1.6784233e+04
   2.5000000e+02   7.2152662e+04  -3.9690472e+04
   2.5100000e+02   4.6113717e+04  -1.9546261e+04
   2.5200000e+02   1.8881491e+04   2.3391131e+04
   2.5300000e+02   7.7057743e+03   3.9189443e+04
   2.5400000e+02   8.2203104e+02   1.5303989e+04
   2.5500000e+02  -9.9588945e+03  -1.4944660e+04
   2.5600000e+02  -2.0277272e+04  -2.3616040e+04
   2.5700000e+02  -1.9373869e+04  -1.6851416e+03
   2.5800000e+02   1.1512458e+04   3.7321505e+04
   2.5900000e+02   5.7617846e+04   4.0352323e+04
   2.6000000e+02   5.5256542e+04  -7.4307035e+01
   2.6100000e+02  -2.8429081e+04  -3.0391835e+04
   2.6200000e+02  -1.2341972e+05  -3.0738830e+04
   2.6300000e+02  -9.6239104e+04  -1.3888171e+04
   2.6400000e+02   4.3680134e+04  -3.3819040e+03
   2.6500000e+02   1.2002772e+05  -1.1665713e+04
   2.6600000e+02   7.6957422e+04  -1.7725026e+04
   2.6700000e+02  -1.0790853e+03  -1.5520666e+04
   2.6800000e+02  -6.4655547e+04  -1.5236470e+04
   2.6900000e+02  -6.4881741e+04  -8.6837946e+03
   2.7000000e+02   1.4817831e+04  -6.4809560e+02
   2.7100000e+02   7.6336634e+04  -4.9019136e+03
   2.7200000e+02   5.3065718e+04  -4.3726915e+03
   2.7300000e+02   2.4318528e+03   1.2887319e+03
   2.7400000e+02  -2.6999181e+04  -2.5161549e+03
   2.7500000e+02  -4.1918081e+04   4.0352456e+03
   2.7600000e+02  -4.0698227e+04  -6.1245321e+02
   2.7700000e+02  -2.0076644e+04  -3.6385670e+04
   2.7800000e+02   1.3904980e+04  -3.8952180e+04
   2.7900000e+02   3.0288459e+04  -2.4696102e+03
   2.8000000e+02  -4.8069432e+03   1.6427265e+04
   2.8100000e+02  -5.9237478e+04   1.2439998e+04
   2.8200000e+02  -9.0805673e+04  -3.2553764e+03
   2.8300000e+02  -8.2898354e+04  -1.6580641e+04
   2.8400000e+02  -2.0895223e+04  -1.8775776e+04
   2.8500000e+02   3.9369819e+04  -1.9756542e+04
   2.8600000e+02   3.3108072e+04  -1.0660811e+04
   2.8700000e+02   1.3961785e+04   1.6867292e+04
   2.8800000e+02   3.5018938e+04   3.4580016e+04
   2.8900000e+02   4.1615654e+04   1.1232625e+04
   2.9000000e+02   4.9817737e+03  -2.3574349e+04
   2.9100000e+02  -2.2286255e+04  -2.5040905e+04
   2.9200000e+02  -1.9012879e+04  -1.6796240e+04
   2.9300000e+02  -2.8688398e+03  -1.9438038e+04
   2.9400000e+02   1.9788712e+04  -6.1165792e+03
   2.9500000e+02   3.4483202e+04   2.6562950e+04
   2.9600000e+02   2.5201485e+04   4.4593971e+04
   2.9700000e+02  -5.0361310e+03   2.0475394e+04
   2.9800000e+02  -4.3147973e+04  -2.0290071e+04
   2.9900000e+02  -7.2883747e+04  -2.4599206e+04
   3.0000000e+02  -7.5260027e+04   6.4765582e+03
   3.0100000e+02  -4.1960465e+04   2.9386161e+04
   3.0200000e+02   4.5000752e+03   2.6598507e+04
   3.0300000e+02   3.1591908e+04   1.4681041e+04
   3.0400000e+02   2.5364051e+04   8.6204206e+03
   3.0500000e+02  -1.3968197e+04   1.7886932e+03
   3.0600000e+02  -6.4237018e+04  -1.4335098e+04
   3.0700000e+02  -6.9933945e+04  -2.2644688e+04
   3.0800000e+02   8.8819230e+02  -2.6350323e+03
   3.0900000e+02   9.1049849e+04   2.1322224e+04
   3.1000000e+02   1.2467289e+05   1.2780915e+04
   3.1100000e+02   8.3377938e+04  -4.8782807e+03
   3.1200000e+02  -1.1432253e+04   3.1988174e+03
   3.1300000e+02  -7.9985582e+04   1.3660062e+04
   3.1400000e+02  -5.2519572e+04   8.4958233e+03
   3.1500000e+02   1.6780584e+04   7.2125784e+03
   3.1600000e+02   5.1968927e+04   1.2352181e+04
   3.1700000e+02   5.7741832e+04   2.0023907e+04
   3.1800000e+02   4.4935079e+04   3.1186200e+04
   3.1900000e+02   1.2497143e+03   3.5245444e+04
   3.2000000e+02  -4.4372333e+04   2.9611825e+04
   3.2100000e+02  -3.9546213e+04   1.5582489e+04
   3.2200000e+02   5.7156579e+03   2.4428553e+03
   3.2300000e+02   2.4023392e+04   8.5790553e+03
   3.2400000e+02  -2.3689003e+04   1.5105325e+04
   3.2500000e+02  -6.9336588e+04  -3.4207655e+03
   3.2600000e+02  -1.3585468e+04  -2.0485595e+04
   3.2700000e+02   7.0916651e+04  -1.5002088e+04
   3.2800000e+02   3.7245355e+04  -1.6218914e+04
   3.2900000e+02  -4.9064127e+04  -3.3003558e+04
   3.3000000e+02  -3.3485287e+04  -3.2410266e+04
   3.3100000e+02   4.2737420e+04  -6.6754560e+03
   3.3200000e+02   5.3003073e+04   2.1558609e+04
   3.3300000e+02   1.1908244e+04   2.9333063e+04
   3.3400000e+02   1.8525124e+04   1.8551367e+04
   3.3500000e+02   8.4573064e+04   2.5976969e+04
   3.3600000e+02   1.1128900e+05   5.3511036e+04
   3.3700000e+02   4.3752165e+04   4.7009164e+04
   3.3800000e+02  -4.8764167e+04  -1.1475855e+04
   3.3900000e+02  -9.7995323e+04  -5.9811412e+04
   3.4000000e+02  -9.0408809e+04  -4.4058907e+04
   3.4100000e+02  -3.6264885e+04  -5.2590582e+03
   3.4200000e+02   1.8696804e+04  -2.2393790e+03
   3.4300000e+02   3.8784999e+04  -3.0187759e+04
   3.4400000e+02   1.3686487e+04  -6.2872411e+04
   3.4500000e+02  -4.2435842e+04  -7.4942972e+04
   3.4600000e+02  -6.6679251e+04  -4.9556188e+04
   3.4700000e+02  -3.4631050e+04  -4.5920268e+03
   3.4800000e+02   4.5774871e+03   2.1776894e+04
   3.4900000e+02   1.9051869e+04   1.4739511e+04
   3.5000000e+02   2.0825206e+04  -9.1146108e+03
   3.5100000e+02   1.9980178e+04  -2.9183588e+04
   3.5200000e+02   1.1418110e+04  -1.7718053e+04
   3.5300000e+02   7.8736207e+03   2.0109981e+04
   3.5400000e+02   1.7268375e+04   2.0875303e+04
   3.5500000e+02   2.1153750e+04  -2.3029162e+04
   3.5600000e+02   1.7919739e+04  -3.5274728e+04
   3.5700000e+02   1.1669193e+04   1.5369979e+04
   3.5800000e+02   1.0213773e+03   5.7403707e+04
   3.5900000e+02  -3.2646250e+03   2.9758233e+04
   3.6000000e+02  -4.4942516e+03  -1.6368423e+04
   3.6100000e+02  -1.0389625e+04  -2.0919352e+04
   3.6200000e+02  -2.2185994e+03   1.1809367e+03
   3.6300000e+02   2.0202078e+04   1.9560010e+04
   3.6400000e+02   1.8679010e+04   2.2101457e+04
   3.6500000e+02  -1.1128417e+04   1.6727246e+04
   3.6600000e+02  -4.4722311e+04  -1.3903803e+02
   3.6700000e+02  -6.2291402e+04  -3.0328234e+04
   3.6800000e+02  -2.5301977e+04  -2.8922599e+04
   3.6900000e+02   3.4824997e+04   8.6882860e+03
   3.7000000e+02   2.8932464e+04   2.5568816e+04
   3.7100000e+02  -2.4609465e+04   9.6885589e+03
   3.7200000e+02  -4.9292239e+04  -1.0416011e+04
   3.7300000e+02  -1.8689156e+04  -2.1008277e+04
   3.7400000e+02   3.2542835e+04  -1.7564622e+04
   3.7500000e+02   3.0404378e+04  -1.8296867e+03
   3.7600000e+02  -2.5822756e+04   9.6504804e+03
   3.7700000e+02  -5.9590654e+04   1.6551721e+03
   3.7800000e+02  -4.0101296e+04  -1.6585187e+04
   3.7900000e+02   1.3480135e+03  -1.3323063e+04
   3.8000000e+02   2.3030607e+04   1.6147741e+04
   3.8100000e+02   1.3802423e+04   2.6347839e+04
   3.8200000e+02   9.0099522e+02   2.4282601e+03
   3.8300000e+02  -1.4185571e+03  -1.7192293e+04
   3.8400000e+02  -1.5458519e+04  -1.0589366e+04
   3.8500000e+02  -3.3502743e+04   1.7560548e+04
   3.8600000e+02  -1.7599517e+04   3.6846067e+04
   3.8700000e+02   1.0537998e+04   1.1355475e+04
   3.8800000e+02   1.3506339e+04  -3.1294268e+04
   3.8900000e+02   1.0570432e+04  -2.4154157e+04
   3.9000000e+02   1.5041776e+04   3.0404469e+04
   3.9100000e+02   9.4153110e+03   5.6475645e+04
   3.9200000e+02  -7.0898713e+03   2.3382167e+04
   3.9300000e+02  -1.4742249e+04  -2.2549997e+04
   3.9400000e+02  -3.1877389e+03  -2.7504516e+04
   3.9500000e+02   2.4524472e+04   1.6261719e+04
   3.9600000e+02   5.1850183e+04   5.5064958e+04
   3.9700000e+02   4.5898358e+04   4.9510631e+04
   3.9800000e+02   2.2194758e+03   1.7202616e+04
   3.9900000e+02  -3.7165875e+04  -1.0436477e+04
   4.0000000e+02  -2.9737618e+04  -9.0034406e+03
   4.0100000e+02   1.4020614e+04   5.1952471e+03
   4.0200000e+02   2.3297336e+04   7.1671421e+03
   4.0300000e+02  -2.1770501e+04   6.2434013e+03
   4.0400000e+02  -3.4025146e+04   1.3128690e+03
   4.0500000e+02   2.4550930e+04  -9.8234327e+03
   4.0600000e+02   6.0257780e+04  -1.7188977e+04
   4.0700000e+02   1.6049786e+04  -7.6339735e+03
   4.0800000e+02  -3.6066982e+04   1.3009393e+04
   4.0900000e+02  -3.2405706e+04   1.5919726e+03
   4.1000000e+02   1.2690394e+04  -2.5106477e+04
   4.1100000e+02   4.7690578e+04  -1.0730375e+04
   4.1200000e+02   3.2545087e+04   1.9084157e+04
   4.1300000e+02   3.6647712e+03   1.8208264e+04
   4.1400000e+02   6.3183454e+03  -8.1133896e+03
   4.1500000e+02   2.0043978e+04  -2.4550185e+04
   4.1600000e+02   1.9447390e+04  -8.8771363e+03
   4.1700000e+02  -5.3703535e+03   1.1989269e+04
   4.1800000e+02  -2.8582182e+04   6.3539412e+03
   4.1900000e+02  -7.9306723e+03  -1.0531942e+04
   4.2000000e+02   2.1343272e+04  -7.4925656e+03
   4.2100000e+02   5.2973676e+03   9.5642825e+03
   4.2200000e+02  -2.9432417e+04   1.3231901e+04
   4.2300000e+02  -3.6117424e+04  -7.9655634e+03
   4.2400000e+02  -1.4944339e+04  -3.8732539e+04
   4.2500000e+02   1.8482186e+04  -3.5673334e+04
   4.2600000e+02   3.6629833e+04   4.7409125e+03
   4.2700000e+02   8.6959897e+03   2.5795180e+04
   4.2800000e+02  -2.1568407e+04   8.2025858e+02
   4.2900000e+02  -3.9437343e+03  -3.7171058e+04
   4.3000000e+02   1.9658064e+04  -3.6342432e+04
   4.3100000e+02   1.3811287e+04   2.9270576e+03
   4.3200000e+02   6.6939463e+03   2.0889411e+04
   4.3300000e+02   2.1624429e+04  -3.3092118e+03
   4.3400000e+02   3.1573906e+04  -2.5556507e+04
   4.3500000e+02   4.8663283e+03  -9.9270562e+03
   4.3600000e+02  -2.2493328e+04   1.5579623e+04
   4.3700000e+02  -9.3564102e+03   1.1359373e+04
   4.3800000e+02   8.5055222e+03  -1.1068367e+04
   4.3900000e+02  -1.1598662e+04  -3.2478402e+04
   4.4000000e+02  -3.6685810e+04  -3.4702982e+04
   4.4100000e+02  -2.7644880e+04  -5.4706151e+03
   4.4200000e+02  -1.4773134e+04   1.7945002e+04
   4.4300000e+02  -1.3865141e+04  -2.4180420e+01
   4.4400000e+02  -2.2011147e+03  -2.9491980e+04
   4.4500000e+02   8.9144013e+03  -1.5142322e+04
   4.4600000e+02  -2.5552163e+02   2.4564705e+04
   4.4700000e+02  -2.5836972e+04   2.3494028e+04
   4.4800000e+02  -3.8751361e+04  -4.9537314e+03
   4.4900000e+02  -7.0614312e+03  -1.0467584e+04
   4.5000000e+02   3.7051606e+04   2.9507607e+03
   4.5100000e+02   3.5263118e+04   1.0053639e+04
   4.5200000e+02   8.1585692e+02   3.6151715e+03
   4.5300000e+02  -1.7743693e+04  -5.5537125e+02
   4.5400000e+02  -1.6314814e+04   6.5275943e+03
   4.5500000e+02  -8.1915721e+03   7.2892260e+03
   4.5600000e+02  -5.3815945e+03  -5.7525205e+03
   4.5700000e+02  -1.6836484e+04  -9.6924478e+03
   4.5800000e+02  -1.2882483e+04   2.9674041e+03
   4.5900000e+02   4.7247003e+03   1.3736638e+03
   4.6000000e+02  -1.8284983e+03  -1.2253079e+04
   4.6100000e+02  -1.2903817e+04  -1.5719403e+03
   4.6200000e+02  -1.3317270e+04   2.4411471e+04
   4.6300000e+02  -1.1772325e+04   3.4590206e+04
   4.6400000e+02  -9.0710726e+02   2.0350677e+04
   4.6500000e+02   1.7429574e+03  -6.8174765e+03
   4.6600000e+02  -1.2555291e+04  -1.5947043e+04
   4.6700000e+02  -2.2806794e+04   1.0596942e+04
   4.6800000e+02  -1.7074545e+04   3.9819016e+04
   4.6900000e+02  -8.6424541e+02   2.7173122e+04
   4.7000000e+02   5.1295691e+03  -1.0725102e+04
   4.7100000e+02  -4.4111646e+02  -2.7680695e+04
   4.7200000e+02  -1.9389840e+03  -9.9792598e+03
   4.7300000e+02   8.4620530e+02   3.1176630e+04
   4.7400000e+02   5.5106774e+03   4.6318053e+04
   4.7500000e+02   1.4220895e+04   5.1224992e+03
   4.7600000e+02   2.5701220e+04  -2.6054577e+04
   4.7700000e+02   3.0175057e+04  -5.6314672e+03
   4.7800000e+02   2.4057599e+04   1.9813390e+04
   4.7900000e+02   1.7990392e+04   3.0502039e+04
   4.8000000e+02   1.3411070e+04   3.0724737e+04
   4.8100000e+02   1.9320790e+02   6.5990522e+03
   4.8200000e+02  -1.7074413e+04  -1.5521786e+04
   4.8300000e+02  -1.2492743e+04  -4.2025320e+02
   4.8400000e+02   1.2171072e+04   2.1799372e+04
   4.8500000e+02   1.9215871e+04   7.8121217e+03
   4.8600000e+02   7.6165280e+02  -2.6223615e+04
   4.8700000e+02  -1.2666835e+04  -2.1949858e+04
   4.8800000e+02   2.9309700e+03   2.3484037e+04
   4.8900000e+02   2.4443196e+04   3.0701972e+04
   4.9000000e+02   1.5816873e+04  -1.8355656e+04
   4.9100000e+02  -2.4350614e+03  -4.0113086e+04
   4.9200000e+02  -3.0249724e+03  -6.7855074e+03
   4.9300000e+02   7.8420912e+03   1.8034411e+04
   4.9400000e+02   1.8064303e+04   6.1559116e+02
   4.9500000e+02   9.5148199e+03  -2.3731313e+04
   4.9600000e+02  -8.7816774e+03  -1.3989577e+04
   4.9700000e+02  -4.5077248e+03   1.8951852e+04
   4.9800000e+02   1.2544543e+04   2.0937110e+04
   4.9900000e+02   1.0964502e+04  -1.8736490e+04
   5.0000000e+02   6.8250800e+01  -4.1387012e+04
   5.0100000e+02   3.2519172e+03  -1.9989543e+04
   5.0200000e+02   1.1241131e+04   8.7913889e+03
   5.0300000e+02   1.2181507e+04   1.4552671e+04
   5.0400000e+02   5.0161202e+03  -2.6972447e+03
   5.0500000e+02  -5.0799572e+03  -2.7354680e+04
   5.0600000e+02   3.7109584e+03  -3.6982756e+04
   5.0700000e+02   2.3163430e+04  -2.1193551e+04
   5.0800000e+02   1.7612784e+04  -6.1411340e+02
   5.0900000e+02  -8.8613754e+03   2.2963624e+03
   5.1000000e+02  -1.9688265e+04  -2.7398147e+03
   5.1100000e+02  -4.0853024e+03  -5.2488070e+02
   5.1200000e+02   8.8118835e+03   6.2816866e+03
   5.1300000e+02   6.3974769e+03   2.0893839e+03
   5.1400000e+02  -1.1880542e+03  -1.5862448e+04
   5.1500000e+02  -1.6505245e+04  -1.9089074e+04
   5.1600000e+02  -2.7314175e+04   4.5130153e+03
   5.1700000e+02  -1.8431682e+04   2.6461642e+04
   5.1800000e+02  -1.9925905e+03   2.2451516e+04
   5.1900000e+02   3.2430553e+03   4.3765057e+02
   5.2000000e+02  -8.4247348e+03  -2.1281375e+04
   5.2100000e+02  -1.4423075e+04  -3.1771370e+04
   5.2200000e+02  -1.2365566e+03  -1.8365510e+04
   5.2300000e+02   6.2354387e+03   2.9484897e+03
   5.2400000e+02  -8.4383728e+02   1.5297788e+03
   5.2500000e+02  -7.6402471e+03  -8.0886294e+03
   5.2600000e+02  -1.2845430e+04  -5.9561549e+03
   5.2700000e+02  -9.5261632e+03   6.2245230e+02
   5.2800000e+02   4.4607530e+03  -4.6392120e+03
   5.2900000e+02  -5.5199230e+03  -1.9389497e+04
   5.3000000e+02  -3.0926049e+04  -1.2141404e+04
   5.3100000e+02  -1.5891854e+04   9.4026301e+03
   5.3200000e+02   9.8030092e+03   1.8882876e+04
   5.3300000e+02  -7.7715374e+03   2.4466162e+04
   5.3400000e+02  -2.8249236e+04   1.6545945e+04
   5.3500000e+02  -1.7769801e+04  -7.5419499e+03
   5.3600000e+02  -8.3349321e+03  -1.2445648e+04
   5.3700000e+02  -9.5254480e+03   1.3740392e+04
   5.3800000e+02   5.7371295e+02   3.2004221e+04
   5.3900000e+02   1.0087627e+04   1.3185678e+04
   5.4000000e+02   6.8196449e+02  -4.7147500e+03
   5.4100000e+02  -1.0458197e+04   5.1673038e+03
   5.4200000e+02  -8.7507286e+03   1.2462289e+04
   5.4300000e+02   5.7387455e+03  -3.5775094e+03
   5.4400000e+02   1.8435014e+04  -2.2652290e+04
   5.4500000e+02   5.9026862e+03  -1.9210049e+03
   5.4600000e+02  -1.9127565e+04   3.2196960e+04
   5.4700000e+02  -2.1385645e+04   1.5602832e+04
   5.4800000e+02   3.0086631e+03  -1.1150175e+04
   5.4900000e+02   1.9509111e+04  -1.5886884e+03
   5.5000000e+02   1.0772697e+04   9.2120284e+03
   5.5100000e+02   3.9552055e+03   1.1911927e+04
   5.5200000e+02   1.1505997e+04   2.3269302e+04
   5.5300000e+02   1.7023708e+04   2.6531720e+04
   5.5400000e+02   5.8464824e+03   1.0695897e+04
   5.5500000e+02  -1.6193713e+04   9.2829981e+02
   5.5600000e+02  -1.5991187e+04   4.5577078e+03
   5.5700000e+02   1.0882883e+04  -1.3324323e+02
   5.5800000e+02   2.6125694e+04  -6.2265219e+03
   5.5900000e+02   1.1964364e+04   4.6188906e+03
   5.6000000e+02  -1.1876591e+04   1.5404309e+04
   5.6100000e+02  -2.1675040e+04   3.7390463e+03
   5.6200000e+02  -7.8300459e+03  -1.1534602e+04
   5.6300000e+02   2.6354256e+04  -7.2227290e+03
   5.6400000e+02   4.3609261e+04  -1.0291044e+03
   5.6500000e+02   1.2817822e+04  -2.4621173e+03
   5.6600000e+02  -2.3551709e+04   8.6144759e+02
   5.6700000e+02  -1.5934526e+04   6.8210590e+03
   5.6800000e+02   2.4272117e+04   4.5386430e+03
   5.6900000e+02   5.1351172e+04  -1.0903359e+04
   5.7000000e+02   3.4222618e+04  -2.3135300e+04
   5.7100000e+02  -9.4165890e+03  -1.5725682e+04
   5.7200000e+02  -3.5421443e+04   3.5536369e+03
   5.7300000e+02  -1.9129538e+04   1.8702785e+04
   5.7400000e+02   1.1470826e+04   1.4350918e+04
   5.7500000e+02   1.9485138e+04  -3.2664209e+03
   5.7600000e+02   1.6452296e+04  -1.7327770e+04
   5.7700000e+02   5.7870654e+03  -1.9055368e+04
   5.7800000e+02  -1.2765911e+04   2.1531595e+03
   5.7900000e+02  -8.2726604e+03   2.4095376e+04
   5.8000000e+02   1.1958407e+04   1.2577855e+04
   5.8100000e+02   1.4487440e+04  -1.8268920e+04
   5.8200000e+02   3.0986763e+03  -3.1355096e+04
   5.8300000e+02   6.0887460e+02  -1.2398130e+04
   5.8400000e+02   1.2776278e+04   8.1168848e+03
   5.8500000e+02   2.0242233e+04  -4.0704629e+03
   5.8600000e+02   4.6441287e+03  -2.1591850e+04
   5.8700000e+02  -1.9732908e+04  -8.8129870e+03
   5.8800000e+02  -1.7851591e+04   2.9415987e+03
   5.8900000e+02   6.2880658e+03  -1.1930661e+04
   5.9000000e+02   1.1014496e+04  -1.5404346e+04
   5.9100000e+02  -6.6007062e+03   4.0004969e+03
   5.9200000e+02  -1.0370339e+04   1.5734583e+04
   5.9300000e+02   9.0012677e+03   1.4227915e+04
   5.9400000e+02   1.5614704e+04   3.4141838e+03
   5.9500000e+02  -3.7077375e+03  -9.4294024e+03
   5.9600000e+02  -1.5792890e+04  -9.0162905e+03
   5.9700000e+02  -1.9098076e+04   2.6278401e+03
   5.9800000e+02  -2.3398769e+04   8.1301354e+03
   5.9900000e+02  -8.9470374e+03  -2.4988221e+03
   6.0000000e+02   1.1051284e+04  -1.1874679e+04
   6.0100000e+02  -5.1466340e+01  -1.0748902e+04
   6.0200000e+02  -3.5029737e+04  -1.4225354e+04
   6.0300000e+02  -4.1732244e+04  -1.6531179e+04
   6.0400000e+02   6.2280040e+02  -9.5503424e+03
   6.0500000e+02   3.8504166e+04  -4.9176042e+03
   6.0600000e+02   2.7779111e+04  -3.6893344e+03
   6.0700000e+02  -5.4008979e+03   5.1596594e+03
   6.0800000e+02  -1.4824872e+04   1.3372634e+04
   6.0900000e+02  -3.8587531e+03   8.8110277e+02
   6.1000000e+02  -7.2116866e+03  -1.4104043e+04
   6.1100000e+02  -1.7635553e+04  -8.9017559e+03
   6.1200000e+02  -1.2685042e+04  -2.2169577e+03
   6.1300000e+02  -2.6203179e+03  -1.0939765e+03
   6.1400000e+02   7.1793814e+01   9.6481531e+03
   6.1500000e+02  -7.1547648e+03   2.3551887e+04
   6.1600000e+02  -2.4065956e+04   1.5263665e+04
   6.1700000e+02  -3.4343723e+04  -1.4228667e+04
   6.1800000e+02  -2.1070552e+04  -3.1724134e+04
   6.1900000e+02  -3.2342459e+02  -2.1321952e+04
   6.2000000e+02   1.2271097e+04   7.2871203e+03
   6.2100000e+02   2.0344437e+04   2.8483199e+04
   6.2200000e+02   9.9700226e+03   2.0426824e+04
   6.2300000e+02  -8.6464810e+03  -2.6136690e+03
   6.2400000e+02   1.7667170e+03  -1.4368600e+04
   6.2500000e+02   2.2796012e+04  -1.1728020e+02
   6.2600000e+02   1.1700966e+04   2.3345914e+04
   6.2700000e+02  -1.5247909e+04   2.2011842e+04
   6.2800000e+02  -1.0291812e+04   8.3976778e+03
   6.2900000e+02   1.4093722e+04   9.7693800e+03
   6.3000000e+02   7.2446531e+03   2.1388344e+04
   6.3100000e+02  -1.9857003e+04   2.3586485e+04
   6.3200000e+02  -2.1345962e+04   4.1374974e+03
   6.3300000e+02   2.5306863e+03  -1.5810199e+04
   6.3400000e+02   9.8522255e+03  -1.3887372e+04
   6.3500000e+02  -7.7992063e+03   4.5069968e+03
   6.3600000e+02  -9.1236167e+03   2.2058499e+04
   6.3700000e+02   1.2522418e+04   1.6215492e+04
   6.3800000e+02   2.5505843e+04  -3.8278077e+03
   6.3900000e+02   1.2082090e+04  -1.0914798e+04
   6.4000000e+02  -1.0692341e+04  -7.3396532e+03
   6.4100000e+02  -2.2232480e+03   3.0115543e+03
   6.4200000e+02   2.2388393e+04   1.6679600e+04
   6.4300000e+02   2.2746869e+04   1.7477896e+04
   6.4400000e+02   1.3894168e+04   6.5702415e+03
   6.4500000e+02   8.1809995e+03  -3.9821894e+03
   6.4600000e+02   2.4008528e+03  -6.6799302e+03
   6.4700000e+02   4.1357893e+03   7.6577601e+03
   6.4800000e+02   3.0470366e+03   2.7002852e+04
   6.4900000e+02  -3.7575892e+03   2.0678198e+04
   6.5000000e+02   4.1820566e+02  -7.7311290e+03
   6.5100000e+02   3.7458351e+03  -1.8325478e+04
   6.5200000e+02  -4.7663575e+03   8.2733583e+03
   6.5300000e+02  -2.9427690e+02   3.4555603e+04
   6.5400000e+02   9.1349287e+03   9.5682778e+03
   6.5500000e+02   4.2616913e+02  -4.2978619e+04
   6.5600000e+02  -5.3205787e+03  -4.8150425e+04
   6.5700000e+02  -1.1773233e+03   2.1275234e+03
   6.5800000e+02   1.2276061e+04   3.4952773e+04
   6.5900000e+02   3.4947966e+04   7.1559520e+03
   6.6000000e+02   2.0478020e+04  -3.4504519e+04
   6.6100000e+02  -2.6558940e+04  -3.0736048e+04
   6.6200000e+02  -2.1216558e+04   6.2281308e+03
   6.6300000e+02   3.5812159e+04   1.9052278e+04
   6.6400000e+02   4.1812243e+04  -2.6326397e+03
   6.6500000e+02  -1.4013942e+04  -1.4252148e+04
   6.6600000e+02  -3.4279368e+04  -1.3228985e+04
   6.6700000e+02   1.9223144e+03  -1.9039298e+04
   6.6800000e+02   3.3783693e+04  -8.0895093e+03
   6.6900000e+02   2.6063101e+04   1.1453183e+04
   6.7000000e+02  -7.2303967e+03   6.3281701e+03
   6.7100000e+02  -2.3609885e+04  -9.5617010e+03
   6.7200000e+02  -1.5375609e+04  -2.3977750e+04
   6.7300000e+02  -2.6002590e+03  -3.2850904e+04
   6.7400000e+02   5.0815358e+03  -1.1288580e+04
   6.7500000e+02  -3.8257988e+03   2.3301729e+04
   6.7600000e+02  -1.2003024e+04   1.7063899e+04
   6.7700000e+02   2.6114210e+03  -2.0058586e+04
   6.7800000e+02   1.7050195e+04  -3.5318791e+04
   6.7900000e+02   4.8953163e+03  -2.2316498e+04
   6.8000000e+02  -2.2511816e+04  -2.1935773e+03
   6.8100000e+02  -2.7136928e+04   1.0183384e+04
   6.8200000e+02  -1.9602665e+03   4.6313988e+03
   6.8300000e+02   1.6778850e+04  -7.8500623e+03
   6.8400000e+02   7.1759528e+03  -1.0304728e+04
   6.8500000e+02  -1.3668719e+04  -3.7313860e+03
   6.8600000e+02  -2.0317614e+04   4.4216348e+03
   6.8700000e+02  -2.0210306e+04   7.6401669e+03
   6.8800000e+02  -2.0125988e+04   1.4911230e+03
   6.8900000e+02  -5.8924837e+03  -7.3441505e+03
   6.9000000e+02   7.0785683e+03  -1.0977913e+04
   6.9100000e+02   1.6960579e+03  -1.0944036e+04
   6.9200000e+02  -7.6284458e+03   1.9159723e+03
   6.9300000e+02  -1.0996615e+04   2.1420695e+04
   6.9400000e+02  -1.0305399e+04   1.2901138e+04
   6.9500000e+02  -4.0546359e+03  -1.1109587e+04
   6.9600000e+02   3.4319505e+03  -1.2785303e+04
   6.9700000e+02  -4.5511850e+03   3.3267746e+03
   6.9800000e+02  -1.8225262e+04   1.9850913e+04
   6.9900000e+02  -1.3052892e+04   1.4970308e+04
   7.0000000e+02  -1.5831794e+03  -9.0202777e+03
   7.0100000e+02   3.7281414e+02  -7.3190526e+03
   7.0200000e+02  -3.8805835e+03   1.8432248e+04
   7.0300000e+02  -7.8575974e+03   2.5806425e+04
   7.0400000e+02  -1.0968787e+04   1.2829962e+04
   7.0500000e+02  -2.1859891e+04   2.2901029e+03
   7.0600000e+02  -2.0359276e+04   1.3565714e+04
   7.0700000e+02   6.9062253e+03   3.8595451e+04
   7.0800000e+02   1.5331659e+04   3.1917480e+04
   7.0900000e+02  -7.7122566e+03  -1.0063805e+04
   7.1000000e+02  -1.4004855e+04  -3.2729957e+04
   7.1100000e+02   7.0324718e+03  -1.3495704e+04
   7.1200000e+02   2.3069244e+04   2.4306399e+04
   7.1300000e+02   2.4479072e+04   4.0423423e+04
   7.1400000e+02   1.5355506e+04   4.2438593e+03
   7.1500000e+02   4.2420849e+03  -3.8240247e+04
   7.1600000e+02   8.3744170e+03  -1.7909011e+04
   7.1700000e+02   9.5688657e+03   2.6466072e+04
   7.1800000e+02  -1.1497704e+04   2.2729485e+04
   7.1900000e+02  -1.9851556e+04  -5.1939266e+03
   7.2000000e+02  -3.6452500e+02  -9.8688546e+03
   7.2100000e+02   7.5966014e+03   7.6446876e+03
   7.2200000e+02  -3.7501414e+03   2.9656567e+04
   7.2300000e+02   4.2040137e+03   2.6897594e+04
   7.2400000e+02   2.6892444e+04  -1.4109180e+03
   7.2500000e+02   2.5042259e+04  -1.5497069e+04
   7.2600000e+02   5.8134500e+03  -1.0966099e+04
   7.2700000e+02   9.4129547e+02  -2.9396138e+03
   7.2800000e+02   1.9204868e+04   5.6176022e+03
   7.2900000e+02   3.4617621e+04   3.6997485e+03
   7.3000000e+02   1.7213964e+04  -5.6420994e+03
   7.3100000e+02  -8.0716124e+03  -1.0245223e+04
   7.3200000e+02  -2.6811711e+03  -3.7997159e+03
   7.3300000e+02   2.1348432e+04   9.8064265e+03
   7.3400000e+02   2.0947499e+04   6.2382651e+03
   7.3500000e+02  -1.3367803e+04  -1.3178902e+04
   7.3600000e+02  -2.4101196e+04  -1.2602150e+04
   7.3700000e+02   1.1275358e+04   9.1373568e+03
   7.3800000e+02   2.6949052e+04   1.3404156e+04
   7.3900000e+02  -2.1241975e+02  -1.4092886e+03
   7.4000000e+02  -1.6904126e+04  -6.4672309e+03
   7.4100000e+02  -8.4022851e+03  -1.0394244e+04
   7.4200000e+02   1.1513590e+03  -1.5344490e+04
   7.4300000e+02   1.3797486e+04  -8.8721237e+03
   7.4400000e+02   1.4876586e+04  -1.0057097e+04
   7.4500000e+02  -1.1167619e+04  -1.4675615e+04
   7.4600000e+02  -1.8000251e+04  -7.9941459e+03
   7.4700000e+02   1.0997026e+04  -5.3026460e+03
   7.4800000e+02   2.4610094e+04  -6.7789173e+03
   7.4900000e+02   1.8186837e+03  -5.5414974e+03
   7.5000000e+02  -2.0390803e+04  -1.0935247e+04
   7.5100000e+02  -5.9422544e+03  -2.6889780e+04
   7.5200000e+02   2.1414074e+04  -2.6006915e+04
   7.5300000e+02   1.6993818e+04   7.1058071e+03
   7.5400000e+02  -1.4739161e+04   2.2320914e+04
   7.5500000e+02  -3.6561739e+04  -1.9975493e+03
   7.5600000e+02  -2.5961341e+04  -1.9815354e+04
   7.5700000e+02  -3.4162002e+02  -1.1094308e+04
   7.5800000e+02   1.4589328e+04   6.8073584e+03
   7.5900000e+02   9.2081285e+03   1.0895932e+04
   7.6000000e+02  -1.2519722e+04   1.7912073e+03
   7.6100000e+02  -1.7675185e+04   3.3573075e+03
   7.6200000e+02   1.3739930e+03   6.6286621e+03
   7.6300000e+02   9.2014276e+03  -3.3180772e+03
   7.6400000e+02   1.3666149e+03  -7.1978400e+03
   7.6500000e+02  -1.3023204e+03  -6.1857245e+03
   7.6600000e+02   4.1429446e+03  -1.6819747e+04
   7.6700000e+02   2.7300745e+03  -2.0590251e+04
   7.6800000e+02  -1.1572043e+04  -6.4477283e+03
   7.6900000e+02  -2.5923736e+04   7.6051054e+03
   7.7000000e+02  -3.2804514e+04   1.1183558e+04
   7.7100000e+02  -2.6969720e+04  -1.9710403e+03
   7.7200000e+02  -9.8287476e+03  -1.9728891e+04
   7.7300000e+02   1.1897851e+03  -1.3179831e+04
   7.7400000e+02  -3.3319498e+03   1.2076782e+04
   7.7500000e+02  -1.5041231e+04   2.6056900e+04
   7.7600000e+02  -1.8613094e+04   1.7371536e+04
   7.7700000e+02  -1.2410079e+04   4.5169846e+03
   7.7800000e+02   1.8876861e+03   4.2002321e+03
   7.7900000e+02   1.9600535e+04   8.6221491e+03
   7.8000000e+02   9.7499023e+03   1.0160885e+04
   7.8100000e+02  -1.6680591e+04   3.0400580e+03
   7.8200000e+02  -7.9359686e+03  -4.4807045e+03
   7.8300000e+02   1.5131277e+04   4.0652024e+03
   7.8400000e+02   8.8764414e+03   1.2479540e+04
   7.8500000e+02  -6.2817730e+03   8.1369422e+03
   7.8600000e+02  -8.4689173e+03   7.7982952e+02
   7.8700000e+02  -3.6120075e+03   2.4093891e+03
   7.8800000e+02   6.0576629e+02   1.6771232e+04
   7.8900000e+02  -7.0889403e+03   1.3005991e+04
   7.9000000e+02  -1.5160111e+04  -1.6236833e+04
   7.9100000e+02  -3.1858664e+02  -2.3382471e+04
   7.9200000e+02   1.8333602e+04   6.2701025e+03
   7.9300000e+02   1.7159263e+04   3.6623410e+04
   7.9400000e+02   6.5914669e+03   3.7054921e+04
   7.9500000e+02  -3.8199073e+03   1.0749981e+04
   7.9600000e+02  -9.6451210e+03  -1.2529096e+04
   7.9700000e+02  -5.1273492e+02  -6.5708622e+03
   7.9800000e+02   2.1728411e+04   1.3997452e+04
   7.9900000e+02   3.2436799e+04   1.0207643e+04
   8.0000000e+02   1.4618690e+04  -6.7115535e+03
   8.0100000e+02  -7.6298888e+03  -4.0962157e+02
   8.0200000e+02  -4.7051483e+03   1.3753049e+04
   8.0300000e+02   1.1161526e+04   6.2008257e+03
   8.0400000e+02   1.7183114e+04  -1.0329687e+04
   8.0500000e+02   1.6597313e+04  -8.0828299e+03
   8.0600000e+02   4.3413459e+03   1.0303367e+03
   8.0700000e+02  -2.0673003e+04  -3.1516906e+03
   8.0800000e+02  -1.5884195e+04   2.6448020e+03
   8.0900000e+02   1.8876629e+04   2.2505406e+04
   8.1000000e+02   2.7021001e+04   1.7667456e+04
   8.1100000e+02   1.1280594e+04  -1.2097532e+04
   8.1200000e+02   7.7481295e+03  -1.9028628e+04
   8.1300000e+02   8.1028085e+03   4.9611942e+03
   8.1400000e+02  -1.0160284e+03   8.4467566e+03
   8.1500000e+02  -2.3152670e+03  -1.5730556e+04
   8.1600000e+02   1.0076428e+04  -1.8321651e+04
   8.1700000e+02   8.8365171e+03   3.4497794e+02
   8.1800000e+02  -6.8103829e+03   3.5653900e+03
   8.1900000e+02  -1.3993527e+03  -4.0460194e+03
   8.2000000e+02   2.1838216e+04  -3.5091121e+02
   8.2100000e+02   1.6701580e+04   3.8475188e+03
   8.2200000e+02  -1.7315624e+04  -1.1410295e+04
   8.2300000e+02  -2.6901307e+04  -2.7213587e+04
   8.2400000e+02  -7.4374463e+03  -1.1394849e+04
   8.2500000e+02   8.4461418e+03   1.4412198e+04
   8.2600000e+02   1.5701952e+04   4.4949126e+03
   8.2700000e+02   6.1190885e+03  -2.0067095e+04
   8.2800000e+02  -9.7606638e+03  -1.6277059e+04
   8.2900000e+02   4.1768859e+02  -4.0061982e+03
   8.3000000e+02   2.1535536e+04  -7.5610903e+03
   8.3100000e+02   1.4145902e+04  -1.3085251e+04
   8.3200000e+02  -1.5911649e+04  -9.2927429e+03
   8.3300000e+02  -2.2285245e+04  -3.2021088e+02
   8.3400000e+02  -2.7306300e+03   2.7130317e+03
   8.3500000e+02   7.1374702e+03  -1.1817988e+02
   8.3600000e+02   1.2586040e+04   5.2820051e+03
   8.3700000e+02   1.0406051e+04   1.4460979e+04
   8.3800000e+02  -1.5749066e+04   4.5895392e+03
   8.3900000e+02  -3.1360002e+04  -1.5405329e+04
   8.4000000e+02  -1.4118590e+04  -1.3324528e+04
   8.4100000e+02  -1.4638884e+03   1.1284489e+03
   8.4200000e+02  -1.5192083e+04   1.9899508e+03
   8.4300000e+02  -1.7620192e+04  -1.0287864e+04
   8.4400000e+02   6.8906353e+03  -2.3368139e+04
   8.4500000e+02   2.1844761e+04  -1.0395105e+04
   8.4600000e+02   1.0238402e+04   1.9322895e+04
   8.4700000e+02  -1.6789424e+04   7.5095813e+03
   8.4800000e+02  -2.8315897e+04  -3.5556997e+04
   8.4900000e+02  -7.7535677e+03  -3.3077495e+04
   8.5000000e+02   1.1588908e+04   1.6506677e+04
   8.5100000e+02   1.1770085e+04   3.6857750e+04
   8.5200000e+02   1.5615978e+03   1.0141130e+04
   8.5300000e+02  -1.1744731e+04  -1.2751321e+04
   8.5400000e+02  -1.7262391e+04  -1.1899924e+04
   8.5500000e+02  -1.8107474e+04  -2.9983891e+03
   8.5600000e+02  -1.8115446e+04   4.4747248e+02
   8.5700000e+02  -1.3877832e+04   2.8185480e+03
   8.5800000e+02  -5.5325368e+03   1.3590488e+04
   8.5900000e+02   3.5966157e+03   1.4858542e+04
   8.6000000e+02   4.3907001e+03   1.4553891e+03
   8.6100000e+02  -7.5501088e+03  -2.2897312e+03
   8.6200000e+02  -2.7783868e+04   5.3428543e+03
   8.6300000e+02  -2.8623013e+04   8.9834151e+03
   8.6400000e+02   2.4477339e+03   7.4027214e+03
   8.6500000e+02   2.1950247e+04   1.0414506e+04
   8.6600000e+02   1.4323509e+04   1.1256968e+04
   8.6700000e+02   2.7507962e+03  -5.3161817e+03
   8.6800000e+02  -5.7840951e+03  -1.6519945e+04
   8.6900000e+02  -4.8050013e+03   2.1061182e+03
   8.7000000e+02   3.2413456e+02   1.9402564e+04
   8.7100000e+02   3.0100271e+03   7.1793023e+03
   8.7200000e+02   1.1332832e+04  -3.8529508e+03
   8.7300000e+02   1.5022847e+04   8.1397984e+03
   8.7400000e+02   3.8227104e+03   1.5696130e+04
   8.7500000e+02  -6.7710011e+03   7.2292490e+03
   8.7600000e+02  -3.8640855e+03   9.6479385e+02
   8.7700000e+02   9.5069140e+02   1.0010962e+04
   8.7800000e+02   9.1154982e+02   2.7278818e+04
   8.7900000e+02   4.7050451e+03   2.3475104e+04
   8.8000000e+02   5.7929873e+03   2.6149291e+03
   8.8100000e+02   3.5720830e+03   1.0517770e+03
   8.8200000e+02   9.5568120e+03   5.4357670e+03
   8.8300000e+02   1.4677197e+04  -2.1424728e+03
   8.8400000e+02   1.1820617e+04   8.6074936e+03
   8.8500000e+02   6.2847502e+03   2.1700109e+04
   8.8600000e+02  -6.4783850e+01  -3.0701596e+03
   8.8700000e+02   3.1353353e+02  -2.0982196e+04
   8.8800000e+02   7.6926991e+03  -4.6126649e+03
   8.8900000e+02   8.7143504e+03  -4.8515124e+03
   8.9000000e+02   7.1647804e+03  -1.8514665e+04
   8.9100000e+02   9.8555138e+03  -3.9003248e+03
   8.9200000e+02   8.6225546e+03   2.0260530e+04
   8.9300000e+02   1.2652797e+04   1.6548139e+04
   8.9400000e+02   2.2966409e+04  -1.2011613e+04
   8.9500000e+02   1.7105321e+04  -2.9733483e+04
   8.9600000e+02   4.3610564e+03  -1.2099590e+04
   8.9700000e+02   8.7055261e+02   2.1274539e+04
   8.9800000e+02  -2.0178310e+03   3.1293455e+04
   8.9900000e+02  -1.9649378e+03   1.5782423e+04
   9.0000000e+02   7.8548498e+03  -1.1650361e+03
   9.0100000e+02   1.7829903e+04  -1.3629837e+04
   9.0200000e+02   1.0647745e+04  -1.3844836e+04
   9.0300000e+02  -1.3704365e+04  -8.8140766e+03
   9.0400000e+02  -2.6233346e+04  -1.5603547e+04
   9.0500000e+02  -7.9265555e+03  -9.8509655e+03
   9.0600000e+02   1.7052309e+04  -8.2342202e+01
   9.0700000e+02   1.6161524e+04  -1.5812911e+04
   9.0800000e+02   3.8190859e+02  -2.3031520e+04
   9.0900000e+02  -6.1276430e+03  -1.2886259e+04
   9.1000000e+02  -1.0066312e+04  -1.5802715e+04
   9.1100000e+02  -1.1701587e+04  -2.0976163e+04
   9.1200000e+02  -2.2531456e+03  -4.9643879e+03
   9.1300000e+02   4.5877943e+03   1.7401193e+04
   9.1400000e+02   4.5526716e+03   6.9310186e+03
   9.1500000e+02   7.7936030e+03  -2.8392778e+04
   9.1600000e+02   6.4304152e+03  -3.2080765e+04
   9.1700000e+02  -1.2510136e+03   5.4088169e+03
   9.1800000e+02  -3.3315784e+03   2.5420574e+04
   9.1900000e+02  -7.6266636e+03  -3.2137150e+03
   9.2000000e+02  -1.4899932e+04  -3.0757174e+04
   9.2100000e+02  -1.1037115e+04  -1.9832505e+04
   9.2200000e+02  -6.9113073e+03   5.7836650e+03
   9.2300000e+02  -1.3235777e+04   1.3735145e+04
   9.2400000e+02  -2.1450907e+04  -1.1301871e+04
   9.2500000e+02  -2.1134798e+04  -3.1544812e+04
   9.2600000e+02  -7.7217956e+03  -6.5661623e+03
   9.2700000e+02   1.9685100e+01   2.1148958e+04
   9.2800000e+02  -1.0347050e+04   9.4341686e+03
   9.2900000e+02  -1.3843035e+04  -1.5095448e+04
   9.3000000e+02   2.6093033e+03  -1.2539531e+04
   9.3100000e+02   1.2616946e+04   1.2467484e+04
   9.3200000e+02   2.8703924e+03   2.4664435e+04
   9.3300000e+02  -3.5383001e+03   2.0166470e+04
   9.3400000e+02   1.5772863e+03   1.1935257e+04
   9.3500000e+02   6.2807896e+02   2.5162080e+03
   9.3600000e+02  -1.8881724e+04   4.9728967e+03
   9.3700000e+02  -4.0659751e+04   1.5748024e+04
   9.3800000e+02  -2.3919956e+04   1.1600503e+04
   9.3900000e+02   1.3230220e+04  -4.6378799e+03
   9.4000000e+02   1.0806224e+04  -1.1887184e+04
   9.4100000e+02  -1.9619915e+04  -7.9450166e+02
   9.4200000e+02  -2.9694823e+04   1.5008055e+04
   9.4300000e+02  -6.9512964e+03   1.0312476e+04
   9.4400000e+02   1.8782974e+04  -9.0163682e+03
   9.4500000e+02   1.4194092e+04  -1.6093684e+04
   9.4600000e+02   1.3380826e+03  -9.4871041e+03
   9.4700000e+02   1.1472636e+04   5.6554292e+03
   9.4800000e+02   2.2120805e+04   2.1321948e+04
   9.4900000e+02   5.6158919e+03   1.8447005e+04
   9.5000000e+02  -1.0592657e+04   1.9339763e+03
   9.5100000e+02  -1.3117851e+03  -7.4333052e+03
   9.5200000e+02   1.7562263e+03   5.6063189e+03
   9.5300000e+02   2.1955774e+02   2.6607185e+04
   9.5400000e+02   1.7225869e+04   2.0442163e+04
   9.5500000e+02   1.9084564e+04   7.3914781e+03
   9.5600000e+02  -4.1204653e+03   1.4090954e+04
   9.5700000e+02  -2.3378202e+04   1.2093387e+04
   9.5800000e+02  -2.1660307e+04  -1.8385064e+03
   9.5900000e+02   2.7613971e+03  -1.7052717e+03
   9.6000000e+02   1.8512315e+04   8.8437322e+03
   9.6100000e+02   1.1855200e+04   7.5812822e+03
   9.6200000e+02   6.0405391e+03  -6.7812075e+03
   9.6300000e+02   8.5456081e+02  -1.0932677e+04
   9.6400000e+02  -4.6550361e+03   2.5735538e+03
   9.6500000e+02   8.8550704e+03   1.5546729e+04
   9.6600000e+02   2.8640062e+04   7.9171395e+03
   9.6700000e+02   2.1953670e+04  -8.6208352e+03
   9.6800000e+02   2.1558372e+03  -4.2936678e+03
   9.6900000e+02   3.6145746e+02   7.9579428e+03
   9.7000000e+02   1.4762834e+04   9.3813255e+03
   9.7100000e+02   2.9962776e+04   4.4476129e+03
   9.7200000e+02   2.1974209e+04  -1.1838982e+04
   9.7300000e+02  -1.2778837e+04  -2.1082284e+04
   9.7400000e+02  -2.9249054e+04  -1.0513438e+03
   9.7500000e+02  -3.1689049e+03   2.1940539e+04
   9.7600000e+02   3.0814112e+04   1.5625100e+04
   9.7700000e+02   3.4631798e+04  -9.6323581e+03
   9.7800000e+02   9.2603941e+03  -1.8119450e+04
   9.7900000e+02  -1.5311432e+04  -7.5309610e+03
   9.8000000e+02  -1.0664380e+04   4.3622800e+02
   9.8100000e+02   1.1189241e+04   6.0952812e+03
   9.8200000e+02   1.1236916e+04   2.2351714e+03
   9.8300000e+02  -4.0053502e+03  -1.9642831e+04
   9.8400000e+02  -6.1729211e+03  -3.3672369e+04
   9.8500000e+02  -1.1189493e+03  -1.8595478e+04
   9.8600000e+02   3.6776794e+03   9.3361863e+03
   9.8700000e+02   6.5477974e+03   1.1507858e+04
   9.8800000e+02   3.1753942e+03  -2.2218598e+04
   9.8900000e+02  -1.4267970e+03  -4.3923576e+04
   9.9000000e+02  -1.1428594e+03  -2.5318391e+04
   9.9100000e+02   1.2829355e+03  -1.7969741e+03
   9.9200000e+02  -3.2589311e+03   4.7362018e+03
   9.9300000e+02  -1.2066135e+04   1.5300163e+03
   9.9400000e+02  -1.7232627e+04  -9.1514186e+03
   9.9500000e+02  -1.3215090e+04  -9.1759053e+03
   9.9600000e+02  -7.6288429e+02   7.7383053e+03
   9.9700000e+02  -2.2620477e+03   1.2453689e+04
   9.9800000e+02  -1.4511225e+04   1.5699254e+03
   9.9900000e+02  -1.3407466e+04  -5.7327292e+03
   1.0000000e+03  -7.1062102e+03  -6.0654391e+03
   1.0010000e+03  -4.2315263e+03   4.9816919e+03
   1.0020000e+03  -4.0924269e+03   1.2957817e+04
   1.0030000e+03   8.1637004e+02  -4.1596920e+03
   1.0040000e+03   1.5189479e+04  -1.9233293e+04
   1.0050000e+03   8.9134032e+03  -1.4032925e+04
   1.0060000e+03  -2.2143469e+04  -6.8194846e+03
   1.0070000e+03  -3.4141959e+04   4.2001841e+03
   1.0080000e+03  -1.6765732e+04   6.6273945e+03
   1.0090000e+03  -2.6838479e+03  -1.1464050e+04
   1.0100000e+03  -1.8745538e+03  -1.8120335e+04
   1.0110000e+03  -9.2549425e+02  -6.3726826e+03
   1.0120000e+03  -5.8602295e+03   3.8980338e+03
   1.0130000e+03  -1.4478278e+04   4.5938553e+03
   1.0140000e+03  -1.5119664e+04   1.9444715e+02
   1.0150000e+03  -8.6902754e+03   9.6001253e+03
   1.0160000e+03   1.1338474e+04   2.4321281e+04
   1.0170000e+03   2.1985257e+04   2.4159792e+04
   1.0180000e+03   1.0078891e+03   1.1444340e+04
   1.0190000e+03  -1.4453808e+04  -8.6600387e+03
   1.0200000e+03  -6.0674829e+03  -1.0785756e+04
   1.0210000e+03   6.5530982e+03   1.2215267e+04
   1.0220000e+03   9.2336650e+03   1.9711863e+04
   1.0230000e+03  -6.2396454e+03   6.7539418e+03
   1.0240000e+03  -2.2610872e+04   6.5484922e+03
   1.0250000e+03  -1.3320430e+04   1.3359428e+04
   1.0260000e+03   9.3297968e+03   2.6900858e+03
   1.0270000e+03   1.2431999e+04  -7.4217542e+03
   1.0280000e+03  -3.3376939e+03   7.4795972e+02
   1.0290000e+03  -1.5181593e+04   9.3085863e+03
   1.0300000e+03  -1.1110978e+04   1.5173005e+04
   1.0310000e+03   9.1604812e+03   1.8491680e+04
   1.0320000e+03   1.9205668e+04   9.7825684e+03
   1.0330000e+03   3.7430772e+03   1.6181506e+03
   1.0340000e+03  -8.8913837e+03   4.0131550e+03
   1.0350000e+03  -2.8119785e+03   5.9854269e+03
   1.0360000e+03   1.5861856e+04  -1.0344636e+03
   1.0370000e+03   3.0372069e+04  -1.2401758e+03
   1.0380000e+03   1.6345630e+04   1.4556452e+04
   1.0390000e+03  -8.4721464e+03   1.5450056e+04
   1.0400000e+03  -6.8434991e+02  -8.5377609e+03
   1.0410000e+03   2.8518532e+04  -2.0466724e+04
   1.0420000e+03   3.1187029e+04  -4.7275164e+02
   1.0430000e+03   5.6263456e+03   2.0254303e+04
   1.0440000e+03  -2.0563295e+04   8.0144099e+03
   1.0450000e+03  -3.1160358e+04  -1.4272260e+04
   1.0460000e+03  -6.5380574e+03  -1.3521167e+04
   1.0470000e+03   3.1826372e+04  -7.7467028e+01
   1.0480000e+03   2.8506507e+04   2.3121203e+03
   1.0490000e+03  -7.7264911e+03  -5.8527192e+03
   1.0500000e+03  -2.6088089e+04  -3.3599953e+03
   1.0510000e+03  -1.2793661e+04   3.3855176e+03
   1.0520000e+03   1.6451285e+04  -2.6985071e+03
   1.0530000e+03   3.7862309e+04  -4.8557138e+03
   1.0540000e+03   2.5064326e+04   6.1754887e+03
   1.0550000e+03  -7.3324768e+03   1.3177370e+04
   1.0560000e+03  -1.1948134e+04  -1.5871090e+03
   1.0570000e+03   9.7426019e+03  -2.1670328e+04
   1.0580000e+03   2.1197576e+04  -1.0454980e+04
   1.0590000e+03   5.6562542e+03   1.5763936e+04
   1.0600000e+03  -1.8423208e+04   1.7403361e+04
   1.0610000e+03  -7.9880369e+03  -7.9813272e+03
   1.0620000e+03   1.8558547e+04  -3.4491204e+04
   1.0630000e+03   6.1798365e+03  -2.6335468e+04
   1.0640000e+03  -2.1330354e+04   8.7228193e+03
   1.0650000e+03  -1.8833020e+04   1.7953526e+04
   1.0660000e+03   4.6546458e+03  -9.6275725e+03
   1.0670000e+03   2.0537695e+04  -2.5991793e+04
   1.0680000e+03   1.6584775e+04  -3.4933294e+03
   1.0690000e+03   2.5351367e+03   2.6114579e+04
   1.0700000e+03  -1.1536846e+04   2.4246632e+04
   1.0710000e+03  -1.5286076e+04  -7.5832662e+03
   1.0720000e+03  -1.0009172e+03  -2.6727175e+04
   1.0730000e+03   9.2059439e+03  -9.0617596e+03
   1.0740000e+03   6.2699823e+02   2.8231756e+03
   1.0750000e+03  -1.1117365e+03  -1.1192965e+04
   1.0760000e+03   6.4576439e+03  -1.0475089e+04
   1.0770000e+03  -9.8591389e+03   4.0443998e+03
   1.0780000e+03  -3.1588597e+04  -6.3340644e+03
   1.0790000e+03  -1.5027018e+04  -2.4912810e+04
   1.0800000e+03   8.2739947e+03  -1.6917351e+04
   1.0810000e+03  -1.9049790e+03  -3.2054732e+03
   1.0820000e+03  -1.1775767e+04  -1.8311720e+03
   1.0830000e+03   1.3309511e+03  -5.9142839e+02
   1.0840000e+03   1.0327297e+04   5.4776555e+02
   1.0850000e+03   8.8890363e+03   5.1019184e+03
   1.0860000e+03   2.0075595e+03   7.4840710e+03
   1.0870000e+03  -1.1702858e+04  -2.9072473e+03
   1.0880000e+03  -1.1633872e+04  -9.9258016e+03
   1.0890000e+03  -1.1358460e+03  -6.6674559e+03
   1.0900000e+03  -4.5868300e+03   7.4170139e+03
   1.0910000e+03  -8.4607630e+03   2.3387876e+04
   1.0920000e+03  -3.4272855e+03   1.3287600e+04
   1.0930000e+03  -5.0467232e+03  -1.1656778e+04
   1.0940000e+03  -1.3939320e+04  -2.2056299e+04
   1.0950000e+03  -1.6431217e+04  -1.5567671e+04
   1.0960000e+03  -1.2042141e+04   1.2056691e+03
   1.0970000e+03  -1.6563997e+04   1.2070664e+04
   1.0980000e+03  -2.2644343e+04   3.4690961e+03
   1.0990000e+03  -8.9069440e+03  -5.3758315e+03
   1.1000000e+03   1.6320414e+04   8.7234770e+03
   1.1010000e+03   2.5293669e+04   1.9793047e+04
   1.1020000e+03   4.3128272e+03   2.2671719e+03
   1.1030000e+03  -1.8533733e+04  -1.3700984e+04
   1.1040000e+03  -1.2842589e+04  -6.6812749e+03
   1.1050000e+03   4.7619385e+03   1.2787902e+04
   1.1060000e+03   1.0577512e+04   2.6394785e+04
   1.1070000e+03   5.2827949e+03   1.4484805e+04
   1.1080000e+03   2.4481529e+03  -5.4095070e+03
   1.1090000e+03   5.2791429e+03  -4.9899641e+03
   1.1100000e+03   5.3014323e+02   1.2535149e+02
   1.1110000e+03  -1.2405374e+04  -6.0511082e+03
   1.1120000e+03  -1.5144937e+04  -1.8440367e+03
   1.1130000e+03   7.7471310e+02   1.7374571e+04
   1.1140000e+03   1.0950229e+04   1.7477757e+04
   1.1150000e+03   3.7836227e+03   3.4656857e+03
   1.1160000e+03   3.0272798e+03   1.0680892e+04
   1.1170000e+03   4.7064661e+03   2.2945641e+04
   1.1180000e+03  -4.8462211e+03   1.4439118e+04
   1.1190000e+03  -1.3407250e+04  -1.5105303e+03
   1.1200000e+03  -4.6824699e+03  -5.0921576e+03
   1.1210000e+03   2.9781685e+04   1.1353509e+04
   1.1220000e+03   4.9555466e+04   2.6665759e+04
   1.1230000e+03   1.1356955e+04   1.0173292e+04
   1.1240000e+03  -3.5863426e+04  -1.5245649e+04
   1.1250000e+03  -2.2742171e+04  -1.0341929e+04
   1.1260000e+03   2.6469308e+04   8.9753111e+03
   1.1270000e+03   3.6948849e+04   1.4716717e+04
   1.1280000e+03   5.4826739e+03   1.1583953e+03
   1.1290000e+03  -1.1867354e+04  -2.0548882e+04
   1.1300000e+03   2.5832318e+03  -1.1999476e+04
   1.1310000e+03   1.7295469e+04   2.7390782e+04
   1.1320000e+03   3.1071451e+03   3.8106306e+04
   1.1330000e+03  -1.7932297e+04   1.8883135e+03
   1.1340000e+03  -1.5095611e+04  -3.0434228e+04
   1.1350000e+03   2.6467413e+03  -1.7430409e+04
   1.1360000e+03   2.5774583e+04   1.1866406e+04
   1.1370000e+03   3.4530728e+04   7.7135322e+03
   1.1380000e+03   8.1840098e+03  -1.4833519e+04
   1.1390000e+03  -2.3600843e+04  -2.0196440e+04
   1.1400000e+03  -1.4386732e+04  -1.3129901e+04
   1.1410000e+03   3.2692655e+04  -2.1951123e+03
   1.1420000e+03   5.3863938e+04   7.6752536e+03
   1.1430000e+03   1.7956687e+04  -4.8197330e+01
   1.1440000e+03  -2.4396092e+04  -1.8947634e+04
   1.1450000e+03  -2.3891050e+04  -2.4437489e+04
   1.1460000e+03   9.7955954e+03  -9.8536918e+03
   1.1470000e+03   2.2539739e+04   1.2075944e+04
   1.1480000e+03  -4.1002537e+03   9.9230683e+03
   1.1490000e+03  -3.1265222e+04  -1.4682542e+04
   1.1500000e+03  -3.2736476e+04  -1.4166998e+04
   1.1510000e+03  -2.9488509e+03   4.0661561e+03
   1.1520000e+03   2.6373431e+04  -3.8562887e+02
   1.1530000e+03   8.4063731e+03  -1.6873690e+04
   1.1540000e+03  -2.7136916e+04  -1.8487695e+04
   1.1550000e+03  -2.1748913e+04  -2.7576454e+03
   1.1560000e+03   1.4645081e+04   2.7543579e+03
   1.1570000e+03   2.8373048e+04  -1.5293010e+04
   1.1580000e+03   6.4475367e+03  -2.8890599e+04
   1.1590000e+03  -1.3681053e+04  -1.9299457e+04
   1.1600000e+03  -7.7129703e+03   6.7926846e+03
   1.1610000e+03   1.1593313e+04   1.7964262e+04
   1.1620000e+03   1.4345734e+04  -6.3391001e+03
   1.1630000e+03   8.1504944e+02  -2.8006883e+04
   1.1640000e+03  -7.7508039e+03  -1.4036981e+04
   1.1650000e+03  -1.7219576e+04   1.5438124e+04
   1.1660000e+03  -1.8858620e+04   2.5168573e+04
   1.1670000e+03  -1.9316735e+03   5.9373456e+03
   1.1680000e+03   5.7845501e+03  -1.5788769e+04
   1.1690000e+03  -7.0478550e+03  -1.3803838e+04
   1.1700000e+03  -2.4322601e+04   3.2828507e+03
   1.1710000e+03  -2.3526134e+04   6.7731321e+03
   1.1720000e+03  -7.5390619e+03  -1.5850380e+03
   1.1730000e+03  -1.3049577e+04  -1.4155878e+03
   1.1740000e+03  -3.1169497e+04   3.5708066e+03
   1.1750000e+03  -2.6394597e+04   7.6275384e+03
   1.1760000e+03  -9.4734945e+03   1.0194969e+03
   1.1770000e+03  -2.7369110e+01  -1.3903783e+04
   1.1780000e+03  -1.3461002e+02  -5.5038741e+03
   1.1790000e+03  -2.2822603e+03   1.5831598e+04
   1.1800000e+03   2.8284032e+03   1.6918350e+04
   1.1810000e+03   4.7584415e+03   6.3892051e+03
   1.1820000e+03  -1.7528147e+03   2.3104865e+03
   1.1830000e+03  -5.5571241e+02   5.7535409e+03
   1.1840000e+03   1.1331768e+04   1.1833313e+04
   1.1850000e+03   1.5723894e+04   1.6949125e+04
   1.1860000e+03  -3.7973519e+03   1.0117104e+04
   1.1870000e+03  -2.1005686e+04  -2.1075007e+03
   1.1880000e+03  -1.9023948e+02   5.7148285e+03
   1.1890000e+03   1.7912354e+04   1.7661617e+04
   1.1900000e+03  -2.9613186e+03   1.4977451e+04
   1.1910000e+03  -2.4437034e+04   1.0655282e+04
   1.1920000e+03  -1.9164573e+04   5.3335806e+03
   1.1930000e+03   8.9573465e+03   4.1003624e+03
   1.1940000e+03   2.5917165e+04   7.8601410e+03
   1.1950000e+03   4.5672611e+03   1.9791242e+03
   1.1960000e+03  -9.6705194e+03  -2.4658453e+03
   1.1970000e+03   4.4448629e+03   3.1043990e+03
   1.1980000e+03   1.3283965e+04   4.9773379e+03
   1.1990000e+03   1.4912609e+04   4.8153196e+03
   1.2000000e+03   1.4979793e+04   7.1303158e+03
   1.2010000e+03   3.8103362e+03   3.7448422e+03
   1.2020000e+03  -1.0203030e+04  -1.8150314e+03
   1.2030000e+03  -1.2989031e+03  -4.5360718e+03
   1.2040000e+03   2.2935611e+04  -1.8049932e+03
   1.2050000e+03   1.7410497e+04   1.5890284e+04
   1.2060000e+03  -1.4421255e+04   2.6588091e+04
   1.2070000e+03  -2.0760505e+04   7.7132542e+03
   1.2080000e+03   9.6255786e+03  -9.5868741e+03
   1.2090000e+03   3.1251687e+04  -9.8212650e+02
   1.2100000e+03   1.7901872e+04   1.0902417e+04
   1.2110000e+03   2.3204249e+03  -3.9389762e+03
   1.2120000e+03   4.3463200e+03  -3.0612677e+04
   1.2130000e+03   1.0584246e+04  -2.2734516e+04
   1.2140000e+03   1.5767263e+04   1.2280594e+04
   1.2150000e+03   1.3008490e+04   2.3031004e+04
   1.2160000e+03  -2.0218029e+03  -2.9511343e+03
   1.2170000e+03  -1.1968505e+04  -2.6567166e+04
   1.2180000e+03   1.0321194e+04  -1.5595930e+04
   1.2190000e+03   4.7215795e+04   7.4467270e+03
   1.2200000e+03   3.8097416e+04   9.2258859e+03
   1.2210000e+03  -9.1524651e+03  -5.2073135e+03
   1.2220000e+03  -2.1928593e+04  -8.3834825e+03
   1.2230000e+03   1.2216130e+04   6.6001510e+03
   1.2240000e+03   3.1234665e+04   7.1709364e+03
   1.2250000e+03   4.9822031e+03  -1.4386034e+04
   1.2260000e+03  -1.7765859e+04  -2.2991380e+04
   1.2270000e+03  -8.8706902e+03  -1.1606125e+04
   1.2280000e+03  -8.7417832e+03  -2.2918685e+03
   1.2290000e+03  -3.0994157e+04  -4.6455706e+03
   1.2300000e+03  -3.0513244e+04  -1.1829028e+04
   1.2310000e+03  -1.8627562e+03  -1.6915512e+04
   1.2320000e+03   5.3712605e+03  -1.6568800e+04
   1.2330000e+03  -2.6803956e+03  -8.8172612e+03
   1.2340000e+03   5.2359831e+03   2.5548488e+02
   1.2350000e+03   1.1061170e+04   4.0698758e+03
   1.2360000e+03   7.9144131e+03  -5.8672328e+03
   1.2370000e+03  -2.1655119e+03  -2.5530244e+04
   1.2380000e+03  -1.2972679e+04  -2.5204306e+04
   1.2390000e+03  -1.9853744e+03  -1.0812054e+03
   1.2400000e+03   9.3202187e+03   1.7682505e+04
   1.2410000e+03   1.0718830e+03   1.4471426e+04
   1.2420000e+03  -9.7557509e+03  -8.0563120e+03
   1.2430000e+03  -2.4862517e+04  -3.0573614e+04
   1.2440000e+03  -3.6996947e+04  -2.4962903e+04
   1.2450000e+03  -2.2511509e+04   7.9188693e+03
   1.2460000e+03   2.5388988e+03   2.1220864e+04
   1.2470000e+03  -1.1068678e+03  -4.3180701e+02
   1.2480000e+03  -2.7446037e+04  -7.9563416e+03
   1.2490000e+03  -2.9740177e+04   8.5743765e+03
   1.2500000e+03   3.1090547e+03   9.1143052e+03
   1.2510000e+03   2.1159232e+04  -1.2150640e+04
   1.2520000e+03  -1.1687617e+04  -2.3029680e+04
   1.2530000e+03  -4.1926732e+04  -1.2197899e+03
   1.2540000e+03  -1.4891842e+04   2.8753676e+04
   1.2550000e+03   2.3394521e+04   3.2009123e+04
   1.2560000e+03   2.2539342e+04   1.8422406e+04
   1.2570000e+03  -2.1951797e+03   9.0316037e+03
   1.2580000e+03  -1.8956235e+04  -1.1646111e+02
   1.2590000e+03  -9.1875694e+03  -7.0946118e+03
   1.2600000e+03   1.6540136e+04   6.9387248e+03
   1.2610000e+03   2.0301003e+04   2.8317796e+04
   1.2620000e+03  -1.3296254e+04   2.0149284e+04
   1.2630000e+03  -3.0059385e+04  -7.1675875e+03
   1.2640000e+03   3.8560392e+03  -1.5518047e+04
   1.2650000e+03   2.4022574e+04  -1.6388852e+03
   1.2660000e+03   1.2970924e+03   1.4468065e+04
   1.2670000e+03  -1.5996991e+04   2.3993706e+04
   1.2680000e+03  -9.8449397e+03   1.6941950e+04
   1.2690000e+03   5.1804160e+03  -1.1751768e+04
   1.2700000e+03   1.3004361e+04  -2.5487648e+04
   1.2710000e+03   6.7806039e+03   2.0676000e+02
   1.2720000e+03  -1.1681159e+03   2.8029755e+04
   1.2730000e+03   2.5014411e+03   2.6895319e+04
   1.2740000e+03   1.5455690e+04   1.1049681e+04
   1.2750000e+03   1.8994250e+04   1.2757221e+03
   1.2760000e+03   6.9882721e+03  -1.9553241e+03
   1.2770000e+03  -2.8574607e+03  -2.6719533e+03
   1.2780000e+03  -2.1434400e+03  -1.7285157e+03
   1.2790000e+03   1.8871633e+03  -3.9395477e+03
   1.2800000e+03   1.1647308e+04  -6.4119111e+02
   1.2810000e+03   2.6057740e+04   7.1137527e+03
   1.2820000e+03   1.9890210e+04  -4.1440027e+03
   1.2830000e+03  -3.0415121e+03  -1.8427674e+04
   1.2840000e+03  -7.3575305e+03  -2.1350864e+03
   1.2850000e+03   5.0869580e+03   1.7415767e+04
   1.2860000e+03   1.4917047e+04   4.0401746e+03
   1.2870000e+03   1.2774235e+04  -7.3252888e+03
   1.2880000e+03  -3.2614586e+03   1.3167449e+04
   1.2890000e+03  -1.6596039e+04   2.2880883e+04
   1.2900000e+03  -1.7468470e+04  -4.2965259e+03
   1.2910000e+03  -4.1324695e+03  -2.8527874e+04
   1.2920000e+03   1.7726414e+04  -1.1355133e+04
   1.2930000e+03   1.7272100e+04   1.8190319e+04
   1.2940000e+03  -6.0864093e+03   1.0410026e+04
   1.2950000e+03  -7.4175186e+03  -1.0052963e+04
   1.2960000e+03   1.3749391e+04  -8.2469960e+03
   1.2970000e+03   1.1705164e+04   2.7674655e+02
   1.2980000e+03  -6.4838193e+03   4.8769637e+03
   1.2990000e+03   4.8237141e+02  -3.3274946e+03
   1.3000000e+03   2.4126533e+04  -1.6223432e+04
   1.3010000e+03   2.7737804e+04  -1.0111868e+04
   1.3020000e+03  -2.1773350e+02  -3.2550830e+02
   1.3030000e+03  -2.3889046e+04   3.8449892e+03
   1.3040000e+03  -6.9129947e+03   7.0674598e+03
   1.3050000e+03   1.6450785e+04  -8.7216075e+03
   1.3060000e+03   8.6650526e+03  -3.0535627e+04
   1.3070000e+03  -3.3655407e+03  -2.0452071e+04
   1.3080000e+03  -2.5032805e+03   4.4373808e+03
   1.3090000e+03  -8.7889205e+03   5.5252297e+03
   1.3100000e+03  -1.4460841e+04   2.5235165e+03
   1.3110000e+03  -4.1776721e+03   1.0608411e+04
   1.3120000e+03  -3.0998317e+03  -2.6919925e+03
   1.3130000e+03  -1.0046975e+04  -2.7819107e+04
   1.3140000e+03   2.7798322e+03  -2.6560362e+04
   1.3150000e+03   1.6355592e+04  -9.8918863e+02
   1.3160000e+03   1.3462191e+04   2.3438314e+04
   1.3170000e+03   2.0774150e+03   1.5252062e+04
   1.3180000e+03  -1.2261029e+04  -2.0668073e+04
   1.3190000e+03  -1.3244030e+04  -3.2217919e+04
   1.3200000e+03  -7.8057214e+03  -8.3159994e+03
   1.3210000e+03  -9.8347236e+03   8.6543758e+03
   1.3220000e+03   3.4640079e+03   7.3633610e+02
   1.3230000e+03   1.9799765e+04  -1.4511292e+04
   1.3240000e+03  -4.9807001e+03  -1.5255396e+04
   1.3250000e+03  -4.2478763e+04   5.9972704e+03
   1.3260000e+03  -3.4752148e+04   2.0647048e+04
   1.3270000e+03   4.6610553e+03   4.1334899e+03
   1.3280000e+03   2.8096457e+04  -1.4755647e+04
   1.3290000e+03   1.5240570e+04  -1.0369758e+04
   1.3300000e+03  -1.3343312e+04   5.1250037e+03
   1.3310000e+03  -2.0559259e+04   1.7186784e+04
   1.3320000e+03  -1.5013953e+04   1.2829431e+04
   1.3330000e+03  -1.5822709e+04  -5.2934455e+03
   1.3340000e+03  -5.8687560e+03  -6.7878836e+03
   1.3350000e+03   7.8397538e+03   1.2028783e+04
   1.3360000e+03   4.7421492e+03   1.5594008e+04
   1.3370000e+03  -5.4255683e+03  -1.6661326e+03
   1.3380000e+03  -1.4719833e+04  -9.9687011e+03
   1.3390000e+03  -2.1596439e+04  -1.7982606e+03
   1.3400000e+03  -1.5847656e+04   8.1928799e+03
   1.3410000e+03   1.7950819e+03   8.5568630e+03
   1.3420000e+03   1.2984720e+04  -3.4418704e+03
   1.3430000e+03   9.5079666e+03  -1.5041388e+04
   1.3440000e+03  -6.8482902e+02  -7.5643544e+03
   1.3450000e+03  -8.9650146e+03   1.6439896e+04
   1.3460000e+03  -6.0003723e+03   2.5883230e+04
   1.3470000e+03   7.1694285e+03   8.9475917e+02
   1.3480000e+03   1.7663932e+04  -2.5847383e+04
   1.3490000e+03   1.2291105e+04  -8.9967726e+03
   1.3500000e+03  -8.4802886e+03   2.9202306e+04
   1.3510000e+03  -1.4582272e+04   2.7013154e+04
   1.3520000e+03   1.7212024e+03  -9.1078528e+03
   1.3530000e+03   5.5005790e+03  -1.8616070e+04
   1.3540000e+03  -3.9106627e+03   1.3185008e+04
   1.3550000e+03  -1.4452600e+03   3.6887270e+04
   1.3560000e+03   3.3046360e+03   1.4320110e+04
   1.3570000e+03  -1.7295735e+03  -7.7345668e+03
   1.3580000e+03  -4.4548420e+03   1.6600739e+04
   1.3590000e+03  -1.7250568e+03   3.4408276e+04
   1.3600000e+03   1.9672472e+03   1.1525503e+04
   1.3610000e+03   1.0970788e+04  -5.5587577e+03
   1.3620000e+03   1.9547038e+04   1.2396914e+03
   1.3630000e+03   1.8448508e+04   3.8405752e+03
   1.3640000e+03   1.0112786e+04  -2.7775313e+03
   1.3650000e+03  -8.0742255e+03  -1.7634156e+03
   1.3660000e+03  -2.6088359e+04   1.2298417e+03
   1.3670000e+03  -7.3720362e+03  -5.9056275e+03
   1.3680000e+03   3.7414631e+04  -1.4004145e+04
   1.3690000e+03   4.1913326e+04  -1.0870363e+04
   1.3700000e+03   6.2570903e+03   5.3232255e+03
   1.3710000e+03  -1.4177901e+04   1.2922804e+04
   1.3720000e+03  -1.1977221e+04  -3.0304496e+03
   1.3730000e+03   1.3832176e+03  -9.5834206e+03
   1.3740000e+03   1.1851663e+04   8.1285893e+03
   1.3750000e+03   9.3918157e+03   1.1335108e+04
   1.3760000e+03   1.7180270e+04  -1.3183105e+04
   1.3770000e+03   2.1056480e+04  -2.5841688e+04
   1.3780000e+03  -3.1087887e+03  -3.7832747e+03
   1.3790000e+03  -1.0587821e+04   2.0895344e+04
   1.3800000e+03   1.7340250e+04   1.2616726e+04
   1.3810000e+03   3.3295583e+04  -1.2308273e+04
   1.3820000e+03   1.4574700e+04  -1.3880504e+04
   1.3830000e+03  -1.5263141e+04   8.2391185e+02
   1.3840000e+03  -2.7512089e+04  -2.8462271e+03
   1.3850000e+03  -7.8056103e+03  -1.6953255e+04
   1.3860000e+03   2.1116675e+04  -1.8072417e+04
   1.3870000e+03   1.5035281e+04  -8.3081941e+03
   1.3880000e+03  -1.2802353e+04   7.8803931e+02
   1.3890000e+03  -2.1090865e+04  -1.1473990e+03
   1.3900000e+03  -7.0527830e+03  -1.3282830e+04
   1.3910000e+03   2.1663947e+04  -2.2836631e+04
   1.3920000e+03   3.2611380e+04  -1.7373532e+04
   1.3930000e+03  -2.9407790e+02   4.5266176e+03
   1.3940000e+03  -2.6419116e+04   2.3873810e+04
   1.3950000e+03  -3.1456269e+03   1.2165760e+04
   1.3960000e+03   3.0632777e+04  -2.3557096e+04
   1.3970000e+03   1.7753030e+04  -2.8416468e+04
   1.3980000e+03  -3.3714449e+04   6.3715610e+03
   1.3990000e+03  -5.3776643e+04   2.4333689e+04
   1.4000000e+03  -1.5853937e+04   7.5413632e+03
   1.4010000e+03   1.7363998e+04  -1.8565554e+04
   1.4020000e+03   8.0017178e+02  -2.3849648e+04
   1.4030000e+03  -2.1871248e+04  -2.2657135e+03
   1.4040000e+03  -1.8522229e+04   4.8634746e+03
   1.4050000e+03  -1.3059448e+04  -1.5037488e+04
   1.4060000e+03  -6.4993869e+03  -1.9606828e+04
   1.4070000e+03  -1.6606493e+02   7.0976573e+03
   1.4080000e+03  -9.3875469e+03   2.0812866e+04
   1.4090000e+03  -9.7293554e+03  -5.8136636e+03
   1.4100000e+03   6.3817375e+03  -2.2841228e+04
   1.4110000e+03   6.2881361e+03  -4.6840180e+03
   1.4120000e+03  -4.1986297e+03   1.0407293e+04
   1.4130000e+03   8.1570332e+02   7.2796672e+03
   1.4140000e+03   1.5330233e+03  -1.6179013e+03
   1.4150000e+03  -1.5016683e+04   6.3834889e+02
   1.4160000e+03  -1.8276699e+04   9.4803580e+03
   1.4170000e+03  -5.9598880e+03   4.2262987e+03
   1.4180000e+03  -2.1339254e+03  -6.8411081e+03
   1.4190000e+03  -7.9269786e+03  -9.5235692e+03
   1.4200000e+03  -1.2969140e+04   3.1375716e+03
   1.4210000e+03  -1.2761914e+04   2.1608456e+04
   1.4220000e+03  -1.8299012e+04   2.0497671e+04
   1.4230000e+03  -2.4629805e+04   3.8834622e+03
   1.4240000e+03  -6.2264095e+03  -9.3039789e+03
   1.4250000e+03   2.3198229e+04  -3.8946493e+03
   1.4260000e+03   2.7003651e+04   1.6551860e+04
   1.4270000e+03   2.9093414e+03   2.6151842e+04
   1.4280000e+03  -1.6912858e+04   1.8487101e+04
   1.4290000e+03  -1.2412067e+04  -5.2649482e+02
   1.4300000e+03   3.4169734e+03  -8.0145575e+03
   1.4310000e+03   1.3672392e+04   1.0525549e+04
   1.4320000e+03   8.0469656e+03   2.1700608e+04
   1.4330000e+03   2.4093259e+02   1.4737813e+04
   1.4340000e+03   8.8518668e+03  -6.6981602e+02
   1.4350000e+03   1.3108351e+04  -1.3976309e+04
   1.4360000e+03   1.2698298e+03   6.1974870e+03
   1.4370000e+03  -7.8650198e+03   3.0976181e+04
   1.4380000e+03   5.2420164e+03   1.0653054e+04
   1.4390000e+03   3.4686809e+04  -2.0706278e+04
   1.4400000e+03   3.4584857e+04  -1.9039209e+04
   1.4410000e+03   3.7389233e+03   1.0126633e+04
   1.4420000e+03  -2.5676823e+03   3.3343095e+04
   1.4430000e+03   1.6714931e+04   1.7300382e+04
   1.4440000e+03   2.1082173e+04  -1.9721208e+04
   1.4450000e+03   6.8365041e+03  -2.8541492e+04
   1.4460000e+03  -4.7579828e+03  -4.4519664e+03
   1.4470000e+03  -8.7607800e+03   2.1023922e+04
   1.4480000e+03  -7.0364939e+03   2.0759289e+04
   1.4490000e+03  -8.5293794e+02  -1.0056617e+04
   1.4500000e+03   1.5590588e+03  -3.2026801e+04
   1.4510000e+03   3.7346096e+03  -7.7584400e+03
   1.4520000e+03  -1.5092005e+03   2.9537012e+04
   1.4530000e+03  -1.8331358e+04   2.7687589e+04
   1.4540000e+03  -8.7465044e+03  -2.5406986e+03
   1.4550000e+03   1.9814199e+04  -1.6832254e+04
   1.4560000e+03   1.9404855e+04  -4.7492176e+03
   1.4570000e+03   1.0664284e+04   1.7197132e+04
   1.4580000e+03   1.8957408e+04   2.7245398e+04
   1.4590000e+03   1.5573074e+04   6.3255935e+03
   1.4600000e+03  -6.7432051e+02  -2.6144310e+04
   1.4610000e+03  -2.2846225e+02  -3.5138192e+04
   1.4620000e+03   1.1209425e+04  -2.0081615e+04
   1.4630000e+03   1.0810225e+04  -1.5368593e+03
   1.4640000e+03  -1.2772845e+03  -4.8841065e+03
   1.4650000e+03  -1.0942121e+04  -2.8156676e+04
   1.4660000e+03  -7.6930097e+03  -3.2951978e+04
   1.4670000e+03  -8.3281117e+02  -1.1825385e+04
   1.4680000e+03  -3.4127664e+03   2.9473131e+03
   1.4690000e+03  -1.9321683e+03  -2.4014460e+03
   1.4700000e+03   5.5039134e+03  -1.1809611e+04
   1.4710000e+03  -2.9053474e+03  -4.8485766e+03
   1.4720000e+03  -8.2028423e+03   1.5285690e+04
   1.4730000e+03   1.3551575e+04   1.6449789e+04
   1.4740000e+03   2.0148899e+04  -4.7358737e+03
   1.4750000e+03  -7.1593926e+03  -6.3380927e+03
   1.4760000e+03  -1.9409164e+04   7.8558625e+03
   1.4770000e+03  -6.0951445e+03  -8.9899455e+02
   1.4780000e+03  -2.7987049e+03  -1.4780431e+04
   1.4790000e+03  -1.7299960e+04  -1.3268144e+04
   1.4800000e+03  -2.2161824e+04  -1.5283944e+04
   1.4810000e+03  -4.4526142e+03  -1.4340161e+04
   1.4820000e+03   3.8471237e+03   1.5517773e+03
   1.4830000e+03  -1.1091419e+04   5.0450347e+03
   1.4840000e+03  -2.0386921e+04  -9.5362997e+03
   1.4850000e+03  -1.1982617e+04  -5.8049272e+03
   1.4860000e+03   1.5546501e+03   1.2644654e+04
   1.4870000e+03   4.1768909e+03   1.0496322e+04
   1.4880000e+03  -2.8824104e+03  -2.6026070e+03
   1.4890000e+03  -7.0943458e+03  -4.9339150e+03
   1.4900000e+03  -9.9037431e+03   7.9450528e+02
   1.4910000e+03  -9.4570486e+03   1.2724210e+04
   1.4920000e+03  -6.8555507e+03   1.8148636e+04
   1.4930000e+03  -8.9814960e+03   3.6644063e+03
   1.4940000e+03  -1.0447292e+04  -1.3675323e+04
   1.4950000e+03  -1.0802321e+04  -1.8060665e+04
   1.4960000e+03  -6.0674345e+03  -8.5772867e+03
   1.4970000e+03   5.8653860e+03   1.4008907e+04
   1.4980000e+03   9.1596051e+03   2.5909660e+04
   1.4990000e+03   3.4484029e+03   3.9521098e+03
   1.5000000e+03  -4.8443113e+03  -2.4593419e+04
   1.5010000e+03  -1.2905906e+04  -1.6072587e+04
   1.5020000e+03   4.5990964e+02   1.3610136e+04
   1.5030000e+03   2.3818775e+04   9.4167391e+03
   1.5040000e+03   9.1239230e+03  -1.2775301e+04
   1.5050000e+03  -2.1263679e+04  -5.9364999e+02
   1.5060000e+03  -1.1381078e+04   2.4258729e+04
   1.5070000e+03   9.1892144e+03   2.9890948e+04
   1.5080000e+03  -1.8354720e+03   2.0207023e+04
   1.5090000e+03  -2.0763239e+04   1.6336032e+03
   1.5100000e+03  -1.5008613e+04  -4.0063167e+03
   1.5110000e+03   1.5493877e+04   7.0707547e+03
   1.5120000e+03   3.0470528e+04   1.4381370e+04
   1.5130000e+03   4.8123906e+03   1.2481312e+04
   1.5140000e+03  -1.7323728e+04   8.6427136e+03
   1.5150000e+03  -2.4024462e+03   1.1018929e+04
   1.5160000e+03   1.7562118e+04   4.0218917e+03
   1.5170000e+03   1.4036635e+04  -1.6757671e+04
   1.5180000e+03   4.2909871e+03  -2.2611868e+04
   1.5190000e+03   4.1209402e+03  -4.9970858e+03
   1.5200000e+03   2.3161840e+03   2.2430991e+04
   1.5210000e+03  -5.1832273e+03   2.5581881e+04
   1.5220000e+03  -6.2307524e+03  -8.8104390e+01
   1.5230000e+03   9.8436621e+03  -3.0325525e+03
   1.5240000e+03   2.6789137e+04   1.0609132e+04
   1.5250000e+03   1.1496101e+04   4.9566222e+03
   1.5260000e+03  -1.8993777e+04  -2.5139546e+03
   1.5270000e+03  -1.5148725e+04  -2.0910940e+03
   1.5280000e+03   1.9678850e+04   2.0912207e+03
   1.5290000e+03   3.7307490e+04   9.0190491e+03
   1.5300000e+03   1.7389357e+04   1.6825705e+03
   1.5310000e+03  -8.0652997e+03  -1.8063150e+04
   1.5320000e+03  -3.0205754e+03  -1.5664526e+04
   1.5330000e+03   2.2074936e+04   1.1007457e+04
   1.5340000e+03   2.9123316e+04   1.8999489e+04
   1.5350000e+03   1.2906928e+04   3.4689471e+03
   1.5360000e+03  -1.6306427e+03  -9.1052915e+03
   1.5370000e+03  -6.2810050e+03  -1.1250730e+04
   1.5380000e+03  -2.8138476e+03   5.1350022e+03
   1.5390000e+03   5.0315994e+02   1.9745237e+04
   1.5400000e+03  -5.3786294e+03  -2.5650391e+03
   1.5410000e+03  -8.1178728e+03  -3.7651573e+04
   1.5420000e+03  -9.1066447e+03  -4.2016453e+04
   1.5430000e+03  -1.3673810e+04  -1.0478063e+04
   1.5440000e+03  -2.9760339e+03   2.7013439e+04
   1.5450000e+03   1.4096626e+04   2.4826058e+04
   1.5460000e+03   1.0948373e+04  -1.9697664e+04
   1.5470000e+03  -1.8902897e+03  -4.6090557e+04
   1.5480000e+03  -3.8151531e+03  -2.0099861e+04
   1.5490000e+03  -2.1873956e+03   1.7280379e+04
   1.5500000e+03  -3.2212508e+03   2.2729725e+04
   1.5510000e+03   4.6796716e+03   6.9969713e+02
   1.5520000e+03   1.3024471e+04  -1.6316214e+04
   1.5530000e+03   5.5976477e+03  -7.4037360e+03
   1.5540000e+03  -9.8452243e+03   7.7895707e+03
   1.5550000e+03  -1.7908197e+04   1.5562744e+03
   1.5560000e+03  -9.1316087e+03  -1.7954484e+04
   1.5570000e+03   3.3442284e+03  -1.9889045e+04
   1.5580000e+03   1.3049930e+02  -2.2275561e+03
   1.5590000e+03  -8.2678922e+03   4.3331712e+03
   1.5600000e+03  -1.1375858e+04  -2.4286829e+03
   1.5610000e+03  -1.5690046e+04  -7.6407571e+03
   1.5620000e+03  -1.4338063e+04  -1.6786206e+04
   1.5630000e+03  -2.6633955e+03  -2.2057257e+04
   1.5640000e+03   1.2427935e+03  -5.1806009e+03
   1.5650000e+03  -1.7354347e+03   2.1738134e+04
   1.5660000e+03   2.2209937e+03   1.9274981e+04
   1.5670000e+03  -5.7361749e+02  -1.4080065e+04
   1.5680000e+03  -1.1511288e+04  -2.2636266e+04
   1.5690000e+03  -1.2729234e+04   2.7112194e+03
   1.5700000e+03   8.6903809e+02   1.2818894e+04
   1.5710000e+03   1.7629317e+04   2.2141605e+03
   1.5720000e+03   3.7808404e+03  -2.0971941e+03
   1.5730000e+03  -2.7168816e+04   3.4628355e+03
   1.5740000e+03  -1.4954017e+04   8.4383646e+03
   1.5750000e+03   1.7636571e+04   5.0166741e+03
   1.5760000e+03   4.0836449e+03   2.3224128e+03
   1.5770000e+03  -3.4275615e+04   1.0279233e+04
   1.5780000e+03  -2.8396832e+04   9.8983242e+03
   1.5790000e+03   1.9119745e+04   1.1611030e+03
   1.5800000e+03   4.0149696e+04   7.9813601e+03
   1.5810000e+03   7.7383259e+03   1.1113689e+04
   1.5820000e+03  -3.4111462e+04  -1.9841768e+03
   1.5830000e+03  -2.7913665e+04  -6.1284135e+03
   1.5840000e+03   1.9933473e+04  -3.2418803e+03
   1.5850000e+03   3.7506013e+04  -1.7190057e+03
   1.5860000e+03   4.3386358e+03   3.1803698e+03
   1.5870000e+03  -2.4400002e+04   6.3628710e+03
   1.5880000e+03  -1.9507348e+04   9.2643940e+02
   1.5890000e+03  -1.1344813e+03  -1.1197230e+04
   1.5900000e+03   1.0103230e+04  -5.8194392e+03
   1.5910000e+03   4.1443060e+03   2.2337569e+04
   1.5920000e+03  -1.5739118e+04   3.3045711e+04
   1.5930000e+03  -1.6984628e+04   1.4100262e+04
   1.5940000e+03   1.0362608e+04  -4.6446864e+02
   1.5950000e+03   2.4856655e+04   2.7609556e+03
   1.5960000e+03   2.0013464e+03   2.6518567e+03
   1.5970000e+03  -3.4817359e+04   1.0539182e+02
   1.5980000e+03  -3.2734314e+04   8.4696766e+03
   1.5990000e+03   1.8894774e+04   5.7728385e+03
   1.6000000e+03   4.3992612e+04  -1.2594717e+04
   1.6010000e+03   5.2963978e+03  -1.3986464e+04
   1.6020000e+03  -3.1059004e+04   1.0441746e+04
   1.6030000e+03  -1.4065160e+04   2.5475926e+04
   1.6040000e+03   2.2159054e+04  -1.6215501e+02
   1.6050000e+03   2.6847116e+04  -2.3571208e+04
   1.6060000e+03   7.8559480e+03   3.1392794e+03
   1.6070000e+03  -6.3454100e+00   3.5748913e+04
   1.6080000e+03   1.2980747e+04   2.2537634e+04
   1.6090000e+03   2.9769396e+04  -1.5822054e+04
   1.6100000e+03   2.5772355e+04  -2.6731168e+04
   1.6110000e+03   4.1469265e+03  -2.4571124e+03
   1.6120000e+03  -1.1108702e+04   1.2517734e+04
   1.6130000e+03  -5.3598721e+03   3.0782645e+03
   1.6140000e+03   1.8871290e+04  -5.6971137e+03
   1.6150000e+03   3.1677185e+04  -6.7842122e+02
   1.6160000e+03   6.9691839e+03   6.3289763e+03
   1.6170000e+03  -2.5553099e+04  -4.4469336e+02
   1.6180000e+03  -1.8907922e+04  -7.5147691e+03
   1.6190000e+03   8.5564554e+03   3.6956987e+03
   1.6200000e+03   1.3971363e+04   1.4519478e+04
   1.6210000e+03   7.6284876e+03   4.8436211e+03
   1.6220000e+03   7.0022867e+03  -5.4703191e+03
   1.6230000e+03   5.7468126e+03  -4.9254210e+02
   1.6240000e+03   1.5764637e+03  -3.9888178e+03
   1.6250000e+03   4.8445069e+02  -1.8731852e+04
   1.6260000e+03   7.8369246e+03  -1.4346063e+04
   1.6270000e+03   9.1777798e+03   5.1846280e+03
   1.6280000e+03   1.3293037e+03   9.2777847e+03
   1.6290000e+03   3.6434413e+03  -9.5613051e+03
   1.6300000e+03   7.4036298e+03  -2.9700269e+04
   1.6310000e+03   8.4575076e+02  -2.1070833e+04
   1.6320000e+03  -9.0006953e+03   1.2429263e+04
   1.6330000e+03  -1.6310491e+04   1.8781190e+04
   1.6340000e+03  -1.1537349e+04  -1.4693774e+04
   1.6350000e+03  -2.1353104e+03  -2.5830558e+04
   1.6360000e+03  -5.4604650e+03  -2.5995856e+03
   1.6370000e+03  -1.2532627e+04   2.8076629e+03
   1.6380000e+03  -1.0018752e+04  -1.4119426e+04
   1.6390000e+03  -7.6601905e+03  -2.2098622e+04
   1.6400000e+03  -1.1260234e+04  -1.1857726e+04
   1.6410000e+03  -4.9454012e+03  -3.1634220e+03
   1.6420000e+03   1.0603780e+04  -5.1912656e+03
   1.6430000e+03   1.1041970e+04   2.4292206e+03
   1.6440000e+03  -8.6867690e+03   3.6233724e+03
   1.6450000e+03  -2.2707867e+04  -2.2483604e+04
   1.6460000e+03  -1.2223378e+04  -3.0453570e+04
   1.6470000e+03   3.2855756e+03   1.3014754e+03
   1.6480000e+03   2.6427204e+03   2.2394620e+04
   1.6490000e+03  -1.0176060e+04   9.6985057e+03
   1.6500000e+03  -2.3307635e+04  -3.2800325e+03
   1.6510000e+03  -1.7068378e+04  -4.6958732e+03
   1.6520000e+03   9.4698935e+03  -9.1760149e+03
   1.6530000e+03   2.0401290e+04  -9.0968044e+03
   1.6540000e+03  -5.5422908e+03   4.2433169e+03
   1.6550000e+03  -3.1643532e+04   1.5894595e+04
   1.6560000e+03  -1.3171686e+04   6.6922937e+03
   1.6570000e+03   2.2582171e+04  -8.5448981e+03
   1.6580000e+03   2.4068829e+04   1.9502143e+03
   1.6590000e+03  -2.7582569e+03   1.5793711e+04
   1.6600000e+03  -1.9810525e+04  -1.0468290e+03
   1.6610000e+03  -1.1255814e+04  -2.1092396e+04
   1.6620000e+03  -2.3502636e+03  -6.0082442e+03
   1.6630000e+03  -7.9492652e+03   3.0758810e+04
   1.6640000e+03  -6.4453875e+03   4.1682214e+04
   1.6650000e+03   2.5832079e+02   1.1617380e+04
   1.6660000e+03  -4.3584698e+03  -2.2776431e+04
   1.6670000e+03  -6.7109423e+03  -1.6143379e+04
   1.6680000e+03   2.1919145e+03   2.6809460e+04
   1.6690000e+03  -2.6033189e+03   4.4253054e+04
   1.6700000e+03  -2.3807762e+04   2.0622482e+04
   1.6710000e+03  -1.9390743e+04   3.9248220e+02
   1.6720000e+03   1.1186747e+04  -4.1802883e+03
   1.6730000e+03   2.4762577e+04   3.5532951e+02
   1.6740000e+03   1.1379526e+04   7.7424238e+03
   1.6750000e+03  -9.5004886e+03   9.6996626e+03
   1.6760000e+03  -1.2511469e+04   1.0881276e+04
   1.6770000e+03   8.2651844e+03   1.5631360e+03
   1.6780000e+03   2.6574833e+04  -1.3878799e+04
   1.6790000e+03   2.3299701e+04  -1.4632052e+03
   1.6800000e+03   8.8550547e+03   2.4996911e+04
   1.6810000e+03   1.6081744e+03   1.6071156e+04
   1.6820000e+03   1.0616118e+03  -1.7690134e+04
   1.6830000e+03   5.5311985e+03  -1.9111874e+04
   1.6840000e+03   1.7263643e+04   1.4017088e+04
   1.6850000e+03   1.5698326e+04   3.2314651e+04
   1.6860000e+03  -7.7405975e+03   1.7802709e+04
   1.6870000e+03  -2.2282659e+04  -6.9936262e+03
   1.6880000e+03  -2.9916209e+03  -1.0273772e+04
   1.6890000e+03   2.2826063e+04   1.0325657e+04
   1.6900000e+03   1.5480957e+04   1.4833162e+04
   1.6910000e+03  -1.7137087e+03  -1.1107312e+04
   1.6920000e+03   2.8563764e+03  -3.0327368e+04
   1.6930000e+03   8.9315502e+03  -1.4716535e+04
   1.6940000e+03   4.2232982e+03   2.1697291e+04
   1.6950000e+03   3.8652227e+03   3.2409899e+04
   1.6960000e+03   1.2892496e+04  -8.4685913e+03
   1.6970000e+03   1.7416555e+04  -5.0050554e+04
   1.6980000e+03   7.5561583e+03  -3.4367509e+04
   1.6990000e+03  -5.3823269e+03   1.1941669e+04
   1.7000000e+03  -3.2783925e+03   3.0216983e+04
   1.7010000e+03   9.2604436e+03   7.1638390e+03
   1.7020000e+03   2.4336509e+03  -2.2652890e+04
   1.7030000e+03  -1.1129096e+04  -2.2562842e+04
   1.7040000e+03   8.7643163e+03  -6.1044249e+03
   1.7050000e+03   2.6542396e+04  -2.8380876e+03
   1.7060000e+03   3.6064055e+03  -2.0997271e+03
   1.7070000e+03  -1.5904758e+04   2.8383691e+03
   1.7080000e+03  -3.7680545e+03  -7.2792769e+03
   1.7090000e+03   1.0658010e+04  -1.4653733e+04
   1.7100000e+03   7.2155928e+03   1.8233964e+03
   1.7110000e+03  -3.6605095e+03   1.5843002e+03
   1.7120000e+03  -3.5521284e+03  -2.0271355e+04
   1.7130000e+03   1.0038272e+04  -1.3843588e+04
   1.7140000e+03   1.3378310e+04   9.0278912e+03
   1.7150000e+03  -7.2187428e+03   1.0035747e+04
   1.7160000e+03  -2.5676135e+04  -1.2939820e+04
   1.7170000e+03  -1.8137277e+04  -3.7069912e+04
   1.7180000e+03   5.8708503e+03  -2.2619696e+04
   1.7190000e+03   1.4387958e+04   1.3245686e+04
   1.7200000e+03  -1.1323655e+04   1.4744609e+04
   1.7210000e+03  -3.8293085e+04  -8.8714947e+03
   1.7220000e+03  -2.9114625e+04  -2.5788926e+04
   1.7230000e+03   2.9009126e+03  -2.5587945e+04
   1.7240000e+03   1.8508285e+04  -8.6435095e+02
   1.7250000e+03   4.2010195e+02   2.4006887e+04
   1.7260000e+03  -2.0488516e+04   1.6880518e+04
   1.7270000e+03  -1.4176308e+04  -5.2860257e+03
   1.7280000e+03   5.2590930e+02  -1.5017850e+04
   1.7290000e+03  -5.9016606e+02  -1.1863782e+04
   1.7300000e+03  -8.0916286e+03   4.7386344e+03
   1.7310000e+03  -7.2563277e+03   2.0705147e+04
   1.7320000e+03  -4.5004846e+03   8.2165130e+03
   1.7330000e+03  -1.4958333e+03  -1.0299861e+04
   1.7340000e+03  -1.3669371e+02   7.2492438e+02
   1.7350000e+03  -1.1157491e+04   1.8377565e+04
   1.7360000e+03  -1.6798717e+04   1.4622091e+04
   1.7370000e+03  -1.2141892e+04   9.0483190e+02
   1.7380000e+03  -1.2459602e+04  -3.4430558e+03
   1.7390000e+03  -2.9577987e+03   7.0124077e+03
   1.7400000e+03   2.3191260e+03   1.3341643e+04
   1.7410000e+03  -1.4327927e+04  -1.0816212e+03
   1.7420000e+03  -9.8395208e+03  -1.1802641e+04
   1.7430000e+03   1.6704949e+04  -1.0452803e+03
   1.7440000e+03   1.6687540e+04   9.7930777e+03
   1.7450000e+03  -5.4223672e+03   1.0945694e+04
   1.7460000e+03  -1.7081369e+04   1.0726305e+04
   1.7470000e+03  -5.8203954e+03   9.8799408e+03
   1.7480000e+03   1.5714826e+04   7.7252974e+03
   1.7490000e+03   1.2984228e+04   7.1553594e+03
   1.7500000e+03  -1.0969183e+04   1.0831026e+04
   1.7510000e+03  -1.1245303e+04   1.4231982e+04
   1.7520000e+03   1.2745474e+04   9.4451489e+03
   1.7530000e+03   2.1276982e+04  -1.9033401e+02
   1.7540000e+03   2.0597288e+03   1.0586570e+03
   1.7550000e+03  -1.9632062e+04   1.1142377e+04
   1.7560000e+03  -1.1840112e+04   3.8834756e+03
   1.7570000e+03   1.9285771e+04  -1.0601608e+04
   1.7580000e+03   2.6076118e+04  -2.6821233e+03
   1.7590000e+03  -6.8251583e+03   8.4052636e+03
   1.7600000e+03  -2.2264142e+04   3.1159697e+02
   1.7610000e+03   1.0223222e+04  -1.1880145e+04
   1.7620000e+03   3.8341343e+04  -5.5170670e+03
   1.7630000e+03   3.1479004e+04   1.8413037e+04
   1.7640000e+03   6.6316750e+03   2.5015093e+04
   1.7650000e+03  -1.2547497e+04  -1.8522023e+03
   1.7660000e+03  -1.0720321e+03  -2.9134103e+04
   1.7670000e+03   1.5083694e+04  -2.1712820e+04
   1.7680000e+03   3.7707863e+03   1.1861888e+04
   1.7690000e+03  -3.9464318e+03   3.0399570e+04
   1.7700000e+03   4.8021793e+03   1.8893122e+04
   1.7710000e+03   5.4596975e+03  -3.3472100e+03
   1.7720000e+03  -1.7485060e+03  -1.6057472e+04
   1.7730000e+03   8.9154211e+02  -1.3924341e+04
   1.7740000e+03   8.2673251e+03  -6.6520047e+03
   1.7750000e+03   4.4346809e+03   8.0670846e+03
   1.7760000e+03   2.4735824e+03   2.1324496e+04
   1.7770000e+03   9.5681940e+03   4.8156958e+03
   1.7780000e+03   1.1324377e+04  -2.0888673e+04
   1.7790000e+03   1.1620249e+04  -1.7658840e+04
   1.7800000e+03   1.1763427e+04   3.3162760e+03
   1.7810000e+03   2.6091714e+03   8.7863559e+03
   1.7820000e+03  -6.1631039e+03  -8.8984406e+03
   1.7830000e+03   9.5342704e+02  -1.6087973e+04
   1.7840000e+03   1.2889523e+04   6.6999096e+02
   1.7850000e+03   7.9263595e+03   5.2933109e+03
   1.7860000e+03  -4.0570617e+03  -3.9091286e+03
   1.7870000e+03  -5.1653682e+03   2.4734166e+03
   1.7880000e+03   2.1864556e+03   6.6772132e+03
   1.7890000e+03   5.0026573e+03  -1.1489388e+04
   1.7900000e+03  -1.0367218e+04  -2.3446407e+04
   1.7910000e+03  -2.6599511e+04  -1.5255030e+04
   1.7920000e+03  -1.4154023e+04  -7.2835464e+03
   1.7930000e+03   1.0469895e+04  -4.4561578e+03
   1.7940000e+03   5.4664553e+03   6.2650623e+02
   1.7950000e+03  -2.0600932e+04   4.6760063e+03
   1.7960000e+03  -1.5662145e+04   1.1651204e+03
   1.7970000e+03   1.1971962e+04  -1.0187646e+04
   1.7980000e+03   1.6186052e+04  -1.9506088e+04
   1.7990000e+03   6.1328360e+03  -9.3909250e+03
   1.8000000e+03  -1.4276277e+03   1.2369123e+04
   1.8010000e+03  -8.4149489e+03   1.0104927e+04
   1.8020000e+03  -6.6993696e+03  -7.7357033e+03
   1.8030000e+03   2.1184354e+03  -8.6026535e+03
   1.8040000e+03   4.9126153e+03  -1.0702882e+04
   1.8050000e+03  -6.5369515e+03  -2.1357715e+04
   1.8060000e+03  -1.9686894e+04  -1.5348435e+04
   1.8070000e+03  -1.5483015e+04  -6.6663526e+02
   1.8080000e+03  -6.4560824e+03   7.2571275e+03
   1.8090000e+03  -1.4704416e+04   9.3400692e+03
   1.8100000e+03  -2.6787435e+04   7.1220144e+02
   1.8110000e+03  -1.4016719e+04  -9.2026505e+03
   1.8120000e+03   8.3790173e+03  -1.7898637e+03
   1.8130000e+03   8.3301960e+03   5.1601887e+03
   1.8140000e+03  -2.3869887e+03  -4.4052438e+03
   1.8150000e+03  -8.2196525e+03  -1.3424727e+03
   1.8160000e+03  -1.0172603e+04   1.3510856e+04
   1.8170000e+03  -1.0378273e+03   1.0188966e+04
   1.8180000e+03   8.3991514e+03   3.3850391e+03
   1.8190000e+03  -2.7116670e+03   2.1608399e+03
   1.8200000e+03  -1.7637189e+04  -7.4951649e+03
   1.8210000e+03  -7.8866973e+03  -9.4329045e+03
   1.8220000e+03   7.2274561e+03   8.9442173e+03
   1.8230000e+03  -1.9998632e+03   2.2383734e+04
   1.8240000e+03  -1.5693176e+04   9.5599571e+03
   1.8250000e+03  -1.0289217e+04  -1.1408987e+04
   1.8260000e+03   2.9505553e+03  -1.3160072e+04
   1.8270000e+03   9.9921721e+03   4.1275641e+03
   1.8280000e+03   1.2528581e+04   2.2343645e+04
   1.8290000e+03   1.1878029e+04   2.3552182e+04
   1.8300000e+03   1.1600477e+03   5.9762856e+03
   1.8310000e+03  -1.0222003e+04  -1.0289006e+04
   1.8320000e+03  -1.0415446e+04  -1.6607475e+03
   1.8330000e+03  -7.3484280e+03   2.3308349e+04
   1.8340000e+03   1.9685488e+03   2.6887262e+04
   1.8350000e+03   1.4674894e+04   6.3717792e+03
   1.8360000e+03   9.3107321e+03  -7.3561700e+03
   1.8370000e+03  -7.2811528e+03  -2.2141270e+01
   1.8380000e+03  -1.2627094e+04   1.8273398e+04
   1.8390000e+03  -3.1659400e+03   1.3083096e+04
   1.8400000e+03   1.0740123e+04  -1.8989351e+04
   1.8410000e+03   1.7510118e+04  -2.2805496e+04
   1.8420000e+03   1.6691738e+04   1.4179224e+04
   1.8430000e+03   1.0302694e+04   3.6199021e+04
   1.8440000e+03   3.5393443e+03   1.5824841e+04
   1.8450000e+03   3.9800775e+03  -1.5137084e+04
   1.8460000e+03   2.5240815e+03  -1.8195030e+04
   1.8470000e+03   3.9410707e+03   8.2048218e+03
   1.8480000e+03   2.0834186e+04   2.6224549e+04
   1.8490000e+03   2.8701901e+04   9.9920950e+03
   1.8500000e+03   1.3944046e+04  -1.2543616e+04
   1.8510000e+03  -5.6336248e+03  -1.1873823e+04
   1.8520000e+03  -1.4086346e+04   3.7437251e+03
   1.8530000e+03  -2.1942979e+03   1.5814254e+04
   1.8540000e+03   7.9175018e+03   8.7099059e+03
   1.8550000e+03  -5.0385881e+02  -8.2566107e+03
   1.8560000e+03  -5.7100627e+03  -6.3499935e+03
   1.8570000e+03  -1.7454842e+03   9.3891139e+03
   1.8580000e+03   1.1623706e+04   7.7847257e+03
   1.8590000e+03   2.3329392e+04  -1.3219615e+04
   1.8600000e+03   3.1570181e+03  -2.3983114e+04
   1.8610000e+03  -1.7357137e+04  -1.4506397e+04
   1.8620000e+03   1.7819587e+03   1.7552572e+03
   1.8630000e+03   2.0647958e+04   9.7242432e+03
   1.8640000e+03   7.5664842e+03  -7.6105516e+03
   1.8650000e+03  -2.9888241e+03  -2.9321914e+04
   1.8660000e+03   1.1166126e+04  -2.2043975e+04
   1.8670000e+03   1.8256063e+04   2.2005875e+03
   1.8680000e+03   3.4467497e+03   2.4781971e+04
   1.8690000e+03  -1.1422363e+04   1.9019965e+04
   1.8700000e+03  -1.8769121e+04  -1.9827215e+04
   1.8710000e+03  -7.0572831e+03  -3.1152948e+04
   1.8720000e+03   2.3110477e+04  -7.2011564e+03
   1.8730000e+03   2.5152126e+04   2.6280943e+03
   1.8740000e+03  -7.3912798e+03  -1.2396529e+03
   1.8750000e+03  -2.2071165e+04  -8.2850402e+03
   1.8760000e+03  -6.9869851e+03  -1.5451798e+04
   1.8770000e+03   5.8392096e+03  -1.0969180e+04
   1.8780000e+03   4.3333682e+03  -6.8810207e+03
   1.8790000e+03  -3.4627426e+03  -1.0421146e+04
   1.8800000e+03  -1.1307240e+04  -1.0848934e+04
   1.8810000e+03  -1.5242970e+04  -7.5737829e+03
   1.8820000e+03  -1.1110225e+04  -6.6168156e+02
   1.8830000e+03  -2.5403226e+03   4.3562385e+03
   1.8840000e+03  -4.6731264e+03  -4.1311900e+03
   1.8850000e+03  -1.6384006e+04  -1.7336011e+04
   1.8860000e+03  -1.9102189e+04  -1.5948042e+04
   1.8870000e+03  -1.1989209e+04  -5.0828857e+02
   1.8880000e+03  -7.1038025e+03   9.4989370e+03
   1.8890000e+03  -1.0511305e+04   2.1897318e+03
   1.8900000e+03  -1.2645776e+04  -1.4984872e+04
   1.8910000e+03  -1.3623185e+03  -2.1833133e+04
   1.8920000e+03   6.7210622e+03  -4.5508963e+03
   1.8930000e+03  -5.5945373e+03   1.7973870e+04
   1.8940000e+03  -2.1112678e+04   1.9123889e+04
   1.8950000e+03  -1.2883438e+04   1.5824829e+03
   1.8960000e+03   1.4917784e+04  -1.2704692e+04
   1.8970000e+03   2.5167284e+04   5.4808813e+02
   1.8980000e+03   2.2627591e+02   2.8898042e+04
   1.8990000e+03  -3.4509079e+04   2.8289258e+04
   1.9000000e+03  -3.6690606e+04   2.1588645e+03
   1.9010000e+03   6.0261795e+02  -9.9837650e+03
   1.9020000e+03   2.2596983e+04   1.1422925e+03
   1.9030000e+03  -1.4670656e+03   1.5763208e+04
   1.9040000e+03  -3.1979267e+04   1.5732533e+04
   1.9050000e+03  -2.8870248e+04   6.7934224e+03
   1.9060000e+03   5.6740511e+03   1.0343430e+03
   1.9070000e+03   3.2469092e+04  -2.8826356e+03
   1.9080000e+03   1.4890995e+04  -3.0498189e+03
   1.9090000e+03  -2.8904384e+04   3.4472957e+03
   1.9100000e+03  -3.3731819e+04   1.0131160e+04
   1.9110000e+03   1.1972251e+04   1.1801510e+04
   1.9120000e+03   3.5496016e+04   1.4663318e+04
   1.9130000e+03   1.7885142e+04   1.9525824e+04
   1.9140000e+03   5.2687177e+02   7.7022186e+03
   1.9150000e+03  -1.0924502e+04  -1.2911870e+04
   1.9160000e+03  -6.2297913e+03  -2.5162734e+03
   1.9170000e+03   1.6841775e+04   3.0389942e+04
   1.9180000e+03   2.4611626e+04   3.7933585e+04
   1.9190000e+03   1.0533859e+04   1.4369764e+04
   1.9200000e+03  -4.1861491e+03  -1.1257678e+04
   1.9210000e+03  -7.0611956e+02  -1.8013435e+04
   1.9220000e+03   1.5072707e+04  -6.7947018e+03
   1.9230000e+03   1.7455112e+04   1.7168079e+03
   1.9240000e+03   4.7395432e+03   3.7027659e+03
   1.9250000e+03  -2.2244842e+03   8.5876805e+03
   1.9260000e+03   1.0269474e+04   4.9104519e+03
   1.9270000e+03   2.4044385e+04  -4.1401874e+03
   1.9280000e+03   1.2317708e+04   1.9806762e+03
   1.9290000e+03  -9.9460866e+03   1.1934085e+04
   1.9300000e+03  -6.9675705e+03   3.5909827e+03
   1.9310000e+03   2.5993987e+04  -1.0061216e+04
   1.9320000e+03   4.4299255e+04   6.4930451e+02
   1.9330000e+03   1.4510757e+04   2.5170362e+04
   1.9340000e+03  -1.9783047e+04   2.2792228e+04
   1.9350000e+03  -1.2629461e+04  -1.2576989e+04
   1.9360000e+03   8.3640702e+03  -4.2216690e+04
   1.9370000e+03   5.8268426e+03  -2.8961927e+04
   1.9380000e+03  -3.6659774e+03   4.9984315e+03
   1.9390000e+03   8.9511131e+03   1.0163860e+04
   1.9400000e+03   2.5567323e+04  -8.5363775e+03
   1.9410000e+03   8.4595709e+03  -2.3419043e+04
   1.9420000e+03  -2.4348735e+04  -2.3015138e+04
   1.9430000e+03  -1.9458358e+04  -5.2755983e+03
   1.9440000e+03   1.2713295e+04   6.8673750e+03
   1.9450000e+03   2.4528303e+04   1.5566687e+02
   1.9460000e+03   1.4047920e+04  -4.0263144e+03
   1.9470000e+03  -6.6727375e+03   3.0562973e+03
   1.9480000e+03  -2.3156855e+04   7.2450880e+03
   1.9490000e+03  -1.2347593e+04   4.0305559e+03
   1.9500000e+03   9.7109195e+03  -7.6937447e+03
   1.9510000e+03   6.8916832e+03  -2.6163062e+04
   1.9520000e+03  -1.5900159e+04  -2.2402721e+04
   1.9530000e+03  -2.0101475e+04   4.4994314e+03
   1.9540000e+03  -3.8156478e+03   7.4931297e+03
   1.9550000e+03   1.8399077e+03  -1.7581429e+04
   1.9560000e+03  -1.4670940e+03  -3.3683306e+04
   1.9570000e+03  -8.2455884e+03  -2.4396572e+04
   1.9580000e+03  -1.8915508e+04  -3.7441295e+03
   1.9590000e+03  -1.6808684e+04   7.1382568e+02
   1.9600000e+03  -4.8332515e+03  -1.0148456e+04
   1.9610000e+03   5.0694902e+03  -1.0513718e+04
   1.9620000e+03   5.3054551e+03   6.1136462e+03
   1.9630000e+03  -7.0926269e+03   1.5996251e+04
   1.9640000e+03  -1.4521614e+04   6.2986187e+03
   1.9650000e+03  -1.1022596e+04   1.9547946e+02
   1.9660000e+03  -5.1630889e+03  -1.8313270e+02
   1.9670000e+03  -6.4082032e+03  -5.7225962e+03
   1.9680000e+03  -2.0567807e+04   2.2865120e+01
   1.9690000e+03  -2.1399841e+04   1.1064013e+04
   1.9700000e+03   2.0688493e+03   7.1144979e+03
   1.9710000e+03   8.8144129e+03  -7.9491485e+03
   1.9720000e+03  -8.8183687e+03  -1.3549087e+04
   1.9730000e+03  -9.7176153e+03   3.2549386e+03
   1.9740000e+03   1.6098190e+03   1.1672575e+04
   1.9750000e+03  -7.5893262e+02  -3.4835176e+03
   1.9760000e+03   2.1551916e+03  -4.2453740e+03
   1.9770000e+03   7.9250297e+03   1.3383000e+04
   1.9780000e+03  -3.7971240e+03   1.8907587e+04
   1.9790000e+03  -6.7763614e+03   9.0700963e+03
   1.9800000e+03   8.9278917e+03  -8.0045600e+02
   1.9810000e+03   1.4675093e+04   3.0966016e+03
   1.9820000e+03   2.7073969e+03   1.4548722e+04
   1.9830000e+03  -1.4910308e+04   7.5457168e+03
   1.9840000e+03  -2.5725068e+04  -9.8627037e+03
   1.9850000e+03  -1.6949247e+04  -5.0196075e+03
   1.9860000e+03   4.3632773e+03   1.0359891e+04
   1.9870000e+03   1.1832556e+04   1.7861609e+04
   1.9880000e+03   5.8840878e+03   2.2875291e+04
   1.9890000e+03  -2.3798551e+03   9.3217604e+03
   1.9900000e+03  -1.1054961e+04  -1.7804325e+04
   1.9910000e+03   7.4673216e+02  -1.4797434e+04
   1.9920000e+03   1.8643989e+04   1.8514564e+04
   1.9930000e+03   1.2245721e+04   3.5548738e+04
   1.9940000e+03   1.3167067e+04   1.9022395e+04
   1.9950000e+03   2.8139372e+04  -1.9210667e+03
   1.9960000e+03   2.2730012e+04  -8.5168753e+03
   1.9970000e+03   6.2037373e+03  -6.3978717e+03
   1.9980000e+03  -5.5878258e+03  -1.9921893e+03
   1.9990000e+03  -1.5167965e+04  -7.4507064e+02
   2.0000000e+03  -1.0923823e+04   6.3657042e+03
