   1.0274000e+02   2.5123000e+01
   9.7018098e+01   3.1183259e+01
   0.0000000e+00   1.0687793e+04   1.0687793e+04
   1.0000000e+00   1.8661720e+04  -8.4250866e+03
   2.0000000e+00  -5.8845201e+03  -2.7690692e+04
   3.0000000e+00  -3.1972369e+04  -2.3416765e+04
   4.0000000e+00  -2.1862982e+04   2.0807221e+04
   5.0000000e+00   2.5662212e+04   4.1599306e+04
   6.0000000e+00   4.0698099e+04   2.7282714e+04
   7.0000000e+00  -2.7465601e+03  -3.8582578e+03
   8.0000000e+00  -3.1029488e+04  -3.3312828e+04
   9.0000000e+00  -1.8548682e+04  -1.9978173e+04
   1.0000000e+01   1.6176231e+04   1.5603274e+04
   1.1000000e+01   2.3385707e+04   3.9141076e+04
   1.2000000e+01  -1.1391993e+04   2.4825144e+04
   1.3000000e+01  -2.9037571e+04  -1.5646980e+04
   1.4000000e+01  -1.1771777e+04  -3.6043494e+04
   1.5000000e+01   2.8729676e+04  -2.9330089e+04
   1.6000000e+01   3.0692042e+04   1.1038901e+04
   1.7000000e+01  -3.1666386e+04   4.1494742e+04
   1.8000000e+01  -5.2714062e+04   1.8964433e+04
   1.9000000e+01   5.8257631e+03  -2.3164048e+04
   2.0000000e+01   5.7505070e+04  -5.1173038e+04
   2.1000000e+01   2.2846570e+04  -2.1809283e+04
   2.2000000e+01  -5.0314242e+04   3.4843890e+04
   2.3000000e+01  -5.6495710e+04   4.0801474e+04
   2.4000000e+01   2.1363569e+03   1.1104072e+03
   2.5000000e+01   5.8372870e+04  -4.3345557e+04
   2.6000000e+01   4.0540795e+04  -4.0021182e+04
   2.7000000e+01  -2.3603647e+04   6.6426855e+03
   2.8000000e+01  -4.4686698e+04   3.7745947e+04
   2.9000000e+01  -3.0929241e+04   2.8024256e+04
   3.0000000e+01   1.2493497e+04  -5.0111341e+03
   3.1000000e+01   5.9219799e+04  -1.3193787e+04
   3.2000000e+01   4.3048760e+04  -5.6073828e+03
   3.3000000e+01  -1.6730635e+04   4.7116858e+03
   3.4000000e+01  -6.0492128e+04   2.6143291e+04
   3.5000000e+01  -3.4165526e+04   2.2466905e+04
   3.6000000e+01   3.3090493e+04   1.3796105e+04
   3.7000000e+01   5.2220982e+04   1.2740311e+04
   3.8000000e+01   2.9396549e+03  -9.4313259e+03
   3.9000000e+01  -5.1919937e+04  -3.0976526e+04
   4.0000000e+01  -2.8481345e+04  -2.8656068e+04
   4.1000000e+01   1.9869320e+04   6.4403495e+03
   4.2000000e+01   1.6421138e+04   3.7576956e+04
   4.3000000e+01   4.9626089e+03   2.7348346e+04
   4.4000000e+01  -1.0035083e+03  -7.8105865e+03
   4.5000000e+01  -3.3646602e+03  -3.9828030e+04
   4.6000000e+01  -6.3937650e+03  -2.4816856e+04
   4.7000000e+01  -1.4375158e+04   1.5429019e+04
   4.8000000e+01   5.8378120e+03   3.0477255e+04
   4.9000000e+01   2.6607834e+04   9.9379193e+03
   5.0000000e+01   1.3055009e+04  -4.1874310e+04
   5.1000000e+01  -1.8465171e+04  -4.9338424e+04
   5.2000000e+01  -2.3832365e+04   4.8685645e+03
   5.3000000e+01   1.4427200e+04   4.2743981e+04
   5.4000000e+01   3.8097366e+04   3.4694454e+04
   5.5000000e+01   2.2120250e+04  -9.7565891e+03
   5.6000000e+01  -1.4681225e+04  -4.7419153e+04
   5.7000000e+01  -2.1340007e+04  -4.2768551e+04
   5.8000000e+01   2.5042967e+04   7.8684121e+03
   5.9000000e+01   3.4399277e+04   6.1386515e+04
   6.0000000e+01  -6.0608099e+03   4.5540673e+04
   6.1000000e+01  -2.9550521e+04  -1.1544477e+04
   6.2000000e+01  -2.1520588e+04  -4.8709731e+04
   6.3000000e+01   5.7673224e+03  -3.4085464e+04
   6.4000000e+01   1.3196318e+04   2.2187222e+04
   6.5000000e+01  -2.6868735e+03   4.3636233e+04
   6.6000000e+01  -9.9935181e+03   2.4002713e+04
   6.7000000e+01   6.7743671e+03  -9.2018651e+03
   6.8000000e+01   1.8843347e+04  -4.1238919e+04
   6.9000000e+01  -8.2199701e+03  -2.8678833e+04
   7.0000000e+01  -2.0476324e+04   1.3973797e+04
   7.1000000e+01  -4.4772603e+03   3.3249666e+04
   7.2000000e+01   9.8211639e+03   5.0859424e+03
   7.3000000e+01   2.5929271e+04  -2.7252662e+04
   7.4000000e+01   7.2127452e+03  -2.0826005e+04
   7.5000000e+01  -2.4929826e+04  -6.4210939e+03
   7.6000000e+01  -2.5610361e+04  -1.1845398e+03
   7.7000000e+01  -1.4908730e+04  -8.7734404e+03
   7.8000000e+01  -5.6811102e+02  -3.7194328e+03
   7.9000000e+01   1.6088905e+04   2.2819530e+04
   8.0000000e+01   3.1044952e+04   9.2930965e+03
   8.1000000e+01   1.2624846e+04  -1.8640825e+04
   8.2000000e+01  -3.1906776e+04  -1.4736754e+04
   8.3000000e+01  -3.7148015e+04   2.1406666e+03
   8.4000000e+01  -3.0084546e+03   2.3127508e+04
   8.5000000e+01   3.9706996e+04   2.5231882e+04
   8.6000000e+01   3.7955079e+04   2.0983755e+03
   8.7000000e+01  -1.6161778e+04  -1.6726179e+04
   8.8000000e+01  -3.9626444e+04   4.0494259e+03
   8.9000000e+01  -1.1893710e+04   3.2633005e+04
   9.0000000e+01   3.0380996e+04   8.7770999e+03
   9.1000000e+01   2.9522816e+04  -1.5924128e+04
   9.2000000e+01  -1.9536847e+04  -7.9179708e+03
   9.3000000e+01  -3.3019176e+04   6.4860773e+03
   9.4000000e+01  -1.4321641e+03   1.3548590e+04
   9.5000000e+01   2.3607360e+04  -9.4234614e+03
   9.6000000e+01   1.0214038e+04  -2.6311150e+04
   9.7000000e+01  -1.9686225e+04  -1.3399566e+04
   9.8000000e+01  -2.2858533e+04   7.1531021e+03
   9.9000000e+01  -1.3055268e+04   2.7973308e+04
   1.0000000e+02   7.7216076e+03   2.2568276e+04
   1.0100000e+02   2.3508372e+04  -8.7011552e+03
   1.0200000e+02   8.8447650e+03  -3.5247341e+04
   1.0300000e+02  -1.5048432e+04  -1.9151459e+04
   1.0400000e+02  -3.0538887e+04   2.3197715e+04
   1.0500000e+02  -2.9582763e+03   2.2845565e+04
   1.0600000e+02   4.0841369e+04  -3.8317161e+03
   1.0700000e+02   3.1085388e+04  -2.5919538e+04
   1.0800000e+02  -1.1947911e+04  -2.4278023e+04
   1.0900000e+02  -3.7396505e+04   6.7741768e+03
   1.1000000e+02  -1.8230013e+04   9.2442133e+03
   1.1100000e+02   1.1596419e+04  -3.7066540e+02
   1.1200000e+02   1.6723808e+04   7.6385423e+03
   1.1300000e+02   7.5927478e+03   4.1314260e+03
   1.1400000e+02  -8.2743492e+03  -9.8479092e+03
   1.1500000e+02   6.9452357e+02  -2.0591010e+04
   1.1600000e+02   7.6672099e+03  -6.0187605e+03
   1.1700000e+02  -1.1349231e+04   2.1378507e+04
   1.1800000e+02  -5.6911648e+03   3.1553532e+04
   1.1900000e+02   4.6613374e+03   1.3457870e+04
   1.2000000e+02   6.4894433e+03  -2.2663417e+04
   1.2100000e+02   1.3203601e+04  -1.6655584e+04
   1.2200000e+02   6.6316350e+03   1.1099788e+04
   1.2300000e+02  -7.5244330e+03   9.0277910e+03
   1.2400000e+02  -2.5174214e+04  -1.5973377e+03
   1.2500000e+02  -2.0265885e+04  -1.4747321e+04
   1.2600000e+02   1.1341892e+04  -9.0297586e+03
   1.2700000e+02   2.3081033e+04   8.3587536e+03
   1.2800000e+02  -1.0685027e+03   6.0381816e+03
   1.2900000e+02  -2.6139824e+04   3.6296637e+03
   1.3000000e+02   2.8333826e+03   3.4881774e+03
   1.3100000e+02   3.7949722e+04   3.4590071e+03
   1.3200000e+02   1.8461072e+04  -2.4961522e+03
   1.3300000e+02  -8.8184529e+03  -5.7482980e+03
   1.3400000e+02  -1.5835986e+04   1.0740333e+04
   1.3500000e+02   5.4633920e+03   1.8730293e+04
   1.3600000e+02   2.4464276e+04   1.2282617e+04
   1.3700000e+02  -1.9093523e+03  -1.2839524e+04
   1.3800000e+02  -3.1308455e+04  -2.9874036e+04
   1.3900000e+02  -2.5354448e+04   1.3309027e+03
   1.4000000e+02   1.5403163e+04   2.2894971e+04
   1.4100000e+02   4.6040765e+04   9.6633656e+03
   1.4200000e+02   2.5870749e+04  -9.1914471e+03
   1.4300000e+02  -1.3876548e+04  -1.9120775e+04
   1.4400000e+02  -3.0974921e+04  -1.1967452e+04
   1.4500000e+02  -2.2615501e+03  -4.6525947e+03
   1.4600000e+02   2.5850577e+04   1.0185925e+04
   1.4700000e+02   1.2024368e+04   2.5414875e+04
   1.4800000e+02  -8.8233195e+03   1.7651913e+04
   1.4900000e+02  -1.6310276e+04  -3.3046102e+03
   1.5000000e+02   3.1718573e+03  -1.6641693e+04
   1.5100000e+02   1.3201732e+04   2.8873531e+03
   1.5200000e+02  -1.6424938e+04   1.5333105e+04
   1.5300000e+02  -2.1692237e+04   1.0688203e+03
   1.5400000e+02   1.1655136e+04   2.9230092e+03
   1.5500000e+02   3.5516174e+04   1.0824739e+03
   1.5600000e+02   1.4093910e+04  -1.3073283e+04
   1.5700000e+02  -2.2487676e+04  -2.2118619e+04
   1.5800000e+02  -2.3052156e+04  -1.5725715e+04
   1.5900000e+02  -1.6040484e+04   1.0169456e+04
   1.6000000e+02  -9.9625258e+03   1.5154470e+04
   1.6100000e+02   7.2482179e+03  -6.7064954e+03
   1.6200000e+02   2.4161778e+04  -2.8100352e+04
   1.6300000e+02   2.3898018e+04  -2.4625499e+04
   1.6400000e+02  -1.7939964e+04   3.7165536e+03
   1.6500000e+02  -5.0750156e+04   1.8345102e+04
   1.6600000e+02  -3.3681224e+04   1.3131792e+04
   1.6700000e+02   5.7425592e+03  -1.1303269e+04
   1.6800000e+02   3.3835654e+04  -2.0813206e+04
   1.6900000e+02   1.5432693e+04   1.1291753e+04
   1.7000000e+02  -7.8586244e+03   1.8592430e+04
   1.7100000e+02  -5.9961947e+02  -5.6057539e+03
   1.7200000e+02   5.4483522e+03  -1.3754401e+04
   1.7300000e+02   2.2158683e+03   4.1285621e+03
   1.7400000e+02  -6.4281212e+03   2.1786754e+04
   1.7500000e+02   2.8197323e+03   2.0520651e+03
   1.7600000e+02   2.0528824e+04  -2.0578973e+04
   1.7700000e+02   1.6634702e+04  -1.7086163e+04
   1.7800000e+02   2.8902062e+03   1.7518958e+03
   1.7900000e+02  -1.7186147e+04   1.8132264e+04
   1.8000000e+02  -1.9923144e+04   5.7792589e+03
   1.8100000e+02  -5.3487726e+03  -9.1943305e+03
   1.8200000e+02   1.5568697e+03  -1.5738923e+04
   1.8300000e+02   1.1153679e+04  -7.8153997e+03
   1.8400000e+02   8.3179761e+03   2.0319949e+04
   1.8500000e+02  -1.0142771e+04   1.3154105e+04
   1.8600000e+02  -2.5863892e+04  -1.2777458e+04
   1.8700000e+02  -2.3483186e+04  -1.0981836e+04
   1.8800000e+02  -3.2335615e+03   4.9766563e+03
   1.8900000e+02   2.2942398e+03   1.6997310e+04
   1.9000000e+02  -4.6349239e+02   1.1976385e+04
   1.9100000e+02  -5.9511299e+03   9.5637657e+02
   1.9200000e+02  -4.3630285e+03  -1.2780594e+04
   1.9300000e+02   2.1325161e+04  -1.0274190e+04
   1.9400000e+02   2.6850061e+04   1.5081062e+04
   1.9500000e+02   1.5479551e+04   1.6991465e+04
   1.9600000e+02   1.0114075e+04   2.6576379e+03
   1.9700000e+02  -8.2958104e+02  -1.6687080e+04
   1.9800000e+02  -9.8368362e+03  -2.1152546e+04
   1.9900000e+02  -2.0375073e+04   1.5486815e+04
   2.0000000e+02  -1.3980396e+04   3.1028276e+04
   2.0100000e+02   1.3433118e+04   8.6285482e+03
   2.0200000e+02   3.1516413e+04  -1.2936357e+04
   2.0300000e+02   2.4460475e+04  -1.3469295e+04
   2.0400000e+02  -7.1385232e+03   9.5650309e+03
   2.0500000e+02  -2.1220438e+04   2.0463828e+04
   2.0600000e+02  -1.9087807e+04   1.4150324e+04
   2.0700000e+02  -2.4146532e+04   6.6351920e+01
   2.0800000e+02  -2.2391138e+04  -7.9831466e+03
   2.0900000e+02  -1.6619950e+04   1.4689846e+03
   2.1000000e+02   1.6598811e+04   4.5231838e+03
   2.1100000e+02   5.0292482e+04   5.1062097e+03
   2.1200000e+02   2.5527908e+04  -6.2895882e+03
   2.1300000e+02  -1.7457679e+04  -1.9512449e+04
   2.1400000e+02  -2.7176435e+04  -4.3448743e+03
   2.1500000e+02   1.3342436e+03   2.3348939e+03
   2.1600000e+02   2.2248417e+04   1.3491763e+03
   2.1700000e+02   1.3894072e+04   3.3252891e+03
   2.1800000e+02   5.9628451e+03  -3.5146747e+03
   2.1900000e+02   1.5234600e+02  -4.6231303e+03
   2.2000000e+02   1.1167254e+04  -3.8089179e+03
   2.2100000e+02   1.7765659e+04   6.4939515e+03
   2.2200000e+02  -1.2061667e+03   1.3190412e+04
   2.2300000e+02  -2.3308079e+03   4.1722015e+02
   2.2400000e+02   5.2969912e+03  -7.2786518e+03
   2.2500000e+02   6.2086019e+03  -3.1392698e+03
   2.2600000e+02  -1.7674170e+03   1.0375508e+04
   2.2700000e+02  -2.1487101e+04  -2.6868166e+02
   2.2800000e+02  -2.7481401e+04  -2.9860441e+04
   2.2900000e+02  -2.1318073e+04  -2.5823424e+04
   2.3000000e+02  -2.4076316e+03   6.0040636e+02
   2.3100000e+02   1.3609246e+04   2.7552177e+04
   2.3200000e+02   1.1777109e+04   2.0466451e+04
   2.3300000e+02   8.0903355e+03  -2.1909471e+04
   2.3400000e+02  -4.6383493e+03  -3.7180184e+04
   2.3500000e+02   1.7744800e+01  -1.4201703e+04
   2.3600000e+02   2.3821191e+04   2.3740701e+04
   2.3700000e+02   2.7696338e+04   3.1562806e+04
   2.3800000e+02   1.4447942e+04  -1.8285649e+03
   2.3900000e+02  -1.0206955e+04  -2.9960032e+04
   2.4000000e+02  -1.9682819e+04  -2.8038897e+04
   2.4100000e+02  -1.5494857e+04   8.9634631e+03
   2.4200000e+02  -1.6471445e+04   2.7656341e+04
   2.4300000e+02  -3.3282165e+03   8.4395033e+03
   2.4400000e+02  -1.9141904e+03  -4.2145265e+03
   2.4500000e+02  -1.8517764e+04  -1.3428725e+04
   2.4600000e+02  -1.6790134e+04  -4.4827984e+03
   2.4700000e+02   7.2245103e+03   1.0771012e+04
   2.4800000e+02   1.8879561e+04   2.6319741e+03
   2.4900000e+02  -8.4893194e+03   6.7425471e+01
   2.5000000e+02  -2.6840019e+04   4.7064507e+03
   2.5100000e+02  -1.6825332e+04   9.3743505e+03
   2.5200000e+02   4.3673205e+03   4.0885034e+03
   2.5300000e+02   3.3013503e+04  -1.1452431e+04
   2.5400000e+02   2.4494970e+04  -1.9532156e+04
   2.5500000e+02  -1.0241285e+04  -2.0331744e+04
   2.5600000e+02  -2.6600656e+04   3.9172626e+03
   2.5700000e+02  -1.9678682e+04   1.8169571e+04
   2.5800000e+02   4.7966774e+03  -1.5270528e+03
   2.5900000e+02   1.5977731e+04  -9.7296568e+03
   2.6000000e+02   1.4559474e+04  -1.4271046e+04
   2.6100000e+02   1.1517175e+04  -1.1713910e+04
   2.6200000e+02   4.2800987e+03   9.9487493e+03
   2.6300000e+02   5.0000435e+02   2.3843092e+04
   2.6400000e+02  -2.0278973e+03   1.5573544e+04
   2.6500000e+02   8.0309486e+03  -8.9461830e+03
   2.6600000e+02   7.7755672e+03  -1.3333226e+04
   2.6700000e+02  -6.2407345e+03   1.2392300e+02
   2.6800000e+02   1.8987183e+03   1.5072997e+04
   2.6900000e+02   1.7396787e+03   2.6826210e+04
   2.7000000e+02  -1.8975552e+04   5.3029381e+03
   2.7100000e+02  -4.4356282e+04  -1.9964743e+04
   2.7200000e+02  -4.8335246e+04  -1.6388312e+04
   2.7300000e+02  -4.0285364e+03   9.4216124e+03
   2.7400000e+02   2.9481949e+04   3.2309661e+04
   2.7500000e+02   1.6596335e+04   1.1296762e+04
   2.7600000e+02  -5.0619459e+03  -1.2987628e+04
   2.7700000e+02   6.8244871e+03  -5.0802860e+03
   2.7800000e+02   3.7000977e+04   1.1883193e+04
   2.7900000e+02   2.4025293e+04   2.0155314e+04
   2.8000000e+02  -4.1391052e+03   6.2156505e+03
   2.8100000e+02  -8.2388601e+03  -1.2063369e+03
   2.8200000e+02   3.8882294e+03   5.0037706e+03
   2.8300000e+02   1.5956795e+04   8.2101174e+03
   2.8400000e+02  -9.8416345e+03   2.6245585e+02
   2.8500000e+02  -3.2973326e+04  -2.6005620e+04
   2.8600000e+02  -1.8271368e+04  -2.1173783e+04
   2.8700000e+02   7.7889855e+02   9.5233750e+03
   2.8800000e+02   1.7987577e+04   2.1081600e+04
   2.8900000e+02   2.0829039e+04   1.7386060e+04
   2.9000000e+02   1.4063623e+04  -2.8608240e+03
   2.9100000e+02   1.6743348e+04  -5.1289113e+03
   2.9200000e+02   3.2164087e+04   1.1402531e+04
   2.9300000e+02   3.7389451e+04   1.2799231e+04
   2.9400000e+02  -1.2327193e+03   1.0944521e+04
   2.9500000e+02  -2.8553977e+04  -2.6288982e+03
   2.9600000e+02  -1.1168002e+04  -2.1438011e+04
   2.9700000e+02   1.6705172e+04  -2.4278343e+04
   2.9800000e+02   3.6457417e+04  -6.6410395e+03
   2.9900000e+02   1.0642517e+04   9.3326395e+03
   3.0000000e+02  -4.6851901e+04  -9.9976100e+03
   3.0100000e+02  -7.9838893e+04  -2.7721087e+04
   3.0200000e+02  -5.4575010e+04  -3.0018348e+04
   3.0300000e+02   1.5299792e+04  -2.5569713e+04
   3.0400000e+02   4.8196894e+04  -8.7987117e+02
   3.0500000e+02   1.9496208e+04   4.5629924e+03
   3.0600000e+02  -3.5128041e+04  -1.1246734e+04
   3.0700000e+02  -6.6429688e+04  -1.6555596e+04
   3.0800000e+02  -3.7915313e+04  -6.7129496e+03
   3.0900000e+02   1.9070541e+04   9.1382238e+03
   3.1000000e+02   7.1989197e+04   1.0169484e+04
   3.1100000e+02   6.4286764e+04   1.0002363e+04
   3.1200000e+02  -1.0444755e+04   4.6886941e+03
   3.1300000e+02  -4.3485427e+04  -4.6718008e+03
   3.1400000e+02  -3.7444067e+03   7.0229133e+03
   3.1500000e+02   4.9242433e+04   2.3386218e+04
   3.1600000e+02   4.6447352e+04   3.2753701e+04
   3.1700000e+02  -5.8429787e+03   9.0408044e+03
   3.1800000e+02  -1.6109180e+04  -2.6138135e+04
   3.1900000e+02   1.5082186e+04  -1.3776391e+04
   3.2000000e+02   1.1757455e+04   8.5484064e+03
   3.2100000e+02  -4.5502941e+04   1.5289425e+04
   3.2200000e+02  -7.3003109e+04   8.1709726e+03
   3.2300000e+02  -1.4701714e+04  -1.0302084e+04
   3.2400000e+02   4.1967704e+04  -9.8489213e+03
   3.2500000e+02   3.6008350e+04  -1.4142004e+03
   3.2600000e+02  -1.1680965e+04  -1.2500061e+03
   3.2700000e+02  -3.6601328e+04  -1.3971760e+04
   3.2800000e+02   2.4099069e+03  -1.6992653e+04
   3.2900000e+02   2.8636142e+04   7.0858186e+03
   3.3000000e+02   6.8851300e+03   1.4312118e+04
   3.3100000e+02  -1.7612506e+04   7.3932510e+01
   3.3200000e+02  -1.4198599e+04  -1.7724592e+04
   3.3300000e+02   1.5723944e+04  -1.0990411e+04
   3.3400000e+02   2.4062272e+04   2.6945980e+04
   3.3500000e+02   9.6955951e+02   2.6122255e+04
   3.3600000e+02  -2.5677947e+04  -1.6639634e+03
   3.3700000e+02  -2.3611747e+04  -5.2117191e+03
   3.3800000e+02   9.9863832e+03   4.5540166e+03
   3.3900000e+02   2.1580598e+04   1.0690360e+04
   3.4000000e+02   8.4341320e+03  -2.4494779e+03
   3.4100000e+02  -1.9442088e+04  -1.3439237e+04
   3.4200000e+02  -4.1251914e+04  -5.5485032e+03
   3.4300000e+02  -1.1532240e+04   1.1976463e+04
   3.4400000e+02   2.7671886e+04   1.7667420e+04
   3.4500000e+02   3.3043833e+04  -5.9898483e+03
   3.4600000e+02  -6.2179470e+02  -1.5707183e+04
   3.4700000e+02  -4.2218401e+04  -8.3757087e+03
   3.4800000e+02  -2.6656981e+04   2.6216534e+03
   3.4900000e+02   1.8765687e+04   2.4671372e+04
   3.5000000e+02   3.3573214e+04   1.4022843e+04
   3.5100000e+02   9.1075864e+03  -1.0662167e+04
   3.5200000e+02  -1.1386815e+04  -1.0592703e+04
   3.5300000e+02   5.7604418e+03   1.9084942e+03
   3.5400000e+02   1.9823792e+04   1.7870767e+04
   3.5500000e+02   1.5819683e+04   1.1119578e+04
   3.5600000e+02  -1.0161726e+03  -7.7084300e+03
   3.5700000e+02  -1.3621133e+04  -9.7702032e+03
   3.5800000e+02  -9.4871362e+02   3.9462741e+03
   3.5900000e+02  -3.6765348e+03   1.2350921e+04
   3.6000000e+02  -1.0315903e+04  -7.6467419e+02
   3.6100000e+02   1.3686772e+03  -6.4597435e+03
   3.6200000e+02   2.4890488e+03  -1.1972645e+04
   3.6300000e+02  -2.2859522e+03  -1.6523634e+04
   3.6400000e+02  -5.5311126e+03   4.9034419e+03
   3.6500000e+02   6.0984716e+02   1.1438784e+04
   3.6600000e+02   2.1090584e+03   4.5479842e+02
   3.6700000e+02  -1.2165874e+04  -8.8533881e+03
   3.6800000e+02  -1.5710454e+04  -1.4298174e+04
   3.6900000e+02  -5.9234964e+03  -1.0526103e+03
   3.7000000e+02   1.8523976e+04   1.1694067e+04
   3.7100000e+02   2.7182848e+04   1.3512908e+04
   3.7200000e+02   8.7139950e+03  -6.8794480e+02
   3.7300000e+02   3.1299393e+03  -1.6097630e+04
   3.7400000e+02  -9.5166712e+03  -9.3045327e+03
   3.7500000e+02  -2.2806538e+04  -6.7356699e+03
   3.7600000e+02  -6.2656035e+03  -1.0067910e+04
   3.7700000e+02   2.1158828e+04  -1.2422890e+04
   3.7800000e+02   3.5999738e+04  -9.1235090e+02
   3.7900000e+02   1.3531797e+04   2.2162070e+04
   3.8000000e+02  -1.9568703e+04   8.5301763e+03
   3.8100000e+02  -2.0292998e+04  -1.2492871e+04
   3.8200000e+02   8.0842235e+03  -1.0035490e+04
   3.8300000e+02   2.5957646e+04   2.6000260e+02
   3.8400000e+02   7.2265500e+02   1.8204733e+04
   3.8500000e+02  -2.3391494e+04   1.6842172e+04
   3.8600000e+02  -2.3948538e+04  -2.5897708e+03
   3.8700000e+02  -7.8818652e+03  -1.7169883e+04
   3.8800000e+02   2.0806561e+04  -1.3491573e+04
   3.8900000e+02   1.1910717e+04   4.7386140e+03
   3.9000000e+02  -1.3887507e+04   9.1866806e+03
   3.9100000e+02  -1.2714212e+04   8.6283406e+03
   3.9200000e+02   1.4626152e+03  -1.8333801e+03
   3.9300000e+02   1.9346093e+04  -1.2990635e+04
   3.9400000e+02   1.5042789e+04  -2.0699410e+02
   3.9500000e+02  -1.3110953e+04   6.6634503e+03
   3.9600000e+02  -3.2668047e+04   1.3400092e+04
   3.9700000e+02  -8.0440497e+03   1.5722945e+04
   3.9800000e+02   4.0278641e+04   2.0293742e+03
   3.9900000e+02   3.5758766e+04   1.8549368e+03
   4.0000000e+02  -1.2064900e+03   7.9132520e+02
   4.0100000e+02  -2.2000329e+04  -6.7529516e+03
   4.0200000e+02  -1.5121172e+04  -8.4843647e+03
   4.0300000e+02   1.5229469e+04   1.3707680e+03
   4.0400000e+02   1.3093627e+04   1.0020925e+04
   4.0500000e+02  -1.1680486e+04  -6.9199200e+03
   4.0600000e+02  -2.1004262e+04  -1.2931614e+04
   4.0700000e+02  -1.7914930e+04  -9.5663820e+03
   4.0800000e+02   3.5439875e+03  -1.4705211e+04
   4.0900000e+02   1.3775766e+04  -9.3961668e+03
   4.1000000e+02  -1.5364028e+03  -9.7761472e+03
   4.1100000e+02  -2.1468840e+04   2.3299033e+03
   4.1200000e+02  -1.7612232e+04   1.6214601e+04
   4.1300000e+02   1.2643945e+04  -1.8974697e+03
   4.1400000e+02   2.0187499e+04  -1.2173578e+04
   4.1500000e+02   6.1684685e+03  -3.6132314e+03
   4.1600000e+02  -1.4255043e+04   8.5987267e+03
   4.1700000e+02  -2.2785463e+04   1.4405855e+04
   4.1800000e+02   6.4598151e+03   1.5389656e+04
   4.1900000e+02   1.9906613e+04   1.1601156e+04
   4.2000000e+02   6.2064414e+03  -1.0998141e+04
   4.2100000e+02  -8.1204122e+03  -1.3690007e+04
   4.2200000e+02  -2.6093171e+04   3.5264703e+03
   4.2300000e+02  -1.8289693e+04   1.0599879e+04
   4.2400000e+02   1.1095055e+04   1.4696134e+04
   4.2500000e+02   2.3105244e+04  -2.4178840e+01
   4.2600000e+02   5.3738804e+03  -1.2615873e+04
   4.2700000e+02  -1.0428493e+04  -5.5791850e+03
   4.2800000e+02  -4.7670187e+03   2.5791494e+03
   4.2900000e+02  -3.6884657e+03   1.1283739e+04
   4.3000000e+02   3.7488368e+03   9.3276454e+03
   4.3100000e+02   9.6074666e+03   9.3930575e+02
   4.3200000e+02  -1.1139321e+02  -8.7125140e+03
   4.3300000e+02  -2.5109781e+03  -4.5782315e+03
   4.3400000e+02  -6.5671897e+03   1.5109548e+04
   4.3500000e+02   4.6905950e+03   9.0917639e+03
   4.3600000e+02   2.2433471e+04  -9.1983874e+03
   4.3700000e+02   4.8146051e+03  -2.0833316e+04
   4.3800000e+02  -2.1713913e+04  -1.3557859e+04
   4.3900000e+02  -2.2785153e+04   1.3032932e+04
   4.4000000e+02   6.7879098e+03   7.5086830e+03
   4.4100000e+02   2.2013633e+04  -8.9825047e+03
   4.4200000e+02   1.1432776e+03  -7.8457563e+03
   4.4300000e+02  -1.4626318e+04  -3.0595151e+03
   4.4400000e+02  -1.1540204e+04   7.3365780e+03
   4.4500000e+02   1.5719884e+04   4.3260055e+03
   4.4600000e+02   2.6298808e+04   1.7722148e+03
   4.4700000e+02  -1.4340877e+02   1.1443046e+04
   4.4800000e+02  -8.4742188e+03   1.6167970e+04
   4.4900000e+02  -4.2912782e+03   7.9396071e+03
   4.5000000e+02   7.2435742e+03  -1.2172234e+04
   4.5100000e+02   2.3106476e+04  -4.3730992e+03
   4.5200000e+02   9.5220820e+03   1.2515214e+04
   4.5300000e+02  -1.2704075e+04   4.5727745e+03
   4.5400000e+02  -1.7431466e+04   1.4559054e+03
   4.5500000e+02  -6.4229913e+02   1.3815092e+03
   4.5600000e+02   1.4168148e+04   1.6702696e+03
   4.5700000e+02   7.1865454e+03  -8.2208995e+03
   4.5800000e+02  -1.1244381e+04  -2.2783269e+04
   4.5900000e+02  -2.4982311e+04  -7.0514286e+03
   4.6000000e+02   3.3123270e+03   9.2847539e+03
   4.6100000e+02   3.3746414e+04   6.4279001e+03
   4.6200000e+02   1.5103942e+04  -8.6307349e+03
   4.6300000e+02  -9.0290922e+03  -2.1900865e+04
   4.6400000e+02  -1.8727209e+04  -1.2830391e+04
   4.6500000e+02  -4.6161992e+03   3.2263932e+03
   4.6600000e+02   1.7388152e+04   1.8969796e+04
   4.6700000e+02   8.6223833e+03   1.0992875e+04
   4.6800000e+02  -9.4041427e+03  -1.1521036e+04
   4.6900000e+02  -1.8334808e+04  -3.9056403e+03
   4.7000000e+02  -1.1345651e+04   6.3874714e+03
   4.7100000e+02   4.9751349e+03   7.7751327e+03
   4.7200000e+02   1.3121963e+04   3.0552963e+03
   4.7300000e+02   3.9388746e+03  -1.1188434e+04
   4.7400000e+02  -1.9308325e+04  -1.0484215e+04
   4.7500000e+02  -8.7823705e+03   2.0800256e+02
   4.7600000e+02   2.0113327e+04   1.1562002e+04
   4.7700000e+02   1.8992103e+04   6.0162651e+03
   4.7800000e+02   4.9016249e+02  -1.3751069e+04
   4.7900000e+02  -2.0163803e+04  -1.6406298e+04
   4.8000000e+02  -9.1013742e+03  -3.7142367e+03
   4.8100000e+02   1.3901721e+04   1.5688998e+04
   4.8200000e+02   5.4189270e+03   6.0521349e+03
   4.8300000e+02  -5.1823476e+03  -1.7851507e+04
   4.8400000e+02  -9.5577734e+03  -5.8517288e+03
   4.8500000e+02  -3.6763617e+03   4.5945725e+03
   4.8600000e+02   7.6149068e+03   5.3498665e+03
   4.8700000e+02   5.1215038e+03   3.6736675e+03
   4.8800000e+02  -3.6112810e+02  -1.1437916e+04
   4.8900000e+02  -6.9374100e+03  -1.1123623e+04
   4.9000000e+02  -3.2004851e+03   4.4625148e+03
   4.9100000e+02  -1.3331231e+03   1.6035719e+04
   4.9200000e+02  -2.3350131e+03   5.8941638e+03
   4.9300000e+02   1.3879055e+04  -1.0178663e+04
   4.9400000e+02   6.5767195e+03  -7.8341540e+03
   4.9500000e+02  -1.4828510e+04  -5.6112712e+03
   4.9600000e+02  -1.7922627e+04   6.4640019e+03
   4.9700000e+02  -1.1564668e+04   9.5046489e+03
   4.9800000e+02   5.4379550e+03  -7.7815522e+03
   4.9900000e+02   6.8030493e+03  -2.0691905e+03
   5.0000000e+02  -9.2129503e+03   6.9503073e+03
   5.0100000e+02  -2.1105513e+04   4.5706605e+03
   5.0200000e+02  -1.5365440e+04   4.6883149e+03
   5.0300000e+02   8.1875673e+03   9.0063756e+03
   5.0400000e+02   6.0740045e+03   1.5301189e+04
   5.0500000e+02  -1.2960533e+04   7.4722858e+03
   5.0600000e+02  -1.1319441e+04   1.7358371e+03
   5.0700000e+02   1.4221736e+04   3.3266119e+03
   5.0800000e+02   3.1313836e+04   6.6352518e+03
   5.0900000e+02   2.2940029e+02   7.0490924e+03
   5.1000000e+02  -1.5256837e+04  -9.7971625e+03
   5.1100000e+02   1.2228300e+04  -7.9154883e+03
   5.1200000e+02   1.7544563e+04   5.6616311e+03
   5.1300000e+02   6.5844175e+03   2.3733540e+03
   5.1400000e+02   4.2968339e+03  -1.6934305e+03
   5.1500000e+02   7.1820911e+03  -8.3947265e+03
   5.1600000e+02   1.5674145e+03   3.3244780e+03
   5.1700000e+02  -9.4651190e+03   1.6085162e+04
   5.1800000e+02  -1.3219384e+04  -1.2465716e+03
   5.1900000e+02  -1.5523964e+04  -9.4338035e+03
   5.2000000e+02   3.6849027e+03   2.1598195e+03
   5.2100000e+02   1.5895653e+04   1.5246995e+04
   5.2200000e+02  -3.4754498e+03   7.6739181e+03
   5.2300000e+02  -5.6121238e+03  -1.0152724e+04
   5.2400000e+02   4.2235764e+03  -1.0427375e+04
   5.2500000e+02   1.3667674e+04  -8.3914967e+03
   5.2600000e+02   1.5850812e+04  -2.9878867e+03
   5.2700000e+02  -4.3441763e+03  -5.3723414e+03
   5.2800000e+02  -1.1563882e+04  -9.8226677e+03
   5.2900000e+02   5.3978260e+03   2.2608344e+03
   5.3000000e+02   2.1465068e+04  -2.7581300e+03
   5.3100000e+02   1.1674486e+04  -5.5783371e+03
   5.3200000e+02  -6.8713191e+03   2.3291391e+03
   5.3300000e+02  -6.6715970e+03  -3.2937618e+03
   5.3400000e+02  -7.4173600e+03  -1.1179686e+03
   5.3500000e+02  -1.8109549e+03   3.1301760e+03
   5.3600000e+02  -3.5738058e+02   3.8112940e+03
   5.3700000e+02  -1.1505093e+04   3.2862721e+03
   5.3800000e+02  -2.6771004e+03  -1.8721620e+02
   5.3900000e+02   4.9548024e+03  -8.4640169e+03
   5.4000000e+02   5.1703531e+03  -2.2681961e+04
   5.4100000e+02   2.5660798e+03  -8.9173096e+03
   5.4200000e+02  -8.5818534e+03   4.6589387e+03
   5.4300000e+02  -3.6746911e+03  -5.3972703e+03
   5.4400000e+02   5.4323421e+03   1.7132482e+03
   5.4500000e+02   5.1130861e+03   5.8989899e+03
   5.4600000e+02   2.6887850e+01  -2.5999601e+03
   5.4700000e+02   2.8967767e+03  -8.8366303e+03
   5.4800000e+02   1.1184189e+04  -3.4065288e+03
   5.4900000e+02  -2.8351543e+03   1.9311610e+04
   5.5000000e+02  -9.6525915e+03   2.1439406e+04
   5.5100000e+02  -7.5317486e+03   5.8078596e+03
   5.5200000e+02  -1.0404050e+04  -2.2023357e+03
   5.5300000e+02   4.8940927e+03   3.1709941e+03
   5.5400000e+02   5.5144095e+03   9.3969819e+03
   5.5500000e+02  -2.7126927e+03  -6.5152151e+03
   5.5600000e+02   3.9184963e+03  -7.0351601e+03
   5.5700000e+02   2.6497602e+03   5.8886676e+03
   5.5800000e+02  -1.7163273e+03   4.2135913e+02
   5.5900000e+02  -1.2247840e+04  -2.8515608e+03
   5.6000000e+02  -1.8179737e+04  -5.7939756e+03
   5.6100000e+02  -3.2991956e+03  -5.2525642e+03
   5.6200000e+02   1.4134292e+04  -5.1787117e+03
   5.6300000e+02   9.0086293e+03  -8.4498958e+03
   5.6400000e+02  -1.6507408e+04   1.9484070e+03
   5.6500000e+02  -1.3372273e+04   6.4163570e+03
   5.6600000e+02   6.0581053e+03   1.4775933e+03
   5.6700000e+02   1.1026290e+04  -6.6737364e+03
   5.6800000e+02   1.2794735e+04  -8.8515380e+02
   5.6900000e+02  -4.5999841e+03   1.9187095e+04
   5.7000000e+02  -9.7322096e+03   6.5809160e+03
   5.7100000e+02   5.4055907e+03  -1.5720485e+04
   5.7200000e+02   5.3275474e+03  -1.3941830e+04
   5.7300000e+02   1.3016183e+04   1.0506461e+04
   5.7400000e+02   1.5164969e+04   3.4515768e+04
   5.7500000e+02  -8.5166166e+03   8.2544304e+03
   5.7600000e+02  -2.6243962e+04  -2.3485895e+04
   5.7700000e+02  -7.0932192e+03  -1.5834054e+04
   5.7800000e+02   2.2285409e+04   3.4267515e+03
   5.7900000e+02   5.7406834e+03   1.9334444e+04
   5.8000000e+02  -1.7170332e+04   1.5018733e+04
   5.8100000e+02  -1.1044775e+04   9.3564900e+01
   5.8200000e+02   1.7205856e+03  -1.3296555e+04
   5.8300000e+02   1.2552553e+04  -1.4844864e+04
   5.8400000e+02  -2.4701296e+03   1.8417553e+03
   5.8500000e+02  -1.7495920e+04   1.0019245e+04
   5.8600000e+02  -5.9936209e+03   1.3329228e+04
   5.8700000e+02   7.3765524e+03  -1.6971857e+03
   5.8800000e+02   1.5583968e+04  -2.5193399e+04
   5.8900000e+02   7.4480427e+03  -1.0170230e+04
   5.9000000e+02  -4.2030508e+03   9.3819199e+03
   5.9100000e+02  -4.7445256e+03   8.9548475e+03
   5.9200000e+02   1.9901831e+03  -3.9731034e+03
   5.9300000e+02   9.2766303e+03  -1.4089647e+04
   5.9400000e+02  -4.1677482e+03   1.8643520e+03
   5.9500000e+02  -1.0705865e+04   1.5904022e+04
   5.9600000e+02   2.7774948e+03   9.3259103e+03
   5.9700000e+02   1.6723437e+04  -1.2092811e+04
   5.9800000e+02   2.0583861e+04  -1.6768308e+04
   5.9900000e+02  -1.0235085e+04   5.7938065e+03
   6.0000000e+02  -3.3344971e+04   8.4381119e+03
   6.0100000e+02  -1.5666840e+04   1.1243143e+03
   6.0200000e+02   1.0148786e+04  -4.5470276e+03
   6.0300000e+02   2.2549795e+04  -1.0070220e+04
   6.0400000e+02   1.7034662e+03  -3.4077275e+03
   6.0500000e+02  -2.0447816e+04  -7.7120467e+03
   6.0600000e+02  -1.3183835e+04  -2.1460059e+03
   6.0700000e+02   5.5570339e+03   1.1171666e+04
   6.0800000e+02   1.6751041e+04   5.3138824e+02
   6.0900000e+02   2.4315916e+03  -6.9719230e+03
   6.1000000e+02  -5.5025715e+03  -1.2908678e+03
   6.1100000e+02   4.0289910e+01   1.0464164e+04
   6.1200000e+02  -2.9991478e+03   8.8562291e+03
   6.1300000e+02   1.5049789e+03  -2.4485354e+03
   6.1400000e+02   1.2119637e+03  -3.6174393e+02
   6.1500000e+02   4.7908986e+02  -4.1774520e+02
   6.1600000e+02   5.5776739e+03   6.8095432e+03
   6.1700000e+02   1.9969939e+03   8.2479045e+03
   6.1800000e+02   2.4500799e+03  -2.7264484e+03
   6.1900000e+02   5.6397882e+02   5.4837629e+03
   6.2000000e+02  -1.7959953e+03   7.7034665e+03
   6.2100000e+02  -2.8747828e+02   1.2323228e+03
   6.2200000e+02   9.6630840e+02  -5.0859997e+03
   6.2300000e+02   2.3433108e+03  -9.2418232e+03
   6.2400000e+02  -5.6988214e+03   9.7886922e+03
   6.2500000e+02  -2.0381671e+03   1.7605363e+04
   6.2600000e+02   2.0211376e+03  -4.1126503e+02
   6.2700000e+02  -2.8176438e+03  -1.4947373e+04
   6.2800000e+02   9.7625654e+03  -7.6926856e+03
   6.2900000e+02   8.9803223e+03   6.5143794e+03
   6.3000000e+02   1.6763822e+03  -1.2556546e+03
   6.3100000e+02   1.0015130e+04  -4.8793803e+03
   6.3200000e+02   8.1357507e+03  -4.5528786e+03
   6.3300000e+02   1.2207368e+03  -8.4441374e+03
   6.3400000e+02   1.8609506e+03   1.6571643e+03
   6.3500000e+02   1.2800673e+04   1.7389320e+02
   6.3600000e+02   1.1602022e+04  -3.1406549e+03
   6.3700000e+02  -5.0470599e+03  -1.7228440e+01
   6.3800000e+02  -8.0965992e+03  -4.4821756e+03
   6.3900000e+02  -7.5079850e+03   8.9260712e+02
   6.4000000e+02  -5.4557002e+03   5.8746418e+03
   6.4100000e+02  -1.2305889e+04   1.7143998e+03
   6.4200000e+02  -2.1409661e+04  -7.9804647e+03
   6.4300000e+02  -5.7209973e+03  -7.5069166e+03
   6.4400000e+02   4.8636590e+02   5.9872744e+03
   6.4500000e+02   1.1317931e+03   5.5181995e+03
   6.4600000e+02   7.5441217e+03   3.5433434e+03
   6.4700000e+02  -1.7799812e+03  -7.4916865e+03
   6.4800000e+02  -7.8186326e+03  -1.4342758e+04
   6.4900000e+02  -4.6204070e+03   1.3129481e+04
   6.5000000e+02   8.0752559e+03   1.7569695e+04
   6.5100000e+02   1.7350506e+04  -6.7375502e+03
   6.5200000e+02   9.2531483e+03  -1.9096358e+04
   6.5300000e+02  -3.0358822e+03  -1.1680287e+04
   6.5400000e+02  -1.6190853e+04   9.8696539e+03
   6.5500000e+02  -4.7044309e+03   9.5792808e+03
   6.5600000e+02   1.1272000e+04  -8.8471792e+03
   6.5700000e+02  -3.3405015e+02  -1.7070644e+04
   6.5800000e+02  -8.0817877e+03  -3.8551309e+03
   6.5900000e+02  -1.6534422e+04   9.8907748e+03
   6.6000000e+02  -1.9794006e+04   1.8528161e+03
   6.6100000e+02  -3.4439750e+03   1.2425410e+04
   6.6200000e+02   8.9896299e+03   1.7498926e+04
   6.6300000e+02   7.5386784e+03  -8.8051594e+03
   6.6400000e+02  -8.5767510e+03  -1.3567515e+04
   6.6500000e+02  -1.4660139e+04  -3.8340421e+03
   6.6600000e+02  -7.3049780e+03   8.8195679e+03
   6.6700000e+02   2.7217915e+02   1.4549956e+04
   6.6800000e+02   9.2028002e+03  -2.8369035e+03
   6.6900000e+02   3.7339564e+03  -1.4778253e+04
   6.7000000e+02   5.4828125e+03  -1.1344127e+04
   6.7100000e+02   1.3594615e+04   8.6152139e+03
   6.7200000e+02   7.2757551e+03   2.1213640e+04
   6.7300000e+02   5.0703178e+03   6.1347865e+03
   6.7400000e+02  -2.9376619e+03  -1.3068374e+04
   6.7500000e+02  -5.1627356e+03  -1.5857782e+04
   6.7600000e+02   3.7844311e+03   1.1880523e+04
   6.7700000e+02  -3.0579100e+03   2.6998933e+04
   6.7800000e+02  -8.8520275e+03   8.6767889e+03
   6.7900000e+02   1.4144800e+02  -6.5722738e+03
   6.8000000e+02   1.4805883e+04  -1.4128496e+04
   6.8100000e+02   9.1039441e+03   2.9048430e+03
   6.8200000e+02  -1.1645403e+04   1.6592060e+04
   6.8300000e+02  -1.3690090e+04  -1.4030050e+02
   6.8400000e+02  -5.5805721e+03  -4.7466240e+03
   6.8500000e+02   9.2223444e+03  -7.2946060e+02
   6.8600000e+02   1.4726198e+04  -1.2150617e+02
   6.8700000e+02   8.1562006e+03  -5.3898253e+03
   6.8800000e+02   1.0635434e+04  -1.0277292e+04
   6.8900000e+02   2.1498453e+03  -1.3101920e+03
   6.9000000e+02  -3.2885278e+03   5.0072404e+03
   6.9100000e+02  -2.3189800e+03   1.4902939e+04
   6.9200000e+02  -6.3228250e+03   9.7533939e+03
   6.9300000e+02   9.3944714e+03  -7.9984932e+03
   6.9400000e+02   1.5883825e+04  -3.0924374e+03
   6.9500000e+02  -4.7236263e+03  -2.5394452e+03
   6.9600000e+02  -2.2655753e+04   2.5819083e+03
   6.9700000e+02  -1.1363203e+04   1.1153078e+04
   6.9800000e+02   1.7106827e+04  -2.1559647e+03
   6.9900000e+02   1.3633642e+04  -9.6153558e+03
   7.0000000e+02  -3.2487653e+03  -9.2148127e+03
   7.0100000e+02  -5.6259891e+03   5.9578110e+02
   7.0200000e+02   5.4490060e+03   8.0275756e+03
   7.0300000e+02   1.9918408e+04  -4.6955797e+03
   7.0400000e+02  -2.6022194e+03  -1.5003873e+04
   7.0500000e+02  -2.3961639e+04  -1.4368621e+04
   7.0600000e+02  -3.8675048e+03   3.1274798e+03
   7.0700000e+02   1.9491668e+04   9.9283780e+03
   7.0800000e+02   2.0329679e+04   1.1066234e+03
   7.0900000e+02  -7.9667492e+03   5.9025325e+03
   7.1000000e+02  -3.0757761e+04  -6.7985609e+03
   7.1100000e+02  -2.3085247e+04  -1.6733911e+04
   7.1200000e+02   1.9255121e+03   4.7080781e+03
   7.1300000e+02   1.9513748e+04   1.5732943e+04
   7.1400000e+02   4.7947102e+03   1.6764893e+03
   7.1500000e+02  -5.4102876e+03  -1.7997645e+04
   7.1600000e+02  -4.3790596e+03  -1.3608493e+04
   7.1700000e+02  -5.6984011e+03   1.4900652e+02
   7.1800000e+02   1.0902575e+04   2.4051902e+03
   7.1900000e+02   1.4449141e+04  -6.7354957e+02
   7.2000000e+02   6.5589215e+03  -1.1367554e+04
   7.2100000e+02   3.6566090e+03  -3.3668529e+03
   7.2200000e+02  -5.7043941e+03   8.1951160e+03
   7.2300000e+02  -5.3429810e+02   8.9312463e+03
   7.2400000e+02   8.3874696e+03   1.6150397e+04
   7.2500000e+02   4.6759159e+03  -7.9288797e+02
   7.2600000e+02  -7.8220255e+03  -1.1831691e+04
   7.2700000e+02  -1.6166707e+04   7.4583360e+03
   7.2800000e+02  -8.4687578e+03   1.3595982e+04
   7.2900000e+02  -5.4657205e+03   4.1620493e+03
   7.3000000e+02  -1.2069151e+03  -1.0599468e+04
   7.3100000e+02  -2.9301062e+03  -9.8672710e+03
   7.3200000e+02  -1.7878708e+04   5.1957686e+03
   7.3300000e+02  -1.6933720e+04   7.5311699e+03
   7.3400000e+02  -1.0566767e+04  -6.0731366e+03
   7.3500000e+02   5.3517258e+03  -2.2595833e+04
   7.3600000e+02   2.0648456e+04  -7.7338484e+03
   7.3700000e+02   4.2660423e+03   1.4027777e+04
   7.3800000e+02  -1.3568346e+04   1.3526982e+04
   7.3900000e+02  -8.7536111e+03   1.2479085e+04
   7.4000000e+02   1.3631765e+04  -6.7528449e+02
   7.4100000e+02   2.0677555e+04  -7.2587588e+03
   7.4200000e+02   2.8220115e+03   5.2933965e+03
   7.4300000e+02  -5.7843048e+03   8.5170036e+03
   7.4400000e+02  -5.3175934e+03   2.0231405e+03
   7.4500000e+02   4.6745434e+03  -9.3378213e+03
   7.4600000e+02   9.9432972e+03  -6.3328640e+03
   7.4700000e+02   6.3002550e+02   7.4063733e+03
   7.4800000e+02  -3.3929699e+03   9.1566056e+03
   7.4900000e+02  -1.1604169e+04  -4.5002316e+03
   7.5000000e+02  -6.7312184e+03  -1.9350959e+04
   7.5100000e+02   8.5474257e+03  -1.6424108e+03
   7.5200000e+02   2.6507427e+03   1.2800496e+04
   7.5300000e+02  -6.5307659e+03   2.3273149e+03
   7.5400000e+02  -8.2570198e+03   3.1654428e+03
   7.5500000e+02  -1.6688677e+03   6.8579850e+02
   7.5600000e+02   2.1244787e+03   3.6837470e+03
   7.5700000e+02  -3.1802900e+00   1.0948849e+04
   7.5800000e+02  -1.9311786e+03   2.1478243e+03
   7.5900000e+02  -1.0766616e+04   3.0408765e+03
   7.6000000e+02   4.8132698e+03   6.1459950e+03
   7.6100000e+02   2.4220452e+04   3.7975775e+02
   7.6200000e+02   1.2201308e+04  -4.8251713e+03
   7.6300000e+02   5.1707670e+02  -7.8912481e+02
   7.6400000e+02  -9.0256517e+03   2.6492348e+03
   7.6500000e+02  -3.3849218e+03  -7.4305871e+03
   7.6600000e+02   1.6925617e+04  -7.5977580e+02
   7.6700000e+02   1.7954556e+04   1.6258203e+03
   7.6800000e+02   5.8289092e+03  -1.0244506e+04
   7.6900000e+02  -8.9147588e+03  -1.6732293e+03
   7.7000000e+02  -9.6779562e+03  -1.9967370e+02
   7.7100000e+02  -3.8767513e+03  -4.4449750e+02
   7.7200000e+02  -8.7717949e+02   5.5519758e+03
   7.7300000e+02   5.5361749e+03  -7.7526260e+02
   7.7400000e+02  -5.8297583e+03  -2.0187843e+03
   7.7500000e+02  -1.0677092e+04  -3.1833273e+03
   7.7600000e+02  -6.0253497e+02  -3.0283242e+03
   7.7700000e+02   2.5399062e+03   6.0040500e+01
   7.7800000e+02   7.4867974e+03   1.4465400e+03
   7.7900000e+02   1.8182594e+03   8.6264200e+01
   7.8000000e+02  -1.3342705e+03  -8.8425793e+03
   7.8100000e+02   2.8693006e+03   2.2991614e+03
   7.8200000e+02   3.6236676e+03   5.2314836e+03
   7.8300000e+02   1.2504578e+04  -1.4732933e+04
   7.8400000e+02   6.7849559e+03  -7.7457309e+03
   7.8500000e+02  -3.0532383e+03   2.8562198e+03
   7.8600000e+02  -7.6817143e+02  -9.8775504e+02
   7.8700000e+02  -1.1344083e+03  -8.6477553e+03
   7.8800000e+02  -1.7177447e+03  -1.1463408e+04
   7.8900000e+02  -6.9861461e+03   2.6619634e+03
   7.9000000e+02  -2.5454487e+03   3.7601421e+03
   7.9100000e+02   4.9729626e+02  -1.1594129e+03
   7.9200000e+02  -7.0279969e+03   6.7665876e+03
   7.9300000e+02  -5.7534704e+02   1.2282219e+04
   7.9400000e+02  -4.4960675e+03   5.0232163e+03
   7.9500000e+02  -1.2193965e+04  -7.9080087e+03
   7.9600000e+02  -5.9162351e+03   6.3311013e+03
   7.9700000e+02  -3.2309369e+02   1.3252764e+04
   7.9800000e+02   7.3927083e+03  -9.8230792e+03
   7.9900000e+02   3.2549236e+03  -1.0833280e+04
   8.0000000e+02  -3.1983383e+03   2.2811893e+03
   8.0100000e+02  -1.1972354e+03   1.0146855e+04
   8.0200000e+02   1.6359429e+03   3.5977545e+03
   8.0300000e+02   7.3207672e+03  -1.2798254e+04
   8.0400000e+02   2.7141321e+03  -2.7192781e+03
   8.0500000e+02   5.9704606e+02   1.9009845e+04
   8.0600000e+02  -3.0791880e+03   1.9394796e+04
   8.0700000e+02  -8.9166146e+03  -9.7742591e+03
   8.0800000e+02   4.5049220e+03  -2.4365466e+04
   8.0900000e+02   3.1435922e+03   1.5948410e+03
   8.1000000e+02  -6.3133976e+03   1.4328960e+04
   8.1100000e+02  -1.5033179e+03   7.0915705e+03
   8.1200000e+02   3.3600605e+03  -8.8489969e+03
   8.1300000e+02   1.1065794e+04  -2.0092377e+04
   8.1400000e+02   5.5160825e+03  -3.9988905e+03
   8.1500000e+02  -7.0314241e+03   8.2846397e+03
   8.1600000e+02  -1.1591363e+04   1.2768677e+04
   8.1700000e+02  -1.0332089e+04   3.5100262e+03
   8.1800000e+02   3.0817780e+02  -1.6115296e+04
   8.1900000e+02   8.3786794e+03  -2.2028892e+03
   8.2000000e+02   1.6078045e+04   2.1469668e+04
   8.2100000e+02   4.3212140e+03   2.1485108e+04
   8.2200000e+02  -2.0166043e+04  -1.9526149e+03
   8.2300000e+02  -1.3406164e+04  -1.7928634e+04
   8.2400000e+02   8.6586850e+02  -4.1884008e+03
   8.2500000e+02   8.1491473e+03   4.2237052e+03
   8.2600000e+02   1.9415511e+02   5.8828520e+03
   8.2700000e+02  -2.2043654e+04  -2.7610406e+03
   8.2800000e+02  -1.2444507e+04  -1.4345738e+04
   8.2900000e+02   1.4083770e+04   7.6311559e+02
   8.3000000e+02   2.1104453e+04   3.4086797e+03
   8.3100000e+02   1.7329416e+03  -8.9120693e+03
   8.3200000e+02  -1.1237170e+04  -1.1307119e+04
   8.3300000e+02   1.0229136e+04  -5.7467871e+03
   8.3400000e+02   2.1581912e+04   8.1712869e+03
   8.3500000e+02   1.4506428e+04   6.3501886e+03
   8.3600000e+02  -2.3803051e+03  -6.7435776e+02
   8.3700000e+02  -1.9181155e+04   1.2360757e+03
   8.3800000e+02  -3.4663873e+03   5.2976351e+03
   8.3900000e+02   8.3485661e+03   1.0288633e+04
   8.4000000e+02  -1.0893081e+02   3.7470584e+03
   8.4100000e+02  -1.1650177e+04   4.0249895e+03
   8.4200000e+02  -2.5398676e+04   2.3105466e+03
   8.4300000e+02  -2.0930776e+04  -7.2293185e+03
   8.4400000e+02  -2.2380518e+03   3.6573784e+03
   8.4500000e+02   1.8242811e+04   9.5291317e+03
   8.4600000e+02   1.9835147e+04   3.3465360e+03
   8.4700000e+02  -4.1407147e+02  -1.1508210e+04
   8.4800000e+02  -1.2290092e+04  -2.7314754e+04
   8.4900000e+02  -1.0726136e+04  -7.5660449e+03
   8.5000000e+02   1.4039307e+04   1.9013321e+04
   8.5100000e+02   2.9979155e+04   1.2123909e+04
   8.5200000e+02   1.1298036e+04  -1.6637549e+04
   8.5300000e+02  -1.5596660e+03  -2.0748760e+04
   8.5400000e+02  -6.8664838e+03   7.1954667e+03
   8.5500000e+02  -2.5190439e+03   1.8342699e+04
   8.5600000e+02   3.9596984e+03   1.4838052e+04
   8.5700000e+02  -4.4070575e+03   1.0319896e+03
   8.5800000e+02  -1.9661934e+03  -1.2575860e+04
   8.5900000e+02   9.4893122e+02  -3.2725206e+03
   8.6000000e+02  -7.0024217e+03   7.8650050e+02
   8.6100000e+02  -1.5082681e+04   7.7154221e+03
   8.6200000e+02  -8.3884745e+03   1.0005657e+04
   8.6300000e+02   1.0849172e+04  -1.4466049e+04
   8.6400000e+02   5.3285145e+03  -2.3545344e+04
   8.6500000e+02  -7.6480748e+02  -3.0890432e+03
   8.6600000e+02   8.3110652e+03   2.1170248e+04
   8.6700000e+02   9.9013329e+03   1.1704291e+04
   8.6800000e+02   1.1469835e+04  -1.5799074e+04
   8.6900000e+02   2.8271030e+03  -1.5164364e+04
   8.7000000e+02   2.4567348e+03   1.1640527e+03
   8.7100000e+02   1.1730737e+04   2.4278098e+04
   8.7200000e+02  -3.0482449e+03   2.3449923e+04
   8.7300000e+02  -1.5368317e+04  -6.6191172e+03
   8.7400000e+02  -7.7857018e+03  -1.5971271e+04
   8.7500000e+02   6.4812552e+03  -7.7299021e+03
   8.7600000e+02   9.9530089e+03   1.2297813e+04
   8.7700000e+02   3.6110822e+03   1.8409442e+04
   8.7800000e+02  -1.6152287e+03  -6.8203969e+03
   8.7900000e+02  -1.3816603e+04  -1.7753025e+04
   8.8000000e+02  -8.2051245e+03  -9.0961628e+03
   8.8100000e+02   6.1948582e+03   5.8962995e+03
   8.8200000e+02   5.2182721e+03   1.0459376e+04
   8.8300000e+02   6.4821189e+03  -7.9061717e+02
   8.8400000e+02  -3.8370623e+03  -8.5334049e+03
   8.8500000e+02  -9.2460694e+03  -8.3814260e+03
   8.8600000e+02   3.7482840e+03   1.1812628e+04
   8.8700000e+02   3.8806928e+03   1.3304342e+04
   8.8800000e+02  -4.6433642e+03  -1.5685274e+04
   8.8900000e+02  -8.9052882e+03  -1.9403660e+04
   8.9000000e+02   1.7551234e+03  -1.0531212e+04
   8.9100000e+02   1.2563681e+04   3.1130171e+03
   8.9200000e+02   4.7252850e+03   1.8256529e+04
   8.9300000e+02  -1.3453766e+04   4.0483512e+03
   8.9400000e+02  -2.9596650e+04  -2.0819072e+04
   8.9500000e+02  -1.0078399e+04  -2.1554264e+04
   8.9600000e+02   1.3463594e+04   1.0159899e+04
   8.9700000e+02   7.0481600e+02   2.8404243e+04
   8.9800000e+02  -1.2068497e+04   1.2747439e+04
   8.9900000e+02  -1.6046892e+04  -3.5285309e+03
   9.0000000e+02  -2.7201253e+03  -6.3267888e+03
   9.0100000e+02   1.5308317e+04   1.0158311e+04
   9.0200000e+02   3.1536095e+03   7.4732817e+03
   9.0300000e+02  -1.2083784e+04  -8.2337986e+03
   9.0400000e+02  -4.3864304e+03   5.8335593e+03
   9.0500000e+02   2.0170079e+04   9.8489450e+02
   9.0600000e+02   2.3174528e+04  -1.7505121e+04
   9.0700000e+02  -2.0218666e+03  -9.4751691e+03
   9.0800000e+02  -1.4287766e+04   2.4461054e+03
   9.0900000e+02  -1.0821432e+04   3.4663028e+03
   9.1000000e+02   5.5543126e+03  -6.3781195e+03
   9.1100000e+02   7.4292877e+03  -8.6467948e+03
   9.1200000e+02  -1.1058694e+04  -5.9617242e+03
   9.1300000e+02  -5.9023940e+03  -1.0644687e+03
   9.1400000e+02   3.0458907e+03   9.1534598e+03
   9.1500000e+02   1.8970082e+03   3.3049984e+03
   9.1600000e+02  -1.1734773e+03   4.2779258e+03
   9.1700000e+02  -6.8665074e+03   1.0355909e+04
   9.1800000e+02   3.9497210e+03   5.4999311e+03
   9.1900000e+02   1.6753257e+04   4.3743205e+03
   9.2000000e+02   1.3475620e+04  -4.5671033e+03
   9.2100000e+02  -4.7524066e+03  -1.2019990e+03
   9.2200000e+02  -1.6179824e+04   8.6462396e+03
   9.2300000e+02  -7.0248446e+03  -7.9002494e+02
   9.2400000e+02   2.0710330e+03  -2.4923976e+03
   9.2500000e+02   1.6132127e+04   2.9754461e+03
   9.2600000e+02   9.9735131e+03   2.8465256e+03
   9.2700000e+02  -1.6720722e+04  -9.8147092e+03
   9.2800000e+02  -1.1488331e+04  -1.4556308e+04
   9.2900000e+02   1.0487178e+03   7.0118186e+03
   9.3000000e+02   6.2194864e+03   2.0132362e+04
   9.3100000e+02   7.8095353e+03   1.8154754e+04
   9.3200000e+02  -2.1207750e+03  -7.3523620e+03
   9.3300000e+02   4.7211390e+03  -3.0203054e+04
   9.3400000e+02   1.9500210e+04  -3.0622171e+03
   9.3500000e+02   2.0149723e+04   2.2696995e+04
   9.3600000e+02   4.5872184e+03   1.9762844e+04
   9.3700000e+02  -1.0185393e+04  -1.2294600e+03
   9.3800000e+02  -6.7306696e+03  -2.3165698e+04
   9.3900000e+02   6.9794321e+02  -9.4148618e+03
   9.4000000e+02   1.4121472e+04   1.1082492e+04
   9.4100000e+02   8.1867096e+03   8.5595021e+03
   9.4200000e+02  -1.5811189e+04  -9.5242871e+03
   9.4300000e+02  -1.0296558e+04  -1.3356178e+04
   9.4400000e+02  -6.3792300e+02   8.3104909e+03
   9.4500000e+02   3.2134309e+03   1.0421380e+04
   9.4600000e+02   3.8049074e+03  -4.0317588e+03
   9.4700000e+02  -8.9863360e+03  -1.2454336e+04
   9.4800000e+02  -3.3498738e+03  -1.2489799e+03
   9.4900000e+02   1.0602781e+04   2.2033688e+04
   9.5000000e+02   8.4742951e+03   5.8107440e+03
   9.5100000e+02  -4.2862611e+03  -1.6851685e+04
   9.5200000e+02  -9.7184717e+03  -7.0791857e+03
   9.5300000e+02  -3.6392190e+03   6.7119852e+03
   9.5400000e+02  -4.1549899e+03   1.0609237e+04
   9.5500000e+02   6.2124676e+03  -1.6836035e+03
   9.5600000e+02   1.1001016e+04  -7.6788627e+03
   9.5700000e+02  -5.0752038e+03  -2.5757425e+03
   9.5800000e+02  -6.4674219e+03   9.9512960e+02
   9.5900000e+02  -4.9873488e+03   3.2471979e+03
   9.6000000e+02  -4.5152200e+01  -5.8659210e+03
   9.6100000e+02   1.1496648e+04  -5.9751314e+03
   9.6200000e+02   1.0865837e+04  -7.6630250e+03
   9.6300000e+02   3.7719458e+03  -1.8513299e+04
   9.6400000e+02  -1.0396303e+04  -1.2225328e+04
   9.6500000e+02  -1.0476251e+04  -6.7040623e+03
   9.6600000e+02  -7.1794705e+02   2.4230422e+03
   9.6700000e+02  -1.6850632e+03   5.6044447e+03
   9.6800000e+02  -2.5569266e+03  -9.1955689e+03
   9.6900000e+02  -1.0708291e+04  -7.6333305e+03
   9.7000000e+02  -9.2982483e+03   2.7807216e+03
   9.7100000e+02  -2.1720680e+02   1.4546010e+04
   9.7200000e+02  -3.3907927e+03   1.8611410e+04
   9.7300000e+02  -6.5339184e+03   7.3912893e+03
   9.7400000e+02  -1.2876566e+04   6.1470071e+02
   9.7500000e+02  -3.8193285e+03  -2.7145544e+03
   9.7600000e+02   9.7230171e+03   6.3115612e+03
   9.7700000e+02   2.3046984e+03   8.7527959e+03
   9.7800000e+02  -9.4053280e+02  -6.1326267e+03
   9.7900000e+02  -3.3620036e+03  -9.1741776e+03
   9.8000000e+02   4.3918100e+01  -4.3703628e+03
   9.8100000e+02   9.9970987e+03   1.2435782e+04
   9.8200000e+02   7.7586804e+03   1.4053651e+04
   9.8300000e+02  -3.9400779e+01  -1.3714818e+04
   9.8400000e+02  -1.1211478e+04  -1.9625195e+04
   9.8500000e+02  -5.1979570e+03  -2.7720434e+03
   9.8600000e+02   7.3927556e+03   1.8638675e+04
   9.8700000e+02   5.1002642e+03   2.3439919e+04
   9.8800000e+02   1.9837570e+03   4.0135687e+03
   9.8900000e+02  -9.1829286e+03  -1.2537256e+04
   9.9000000e+02  -7.4621930e+03  -1.6483814e+04
   9.9100000e+02   5.0896586e+03   3.7784789e+03
   9.9200000e+02   3.3642326e+03   1.7929600e+04
   9.9300000e+02   8.5659829e+03   1.0094502e+04
   9.9400000e+02   1.1201046e+04   5.4457927e+03
   9.9500000e+02   4.6955956e+03  -1.0199786e+04
   9.9600000e+02  -2.2752587e+03  -9.2266474e+03
   9.9700000e+02  -2.1897310e+03   1.0846445e+04
   9.9800000e+02   9.7540569e+03   4.0815638e+03
   9.9900000e+02   6.9254880e+03  -1.1318974e+04
   1.0000000e+03  -1.7395184e+03  -1.0995651e+04
   1.0010000e+03  -1.0964023e+04   4.8049884e+03
   1.0020000e+03  -1.5082679e+04   8.9138176e+03
   1.0030000e+03   6.6391839e+03  -4.3259883e+03
   1.0040000e+03   1.0809018e+04  -1.0629780e+04
   1.0050000e+03  -7.9125560e+03  -8.0123386e+03
   1.0060000e+03  -1.8338532e+04   1.3269575e+04
   1.0070000e+03  -1.1850996e+04   1.7529074e+04
   1.0080000e+03   1.1353959e+04  -4.1847173e+03
   1.0090000e+03   1.2739941e+04  -4.8898392e+03
   1.0100000e+03  -1.6182696e+03  -5.4875523e+03
   1.0110000e+03  -2.3909631e+03  -7.5264165e+03
   1.0120000e+03   6.9077430e+03  -4.6565890e+02
   1.0130000e+03   1.7226694e+04   2.7258800e+01
   1.0140000e+03   1.0435643e+04  -1.2708799e+03
   1.0150000e+03   3.1613150e+03  -8.5723395e+03
   1.0160000e+03  -3.3021374e+03  -2.5096969e+03
   1.0170000e+03  -9.1707773e+03   1.3025962e+04
   1.0180000e+03   8.4481157e+03   1.0167141e+04
   1.0190000e+03   1.5134335e+04  -3.9764093e+03
   1.0200000e+03   2.8297265e+03  -1.2315171e+04
   1.0210000e+03  -1.0380659e+04   8.3445627e+03
   1.0220000e+03  -1.7522448e+04   1.9647119e+04
   1.0230000e+03  -1.0427932e+03  -2.1716801e+03
   1.0240000e+03   1.2434856e+04  -1.2794416e+04
   1.0250000e+03   5.8584665e+03  -1.1554037e+04
   1.0260000e+03  -1.0056153e+04   2.3074359e+03
   1.0270000e+03  -1.4608297e+04   1.4047192e+04
   1.0280000e+03   3.0318837e+03   2.1139434e+03
   1.0290000e+03   1.0990714e+04  -7.0979415e+03
   1.0300000e+03   7.9639436e+03  -7.4936959e+03
   1.0310000e+03  -2.0403377e+03  -1.1898216e+03
   1.0320000e+03  -6.8256095e+03  -1.0203897e+03
   1.0330000e+03   9.5677344e+03  -3.3827726e+03
   1.0340000e+03   6.7350990e+03   7.4750357e+03
   1.0350000e+03  -8.4120745e+03   7.3752137e+03
   1.0360000e+03  -1.6467537e+04   4.3711130e+02
   1.0370000e+03  -2.1377839e+04  -1.3149007e+04
   1.0380000e+03  -5.1451302e+03  -2.2114264e+04
   1.0390000e+03   1.0586498e+04  -4.2600500e+01
   1.0400000e+03   9.6662141e+03   1.3608450e+04
   1.0410000e+03  -6.4734184e+03   7.5478752e+03
   1.0420000e+03  -1.9423597e+04  -1.0030334e+03
   1.0430000e+03  -4.2053848e+03  -3.8620535e+03
   1.0440000e+03   1.1413101e+04   2.4407447e+03
   1.0450000e+03   1.9002428e+04  -2.7845426e+03
   1.0460000e+03   1.2000160e+04  -8.4660062e+03
   1.0470000e+03  -5.2122579e+03  -7.6535056e+03
   1.0480000e+03  -2.1248927e+03   4.5300773e+03
   1.0490000e+03   5.0065320e+01   1.9003536e+04
   1.0500000e+03   5.9375683e+03   2.4135553e+03
   1.0510000e+03   1.4748999e+04  -9.3713788e+03
   1.0520000e+03   1.2333036e+03  -1.0922464e+04
   1.0530000e+03  -1.1736437e+04  -1.1993982e+04
   1.0540000e+03  -1.5545037e+04   1.1034541e+04
   1.0550000e+03  -3.1256282e+03   2.1007219e+04
   1.0560000e+03   9.9565610e+03   1.2429306e+04
   1.0570000e+03  -3.6079046e+03  -1.3707299e+03
   1.0580000e+03  -1.5261306e+04  -1.4566137e+04
   1.0590000e+03  -5.2801601e+03  -2.2753247e+03
   1.0600000e+03   1.4427694e+04   7.0328124e+03
   1.0610000e+03   4.7664926e+03   1.3231177e+03
   1.0620000e+03  -2.1474109e+04  -5.4753342e+03
   1.0630000e+03  -1.3453069e+04  -5.9627161e+03
   1.0640000e+03   1.7506499e+03   1.3481665e+03
   1.0650000e+03   1.3920138e+04   1.1552810e+03
   1.0660000e+03   2.2019882e+04   5.1437067e+03
   1.0670000e+03   6.8419592e+03  -5.9089456e+03
   1.0680000e+03  -7.6500246e+03  -2.2880941e+04
   1.0690000e+03  -1.1564651e+04   2.7392538e+03
   1.0700000e+03  -1.0255469e+03   2.7512970e+04
   1.0710000e+03   1.0626039e+04   1.8791821e+04
   1.0720000e+03   4.6067136e+03  -8.0232851e+03
   1.0730000e+03  -7.2098088e+03  -2.1564494e+04
   1.0740000e+03  -1.8716521e+04  -1.1028462e+03
   1.0750000e+03  -1.0894054e+04   1.3992296e+04
   1.0760000e+03   6.5290550e+02   1.3685384e+04
   1.0770000e+03  -4.7899293e+02   1.5840996e+03
   1.0780000e+03   1.9582488e+03  -9.4938850e+03
   1.0790000e+03  -5.7370708e+03  -2.3249980e+02
   1.0800000e+03   3.1432019e+02   2.2246233e+03
   1.0810000e+03   1.9350568e+04   1.8397971e+03
   1.0820000e+03   1.0753391e+04  -6.5366637e+03
   1.0830000e+03  -5.3607193e+03  -1.4031532e+04
   1.0840000e+03  -1.0746141e+04   8.7595350e+03
   1.0850000e+03   5.4137550e+02   1.1374153e+04
   1.0860000e+03   1.5358202e+04  -6.1772010e+03
   1.0870000e+03   1.6031854e+04  -8.3129484e+03
   1.0880000e+03   6.4941534e+03  -2.2399248e+03
   1.0890000e+03  -1.7186604e+04   9.3685591e+03
   1.0900000e+03  -2.4367599e+04   7.8339573e+03
   1.0910000e+03  -6.1258813e+03  -4.5858893e+02
   1.0920000e+03   1.3443366e+04  -5.3889499e+03
   1.0930000e+03   1.7743621e+04  -1.8674727e+03
   1.0940000e+03  -6.2589133e+03   1.0499865e+04
   1.0950000e+03  -1.3220941e+04   2.4889402e+03
   1.0960000e+03   1.0457890e+03  -4.3421427e+03
   1.0970000e+03   3.2310620e+03  -2.2451741e+03
   1.0980000e+03   7.3304687e+03  -2.2868137e+03
   1.0990000e+03   1.6015322e+03   3.3701336e+03
   1.1000000e+03  -6.4686018e+03  -1.0208147e+04
   1.1010000e+03   2.4524111e+03  -1.5402317e+04
   1.1020000e+03   1.6927379e+04   3.4807069e+03
   1.1030000e+03   1.6025366e+04   1.1509751e+04
   1.1040000e+03  -1.2485449e+04   1.0019615e+04
   1.1050000e+03  -1.9977383e+04  -2.1941115e+03
   1.1060000e+03   3.1805478e+03  -7.0012037e+03
   1.1070000e+03   2.2507095e+04   3.3930801e+03
   1.1080000e+03   2.3421616e+04   1.0802526e+04
   1.1090000e+03  -9.5747102e+03   1.0866258e+04
   1.1100000e+03  -2.2434074e+04  -1.2204901e+03
   1.1110000e+03   3.2020219e+03  -4.9355756e+03
   1.1120000e+03   1.3432277e+04  -6.2470349e+03
   1.1130000e+03   7.8938494e+03  -9.1252236e+03
   1.1140000e+03   1.2527356e+03   5.8297690e+02
   1.1150000e+03   6.0889661e+03  -4.2410965e+03
   1.1160000e+03   9.0150741e+03  -1.1256387e+04
   1.1170000e+03  -4.1435530e+02  -1.0871640e+04
   1.1180000e+03  -6.4578422e+03  -6.3156073e+03
   1.1190000e+03  -1.5839785e+04   1.2708876e+04
   1.1200000e+03  -7.9541019e+03   8.6578908e+03
   1.1210000e+03   4.3090836e+03  -7.8628639e+03
   1.1220000e+03  -5.8811908e+02  -1.3565381e+03
   1.1230000e+03   9.2620670e+02   1.3163750e+04
   1.1240000e+03  -8.7187954e+03   1.1674039e+04
   1.1250000e+03  -1.3653167e+04  -7.9249423e+03
   1.1260000e+03  -9.1072714e+02  -1.0190915e+04
   1.1270000e+03   2.1174922e+03  -4.8691588e+03
   1.1280000e+03   5.6788707e+03  -1.0512845e+03
   1.1290000e+03   2.9644685e+03   1.1451416e+04
   1.1300000e+03  -2.9784861e+03  -2.6826852e+03
   1.1310000e+03  -2.6365869e+03  -1.6245208e+04
   1.1320000e+03  -1.3478465e+02  -7.3309081e+03
   1.1330000e+03   7.5526250e+03  -2.6072706e+03
   1.1340000e+03   2.4393510e+03   5.0473215e+03
   1.1350000e+03  -5.1085008e+03   7.8041214e+03
   1.1360000e+03  -9.7566993e+03   4.8756307e+03
   1.1370000e+03  -7.1106286e+03  -2.1010826e+03
   1.1380000e+03   1.3951524e+04  -4.6968038e+03
   1.1390000e+03   6.5807238e+03   7.3687862e+03
   1.1400000e+03  -1.9721745e+04   5.2863817e+03
   1.1410000e+03  -2.3118194e+04  -2.8083806e+03
   1.1420000e+03  -8.3054577e+03  -6.6204615e+03
   1.1430000e+03   1.1680430e+04  -1.1250555e+03
   1.1440000e+03   2.2209926e+03   1.5333042e+04
   1.1450000e+03  -2.1620155e+04   3.3791669e+03
   1.1460000e+03  -1.7992002e+04  -1.0952845e+04
   1.1470000e+03   5.9875660e+03  -2.2378676e+03
   1.1480000e+03   1.4633351e+04   5.8690485e+03
   1.1490000e+03  -6.3704164e+03   1.0625374e+04
   1.1500000e+03  -8.0556607e+03   3.5354012e+03
   1.1510000e+03   8.8978262e+03  -3.2200499e+03
   1.1520000e+03   1.5975000e+04  -2.5078969e+03
   1.1530000e+03   2.0106258e+04   5.7343727e+03
   1.1540000e+03  -1.4702510e+02   1.3785247e+04
   1.1550000e+03  -1.6041204e+04  -1.7309277e+03
   1.1560000e+03  -2.4832341e+03  -9.6271551e+03
   1.1570000e+03   1.0455943e+04  -1.0897290e+04
   1.1580000e+03   1.3459324e+04  -1.0021916e+04
   1.1590000e+03  -3.4272961e+03   1.3431911e+04
   1.1600000e+03  -1.3422034e+04   8.9675665e+03
   1.1610000e+03  -4.8276930e+02  -1.4229079e+04
   1.1620000e+03   7.2173123e+03  -1.0180764e+04
   1.1630000e+03  -2.5317801e+02   3.7707332e+03
   1.1640000e+03  -1.6428789e+04   8.9239541e+03
   1.1650000e+03  -6.4461959e+03   4.1026820e+03
   1.1660000e+03   1.3222517e+04   1.0051562e+04
   1.1670000e+03   9.4968137e+03   1.1043773e+04
   1.1680000e+03   3.9535874e+03  -3.2763437e+03
   1.1690000e+03  -6.4664278e+03  -9.5369844e+03
   1.1700000e+03  -3.8564364e+03  -9.2966566e+03
   1.1710000e+03   1.7017026e+04   1.0395965e+04
   1.1720000e+03   2.1003030e+04   1.6503675e+04
   1.1730000e+03   1.0760379e+04  -8.1517372e+03
   1.1740000e+03  -3.2023826e+03  -1.3054987e+04
   1.1750000e+03  -3.8707244e+03  -7.1593996e+03
   1.1760000e+03   2.0062733e+03   4.1852658e+03
   1.1770000e+03   1.0840706e+03   1.5811629e+04
   1.1780000e+03   1.5333506e+03   5.0470520e+03
   1.1790000e+03  -3.0818986e+03  -1.1475126e+04
   1.1800000e+03   5.3585052e+03  -1.9729473e+04
   1.1810000e+03   9.9385414e+03  -1.2506864e+03
   1.1820000e+03  -6.6979761e+03   2.0259305e+04
   1.1830000e+03  -7.2394207e+03   1.2926293e+04
   1.1840000e+03   2.2218648e+03  -5.4033528e+03
   1.1850000e+03   1.4072751e+04  -1.9612897e+04
   1.1860000e+03   1.2626722e+04  -3.8370528e+03
   1.1870000e+03  -9.8636431e+03   1.5905052e+04
   1.1880000e+03  -1.4767657e+04   8.0701374e+03
   1.1890000e+03  -1.0093752e+04  -3.7473645e+03
   1.1900000e+03  -1.9071358e+03  -1.6490775e+04
   1.1910000e+03   8.9249573e+03  -6.0988207e+03
   1.1920000e+03   5.4064995e+03   1.2456530e+04
   1.1930000e+03  -3.8818489e+03  -1.0283035e+03
   1.1940000e+03  -1.2231571e+04  -1.5540086e+04
   1.1950000e+03  -4.5206254e+03  -1.3477873e+04
   1.1960000e+03   3.0634230e+03   2.5220391e+03
   1.1970000e+03   3.7695400e+03   1.3580283e+04
   1.1980000e+03   1.4622285e+04   5.8937253e+03
   1.1990000e+03   2.8356730e+03  -7.4433375e+03
   1.2000000e+03  -1.0347848e+04  -1.5016645e+04
   1.2010000e+03   2.0627744e+03   4.6589425e+03
   1.2020000e+03   7.6559431e+03   1.2364247e+04
   1.2030000e+03   9.3977247e+02  -7.2722478e+03
   1.2040000e+03  -1.0500698e+04  -5.5773943e+03
   1.2050000e+03  -7.9406108e+03  -1.4710083e+03
   1.2060000e+03  -2.2735193e+03   6.9770204e+01
   1.2070000e+03  -7.7666068e+03   3.7317891e+03
   1.2080000e+03  -3.8931095e+03  -7.1744765e+03
   1.2090000e+03   2.3976940e+03  -1.2135186e+04
   1.2100000e+03   7.5349756e+03  -4.1561331e+03
   1.2110000e+03  -8.6015701e+03   9.1719172e+03
   1.2120000e+03  -3.0968543e+04   7.9158327e+03
   1.2130000e+03  -7.8503711e+03  -1.6272489e+03
   1.2140000e+03   1.7079346e+04  -2.5666449e+03
   1.2150000e+03   1.3570346e+04  -3.4761849e+03
   1.2160000e+03  -3.6512432e+03   2.0511310e+04
   1.2170000e+03  -1.8301137e+04   3.0636311e+04
   1.2180000e+03  -2.9915338e+03  -4.8889661e+03
   1.2190000e+03   8.5134625e+03  -1.8494554e+04
   1.2200000e+03  -2.7046393e+03  -3.0853420e+03
   1.2210000e+03  -9.3773711e+03   1.5915581e+04
   1.2220000e+03   1.1085219e+03   1.4831119e+04
   1.2230000e+03   1.1718936e+04  -1.6053900e+04
   1.2240000e+03  -2.1216099e+03  -2.8746766e+04
   1.2250000e+03  -1.0473237e+04  -8.5749162e+03
   1.2260000e+03  -9.8773949e+03   1.3282450e+04
   1.2270000e+03  -3.5215311e+03   5.9837783e+03
   1.2280000e+03   2.3167476e+04  -8.7351195e+03
   1.2290000e+03   1.6815218e+04  -9.5601514e+03
   1.2300000e+03  -1.2410099e+04  -1.0945628e+04
   1.2310000e+03  -1.4129351e+04   1.3451100e+04
   1.2320000e+03  -2.6861537e+03   3.0789952e+04
   1.2330000e+03   6.7770491e+03   9.5886362e+03
   1.2340000e+03   1.4529238e+03  -2.4147519e+03
   1.2350000e+03  -4.5586676e+03  -6.0479768e+03
   1.2360000e+03  -8.7771263e+02   5.7337596e+03
   1.2370000e+03   5.4576670e+03   2.5827991e+04
   1.2380000e+03   1.0439889e+04   1.5572087e+04
   1.2390000e+03  -2.0533673e+03  -7.1079227e+03
   1.2400000e+03  -6.2429036e+03  -1.8484050e+04
   1.2410000e+03   1.4212847e+03  -9.1088412e+03
   1.2420000e+03   7.0296558e+03  -1.4983932e+02
   1.2430000e+03   1.6903038e+04   1.0092886e+03
   1.2440000e+03   2.6362483e+03   3.9629713e+03
   1.2450000e+03  -6.8542874e+03  -1.0924174e+04
   1.2460000e+03   1.3341520e+04  -1.7141060e+04
   1.2470000e+03   2.2807656e+04  -9.2499307e+03
   1.2480000e+03   1.5191154e+04  -1.8001172e+03
   1.2490000e+03  -3.8850313e+03   1.2951650e+04
   1.2500000e+03  -1.2758996e+04   8.5953897e+03
   1.2510000e+03  -2.6518181e+03   3.6806901e+03
   1.2520000e+03   8.4743346e+03   6.9273909e+03
   1.2530000e+03   9.8477040e+03  -2.0628723e+03
   1.2540000e+03  -8.3580068e+03  -1.9476395e+03
   1.2550000e+03  -1.9090483e+04   1.2465852e+03
   1.2560000e+03  -1.9303868e+04   7.5962241e+02
   1.2570000e+03  -1.1529290e+04  -6.8080799e+02
   1.2580000e+03   1.2356359e+04   3.6365083e+03
   1.2590000e+03   8.1125373e+03   7.7808744e+03
   1.2600000e+03  -7.4146755e+03  -1.0597478e+04
   1.2610000e+03  -3.3869130e+03  -1.1691614e+04
   1.2620000e+03   3.0023874e+03  -1.1167310e+02
   1.2630000e+03   1.3517432e+04  -4.5518475e+03
   1.2640000e+03   9.7458095e+03  -1.7914528e+03
   1.2650000e+03  -9.5222603e+02  -6.6737586e+03
   1.2660000e+03   1.9119666e+03  -6.0727824e+03
   1.2670000e+03   9.9124221e+03   4.4248060e+03
   1.2680000e+03   1.0255294e+04  -5.3816740e+03
   1.2690000e+03  -8.1375144e+03  -1.0985035e+04
   1.2700000e+03  -9.6964497e+03  -2.0713331e+03
   1.2710000e+03   1.2544912e+03   6.4996285e+03
   1.2720000e+03  -3.6977340e+03   2.4582872e+03
   1.2730000e+03  -2.9098943e+03  -1.4851733e+03
   1.2740000e+03  -5.3232721e+03   3.0989547e+03
   1.2750000e+03  -4.1243209e+03  -3.1017707e+03
   1.2760000e+03   3.3505139e+03   3.0675339e+03
   1.2770000e+03  -1.8728254e+03   7.7662261e+03
   1.2780000e+03  -1.8132495e+03  -5.2298472e+03
   1.2790000e+03  -3.6771353e+03  -3.5489525e+03
   1.2800000e+03  -7.1466262e+03  -2.7229871e+03
   1.2810000e+03  -3.1880076e+03   4.2097533e+03
   1.2820000e+03  -7.6657461e+02   1.6773586e+04
   1.2830000e+03   3.0494226e+03   3.9439357e+03
   1.2840000e+03   4.6566144e+03  -1.3553810e+04
   1.2850000e+03   6.4929863e+03  -1.0308197e+04
   1.2860000e+03  -6.1426436e+03   1.5247714e+04
   1.2870000e+03  -1.5155426e+04   2.0695540e+04
   1.2880000e+03   7.8631290e+03   6.6035060e+02
   1.2890000e+03   1.1077527e+04  -4.6196759e+03
   1.2900000e+03  -4.6412510e+03  -9.1827481e+03
   1.2910000e+03  -9.2754744e+03  -4.0285276e+03
   1.2920000e+03  -1.1952036e+04   1.1068944e+04
   1.2930000e+03  -5.6676830e+02   9.8368186e+03
   1.2940000e+03   1.3525640e+04  -1.4175818e+03
   1.2950000e+03   1.2534711e+04  -1.7093749e+04
   1.2960000e+03  -6.2584736e+03  -9.3347744e+03
   1.2970000e+03  -1.5834230e+04   9.0585350e+03
   1.2980000e+03   4.5957355e+03   5.1302441e+03
   1.2990000e+03   1.1914553e+04  -5.3366917e+03
   1.3000000e+03   1.3699057e+03  -1.4532795e+04
   1.3010000e+03  -1.1780738e+04  -2.7541075e+03
   1.3020000e+03  -1.6658440e+04   1.6094491e+04
   1.3030000e+03  -4.1958540e+01   8.4953701e+03
   1.3040000e+03   5.1816111e+03  -1.2856837e+04
   1.3050000e+03   3.9191727e+03  -2.0261179e+04
   1.3060000e+03  -2.2982126e+02   9.1631408e+03
   1.3070000e+03  -1.5024235e+04   2.3040327e+04
   1.3080000e+03  -5.8644230e+03   9.1674355e+02
   1.3090000e+03   1.1532003e+04  -5.8107304e+03
   1.3100000e+03   1.2596925e+04  -8.4002431e+03
   1.3110000e+03   2.0267478e+03  -3.7723304e+02
   1.3120000e+03  -3.8672425e+03   1.5109411e+04
   1.3130000e+03   3.3644928e+03   6.4542955e+03
   1.3140000e+03   3.5211015e+03  -4.8593224e+03
   1.3150000e+03   6.0208186e+03  -6.6149588e+03
   1.3160000e+03  -5.2897965e+03   6.3351065e+03
   1.3170000e+03  -2.2801649e+04   1.2555019e+04
   1.3180000e+03   1.5574564e+03  -4.8221359e+03
   1.3190000e+03   1.7177549e+04  -1.4443532e+04
   1.3200000e+03  -8.4594650e+02  -6.7619775e+03
   1.3210000e+03  -1.6343683e+04   1.1617854e+04
   1.3220000e+03  -1.2777217e+04   4.3137349e+03
   1.3230000e+03   1.2497595e+04  -1.8454200e+04
   1.3240000e+03   1.8634784e+04  -7.0493368e+03
   1.3250000e+03   4.8566787e+03   3.8829097e+03
   1.3260000e+03  -2.4086499e+03   4.7016907e+03
   1.3270000e+03  -1.2733211e+03   4.7580451e+03
   1.3280000e+03   1.1153487e+04  -7.0023895e+03
   1.3290000e+03   1.3078485e+04  -6.5946157e+03
   1.3300000e+03   5.7270454e+03   6.1936818e+03
   1.3310000e+03  -4.8516117e+03   1.5075180e+04
   1.3320000e+03  -1.1385190e+04   4.4874666e+03
   1.3330000e+03  -8.0454152e+02  -8.4898640e+03
   1.3340000e+03  -2.0698837e+03  -3.0753290e+03
   1.3350000e+03  -3.2982867e+03  -1.4641966e+03
   1.3360000e+03   2.1282639e+03   7.7170363e+03
   1.3370000e+03  -5.4340733e+03   7.9174582e+03
   1.3380000e+03  -3.0816885e+03  -9.0533441e+03
   1.3390000e+03   6.6517539e+03  -2.7260119e+03
   1.3400000e+03   1.5124162e+04   4.3767921e+03
   1.3410000e+03   1.2975068e+04   5.3069472e+03
   1.3420000e+03  -1.1379148e+03   4.1789663e+03
   1.3430000e+03  -3.5029389e+03  -6.8514906e+03
   1.3440000e+03   7.3181773e+02  -2.8570596e+03
   1.3450000e+03   1.1726312e+04   4.6350901e+03
   1.3460000e+03   6.8275365e+03  -2.2317835e+03
   1.3470000e+03  -1.5118262e+04  -1.5810913e+04
   1.3480000e+03  -1.1361809e+04  -5.6718322e+03
   1.3490000e+03  -3.8833460e+03   1.9760951e+04
   1.3500000e+03   4.3458182e+03   6.4617987e+03
   1.3510000e+03   1.1618083e+04  -1.2277694e+04
   1.3520000e+03  -1.0332809e+04  -1.2091719e+04
   1.3530000e+03  -2.1147727e+04  -7.0258348e+03
   1.3540000e+03   1.4445866e+03   1.1021831e+04
   1.3550000e+03   2.5692814e+04   1.2676612e+04
   1.3560000e+03   1.7761382e+04   4.4983100e+03
   1.3570000e+03  -6.6545911e+03  -3.0807076e+02
   1.3580000e+03  -1.1222769e+04  -8.1314419e+03
   1.3590000e+03  -7.6431377e+03  -1.0141965e+03
   1.3600000e+03   1.0272699e+04   6.7236321e+03
   1.3610000e+03   2.3634798e+04   8.3555248e+03
   1.3620000e+03   1.4960648e+03   7.7017900e+01
   1.3630000e+03  -2.2598925e+04  -1.2674880e+04
   1.3640000e+03  -2.6586738e+04  -8.6446513e+03
   1.3650000e+03  -1.5229774e+03  -2.2975897e+03
   1.3660000e+03   1.9194681e+04   6.4565402e+03
   1.3670000e+03   1.5967304e+03   3.1396498e+02
   1.3680000e+03  -1.3485412e+04  -1.5311734e+04
   1.3690000e+03  -1.1309072e+04  -1.3560084e+03
   1.3700000e+03  -2.5199163e+03   1.0272587e+04
   1.3710000e+03   2.9391560e+03   8.9078198e+03
   1.3720000e+03   4.4186204e+03   1.0937399e+02
   1.3730000e+03   6.6926920e+03  -1.5921462e+04
   1.3740000e+03  -4.0783752e+03  -9.9347285e+03
   1.3750000e+03  -4.8602150e+03   3.1906356e+03
   1.3760000e+03   3.3358749e+02   9.5902966e+03
   1.3770000e+03  -2.9834707e+03   8.1949658e+03
   1.3780000e+03   1.9715009e+03  -5.1251789e+02
   1.3790000e+03  -7.7390858e+03  -8.8694182e+03
   1.3800000e+03  -1.3476433e+04  -1.5871698e+04
   1.3810000e+03  -1.7778987e+03   5.4612047e+03
   1.3820000e+03  -3.6857318e+03   2.2939868e+04
   1.3830000e+03  -3.1021793e+03   2.8362797e+03
   1.3840000e+03   2.1900548e+03  -1.5141644e+04
   1.3850000e+03   1.8964943e+03  -1.9378107e+04
   1.3860000e+03  -5.7915807e+03   5.7803679e+02
   1.3870000e+03  -1.1246271e+04   2.1081042e+04
   1.3880000e+03   7.0207026e+02   6.4889850e+03
   1.3890000e+03   9.3119362e+03  -8.5929941e+03
   1.3900000e+03   1.1269166e+04  -5.5161656e+03
   1.3910000e+03  -1.5831923e+03   4.9926096e+03
   1.3920000e+03  -1.8287509e+04   4.2974453e+03
   1.3930000e+03  -1.6653796e+03   3.2568204e+03
   1.3940000e+03   1.2235474e+04   1.0627151e+04
   1.3950000e+03   4.3898042e+03  -1.7545426e+03
   1.3960000e+03  -9.5168953e+03  -5.3072772e+03
   1.3970000e+03  -1.6788594e+04   4.1057715e+03
   1.3980000e+03   3.2642265e+03   2.8484498e+03
   1.3990000e+03   2.0603123e+04   3.6362327e+03
   1.4000000e+03   1.6281228e+04  -2.7253993e+03
   1.4010000e+03   2.4706078e+03  -6.4747772e+02
   1.4020000e+03  -5.8032028e+03   7.1838898e+03
   1.4030000e+03   5.8687369e+03   3.5036844e+03
   1.4040000e+03   2.1481196e+04   3.1800026e+03
   1.4050000e+03   2.7453052e+04  -6.5785261e+03
   1.4060000e+03   1.8946952e+03  -9.9705315e+03
   1.4070000e+03  -2.6916988e+04   4.2960449e+03
   1.4080000e+03  -7.5256138e+03   1.0889152e+04
   1.4090000e+03   1.1407998e+04   1.2466744e+03
   1.4100000e+03   2.0652184e+03  -1.2408564e+04
   1.4110000e+03  -1.6551633e+04  -1.6496828e+03
   1.4120000e+03  -2.6323046e+04   3.2477195e+03
   1.4130000e+03  -5.4956230e+03  -4.2683788e+03
   1.4140000e+03   1.4563332e+04   9.2641664e+03
   1.4150000e+03   1.3222747e+04   8.5666012e+03
   1.4160000e+03   1.4201515e+03  -2.5180392e+03
   1.4170000e+03   5.1019850e+02  -6.5276920e+03
   1.4180000e+03   1.5043608e+04  -7.6169709e+03
   1.4190000e+03   1.2004147e+04   5.7117544e+03
   1.4200000e+03   8.1984276e+03   8.1806194e+03
   1.4210000e+03   1.0181707e+04  -3.4345341e+02
   1.4220000e+03   5.6671179e+03  -1.0817316e+04
   1.4230000e+03   5.9502545e+03  -1.4792203e+04
   1.4240000e+03  -8.4757574e+03   1.1763282e+03
   1.4250000e+03  -1.5971863e+04   1.0008756e+04
   1.4260000e+03  -1.2648355e+03   1.2308304e+04
   1.4270000e+03   6.5867262e+03  -1.1441941e+03
   1.4280000e+03   4.9801135e+03  -1.8357784e+04
   1.4290000e+03  -8.1783641e+03   9.2804281e+02
   1.4300000e+03  -9.1985405e+03   1.3271111e+04
   1.4310000e+03   6.3226940e+03   7.1883471e+03
   1.4320000e+03   1.2042747e+04   9.1390573e+02
   1.4330000e+03   2.7540110e+03  -8.8113900e+03
   1.4340000e+03  -1.6324823e+04  -4.4340157e+03
   1.4350000e+03  -7.3252466e+03  -2.9634873e+02
   1.4360000e+03   1.0256179e+04  -2.2009828e+03
   1.4370000e+03   1.3640502e+03  -6.3210697e+03
   1.4380000e+03   6.7735715e+02  -1.1147106e+04
   1.4390000e+03   4.1712758e+02  -9.8137103e+03
   1.4400000e+03  -9.3058821e+03  -9.6772505e+03
   1.4410000e+03  -1.5772955e+04   4.0572829e+03
   1.4420000e+03  -1.1854787e+04   8.6606431e+03
   1.4430000e+03   7.2749074e+03  -2.8648990e+03
   1.4440000e+03   1.0026402e+04  -1.7795565e+03
   1.4450000e+03  -2.6162858e+02  -9.8631060e+03
   1.4460000e+03  -6.4528918e+03  -2.5056468e+03
   1.4470000e+03  -1.1938897e+04   2.0702868e+04
   1.4480000e+03  -1.0714158e+04   1.0865539e+04
   1.4490000e+03  -3.0129546e+03  -1.0420707e+04
   1.4500000e+03   1.6874441e+04  -1.7515182e+04
   1.4510000e+03   1.0448619e+04  -1.8647567e+03
   1.4520000e+03  -2.3710259e+04   1.4359170e+04
   1.4530000e+03  -2.2509634e+04   8.7315640e+03
   1.4540000e+03  -5.0476171e+03  -2.2617914e+03
   1.4550000e+03   4.1296495e+03  -8.3477659e+03
   1.4560000e+03   2.9390849e+03   8.8853855e+03
   1.4570000e+03  -1.1138691e+04   1.6359752e+04
   1.4580000e+03  -8.1560362e+03  -3.2349459e+03
   1.4590000e+03   7.9164821e+03  -2.5736749e+03
   1.4600000e+03   1.6025920e+04   4.4954308e+03
   1.4610000e+03   9.8251649e+02   7.6489329e+03
   1.4620000e+03  -1.5773025e+04   6.7954559e+03
   1.4630000e+03  -3.3316058e+03  -7.9566196e+03
   1.4640000e+03   1.2627479e+04  -1.1782372e+04
   1.4650000e+03   2.2030676e+04  -5.1828776e+02
   1.4660000e+03   5.7517905e+03   1.5209666e+04
   1.4670000e+03  -2.0416075e+04   1.0591821e+04
   1.4680000e+03  -3.7288646e+03  -4.7757523e+03
   1.4690000e+03   1.0839116e+04  -3.1616697e+03
   1.4700000e+03   3.9280519e+03  -6.5332606e+03
   1.4710000e+03  -1.8130299e+03  -1.8206663e+03
   1.4720000e+03  -1.1372743e+04   4.6512897e+03
   1.4730000e+03  -7.0488482e+03  -8.5555930e+02
   1.4740000e+03   5.1640024e+03   5.0482233e+03
   1.4750000e+03   1.2248437e+04  -2.7029864e+03
   1.4760000e+03   7.8181448e+03  -1.1275913e+04
   1.4770000e+03  -4.1849948e+03  -4.6935945e+03
   1.4780000e+03  -7.6144294e+03  -6.2391622e+03
   1.4790000e+03  -4.5196931e+03  -1.4979452e+03
   1.4800000e+03   1.6043114e+04   3.1762125e+03
   1.4810000e+03   2.0037652e+04   2.5017400e+03
   1.4820000e+03  -4.8191832e+03   4.5439897e+03
   1.4830000e+03  -2.8439776e+03   7.9208127e+03
   1.4840000e+03   1.0730231e+04   6.7977981e+03
   1.4850000e+03   1.1559021e+04  -6.2366718e+03
   1.4860000e+03  -1.2430985e+03  -1.0801927e+03
   1.4870000e+03  -1.7171512e+04   1.0702488e+04
   1.4880000e+03  -4.8062707e+03   5.6467921e+03
   1.4890000e+03   1.4041791e+04   4.1001624e+03
   1.4900000e+03   1.9258428e+04  -1.5807547e+03
   1.4910000e+03   6.8104850e+03  -3.1718255e+03
   1.4920000e+03  -1.1690205e+04  -2.3752675e+03
   1.4930000e+03  -8.3702071e+03  -7.8029934e+03
   1.4940000e+03   3.6268855e+03  -2.8843786e+03
   1.4950000e+03   1.7819188e+04  -3.2279760e+03
   1.4960000e+03   9.6614227e+03  -4.8108500e+03
   1.4970000e+03  -1.6228600e+04   1.4930760e+03
   1.4980000e+03  -1.1486299e+04   9.8268250e+03
   1.4990000e+03  -4.7036697e+03   5.1422426e+03
   1.5000000e+03  -2.7290379e+03  -2.1390281e+04
   1.5010000e+03   4.1063862e+03  -1.2775237e+04
   1.5020000e+03  -3.0126098e+03   2.0117636e+04
   1.5030000e+03  -3.3547073e+03   2.0704995e+04
   1.5040000e+03  -7.8236411e+02   1.6336890e+03
   1.5050000e+03  -2.3007394e+03  -2.3225500e+04
   1.5060000e+03   1.9177107e+03  -2.0510271e+04
   1.5070000e+03   1.0291202e+04   5.0008462e+03
   1.5080000e+03   1.2665387e+04   9.8264125e+03
   1.5090000e+03  -4.8496866e+03   2.6783864e+02
   1.5100000e+03  -1.4712416e+04  -1.0620005e+04
   1.5110000e+03  -1.4648614e+04  -6.0661086e+03
   1.5120000e+03  -6.8181033e+03   3.7069094e+03
   1.5130000e+03   1.8032097e+04   7.8963482e+03
   1.5140000e+03   6.9282515e+03   1.0183305e+04
   1.5150000e+03  -2.6465975e+04  -3.8222001e+03
   1.5160000e+03  -2.5874491e+04  -3.7854820e+03
   1.5170000e+03   4.6423256e+03   5.5410743e+03
   1.5180000e+03   3.2224633e+04   7.4716915e+02
   1.5190000e+03   1.3561940e+04   1.1275710e+03
   1.5200000e+03  -1.6677151e+04  -5.1100047e+03
   1.5210000e+03  -8.5082927e+03  -4.3725837e+03
   1.5220000e+03   1.5518951e+04   4.0312041e+03
   1.5230000e+03   1.8069313e+04  -1.8397357e+03
   1.5240000e+03  -4.4129762e+03  -5.4494135e+03
   1.5250000e+03  -3.8522431e+03  -6.9502979e+03
   1.5260000e+03   7.6387039e+03   1.4319839e+03
   1.5270000e+03  -1.6651710e+03   1.1412618e+04
   1.5280000e+03  -5.5999719e+03   8.6920509e+03
   1.5290000e+03  -1.1681566e+04   1.4889402e+03
   1.5300000e+03  -9.9562509e+03  -1.2143523e+04
   1.5310000e+03   1.2454231e+03  -5.3056342e+03
   1.5320000e+03  -3.2775456e+03   6.0686051e+03
   1.5330000e+03  -4.9356127e+03   1.5757603e+03
   1.5340000e+03  -3.7238208e+03   6.4232151e+03
   1.5350000e+03  -2.6509429e+03  -3.6204350e+02
   1.5360000e+03  -2.6038201e+03  -6.8266577e+03
   1.5370000e+03  -3.5347948e+03   7.0899440e+02
   1.5380000e+03   2.7963871e+03  -1.8650604e+03
   1.5390000e+03   5.4176370e+02  -2.1657484e+03
   1.5400000e+03   4.4205277e+03   8.7910431e+02
   1.5410000e+03   7.9641498e+03   3.4784968e+03
   1.5420000e+03  -3.7926312e+03   4.6890963e+03
   1.5430000e+03  -6.6501728e+03   8.2324315e+03
   1.5440000e+03  -1.0486993e+04   7.3321843e+03
   1.5450000e+03  -2.1262368e+03  -1.2736545e+04
   1.5460000e+03   1.5615321e+04  -1.0767472e+04
   1.5470000e+03   3.0182688e+03   8.9672923e+03
   1.5480000e+03  -1.6827671e+04   1.3404751e+04
   1.5490000e+03  -1.2627433e+04   5.1730106e+03
   1.5500000e+03   9.9706287e+03  -1.9537846e+04
   1.5510000e+03   1.3350379e+04  -1.6446183e+04
   1.5520000e+03  -5.0690048e+02   1.3444113e+04
   1.5530000e+03   3.3971440e+02   1.8758997e+04
   1.5540000e+03  -1.4525940e+02   4.2047665e+03
   1.5550000e+03   7.2866404e+03  -1.4719701e+04
   1.5560000e+03   1.4015932e+04  -7.7189717e+03
   1.5570000e+03   3.9179073e+03   1.4670232e+04
   1.5580000e+03   1.3106502e+03   1.5455520e+04
   1.5590000e+03  -9.9233500e+03   7.2072720e+02
   1.5600000e+03  -1.4038368e+04  -1.4051031e+04
   1.5610000e+03   3.2831519e+03  -3.2547812e+03
   1.5620000e+03   9.0709160e+03   2.7498673e+03
   1.5630000e+03   3.3334221e+03  -1.4101358e+04
   1.5640000e+03  -1.1479924e+04  -1.1975004e+04
   1.5650000e+03  -1.3535234e+04  -1.9146362e+03
   1.5660000e+03   6.0159037e+03   5.4892019e+03
   1.5670000e+03   1.4313537e+04  -2.0972667e+03
   1.5680000e+03   6.4804176e+02  -1.8864637e+04
   1.5690000e+03  -1.1325801e+04  -3.6032564e+03
   1.5700000e+03   8.6319209e+03   1.7244310e+04
   1.5710000e+03   1.7410467e+04   1.8044510e+04
   1.5720000e+03  -4.1690901e+03   2.3068628e+03
   1.5730000e+03  -7.1414124e+03  -8.4190254e+03
   1.5740000e+03  -7.8677470e+02   2.6967269e+03
   1.5750000e+03   1.0644406e+04   5.8328349e+03
   1.5760000e+03   1.4677162e+04   8.0998034e+03
   1.5770000e+03  -6.5668050e+03   6.6791576e+03
   1.5780000e+03  -1.2214199e+04  -1.9844752e+03
   1.5790000e+03   1.4057775e+03   3.6190776e+03
   1.5800000e+03   1.2730227e+04  -4.7485265e+03
   1.5810000e+03   5.8630874e+03  -1.2567384e+04
   1.5820000e+03  -5.6675337e+03  -5.7921812e+03
   1.5830000e+03   3.4739982e+03  -5.4490731e+03
   1.5840000e+03   5.4415157e+03   4.1021887e+03
   1.5850000e+03   3.5087676e+03   1.0118900e+04
   1.5860000e+03   2.8923476e+03   2.1607051e+03
   1.5870000e+03  -1.0215187e+03  -6.9923803e+03
   1.5880000e+03   3.7082522e+03  -4.3668580e+03
   1.5890000e+03  -6.5083513e+03   2.2895133e+03
   1.5900000e+03  -7.2538480e+03  -7.8197915e+03
   1.5910000e+03   7.3711742e+03  -2.2712832e+03
   1.5920000e+03  -1.9659485e+03   8.7901660e+03
   1.5930000e+03  -7.6618119e+03   4.3195579e+03
   1.5940000e+03   8.0737747e+02   7.8922155e+03
   1.5950000e+03   6.8457127e+03  -1.4053287e+03
   1.5960000e+03   6.4717383e+02  -8.7791428e+03
   1.5970000e+03  -1.2102473e+04   1.8467018e+03
   1.5980000e+03  -1.0059183e+04   5.4356883e+03
   1.5990000e+03  -2.6627047e+03   4.6328971e+03
   1.6000000e+03   7.4602318e+03  -2.4144620e+03
   1.6010000e+03   7.5789751e+02  -2.9433341e+03
   1.6020000e+03  -1.7726065e+04   3.8371122e+03
   1.6030000e+03  -3.6986140e+03   6.2116042e+03
   1.6040000e+03   1.3452055e+04  -2.6330131e+02
   1.6050000e+03   1.2577088e+04  -1.8971588e+04
   1.6060000e+03   1.2246956e+03  -6.1023398e+03
   1.6070000e+03  -1.2068692e+04   2.1422674e+04
   1.6080000e+03  -2.2645697e+03   1.6738291e+04
   1.6090000e+03   8.1434828e+03  -1.4524442e+03
   1.6100000e+03   4.0004591e+03  -2.3402505e+04
   1.6110000e+03  -8.8245618e+03  -1.8990572e+04
   1.6120000e+03  -1.7044564e+04   8.4175046e+03
   1.6130000e+03  -5.2959265e+03   1.3384462e+04
   1.6140000e+03   1.8551963e+03  -1.1477611e+03
   1.6150000e+03   5.9212158e+03  -1.8807058e+04
   1.6160000e+03   2.1639711e+03  -1.8146728e+04
   1.6170000e+03  -1.1696236e+04  -7.3893929e+03
   1.6180000e+03  -4.9504958e+03   4.9078255e+03
   1.6190000e+03   3.6782117e+03   1.4805539e+04
   1.6200000e+03   9.5135790e+03  -2.6443331e+03
   1.6210000e+03   8.8220536e+03  -6.8505195e+03
   1.6220000e+03  -1.1593286e+04   6.4528040e+03
   1.6230000e+03  -1.9092495e+04   4.4906313e+03
   1.6240000e+03  -1.1670724e+04   5.4125959e+03
   1.6250000e+03   3.0382355e+02   1.1240535e+03
   1.6260000e+03   8.4763767e+03   2.3137299e+03
   1.6270000e+03   5.2632097e+03   8.9461511e+03
   1.6280000e+03  -4.2085432e+03  -3.7666754e+02
   1.6290000e+03  -1.8336100e+04  -4.3294089e+03
   1.6300000e+03  -4.0348697e+03  -5.4273303e+03
   1.6310000e+03   1.7608186e+04  -5.1501930e+03
   1.6320000e+03   9.5422548e+03   1.4762662e+03
   1.6330000e+03   2.7106499e+03   8.8087997e+03
   1.6340000e+03  -2.9368540e+03   6.0660532e+03
   1.6350000e+03  -3.0661970e+03  -1.2464180e+04
   1.6360000e+03   3.8719205e+03  -6.9214214e+03
   1.6370000e+03   4.7289980e+02   8.2037463e+03
   1.6380000e+03   2.0215362e+03   5.9625090e+03
   1.6390000e+03   2.7739217e+03   8.1016379e+03
   1.6400000e+03   2.8708076e+03   7.6233893e+02
   1.6410000e+03   8.1073625e+03  -2.1956305e+03
   1.6420000e+03   8.1176095e+03   4.0511018e+03
   1.6430000e+03  -4.3426639e+03  -1.6805936e+03
   1.6440000e+03  -2.0090295e+04  -2.3123949e+03
   1.6450000e+03   1.3278974e+03   1.4935027e+03
   1.6460000e+03   2.5545454e+04   4.5553628e+03
   1.6470000e+03   1.0147965e+04  -1.6723181e+03
   1.6480000e+03  -5.1581325e+03  -5.2975156e+03
   1.6490000e+03  -7.9371122e+03   5.3293049e+03
   1.6500000e+03   5.8271369e+03   1.2061384e+03
   1.6510000e+03   1.6232664e+04  -1.0290968e+03
   1.6520000e+03   1.4159973e+03  -7.4240100e+01
   1.6530000e+03  -6.6793512e+03  -6.7504295e+02
   1.6540000e+03  -4.0464268e+03   1.2530591e+04
   1.6550000e+03   7.5959379e+03   5.1518601e+03
   1.6560000e+03   1.6259799e+04  -6.0068271e+03
   1.6570000e+03   1.0332608e+04  -1.7702053e+03
   1.6580000e+03   2.0524451e+03  -2.9680099e+03
   1.6590000e+03  -1.3403531e+04   1.0143530e+03
   1.6600000e+03  -8.5043531e+03   4.2220144e+03
   1.6610000e+03   1.1395112e+04   2.9786834e+03
   1.6620000e+03   1.2502269e+04  -9.2743079e+03
   1.6630000e+03   3.9905071e+03  -1.7370596e+04
   1.6640000e+03  -1.4687304e+04   2.4619405e+03
   1.6650000e+03  -1.6351612e+04   1.3441664e+04
   1.6660000e+03   7.8800338e+02   1.0720978e+04
   1.6670000e+03   6.7972694e+03   2.7305071e+02
   1.6680000e+03   9.4713513e+03  -6.8954400e+03
   1.6690000e+03  -2.0670742e+03   1.0969105e+04
   1.6700000e+03  -1.6177098e+04   1.0965615e+04
   1.6710000e+03  -1.0979015e+04  -7.2522322e+03
   1.6720000e+03   1.0482827e+04  -1.3056998e+04
   1.6730000e+03   2.6374074e+04  -7.5646008e+03
   1.6740000e+03   2.6771604e+03   3.3414344e+03
   1.6750000e+03  -2.0985566e+04  -2.3318729e+03
   1.6760000e+03  -1.8009915e+04  -1.1893791e+04
   1.6770000e+03  -1.1278672e+03  -1.1734358e+04
   1.6780000e+03   2.4129596e+04  -2.0875069e+03
   1.6790000e+03   1.0447843e+04   3.2112776e+03
   1.6800000e+03  -2.3505395e+04  -1.5382521e+04
   1.6810000e+03  -2.7078998e+04  -9.7412797e+03
   1.6820000e+03  -7.0485161e+03   1.2639585e+04
   1.6830000e+03   1.3915289e+04   1.2118248e+04
   1.6840000e+03   2.0364860e+03   5.2313509e+03
   1.6850000e+03  -1.7737655e+04  -1.2562879e+04
   1.6860000e+03  -1.4682243e+04  -1.1610927e+04
   1.6870000e+03   1.7935087e+02   6.9386779e+03
   1.6880000e+03   1.6727515e+04   3.9482946e+03
   1.6890000e+03   9.3426850e+03   2.1534852e+03
   1.6900000e+03  -3.6538034e+03   4.0362931e+03
   1.6910000e+03  -5.8376034e+03   2.7263004e+03
   1.6920000e+03  -3.2255301e+03  -4.3782370e+03
   1.6930000e+03   8.5717601e+03  -1.0345690e+04
   1.6940000e+03   3.5057760e+01  -1.3405070e+03
   1.6950000e+03  -1.1310142e+04   1.3856420e+02
   1.6960000e+03  -3.5860921e+03   3.8234607e+03
   1.6970000e+03   1.3302992e+03   6.3648871e+03
   1.6980000e+03   3.0103965e+03  -2.0889827e+03
   1.6990000e+03  -1.0020007e+04  -8.1195700e+02
   1.7000000e+03  -2.1094278e+04  -4.6016406e+03
   1.7010000e+03  -7.6570687e+03   3.3538690e+02
   1.7020000e+03   1.3949999e+04   1.3779452e+04
   1.7030000e+03   1.8974798e+04   1.1402107e+04
   1.7040000e+03  -5.1862933e+03   8.3133887e+03
   1.7050000e+03  -1.3519420e+04  -1.4279208e+03
   1.7060000e+03   2.9803085e+03  -7.5008733e+03
   1.7070000e+03   1.4907440e+04  -2.9434152e+03
   1.7080000e+03   1.9397373e+04   2.3834960e+02
   1.7090000e+03  -1.0135440e+02   5.8337025e+03
   1.7100000e+03  -8.6754359e+03   4.1327265e+03
   1.7110000e+03   8.9623239e+03   4.2720957e+03
   1.7120000e+03   6.3163885e+03  -1.5208800e+03
   1.7130000e+03  -8.1323573e+03  -9.1148951e+03
   1.7140000e+03  -7.6309341e+03   5.9506027e+03
   1.7150000e+03   6.5863814e+03   9.8788758e+03
   1.7160000e+03   3.1256786e+03   2.4396579e+03
   1.7170000e+03  -1.1120585e+04   1.3820163e+03
   1.7180000e+03  -1.5600217e+03   2.9410296e+03
   1.7190000e+03   7.0136214e+03   6.0545491e+03
   1.7200000e+03   8.8012389e+03  -6.4430579e+03
   1.7210000e+03   7.0088768e+02  -1.2149703e+04
   1.7220000e+03  -1.0372823e+04  -3.4502752e+03
   1.7230000e+03   6.8730640e+03   3.2871216e+03
   1.7240000e+03   1.4278746e+04   5.6399873e+03
   1.7250000e+03   2.0369664e+03  -7.5025920e+03
   1.7260000e+03  -5.6197294e+03  -7.1380529e+03
   1.7270000e+03  -6.4791654e+03   3.7062970e+03
   1.7280000e+03   9.1048721e+03   5.2967362e+03
   1.7290000e+03   1.9437536e+04   9.7833395e+03
   1.7300000e+03   1.2926954e+04   1.0176034e+03
   1.7310000e+03  -8.6180590e+03  -2.5800229e+03
   1.7320000e+03  -2.4362755e+04   5.5963715e+02
   1.7330000e+03  -4.0469683e+03  -5.5827646e+03
   1.7340000e+03   1.8551226e+04   2.2966928e+03
   1.7350000e+03   1.8979064e+04   5.5854791e+03
   1.7360000e+03  -3.7174798e+03  -2.7535984e+03
   1.7370000e+03  -2.0426863e+04  -8.6421692e+03
   1.7380000e+03  -4.0988450e+02  -7.8884696e+03
   1.7390000e+03   7.9731387e+03  -3.9461445e+03
   1.7400000e+03   6.7830340e+02  -1.1388957e+04
   1.7410000e+03   7.2970600e+01  -4.8177131e+03
   1.7420000e+03  -5.6180381e+03   3.1917654e+03
   1.7430000e+03  -6.9588147e+03  -4.5763504e+03
   1.7440000e+03  -6.1787653e+03  -8.4661046e+02
   1.7450000e+03   5.6721095e+03  -1.2916771e+03
   1.7460000e+03   1.5438915e+04  -2.1703243e+03
   1.7470000e+03  -2.4528147e+03   1.2445777e+03
   1.7480000e+03  -1.8488079e+04   5.3195560e+03
   1.7490000e+03  -8.8907960e+03   1.9123950e+04
   1.7500000e+03   2.1696709e+04   1.0691325e+04
   1.7510000e+03   2.6321417e+04  -1.0223581e+04
   1.7520000e+03  -2.0073530e+03  -1.6223490e+04
   1.7530000e+03  -1.3050748e+04  -4.1820032e+03
   1.7540000e+03  -9.4656694e+03   1.5814394e+04
   1.7550000e+03   7.9146299e+03   9.8054116e+03
   1.7560000e+03   1.3399107e+04  -2.6993458e+03
   1.7570000e+03  -1.5909579e+04  -1.1601165e+04
   1.7580000e+03  -2.4662837e+04  -1.4489987e+04
   1.7590000e+03  -4.9466145e+03   8.0671286e+03
   1.7600000e+03   7.6483614e+03   1.2219313e+04
   1.7610000e+03  -7.4455157e+03  -2.0189950e+03
   1.7620000e+03  -2.3325678e+04  -6.5409001e+03
   1.7630000e+03  -3.8440562e+03  -6.9277641e+03
   1.7640000e+03   1.2425850e+04   1.6641876e+03
   1.7650000e+03   1.3297172e+04   4.4702628e+03
   1.7660000e+03   5.9778208e+03   2.0767059e+03
   1.7670000e+03  -6.9879726e+03  -1.0669280e+03
   1.7680000e+03  -3.0940091e+03  -1.9495641e+03
   1.7690000e+03  -3.7296042e+03   3.0211309e+03
   1.7700000e+03  -5.3019266e+03  -2.9320312e+02
   1.7710000e+03   5.5933683e+03   9.7392690e+03
   1.7720000e+03   1.2480321e+04   1.6619338e+04
   1.7730000e+03   1.1221348e+04   2.8876136e+02
   1.7740000e+03  -9.4271353e+03  -5.7550990e+03
   1.7750000e+03  -2.2809757e+04  -3.2698439e+03
   1.7760000e+03  -8.0402016e+03   8.1959715e+03
   1.7770000e+03   1.3376315e+04   8.9585772e+03
   1.7780000e+03   1.4564015e+04  -1.2289723e+04
   1.7790000e+03  -1.5863086e+04  -1.6013283e+04
   1.7800000e+03  -2.3363503e+04  -7.1442690e+03
   1.7810000e+03  -3.6136661e+02   1.1471581e+03
   1.7820000e+03   1.2470261e+04   8.7785000e+01
   1.7830000e+03   1.3608193e+04  -5.7593608e+03
   1.7840000e+03  -8.3865528e+03  -3.1827397e+03
   1.7850000e+03  -2.0200593e+04  -3.3984532e+03
   1.7860000e+03  -1.7698932e+02   1.1930068e+04
   1.7870000e+03   1.6382716e+04   1.6928839e+04
   1.7880000e+03   1.8782498e+04  -5.1228732e+03
   1.7890000e+03   3.4547351e+03  -8.3310945e+03
   1.7900000e+03  -7.9097486e+03  -3.6082647e+03
   1.7910000e+03  -4.3683437e+03   4.8031357e+03
   1.7920000e+03   6.0105409e+03   1.0532914e+04
   1.7930000e+03   1.4852550e+04  -3.0254686e+02
   1.7940000e+03  -1.6347880e+03  -8.3003550e+02
   1.7950000e+03  -8.3998394e+03   1.8332614e+03
   1.7960000e+03   5.0644798e+03   1.7374340e+02
   1.7970000e+03   8.7050654e+03  -7.1827355e+03
   1.7980000e+03   6.1848783e+03  -8.3845791e+03
   1.7990000e+03  -1.1532709e+04   7.0259103e+03
   1.8000000e+03  -1.2327167e+04   3.8610313e+03
   1.8010000e+03   9.8806042e+03  -5.2102042e+03
   1.8020000e+03   9.3514793e+03  -6.5986954e+03
   1.8030000e+03   6.7837280e+01   4.8916710e+02
   1.8040000e+03  -6.7156260e+03   1.8202730e+04
   1.8050000e+03  -8.6666040e+03   5.0359719e+02
   1.8060000e+03  -7.5852830e+02  -2.1709213e+04
   1.8070000e+03   8.2547420e+03  -5.4942039e+03
   1.8080000e+03   7.4563648e+03   1.5219879e+04
   1.8090000e+03  -7.4570890e+03   1.7979833e+04
   1.8100000e+03  -4.9711049e+03  -3.5700155e+03
   1.8110000e+03  -1.6053020e+02  -1.9532143e+04
   1.8120000e+03  -6.6243514e+03  -1.2231892e+04
   1.8130000e+03   4.0137302e+03   6.4608411e+03
   1.8140000e+03   4.3005486e+03   1.5423578e+04
   1.8150000e+03   2.5078120e+03  -9.6883831e+03
   1.8160000e+03   1.1891051e+04  -2.1207635e+04
   1.8170000e+03   3.4023460e+03  -1.8426059e+03
   1.8180000e+03  -5.5579334e+03   1.6497391e+04
   1.8190000e+03  -2.4134047e+03   2.2712791e+04
   1.8200000e+03   8.5787053e+03  -2.5007869e+03
   1.8210000e+03   1.1411955e+04  -1.8652357e+04
   1.8220000e+03   2.9984219e+03  -3.5234522e+03
   1.8230000e+03  -4.4649910e+02   1.0914537e+04
   1.8240000e+03  -7.5733284e+03   2.2871710e+04
   1.8250000e+03  -2.5360175e+03   1.5600837e+04
   1.8260000e+03   2.7830554e+03  -5.4657271e+03
   1.8270000e+03  -6.3144763e+03  -1.3605002e+04
   1.8280000e+03   4.9460612e+02  -3.0345872e+03
   1.8290000e+03   5.1235049e+03   9.3115052e+03
   1.8300000e+03   1.0207972e+03   2.5073483e+03
   1.8310000e+03  -3.7989386e+03  -1.3216075e+03
   1.8320000e+03  -8.2149666e+03  -6.3076469e+03
   1.8330000e+03   2.7015449e+03  -5.5683884e+03
   1.8340000e+03   7.7174235e+03   1.3308979e+04
   1.8350000e+03   3.5960378e+03   5.4364478e+02
   1.8360000e+03  -5.2086997e+03  -2.1105176e+04
   1.8370000e+03  -1.0182075e+04  -1.4051958e+04
   1.8380000e+03   5.1848332e+03   4.1455995e+03
   1.8390000e+03   1.1551662e+04   1.6921095e+04
   1.8400000e+03   4.9478722e+03   3.1124314e+03
   1.8410000e+03  -1.4280102e+04  -8.8693445e+03
   1.8420000e+03  -2.5791942e+04  -7.3102273e+03
   1.8430000e+03   6.2429044e+03  -4.1015059e+03
   1.8440000e+03   2.3768496e+04   6.4288725e+03
   1.8450000e+03   3.1542883e+03   3.8777679e+03
   1.8460000e+03  -1.9163494e+04   2.8281761e+03
   1.8470000e+03  -1.9711838e+04  -2.1260147e+02
   1.8480000e+03   6.0521787e+03  -1.4285214e+04
   1.8490000e+03   1.0781451e+04  -1.1027162e+04
   1.8500000e+03  -2.4831730e+03  -7.0255337e+03
   1.8510000e+03  -4.0392744e+03   1.1922682e+03
   1.8520000e+03  -1.6966555e+03   8.8311160e+03
   1.8530000e+03   1.4371727e+03  -8.1689480e+01
   1.8540000e+03  -3.2072071e+03  -6.6379500e+01
   1.8550000e+03  -8.9827578e+02  -1.8500162e+03
   1.8560000e+03  -2.4848573e+03  -5.8589790e+03
   1.8570000e+03  -1.2922894e+04  -3.8708695e+03
   1.8580000e+03  -1.4469982e+03   4.1889298e+03
   1.8590000e+03   2.4678593e+03   1.6048667e+04
   1.8600000e+03  -1.6351418e+03   4.3475921e+03
   1.8610000e+03  -1.7452844e+03  -1.8115252e+03
   1.8620000e+03  -1.2969960e+04   6.7996528e+03
   1.8630000e+03  -7.1002377e+03   2.2343818e+03
   1.8640000e+03   1.0455778e+04  -2.5146224e+03
   1.8650000e+03   1.5511180e+04  -8.1810799e+03
   1.8660000e+03   6.5726021e+03  -2.0086014e+03
   1.8670000e+03  -2.4052566e+03   4.3808716e+03
   1.8680000e+03   1.5524983e+03  -9.3465714e+03
   1.8690000e+03  -4.7927486e+02  -8.1915214e+03
   1.8700000e+03  -6.7563656e+02   6.1275677e+03
   1.8710000e+03  -1.8697460e+02   8.2475066e+03
   1.8720000e+03  -7.1268490e+02  -1.1423690e+04
   1.8730000e+03   6.0767864e+03  -2.2693319e+04
   1.8740000e+03  -1.3762258e+04   1.7843793e+03
   1.8750000e+03  -2.3252912e+04   2.5607664e+04
   1.8760000e+03   8.0990513e+03   3.2098189e+04
   1.8770000e+03   2.1156097e+04   5.2253447e+03
   1.8780000e+03   3.5452311e+03  -2.8990226e+04
   1.8790000e+03  -1.1484374e+04  -1.0037340e+04
   1.8800000e+03   1.7306799e+03   1.8120032e+04
   1.8810000e+03   1.6861611e+04   1.8682418e+04
   1.8820000e+03   7.8359761e+03   7.9929072e+02
   1.8830000e+03  -2.0176084e+03  -1.9325866e+04
   1.8840000e+03  -5.1061837e+03  -9.3072518e+03
   1.8850000e+03   5.0898182e+03   1.3984955e+04
   1.8860000e+03   7.8182082e+03   1.9999532e+04
   1.8870000e+03  -5.2072671e+02  -6.1380695e+03
   1.8880000e+03   7.1474188e+03  -2.7610143e+04
   1.8890000e+03   1.0934430e+03  -3.5399243e+03
   1.8900000e+03  -6.5162207e+03   2.0231763e+04
   1.8910000e+03   3.8287343e+03   1.7816472e+04
   1.8920000e+03   3.8326907e+03  -5.7411173e+03
   1.8930000e+03  -9.4809730e+02  -1.7502732e+04
   1.8940000e+03  -1.6071513e+03   6.5028507e+03
   1.8950000e+03   8.8328866e+03   6.7779441e+03
   1.8960000e+03   1.3046234e+04  -1.1009048e+04
   1.8970000e+03   5.8637751e+02  -6.1880957e+03
   1.8980000e+03  -5.8364838e+03   6.0179725e+03
   1.8990000e+03  -7.4519761e+03   1.1088707e+04
   1.9000000e+03   5.4123739e+03   3.7029941e+02
   1.9010000e+03   6.5579350e+03  -2.5250179e+03
   1.9020000e+03  -1.2194333e+04   2.6185054e+03
   1.9030000e+03  -1.3466707e+03  -4.0629000e+02
   1.9040000e+03   1.0082392e+04  -2.6362185e+03
   1.9050000e+03   2.2937755e+03  -3.5946483e+03
   1.9060000e+03  -7.1050445e+03   1.1414229e+04
   1.9070000e+03  -1.2038165e+04   1.4155134e+04
   1.9080000e+03   3.3444787e+03  -5.7486290e+03
   1.9090000e+03   1.0820296e+04  -1.2757467e+04
   1.9100000e+03   1.9374277e+03  -1.9682345e+04
   1.9110000e+03  -4.2831824e+03  -9.0610989e+03
   1.9120000e+03  -2.9638357e+03   7.6770268e+03
   1.9130000e+03   3.9813684e+03  -4.8962420e+03
   1.9140000e+03  -6.4738403e+03  -9.7111798e+03
   1.9150000e+03  -1.3411291e+04  -3.9830942e+03
   1.9160000e+03  -2.6288976e+03  -2.9261967e+02
   1.9170000e+03   9.3897122e+03   2.6861656e+03
   1.9180000e+03   1.3965271e+04   5.0319019e+03
   1.9190000e+03  -6.5145280e+03   7.4636707e+03
   1.9200000e+03  -9.8691405e+03  -1.9809913e+03
   1.9210000e+03   8.1576250e+03   1.8129994e+03
   1.9220000e+03  -3.5254563e+03   9.9988137e+03
   1.9230000e+03  -1.4805924e+04   1.1927013e+03
   1.9240000e+03  -3.4404009e+03  -3.6875892e+03
   1.9250000e+03   9.4917868e+03  -1.0981105e+04
   1.9260000e+03   5.9087403e+03  -8.2289284e+03
   1.9270000e+03  -6.1814399e+03  -3.8007463e+02
   1.9280000e+03  -1.1109211e+04  -1.0423969e+03
   1.9290000e+03  -1.7609031e+04   7.4717911e+03
   1.9300000e+03  -4.9355343e+03  -2.9746056e+02
   1.9310000e+03   1.1079918e+04  -1.7715416e+04
   1.9320000e+03   1.5374360e+03  -1.0358358e+04
   1.9330000e+03  -6.0420297e+03   1.6877427e+04
   1.9340000e+03  -1.0080337e+04   2.6120976e+04
   1.9350000e+03  -3.3106564e+03  -6.7675080e+03
   1.9360000e+03   6.0441351e+03  -2.2457213e+04
   1.9370000e+03  -1.5287621e+03  -5.1664236e+03
   1.9380000e+03  -1.7034281e+03   1.3497529e+04
   1.9390000e+03   1.0151224e+03   2.7762884e+04
   1.9400000e+03   9.8558814e+02   7.4862708e+03
   1.9410000e+03   1.5937350e+03  -1.9708895e+04
   1.9420000e+03   7.2375331e+03  -1.6221677e+04
   1.9430000e+03   1.2913711e+04   2.4914845e+03
   1.9440000e+03  -7.9705169e+03   1.8297758e+04
   1.9450000e+03  -1.5564707e+04   4.7105678e+03
   1.9460000e+03   1.6244235e+03  -1.5845472e+04
   1.9470000e+03   8.9738155e+03  -1.3453010e+04
   1.9480000e+03   1.2030589e+04   6.7450775e+03
   1.9490000e+03  -5.7278230e+03   1.8253456e+04
   1.9500000e+03  -2.1746924e+04  -4.6892023e+03
   1.9510000e+03  -4.5607283e+03  -1.5594412e+04
   1.9520000e+03   1.6628302e+04  -7.1468637e+02
   1.9530000e+03   1.7530021e+04   1.3192410e+04
   1.9540000e+03  -6.7490287e+03   2.0189002e+04
   1.9550000e+03  -1.5684098e+04  -3.1226703e+02
   1.9560000e+03   2.6280487e+03  -1.2585287e+04
   1.9570000e+03   1.4506000e+04   3.6163940e+03
   1.9580000e+03   1.2976839e+04   1.4037215e+04
   1.9590000e+03  -2.8193622e+03   6.6015899e+03
   1.9600000e+03  -6.9274934e+03  -1.4056712e+04
   1.9610000e+03   3.4754396e+03  -9.1116815e+03
   1.9620000e+03   1.2125508e+04   1.2403500e+04
   1.9630000e+03   1.5647226e+04   1.3391960e+04
   1.9640000e+03  -6.8852940e+03   6.6557124e+02
   1.9650000e+03  -1.3546357e+04  -1.3913662e+04
   1.9660000e+03   1.1920155e+04  -2.8869216e+03
   1.9670000e+03   1.7507670e+04   4.7668355e+03
   1.9680000e+03   2.7365801e+03  -8.3505218e+03
   1.9690000e+03  -1.5461886e+04  -2.8942950e+02
   1.9700000e+03  -1.4762283e+04   7.3892580e+03
   1.9710000e+03   2.2839324e+03   3.6953848e+03
   1.9720000e+03   1.1546032e+04  -9.5795397e+03
   1.9730000e+03   1.1645735e+04  -2.2551019e+04
   1.9740000e+03  -2.2331870e+03  -1.7138413e+03
   1.9750000e+03  -7.1081355e+03   1.5775998e+04
   1.9760000e+03  -2.6550272e+03   9.5819095e+03
   1.9770000e+03  -1.2554774e+03  -1.4849334e+03
   1.9780000e+03   7.7662530e+03  -7.5758575e+03
   1.9790000e+03   3.5898715e+03  -5.4256606e+03
   1.9800000e+03  -1.3355820e+02  -5.7943275e+03
   1.9810000e+03   2.4298309e+03   7.3219502e+03
   1.9820000e+03  -5.8682893e+03   1.0117206e+04
   1.9830000e+03  -2.7833407e+03  -6.8460699e+03
   1.9840000e+03   3.5024682e+03  -2.2383197e+03
   1.9850000e+03   1.5932092e+03   4.2366757e+03
   1.9860000e+03  -6.1644167e+03   7.3298485e+03
   1.9870000e+03  -8.3053787e+03   2.1305640e+03
   1.9880000e+03   1.6658247e+03  -1.5434050e+04
   1.9890000e+03  -1.5146750e+03  -6.6448113e+03
   1.9900000e+03  -3.5050285e+02   6.0256642e+03
   1.9910000e+03   3.9449338e+03   1.6877588e+03
   1.9920000e+03  -3.0465431e+03  -6.7317941e+03
   1.9930000e+03  -2.3507931e+03  -9.1743784e+03
   1.9940000e+03  -6.7167785e+03  -1.6385900e+02
   1.9950000e+03   2.2435221e+03   2.7803861e+03
   1.9960000e+03   1.2907582e+04   7.3498636e+03
   1.9970000e+03  -1.3295638e+04   3.0097941e+03
   1.9980000e+03  -2.7335046e+04  -7.6236360e+03
   1.9990000e+03  -4.8227384e+03   5.0126891e+03
   2.0000000e+03   2.3116878e+04   9.2380307e+03
