   1.0274000e+02   2.5123000e+01
   9.9643300e+01   2.5487600e+01
   0.0000000e+00   6.0471205e+04   6.0471205e+04
   1.0000000e+00   1.8641869e+05  -7.9569096e+04
   2.0000000e+00   3.8459902e+04  -2.2053611e+04
   3.0000000e+00  -2.5518386e+05   1.3995647e+05
   4.0000000e+00  -2.8829893e+05   1.0283406e+05
   5.0000000e+00   2.7254113e+04  -1.9601689e+05
   6.0000000e+00   3.3735756e+05  -3.0648649e+05
   7.0000000e+00   3.1390801e+05   2.3034785e+04
   8.0000000e+00  -1.0233940e+04   3.5579592e+05
   9.0000000e+00  -2.9284929e+05   2.8591083e+05
   1.0000000e+01  -2.2915637e+05  -4.4921170e+04
   1.1000000e+01   6.6738832e+04  -2.6904868e+05
   1.2000000e+01   2.2084217e+05  -1.8825389e+05
   1.3000000e+01   1.0021060e+05   5.0630873e+04
   1.4000000e+01  -7.3163671e+04   1.5312661e+05
   1.5000000e+01  -7.3591600e+04   8.6869183e+04
   1.6000000e+01   2.6684461e+04   2.9261450e+03
   1.7000000e+01   5.4204810e+04  -5.2305531e+04
   1.8000000e+01   6.2424083e+03  -3.2120881e+04
   1.9000000e+01  -6.4288954e+04   4.7269038e+04
   2.0000000e+01  -1.1940930e+05   6.9753887e+03
   2.1000000e+01  -5.5424969e+04  -1.1779122e+05
   2.2000000e+01   1.1577310e+05  -1.0459508e+05
   2.3000000e+01   1.5160109e+05   2.8851684e+04
   2.4000000e+01  -2.8781725e+04   1.1046992e+05
   2.5000000e+01  -1.7984752e+05   7.3014984e+04
   2.6000000e+01  -1.2786399e+05  -3.1459532e+04
   2.7000000e+01   4.8080254e+04  -9.8094857e+04
   2.8000000e+01   1.3580153e+05  -8.6228229e+04
   2.9000000e+01   3.7684178e+04  -4.4474593e+04
   3.0000000e+01  -5.5653327e+04   2.3975715e+04
   3.1000000e+01  -2.1316626e+03   1.1467751e+05
   3.2000000e+01   7.5484202e+04   1.1303977e+05
   3.3000000e+01   4.8688645e+04   8.3337953e+03
   3.4000000e+01  -6.3226733e+04  -6.2029201e+04
   3.5000000e+01  -1.0865488e+05  -5.7764760e+04
   3.6000000e+01   5.4155884e+03  -1.3258787e+04
   3.7000000e+01   1.0869927e+05   3.2710255e+04
   3.8000000e+01   1.8479569e+04   1.9277382e+04
   3.9000000e+01  -1.2675228e+05  -3.8261025e+04
   4.0000000e+01  -9.9279051e+04  -5.2633279e+04
   4.1000000e+01   5.2265090e+04   2.3732353e+03
   4.2000000e+01   1.3340924e+05   4.9601082e+04
   4.3000000e+01   4.5002283e+04   1.1108383e+04
   4.4000000e+01  -1.2221653e+05  -6.8713027e+04
   4.5000000e+01  -1.2955044e+05  -6.3802197e+04
   4.6000000e+01   4.5216369e+04   2.7172331e+04
   4.7000000e+01   1.4999315e+05   6.9208126e+04
   4.8000000e+01   8.3660720e+04   4.5450409e+04
   4.9000000e+01  -4.3008110e+04   4.8051319e+03
   5.0000000e+01  -1.1907940e+05  -6.0492046e+04
   5.1000000e+01  -6.9214953e+04  -4.8506685e+04
   5.2000000e+01   6.3278424e+04   6.4393855e+04
   5.3000000e+01   7.3716952e+04   7.7701684e+04
   5.4000000e+01  -7.4179938e+04  -3.1632394e+04
   5.5000000e+01  -1.1469925e+05  -7.8856554e+04
   5.6000000e+01   4.2217545e+04  -2.2195761e+04
   5.7000000e+01   1.4694272e+05   5.0013375e+04
   5.8000000e+01   3.5919918e+04   5.8779784e+04
   5.9000000e+01  -1.3965907e+05  -2.8894046e+04
   6.0000000e+01  -1.1514854e+05  -9.8319211e+04
   6.1000000e+01   7.6351464e+04  -2.6723204e+04
   6.2000000e+01   1.1117332e+05   6.7708386e+04
   6.3000000e+01  -4.6034639e+04   5.9510920e+04
   6.4000000e+01  -9.5303389e+04  -1.0288914e+04
   6.5000000e+01   2.8871773e+04  -8.1824702e+04
   6.6000000e+01   1.3395570e+05  -5.2227084e+04
   6.7000000e+01   1.1123405e+05   8.1400412e+04
   6.8000000e+01  -4.1674572e+04   1.0856808e+05
   6.9000000e+01  -1.7527079e+05  -2.6715673e+04
   7.0000000e+01  -8.5672558e+04  -1.1694698e+05
   7.1000000e+01   1.1769540e+05  -4.0833068e+04
   7.2000000e+01   1.6754214e+05   8.5832465e+04
   7.3000000e+01   1.9660329e+04   9.5506974e+04
   7.4000000e+01  -1.5677548e+05  -2.4476175e+04
   7.5000000e+01  -1.3769792e+05  -1.0786115e+05
   7.6000000e+01   5.5875139e+04  -3.1704855e+04
   7.7000000e+01   1.2868129e+05   8.1461720e+04
   7.8000000e+01  -4.8614883e+03   7.5108856e+04
   7.9000000e+01  -1.2486626e+05  -2.6280374e+04
   8.0000000e+01  -8.7873591e+04  -1.0121453e+05
   8.1000000e+01   6.0366722e+04  -2.4221564e+04
   8.2000000e+01   1.6035121e+05   1.3560478e+05
   8.3000000e+01   7.0454334e+04   1.3036816e+05
   8.4000000e+01  -7.3118626e+04  -5.2710532e+04
   8.5000000e+01  -4.8162756e+04  -1.6707463e+05
   8.6000000e+01   6.0479602e+04  -7.3141701e+04
   8.7000000e+01   8.1791380e+04   1.2313187e+05
   8.8000000e+01   1.3516696e+03   1.8451526e+05
   8.9000000e+01  -6.4167495e+04   9.8914581e+03
   9.0000000e+01   3.3124306e+04  -1.6661850e+05
   9.1000000e+01   1.3633874e+05  -9.6250278e+04
   9.2000000e+01   7.0200235e+03   8.1144513e+04
   9.3000000e+01  -1.6370677e+05   1.2465935e+05
   9.4000000e+01  -1.3912079e+05   2.2574820e+04
   9.5000000e+01   1.1622943e+04  -1.0870825e+05
   9.6000000e+01   1.8483255e+05  -1.0222919e+05
   9.7000000e+01   2.6710957e+05   5.1951000e+04
   9.8000000e+01   1.1046837e+05   1.3831709e+05
   9.9000000e+01  -1.8362192e+05   7.7362192e+04
   1.0000000e+02  -3.1514341e+05  -2.3741212e+04
   1.0100000e+02  -1.6789089e+05  -8.7990119e+04
   1.0200000e+02   1.3349811e+05  -7.0222925e+04
   1.0300000e+02   3.2832413e+05   1.8349530e+04
   1.0400000e+02   1.7293314e+05   6.7685839e+04
   1.0500000e+02  -1.9084016e+05   3.3530000e+04
   1.0600000e+02  -3.3062326e+05  -1.1789309e+04
   1.0700000e+02  -1.5566336e+05  -5.4292540e+04
   1.0800000e+02  -7.9640585e+03  -1.0333451e+05
   1.0900000e+02  -1.1441568e+05  -1.2188208e+05
   1.1000000e+02  -3.0654155e+05  -1.0251487e+05
   1.1100000e+02  -2.2254139e+05  -1.0335070e+04
   1.1200000e+02   2.7247267e+05   1.3669462e+05
   1.1300000e+02   7.2982496e+05   1.7718648e+05
   1.1400000e+02   5.3876190e+05   4.8755942e+04
   1.1500000e+02  -1.9040685e+05  -1.1895917e+05
   1.1600000e+02  -6.5621920e+05  -1.4512773e+05
   1.1700000e+02  -2.9986458e+05   4.5831822e+04
   1.1800000e+02   4.6232054e+05   2.4447869e+05
   1.1900000e+02   6.7217694e+05   1.4926166e+05
   1.2000000e+02   9.2566545e+04  -1.2326893e+05
   1.2100000e+02  -5.4152567e+05  -1.6277743e+05
   1.2200000e+02  -5.3213946e+05   4.6734728e+04
   1.2300000e+02   2.5208641e+04   1.3036980e+05
   1.2400000e+02   3.9804542e+05  -4.7642050e+04
   1.2500000e+02   1.1990142e+05  -2.1527148e+05
   1.2600000e+02  -3.3034496e+05  -1.1586832e+05
   1.2700000e+02  -2.6249854e+05   1.0438985e+05
   1.2800000e+02   1.1158237e+05   1.3600603e+05
   1.2900000e+02   1.6586996e+05  -1.5388950e+04
   1.3000000e+02  -3.8502500e+04  -1.2971311e+05
   1.3100000e+02  -6.4658441e+04  -1.0061329e+05
   1.3200000e+02   6.0823156e+04   3.0593973e+04
   1.3300000e+02   4.5269194e+04   1.3434178e+05
   1.3400000e+02  -1.5138797e+04   8.8470075e+04
   1.3500000e+02   1.0539513e+05  -4.4535579e+04
   1.3600000e+02   1.2823331e+05  -7.7303378e+04
   1.3700000e+02  -1.1987620e+05   7.6266731e+03
   1.3800000e+02  -1.7659982e+05   5.7774697e+04
   1.3900000e+02   6.3238068e+04  -6.4236971e+03
   1.4000000e+02   1.1752311e+05  -8.5372643e+04
   1.4100000e+02  -3.5917896e+04  -2.8034431e+04
   1.4200000e+02  -5.0091263e+04   8.4352768e+04
   1.4300000e+02   1.6389893e+04   6.0614704e+04
   1.4400000e+02  -3.3670432e+03  -2.5196040e+04
   1.4500000e+02  -6.4671338e+03  -3.3340591e+04
   1.4600000e+02   1.5272367e+04  -2.6212186e+04
   1.4700000e+02  -2.4153200e+04  -2.9699797e+04
   1.4800000e+02  -3.8922386e+04   3.0806567e+04
   1.4900000e+02   2.4697020e+04   9.3036022e+04
   1.5000000e+02   8.6238910e+04   6.1174684e+04
   1.5100000e+02   7.7373497e+04  -1.2152557e+04
   1.5200000e+02  -2.4047598e+03  -6.3128871e+04
   1.5300000e+02  -6.0462909e+04  -4.9163093e+04
   1.5400000e+02  -6.8880474e+03   3.0991773e+04
   1.5500000e+02   9.7509728e+04   6.0383957e+04
   1.5600000e+02   9.0159177e+04   1.6451879e+04
   1.5700000e+02  -6.8207014e+04  -1.4185162e+04
   1.5800000e+02  -1.7941480e+05  -2.8817065e+04
   1.5900000e+02  -6.4797118e+04  -2.3657206e+04
   1.6000000e+02   1.2809643e+05   1.2310718e+04
   1.6100000e+02   1.2910744e+05   2.8342706e+04
   1.6200000e+02  -2.5382700e+04   2.0462530e+04
   1.6300000e+02  -1.1285078e+05   1.4056442e+04
   1.6400000e+02  -8.3251784e+04  -1.4669281e+04
   1.6500000e+02   8.8410238e+03  -3.2269447e+04
   1.6600000e+02   9.3091960e+04   1.4946104e+04
   1.6700000e+02   6.5020944e+04   4.7839514e+04
   1.6800000e+02  -3.8448236e+04   2.1981704e+04
   1.6900000e+02  -6.0944982e+04   3.1796320e+03
   1.7000000e+02   2.3398178e+04  -7.4934010e+03
   1.7100000e+02   1.0516784e+05  -1.2564430e+04
   1.7200000e+02   8.3959358e+04  -7.3627327e+03
   1.7300000e+02  -3.0619352e+04  -3.7655211e+04
   1.7400000e+02  -9.3409218e+04  -5.6712490e+04
   1.7500000e+02  -3.5899616e+04  -1.0289921e+04
   1.7600000e+02   2.2982909e+04   2.0664907e+04
   1.7700000e+02   2.3824087e+04   2.1625429e+03
   1.7800000e+02  -1.7357637e+03  -4.3465320e+03
   1.7900000e+02  -4.2631418e+04  -1.0497603e+03
   1.8000000e+02  -3.1448195e+04   3.8534332e+02
   1.8100000e+02   1.6864308e+04   2.0439657e+04
   1.8200000e+02  -2.2502305e+04   1.8940524e+04
   1.8300000e+02  -7.8254807e+04   8.8905347e+02
   1.8400000e+02  -1.8393526e+04   9.0689641e+03
   1.8500000e+02   5.4298677e+04   2.0190457e+03
   1.8600000e+02   3.3239044e+04  -3.6719585e+03
   1.8700000e+02  -1.3345664e+04   1.7360597e+04
   1.8800000e+02  -2.0200048e+04  -1.3455693e+04
   1.8900000e+02   1.6111123e+04  -6.9305615e+04
   1.9000000e+02   4.2490783e+04  -5.0293455e+04
   1.9100000e+02  -4.6812582e+03   1.0893800e+04
   1.9200000e+02  -3.4186108e+04   3.9510904e+04
   1.9300000e+02   1.9762103e+04   1.6415488e+04
   1.9400000e+02   2.8881794e+04  -4.7604192e+04
   1.9500000e+02  -2.5362759e+04  -6.8608818e+04
   1.9600000e+02  -3.8487635e+04   8.0671864e+03
   1.9700000e+02  -2.7389660e+04   6.3306691e+04
   1.9800000e+02  -2.0236141e+04   3.5637938e+04
   1.9900000e+02   9.4334132e+03   8.0152603e+03
   2.0000000e+02   2.6992962e+04  -4.2048714e+03
   2.0100000e+02   5.1876465e+03   6.2978066e+03
   2.0200000e+02  -1.6119274e+04   3.7430130e+04
   2.0300000e+02  -1.9535750e+04   8.3642926e+03
   2.0400000e+02   5.8393933e+03  -5.1719090e+04
   2.0500000e+02   4.2380922e+04  -4.7697728e+04
   2.0600000e+02   9.2465756e+03  -2.5948360e+03
   2.0700000e+02  -3.7822300e+04   2.7743380e+04
   2.0800000e+02   5.2624875e+03   2.4634368e+04
   2.0900000e+02   3.5242807e+04  -2.1919516e+04
   2.1000000e+02  -1.6148871e+04  -5.6014058e+04
   2.1100000e+02  -4.4910977e+04  -1.1222091e+04
   2.1200000e+02  -1.5393729e+04   4.1887691e+04
   2.1300000e+02   1.9476995e+04   3.0221776e+04
   2.1400000e+02   2.4701269e+04  -7.4765288e+03
   2.1500000e+02  -1.2659859e+03  -2.4212193e+04
   2.1600000e+02  -8.0590757e+03   2.2167282e+04
   2.1700000e+02   2.5070605e+04   7.9583911e+04
   2.1800000e+02   2.1913332e+04   3.3747232e+04
   2.1900000e+02  -1.3346691e+04  -3.9437003e+04
   2.2000000e+02   7.3287452e+03  -2.9137542e+04
   2.2100000e+02   3.3485856e+04  -3.9625414e+03
   2.2200000e+02   1.1945449e+04  -5.1300560e+03
   2.2300000e+02   6.7691434e+02   1.4630734e+04
   2.2400000e+02  -3.7334993e+03   2.9765568e+04
   2.2500000e+02  -1.3597924e+04   3.3881298e+03
   2.2600000e+02  -6.4489087e+03  -3.3387161e+04
   2.2700000e+02  -3.9697056e+03  -5.5052992e+04
   2.2800000e+02   8.9814100e+01  -2.2950316e+04
   2.2900000e+02   1.6096196e+04   4.8269918e+04
   2.3000000e+02   1.7597925e+03   4.1186383e+04
   2.3100000e+02  -2.8696027e+04  -2.4305967e+04
   2.3200000e+02  -1.7494653e+04  -2.9234917e+04
   2.3300000e+02   1.8200122e+04   5.6397907e+03
   2.3400000e+02   3.4882708e+04   2.6929883e+04
   2.3500000e+02   1.1311123e+04   2.5722640e+04
   2.3600000e+02  -4.1708074e+04  -9.2806176e+03
   2.3700000e+02  -2.6371372e+04  -2.7117160e+04
   2.3800000e+02   5.4958611e+04   1.4209704e+04
   2.3900000e+02   3.9506039e+04   3.4660597e+04
   2.4000000e+02  -4.9582474e+04  -1.7628397e+03
   2.4100000e+02  -5.1028756e+04  -2.3934294e+04
   2.4200000e+02   2.1282381e+04  -2.8175358e+04
   2.4300000e+02   6.9243725e+04  -1.4328217e+04
   2.4400000e+02   4.3727512e+04   3.6473178e+04
   2.4500000e+02  -3.7924954e+04   4.1537808e+04
   2.4600000e+02  -6.0885180e+04  -9.9494780e+03
   2.4700000e+02   1.3634296e+04  -3.4461761e+04
   2.4800000e+02   4.9515879e+04  -2.8190030e+04
   2.4900000e+02   4.3181580e+03  -5.7492879e+02
   2.5000000e+02  -2.7080611e+04   2.8779031e+04
   2.5100000e+02  -3.3984926e+04   9.5480532e+03
   2.5200000e+02  -9.4956986e+03  -1.7435824e+04
   2.5300000e+02   4.6448780e+04   5.6490199e+03
   2.5400000e+02   2.3059743e+04   2.2698869e+04
   2.5500000e+02  -5.5696927e+04   3.4230051e+03
   2.5600000e+02  -4.9277345e+04  -7.7569914e+03
   2.5700000e+02   1.0371465e+04  -2.8173158e+04
   2.5800000e+02   2.9329051e+04  -3.5861722e+04
   2.5900000e+02   7.5075409e+03   1.7312782e+04
   2.6000000e+02  -2.4857790e+04   3.2484833e+04
   2.6100000e+02  -2.4293486e+04  -1.9234168e+04
   2.6200000e+02   1.4807123e+04  -3.3218309e+04
   2.6300000e+02   2.1575362e+04  -5.9508515e+03
   2.6400000e+02  -3.5043635e+03   2.2543342e+04
   2.6500000e+02   5.0486075e+02   3.1837082e+04
   2.6600000e+02   3.5843646e+03  -9.6727239e+02
   2.6700000e+02   2.5402201e+03  -2.1608729e+04
   2.6800000e+02   2.9104585e+04   1.3500615e+04
   2.6900000e+02   1.7317194e+04   3.4369268e+04
   2.7000000e+02  -2.8347964e+04   1.3755441e+04
   2.7100000e+02  -2.0171752e+04   4.0567579e+03
   2.7200000e+02   1.4765560e+04  -6.9412888e+03
   2.7300000e+02   1.8524912e+04  -1.4603596e+04
   2.7400000e+02  -4.7066849e+03   1.6892008e+04
   2.7500000e+02  -3.7700566e+04   2.2970823e+04
   2.7600000e+02  -3.5617698e+04  -1.7915944e+04
   2.7700000e+02   8.0855264e+03  -4.2259518e+04
   2.7800000e+02   1.2822987e+04  -3.7656667e+04
   2.7900000e+02  -1.5989374e+04  -2.0480347e+03
   2.8000000e+02  -8.0399428e+03   3.2760732e+04
   2.8100000e+02   4.1300385e+02   3.6972968e+03
   2.8200000e+02   5.0403045e+03  -3.4352763e+04
   2.8300000e+02   4.0797970e+04  -4.7036635e+03
   2.8400000e+02   3.4695195e+04   2.2558716e+04
   2.8500000e+02  -1.7748365e+04  -6.6433357e+02
   2.8600000e+02  -2.4933188e+04  -7.0363796e+03
   2.8700000e+02   5.1104919e+03   1.0315690e+03
   2.8800000e+02   2.2136950e+04  -1.2348293e+02
   2.8900000e+02   1.5718321e+04   1.4943078e+04
   2.9000000e+02  -1.9743110e+04   1.2980348e+04
   2.9100000e+02  -4.4045746e+04   1.9230856e+02
   2.9200000e+02  -8.3184013e+03   9.5916956e+03
   2.9300000e+02   2.4061256e+04  -3.7895777e+03
   2.9400000e+02   3.0428446e+03  -2.2093906e+04
   2.9500000e+02  -1.0943948e+04  -7.0620480e+03
   2.9600000e+02  -7.3808158e+03  -5.9436150e+03
   2.9700000e+02  -2.7783145e+03  -1.2302264e+04
   2.9800000e+02   6.6083690e+03   1.1321410e+04
   2.9900000e+02  -1.4714412e+04   1.5904993e+04
   3.0000000e+02  -2.9465601e+04  -4.2283231e+03
   3.0100000e+02   9.0255031e+03   4.8507612e+03
   3.0200000e+02   3.3912405e+04   2.5045708e+03
   3.0300000e+02   2.4873449e+04  -2.2015987e+04
   3.0400000e+02   1.1062869e+04  -9.9894742e+03
   3.0500000e+02  -2.7638420e+04   3.6072421e+03
   3.0600000e+02  -5.3612647e+04   6.3349975e+03
   3.0700000e+02  -9.5492406e+03   1.9514100e+04
   3.0800000e+02   3.1191791e+04  -5.8595787e+03
   3.0900000e+02   1.1894766e+04  -3.4895436e+04
   3.1000000e+02  -5.5067235e+03  -4.6345795e+03
   3.1100000e+02  -1.5342170e+03   1.8928218e+04
   3.1200000e+02   1.0166741e+04  -7.1413458e+02
   3.1300000e+02   2.1638339e+04  -9.0621568e+03
   3.1400000e+02  -7.0574999e+02  -2.4230454e+03
   3.1500000e+02  -1.1927284e+04   1.1384073e+03
   3.1600000e+02   2.2419839e+04   1.1889010e+04
   3.1700000e+02   2.7917786e+04   1.9525470e+03
   3.1800000e+02   6.0690658e+03  -1.1136840e+04
   3.1900000e+02   7.6525685e+03   1.8040663e+04
   3.2000000e+02  -4.5028730e+03   2.4394771e+04
   3.2100000e+02  -1.9963111e+04  -8.4617717e+03
   3.2200000e+02   2.1670648e+04  -1.3714794e+04
   3.2300000e+02   5.3891902e+04  -6.7542109e+02
   3.2400000e+02   1.4694443e+04   1.8524818e+04
   3.2500000e+02  -2.9668383e+04   3.8832584e+04
   3.2600000e+02  -4.6375493e+04   1.7955122e+04
   3.2700000e+02  -2.8291803e+04  -1.9922999e+04
   3.2800000e+02   2.2082037e+04  -2.1717857e+04
   3.2900000e+02   2.3451941e+04  -1.0423391e+04
   3.3000000e+02  -1.3093768e+04  -5.5968111e+03
   3.3100000e+02  -5.0772639e+03   5.1504326e+03
   3.3200000e+02   1.2972174e+04   2.1788451e+02
   3.3300000e+02   1.3396747e+04   1.0845711e+03
   3.3400000e+02   2.0615020e+04   2.8249486e+04
   3.3500000e+02   2.1187673e+03   9.0465554e+03
   3.3600000e+02  -3.0650531e+04  -3.3509300e+04
   3.3700000e+02  -1.6653409e+04  -1.2831238e+04
   3.3800000e+02   5.7587784e+03   2.8127857e+04
   3.3900000e+02   5.4380917e+03   4.0513038e+04
   3.4000000e+02   1.4044212e+04   2.6122942e+04
   3.4100000e+02  -3.5116111e+03  -1.5052196e+04
   3.4200000e+02  -3.1588449e+04  -2.5145668e+04
   3.4300000e+02  -3.7223019e+03   2.1004759e+04
   3.4400000e+02   1.6782434e+04   2.4706762e+04
   3.4500000e+02  -6.6460289e+03  -2.8499936e+04
   3.4600000e+02  -1.3479917e+04  -3.2434171e+04
   3.4700000e+02  -7.5752598e+03  -5.6568442e+03
   3.4800000e+02  -5.5683800e+03  -1.7893236e+03
   3.4900000e+02   7.2683466e+03   6.2229105e+03
   3.5000000e+02   6.4326221e+03  -4.6447924e+03
   3.5100000e+02  -9.7513963e+03  -1.6659996e+04
   3.5200000e+02  -3.7308837e+03   3.3003829e+03
   3.5300000e+02   4.5044402e+03  -1.0632407e+04
   3.5400000e+02   5.5861704e+03  -2.9819305e+04
   3.5500000e+02   1.7817534e+04   7.0869605e+03
   3.5600000e+02  -7.8946594e+03   2.2811563e+04
   3.5700000e+02  -4.1368724e+04  -1.8452468e+03
   3.5800000e+02  -6.4590522e+03   4.3470965e+02
   3.5900000e+02   1.5173759e+04   3.0107196e+03
   3.6000000e+02  -1.0460436e+04  -1.5992510e+04
   3.6100000e+02  -6.6675124e+03  -5.9984672e+03
   3.6200000e+02   2.3353174e+03   7.2811013e+03
   3.6300000e+02  -1.2136886e+04  -2.6506591e+03
   3.6400000e+02  -1.7620005e+04   1.5996345e+03
   3.6500000e+02  -2.4631697e+04  -1.4341694e+03
   3.6600000e+02  -2.0098404e+04  -7.9910790e+03
   3.6700000e+02   2.0350066e+04   8.9375971e+03
   3.6800000e+02   3.2422710e+04  -1.4371771e+03
   3.6900000e+02   7.5504847e+03  -2.8521754e+04
   3.7000000e+02   7.1482553e+03  -2.1077976e+04
   3.7100000e+02  -7.4077244e+03  -7.4647613e+03
   3.7200000e+02  -3.8206787e+04   2.9085617e+03
   3.7300000e+02  -1.5022055e+04   2.1301543e+04
   3.7400000e+02   2.3878123e+04   7.0625965e+03
   3.7500000e+02   3.9159860e+04  -2.7019107e+04
   3.7600000e+02   3.9352671e+04  -1.9945579e+04
   3.7700000e+02  -1.8847233e+03  -4.3061095e+03
   3.7800000e+02  -4.4128855e+04  -2.3660062e+03
   3.7900000e+02  -2.5252057e+04   1.9334774e+04
   3.8000000e+02   9.5831120e+03   2.0722166e+04
   3.8100000e+02   2.2027583e+04  -6.2735330e+02
   3.8200000e+02   2.5581165e+04   1.4321042e+03
   3.8300000e+02   6.1119856e+03   3.1344963e+02
   3.8400000e+02  -5.1329396e+03   4.4749106e+03
   3.8500000e+02   1.9659440e+04   2.6924121e+04
   3.8600000e+02   4.4560348e+03   1.4614396e+04
   3.8700000e+02  -3.3193785e+04  -5.4269027e+03
   3.8800000e+02  -1.2123960e+04   1.3748745e+04
   3.8900000e+02   1.5398960e+04   1.1646325e+04
   3.9000000e+02   1.9402144e+04  -1.8556323e+04
   3.9100000e+02   2.0925822e+04  -8.7935319e+03
   3.9200000e+02  -3.5962008e+03   1.2767279e+04
   3.9300000e+02  -1.9445515e+04   1.3887282e+04
   3.9400000e+02   9.3880561e+03   1.3887530e+04
   3.9500000e+02   2.6401733e+04  -7.1596080e+03
   3.9600000e+02   1.0077918e+04  -1.6076202e+04
   3.9700000e+02  -2.4501458e+03   1.6287499e+04
   3.9800000e+02  -1.3917534e+04   2.0775073e+04
   3.9900000e+02  -1.0716689e+04   9.7187040e+01
   4.0000000e+02   2.5860751e+04  -2.6839139e+03
   4.0100000e+02   2.3725125e+04  -1.1631985e+04
   4.0200000e+02  -1.7583365e+04  -8.8035918e+03
   4.0300000e+02  -1.6597610e+04   2.2000149e+04
   4.0400000e+02  -1.7050944e+03   1.2264919e+04
   4.0500000e+02   4.4536295e+03  -2.4998151e+04
   4.0600000e+02   1.8257555e+04  -4.9040664e+03
   4.0700000e+02   1.6071115e+03   2.3027855e+04
   4.0800000e+02  -1.4030245e+04   4.4974335e+03
   4.0900000e+02   1.5633379e+04  -7.4528944e+03
   4.1000000e+02   2.1479796e+04  -8.8646852e+03
   4.1100000e+02  -1.1397582e+04  -5.2313191e+03
   4.1200000e+02  -1.9418619e+04   1.0931882e+04
   4.1300000e+02  -2.1787565e+04   1.8414073e+02
   4.1400000e+02  -2.5857954e+04  -1.3308899e+04
   4.1500000e+02   9.7934638e+03   3.9185105e+03
   4.1600000e+02   2.7146508e+04   5.4332134e+03
   4.1700000e+02  -1.5264952e+03  -4.9753173e+03
   4.1800000e+02  -1.5255249e+04   3.0439931e+03
   4.1900000e+02  -2.4983195e+04  -1.0517239e+04
   4.2000000e+02  -2.7636836e+04  -2.9863147e+04
   4.2100000e+02   5.6407829e+03   9.6360812e+02
   4.2200000e+02   2.1786504e+04   1.9854905e+04
   4.2300000e+02   5.7919654e+03  -6.9826363e+02
   4.2400000e+02  -4.8965197e+03  -2.3661919e+03
   4.2500000e+02  -1.8975346e+04  -1.2129777e+04
   4.2600000e+02  -2.1856460e+04  -2.6929071e+04
   4.2700000e+02   1.2503829e+04  -5.0029136e+03
   4.2800000e+02   2.4829437e+04   3.6326675e+03
   4.2900000e+02  -4.3195303e+03  -3.4216994e+03
   4.3000000e+02  -6.6446588e+03   7.6624327e+03
   4.3100000e+02   7.3962571e+03   2.1705850e+03
   4.3200000e+02   5.5761094e+03  -1.1672728e+04
   4.3300000e+02   1.3014856e+03  -3.0353922e+03
   4.3400000e+02  -2.2666040e+04  -4.6653567e+03
   4.3500000e+02  -3.1504525e+04  -7.8475021e+03
   4.3600000e+02   1.2208335e+04   1.8348419e+04
   4.3700000e+02   3.1358419e+04   1.6711821e+04
   4.3800000e+02  -2.9536976e+03  -1.3344524e+04
   4.3900000e+02  -2.6401479e+04  -6.0591766e+03
   4.4000000e+02  -2.3867210e+04   4.1809545e+03
   4.4100000e+02  -6.7705172e+03   2.8590369e+03
   4.4200000e+02   2.1555809e+04   1.7812876e+04
   4.4300000e+02   1.7888833e+04   7.2711537e+03
   4.4400000e+02  -1.1617899e+04  -1.6565684e+04
   4.4500000e+02  -7.8661174e+03  -7.1653917e+03
   4.4600000e+02   1.5180556e+03   2.6293520e+03
   4.4700000e+02   2.7867025e+03   3.8949613e+03
   4.4800000e+02   2.4976337e+04   1.5221638e+04
   4.4900000e+02   1.9240264e+04   1.9866331e+03
   4.5000000e+02  -5.7924118e+03  -2.0756545e+04
   4.5100000e+02   4.8978309e+03   1.1527099e+03
   4.5200000e+02   6.2551286e+03   1.9931517e+04
   4.5300000e+02  -9.8658022e+03   7.0658458e+03
   4.5400000e+02   2.5670141e+03   1.2612727e+03
   4.5500000e+02   1.2015529e+04  -1.3018847e+04
   4.5600000e+02  -6.0459862e+03  -1.1232334e+04
   4.5700000e+02  -2.0019153e+04   2.4044951e+04
   4.5800000e+02  -2.6891849e+04   1.1253216e+04
   4.5900000e+02  -1.6002474e+04  -2.7098053e+04
   4.6000000e+02   2.0226425e+04  -8.6320932e+03
   4.6100000e+02   2.3675739e+04   2.1543640e+04
   4.6200000e+02   4.0223176e+03   1.7224556e+04
   4.6300000e+02   1.0428120e+04   1.7085916e+03
   4.6400000e+02   1.4805296e+03  -2.3939596e+04
   4.6500000e+02  -9.5659482e+03  -3.4053380e+04
   4.6600000e+02   1.5986238e+04   5.4771863e+03
   4.6700000e+02   1.7612858e+04   2.5858078e+04
   4.6800000e+02  -6.6088315e+03   1.0911956e+03
   4.6900000e+02  -5.1317412e+03  -9.2687201e+03
   4.7000000e+02  -5.1811301e+03  -2.0078620e+04
   4.7100000e+02  -1.3331832e+04  -1.6369971e+04
   4.7200000e+02   5.3019301e+03   3.0605622e+04
   4.7300000e+02   1.8149135e+04   3.4365427e+04
   4.7400000e+02   8.2170494e+03  -7.9055350e+03
   4.7500000e+02   7.8023225e+03  -8.2296051e+03
   4.7600000e+02  -3.0941186e+03   9.7570907e+03
   4.7700000e+02  -8.0423816e+03   5.6729785e+03
   4.7800000e+02   2.3831330e+04   3.6387096e+03
   4.7900000e+02   1.8004814e+04  -5.5787206e+03
   4.8000000e+02  -2.3300540e+04  -1.4205683e+04
   4.8100000e+02  -1.6186395e+04   1.3278619e+04
   4.8200000e+02   6.0646218e+03   2.0528561e+04
   4.8300000e+02   1.2860485e+03  -8.6568845e+03
   4.8400000e+02  -3.2463885e+03  -9.5955237e+03
   4.8500000e+02  -1.1346885e+04  -1.2370153e+04
   4.8600000e+02  -1.3707192e+04  -1.9189331e+04
   4.8700000e+02   1.1346414e+04   1.0595835e+04
   4.8800000e+02   9.0197487e+03   1.1999059e+04
   4.8900000e+02  -2.0868431e+04  -1.3017471e+04
   4.9000000e+02  -7.4446294e+03   2.4303039e+03
   4.9100000e+02   1.1124813e+04   8.7493551e+03
   4.9200000e+02   7.6783929e+03  -1.3638683e+04
   4.9300000e+02   1.4226309e+04   2.4454915e+02
   4.9400000e+02  -6.6535137e+03   2.1007629e+04
   4.9500000e+02  -2.3978488e+04   3.9500029e+03
   4.9600000e+02   1.4489313e+04  -6.6576181e+03
   4.9700000e+02   2.6499104e+04  -8.9794438e+03
   4.9800000e+02  -7.8412742e+03  -1.0096645e+04
   4.9900000e+02  -1.5277064e+04   6.5113976e+03
   5.0000000e+02  -4.5834642e+03  -2.3225378e+03
   5.0100000e+02  -3.3255850e+03  -1.2869082e+04
   5.0200000e+02   1.0005149e+03   1.6990821e+04
   5.0300000e+02  -9.1326720e+03   1.5140099e+04
   5.0400000e+02  -1.9553150e+04  -1.5408207e+04
   5.0500000e+02   8.0287976e+03  -7.1905355e+03
   5.0600000e+02   1.6962697e+04   7.4528964e+03
   5.0700000e+02  -6.3464884e+03   2.1235443e+03
   5.0800000e+02  -3.8316503e+02   3.6825642e+03
   5.0900000e+02   2.9857096e+03   3.1951743e+03
   5.1000000e+02  -6.6294171e+03   8.3322339e+02
   5.1100000e+02   6.7125618e+03   1.5176746e+04
   5.1200000e+02   7.2908035e+03   4.0486253e+03
   5.1300000e+02   1.4919068e+03  -2.7690416e+04
   5.1400000e+02   1.3891892e+04  -1.3713977e+04
   5.1500000e+02  -1.3605688e+03   1.3478588e+04
   5.1600000e+02  -2.5113127e+04   1.6675850e+04
   5.1700000e+02  -7.6458883e+03   9.9691439e+03
   5.1800000e+02  -1.1624861e+03  -1.8090250e+04
   5.1900000e+02  -1.6761987e+04  -2.6342613e+04
   5.2000000e+02   4.8787282e+03   1.0912552e+04
   5.2100000e+02   2.0452618e+04   1.9725856e+04
   5.2200000e+02  -2.9347368e+03  -7.8038643e+03
   5.2300000e+02  -9.4332582e+03  -9.9282922e+03
   5.2400000e+02  -6.5372391e+03  -7.4056043e+02
   5.2500000e+02  -5.7597579e+03   3.0334871e+02
   5.2600000e+02   5.2991979e+03   1.1723824e+04
   5.2700000e+02  -6.5914327e+03   8.7044214e+02
   5.2800000e+02  -1.5597272e+04  -1.8657200e+04
   5.2900000e+02   1.0562559e+04   8.1555743e+03
   5.3000000e+02   7.3892795e+03   2.2725861e+04
   5.3100000e+02  -2.5850586e+04  -3.1033073e+03
   5.3200000e+02  -1.5784834e+04  -1.4025842e+04
   5.3300000e+02   1.4127837e+04  -1.2922739e+04
   5.3400000e+02   1.8693608e+04  -2.5843709e+03
   5.3500000e+02   1.2021448e+04   1.4404498e+04
   5.3600000e+02  -1.0238694e+04   5.8944435e+02
   5.3700000e+02  -1.6037578e+04  -1.9900623e+04
   5.3800000e+02   2.1076277e+04  -7.4217838e+03
   5.3900000e+02   2.2821911e+04   6.1320467e+03
   5.4000000e+02  -8.7375845e+03   4.7348831e+03
   5.4100000e+02   2.2117792e+03   7.0898002e+03
   5.4200000e+02   1.6057046e+04  -7.2353678e+03
   5.4300000e+02  -3.2444283e+02  -2.0662816e+04
   5.4400000e+02  -9.1507017e+03  -1.5691155e+03
   5.4500000e+02  -1.0618656e+04  -1.9223598e+03
   5.4600000e+02   6.8481895e+02  -9.7780057e+03
   5.4700000e+02   2.4913150e+04   1.6186707e+04
   5.4800000e+02   6.4118920e+03   1.4665184e+04
   5.4900000e+02  -2.8672887e+04  -1.0233364e+04
   5.5000000e+02  -1.5716072e+04  -6.2131824e+03
   5.5100000e+02  -1.8013021e+03  -4.4944986e+03
   5.5200000e+02   9.0618358e+03  -1.2823054e+03
   5.5300000e+02   4.1642174e+04   2.4618248e+04
   5.5400000e+02   1.5962624e+04   1.5352608e+04
   5.5500000e+02  -3.9818521e+04  -1.9501112e+04
   5.5600000e+02  -1.8938788e+04  -8.7572987e+03
   5.5700000e+02   2.8245786e+04   8.8760457e+03
   5.5800000e+02   3.5357115e+04   7.4750537e+03
   5.5900000e+02   1.8230985e+04   1.3848805e+04
   5.6000000e+02  -1.2426425e+04  -1.0522026e+04
   5.6100000e+02  -1.8534354e+04  -2.7265941e+04
   5.6200000e+02   1.4525165e+04   1.4702480e+04
   5.6300000e+02   8.4704933e+03   2.2041695e+04
   5.6400000e+02  -3.2198276e+04  -1.2343643e+04
   5.6500000e+02  -2.0130636e+04  -2.3097377e+03
   5.6600000e+02   5.0395836e+03   1.7265396e+04
   5.6700000e+02   3.2083099e+03   1.2489085e+03
   5.6800000e+02   2.0770816e+04  -7.4282276e+03
   5.6900000e+02   2.5032111e+04  -2.5685392e+03
   5.7000000e+02  -4.0139315e+03  -3.6535217e+03
   5.7100000e+02  -1.4375228e+04   1.0412377e+04
   5.7200000e+02  -6.2553263e+03   1.7991337e+04
   5.7300000e+02   1.2200082e+04   8.0006429e+03
   5.7400000e+02   2.8812586e+04   1.8499859e+04
   5.7500000e+02   4.7568421e+03   1.2278872e+04
   5.7600000e+02  -2.2242513e+04  -1.6165530e+04
   5.7700000e+02  -7.4117114e+03  -6.9491076e+03
   5.7800000e+02  -3.3791548e+03   8.4859802e+03
   5.7900000e+02  -1.8775542e+04   3.0037931e+03
   5.8000000e+02  -7.7158305e+03   2.3070825e+03
   5.8100000e+02  -4.6281766e+03  -6.0233969e+03
   5.8200000e+02  -1.5729321e+04  -1.4331569e+04
   5.8300000e+02  -2.0685283e+02   1.7163950e+03
   5.8400000e+02   2.3443682e+03   8.5982028e+03
   5.8500000e+02  -1.2156255e+04  -7.1796029e+03
   5.8600000e+02  -4.7447958e+02  -9.8191229e+03
   5.8700000e+02   4.3630417e+03  -7.0837242e+03
   5.8800000e+02  -3.6609735e+03  -8.9901257e+02
   5.8900000e+02   8.7368252e+03   2.1662621e+04
   5.9000000e+02   8.2117427e+03   1.2577322e+04
   5.9100000e+02  -7.4602577e+03  -1.5283791e+04
   5.9200000e+02   9.3996282e+03  -6.9188887e+03
   5.9300000e+02   2.1017604e+04   7.4469209e+02
   5.9400000e+02  -2.2650244e+03  -5.5977759e+03
   5.9500000e+02  -9.3838544e+03  -2.1075648e+03
   5.9600000e+02  -7.6897679e+03  -9.8138716e+03
   5.9700000e+02  -8.4776652e+03  -1.4218317e+04
   5.9800000e+02   8.6223949e+03   5.6644253e+03
   5.9900000e+02  -6.0029138e+03  -1.2852160e+03
   6.0000000e+02  -4.2194576e+04  -2.9817032e+04
   6.0100000e+02  -2.7955232e+04  -1.3347130e+04
   6.0200000e+02   4.4626934e+02   5.8517379e+03
   6.0300000e+02   5.3024607e+03  -6.6877124e+03
   6.0400000e+02   6.5479119e+03   3.9199566e+03
   6.0500000e+02  -1.0276456e+04   1.0967116e+04
   6.0600000e+02  -2.0379598e+04  -4.3655004e+03
   6.0700000e+02   1.6445573e+04   4.0871240e+03
   6.0800000e+02   3.5258317e+04   7.8168508e+03
   6.0900000e+02   1.1382634e+04  -5.6627360e+03
   6.1000000e+02   1.0047550e+03  -4.2083108e+03
   6.1100000e+02  -1.3114145e+04  -4.6109995e+03
   6.1200000e+02  -1.6243469e+04  -1.9038043e+03
   6.1300000e+02   2.7837969e+04   1.6798639e+04
   6.1400000e+02   2.8270627e+04   9.8083956e+02
   6.1500000e+02  -2.2646836e+04  -3.6836976e+04
   6.1600000e+02  -2.0781116e+04  -1.4212999e+04
   6.1700000e+02   7.3243515e+03   3.0529120e+04
   6.1800000e+02   5.2458092e+03   2.4592617e+04
   6.1900000e+02   1.2650525e+03  -1.4688008e+03
   6.2000000e+02  -2.8058294e+03  -2.1081766e+04
   6.2100000e+02  -1.0965717e+04  -1.0405100e+04
   6.2200000e+02   1.1939111e+03   2.9420786e+04
   6.2300000e+02   1.2222520e+04   2.3225697e+04
   6.2400000e+02   9.8971334e+03  -1.2672487e+04
   6.2500000e+02   1.5102887e+04  -9.0959473e+03
   6.2600000e+02   3.5926312e+03   2.8447903e+03
   6.2700000e+02  -7.9845478e+03   1.0098280e+03
   6.2800000e+02   1.8096670e+04   3.1450820e+03
   6.2900000e+02   2.4183734e+04  -1.1812494e+04
   6.3000000e+02   2.0942342e+03  -2.4814807e+04
   6.3100000e+02   4.2752190e+03   3.6777235e+03
   6.3200000e+02   4.8407798e+03   1.9412952e+04
   6.3300000e+02  -3.1874080e+03   3.3736320e+03
   6.3400000e+02   5.4070513e+03   4.0962621e+03
   6.3500000e+02  -7.2070233e+02   1.8528830e+03
   6.3600000e+02  -1.1547743e+04   3.3359663e+03
   6.3700000e+02   1.0318720e+04   2.6528276e+04
   6.3800000e+02   1.3611452e+04   1.4794154e+04
   6.3900000e+02  -1.3617951e+04  -8.2380802e+03
   6.4000000e+02  -1.3101765e+04   1.4596528e+03
   6.4100000e+02  -5.1870216e+03  -2.7768964e+03
   6.4200000e+02  -2.1271924e+03  -2.6304606e+03
   6.4300000e+02   1.5620706e+04   3.5067068e+04
   6.4400000e+02   7.0471369e+03   3.0050353e+04
   6.4500000e+02  -9.6669738e+03  -2.5222048e+04
   6.4600000e+02   9.4390956e+03  -3.1557135e+04
   6.4700000e+02   1.5472125e+04  -2.5074993e+03
   6.4800000e+02  -6.4023729e+03   1.1611702e+04
   6.4900000e+02  -1.8803944e+04   2.2272767e+04
   6.5000000e+02  -2.0450958e+04   2.3792940e+03
   6.5100000e+02  -4.6934882e+03  -2.3670175e+04
   6.5200000e+02   1.9552793e+04  -8.3714430e+03
   6.5300000e+02   5.6690104e+03  -5.4766943e+03
   6.5400000e+02  -1.5790141e+04  -1.2104692e+04
   6.5500000e+02  -8.8663144e+02   7.0944228e+03
   6.5600000e+02  -5.8235732e+03   3.8805589e+03
   6.5700000e+02  -1.9536460e+04  -1.0285504e+04
   6.5800000e+02   1.0767742e+04   9.1184269e+03
   6.5900000e+02   1.7672644e+04   1.5746871e+04
   6.6000000e+02  -9.6059151e+03  -7.5603590e+03
   6.6100000e+02  -7.8389584e+03  -1.5445262e+04
   6.6200000e+02  -5.2835838e+03  -1.4883902e+04
   6.6300000e+02  -1.2196834e+04  -3.6874622e+03
   6.6400000e+02   1.3930760e+00   3.1549515e+04
   6.6500000e+02  -3.5011970e+03   2.2282694e+04
   6.6600000e+02  -1.9399285e+04  -2.8069258e+04
   6.6700000e+02  -5.7930918e+03  -2.9644232e+04
   6.6800000e+02  -5.0930617e+02  -1.9803675e+03
   6.6900000e+02  -8.3510481e+03   5.6095222e+03
   6.7000000e+02   1.0912702e+04   1.2270715e+03
   6.7100000e+02   5.4336740e+03  -1.6258752e+04
   6.7200000e+02  -2.1927713e+04  -2.1745745e+04
   6.7300000e+02  -4.7084788e+03   6.4956186e+03
   6.7400000e+02   1.1112389e+04   1.3809018e+04
   6.7500000e+02   9.4054819e+03  -8.3634690e+03
   6.7600000e+02   2.2781990e+04  -2.6112072e+03
   6.7700000e+02   8.3667792e+03   8.6863362e+03
   6.7800000e+02  -1.5706797e+04   5.2307246e+03
   6.7900000e+02   6.0760601e+02   1.3240458e+04
   6.8000000e+02   4.7052727e+03  -1.7995293e+03
   6.8100000e+02  -1.4530666e+04  -2.0391600e+04
   6.8200000e+02  -4.1551135e+03   8.8920259e+03
   6.8300000e+02   5.4853019e+03   1.7605691e+04
   6.8400000e+02  -4.8727340e+03  -1.0298426e+04
   6.8500000e+02   4.8881526e+03  -7.4263315e+03
   6.8600000e+02   4.9281276e+03  -2.1705216e+03
   6.8700000e+02  -1.3688107e+04  -1.5620906e+04
   6.8800000e+02  -4.8557458e+03  -2.3694881e+02
   6.8900000e+02   6.6668635e+03   1.5583220e+04
   6.9000000e+02   1.4097528e+04   5.8783319e+03
   6.9100000e+02   2.9082996e+04   1.3768892e+04
   6.9200000e+02   4.4034429e+03   9.9900095e+03
   6.9300000e+02  -2.7342637e+04  -1.2928561e+04
   6.9400000e+02  -4.1122839e+03   2.7417210e+03
   6.9500000e+02   1.6475519e+04   8.9285493e+03
   6.9600000e+02   3.5848281e+03  -1.1378531e+04
   6.9700000e+02   1.2163027e+03   1.9308978e+03
   6.9800000e+02  -3.4839583e+03   7.2532782e+03
   6.9900000e+02  -9.1179812e+03  -1.3379713e+04
   7.0000000e+02   1.0355174e+04  -1.3242183e+04
   7.0100000e+02   7.7658594e+03  -1.5806229e+04
   7.0200000e+02  -4.5973175e+03  -1.6560277e+04
   7.0300000e+02   1.9079134e+04   1.8625472e+04
   7.0400000e+02   1.4815503e+04   2.8737309e+04
   7.0500000e+02  -1.3126888e+04  -4.7572022e+03
   7.0600000e+02   9.6747913e+02  -1.0601466e+04
   7.0700000e+02   7.7327570e+03  -3.3786869e+03
   7.0800000e+02  -8.5577097e+03  -5.2232376e+02
   7.0900000e+02   3.0612411e+03   3.1854594e+04
   7.1000000e+02   8.5722058e+03   3.8620424e+04
   7.1100000e+02  -9.1768108e+03   2.5130135e+03
   7.1200000e+02  -4.0404166e+03  -9.8419920e+03
   7.1300000e+02   3.0280635e+03  -6.0876030e+03
   7.1400000e+02  -1.3252038e+02   2.4399398e+03
   7.1500000e+02   1.4731047e+04   2.0378125e+04
   7.1600000e+02   8.7778605e+03   2.7269595e+03
   7.1700000e+02  -1.0457602e+04  -3.2834884e+04
   7.1800000e+02   2.9956502e+03  -2.2915121e+04
   7.1900000e+02  -1.5918753e+03   1.2421510e+03
   7.2000000e+02  -2.3518596e+04  -1.4310866e+02
   7.2100000e+02  -9.6987678e+03  -2.4654707e+03
   7.2200000e+02   5.0916911e+02  -1.3166132e+04
   7.2300000e+02  -7.0636254e+03  -1.8916098e+04
   7.2400000e+02  -7.4919795e+02   1.2079719e+04
   7.2500000e+02  -7.8396149e+03   1.8799015e+04
   7.2600000e+02  -2.1500359e+04  -3.5600257e+03
   7.2700000e+02   1.6942129e+03   5.1493229e+03
   7.2800000e+02   1.8421592e+04   9.1364021e+03
   7.2900000e+02   1.0741378e+04   1.1931013e+03
   7.3000000e+02   2.0579202e+04   1.7278439e+04
   7.3100000e+02   9.2935313e+03   1.5132898e+04
   7.3200000e+02  -2.0714178e+04  -1.2635704e+04
   7.3300000e+02  -8.1891269e+03  -2.1004586e+04
   7.3400000e+02   4.1240697e+03  -2.3004993e+04
   7.3500000e+02  -1.4399946e+03  -1.4240740e+04
   7.3600000e+02   8.9829879e+03   2.1239209e+04
   7.3700000e+02   1.5016430e+03   1.2497580e+04
   7.3800000e+02  -1.7217536e+04  -3.3913579e+04
   7.3900000e+02  -8.9963858e+03  -1.8596055e+04
   7.4000000e+02  -5.9310137e+03   2.5925763e+04
   7.4100000e+02  -8.8833775e+03   3.4216931e+04
   7.4200000e+02   1.3498703e+04   1.5410891e+04
   7.4300000e+02   1.8092027e+04  -2.2867651e+04
   7.4400000e+02  -5.3365523e+03  -2.4110483e+04
   7.4500000e+02  -3.6836509e+03   2.9062671e+04
   7.4600000e+02   2.7130211e+03   3.4822994e+04
   7.4700000e+02   3.2813316e+03  -8.7741165e+03
   7.4800000e+02   1.8989093e+04  -1.2533006e+04
   7.4900000e+02   2.8349369e+03  -6.7051257e+03
   7.5000000e+02  -2.4490404e+04  -1.6435112e+04
   7.5100000e+02  -1.3870425e+03   7.4073460e+03
   7.5200000e+02   1.8412194e+04   1.5203842e+04
   7.5300000e+02   2.8379013e+03  -1.5219153e+04
   7.5400000e+02  -1.1713636e+04  -1.1502945e+04
   7.5500000e+02  -2.3707065e+04  -3.3244993e+03
   7.5600000e+02  -1.4161705e+04  -9.3277328e+03
   7.5700000e+02   2.2730107e+04   1.3139835e+04
   7.5800000e+02   1.2846923e+04   1.4755750e+04
   7.5900000e+02  -2.8279547e+04  -1.3041501e+04
   7.6000000e+02  -1.1241514e+04  -8.1159746e+03
   7.6100000e+02   1.7067074e+04   7.4379888e+03
   7.6200000e+02   1.0638019e+04   5.9244099e+03
   7.6300000e+02   9.8985976e+03   8.8021623e+03
   7.6400000e+02  -3.1090851e+03   2.8940915e+03
   7.6500000e+02  -1.7333782e+04  -7.8922249e+03
   7.6600000e+02   7.6687539e+03   6.6013421e+03
   7.6700000e+02   2.0585116e+04   3.9120339e+03
   7.6800000e+02   7.2294939e+02  -2.2031322e+04
   7.6900000e+02  -1.1286217e+04  -1.0235580e+04
   7.7000000e+02  -1.3835463e+04   8.3083040e+03
   7.7100000e+02  -2.5791218e+03   6.3826020e+03
   7.7200000e+02   2.0756974e+04   1.2595406e+04
   7.7300000e+02   6.8788944e+03   1.6478975e+03
   7.7400000e+02  -2.2689960e+04  -1.7868140e+04
   7.7500000e+02  -8.0388182e+03  -1.0653485e+04
   7.7600000e+02   9.3814883e+02  -8.0233411e+03
   7.7700000e+02  -1.0028843e+04  -8.1202623e+03
   7.7800000e+02   1.0951631e+04   1.1276384e+04
   7.7900000e+02   1.4353406e+04   5.4842445e+03
   7.8000000e+02  -1.4995587e+04  -1.4317357e+04
   7.8100000e+02  -1.5689724e+04   7.4359798e+03
   7.8200000e+02  -4.0126490e+03   1.5327407e+04
   7.8300000e+02   8.6442505e+03  -1.1872761e+04
   7.8400000e+02   2.9507225e+04  -7.6054986e+03
   7.8500000e+02   9.6102206e+03   3.5608782e+03
   7.8600000e+02  -2.6454274e+04   2.7230345e+03
   7.8700000e+02  -4.7752591e+03   1.2204616e+04
   7.8800000e+02   2.3507556e+04  -2.9636949e+03
   7.8900000e+02   4.3161465e+03  -1.5082727e+04
   7.9000000e+02  -1.4490552e+04   7.3055824e+03
   7.9100000e+02  -1.8745312e+04  -4.8801770e+03
   7.9200000e+02  -4.7932222e+03  -3.4261165e+04
   7.9300000e+02   3.0945251e+04  -7.1984786e+03
   7.9400000e+02   1.9470255e+04   2.0962796e+04
   7.9500000e+02  -2.6013210e+04   7.3197769e+03
   7.9600000e+02  -2.2682935e+04   4.3692576e+03
   7.9700000e+02   2.8989310e+03   6.4251129e+03
   7.9800000e+02   1.8360547e+04   2.0677500e+03
   7.9900000e+02   3.2964719e+04   1.2495493e+04
   8.0000000e+02   1.3347377e+04   2.9518795e+03
   8.0100000e+02  -1.8239970e+04  -4.9642023e+03
   8.0200000e+02   1.4960434e+02   2.2426568e+04
   8.0300000e+02   2.0432888e+04   1.3170942e+04
   8.0400000e+02  -1.9763721e+02  -1.8906041e+04
   8.0500000e+02  -1.3186478e+04  -1.4462676e+03
   8.0600000e+02  -6.3093917e+03   1.5164920e+04
   8.0700000e+02   1.1265810e+04   1.2325873e+03
   8.0800000e+02   2.0845933e+04   1.4365097e+03
   8.0900000e+02  -1.3744070e+04   9.5847677e+02
   8.1000000e+02  -3.0945033e+04  -6.8394791e+03
   8.1100000e+02   6.8779598e+03   7.3552242e+03
   8.1200000e+02   1.5197698e+04   5.9775259e+03
   8.1300000e+02  -4.7134421e+03  -1.2621785e+04
   8.1400000e+02   6.6858932e+03  -3.0790382e+03
   8.1500000e+02   1.1562801e+04  -2.1403995e+03
   8.1600000e+02  -5.6918998e+03  -7.4503265e+03
   8.1700000e+02  -4.1240247e+03   1.6698777e+04
   8.1800000e+02  -3.4090810e+03   1.2185455e+04
   8.1900000e+02  -8.9001160e+03  -1.9315094e+04
   8.2000000e+02   9.3053485e+03  -6.9381179e+03
   8.2100000e+02   9.5227286e+03   2.1521404e+04
   8.2200000e+02  -9.5269121e+03   2.1984026e+04
   8.2300000e+02  -2.2683577e+03   1.3279805e+04
   8.2400000e+02  -1.0860700e+04  -7.2295948e+03
   8.2500000e+02  -2.4433232e+04  -2.4597447e+04
   8.2600000e+02   1.0192914e+04   1.9348436e+03
   8.2700000e+02   2.3151688e+04   1.9644114e+04
   8.2800000e+02  -1.0251634e+04  -3.5044374e+03
   8.2900000e+02  -1.8872665e+04  -1.2853051e+04
   8.3000000e+02  -1.2725203e+04  -1.7002619e+04
   8.3100000e+02  -1.1887458e+04  -1.4492594e+04
   8.3200000e+02   4.3922488e+03   1.7848662e+04
   8.3300000e+02   6.9109532e+03   1.7979929e+04
   8.3400000e+02   2.3633303e+03  -1.6877605e+04
   8.3500000e+02   1.7517626e+04  -2.1530094e+04
   8.3600000e+02   4.7136882e+01  -7.6699242e+03
   8.3700000e+02  -2.8785814e+04   1.9360841e+03
   8.3800000e+02  -9.5527394e+03   1.2046722e+04
   8.3900000e+02   4.9574754e+03   7.0602179e+02
   8.4000000e+02   3.1999209e+03  -1.8638933e+04
   8.4100000e+02   1.2775599e+04  -7.5967260e+03
   8.4200000e+02  -2.2148554e+03  -3.0719546e+03
   8.4300000e+02  -1.8943545e+04  -1.5902404e+04
   8.4400000e+02   1.5570564e+03  -6.9685264e+03
   8.4500000e+02   4.9063559e+03  -7.4007543e+03
   8.4600000e+02  -1.9522541e+04  -1.0824744e+04
   8.4700000e+02  -1.2544749e+04   1.5927715e+04
   8.4800000e+02   8.9856890e+03   1.2610524e+04
   8.4900000e+02   1.2907242e+04  -1.4039111e+04
   8.5000000e+02   1.5440362e+04   1.1275967e+03
   8.5100000e+02  -4.3866838e+03   1.5231211e+04
   8.5200000e+02  -2.5282233e+04  -2.9529292e+02
   8.5300000e+02   2.3152741e+03  -4.3238380e+02
   8.5400000e+02   1.8183966e+04   2.9066636e+03
   8.5500000e+02   2.3698265e+03  -1.7658434e+03
   8.5600000e+02   7.9642355e+03   1.1133959e+04
   8.5700000e+02   5.1368236e+03   6.4554343e+02
   8.5800000e+02  -1.3831051e+04  -2.5019782e+04
   8.5900000e+02  -8.0531559e+02  -1.1787376e+03
   8.6000000e+02   1.5623858e+04   1.4339877e+04
   8.6100000e+02   1.0963904e+04  -3.4148842e+03
   8.6200000e+02   1.1599481e+04   3.3349063e+03
   8.6300000e+02  -5.0444511e+03   8.0106774e+02
   8.6400000e+02  -2.5069138e+04  -1.4575662e+04
   8.6500000e+02   6.7155693e+03   5.1036741e+03
   8.6600000e+02   3.2823855e+04   1.7503354e+04
   8.6700000e+02   1.2269908e+04   5.4788338e+03
   8.6800000e+02  -5.4029652e+03   7.5204127e+03
   8.6900000e+02  -1.7749970e+04  -1.2731417e+03
   8.7000000e+02  -1.1763065e+04  -1.4323396e+04
   8.7100000e+02   2.2690928e+04   1.3429086e+04
   8.7200000e+02   2.0204224e+04   2.2493483e+04
   8.7300000e+02  -1.2048395e+04  -5.7964133e+03
   8.7400000e+02  -1.0314832e+04  -2.7093754e+03
   8.7500000e+02   5.2186791e+03   2.1534381e+03
   8.7600000e+02   9.8714358e+03  -5.1340446e+03
   8.7700000e+02   1.1236933e+04   1.5547727e+04
   8.7800000e+02  -1.1053124e+04   1.7524637e+04
   8.7900000e+02  -2.4808922e+04  -4.8259128e+03
   8.8000000e+02   1.6568257e+04  -2.0216781e+02
   8.8100000e+02   4.2776977e+04   5.8522707e+03
   8.8200000e+02   1.5387735e+04   2.0136284e+03
   8.8300000e+02  -1.2207925e+04   1.1909217e+04
   8.8400000e+02  -2.8646841e+04   2.2816278e+03
   8.8500000e+02  -1.8827276e+04  -1.8602723e+04
   8.8600000e+02   1.5977173e+04  -1.9556870e+01
   8.8700000e+02   1.2853394e+04   8.1410513e+03
   8.8800000e+02  -1.2523700e+04  -1.2500832e+04
   8.8900000e+02  -9.4072669e+03  -7.3465586e+03
   8.9000000e+02  -8.5107018e+03  -7.8945713e+03
   8.9100000e+02  -1.0735644e+04  -7.5308696e+03
   8.9200000e+02   1.0587442e+04   2.8568422e+04
   8.9300000e+02   5.0079954e+03   2.1186541e+04
   8.9400000e+02  -1.9433511e+04  -2.7039138e+04
   8.9500000e+02   5.3787162e+03  -2.7107956e+04
   8.9600000e+02   2.6046478e+04   1.8251657e+03
   8.9700000e+02   8.3121467e+03   2.2408632e+04
   8.9800000e+02   9.0196081e+02   3.1434058e+04
   8.9900000e+02  -1.4479773e+04  -1.9533665e+03
   9.0000000e+02  -2.6508354e+04  -4.1920124e+04
   9.0100000e+02  -5.1568835e+03  -1.6405339e+04
   9.0200000e+02  -1.6993532e+03   1.6973207e+04
   9.0300000e+02  -7.6503709e+03   4.3239443e+03
   9.0400000e+02   8.9420376e+03  -6.7257839e+03
   9.0500000e+02  -9.1732737e+02  -1.5414568e+04
   9.0600000e+02  -2.1599525e+04  -1.7489993e+04
   9.0700000e+02   3.6127910e+01   7.9639520e+03
   9.0800000e+02   7.3609700e+03   9.7065678e+03
   9.0900000e+02  -1.7305550e+04  -1.1276735e+04
   9.1000000e+02  -8.8981335e+03  -1.0675419e+04
   9.1100000e+02   5.5804929e+03  -5.2722822e+03
   9.1200000e+02   3.6633242e+03   4.2782098e+03
   9.1300000e+02   1.4532337e+04   2.2211777e+04
   9.1400000e+02   4.0787178e+02   8.6397697e+03
   9.1500000e+02  -2.0371874e+04  -1.8198002e+04
   9.1600000e+02   4.4176507e+03  -6.1026117e+03
   9.1700000e+02   1.6151616e+04   7.3165495e+03
   9.1800000e+02  -4.3193681e+03   1.0820551e+03
   9.1900000e+02  -9.1539052e+03   6.6880333e+03
   9.2000000e+02  -8.9015363e+03  -8.4892831e+03
   9.2100000e+02  -3.4794133e+03  -2.7197885e+04
   9.2200000e+02   1.7577492e+04   2.9012578e+03
   9.2300000e+02   7.7102624e+03   1.4931446e+04
   9.2400000e+02  -1.5915358e+04  -1.0687754e+04
   9.2500000e+02   3.2601054e+03  -5.2814859e+03
   9.2600000e+02   1.3504320e+04   1.0800179e+04
   9.2700000e+02  -3.1895483e+03   4.6450863e+03
   9.2800000e+02   2.8118887e+03   2.5544927e+03
   9.2900000e+02   2.0183921e+03  -2.0920566e+03
   9.3000000e+02  -4.9265620e+03  -7.0203488e+03
   9.3100000e+02   1.0430332e+04   7.6236902e+03
   9.3200000e+02   1.2617995e+03  -1.6464605e+03
   9.3300000e+02  -1.2039212e+04  -1.8155444e+04
   9.3400000e+02   1.5280295e+04   1.4238746e+04
   9.3500000e+02   1.7916771e+04   2.1078483e+04
   9.3600000e+02  -1.1077483e+04  -1.5603859e+04
   9.3700000e+02  -3.8319349e+03  -1.0702899e+04
   9.3800000e+02   6.8638223e+03   1.3806156e+04
   9.3900000e+02  -3.9416166e+03   2.4725282e+04
   9.4000000e+02   6.8457127e+03   3.0751537e+04
   9.4100000e+02   8.0339433e+03   1.7285500e+03
   9.4200000e+02  -8.4581247e+03  -2.8129060e+04
   9.4300000e+02   6.1158948e+03   5.7894040e+01
   9.4400000e+02   1.4459788e+04   2.7581795e+04
   9.4500000e+02   1.3186701e+03   8.8770318e+03
   9.4600000e+02   1.8308582e+03  -9.6968909e+03
   9.4700000e+02  -9.4805115e+03  -1.8711213e+04
   9.4800000e+02  -1.6654754e+04  -1.2856120e+04
   9.4900000e+02   1.6859941e+04   1.7228787e+04
   9.5000000e+02   2.6623365e+04   8.7962746e+03
   9.5100000e+02  -6.1532473e+03  -2.4357681e+04
   9.5200000e+02  -1.0843769e+04  -1.4469535e+04
   9.5300000e+02  -1.0001775e+02  -1.7475385e+03
   9.5400000e+02  -5.9559388e+03   1.8736291e+03
   9.5500000e+02  -1.0170509e+03   2.5471654e+04
   9.5600000e+02  -4.2130809e+03   2.0705081e+04
   9.5700000e+02  -1.4208806e+04  -1.2544145e+04
   9.5800000e+02   2.9559275e+03  -1.4501304e+04
   9.5900000e+02   3.5365670e+03  -6.5211111e+03
   9.6000000e+02  -1.2862601e+04  -5.9218015e+03
   9.6100000e+02   5.3237737e+03   1.5621712e+04
   9.6200000e+02   2.2113974e+04   1.3731348e+04
   9.6300000e+02   8.3514719e+03  -1.7288968e+04
   9.6400000e+02  -4.4041473e+03  -8.0264228e+03
   9.6500000e+02  -1.2685809e+04   7.8414124e+03
   9.6600000e+02  -1.2213817e+04  -5.5430283e+03
   9.6700000e+02   8.9717737e+03  -1.2915698e+04
   9.6800000e+02   1.3080449e+04  -1.9605808e+04
   9.6900000e+02  -1.0142812e+03  -6.9906501e+03
   9.7000000e+02   3.6488001e+03   3.0141215e+04
   9.7100000e+02  -9.3809926e+03   1.3739335e+04
   9.7200000e+02  -3.3534372e+04  -3.6106353e+04
   9.7300000e+02  -8.7423470e+03  -2.4080806e+04
   9.7400000e+02   1.8200157e+04   1.6513884e+04
   9.7500000e+02   7.0742714e+03   2.7884294e+04
   9.7600000e+02  -8.3070228e+03   2.7107809e+04
   9.7700000e+02  -2.0256552e+04  -5.3730235e+02
   9.7800000e+02  -1.1484357e+04  -2.9229489e+04
   9.7900000e+02   1.7517238e+04  -2.1507458e+03
   9.8000000e+02   9.0686158e+03   1.7804921e+04
   9.8100000e+02  -1.5825346e+04   3.5980543e+03
   9.8200000e+02   1.0166773e+04   1.2918456e+03
   9.8300000e+02   3.7062670e+04  -1.4191325e+04
   9.8400000e+02   1.4258130e+04  -2.5280657e+04
   9.8500000e+02  -1.2190712e+04   6.8555461e+03
   9.8600000e+02  -2.3624647e+04   2.3298849e+04
   9.8700000e+02  -9.0947983e+03   8.9765264e+03
   9.8800000e+02   2.3235838e+04   3.7427965e+03
   9.8900000e+02   1.2585029e+03  -1.4224225e+04
   9.9000000e+02  -3.4650693e+04  -2.7114792e+04
   9.9100000e+02  -3.9351954e+03   1.2099303e+04
   9.9200000e+02   2.2663564e+04   3.0742209e+04
   9.9300000e+02   2.2965051e+03  -8.0547479e+02
   9.9400000e+02  -8.5335806e+03  -4.1080561e+03
   9.9500000e+02  -6.9642718e+03   2.0612134e+03
   9.9600000e+02  -2.2101276e+03  -5.8022874e+03
   9.9700000e+02   1.8514731e+04   4.9827433e+03
   9.9800000e+02   1.7034706e+04  -1.8512333e+03
   9.9900000e+02  -2.8955037e+03  -1.5831580e+04
   1.0000000e+03   5.4910712e+03   9.9841030e+03
   1.0010000e+03  -3.6380660e+03   2.0931514e+04
   1.0020000e+03  -3.3248370e+04  -9.7868824e+02
   1.0030000e+03  -1.1039210e+04  -3.1214017e+03
   1.0040000e+03   2.0722641e+04  -2.2661488e+03
   1.0050000e+03   1.3489953e+04  -9.3146347e+03
   1.0060000e+03  -2.3300889e+02   6.0782724e+03
   1.0070000e+03  -1.8574678e+04   7.2778701e+03
   1.0080000e+03  -2.4907982e+04  -1.1657239e+04
   1.0090000e+03   6.8477754e+02  -8.4969428e+03
   1.0100000e+03   6.4567370e+03  -1.4413210e+04
   1.0110000e+03  -5.9765237e+03  -1.8729540e+04
   1.0120000e+03   1.8424668e+04   1.1348168e+04
   1.0130000e+03   3.1588885e+04   1.7089181e+04
   1.0140000e+03  -9.5921162e+02   1.3958124e+03
   1.0150000e+03  -1.2403410e+04   7.6051709e+03
   1.0160000e+03  -3.0989441e+03   9.4809915e+02
   1.0170000e+03  -1.8607921e+03  -1.3755536e+04
   1.0180000e+03   7.2457661e+03   2.2395253e+03
   1.0190000e+03  -3.7394652e+02   1.3990578e+04
   1.0200000e+03  -1.6768315e+04   4.3134643e+03
   1.0210000e+03  -3.3271258e+03   3.1040765e+03
   1.0220000e+03   2.8397144e+03  -1.2798466e+04
   1.0230000e+03  -1.0275874e+04  -3.2915240e+04
   1.0240000e+03  -2.5394104e+03  -6.3980576e+03
   1.0250000e+03   3.2634323e+03   1.3476356e+04
   1.0260000e+03  -9.9455925e+03  -3.4300044e+03
   1.0270000e+03   1.2679447e+02  -1.0172316e+04
   1.0280000e+03   1.3360189e+04  -1.7148258e+04
   1.0290000e+03   6.4075285e+03  -1.6462487e+04
   1.0300000e+03   1.8744868e+04   1.2236200e+04
   1.0310000e+03   1.9100100e+04   1.5592191e+04
   1.0320000e+03  -6.4885579e+03  -6.3223417e+03
   1.0330000e+03  -3.1125301e+03   2.5200179e+03
   1.0340000e+03   9.3898574e+02   1.7068355e+04
   1.0350000e+03  -5.3623495e+03   7.6491760e+03
   1.0360000e+03   7.4386276e+03   4.5316438e+03
   1.0370000e+03  -3.5018489e+03   1.5962993e+03
   1.0380000e+03  -2.4283901e+04  -1.5288485e+03
   1.0390000e+03   9.2374863e+02   1.4149238e+04
   1.0400000e+03   2.3207718e+04   6.3992333e+03
   1.0410000e+03   2.7650856e+03  -1.1471244e+04
   1.0420000e+03  -1.6167691e+04   6.0838311e+03
   1.0430000e+03  -1.3397139e+04   3.4570572e+03
   1.0440000e+03   9.7804141e+03  -2.3887573e+04
   1.0450000e+03   4.0042682e+04  -1.2691934e+04
   1.0460000e+03   1.7105078e+04   1.5219206e+04
   1.0470000e+03  -3.1094761e+04   2.6896311e+04
   1.0480000e+03  -1.2849457e+04   2.4863036e+04
   1.0490000e+03   2.6917551e+04  -4.3831594e+03
   1.0500000e+03   2.0897483e+04  -2.1988788e+04
   1.0510000e+03  -4.0831219e+03   1.3630456e+04
   1.0520000e+03  -2.4839713e+04   2.8028750e+04
   1.0530000e+03  -1.5826783e+04  -4.5885323e+03
   1.0540000e+03   2.3537380e+04  -1.2334403e+04
   1.0550000e+03   2.0502717e+04  -4.4929796e+03
   1.0560000e+03  -2.8116295e+04  -1.7568060e+02
   1.0570000e+03  -3.8005318e+04   8.7681285e+03
   1.0580000e+03  -5.4753654e+03  -1.1574631e+04
   1.0590000e+03   2.1747529e+04  -2.6878158e+04
   1.0600000e+03   2.1550727e+04   3.9120924e+03
   1.0610000e+03  -1.8985847e+04   1.8499079e+04
   1.0620000e+03  -3.1064773e+04   1.7341189e+03
   1.0630000e+03   2.4585940e+04   3.6031547e+01
   1.0640000e+03   3.4789315e+04  -2.6835277e+02
   1.0650000e+03  -1.5077568e+04  -3.4856710e+03
   1.0660000e+03  -1.8890075e+04   1.4708791e+04
   1.0670000e+03   9.7564479e+03   1.3456130e+04
   1.0680000e+03   1.7179406e+04  -8.7673426e+03
   1.0690000e+03   9.2546603e+03   1.9208779e+02
   1.0700000e+03  -1.5264978e+04  -6.6968754e+02
   1.0710000e+03  -2.9007545e+04  -2.2960949e+04
   1.0720000e+03   4.5565170e+01  -1.0513781e+04
   1.0730000e+03   1.2042079e+04   7.1475565e+03
   1.0740000e+03  -1.5800433e+04   4.4346497e+03
   1.0750000e+03  -1.5999617e+04  -1.1660027e+03
   1.0760000e+03  -3.9048024e+03  -2.4807652e+04
   1.0770000e+03  -9.2744403e+03  -3.4381307e+04
   1.0780000e+03   1.0070416e+03   5.3584728e+03
   1.0790000e+03   2.6737548e+03   2.4858997e+04
   1.0800000e+03  -7.2549337e+03  -2.2851174e+02
   1.0810000e+03   6.2745853e+03  -3.5523666e+03
   1.0820000e+03   3.8910416e+03   3.2393883e+03
   1.0830000e+03  -1.3381985e+04  -4.5712902e+02
   1.0840000e+03   3.8745796e+03   1.2013434e+04
   1.0850000e+03   1.8519264e+04   1.0314885e+02
   1.0860000e+03   4.9673760e+03  -2.5185816e+04
   1.0870000e+03   2.7527981e+03   6.0171065e+02
   1.0880000e+03   1.5471336e+03   1.8512346e+04
   1.0890000e+03  -5.1387093e+03  -7.3572124e+03
   1.0900000e+03   6.8193812e+03  -1.3770580e+04
   1.0910000e+03   4.8114429e+02  -3.0402238e+03
   1.0920000e+03  -1.8593229e+04  -2.7601457e+03
   1.0930000e+03  -2.9661823e+03   1.7605246e+03
   1.0940000e+03   4.7444230e+03  -1.0088503e+03
   1.0950000e+03  -8.9003795e+03  -3.8599455e+03
   1.0960000e+03  -6.4542065e+03   1.8919839e+04
   1.0970000e+03  -6.2737117e+03   1.5051001e+04
   1.0980000e+03  -6.5648381e+03  -1.6862045e+04
   1.0990000e+03   5.2662691e+03  -1.8606049e+03
   1.1000000e+03  -7.7383654e+02   1.8844189e+04
   1.1010000e+03  -1.9985669e+03  -7.8795391e+01
   1.1020000e+03   2.9484057e+04  -8.6844201e+03
   1.1030000e+03   2.9505072e+04  -5.9849951e+03
   1.1040000e+03  -3.8268850e+03  -2.5524642e+03
   1.1050000e+03  -4.0123476e+02   1.1475037e+04
   1.1060000e+03   6.9949778e+03   2.4868279e+03
   1.1070000e+03   9.5633415e+02  -1.6676789e+04
   1.1080000e+03   1.8061913e+04   3.2731130e+03
   1.1090000e+03   1.4004961e+04   1.9429933e+04
   1.1100000e+03  -5.7849508e+03  -1.7796881e+03
   1.1110000e+03   3.8137086e+03  -1.0582528e+04
   1.1120000e+03  -3.6887648e+03  -7.5353359e+03
   1.1130000e+03  -2.2021025e+04  -1.1730946e+03
   1.1140000e+03  -1.3465921e+03   2.4667455e+04
   1.1150000e+03   1.7426990e+04   1.7212225e+04
   1.1160000e+03   1.2425846e+04  -1.2819602e+04
   1.1170000e+03   1.1689803e+04   4.8409411e+01
   1.1180000e+03  -5.3572166e+03   1.2119836e+04
   1.1190000e+03  -2.6387789e+04   1.6573360e+03
   1.1200000e+03  -5.7993956e+03   7.7074098e+02
   1.1210000e+03   9.1608242e+03  -1.2066845e+04
   1.1220000e+03  -4.7583193e+02  -1.8146902e+04
   1.1230000e+03   8.3593016e+03   1.7574079e+04
   1.1240000e+03   4.0644769e+03   3.1092490e+04
   1.1250000e+03  -1.2529536e+04  -3.1553751e+03
   1.1260000e+03  -2.5147277e+03  -1.7667734e+04
   1.1270000e+03  -2.6907138e+03  -8.0926073e+03
   1.1280000e+03  -6.6855719e+03   5.2404240e+03
   1.1290000e+03   1.9639239e+04   2.0486978e+04
   1.1300000e+03   2.3300900e+04  -2.8899285e+03
   1.1310000e+03  -7.8076649e+03  -2.4903133e+04
   1.1320000e+03  -1.4927508e+04   1.0437493e+04
   1.1330000e+03  -6.4371983e+03   2.1789804e+04
   1.1340000e+03  -2.3240114e+03  -1.1164947e+04
   1.1350000e+03   7.6420545e+03  -1.3968954e+04
   1.1360000e+03  -9.8871744e+03  -3.8733998e+03
   1.1370000e+03  -3.1669544e+04  -2.7662052e+03
   1.1380000e+03  -3.7272483e+03   1.3737162e+04
   1.1390000e+03   1.7011183e+04   9.5432253e+03
   1.1400000e+03   5.3696998e+03  -1.7761599e+04
   1.1410000e+03  -2.7950698e+03  -1.0936190e+04
   1.1420000e+03  -1.8218974e+04   4.4946211e+02
   1.1430000e+03  -1.7823357e+04  -3.3658848e+03
   1.1440000e+03   9.6904550e+03   1.0044227e+04
   1.1450000e+03   6.3133177e+03  -2.8470609e+02
   1.1460000e+03  -1.1943500e+04  -2.2964157e+04
   1.1470000e+03   2.2014594e+03  -6.3994769e+02
   1.1480000e+03   5.5346515e+03   8.4101016e+03
   1.1490000e+03  -9.0336965e+03  -1.3901297e+04
   1.1500000e+03   3.9802533e+03  -5.8862071e+03
   1.1510000e+03   7.2328790e+03   5.7790497e+03
   1.1520000e+03  -1.1437194e+04  -3.2640119e+03
   1.1530000e+03  -3.4251238e+03   6.7484071e+03
   1.1540000e+03   8.5891282e+03   7.7256394e+03
   1.1550000e+03   1.3575895e+04  -1.5594764e+04
   1.1560000e+03   2.0883063e+04  -2.8009201e+03
   1.1570000e+03  -7.9070431e+03   1.5830018e+04
   1.1580000e+03  -3.4738372e+04  -3.7568109e+02
   1.1590000e+03  -8.7172005e+03  -6.7848462e+03
   1.1600000e+03   4.9428653e+03  -9.4525527e+03
   1.1610000e+03  -1.0390931e+04  -4.7456104e+03
   1.1620000e+03   1.9042110e+02   2.4901453e+04
   1.1630000e+03   5.9256632e+03   1.8352797e+04
   1.1640000e+03  -6.3460652e+03  -1.3649272e+04
   1.1650000e+03   7.2221533e+03  -8.0563901e+03
   1.1660000e+03   1.6652776e+03   2.6336817e+03
   1.1670000e+03  -2.6801421e+04   8.1717746e+02
   1.1680000e+03  -1.4007672e+03   1.8157954e+04
   1.1690000e+03   3.4976409e+04   1.9991688e+04
   1.1700000e+03   2.8607971e+04  -1.1873751e+04
   1.1710000e+03   1.2034015e+04  -1.6349189e+04
   1.1720000e+03  -1.0568816e+04   2.5693359e+03
   1.1730000e+03  -1.9068591e+04   8.5279457e+03
   1.1740000e+03   7.0256279e+03   9.4292370e+03
   1.1750000e+03   1.2241227e+04  -1.4737841e+04
   1.1760000e+03  -4.5770560e+03  -3.0450081e+04
   1.1770000e+03   1.4096587e+04   1.0777363e+04
   1.1780000e+03   2.8983152e+04   2.8813191e+04
   1.1790000e+03  -7.6448590e+01  -8.8753518e+03
   1.1800000e+03  -2.0920806e+04  -2.8571526e+04
   1.1810000e+03  -1.8913051e+04  -1.7772206e+04
   1.1820000e+03  -2.7277553e+03   7.1180678e+03
   1.1830000e+03   2.1324482e+04   3.6459032e+04
   1.1840000e+03   6.4068792e+03   1.9983306e+04
   1.1850000e+03  -1.3417276e+04  -2.5882461e+04
   1.1860000e+03   8.5025732e+03  -1.9035367e+04
   1.1870000e+03   3.7795019e+03   1.1262786e+04
   1.1880000e+03  -2.6030064e+04   1.2734898e+04
   1.1890000e+03  -1.1923931e+04   1.2298351e+04
   1.1900000e+03   1.3268479e+04   2.3164286e+01
   1.1910000e+03   1.5954579e+04  -1.7680214e+04
   1.1920000e+03   1.5280451e+04  -8.6829355e+03
   1.1930000e+03  -6.3505876e+02  -7.6426426e+03
   1.1940000e+03  -1.4276351e+04  -7.5079574e+03
   1.1950000e+03   4.8677277e+03   1.7881277e+04
   1.1960000e+03   9.2428984e+03   1.6268586e+04
   1.1970000e+03  -5.4228063e+03  -1.3578978e+04
   1.1980000e+03   4.8731312e+03  -1.5086790e+04
   1.1990000e+03   7.7639459e+03  -4.2450102e+03
   1.2000000e+03  -2.1969495e+03  -1.1719655e+03
   1.2010000e+03   2.8681017e+03   1.1006372e+04
   1.2020000e+03  -5.7546918e+03   2.4717072e+03
   1.2030000e+03  -1.3360231e+04  -1.3497534e+04
   1.2040000e+03   4.5905539e+03   8.7390663e+03
   1.2050000e+03  -4.4589560e+03   1.0635822e+04
   1.2060000e+03  -3.1134897e+04  -1.1373142e+04
   1.2070000e+03  -1.1549313e+04   7.3211105e+03
   1.2080000e+03   1.6479840e+04   1.5549044e+04
   1.2090000e+03   1.0696789e+04  -1.1188062e+04
   1.2100000e+03   2.7353298e+03  -1.3316469e+04
   1.2110000e+03  -9.8912137e+03  -9.9342643e+02
   1.2120000e+03  -1.6197073e+04   7.1286522e+03
   1.2130000e+03   6.9672789e+03   2.2978792e+04
   1.2140000e+03   4.6651115e+03   6.7394695e+03
   1.2150000e+03  -1.2336342e+04  -3.1947157e+04
   1.2160000e+03   1.3558056e+04  -1.3851002e+04
   1.2170000e+03   2.2774258e+04   2.5935874e+04
   1.2180000e+03  -3.6894852e+03   2.4399143e+04
   1.2190000e+03  -4.8120049e+03   1.0954027e+04
   1.2200000e+03  -1.0262535e+04  -1.1223368e+04
   1.2210000e+03  -2.6763111e+04  -2.2747476e+04
   1.2220000e+03   4.2725862e+03   7.7186918e+03
   1.2230000e+03   2.9510205e+04   1.7666165e+04
   1.2240000e+03   4.3041196e+03  -7.2687936e+03
   1.2250000e+03  -1.0234876e+04  -1.2352702e+04
   1.2260000e+03  -1.1563864e+04  -5.2668523e+03
   1.2270000e+03  -5.1237687e+03   2.7175969e+03
   1.2280000e+03   2.0011021e+04   1.5823860e+04
   1.2290000e+03   6.0211481e+03   1.7829335e+03
   1.2300000e+03  -2.4803481e+04  -2.0115360e+04
   1.2310000e+03  -5.0578289e+03   4.0739002e+03
   1.2320000e+03   1.7870062e+04   2.2401469e+04
   1.2330000e+03   1.6801339e+04  -1.5888517e+02
   1.2340000e+03   1.2242675e+04  -1.2242802e+03
   1.2350000e+03  -1.8149138e+04   5.9103455e+03
   1.2360000e+03  -4.0524576e+04  -7.5162526e+03
   1.2370000e+03  -3.2227484e+03  -6.5722218e+03
   1.2380000e+03   2.6612837e+04  -9.7578513e+02
   1.2390000e+03   8.5584639e+03   4.5181142e+03
   1.2400000e+03  -3.5498340e+03   1.3879943e+04
   1.2410000e+03  -7.3633737e+03  -9.2394052e+03
   1.2420000e+03  -1.2791555e+03  -2.7876797e+04
   1.2430000e+03   2.4891576e+04   5.9511285e+03
   1.2440000e+03   1.5983681e+04   1.8353293e+04
   1.2450000e+03  -1.1240089e+04  -1.3305569e+04
   1.2460000e+03  -3.9958662e+03  -8.3650010e+03
   1.2470000e+03  -3.3658068e+03   1.3134985e+04
   1.2480000e+03  -1.1766874e+04   5.1534446e+03
   1.2490000e+03   7.0014557e+03  -7.5894754e+02
   1.2500000e+03   1.1664502e+04  -1.1849331e+04
   1.2510000e+03  -1.1621921e+04  -1.8845549e+04
   1.2520000e+03  -1.7697448e+04   4.2339391e+03
   1.2530000e+03  -1.4309937e+04   8.7024658e+03
   1.2540000e+03  -2.8459933e+03  -2.3376085e+03
   1.2550000e+03   2.8716397e+04   3.4524912e+03
   1.2560000e+03   1.7729478e+04  -1.2982337e+04
   1.2570000e+03  -2.3303106e+04  -3.1822000e+04
   1.2580000e+03  -1.5969648e+04  -2.2759665e+03
   1.2590000e+03  -3.4471804e+03   1.9274410e+04
   1.2600000e+03  -7.6235351e+03   8.1839281e+02
   1.2610000e+03   1.2417229e+04  -6.3520458e+03
   1.2620000e+03   1.4432271e+04  -6.1746874e+03
   1.2630000e+03  -1.0150505e+04  -2.6875423e+03
   1.2640000e+03  -6.6366266e+03   1.7524778e+04
   1.2650000e+03   5.0218300e+03   4.6528555e+03
   1.2660000e+03   1.1060293e+03  -1.7848933e+04
   1.2670000e+03   8.9147932e+03   4.4963419e+03
   1.2680000e+03   1.1014743e+04   1.4638432e+04
   1.2690000e+03  -1.3532333e+03  -1.0872703e+02
   1.2700000e+03   6.7155340e+03  -2.5905134e+03
   1.2710000e+03   7.0041059e+03  -1.5692710e+04
   1.2720000e+03  -8.1225709e+03  -2.2070099e+04
   1.2730000e+03   2.6196999e+03   9.6599837e+03
   1.2740000e+03   4.8527437e+03   1.8974627e+04
   1.2750000e+03  -5.7022741e+03  -1.0050927e+04
   1.2760000e+03   4.8446204e+03  -7.1749947e+03
   1.2770000e+03  -5.4456610e+03   1.0211936e+04
   1.2780000e+03  -2.2877129e+04   5.3672628e+03
   1.2790000e+03   3.0802305e+03   9.3788547e+03
   1.2800000e+03   1.5214516e+04   3.2588736e+03
   1.2810000e+03  -5.9551107e+03  -9.3145631e+03
   1.2820000e+03   3.0333736e+03   1.0437589e+04
   1.2830000e+03   1.5798457e+04   1.6330502e+04
   1.2840000e+03  -2.1024199e+03  -1.2125992e+03
   1.2850000e+03  -2.3855980e+03  -6.3507295e+02
   1.2860000e+03   5.5402822e+03  -9.5687272e+02
   1.2870000e+03   3.3440131e+03  -7.9730617e+01
   1.2880000e+03   1.7529865e+04   2.1890619e+04
   1.2890000e+03   1.2776497e+04   2.0878087e+04
   1.2900000e+03  -1.0081839e+04  -7.9180276e+03
   1.2910000e+03  -2.1886497e+03  -1.0076397e+04
   1.2920000e+03   1.4392423e+03  -1.5003449e+03
   1.2930000e+03  -8.5482739e+03   2.1019648e+03
   1.2940000e+03   4.5167047e+03   2.1997545e+04
   1.2950000e+03   4.4842636e+03   1.0024700e+04
   1.2960000e+03  -1.4994661e+04  -2.3722078e+04
   1.2970000e+03  -4.9960680e+03  -4.1016722e+03
   1.2980000e+03   4.6508002e+03   2.1689686e+04
   1.2990000e+03  -5.8578445e+03   1.0788716e+04
   1.3000000e+03   1.2522664e+02   7.2136101e+03
   1.3010000e+03  -7.3520196e+03   4.3486725e+03
   1.3020000e+03  -2.2594677e+04  -9.5686609e+03
   1.3030000e+03   6.5975851e+03  -8.1250272e+03
   1.3040000e+03   2.3764302e+04  -6.4467524e+03
   1.3050000e+03   1.3310297e+03  -8.9543017e+03
   1.3060000e+03  -1.2370933e+04   5.9541911e+03
   1.3070000e+03  -2.1470805e+04   9.9690040e+02
   1.3080000e+03  -8.9422514e+03  -2.2031118e+04
   1.3090000e+03   3.2413227e+04  -7.6289263e+03
   1.3100000e+03   2.8756374e+04   8.0218478e+03
   1.3110000e+03  -1.3682266e+04  -4.1137488e+03
   1.3120000e+03  -2.0655880e+04  -1.0614182e+04
   1.3130000e+03  -1.0490250e+04  -1.5919458e+04
   1.3140000e+03  -4.9998153e+03  -2.3488863e+03
   1.3150000e+03   1.5749142e+04   3.4483440e+04
   1.3160000e+03   9.3741660e+03   1.8735794e+04
   1.3170000e+03  -2.1550343e+04  -3.4935918e+04
   1.3180000e+03  -1.2213043e+04  -3.0472653e+04
   1.3190000e+03   3.0233771e+03   4.1866577e+03
   1.3200000e+03  -4.2943323e+03   8.6230347e+03
   1.3210000e+03  -3.9996323e+02   7.9894750e+03
   1.3220000e+03  -7.2548902e+03  -5.9820019e+03
   1.3230000e+03  -1.7119559e+04  -2.4099559e+04
   1.3240000e+03   7.7879408e+03   1.0786237e+03
   1.3250000e+03   1.5502382e+04   1.2669290e+04
   1.3260000e+03  -9.5024498e+03  -1.0782100e+04
   1.3270000e+03  -8.5079006e+03  -8.1181773e+03
   1.3280000e+03  -1.6697699e+03  -2.1211414e+03
   1.3290000e+03  -5.4610893e+03  -6.6526785e+03
   1.3300000e+03   1.4918326e+04   6.1474714e+03
   1.3310000e+03   1.4669033e+04   7.9073508e+03
   1.3320000e+03  -1.5205570e+04  -1.0865860e+03
   1.3330000e+03  -1.0143445e+04   7.4497757e+03
   1.3340000e+03   2.6041802e+03  -5.1383128e+02
   1.3350000e+03   1.1433186e+03  -2.0572834e+04
   1.3360000e+03   1.2143943e+04   3.6713541e+02
   1.3370000e+03   5.5023325e+03   1.6736629e+04
   1.3380000e+03  -1.1099403e+04  -4.1379619e+03
   1.3390000e+03   1.6411078e+03  -3.1696229e+03
   1.3400000e+03   1.0377673e+04   3.8063383e+03
   1.3410000e+03   4.8522773e+03  -4.2283769e+03
   1.3420000e+03   1.0913358e+04   8.6520815e+03
   1.3430000e+03   2.9373144e+03   8.9151746e+03
   1.3440000e+03  -7.6598715e+03  -1.0708201e+04
   1.3450000e+03   1.4210175e+04  -8.2273017e+02
   1.3460000e+03   1.3925513e+04   6.3880385e+03
   1.3470000e+03  -9.8597262e+03  -9.6614920e+03
   1.3480000e+03   2.5097473e+03  -5.9968000e+00
   1.3490000e+03   6.6911369e+03   1.4443340e+04
   1.3500000e+03  -7.1016100e+03   2.8606991e+03
   1.3510000e+03   1.2703316e+04   5.8197988e+03
   1.3520000e+03   1.9681731e+04   1.0518729e+04
   1.3530000e+03  -4.1323365e+03   1.9676676e+03
   1.3540000e+03  -7.6739036e+03   1.2398636e+04
   1.3550000e+03  -9.1768874e+03   6.5562421e+03
   1.3560000e+03  -8.3041629e+03  -1.2509142e+04
   1.3570000e+03   2.4735067e+04   4.3815707e+03
   1.3580000e+03   2.4050997e+04   1.0090027e+04
   1.3590000e+03  -1.9497330e+04  -4.7833389e+03
   1.3600000e+03  -1.4804978e+04   8.8672061e+03
   1.3610000e+03   1.1404332e+04   1.4926048e+04
   1.3620000e+03   7.0892453e+03  -7.5004879e+03
   1.3630000e+03   4.2182119e+03  -1.2649044e+04
   1.3640000e+03  -9.3446858e+03  -7.3176216e+03
   1.3650000e+03  -2.5520336e+04  -5.3130937e+02
   1.3660000e+03  -3.8213616e+03   2.7595558e+04
   1.3670000e+03   1.4162427e+04   2.1875484e+04
   1.3680000e+03   7.8094309e+03  -2.2738438e+04
   1.3690000e+03   4.4069352e+03  -1.9877895e+04
   1.3700000e+03  -7.6579095e+03   6.0974877e+03
   1.3710000e+03  -1.1999253e+04   9.5307105e+03
   1.3720000e+03   1.3758319e+04   1.2325721e+04
   1.3730000e+03   1.4540185e+04  -5.0479491e+03
   1.3740000e+03  -1.4355183e+04  -2.7110987e+04
   1.3750000e+03  -1.1281160e+04  -7.7581403e+03
   1.3760000e+03   3.2086864e+03   1.4842130e+04
   1.3770000e+03   2.6186810e+03   8.0297100e+03
   1.3780000e+03   1.7469353e+02  -3.3512768e+03
   1.3790000e+03  -2.2935589e+04  -1.5150601e+04
   1.3800000e+03  -3.3291089e+04  -1.3910652e+04
   1.3810000e+03   9.5186174e+02   1.7175929e+04
   1.3820000e+03   1.3284645e+04   1.1683435e+04
   1.3830000e+03  -4.3698621e+03  -3.2559152e+04
   1.3840000e+03  -1.3834790e+03  -2.2427840e+04
   1.3850000e+03  -1.5076014e+03   6.6704168e+03
   1.3860000e+03  -1.1522980e+04   8.5690687e+03
   1.3870000e+03   3.1606232e+03   1.8743344e+04
   1.3880000e+03   7.9915178e+03  -5.6875125e+02
   1.3890000e+03  -6.9474857e+03  -3.2003048e+04
   1.3900000e+03   3.9599840e+03   8.1565091e+02
   1.3910000e+03   7.1741063e+03   3.0935254e+04
   1.3920000e+03  -5.3404131e+03   5.4971760e+03
   1.3930000e+03   1.0418404e+04  -5.5902090e+03
   1.3940000e+03   8.1938228e+03   3.1085998e+03
   1.3950000e+03  -1.5003550e+04  -3.4510481e+03
   1.3960000e+03  -4.1859560e+03  -1.3834302e+03
   1.3970000e+03  -2.5956741e+02  -1.1620612e+03
   1.3980000e+03  -1.3466759e+04  -1.0126082e+04
   1.3990000e+03   3.1980654e+03  -5.9936374e+02
   1.4000000e+03   1.4324513e+04  -6.1666212e+03
   1.4010000e+03  -4.4911699e+03  -1.7759010e+04
   1.4020000e+03  -1.0235638e+04   5.0810042e+03
   1.4030000e+03  -6.7079092e+03   2.6533552e+03
   1.4040000e+03  -2.5791012e+03  -2.6050328e+04
   1.4050000e+03   1.9938268e+04  -8.2511787e+03
   1.4060000e+03   1.8713577e+04   2.6773221e+04
   1.4070000e+03  -5.3068675e+03   2.8659377e+04
   1.4080000e+03   5.3299011e+03   1.2132843e+04
   1.4090000e+03   1.1823485e+04  -1.1621866e+04
   1.4100000e+03  -5.5015748e+03  -1.8375319e+04
   1.4110000e+03  -2.0532610e+03   1.7495966e+04
   1.4120000e+03  -2.5300329e+03   3.2544796e+04
   1.4130000e+03  -9.6037398e+03  -4.7183080e+03
   1.4140000e+03   6.4135335e+03  -1.9913447e+04
   1.4150000e+03   6.5171580e+03  -7.0083438e+03
   1.4160000e+03  -6.3599289e+03  -1.9063557e+03
   1.4170000e+03   4.9949465e+03   1.1348890e+03
   1.4180000e+03   6.2881590e+01  -1.0993805e+04
   1.4190000e+03  -1.6897080e+04  -1.9101303e+04
   1.4200000e+03   1.9192800e+03  -9.9523017e+02
   1.4210000e+03   1.4426586e+04   2.8799769e+03
   1.4220000e+03   1.1616255e+04  -2.1301345e+03
   1.4230000e+03   2.5413755e+04   1.3625541e+04
   1.4240000e+03   1.0878394e+04   1.3663958e+04
   1.4250000e+03  -1.8647026e+04  -4.2414531e+03
   1.4260000e+03  -6.3779548e+03   6.3426364e+03
   1.4270000e+03   8.8444437e+03   1.9214203e+04
   1.4280000e+03   7.6873266e+03   8.3603340e+03
   1.4290000e+03   1.0757921e+04   3.0830205e+03
   1.4300000e+03  -1.7908634e+03  -8.5268422e+03
   1.4310000e+03  -1.3152606e+04  -1.6294557e+04
   1.4320000e+03  -4.7371101e+03   3.9417783e+03
   1.4330000e+03  -1.8998918e+04   2.6564475e+02
   1.4340000e+03  -2.2114318e+04  -1.4243743e+04
   1.4350000e+03   2.9032428e+04   8.5971937e+03
   1.4360000e+03   3.4953736e+04   8.4606883e+03
   1.4370000e+03  -2.1387991e+04  -2.0793327e+04
   1.4380000e+03  -2.8374565e+04  -8.6427249e+03
   1.4390000e+03  -1.6862391e+03   1.1167233e+04
   1.4400000e+03  -5.4868618e+02   1.6027492e+03
   1.4410000e+03  -5.2892855e+03   2.9333725e+03
   1.4420000e+03  -1.2156029e+04   3.6892183e+03
   1.4430000e+03  -7.4290816e+03  -1.0332454e+02
   1.4440000e+03   2.0863845e+04   1.7196445e+04
   1.4450000e+03   1.8286064e+04   6.7929802e+03
   1.4460000e+03  -1.2314907e+04  -2.2118359e+04
   1.4470000e+03  -6.0531499e+03  -8.2054064e+03
   1.4480000e+03   7.1878950e+03   3.7265934e+03
   1.4490000e+03  -1.5292191e+03  -1.5166599e+01
   1.4500000e+03   1.1551134e+04   2.0971497e+04
   1.4510000e+03   1.8455651e+04   1.5623046e+04
   1.4520000e+03  -2.4331312e+03  -2.9051272e+04
   1.4530000e+03  -6.3563201e+03  -3.0221898e+04
   1.4540000e+03  -9.1282790e+03   3.2171469e+03
   1.4550000e+03  -1.3166330e+04   1.2826530e+04
   1.4560000e+03   5.6812707e+03   1.6115581e+04
   1.4570000e+03   6.6972682e+03   8.2621240e+03
   1.4580000e+03  -6.1211591e+03  -1.2662807e+04
   1.4590000e+03   5.5557483e+03   3.8051309e+02
   1.4600000e+03   2.4558349e+03   1.5783194e+04
   1.4610000e+03  -2.2599057e+04   1.1086415e+03
   1.4620000e+03  -1.4068905e+04  -7.1601734e+03
   1.4630000e+03   7.9637808e+03  -1.0997660e+04
   1.4640000e+03   6.8387033e+03  -3.8684832e+03
   1.4650000e+03   4.7732663e+03   2.2969905e+04
   1.4660000e+03  -5.4995745e+03   1.3982840e+04
   1.4670000e+03  -1.2657961e+04  -2.1331082e+04
   1.4680000e+03   1.2798555e+04  -1.2937137e+04
   1.4690000e+03   1.6915316e+04   1.0174464e+04
   1.4700000e+03  -6.9112857e+03   8.6064180e+03
   1.4710000e+03  -1.3687213e+03   1.4001276e+04
   1.4720000e+03   7.8199910e+03   3.3297204e+03
   1.4730000e+03   1.3930894e+03  -2.3678022e+04
   1.4740000e+03   7.5008398e+03  -2.9603633e+02
   1.4750000e+03   3.0981207e+03   2.4815659e+04
   1.4760000e+03  -1.4676674e+04   2.7822598e+03
   1.4770000e+03  -3.1024184e+03  -7.1505856e+03
   1.4780000e+03   7.3445889e+03  -4.0294402e+03
   1.4790000e+03  -1.0588110e+04  -7.2436228e+03
   1.4800000e+03  -9.5060329e+03  -5.2565301e+03
   1.4810000e+03   1.1677261e+03  -1.6496964e+04
   1.4820000e+03   1.1058059e+02  -1.6612945e+04
   1.4830000e+03   5.4311539e+03   1.5499456e+04
   1.4840000e+03  -1.1821885e+04   1.4618728e+04
   1.4850000e+03  -2.6377839e+04  -1.6415553e+04
   1.4860000e+03   6.6308348e+03  -1.1922632e+04
   1.4870000e+03   1.3676606e+04  -4.8770886e+03
   1.4880000e+03  -1.1925013e+04  -7.1554495e+03
   1.4890000e+03   7.9812122e+03   2.2628226e+04
   1.4900000e+03   3.0822533e+04   2.8601735e+04
   1.4910000e+03   5.8817659e+03  -5.8364164e+03
   1.4920000e+03  -1.5893837e+04  -1.0790221e+04
   1.4930000e+03  -1.2709129e+04  -1.1786283e+03
   1.4940000e+03   8.2169109e+03  -4.3772766e+03
   1.4950000e+03   3.4387897e+04   1.4402219e+02
   1.4960000e+03   1.1538960e+04  -2.6437627e+03
   1.4970000e+03  -3.1862896e+04  -1.5310089e+04
   1.4980000e+03  -2.1110203e+04  -1.2973847e+04
   1.4990000e+03   3.5626809e+02  -1.2362790e+04
   1.5000000e+03   1.9023002e+03  -1.0912248e+04
   1.5010000e+03   9.5794827e+03   1.2356954e+04
   1.5020000e+03  -5.9976027e+03   4.4986854e+03
   1.5030000e+03  -2.4960642e+04  -2.8044328e+04
   1.5040000e+03   3.9858991e+03  -7.0485766e+03
   1.5050000e+03   1.7705308e+04   2.2699305e+04
   1.5060000e+03  -1.2211689e+04   2.0314361e+04
   1.5070000e+03  -7.2207166e+03   2.1886535e+04
   1.5080000e+03   1.6928958e+04   2.1336483e+03
   1.5090000e+03   5.8190641e+03  -2.0379600e+04
   1.5100000e+03  -7.3461729e+02   6.0001303e+03
   1.5110000e+03   2.8289408e+03   2.1045531e+04
   1.5120000e+03   4.9846662e+03  -3.6573853e+03
   1.5130000e+03   2.3290558e+04  -8.6985244e+03
   1.5140000e+03   1.3987904e+04  -4.3095597e+02
   1.5150000e+03  -1.7461944e+04  -7.8142576e+03
   1.5160000e+03  -1.0763336e+04  -8.8743295e+03
   1.5170000e+03   3.5519347e+03  -1.1724886e+04
   1.5180000e+03   5.1803920e+03  -1.4110088e+04
   1.5190000e+03   1.3170098e+04   1.2614894e+04
   1.5200000e+03  -2.9522006e+03   2.3489884e+04
   1.5210000e+03  -2.4810495e+04   3.0987918e+03
   1.5220000e+03   7.2543660e+01   2.3232263e+03
   1.5230000e+03   1.9824305e+04   8.3920730e+03
   1.5240000e+03  -2.3364625e+03   6.7046747e+03
   1.5250000e+03  -8.9024043e+03   1.3391234e+04
   1.5260000e+03   3.0297142e+03   8.2829949e+03
   1.5270000e+03   1.0890553e+04  -2.0223753e+03
   1.5280000e+03   1.9696510e+04   7.2565961e+03
   1.5290000e+03  -2.0539385e+03   5.6622950e+03
   1.5300000e+03  -2.6679942e+04  -4.4038785e+03
   1.5310000e+03   1.8046437e+02   1.1954833e+04
   1.5320000e+03   1.9388991e+04   6.1717197e+03
   1.5330000e+03   3.6032466e+03  -2.6437209e+04
   1.5340000e+03   4.0175283e+03  -1.0883557e+04
   1.5350000e+03   3.8408375e+03   1.1889305e+04
   1.5360000e+03  -1.0730779e+04  -2.1042230e+03
   1.5370000e+03  -4.1020316e+03   2.2297249e+03
   1.5380000e+03   2.8447921e+03   1.0153164e+04
   1.5390000e+03   6.3115012e+02  -3.4916407e+03
   1.5400000e+03   1.6035130e+04  -2.7681223e+03
   1.5410000e+03   1.0065887e+04  -3.1728072e+03
   1.5420000e+03  -1.6374097e+04  -1.0568862e+04
   1.5430000e+03  -1.0518914e+04   1.0369626e+04
   1.5440000e+03  -5.9616010e+03   2.1726970e+04
   1.5450000e+03  -1.4221855e+04  -1.7748945e+03
   1.5460000e+03  -4.9001939e+02  -6.0755692e+03
   1.5470000e+03  -1.9604333e+03   6.0658111e+03
   1.5480000e+03  -2.1950218e+04   3.8547923e+03
   1.5490000e+03  -8.5205921e+03  -2.7337006e+03
   1.5500000e+03   8.9589901e+03  -1.5781283e+04
   1.5510000e+03  -7.0721258e+03  -1.5326205e+04
   1.5520000e+03  -2.0092817e+04   4.4217910e+03
   1.5530000e+03  -1.3523140e+04   1.7213589e+03
   1.5540000e+03   6.8141038e+03  -5.4493381e+03
   1.5550000e+03   2.9439432e+04   4.3360497e+03
   1.5560000e+03   8.6855933e+03  -6.9751665e+03
   1.5570000e+03  -2.4391705e+04  -2.3742664e+04
   1.5580000e+03  -6.3363470e+03  -7.2528228e+03
   1.5590000e+03   1.2449532e+04   3.7036985e+03
   1.5600000e+03   5.7607051e+03  -1.0844560e+03
   1.5610000e+03   4.9920705e+03   2.0042772e+04
   1.5620000e+03  -9.9020492e+03   2.2347470e+04
   1.5630000e+03  -1.8705734e+04  -1.5039161e+04
   1.5640000e+03   9.3725151e+03  -2.2994269e+04
   1.5650000e+03   1.4054604e+04  -1.4171416e+04
   1.5660000e+03  -1.1064194e+04  -7.3705026e+03
   1.5670000e+03  -6.3498604e+03   1.6852010e+04
   1.5680000e+03  -9.1783824e+02   6.5987921e+03
   1.5690000e+03  -9.5615384e+03  -2.3074052e+04
   1.5700000e+03   1.1868492e+04  -7.5274056e+03
   1.5710000e+03   1.7562504e+04   1.3423020e+03
   1.5720000e+03  -9.5450695e+03  -1.5186581e+04
   1.5730000e+03  -5.6833685e+03  -2.3980349e+03
   1.5740000e+03   2.3913038e+03   8.7408701e+03
   1.5750000e+03  -4.5262607e+03  -1.1231064e+03
   1.5760000e+03   8.7838553e+03   7.5255707e+03
   1.5770000e+03   8.1568905e+03   3.0163763e+03
   1.5780000e+03  -6.9848282e+03  -1.5527011e+04
   1.5790000e+03   7.7779205e+03   1.9774890e+03
   1.5800000e+03   1.6968112e+04   1.0061842e+04
   1.5810000e+03   4.9987580e+03  -6.0988625e+03
   1.5820000e+03   8.8804509e+03   2.5514524e+03
   1.5830000e+03   5.3059954e+03   8.0691750e+03
   1.5840000e+03  -7.3876171e+03  -6.2034656e+02
   1.5850000e+03   7.4078225e+03   6.9429050e+03
   1.5860000e+03   6.3443684e+03   4.7902000e+03
   1.5870000e+03  -1.2564518e+04  -6.7160100e+03
   1.5880000e+03   4.4166468e+03   6.7339384e+03
   1.5890000e+03   9.6555878e+03   8.9112988e+03
   1.5900000e+03  -9.7641758e+03  -5.5507401e+03
   1.5910000e+03   1.7811474e+03   1.2034428e+04
   1.5920000e+03   6.2566512e+03   1.5409097e+04
   1.5930000e+03  -1.0409397e+04  -1.0205147e+04
   1.5940000e+03   5.7861349e+03   9.2607059e+02
   1.5950000e+03   2.0510706e+04   1.2667714e+04
   1.5960000e+03   4.1096493e+03   9.8676533e+02
   1.5970000e+03   2.8285954e+03   5.0514745e+03
   1.5980000e+03   6.8048877e+02   2.1702537e+03
   1.5990000e+03  -1.3058109e+04   1.8218656e+03
   1.6000000e+03   3.9556148e+03   2.1007761e+04
   1.6010000e+03   1.0956628e+04   5.1213001e+03
   1.6020000e+03  -8.6262050e+03  -2.5744465e+04
   1.6030000e+03  -1.6326286e+03  -5.5463480e+03
   1.6040000e+03   9.4070504e+02   1.7865664e+04
   1.6050000e+03  -1.6230613e+04  -9.9730690e+01
   1.6060000e+03  -1.0914405e+04  -5.2832800e+03
   1.6070000e+03  -3.9280655e+02   5.3071161e+03
   1.6080000e+03   7.5862777e+03   1.7307255e+03
   1.6090000e+03   2.4315088e+04   7.8654995e+02
   1.6100000e+03   1.4103315e+04  -8.2849815e+03
   1.6110000e+03  -1.5634578e+04  -9.1720216e+03
   1.6120000e+03  -1.4396043e+04   2.1162039e+04
   1.6130000e+03  -3.7647796e+03   2.2280798e+04
   1.6140000e+03  -7.3028865e+03  -4.8996833e+03
   1.6150000e+03   1.0697021e+03  -2.2551210e+03
   1.6160000e+03  -9.4505511e+02   3.5023738e+03
   1.6170000e+03  -1.4007480e+04  -9.7549234e+03
   1.6180000e+03   1.3074680e+03  -9.0591891e+03
   1.6190000e+03   2.7130561e+03  -2.1316130e+03
   1.6200000e+03  -2.1665205e+04  -2.4749915e+03
   1.6210000e+03  -1.7962804e+04   6.0301360e+03
   1.6220000e+03  -2.1374325e+03  -2.5325909e+03
   1.6230000e+03   7.4747629e+03  -2.0566147e+04
   1.6240000e+03   1.7891823e+04  -2.7048872e+03
   1.6250000e+03  -2.3396607e+03   3.0341279e+03
   1.6260000e+03  -2.5502359e+04  -1.4536923e+04
   1.6270000e+03   6.6801032e+03   2.7947822e+03
   1.6280000e+03   2.7108718e+04   1.7327218e+04
   1.6290000e+03  -8.0952854e+03  -8.2794927e+02
   1.6300000e+03  -1.7203968e+04  -1.1002082e+04
   1.6310000e+03  -2.6829049e+03  -1.5377063e+04
   1.6320000e+03  -6.3714058e+03  -1.8427088e+04
   1.6330000e+03   5.6135599e+03  -2.4839068e+03
   1.6340000e+03   1.1042189e+04   3.7963420e+03
   1.6350000e+03  -5.7547170e+03  -7.4668774e+03
   1.6360000e+03  -4.6190824e+03   1.1679566e+03
   1.6370000e+03  -5.4070196e+03   1.1636079e+03
   1.6380000e+03  -1.0775790e+04  -2.0417952e+04
   1.6390000e+03   4.3246236e+03  -1.1280973e+04
   1.6400000e+03   8.3913087e+03   2.6970855e+03
   1.6410000e+03   2.1770263e+02  -3.3567782e+02
   1.6420000e+03   4.1688829e+03   1.1227203e+04
   1.6430000e+03  -2.1932474e+03   5.9635424e+03
   1.6440000e+03  -6.8579810e+03  -1.1243860e+04
   1.6450000e+03   1.4966498e+04   9.2214267e+03
   1.6460000e+03   2.0476774e+04   2.4113162e+04
   1.6470000e+03   8.2537692e+03   1.3613708e+03
   1.6480000e+03   8.3907285e+03  -7.0377007e+03
   1.6490000e+03  -5.9723881e+03   3.9112546e+03
   1.6500000e+03  -1.0850371e+04   7.4939501e+03
   1.6510000e+03   1.7966944e+04   1.3702536e+04
   1.6520000e+03   1.3279588e+04   5.8608076e+02
   1.6530000e+03  -1.3515700e+04  -2.0591286e+04
   1.6540000e+03  -2.2221107e+03   4.8038768e+03
   1.6550000e+03   3.4273947e+03   2.3439833e+04
   1.6560000e+03  -1.0201527e+04  -3.0290954e+03
   1.6570000e+03   3.7480427e+03  -1.8071965e+04
   1.6580000e+03   9.3167699e+03  -1.7690032e+04
   1.6590000e+03  -1.1871430e+04  -8.7654175e+03
   1.6600000e+03  -7.5618915e+03   1.6026933e+04
   1.6610000e+03   1.3710350e+03   2.0517371e+04
   1.6620000e+03  -2.5008894e+03   3.6631655e+03
   1.6630000e+03   1.3634625e+04  -1.5713143e+03
   1.6640000e+03   1.5698037e+04  -2.5883753e+03
   1.6650000e+03  -6.7465551e+02   3.8612259e+03
   1.6660000e+03   5.4026154e+03   2.5625786e+04
   1.6670000e+03   3.6590863e+02   1.1575229e+04
   1.6680000e+03  -1.5121152e+04  -2.4541125e+04
   1.6690000e+03   2.8139979e+03  -1.1581644e+04
   1.6700000e+03   1.4215925e+04   5.7197249e+03
   1.6710000e+03   6.0558300e+00  -2.5881425e+03
   1.6720000e+03   1.6790545e+03   7.0461246e+03
   1.6730000e+03  -3.3990286e+03   6.6918916e+03
   1.6740000e+03  -2.1230600e+04  -5.1833271e+03
   1.6750000e+03  -6.4767061e+03   7.8703019e+03
   1.6760000e+03   5.2220485e+03   5.5123912e+03
   1.6770000e+03  -7.2375159e+03  -1.4654672e+04
   1.6780000e+03  -6.4355310e+03  -2.7342411e+03
   1.6790000e+03  -1.2939259e+04   1.0867158e+04
   1.6800000e+03  -1.2681142e+04   1.1563003e+03
   1.6810000e+03   2.1534893e+04   3.3363626e+03
   1.6820000e+03   2.1267609e+04  -4.8935853e+03
   1.6830000e+03  -1.1469137e+04  -2.5878199e+04
   1.6840000e+03  -3.7047114e+03  -9.5382969e+03
   1.6850000e+03   1.3005063e+04   2.4889243e+03
   1.6860000e+03   1.7117950e+03  -7.5747463e+03
   1.6870000e+03  -2.2470347e+03   6.6781720e+03
   1.6880000e+03  -3.6626189e+03   8.4702590e+03
   1.6890000e+03  -9.4201669e+03  -7.3996271e+03
   1.6900000e+03   7.5074041e+03   3.4361724e+03
   1.6910000e+03   1.2813347e+04   3.2795455e+03
   1.6920000e+03  -7.2904232e+03  -1.3015834e+04
   1.6930000e+03  -6.8741374e+03   3.2360088e+03
   1.6940000e+03  -3.0133534e+03   1.6527855e+04
   1.6950000e+03  -3.3284106e+03   1.1136608e+03
   1.6960000e+03   2.0288359e+04   2.0780284e+03
   1.6970000e+03   2.4016821e+04   4.9965737e+03
   1.6980000e+03  -9.2710187e+03  -1.2872652e+03
   1.6990000e+03  -2.5993677e+04   1.1782093e+04
   1.7000000e+03  -2.1301280e+04   6.7980615e+02
   1.7010000e+03  -6.0265592e+03  -2.5942468e+04
   1.7020000e+03   2.0470014e+04  -1.7420379e+03
   1.7030000e+03   1.3070776e+04   2.2564519e+04
   1.7040000e+03  -1.7643233e+04   5.9521205e+03
   1.7050000e+03  -7.3240176e+03  -6.2721895e+03
   1.7060000e+03   8.5029565e+03  -9.1568570e+03
   1.7070000e+03   6.1860034e+02  -9.7719875e+03
   1.7080000e+03   4.1343158e+03   3.2941380e+03
   1.7090000e+03  -2.0297180e+03   4.3195270e+03
   1.7100000e+03  -7.1314202e+03  -6.2219512e+03
   1.7110000e+03   2.0026050e+04   9.1498316e+03
   1.7120000e+03   1.5425114e+04   1.6448333e+04
   1.7130000e+03  -2.4347958e+04  -3.9123618e+03
   1.7140000e+03  -2.0005701e+04  -4.2454328e+03
   1.7150000e+03   9.4761000e+03  -6.7467782e+02
   1.7160000e+03   1.3376616e+04  -6.6305376e+03
   1.7170000e+03   5.4865363e+03   3.3166185e+03
   1.7180000e+03  -1.1703651e+04   4.1200922e+03
   1.7190000e+03  -1.7895792e+04  -1.1105688e+03
   1.7200000e+03   1.6019400e+04   4.4205280e+03
   1.7210000e+03   2.4622093e+04  -9.6702803e+03
   1.7220000e+03  -1.2886179e+04  -2.1337080e+04
   1.7230000e+03  -2.5158459e+04   4.5123966e+03
   1.7240000e+03  -1.6921549e+04   1.6191475e+04
   1.7250000e+03  -1.0245866e+03  -7.3778714e+03
   1.7260000e+03   2.9702603e+04  -1.1244550e+04
   1.7270000e+03   1.7761896e+04  -3.6160237e+03
   1.7280000e+03  -2.2835474e+04  -5.0473159e+03
   1.7290000e+03  -1.4657516e+04   9.6030793e+03
   1.7300000e+03   1.2383880e+04   7.2309537e+03
   1.7310000e+03   1.1820100e+04  -8.0033232e+03
   1.7320000e+03   4.6896100e+03   1.0309223e+04
   1.7330000e+03  -1.2110281e+04   7.9731466e+03
   1.7340000e+03  -2.1275113e+04  -1.7659932e+04
   1.7350000e+03   1.3306800e+04   5.3487699e+02
   1.7360000e+03   2.6586242e+04   1.7799729e+04
   1.7370000e+03  -6.2790860e+03  -8.6375181e+02
   1.7380000e+03  -1.5463414e+04  -3.3742641e+03
   1.7390000e+03  -1.4273885e+04   5.0580669e+02
   1.7400000e+03  -9.9313317e+03  -1.0559310e+04
   1.7410000e+03   2.4858726e+04  -2.4918353e+03
   1.7420000e+03   2.1090968e+04  -6.7127529e+02
   1.7430000e+03  -2.5663816e+04  -1.9358222e+04
   1.7440000e+03  -2.4780706e+04  -9.5403126e+03
   1.7450000e+03   3.8383760e+03   2.8014357e+02
   1.7460000e+03   1.0924041e+04  -8.8849607e+03
   1.7470000e+03   1.4906288e+04   2.1393330e+03
   1.7480000e+03   4.9139731e+02   3.7681613e+03
   1.7490000e+03  -2.1588946e+04  -1.3726125e+04
   1.7500000e+03   2.2185511e+03  -1.0192157e+04
   1.7510000e+03   2.3569391e+04   3.1388683e+03
   1.7520000e+03   6.6251008e+03   1.4543699e+04
   1.7530000e+03   5.8679252e+03   2.4751479e+04
   1.7540000e+03   6.7599731e+03   8.0277947e+03
   1.7550000e+03  -5.2378801e+03  -1.4281494e+04
   1.7560000e+03   5.3568079e+03   2.7127492e+03
   1.7570000e+03   5.0954546e+03   1.4680755e+04
   1.7580000e+03  -1.0167762e+04  -4.9580176e+03
   1.7590000e+03   5.9842379e+03  -3.3261416e+03
   1.7600000e+03   1.2593894e+04   8.1609893e+03
   1.7610000e+03  -1.0167983e+04   6.7902694e+03
   1.7620000e+03  -7.0263990e+03   1.4288389e+04
   1.7630000e+03   3.2573819e+03   8.0570945e+03
   1.7640000e+03  -1.8207885e+03  -9.7070198e+03
   1.7650000e+03   9.7138953e+03  -6.8029919e+03
   1.7660000e+03   9.2234818e+03  -3.5813133e+03
   1.7670000e+03  -1.9772208e+02  -1.3777667e+03
   1.7680000e+03   2.2404744e+04   1.6175010e+04
   1.7690000e+03   1.7496548e+04   1.4819208e+04
   1.7700000e+03  -2.0107684e+04  -8.0419228e+02
   1.7710000e+03  -1.7407745e+04   1.3536901e+04
   1.7720000e+03  -7.8588254e+02   1.2707619e+04
   1.7730000e+03   5.6701713e+03  -2.2948023e+04
   1.7740000e+03   1.9334274e+04  -1.8955676e+04
   1.7750000e+03   1.0990562e+03   9.8620771e+03
   1.7760000e+03  -3.0676301e+04   1.6086306e+04
   1.7770000e+03  -1.2718622e+04   1.4015578e+04
   1.7780000e+03   3.9869650e+03  -4.8818284e+03
   1.7790000e+03  -9.3696032e+03  -1.6276355e+04
   1.7800000e+03   4.1498665e+03   5.1386273e+03
   1.7810000e+03   1.1573500e+04   6.6117722e+03
   1.7820000e+03  -8.9324862e+03  -6.4331968e+03
   1.7830000e+03   1.3823146e+03   7.7424631e+03
   1.7840000e+03   1.2348762e+04   9.4290038e+03
   1.7850000e+03  -5.1341560e+03  -5.9312025e+03
   1.7860000e+03  -8.3084611e+03   1.6449511e+03
   1.7870000e+03  -1.0518480e+04  -2.2324756e+03
   1.7880000e+03  -1.4050077e+04  -1.6640264e+04
   1.7890000e+03   9.9511146e+03  -2.9882694e+03
   1.7900000e+03   1.0694455e+04  -8.8097542e+03
   1.7910000e+03  -2.7905913e+04  -1.9769495e+04
   1.7920000e+03  -2.9819845e+04   1.5461863e+04
   1.7930000e+03  -6.8094239e+02   2.1702087e+04
   1.7940000e+03   1.2432199e+04  -1.5868328e+04
   1.7950000e+03   2.0938960e+04  -1.9838333e+04
   1.7960000e+03   1.2523431e+03  -5.2716459e+03
   1.7970000e+03  -2.9356941e+04  -4.3994900e+02
   1.7980000e+03  -2.5796285e+03   9.4912062e+03
   1.7990000e+03   2.4703636e+04   8.9138105e+02
   1.8000000e+03   6.3528300e+03  -1.8752869e+04
   1.8010000e+03  -7.1824979e+03   6.1417312e+02
   1.8020000e+03  -1.8823481e+04   2.0508584e+04
   1.8030000e+03  -2.0748707e+04  -3.3616081e+03
   1.8040000e+03   1.0309581e+04  -3.0417546e+04
   1.8050000e+03   1.3619982e+04  -3.7697521e+04
   1.8060000e+03  -1.6670107e+04  -7.5580456e+03
   1.8070000e+03  -1.3716886e+04   4.2298836e+04
   1.8080000e+03  -3.2435555e+02   2.6244188e+04
   1.8090000e+03   1.8806132e+03  -2.5429216e+04
   1.8100000e+03   2.5371771e+04  -2.5950847e+04
   1.8110000e+03   2.1116019e+04  -7.9639242e+03
   1.8120000e+03  -1.9513725e+04  -2.9303952e+03
   1.8130000e+03  -1.0519528e+04   5.9523326e+03
   1.8140000e+03   2.0356016e+04   2.9012346e+03
   1.8150000e+03   1.5017564e+04  -4.0132904e+03
   1.8160000e+03   6.2115514e+03   1.4497670e+04
   1.8170000e+03  -2.9249920e+02   2.2120490e+04
   1.8180000e+03  -4.7645739e+03  -6.4724767e+02
   1.8190000e+03   9.8237908e+03  -1.2585597e+04
   1.8200000e+03   8.9519876e+03  -1.3143572e+04
   1.8210000e+03  -1.1747064e+04  -3.2275028e+03
   1.8220000e+03  -7.2566797e+03   2.1641180e+04
   1.8230000e+03   6.4774931e+03   1.6607240e+04
   1.8240000e+03   7.8463294e+03  -3.3506072e+02
   1.8250000e+03   1.2377516e+04   1.0922365e+04
   1.8260000e+03  -1.1425305e+03  -2.0578994e+03
   1.8270000e+03  -1.4066233e+04  -3.3455174e+04
   1.8280000e+03   1.1779825e+04  -9.6673719e+03
   1.8290000e+03   1.9167965e+04   2.8586381e+04
   1.8300000e+03  -1.0435841e+03   2.3100995e+04
   1.8310000e+03  -8.6531409e+01   8.6649230e+03
   1.8320000e+03  -1.1840473e+03  -7.7164164e+03
   1.8330000e+03  -4.0108215e+02  -1.6661344e+04
   1.8340000e+03   1.5327071e+04   1.4114961e+04
   1.8350000e+03  -3.7181292e+03   2.8995226e+04
   1.8360000e+03  -2.7186374e+04   6.1073929e+03
   1.8370000e+03   7.5487404e+03  -4.7740094e+03
   1.8380000e+03   3.3388632e+04  -8.5021212e+03
   1.8390000e+03   4.1832595e+03   3.8223821e+03
   1.8400000e+03  -1.2954659e+04   3.0352146e+04
   1.8410000e+03  -5.9694802e+03   8.4685736e+03
   1.8420000e+03   1.6897538e+03  -3.1671528e+04
   1.8430000e+03   1.5525876e+04  -1.5983932e+04
   1.8440000e+03   1.5201187e+03   1.5425538e+04
   1.8450000e+03  -1.9927211e+04   1.4980408e+04
   1.8460000e+03   7.6427568e+03   2.9305292e+03
   1.8470000e+03   2.4700389e+04  -1.6454938e+04
   1.8480000e+03  -3.1483381e+03  -2.0079977e+04
   1.8490000e+03  -1.6987320e+04   1.1808510e+04
   1.8500000e+03  -1.9262729e+04   1.6748886e+04
   1.8510000e+03  -2.5146853e+04  -4.1052589e+03
   1.8520000e+03  -1.6142713e+03   3.6643628e+03
   1.8530000e+03   2.5741939e+04   3.6075632e+03
   1.8540000e+03   1.1808173e+04  -7.8375263e+03
   1.8550000e+03  -2.1074726e+04   1.5830625e+03
   1.8560000e+03  -4.0464378e+04  -4.8814954e+03
   1.8570000e+03  -1.8759082e+04  -1.3668287e+04
   1.8580000e+03   3.0507570e+04   1.2062405e+04
   1.8590000e+03   2.7726421e+04   1.0056109e+04
   1.8600000e+03  -1.5028387e+04  -2.3980088e+04
   1.8610000e+03  -1.7833628e+04  -8.6337726e+03
   1.8620000e+03  -2.4858994e+03   1.4470931e+04
   1.8630000e+03  -1.2062669e+03  -8.5755722e+03
   1.8640000e+03   5.6926864e+03  -1.5375067e+04
   1.8650000e+03   3.4247003e+03  -8.5626663e+03
   1.8660000e+03  -8.3504339e+03  -1.4187655e+04
   1.8670000e+03  -1.9307845e+03   3.2495729e+03
   1.8680000e+03  -3.9888385e+03   9.5242698e+03
   1.8690000e+03  -1.9920530e+04  -1.5793600e+04
   1.8700000e+03  -9.9684295e+03  -1.6723419e+04
   1.8710000e+03  -4.1671077e+03  -1.4617849e+01
   1.8720000e+03  -1.6564769e+04   9.5679800e+03
   1.8730000e+03  -3.0798524e+03   2.1157109e+04
   1.8740000e+03   8.9525770e+03   8.1348925e+03
   1.8750000e+03   2.0513573e+03  -1.8337021e+04
   1.8760000e+03   6.0645404e+03  -6.8081169e+03
   1.8770000e+03   1.7560868e+03   8.2333612e+03
   1.8780000e+03   6.4562035e+02   1.8092319e+03
   1.8790000e+03   2.2576875e+04   4.9525061e+03
   1.8800000e+03   1.8258803e+04  -3.6282513e+03
   1.8810000e+03  -2.0789630e+03  -1.2339860e+04
   1.8820000e+03   3.8034246e+03   8.9725901e+03
   1.8830000e+03   2.1631867e+03   8.4405146e+03
   1.8840000e+03  -1.0707741e+03  -1.1900835e+04
   1.8850000e+03   2.0152409e+04  -5.6617226e+03
   1.8860000e+03   9.9667356e+03   9.0419540e+01
   1.8870000e+03  -2.0817336e+04  -2.4339556e+03
   1.8880000e+03  -8.5073492e+03   8.8653348e+03
   1.8890000e+03   4.0779375e+03   4.1226891e+03
   1.8900000e+03  -8.1715407e+02  -1.5278465e+04
   1.8910000e+03   1.4660220e+04  -2.1700101e+03
   1.8920000e+03   9.7978240e+03   1.4924789e+04
   1.8930000e+03  -1.8974091e+04   9.4043117e+03
   1.8940000e+03  -8.3143716e+03   1.4420400e+04
   1.8950000e+03   1.5016598e+04   5.2272407e+03
   1.8960000e+03   7.8904828e+03  -1.7008882e+04
   1.8970000e+03   5.0265150e+02   2.4406880e+03
   1.8980000e+03  -9.8362654e+02   2.1281565e+04
   1.8990000e+03  -1.2966532e+03   4.3394302e+03
   1.9000000e+03   8.4953670e+03  -3.7510781e+03
   1.9010000e+03  -7.9945289e+02  -4.1095100e+03
   1.9020000e+03  -9.6137261e+03  -6.7937073e+03
   1.9030000e+03   1.4762071e+04   2.5037364e+03
   1.9040000e+03   8.4802842e+03  -3.3339101e+03
   1.9050000e+03  -2.2504777e+04  -1.3338375e+04
   1.9060000e+03  -4.8152095e+03   1.3300511e+04
   1.9070000e+03   1.5753955e+04   1.8165974e+04
   1.9080000e+03   4.1733275e+02  -1.5357164e+04
   1.9090000e+03  -4.1142592e+03  -1.0693119e+04
   1.9100000e+03  -2.1690419e+03   5.4131616e+03
   1.9110000e+03  -4.0389531e+03  -1.2784734e+03
   1.9120000e+03   1.6215361e+04   8.2943342e+03
   1.9130000e+03   2.4300858e+04   1.0677113e+04
   1.9140000e+03   1.0506921e+03  -1.9991885e+03
   1.9150000e+03  -7.5112453e+03   4.4211654e+03
   1.9160000e+03  -7.1080653e+03   6.4460341e+02
   1.9170000e+03  -5.1663975e+03  -1.8954438e+04
   1.9180000e+03   1.1804463e+04  -1.1808565e+04
   1.9190000e+03   9.1844802e+02   5.4425740e+03
   1.9200000e+03  -2.1822330e+04   8.8362945e+03
   1.9210000e+03  -4.5713250e+03   9.6408942e+03
   1.9220000e+03   6.1763244e+03  -1.0791070e+04
   1.9230000e+03  -1.0081487e+04  -2.8085206e+04
   1.9240000e+03  -1.4413030e+04   5.9944976e+03
   1.9250000e+03  -1.1407651e+04   2.5195492e+04
   1.9260000e+03   2.3306458e+03  -2.9368464e+03
   1.9270000e+03   2.8803152e+04  -1.3109694e+04
   1.9280000e+03   1.4388881e+04  -6.0512349e+03
   1.9290000e+03  -2.6433088e+04   4.4570265e+03
   1.9300000e+03  -1.8899427e+04   2.0488287e+04
   1.9310000e+03   7.0354786e+03   2.0391098e+03
   1.9320000e+03   9.0969288e+03  -2.4008770e+04
   1.9330000e+03   1.0323389e+04   1.8229777e+03
   1.9340000e+03  -6.5377964e+03   2.6004906e+04
   1.9350000e+03  -2.6607095e+04   6.4106265e+03
   1.9360000e+03  -8.0189487e+03  -2.6098826e+03
   1.9370000e+03   3.5547865e+03  -3.4112243e+03
   1.9380000e+03  -1.0046011e+03  -1.5371258e+04
   1.9390000e+03   1.1803090e+04  -1.6409424e+03
   1.9400000e+03   7.1542751e+03   7.5467876e+03
   1.9410000e+03  -1.1430009e+04  -8.5825278e+03
   1.9420000e+03  -5.8692618e+03  -4.0026719e+03
   1.9430000e+03  -2.4827203e+03   2.5460860e+03
   1.9440000e+03  -1.0962599e+03   1.8975129e+03
   1.9450000e+03   1.3340210e+04   1.8556058e+04
   1.9460000e+03   5.1518156e+02   1.1150110e+04
   1.9470000e+03  -1.1616779e+04  -1.5413022e+04
   1.9480000e+03   1.8814768e+04  -4.6762713e+03
   1.9490000e+03   1.7978688e+04   8.3746568e+03
   1.9500000e+03  -1.7245098e+04   1.6907942e+02
   1.9510000e+03  -9.5900433e+03   9.4006100e+03
   1.9520000e+03   5.4483172e+03   3.7492898e+03
   1.9530000e+03   4.1333185e+02  -2.0229506e+04
   1.9540000e+03   9.9731110e+03  -2.4523872e+03
   1.9550000e+03   6.6247432e+02   1.2686539e+04
   1.9560000e+03  -2.1130679e+04  -4.7273474e+03
   1.9570000e+03   2.1440234e+03  -5.8403091e+03
   1.9580000e+03   1.7430587e+04  -6.2800166e+03
   1.9590000e+03  -1.0325318e+04  -3.9278569e+03
   1.9600000e+03  -1.9334059e+04   1.9657423e+04
   1.9610000e+03  -9.7769582e+03   6.5729812e+03
   1.9620000e+03   4.6179278e+03  -2.8992248e+04
   1.9630000e+03   3.2220275e+04  -1.2647694e+04
   1.9640000e+03   2.0189607e+04   1.5545532e+04
   1.9650000e+03  -1.7785919e+04   6.0604759e+03
   1.9660000e+03  -6.6649672e+03  -2.7525057e+03
   1.9670000e+03   1.6399389e+04  -3.3349823e+03
   1.9680000e+03   9.1369897e+03  -3.3095815e+03
   1.9690000e+03   4.3702128e+03   6.4304729e+03
   1.9700000e+03  -6.8917289e+03  -6.5674590e+03
   1.9710000e+03  -2.3236573e+04  -1.9543279e+04
   1.9720000e+03  -2.9337588e+03   8.8736741e+03
   1.9730000e+03   1.4500117e+04   1.3696797e+04
   1.9740000e+03  -4.8452607e+03  -1.2668069e+04
   1.9750000e+03  -1.6796247e+04  -4.8731127e+03
   1.9760000e+03  -2.0973100e+04   5.1566866e+03
   1.9770000e+03  -1.2149200e+04  -7.7986399e+03
   1.9780000e+03   2.5704461e+04  -2.7050358e+03
   1.9790000e+03   2.5083115e+04   1.7440437e+03
   1.9800000e+03  -1.1799282e+04  -6.1635226e+03
   1.9810000e+03  -1.0425165e+04   1.0133308e+04
   1.9820000e+03   4.4213238e+03   1.2712770e+04
   1.9830000e+03   8.1455857e+03  -1.5624860e+04
   1.9840000e+03   1.7236684e+04  -1.4941862e+04
   1.9850000e+03   5.4030783e+03  -2.2224947e+03
   1.9860000e+03  -1.1495981e+04  -5.8585746e+02
   1.9870000e+03   4.0757730e+03   1.2322813e+04
   1.9880000e+03   1.0603000e+04   4.5537972e+03
   1.9890000e+03  -1.5790664e+03  -1.5167360e+04
   1.9900000e+03   1.8722672e+03  -2.1456390e+03
   1.9910000e+03  -8.7485006e+03   3.7000589e+03
   1.9920000e+03  -2.0548088e+04  -8.5286188e+03
   1.9930000e+03   1.3207827e+04   5.7422399e+03
   1.9940000e+03   2.8960784e+04   1.5829490e+04
   1.9950000e+03  -9.8333358e+02   4.4254080e+03
   1.9960000e+03  -1.3131115e+04   1.2374772e+04
   1.9970000e+03  -1.2243546e+04   6.3249773e+03
   1.9980000e+03  -6.6326426e+03  -1.8397182e+04
   1.9990000e+03   2.1582864e+04   1.7558966e+03
   2.0000000e+03   2.0245413e+04   2.3111129e+04
