   1.0274000e+02   2.5123000e+01
   9.2540329e+01   3.0999138e+01
   0.0000000e+00  -1.5010868e+04  -1.5010868e+04
   1.0000000e+00  -1.1491688e+04   8.9846246e+03
   2.0000000e+00  -1.4360396e+04   5.2720939e+04
   3.0000000e+00  -5.3751183e+03   4.8142625e+04
   4.0000000e+00   1.7581235e+04  -1.4871612e+04
   5.0000000e+00   1.0824353e+04  -4.8940352e+04
   6.0000000e+00  -1.8047715e+04  -4.7439979e+03
   7.0000000e+00  -3.2717104e+04   4.2506281e+04
   8.0000000e+00  -2.0403752e+04   2.4432040e+04
   9.0000000e+00  -2.3041377e+03  -2.2633459e+04
   1.0000000e+01  -1.1843978e+04  -2.5318987e+04
   1.1000000e+01  -2.9910824e+04   2.0468652e+04
   1.2000000e+01  -2.2365971e+04   4.2532200e+04
   1.3000000e+01   5.0788467e+03   1.2493278e+04
   1.4000000e+01   2.6899190e+04  -1.6632822e+04
   1.5000000e+01   1.8963110e+04  -7.2570384e+03
   1.6000000e+01  -1.3265252e+04   1.5503412e+04
   1.7000000e+01  -4.1775723e+04   1.3295591e+04
   1.8000000e+01  -3.8684816e+04  -5.8701239e+03
   1.9000000e+01   2.3163212e+03  -2.9577491e+03
   2.0000000e+01   3.7078614e+04   2.5234870e+04
   2.1000000e+01   2.4406113e+04   3.3899367e+04
   2.2000000e+01  -2.0654554e+04   5.9768950e+03
   2.3000000e+01  -5.6054795e+04  -1.8699904e+04
   2.4000000e+01  -4.7297967e+04  -1.6748113e+04
   2.5000000e+01  -9.8044158e+02   2.3482593e+03
   2.6000000e+01   3.1287016e+04   2.0598653e+04
   2.7000000e+01   1.6920201e+04   1.6300313e+04
   2.8000000e+01  -2.1597619e+04   6.7324295e+03
   2.9000000e+01  -4.4173548e+04   2.1074253e+04
   3.0000000e+01  -2.3631964e+04   3.0889476e+04
   3.1000000e+01   2.3094985e+04  -1.2780965e+03
   3.2000000e+01   2.9469793e+04  -5.0507133e+04
   3.3000000e+01  -1.2090757e+04  -5.5394465e+04
   3.4000000e+01  -2.5634881e+04   4.8397488e+02
   3.5000000e+01   2.5802883e+03   5.4484045e+04
   3.6000000e+01   1.3163346e+04   3.9129050e+04
   3.7000000e+01   5.0920301e+03  -2.0848330e+04
   3.8000000e+01   1.7767798e+04  -4.8212801e+04
   3.9000000e+01   2.6382320e+04  -3.2688353e+04
   4.0000000e+01  -5.1003909e+03  -1.0561040e+04
   4.1000000e+01  -3.0813119e+04   1.1552813e+04
   4.2000000e+01   1.0100583e+03   2.7255184e+04
   4.3000000e+01   4.3552603e+04   2.2857455e+04
   4.4000000e+01   2.0169335e+04   7.9078750e+03
   4.5000000e+01  -3.4753744e+04  -1.2223230e+04
   4.6000000e+01  -2.7835938e+04  -3.4856630e+04
   4.7000000e+01   2.8341761e+04  -2.7900745e+04
   4.8000000e+01   5.7089905e+04   1.2890986e+04
   4.9000000e+01   4.0954926e+04   2.7467141e+04
   5.0000000e+01   2.8173323e+03  -3.4402808e+03
   5.1000000e+01  -2.6779834e+04  -2.1498753e+04
   5.2000000e+01  -1.6972675e+04  -5.9858731e+03
   5.3000000e+01   2.6359411e+04  -1.2199511e+02
   5.4000000e+01   5.9278421e+04  -1.5156121e+04
   5.5000000e+01   4.5921535e+04  -1.6468743e+04
   5.6000000e+01  -7.2142240e+03   1.8820663e+03
   5.7000000e+01  -4.8465864e+04   1.5951987e+04
   5.8000000e+01  -2.7019842e+04   1.7902671e+04
   5.9000000e+01   3.3564811e+04   8.1937914e+03
   6.0000000e+01   5.6606350e+04  -8.4416092e+03
   6.1000000e+01   2.0314498e+04  -1.5853413e+04
   6.2000000e+01  -1.6231465e+04  -1.3910123e+03
   6.3000000e+01  -9.3955677e+03   2.7176668e+04
   6.4000000e+01   4.3123539e+03   3.3461535e+04
   6.5000000e+01  -6.3453388e+03   4.3827297e+03
   6.6000000e+01  -6.6507933e+03  -1.6670235e+04
   6.7000000e+01   1.8476808e+04  -9.0952678e+03
   6.8000000e+01   3.3071883e+04  -3.5346289e+03
   6.9000000e+01   1.3743492e+04  -1.0517484e+04
   7.0000000e+01  -2.2735565e+04  -6.6340938e+03
   7.1000000e+01  -3.7498969e+04   1.1997200e+04
   7.2000000e+01  -8.8395369e+03   1.5398498e+04
   7.3000000e+01   3.3260780e+04  -7.3195158e+03
   7.4000000e+01   3.0418985e+04  -2.3141961e+04
   7.5000000e+01  -1.9035480e+04  -1.3750935e+04
   7.6000000e+01  -5.4588228e+04   4.3508422e+03
   7.7000000e+01  -4.4463930e+04   2.5916924e+04
   7.8000000e+01  -4.9302545e+03   3.7465174e+04
   7.9000000e+01   2.1388623e+04   6.8636798e+03
   8.0000000e+01  -5.2441887e+02  -4.1976789e+04
   8.1000000e+01  -3.9235714e+04  -4.7492472e+04
   8.2000000e+01  -4.1126900e+04  -5.7732451e+03
   8.3000000e+01  -7.6698682e+03   3.2558716e+04
   8.4000000e+01   2.2732392e+04   2.9620886e+04
   8.5000000e+01   2.0493595e+04  -1.5831222e+03
   8.6000000e+01  -1.3318173e+04  -2.4378687e+04
   8.7000000e+01  -4.1909371e+04  -2.4311925e+04
   8.8000000e+01  -2.4376123e+04  -7.3159080e+03
   8.9000000e+01   2.0468498e+04   1.0606300e+04
   9.0000000e+01   3.1476177e+04   1.3776636e+04
   9.1000000e+01  -8.4388802e+03   4.6781990e+03
   9.2000000e+01  -5.7034206e+04  -1.0110100e+04
   9.3000000e+01  -5.1288452e+04  -2.7015043e+04
   9.4000000e+01   1.6047879e+04  -2.6572689e+04
   9.5000000e+01   6.1127597e+04  -6.8765743e+02
   9.6000000e+01   2.8987373e+04   1.5410888e+04
   9.7000000e+01  -2.8557507e+04   6.9512932e+02
   9.8000000e+01  -4.2974781e+04  -1.2287174e+04
   9.9000000e+01  -1.0417882e+04   3.8958761e+02
   1.0000000e+02   2.5896901e+04   1.6202869e+04
   1.0100000e+02   2.5957863e+04   5.6589052e+03
   1.0200000e+02  -6.9703725e+03  -1.7434481e+04
   1.0300000e+02  -2.6613960e+04  -1.1250850e+04
   1.0400000e+02  -1.2688446e+04   1.9457758e+04
   1.0500000e+02   6.5198154e+03   2.9913163e+04
   1.0600000e+02   1.1387224e+04   7.3875246e+03
   1.0700000e+02   2.2714798e+03  -2.7061956e+04
   1.0800000e+02  -1.7538341e+03  -4.3961889e+04
   1.0900000e+02   1.7144640e+04  -2.0212797e+04
   1.1000000e+02   2.7053134e+04   2.2633623e+04
   1.1100000e+02   6.3449174e+03   3.1627965e+04
   1.1200000e+02  -1.0376199e+04   3.5391825e+03
   1.1300000e+02  -7.7186724e+03  -1.0267368e+04
   1.1400000e+02  -7.1963070e+02   9.8519986e+03
   1.1500000e+02   7.5547794e+03   2.8963235e+04
   1.1600000e+02   1.2832824e+04   1.8521356e+04
   1.1700000e+02   1.0102846e+04  -7.4887921e+03
   1.1800000e+02   4.3280629e+03  -1.1531263e+04
   1.1900000e+02  -2.3344134e+03   2.0311624e+04
   1.2000000e+02  -6.9625358e+02   4.6131973e+04
   1.2100000e+02   1.7421141e+04   1.8311594e+04
   1.2200000e+02   3.4591573e+04  -3.5385891e+04
   1.2300000e+02   2.9176861e+04  -4.1134914e+04
   1.2400000e+02  -1.0061426e+03   1.5366382e+04
   1.2500000e+02  -2.6851923e+04   6.1145754e+04
   1.2600000e+02  -1.4612591e+04   3.3398031e+04
   1.2700000e+02   1.1239853e+04  -2.3371705e+04
   1.2800000e+02   5.6417903e+03  -2.6585649e+04
   1.2900000e+02  -2.0482921e+04   1.5679939e+04
   1.3000000e+02  -2.6010540e+04   3.3911466e+04
   1.3100000e+02   1.8942669e+03   1.1478260e+04
   1.3200000e+02   2.9883332e+04  -5.9296946e+03
   1.3300000e+02   1.7141330e+04  -6.8758348e+02
   1.3400000e+02  -2.1742832e+04   7.8125415e+02
   1.3500000e+02  -2.9218729e+04  -3.9028015e+03
   1.3600000e+02   8.7580171e+03  -2.3090371e+03
   1.3700000e+02   4.1509657e+04  -1.9073014e+03
   1.3800000e+02   3.3124764e+04  -5.5780823e+03
   1.3900000e+02   2.5723242e+03  -5.0274385e+03
   1.4000000e+02  -1.4494147e+04   3.0767224e+03
   1.4100000e+02  -6.6764772e+03   1.1320627e+04
   1.4200000e+02   5.1531720e+03   6.9210378e+03
   1.4300000e+02   2.8231489e+03  -7.5841976e+03
   1.4400000e+02  -2.4136459e+03  -1.0761390e+04
   1.4500000e+02   6.1337181e+03   4.2176771e+02
   1.4600000e+02   1.6145781e+04   2.4126812e+03
   1.4700000e+02   3.3788665e+03  -3.8721629e+03
   1.4800000e+02  -2.0162348e+04  -3.1530225e+03
   1.4900000e+02  -2.5457188e+04  -9.6217801e+03
   1.5000000e+02  -1.2381523e+04  -2.7067230e+04
   1.5100000e+02  -1.9352800e+03  -3.1037675e+04
   1.5200000e+02  -7.1353472e+03  -1.5013672e+04
   1.5300000e+02  -1.1447859e+04   1.0753277e+03
   1.5400000e+02  -3.8845541e+02  -1.9908511e+02
   1.5500000e+02   4.0037589e+03  -1.7583803e+04
   1.5600000e+02  -9.5403527e+03  -3.5435381e+04
   1.5700000e+02  -2.1125837e+04  -3.1142720e+04
   1.5800000e+02  -2.0991984e+04  -2.6464518e+03
   1.5900000e+02  -9.2745410e+03   2.2205442e+04
   1.6000000e+02   1.4184744e+04   2.5197351e+04
   1.6100000e+02   2.4702860e+04   1.8362590e+03
   1.6200000e+02   2.4455127e+03  -3.5137619e+04
   1.6300000e+02  -1.8310238e+04  -4.4149467e+04
   1.6400000e+02  -6.8330679e+03  -1.6580399e+04
   1.6500000e+02   1.7109888e+04   7.1748211e+03
   1.6600000e+02   2.5303758e+04   7.4590057e+03
   1.6700000e+02   9.1471220e+03   1.3632665e+03
   1.6800000e+02  -9.4639340e+03   1.3939837e+02
   1.6900000e+02  -6.9528087e+03  -7.3178307e+03
   1.7000000e+02   2.2811932e+03  -2.4542182e+04
   1.7100000e+02   4.0380256e+03  -2.5619418e+04
   1.7200000e+02   2.8282056e+03   1.5696091e+04
   1.7300000e+02  -3.3925919e+03   6.7476951e+04
   1.7400000e+02  -1.2787902e+04   5.3069736e+04
   1.7500000e+02  -1.1650142e+04  -2.5646151e+04
   1.7600000e+02   3.5270512e+03  -6.6845753e+04
   1.7700000e+02   1.2854734e+04  -2.2258166e+04
   1.7800000e+02   4.1727007e+03   4.2147535e+04
   1.7900000e+02  -2.2837971e+03   5.5512294e+04
   1.8000000e+02   1.1279914e+04   1.9129594e+04
   1.8100000e+02   3.0754401e+04  -2.1664276e+04
   1.8200000e+02   2.4036822e+04  -2.9257590e+04
   1.8300000e+02  -8.9961099e+03  -1.6900582e+03
   1.8400000e+02  -1.6301258e+04   3.0819050e+04
   1.8500000e+02   1.4338048e+04   3.6391160e+04
   1.8600000e+02   2.5037431e+04   1.5804240e+04
   1.8700000e+02  -8.8592568e+02   1.7381076e+03
   1.8800000e+02  -2.8035188e+04   9.6882236e+03
   1.8900000e+02  -3.3228224e+04   1.7083698e+04
   1.9000000e+02  -1.4258668e+04   3.2968108e+03
   1.9100000e+02  -4.1656384e+03  -1.9452622e+04
   1.9200000e+02  -1.9457831e+04  -1.7275625e+04
   1.9300000e+02  -2.4266671e+04   1.5327266e+04
   1.9400000e+02  -1.2923641e+04   4.0591341e+04
   1.9500000e+02  -2.9578939e+03   3.8528848e+04
   1.9600000e+02   3.8700932e+03   2.1998805e+04
   1.9700000e+02  -2.0810410e+03  -2.6906788e+03
   1.9800000e+02  -9.6982302e+03  -2.4581659e+04
   1.9900000e+02  -1.7400477e+03  -1.2486180e+04
   2.0000000e+02   9.8944122e+03   3.4254457e+04
   2.0100000e+02   1.5343099e+04   5.8707912e+04
   2.0200000e+02   7.6139152e+03   2.1868980e+04
   2.0300000e+02  -1.0607295e+04  -3.4612870e+04
   2.0400000e+02  -1.3284313e+04  -4.2933900e+04
   2.0500000e+02   2.1451614e+03  -4.8377804e+03
   2.0600000e+02   3.2514335e+03   1.5780051e+04
   2.0700000e+02  -1.4580408e+04  -6.8574317e+02
   2.0800000e+02  -1.9082421e+04  -1.4404745e+04
   2.0900000e+02  -4.9209819e+03  -6.4673983e+03
   2.1000000e+02   5.2680946e+03   5.1352555e+03
   2.1100000e+02   2.8627324e+02   3.8864090e+03
   2.1200000e+02  -1.1077148e+04  -2.1113512e+03
   2.1300000e+02  -6.0585155e+03  -2.8516929e+03
   2.1400000e+02   9.6014815e+03  -6.4936546e+03
   2.1500000e+02   9.9496313e+03  -1.1086580e+04
   2.1600000e+02   5.6616946e+03  -4.3897832e+03
   2.1700000e+02   1.5659579e+04   7.8486419e+03
   2.1800000e+02   3.0157215e+04  -7.5544720e+01
   2.1900000e+02   2.5450455e+04  -3.1168110e+04
   2.2000000e+02  -1.5553550e+03  -3.7896721e+04
   2.2100000e+02  -1.3676362e+04  -4.4216893e+03
   2.2200000e+02   8.4631018e+03   1.4746179e+04
   2.2300000e+02   3.2131709e+04  -6.7642452e+03
   2.2400000e+02   3.1205032e+04  -3.0383081e+04
   2.2500000e+02   1.5977530e+04  -2.1458710e+04
   2.2600000e+02   4.1125039e+03   3.0027664e+03
   2.2700000e+02  -1.7109784e+03   3.3093407e+03
   2.2800000e+02  -1.0098318e+04  -2.2879688e+04
   2.2900000e+02  -1.5985587e+04  -3.6439675e+04
   2.3000000e+02  -7.5298453e+02  -1.5702939e+04
   2.3100000e+02   1.9819608e+04   1.1214695e+04
   2.3200000e+02   1.1051174e+04   1.4914613e+04
   2.3300000e+02  -1.4192049e+04   3.9803111e+02
   2.3400000e+02  -1.8239606e+04  -1.4342067e+04
   2.3500000e+02   1.0845359e+04  -1.1031482e+04
   2.3600000e+02   4.6367986e+04   1.0580994e+04
   2.3700000e+02   4.5367716e+04   2.1580559e+04
   2.3800000e+02   8.4746148e+03   3.2723102e+03
   2.3900000e+02  -2.0388134e+04  -1.7946189e+04
   2.4000000e+02  -5.3248991e+03  -9.5427011e+03
   2.4100000e+02   3.9063894e+04   1.0354914e+04
   2.4200000e+02   4.9710488e+04   1.0602508e+04
   2.4300000e+02   8.5553763e+03  -4.4002287e+03
   2.4400000e+02  -2.8419689e+04  -1.6918601e+04
   2.4500000e+02  -2.5717378e+04  -1.3508503e+04
   2.4600000e+02  -7.4523789e+03   2.9427259e+03
   2.4700000e+02  -4.7011076e+03   1.7035951e+04
   2.4800000e+02  -1.5072256e+04   2.1838496e+04
   2.4900000e+02  -2.2421034e+04   1.5119216e+04
   2.5000000e+02  -2.0225115e+04   4.3314224e+03
   2.5100000e+02  -1.6172856e+04   2.8419100e+03
   2.5200000e+02  -2.2191264e+04   8.6663623e+03
   2.5300000e+02  -3.0232498e+04   9.4354731e+03
   2.5400000e+02  -3.4783570e+04   3.6994271e+03
   2.5500000e+02  -3.5722841e+04   4.3610182e+03
   2.5600000e+02  -1.4170603e+04   1.4166687e+04
   2.5700000e+02   1.7446542e+04   2.2649638e+04
   2.5800000e+02   1.8279889e+04   1.5713652e+04
   2.5900000e+02  -6.6283725e+03  -1.1786506e+04
   2.6000000e+02  -2.1337687e+04  -2.2912342e+04
   2.6100000e+02  -1.6568246e+04   9.8623726e+03
   2.6200000e+02  -6.8968928e+03   4.0011731e+04
   2.6300000e+02  -1.0361637e+02   2.4747736e+04
   2.6400000e+02  -3.0625807e+02  -8.0815131e+03
   2.6500000e+02  -1.4358542e+04  -1.8292046e+04
   2.6600000e+02  -2.9154378e+04  -1.0255340e+04
   2.6700000e+02  -2.0637384e+04  -7.8068694e+03
   2.6800000e+02  -1.7343974e+03  -1.1483508e+04
   2.6900000e+02  -6.0259761e+03  -3.6898617e+03
   2.7000000e+02  -2.0187233e+04   1.4750659e+04
   2.7100000e+02  -1.6080273e+04   1.5339050e+04
   2.7200000e+02  -3.5706247e+03  -7.0655869e+03
   2.7300000e+02   7.3618524e+03  -1.6464739e+04
   2.7400000e+02   1.1203490e+04   2.3913508e+03
   2.7500000e+02   1.1162438e+03   2.0448940e+04
   2.7600000e+02  -9.4141853e+03   1.0558811e+04
   2.7700000e+02  -4.7272048e+03  -1.2301003e+04
   2.7800000e+02   1.7259709e+04  -1.6442148e+04
   2.7900000e+02   3.1872234e+04  -5.0973504e+03
   2.8000000e+02   1.3968193e+04  -2.7355293e+03
   2.8100000e+02  -9.0619581e+03  -1.2520889e+04
   2.8200000e+02   1.9771409e+03  -1.2590351e+04
   2.8300000e+02   3.7258560e+04   5.4021274e+03
   2.8400000e+02   4.5974650e+04   1.5450630e+04
   2.8500000e+02   7.4201423e+03   7.2132758e+01
   2.8600000e+02  -2.4625528e+04  -2.3349706e+04
   2.8700000e+02  -8.0079257e+03  -2.1533133e+04
   2.8800000e+02   2.6866224e+04   1.2973105e+04
   2.8900000e+02   3.8531796e+04   3.3868509e+04
   2.9000000e+02   2.1899870e+04   1.0402853e+04
   2.9100000e+02   9.5803721e+02  -1.7449208e+04
   2.9200000e+02   2.2931831e+03  -1.1017534e+04
   2.9300000e+02   1.8612097e+04   1.0157859e+04
   2.9400000e+02   1.7634520e+04   1.1650223e+04
   2.9500000e+02   3.1065190e+03  -5.8902284e+03
   2.9600000e+02  -4.6247167e+02  -1.5720055e+04
   2.9700000e+02  -7.6275092e+02  -3.1781102e+03
   2.9800000e+02  -4.4567640e+03   1.2399862e+04
   2.9900000e+02  -2.3957998e+03   1.2058335e+04
   3.0000000e+02   1.1684830e+04   1.1559922e+04
   3.0100000e+02   3.6761517e+04   1.3985724e+04
   3.0200000e+02   4.7186987e+04   2.2480106e+03
   3.0300000e+02   2.8352520e+04  -1.0208348e+04
   3.0400000e+02   5.4313769e+03  -5.3569648e+03
   3.0500000e+02  -2.1278395e+03   9.5239587e+03
   3.0600000e+02  -4.3991410e+03   1.6052105e+04
   3.0700000e+02  -1.6043378e+04  -5.7994356e+02
   3.0800000e+02  -2.4331209e+04  -2.2813116e+04
   3.0900000e+02  -5.8837326e+03  -2.0180207e+04
   3.1000000e+02   2.4929909e+04  -1.2422352e+03
   3.1100000e+02   2.4506965e+04   7.7779826e+03
   3.1200000e+02  -7.6613777e+03   2.6391891e+03
   3.1300000e+02  -2.0319512e+04  -7.9621359e+03
   3.1400000e+02  -1.3172505e+04  -1.1714486e+04
   3.1500000e+02  -2.7662497e+04  -2.1190900e+01
   3.1600000e+02  -4.5274168e+04   1.2767300e+04
   3.1700000e+02  -3.4002518e+04   6.8705681e+03
   3.1800000e+02  -8.2156887e+03  -5.8595692e+03
   3.1900000e+02   1.0794917e+04  -7.9538320e+02
   3.2000000e+02   2.0854376e+04   1.0356130e+04
   3.2100000e+02   2.6750192e+04  -1.9694562e+02
   3.2200000e+02   2.0976659e+04  -2.1768083e+04
   3.2300000e+02  -2.7735779e+03  -2.3781919e+04
   3.2400000e+02  -3.0906680e+04  -7.4069917e+02
   3.2500000e+02  -4.1589042e+04   1.5741761e+04
   3.2600000e+02  -3.2144880e+04  -2.7654885e+03
   3.2700000e+02  -2.3249719e+04  -2.3961369e+04
   3.2800000e+02  -1.7350698e+04  -1.6218250e+04
   3.2900000e+02  -8.1776234e+03  -3.9348051e+03
   3.3000000e+02  -4.5988509e+03   2.6365085e+03
   3.3100000e+02  -1.8997398e+03   1.0502783e+04
   3.3200000e+02  -2.3350840e+03   9.5659468e+03
   3.3300000e+02  -1.6342478e+04  -6.7205061e+02
   3.3400000e+02  -2.1396919e+04  -1.1486147e+04
   3.3500000e+02  -1.2647791e+03  -1.6884645e+04
   3.3600000e+02   1.4190217e+04  -1.4252521e+04
   3.3700000e+02  -6.6397654e+03  -8.3658854e+03
   3.3800000e+02  -4.1792466e+04  -6.6029969e+03
   3.3900000e+02  -4.0308885e+04  -7.0454585e+03
   3.4000000e+02   6.2090255e+02   6.4528367e+02
   3.4100000e+02   3.1273741e+04   8.1893652e+03
   3.4200000e+02   2.5574779e+04   1.3696285e+02
   3.4300000e+02   9.2840755e+03  -1.4434083e+04
   3.4400000e+02  -6.0885831e+02  -1.9448398e+04
   3.4500000e+02  -1.7212400e+04  -5.3088978e+03
   3.4600000e+02  -3.5217525e+04   2.5349984e+04
   3.4700000e+02  -2.7480607e+04   4.1519241e+04
   3.4800000e+02   7.6303648e+03   1.4439854e+04
   3.4900000e+02   3.4546834e+04  -2.7443853e+04
   3.5000000e+02   3.4102092e+04  -2.9742765e+04
   3.5100000e+02   2.5263169e+04   6.1326332e+03
   3.5200000e+02   2.0509413e+04   3.5736146e+04
   3.5300000e+02   1.5184038e+04   2.9937580e+04
   3.5400000e+02   4.6771370e+03   1.3591077e+03
   3.5500000e+02  -6.0323014e+03  -6.6287425e+03
   3.5600000e+02  -9.1983847e+03   8.8381651e+03
   3.5700000e+02  -8.5465164e+03   1.2336853e+04
   3.5800000e+02  -3.8510171e+03   8.1746187e+03
   3.5900000e+02   2.8281681e+03   1.4217283e+04
   3.6000000e+02   7.1925979e+03   1.7033645e+04
   3.6100000e+02   2.1804839e+04   1.2623227e+04
   3.6200000e+02   4.3021541e+04   1.5016738e+04
   3.6300000e+02   4.6650461e+04   1.4332511e+04
   3.6400000e+02   2.3756510e+04   4.7160240e+01
   3.6500000e+02  -4.8333539e+03  -3.4285259e+03
   3.6600000e+02  -6.1404171e+03   1.4559984e+04
   3.6700000e+02   1.6986020e+04   2.4770497e+04
   3.6800000e+02   3.9515866e+04   7.7693508e+03
   3.6900000e+02   4.9556161e+04  -9.8755468e+03
   3.7000000e+02   3.6829186e+04  -6.9243845e+02
   3.7100000e+02   8.3103896e+03   1.1444429e+04
   3.7200000e+02  -8.6385116e+03   9.2617805e+03
   3.7300000e+02  -8.1492689e+03   1.1656834e+04
   3.7400000e+02  -1.4543495e+04   1.6449101e+04
   3.7500000e+02  -3.7026186e+04   6.8723028e+03
   3.7600000e+02  -5.1590529e+04  -1.3385462e+04
   3.7700000e+02  -4.3793583e+04  -2.1137444e+04
   3.7800000e+02  -1.9978123e+04  -8.0999554e+03
   3.7900000e+02   4.9709125e+03   3.3845824e+03
   3.8000000e+02   1.0367335e+04   7.9857430e+02
   3.8100000e+02  -2.0446226e+03  -1.4263977e+04
   3.8200000e+02  -1.0373048e+04  -2.7828841e+04
   3.8300000e+02  -9.4308849e+03  -1.4280071e+04
   3.8400000e+02  -1.2673119e+04   1.3194382e+04
   3.8500000e+02  -1.9402356e+04   1.3161727e+04
   3.8600000e+02  -1.0554084e+04  -1.7359765e+04
   3.8700000e+02   1.3699102e+04  -3.0897886e+04
   3.8800000e+02   3.5888795e+04  -3.0186604e+03
   3.8900000e+02   4.5095552e+04   2.1801106e+04
   3.9000000e+02   3.6952140e+04   9.2571355e+03
   3.9100000e+02   1.8391306e+04  -1.8985930e+04
   3.9200000e+02  -2.5592644e+03  -2.8150195e+04
   3.9300000e+02  -2.3555512e+04  -1.3268153e+04
   3.9400000e+02  -3.7697602e+04  -8.2385041e+03
   3.9500000e+02  -4.6678768e+04  -2.6272980e+04
   3.9600000e+02  -6.0854638e+04  -3.8919748e+04
   3.9700000e+02  -7.2049469e+04  -2.7636590e+04
   3.9800000e+02  -6.1592965e+04  -2.5391754e+03
   3.9900000e+02  -3.5162210e+04   8.6825097e+03
   4.0000000e+02  -1.7817131e+04  -8.2541672e+03
   4.0100000e+02  -1.6690071e+04  -3.0030380e+04
   4.0200000e+02  -6.7328558e+03  -2.1670119e+04
   4.0300000e+02   3.1954586e+04   8.9248483e+03
   4.0400000e+02   7.7016961e+04   1.7099091e+04
   4.0500000e+02   9.4192434e+04   1.5311286e+03
   4.0600000e+02   7.1230934e+04  -1.8660972e+03
   4.0700000e+02   2.6252228e+04   8.9276174e+03
   4.0800000e+02   5.3881437e+02   6.9507412e+03
   4.0900000e+02   7.7484349e+03  -1.4802540e+04
   4.1000000e+02   2.7995358e+04  -2.2566478e+04
   4.1100000e+02   3.5449024e+04   2.2657645e+03
   4.1200000e+02   1.0466437e+04   2.6320280e+04
   4.1300000e+02  -1.8831623e+04   2.3642701e+04
   4.1400000e+02  -1.0135375e+04   3.0774118e+03
   4.1500000e+02   1.9284328e+04  -1.5758868e+04
   4.1600000e+02   2.0978615e+04  -1.7774887e+04
   4.1700000e+02  -1.8755954e+04  -1.9757987e+03
   4.1800000e+02  -5.5122949e+04   1.6166099e+04
   4.1900000e+02  -4.7763515e+04   1.5160749e+04
   4.2000000e+02  -1.8852092e+04  -3.7608894e+03
   4.2100000e+02  -9.0717571e+02  -1.5114332e+04
   4.2200000e+02   2.0893055e+03  -5.8175445e+03
   4.2300000e+02  -8.8075196e+03   7.3017367e+03
   4.2400000e+02  -2.8479888e+04   5.5045991e+03
   4.2500000e+02  -3.2446564e+04   1.9140637e+03
   4.2600000e+02  -8.9969338e+03   1.4331309e+04
   4.2700000e+02   1.3572101e+04   3.2119931e+04
   4.2800000e+02   9.6417304e+03   3.5812260e+04
   4.2900000e+02  -1.3567821e+04   2.0677744e+04
   4.3000000e+02  -2.0593450e+04   4.0450186e+03
   4.3100000e+02   9.4004372e+03   7.0590253e+03
   4.3200000e+02   3.5685886e+04   2.6927125e+04
   4.3300000e+02   1.9214601e+04   3.7050773e+04
   4.3400000e+02  -1.9298372e+04   2.0809868e+04
   4.3500000e+02  -3.1072532e+04  -1.8710610e+03
   4.3600000e+02   4.9087064e+03  -6.2471425e+03
   4.3700000e+02   4.1779172e+04   7.0959719e+03
   4.3800000e+02   3.3766276e+04   2.0770208e+04
   4.3900000e+02   2.4617590e+03   1.9414643e+04
   4.4000000e+02  -1.6309547e+04   7.9432332e+03
   4.4100000e+02  -1.1587455e+04  -1.9034200e+02
   4.4200000e+02   2.4968007e+03   4.3385329e+03
   4.4300000e+02   4.4439170e+03   1.6794293e+04
   4.4400000e+02  -3.8866671e+03   1.7541323e+04
   4.4500000e+02  -9.4192699e+03   3.2495313e+03
   4.4600000e+02  -7.7774303e+03  -1.6182906e+04
   4.4700000e+02   2.7501222e+03  -1.9223121e+04
   4.4800000e+02   1.1431436e+04   8.0780404e+03
   4.4900000e+02  -5.5120773e+03   2.1937093e+04
   4.5000000e+02  -3.0206683e+04  -6.8367844e+03
   4.5100000e+02  -1.9094146e+04  -3.6555738e+04
   4.5200000e+02   6.8334318e+03  -3.4457025e+04
   4.5300000e+02   4.8286342e+03  -1.2838557e+04
   4.5400000e+02  -9.3594682e+03  -1.3632282e+03
   4.5500000e+02  -4.7652979e+03  -1.1270821e+04
   4.5600000e+02   1.5842909e+04  -2.1515952e+04
   4.5700000e+02   2.8302785e+04  -1.6155100e+04
   4.5800000e+02   1.6789855e+04  -4.0719579e+03
   4.5900000e+02  -6.1854264e+03   1.7871442e+03
   4.6000000e+02  -7.6655516e+03  -4.9860693e+03
   4.6100000e+02   1.7067666e+04  -1.9981528e+04
   4.6200000e+02   3.2756993e+04  -2.0073148e+04
   4.6300000e+02   2.6887277e+04  -9.1691149e+02
   4.6400000e+02   1.3594958e+04   7.7281228e+03
   4.6500000e+02   9.2595230e+02  -1.8687318e+03
   4.6600000e+02  -1.6086814e+03  -1.8396681e+04
   4.6700000e+02   5.3903537e+03  -2.9434583e+04
   4.6800000e+02   7.2643327e+03  -1.7871680e+04
   4.6900000e+02  -4.9179745e+03  -3.0270935e+03
   4.7000000e+02  -1.7238552e+04  -6.4492670e+03
   4.7100000e+02  -9.3447890e+03  -9.4884154e+03
   4.7200000e+02   5.6711534e+03  -8.1397493e+03
   4.7300000e+02   9.4574757e+03  -1.1727614e+04
   4.7400000e+02   6.9453763e+03  -1.1219393e+04
   4.7500000e+02   4.8015256e+03  -3.4843601e+03
   4.7600000e+02   6.3661689e+03   4.5846308e+03
   4.7700000e+02   9.4212403e+03   9.2539089e+03
   4.7800000e+02   1.0664185e+04   3.7497802e+02
   4.7900000e+02   7.0085325e+03  -1.9779872e+04
   4.8000000e+02  -1.9942545e+03  -1.8330535e+04
   4.8100000e+02  -5.2883726e+03   9.3268422e+03
   4.8200000e+02  -3.9294753e+03   2.3077374e+04
   4.8300000e+02  -7.9747880e+03   9.1395130e+03
   4.8400000e+02  -8.7134754e+03  -7.1850633e+03
   4.8500000e+02   6.0521142e+03  -6.8734320e+03
   4.8600000e+02   1.8630906e+04   4.7368988e+03
   4.8700000e+02  -1.0040174e+02   2.0008641e+04
   4.8800000e+02  -3.2253948e+04   3.2963802e+04
   4.8900000e+02  -3.7791137e+04   2.2549946e+04
   4.9000000e+02  -1.2632402e+04  -8.3858602e+03
   4.9100000e+02   1.6065164e+04  -1.8809700e+04
   4.9200000e+02   1.5192889e+04   4.7746687e+03
   4.9300000e+02  -1.1147767e+04   2.5577305e+04
   4.9400000e+02  -2.9009613e+04   1.6895473e+04
   4.9500000e+02  -2.4299992e+04   9.0116889e+02
   4.9600000e+02  -7.1310475e+03  -1.0463376e+03
   4.9700000e+02  -1.3891322e+03   1.3727286e+03
   4.9800000e+02  -8.3194145e+03   2.5763692e+03
   4.9900000e+02  -3.4165644e+03   6.3254060e+03
   5.0000000e+02   9.1437874e+03   1.1201046e+04
   5.0100000e+02   3.3701672e+03   1.1992274e+04
   5.0200000e+02  -2.0166796e+04   7.0136579e+03
   5.0300000e+02  -2.8956739e+04   3.1479891e+02
   5.0400000e+02  -1.1667835e+04  -2.3341150e+03
   5.0500000e+02   5.8859693e+03   3.8465293e+03
   5.0600000e+02   6.1836110e+03   1.1299563e+04
   5.0700000e+02  -1.1745438e+04   1.0925571e+04
   5.0800000e+02  -2.6975741e+04   5.0553952e+03
   5.0900000e+02  -1.6365556e+04  -1.9052516e+02
   5.1000000e+02   3.3914247e+03   2.9062658e+03
   5.1100000e+02   1.1510667e+04   3.3945765e+03
   5.1200000e+02   9.5469003e+03  -5.5119994e+03
   5.1300000e+02   6.6456290e+03  -3.3180111e+02
   5.1400000e+02   8.2492116e+03   1.7250850e+04
   5.1500000e+02   6.3559850e+03   2.2185247e+04
   5.1600000e+02  -4.9885440e+01   9.7137068e+03
   5.1700000e+02  -1.8453659e+03  -9.0007294e+03
   5.1800000e+02  -1.5251164e+02  -1.6974904e+04
   5.1900000e+02  -1.9592583e+03  -8.7713037e+03
   5.2000000e+02  -5.0627577e+03   6.9335837e+03
   5.2100000e+02  -9.4357853e+02   1.2941602e+04
   5.2200000e+02   3.4983643e+03  -2.7210146e+03
   5.2300000e+02  -3.4049470e+03  -2.3595492e+04
   5.2400000e+02  -1.2870681e+04  -2.6593103e+04
   5.2500000e+02  -6.1837685e+03  -8.2720156e+03
   5.2600000e+02   1.4448517e+04   5.7766432e+03
   5.2700000e+02   2.2207630e+04  -5.9427528e+03
   5.2800000e+02   1.4644621e+04  -1.4740631e+04
   5.2900000e+02   1.5871447e+04  -1.5055060e+03
   5.3000000e+02   2.8568298e+04   6.6687755e+03
   5.3100000e+02   3.7484832e+04  -3.6761888e+03
   5.3200000e+02   2.9756399e+04  -1.3574514e+04
   5.3300000e+02   9.5360790e+03  -2.3268483e+03
   5.3400000e+02  -1.9435665e+03   1.7210358e+04
   5.3500000e+02   4.7846926e+03   1.4994758e+04
   5.3600000e+02   1.1159592e+04  -3.4523589e+03
   5.3700000e+02  -1.6631936e+03  -1.2595950e+04
   5.3800000e+02  -9.3884826e+03  -1.0183373e+04
   5.3900000e+02   9.7992268e+03  -4.8497672e+03
   5.4000000e+02   2.1838660e+04   3.8202354e+03
   5.4100000e+02   2.9390496e+02   5.8034778e+03
   5.4200000e+02  -2.6527366e+04  -6.6203846e+03
   5.4300000e+02  -1.6456004e+04  -1.4405117e+04
   5.4400000e+02   1.9987415e+04  -1.1455104e+04
   5.4500000e+02   3.1804867e+04  -7.5308015e+03
   5.4600000e+02   1.5450187e+04   3.4023527e+03
   5.4700000e+02   4.2249410e+03   1.8514717e+04
   5.4800000e+02   7.3590319e+03   1.5330801e+04
   5.4900000e+02   1.3215657e+04  -8.6935687e+03
   5.5000000e+02   8.1251543e+03  -1.9236639e+04
   5.5100000e+02  -6.5873018e+03  -5.8112530e+02
   5.5200000e+02  -1.6843320e+04   1.6203683e+04
   5.5300000e+02  -1.3614192e+04   1.1463057e+04
   5.5400000e+02  -4.8316489e+03  -2.2998769e+03
   5.5500000e+02  -5.2897255e+03  -6.9942955e+03
   5.5600000e+02  -1.2628134e+04  -3.4626752e+03
   5.5700000e+02  -1.8040784e+04  -1.0224706e+04
   5.5800000e+02  -1.6259080e+04  -1.7733618e+04
   5.5900000e+02  -9.7918826e+03  -6.2106984e+03
   5.6000000e+02  -9.3672779e+03   8.5914541e+03
   5.6100000e+02  -8.3811401e+03   1.0485488e+04
   5.6200000e+02  -9.7895850e+02   4.5701672e+03
   5.6300000e+02   1.6822844e+02  -1.5718610e+03
   5.6400000e+02  -5.8750105e+03  -3.3701877e+03
   5.6500000e+02  -7.0790425e+03  -5.9070670e+01
   5.6600000e+02  -3.7525010e+03   6.5708783e+03
   5.6700000e+02  -8.5615365e+03   1.1480096e+04
   5.6800000e+02  -1.4329219e+04   8.5509589e+03
   5.6900000e+02  -6.9178387e+03   1.9305648e+02
   5.7000000e+02  -4.2514837e+03  -3.7461150e+03
   5.7100000e+02  -1.8513495e+04  -1.1926521e+03
   5.7200000e+02  -2.9888150e+04  -3.4968009e+03
   5.7300000e+02  -2.3676040e+04  -1.6419868e+04
   5.7400000e+02  -9.8023095e+03  -2.4184214e+04
   5.7500000e+02  -5.9440731e+03  -9.2922124e+03
   5.7600000e+02  -1.2121201e+04   1.3138155e+04
   5.7700000e+02  -1.3224432e+04   9.2292249e+03
   5.7800000e+02   4.6177077e+02  -1.8432953e+04
   5.7900000e+02   1.7318215e+04  -2.7733523e+04
   5.8000000e+02   1.6733661e+04  -3.8000316e+03
   5.8100000e+02   2.0307274e+03   1.6744569e+04
   5.8200000e+02  -9.7168110e+03   1.2174879e+04
   5.8300000e+02  -5.9193879e+03   1.7869689e+03
   5.8400000e+02   1.4618722e+04  -2.5450888e+03
   5.8500000e+02   2.6615394e+04  -4.8139727e+02
   5.8600000e+02   1.2284529e+04   8.2109472e+03
   5.8700000e+02  -6.1391524e+03   1.2661992e+04
   5.8800000e+02  -5.2694312e+03   8.4473546e+03
   5.8900000e+02   7.3802534e+03   1.6093243e+03
   5.9000000e+02   1.1822259e+04  -4.2162155e+03
   5.9100000e+02  -2.8011097e+03  -4.6149624e+03
   5.9200000e+02  -1.9613302e+04  -1.9464590e+03
   5.9300000e+02  -4.2205607e+03  -6.7501870e+02
   5.9400000e+02   3.0340609e+04   5.7821911e+03
   5.9500000e+02   3.5951160e+04   1.5219078e+04
   5.9600000e+02   1.0666859e+04   1.0884165e+04
   5.9700000e+02  -1.2329845e+04  -4.4560554e+03
   5.9800000e+02  -1.1844930e+04  -5.2968893e+03
   5.9900000e+02   6.5128297e+03   1.2779666e+04
   6.0000000e+02   1.9690664e+04   2.4210934e+04
   6.0100000e+02   1.3894877e+04   1.5753907e+04
   6.0200000e+02  -7.8628684e+03   9.2992329e+02
   6.0300000e+02  -1.7893703e+04  -2.0470648e+03
   6.0400000e+02   3.5344685e+03   1.1492655e+04
   6.0500000e+02   2.3511270e+04   2.1193513e+04
   6.0600000e+02   1.1193101e+04   8.1677516e+03
   6.0700000e+02  -9.5048594e+03  -1.1790727e+04
   6.0800000e+02  -3.7569499e+03  -1.3511385e+04
   6.0900000e+02   1.4140354e+04   9.5379638e+03
   6.1000000e+02   1.2648044e+04   3.1649487e+04
   6.1100000e+02   3.4287749e+03   1.6678913e+04
   6.1200000e+02   3.2401525e+03  -1.4559429e+04
   6.1300000e+02   9.6535576e+03  -1.8536903e+04
   6.1400000e+02   1.8855389e+04  -1.4659566e+02
   6.1500000e+02   1.3973920e+04   1.6303240e+04
   6.1600000e+02  -4.3402674e+03   1.2301297e+04
   6.1700000e+02  -8.9818886e+03  -8.6244111e+03
   6.1800000e+02   2.9388726e+03  -1.4402034e+04
   6.1900000e+02   6.9291085e+03   3.4278716e+03
   6.2000000e+02  -9.1091671e+03   1.6062570e+04
   6.2100000e+02  -2.3699577e+04   2.2583768e+03
   6.2200000e+02  -1.4878229e+04  -1.9862447e+04
   6.2300000e+02   1.7076967e+03  -1.7906129e+04
   6.2400000e+02  -8.0116924e+02   5.4878025e+03
   6.2500000e+02  -1.4407358e+04   1.8736674e+04
   6.2600000e+02  -9.8566142e+03   3.5563315e+03
   6.2700000e+02   9.5414449e+03  -1.9403146e+04
   6.2800000e+02   1.2823823e+04  -2.3134422e+04
   6.2900000e+02  -7.5048329e+03  -1.3465276e+04
   6.3000000e+02  -1.9883634e+04  -1.9154305e+03
   6.3100000e+02  -1.7545520e+03   1.7803593e+03
   6.3200000e+02   1.2589337e+04  -1.1598547e+04
   6.3300000e+02  -5.0452267e+02  -2.4834291e+04
   6.3400000e+02  -8.8692720e+03  -2.0814113e+04
   6.3500000e+02  -3.5052209e+03  -8.8414815e+03
   6.3600000e+02  -1.1562994e+03  -6.1690169e+03
   6.3700000e+02   1.1591390e+03  -1.4329183e+04
   6.3800000e+02   2.0704926e+03  -1.2140897e+04
   6.3900000e+02  -7.8264770e+03   3.9210853e+03
   6.4000000e+02  -2.6152032e+04   2.3086332e+03
   6.4100000e+02  -3.1337175e+04  -2.2300391e+04
   6.4200000e+02  -3.3909319e+03  -2.9735252e+04
   6.4300000e+02   2.8285075e+04  -7.0523874e+03
   6.4400000e+02   1.8549035e+04   1.0187812e+04
   6.4500000e+02  -1.2744097e+04   2.5870514e+02
   6.4600000e+02  -1.5698018e+04  -1.8834439e+04
   6.4700000e+02   8.1766107e+03  -1.7078218e+04
   6.4800000e+02   2.3086141e+04   2.2594809e+03
   6.4900000e+02   1.6852712e+04   6.0125856e+03
   6.5000000e+02   3.8598463e+03  -3.8578770e+03
   6.5100000e+02  -5.4159403e+03  -1.5639543e+03
   6.5200000e+02  -2.9873977e+02   8.3802853e+03
   6.5300000e+02   2.5844861e+04   9.3366790e+03
   6.5400000e+02   3.0816143e+04  -1.9908636e+02
   6.5500000e+02  -1.6385286e+04  -8.6554621e+03
   6.5600000e+02  -5.1334613e+04  -8.0550324e+03
   6.5700000e+02  -1.8635526e+04  -4.7917617e+03
   6.5800000e+02   2.9548660e+04  -8.4405688e+02
   6.5900000e+02   2.4696375e+04   1.0511201e+04
   6.6000000e+02  -1.7289395e+04   1.8909337e+04
   6.6100000e+02  -3.5842359e+04   1.0745546e+04
   6.6200000e+02  -1.4097471e+04   5.6406456e+03
   6.6300000e+02   1.8370102e+04   1.7604498e+04
   6.6400000e+02   2.8907971e+04   2.4446745e+04
   6.6500000e+02   9.3265971e+03   1.8280774e+04
   6.6600000e+02  -1.5623788e+04   1.5008502e+04
   6.6700000e+02  -2.1499850e+04   2.0414706e+04
   6.6800000e+02  -1.0088770e+04   2.0904597e+04
   6.6900000e+02   4.7407462e+03   6.9123875e+03
   6.7000000e+02   8.8241020e+03  -7.9426158e+02
   6.7100000e+02  -3.6739894e+03   1.0588233e+04
   6.7200000e+02  -1.3686779e+04   2.2282183e+04
   6.7300000e+02   1.3791638e+03   2.1759499e+04
   6.7400000e+02   1.8601956e+04   1.2450997e+04
   6.7500000e+02   4.8090044e+03   1.9898595e+03
   6.7600000e+02  -2.2097186e+04  -3.3681177e+03
   6.7700000e+02  -2.4874196e+04   2.6211550e+03
   6.7800000e+02   1.8556304e+03   1.9258252e+04
   6.7900000e+02   2.1129262e+04   2.7277150e+04
   6.8000000e+02   4.8739829e+03   1.0646213e+04
   6.8100000e+02  -1.8753623e+04  -1.7271567e+04
   6.8200000e+02  -1.9407601e+04  -1.9141968e+04
   6.8300000e+02  -6.3113118e+03   9.6843065e+03
   6.8400000e+02  -1.5175715e+03   2.3204697e+04
   6.8500000e+02  -6.6237147e+03   6.2518049e+03
   6.8600000e+02  -1.5552277e+03  -1.3253102e+04
   6.8700000e+02   1.0040046e+04  -1.6147425e+04
   6.8800000e+02   8.4890050e+03  -3.4718018e+03
   6.8900000e+02  -8.1009318e+02   3.4463423e+03
   6.9000000e+02  -3.2589080e+03  -2.1208028e+03
   6.9100000e+02   6.4913582e+03  -5.6652567e+03
   6.9200000e+02   1.4922406e+04  -7.1276551e+03
   6.9300000e+02   7.1257262e+03  -1.0214196e+04
   6.9400000e+02   6.5010543e+02  -1.3395426e+04
   6.9500000e+02   7.7349479e+03  -1.1476950e+04
   6.9600000e+02   7.4627473e+03  -2.0655927e+03
   6.9700000e+02  -5.1179298e+02  -2.4267367e+03
   6.9800000e+02   5.5987471e+03  -1.9233336e+04
   6.9900000e+02   1.4268447e+04  -2.8526796e+04
   7.0000000e+02   9.5069447e+03  -1.7254059e+04
   7.0100000e+02   3.0932770e+03  -1.7545771e+03
   7.0200000e+02   1.2574775e+03  -2.5443815e+02
   7.0300000e+02   7.5166538e+03  -1.6709914e+04
   7.0400000e+02   1.5115881e+04  -2.9971060e+04
   7.0500000e+02   4.7385076e+03  -1.5547805e+04
   7.0600000e+02  -4.3844456e+03   2.6128112e+03
   7.0700000e+02   1.2245789e+04   1.7037057e+02
   7.0800000e+02   2.8376199e+04  -4.6798979e+03
   7.0900000e+02   1.5935776e+04  -7.5351004e+03
   7.1000000e+02  -4.0024459e+03  -7.8861846e+03
   7.1100000e+02   2.6865999e+03   1.6700564e+03
   7.1200000e+02   2.0475222e+04   3.4331839e+03
   7.1300000e+02   1.0088154e+04  -1.0623739e+04
   7.1400000e+02  -2.1109246e+04  -2.1055587e+04
   7.1500000e+02  -3.1031192e+04  -9.4806920e+03
   7.1600000e+02  -6.6172450e+03   9.7793789e+03
   7.1700000e+02   1.8412461e+04   3.7987844e+03
   7.1800000e+02   1.1394265e+04  -1.4138172e+04
   7.1900000e+02  -1.5070986e+04  -1.2138624e+04
   7.2000000e+02  -2.1643179e+04   2.0026191e+03
   7.2100000e+02  -4.4535371e+03   1.0571877e+04
   7.2200000e+02   2.6166081e+03   9.3317968e+03
   7.2300000e+02  -1.5372690e+03   2.6152684e+03
   7.2400000e+02   2.6729284e+03  -4.8004673e+02
   7.2500000e+02   7.0815972e+03   3.4346299e+03
   7.2600000e+02   3.5662338e+03   8.5615098e+03
   7.2700000e+02  -1.2778512e+03   9.6068965e+03
   7.2800000e+02   2.0522353e+03   1.0065240e+04
   7.2900000e+02   8.9323609e+03   7.8262374e+03
   7.3000000e+02   7.6650505e+02  -3.1884461e+03
   7.3100000e+02  -1.4292744e+04  -8.9486646e+03
   7.3200000e+02  -1.4123189e+04   4.8341647e+03
   7.3300000e+02  -6.1980562e+03   2.1662850e+04
   7.3400000e+02  -1.3008328e+04   1.8353716e+04
   7.3500000e+02  -2.8465409e+04   2.3303850e+03
   7.3600000e+02  -2.0417012e+04  -1.7667403e+02
   7.3700000e+02   6.5224041e+03   1.4041082e+04
   7.3800000e+02   1.1579627e+04   2.0151720e+04
   7.3900000e+02  -1.0788169e+04   7.6820437e+03
   7.4000000e+02  -2.8049583e+04  -4.6339544e+03
   7.4100000e+02  -2.4065626e+04  -2.4876480e+03
   7.4200000e+02  -9.8671840e+03   1.0340807e+04
   7.4300000e+02   4.0399632e+03   1.9535637e+04
   7.4400000e+02   3.8232966e+03   1.1255666e+04
   7.4500000e+02  -1.6793227e+04  -5.0033137e+03
   7.4600000e+02  -2.5368122e+04  -7.5568371e+03
   7.4700000e+02  -2.2248717e+03   1.1796729e+03
   7.4800000e+02   1.4307597e+04   1.5549228e+03
   7.4900000e+02  -9.9211229e+03  -2.4301770e+03
   7.5000000e+02  -3.9633479e+04   8.4916217e+03
   7.5100000e+02  -1.9790336e+04   1.9440269e+04
   7.5200000e+02   2.6830555e+04   8.3511305e+03
   7.5300000e+02   3.6921295e+04  -4.8401562e+03
   7.5400000e+02   8.8969963e+03   1.9137067e+03
   7.5500000e+02  -1.1524482e+04   1.0863828e+04
   7.5600000e+02  -4.8960112e+03  -7.9442158e+02
   7.5700000e+02   9.2553845e+03  -1.2876890e+04
   7.5800000e+02   1.5010848e+04  -9.6182177e+02
   7.5900000e+02   1.0103462e+04   8.3451278e+03
   7.6000000e+02  -4.0141239e+03  -6.6513764e+03
   7.6100000e+02  -1.1677233e+04  -1.8342420e+04
   7.6200000e+02  -4.9999139e+03  -6.7598388e+03
   7.6300000e+02   2.1897771e+03   5.1240673e+03
   7.6400000e+02   2.1847472e+03  -1.4392455e+03
   7.6500000e+02   3.8142258e+03  -6.3935095e+03
   7.6600000e+02   1.1365700e+04  -1.3178708e+03
   7.6700000e+02   1.4324518e+04  -4.4953323e+03
   7.6800000e+02   1.3967020e+04  -1.2295782e+04
   7.6900000e+02   1.9300087e+04  -1.2789399e+04
   7.7000000e+02   2.5440077e+04  -7.8151969e+03
   7.7100000e+02   2.6301942e+04   3.7241503e+02
   7.7200000e+02   1.6579283e+04   3.5483684e+03
   7.7300000e+02   5.3818349e+03  -4.7797900e+03
   7.7400000e+02   9.2785095e+03  -1.3680377e+04
   7.7500000e+02   1.6824918e+04  -9.5986477e+03
   7.7600000e+02   1.4194642e+04   5.8476647e+03
   7.7700000e+02   4.4494721e+03   1.5187777e+04
   7.7800000e+02  -2.3920570e+03   5.4895877e+02
   7.7900000e+02   3.8092936e+03  -2.1368928e+04
   7.8000000e+02   1.0722234e+04  -9.5969406e+03
   7.8100000e+02   5.7782008e+03   2.2808388e+04
   7.8200000e+02   2.6060407e+03   2.0150252e+04
   7.8300000e+02   8.4875556e+03  -1.3281320e+04
   7.8400000e+02   9.2515423e+03  -2.6058005e+04
   7.8500000e+02  -2.1555923e+03  -8.1455745e+03
   7.8600000e+02  -9.0474778e+03   1.5131140e+04
   7.8700000e+02   1.1595674e+03   2.2725443e+04
   7.8800000e+02   1.0960420e+04   2.1834525e+03
   7.8900000e+02  -3.0315520e+02  -2.1872212e+04
   7.9000000e+02  -1.6614662e+04  -1.0583360e+04
   7.9100000e+02  -1.0225476e+04   1.6994785e+04
   7.9200000e+02   3.8314472e+03   2.6920381e+04
   7.9300000e+02  -1.9266026e+03   1.4993688e+04
   7.9400000e+02  -1.7741385e+04  -1.6015800e+04
   7.9500000e+02  -2.2878292e+04  -3.3619596e+04
   7.9600000e+02  -1.1533561e+04  -1.1913377e+04
   7.9700000e+02   6.5966346e+03   1.8641760e+04
   7.9800000e+02   1.0886813e+04   2.5002211e+04
   7.9900000e+02  -4.8941188e+03  -1.7138127e+03
   8.0000000e+02  -1.9369653e+04  -3.6146346e+04
   8.0100000e+02  -1.0408415e+04  -2.1020969e+04
   8.0200000e+02   9.7520937e+03   3.6293702e+04
   8.0300000e+02   6.0867093e+03   4.9822719e+04
   8.0400000e+02  -2.0246859e+04  -1.5016657e+03
   8.0500000e+02  -2.4448589e+04  -3.8340763e+04
   8.0600000e+02  -3.1912969e+03  -2.1184930e+04
   8.0700000e+02  -4.8037864e+03   3.1711578e+03
   8.0800000e+02  -2.7285547e+04   1.0722745e+03
   8.0900000e+02  -2.7794015e+04  -1.2844089e+04
   8.1000000e+02  -8.1513687e+03  -2.0235766e+04
   8.1100000e+02   2.0302805e+03  -1.2223923e+04
   8.1200000e+02  -7.4136013e+03   4.9247803e+03
   8.1300000e+02  -2.0571372e+04   2.7251155e+03
   8.1400000e+02  -1.5226229e+04  -1.7552579e+04
   8.1500000e+02   7.5349276e+03  -1.4565148e+04
   8.1600000e+02   1.8070534e+04   1.1430955e+04
   8.1700000e+02  -2.1989841e+03   2.0687451e+04
   8.1800000e+02  -1.8922654e+04   6.8113793e+03
   8.1900000e+02  -1.2605646e+03  -1.2626027e+03
   8.2000000e+02   1.6530651e+04   8.4231231e+03
   8.2100000e+02   5.5512460e+03   1.0162819e+04
   8.2200000e+02  -7.4228703e+03   4.6910800e+02
   8.2300000e+02  -4.3329361e+03   5.7050379e+03
   8.2400000e+02  -3.4004779e+03   9.8251743e+03
   8.2500000e+02  -4.0720436e+03  -1.2398419e+04
   8.2600000e+02   6.4318239e+03  -3.1195076e+04
   8.2700000e+02   8.9480855e+03  -1.3376447e+04
   8.2800000e+02  -1.5548922e+03   1.1434875e+04
   8.2900000e+02   3.7910928e+02   1.4965103e+03
   8.3000000e+02   1.7174882e+04  -1.4358309e+04
   8.3100000e+02   2.4395235e+04   2.4267909e+03
   8.3200000e+02   3.6964976e+03   2.2901327e+04
   8.3300000e+02  -1.9720149e+04   1.2797658e+04
   8.3400000e+02  -5.1727903e+03  -3.8892582e+03
   8.3500000e+02   2.7638120e+04   1.2806183e+04
   8.3600000e+02   2.8544785e+04   3.9414214e+04
   8.3700000e+02   1.3496286e+03   2.3417263e+04
   8.3800000e+02  -6.2208139e+03  -1.2515106e+04
   8.3900000e+02   1.0725950e+04  -1.0420547e+04
   8.4000000e+02   1.2168870e+04   1.7893122e+04
   8.4100000e+02  -7.9294194e+02   2.1611865e+04
   8.4200000e+02   2.6514348e+03  -7.4703590e+01
   8.4300000e+02   1.9129825e+04  -1.3968851e+04
   8.4400000e+02   1.8839185e+04  -1.2389520e+04
   8.4500000e+02  -4.9541638e+03  -1.3565031e+03
   8.4600000e+02  -1.0235644e+04   1.4286567e+04
   8.4700000e+02   2.2131400e+04   1.9032888e+04
   8.4800000e+02   3.6885280e+04   5.4609822e+03
   8.4900000e+02   2.6686897e+03  -5.2649750e+03
   8.5000000e+02  -2.8364128e+04   4.5601640e+03
   8.5100000e+02  -1.6903781e+04   1.4309807e+04
   8.5200000e+02   5.8428314e+03   7.7961955e+03
   8.5300000e+02   8.4561046e+03   1.6641541e+03
   8.5400000e+02  -2.1637832e+03   5.8559241e+03
   8.5500000e+02  -1.0633550e+04   9.4839453e+03
   8.5600000e+02  -9.5208486e+03  -6.7507218e+02
   8.5700000e+02  -3.9503885e+03  -9.4664702e+03
   8.5800000e+02   6.7831325e+02   2.4838991e+03
   8.5900000e+02   2.9647672e+03   8.9392878e+03
   8.6000000e+02  -4.0234959e+02  -2.8157447e+03
   8.6100000e+02  -4.1500218e+02  -5.9415460e+03
   8.6200000e+02   3.8618339e+03   1.4636866e+03
   8.6300000e+02  -2.6326605e+03   2.1430047e+03
   8.6400000e+02  -7.4219291e+03  -4.8324382e+03
   8.6500000e+02   4.3561983e+03  -1.2163932e+04
   8.6600000e+02   3.8492182e+03  -1.8685858e+04
   8.6700000e+02  -1.8651093e+04  -1.4097982e+04
   8.6800000e+02  -2.2281962e+04   1.0117395e+04
   8.6900000e+02  -4.9693145e+03   1.5436244e+04
   8.7000000e+02  -3.0238258e+03  -2.3857202e+04
   8.7100000e+02  -7.2008632e+03  -5.2651715e+04
   8.7200000e+02   4.0116017e+03  -2.2650550e+04
   8.7300000e+02   1.1650415e+04   2.3487361e+04
   8.7400000e+02  -1.2716469e+03   1.6372709e+04
   8.7500000e+02  -1.0831815e+04  -3.1099660e+04
   8.7600000e+02   5.1873264e+03  -4.6916779e+04
   8.7700000e+02   1.7111103e+04  -1.6670569e+04
   8.7800000e+02  -1.8121968e+03   7.6382817e+03
   8.7900000e+02  -1.9109375e+04  -2.1771925e+03
   8.8000000e+02  -2.5555899e+03  -1.9233661e+04
   8.8100000e+02   1.9647802e+04  -1.5454765e+04
   8.8200000e+02   8.7072720e+03   1.5696608e+03
   8.8300000e+02  -1.3786104e+04   1.0114306e+04
   8.8400000e+02  -1.1656076e+04   1.3582650e+03
   8.8500000e+02   6.3137203e+03  -1.2368824e+04
   8.8600000e+02   1.6176241e+04  -1.2975471e+04
   8.8700000e+02   3.8463034e+03   3.6360834e+02
   8.8800000e+02  -1.6946075e+04   1.1994802e+04
   8.8900000e+02  -1.3507763e+04   7.3708207e+03
   8.9000000e+02   9.9554221e+03  -9.9403488e+03
   8.9100000e+02   1.7324194e+04  -1.9343810e+04
   8.9200000e+02  -4.4611870e+03  -9.2993913e+03
   8.9300000e+02  -2.3826619e+04   3.5519864e+03
   8.9400000e+02  -1.1548626e+04   3.8680183e+03
   8.9500000e+02   1.2453854e+04   1.6235057e+03
   8.9600000e+02   2.0583932e+04  -3.6680935e+02
   8.9700000e+02   1.2116186e+04  -4.9736745e+03
   8.9800000e+02  -3.1974172e+03   2.0495929e+03
   8.9900000e+02  -1.2130036e+04   1.8224639e+04
   9.0000000e+02  -7.7243769e+03   1.7567690e+04
   9.0100000e+02   2.6510453e+03   1.9640900e+03
   9.0200000e+02   8.2799367e+03   4.3245007e+03
   9.0300000e+02   6.6167275e+03   2.3242781e+04
   9.0400000e+02  -4.0992897e+03   2.5730778e+04
   9.0500000e+02  -1.9938435e+04   1.5597826e+04
   9.0600000e+02  -1.6703192e+04   1.4617288e+04
   9.0700000e+02   7.1396054e+03   1.9030145e+04
   9.0800000e+02   1.3124230e+04   1.4332355e+04
   9.0900000e+02  -4.4394078e+03   2.8773661e+03
   9.1000000e+02  -8.2807757e+03   8.0354559e+03
   9.1100000e+02   4.4771733e+03   2.4035883e+04
   9.1200000e+02   4.9862185e+03   1.8871307e+04
   9.1300000e+02  -3.3958575e+03  -3.1018366e+03
   9.1400000e+02  -3.2722085e+03  -1.4286604e+04
   9.1500000e+02   8.9297079e+02   1.8763145e+03
   9.1600000e+02  -4.9290801e+02   2.6739496e+04
   9.1700000e+02  -1.0419716e+04   1.8469734e+04
   9.1800000e+02  -1.6367981e+04  -1.1433780e+04
   9.1900000e+02  -6.5790426e+03  -1.4030622e+04
   9.2000000e+02   5.4044151e+03   1.1832802e+04
   9.2100000e+02   7.2406444e+03   2.6181146e+04
   9.2200000e+02   3.0324750e+01   1.2113653e+04
   9.2300000e+02  -9.4469713e+03  -2.7877592e+03
   9.2400000e+02  -9.0258076e+03   2.6356683e+03
   9.2500000e+02   1.4029979e+03   8.5065227e+03
   9.2600000e+02   1.0536910e+04   2.9405705e+03
   9.2700000e+02   8.8861844e+03   4.3466288e+03
   9.2800000e+02  -5.7727999e+03   6.5752826e+03
   9.2900000e+02  -1.5307207e+04  -1.2180946e+04
   9.3000000e+02  -2.3397832e+03  -2.7187957e+04
   9.3100000e+02   9.4714948e+03  -1.2109062e+04
   9.3200000e+02  -4.6250960e+03   6.0570229e+03
   9.3300000e+02  -1.5573893e+04   8.3234994e+02
   9.3400000e+02   5.8536557e+02  -1.6291020e+04
   9.3500000e+02   1.7317393e+04  -2.0369420e+04
   9.3600000e+02   1.6421731e+04  -2.4817482e+03
   9.3700000e+02   8.6556275e+03   1.2744000e+04
   9.3800000e+02   1.5527477e+03  -2.0757530e+03
   9.3900000e+02  -9.2888177e+02  -2.4644783e+04
   9.4000000e+02   7.9583079e+03  -1.8295268e+04
   9.4100000e+02   2.0804691e+04   2.2254569e+02
   9.4200000e+02   2.0602246e+04  -5.5860509e+02
   9.4300000e+02   8.6537551e+03  -1.7143109e+04
   9.4400000e+02  -2.9117176e+03  -2.9239278e+04
   9.4500000e+02  -4.1139585e+03  -2.0147117e+04
   9.4600000e+02   5.2423487e+03  -3.6629527e+03
   9.4700000e+02   8.8764598e+03  -5.6396883e+03
   9.4800000e+02   6.9207955e+03  -1.6108875e+04
   9.4900000e+02   7.4666787e+03  -2.0126023e+04
   9.5000000e+02   3.4929853e+03  -2.1896169e+04
   9.5100000e+02   2.3568680e+03  -1.7785688e+04
   9.5200000e+02   5.3009097e+03  -3.5281636e+03
   9.5300000e+02   1.4111468e+02   5.8754464e+03
   9.5400000e+02  -2.5796633e+03  -9.9835500e+00
   9.5500000e+02   1.5062494e+03  -7.8634305e+03
   9.5600000e+02   4.8145150e+03  -9.4843456e+03
   9.5700000e+02   1.2927586e+04  -5.5307990e+03
   9.5800000e+02   1.6737161e+04   8.2508876e+03
   9.5900000e+02   4.0396985e+03   2.2185181e+04
   9.6000000e+02  -3.2141678e+03   2.1363672e+04
   9.6100000e+02   4.4161089e+03   4.0406194e+03
   9.6200000e+02   3.2521449e+02  -1.9388201e+04
   9.6300000e+02  -1.2658556e+04  -2.3959775e+04
   9.6400000e+02  -5.5202200e+03   2.2782314e+03
   9.6500000e+02   9.5895040e+03   2.9263735e+04
   9.6600000e+02   2.5333125e+03   2.0905725e+04
   9.6700000e+02  -1.2815392e+04  -7.4363711e+03
   9.6800000e+02  -1.1017721e+04  -1.2576738e+04
   9.6900000e+02  -8.2494087e+03   8.5576533e+03
   9.7000000e+02  -1.4563085e+04   2.4905175e+04
   9.7100000e+02  -8.8665242e+03   1.6184584e+04
   9.7200000e+02   3.1350059e+03  -7.2183200e+03
   9.7300000e+02   3.7184206e+03  -1.3317512e+04
   9.7400000e+02  -4.1599970e+02   9.8047580e+03
   9.7500000e+02  -7.2106891e+03   2.9109071e+04
   9.7600000e+02  -1.8971252e+04   1.0448651e+04
   9.7700000e+02  -2.4784068e+04  -1.7465913e+04
   9.7800000e+02  -1.8907704e+04  -4.8116773e+03
   9.7900000e+02  -1.0059704e+04   2.8409802e+04
   9.8000000e+02  -6.2936040e+03   3.4021414e+04
   9.8100000e+02  -1.0609273e+04   1.4542394e+04
   9.8200000e+02  -1.8758843e+04  -4.4988432e+03
   9.8300000e+02  -2.0606581e+04  -9.3931210e+03
   9.8400000e+02  -1.9121411e+04   9.6519130e+03
   9.8500000e+02  -1.3774170e+04   3.4827635e+04
   9.8600000e+02   3.2290464e+03   2.4118118e+04
   9.8700000e+02   1.2665306e+04  -1.0455484e+04
   9.8800000e+02   9.7870865e+02  -1.8620583e+04
   9.8900000e+02  -1.1621357e+04  -1.0664367e+03
   9.9000000e+02  -9.6309375e+03   1.0862253e+04
   9.9100000e+02  -2.0026111e+03   3.4006283e+03
   9.9200000e+02  -2.3125888e+03  -1.4953493e+04
   9.9300000e+02  -2.8204876e+03  -2.1722865e+04
   9.9400000e+02   4.1746347e+03  -1.0485895e+04
   9.9500000e+02   6.2283468e+03   8.9512985e+03
   9.9600000e+02   1.4435219e+02   2.3713988e+04
   9.9700000e+02  -1.7112320e+03   1.2122543e+04
   9.9800000e+02   5.5992905e+03  -2.5693911e+04
   9.9900000e+02   6.0443697e+03  -3.8666718e+04
   1.0000000e+03  -2.0820590e+03   4.7385490e+03
   1.0010000e+03   9.2890393e+03   4.1806453e+04
   1.0020000e+03   3.0522909e+04   1.6362920e+04
   1.0030000e+03   2.4931552e+04  -2.0686530e+04
   1.0040000e+03  -2.1420842e+03  -1.6307173e+04
   1.0050000e+03  -1.7441070e+04   3.0055990e+03
   1.0060000e+03  -1.2087020e+03   1.8293445e+03
   1.0070000e+03   2.5620505e+04  -1.0996048e+04
   1.0080000e+03   2.7100471e+04  -9.9486106e+03
   1.0090000e+03   8.6916961e+03   2.8573421e+03
   1.0100000e+03  -1.1256025e+03   3.1528118e+03
   1.0110000e+03   3.2131342e+03  -8.2075543e+03
   1.0120000e+03   9.8360140e+03  -1.0425767e+04
   1.0130000e+03   1.3589347e+04  -8.0025173e+03
   1.0140000e+03   1.7889403e+04  -8.7675600e+03
   1.0150000e+03   2.5098124e+04  -2.4695530e+03
   1.0160000e+03   2.2936702e+04   3.6856024e+03
   1.0170000e+03   7.3216080e+02  -2.1611359e+03
   1.0180000e+03  -1.2385251e+04  -1.2635014e+04
   1.0190000e+03   5.2854330e+03  -1.3176550e+04
   1.0200000e+03   2.6187805e+04   2.6540333e+03
   1.0210000e+03   2.5076589e+04   1.4463168e+04
   1.0220000e+03   4.4827947e+02   9.7657090e+03
   1.0230000e+03  -2.1594227e+04   2.6871794e+03
   1.0240000e+03  -9.3629207e+03  -1.6832290e+03
   1.0250000e+03   1.5731661e+04   5.8720567e+02
   1.0260000e+03   1.4739767e+04   6.8507676e+03
   1.0270000e+03  -7.2448957e+03   3.6182045e+03
   1.0280000e+03  -1.6195235e+04  -3.8104292e+03
   1.0290000e+03   8.3570083e+02  -4.9069825e+03
   1.0300000e+03   1.2795520e+04   9.8681806e+02
   1.0310000e+03   6.8456207e+02   5.1486838e+03
   1.0320000e+03  -8.4170174e+03  -1.4175611e+03
   1.0330000e+03  -7.6147445e+02  -8.0692607e+03
   1.0340000e+03   1.7507194e+03  -1.9605232e+03
   1.0350000e+03  -5.1018244e+03   7.4452726e+03
   1.0360000e+03  -4.6312896e+03   2.0742261e+03
   1.0370000e+03  -5.1878735e+03  -1.2130044e+04
   1.0380000e+03  -1.7072955e+04  -1.3961659e+04
   1.0390000e+03  -2.3651469e+04   5.8818393e+02
   1.0400000e+03  -1.8494316e+04   1.3961277e+04
   1.0410000e+03  -1.1571088e+04  -1.5338937e+03
   1.0420000e+03  -6.5986076e+03  -2.7168304e+04
   1.0430000e+03  -6.0714457e+03  -1.1244713e+04
   1.0440000e+03  -1.1537356e+04   2.1867008e+04
   1.0450000e+03  -1.6341472e+04   1.4481764e+04
   1.0460000e+03  -1.5305743e+04  -1.5832035e+04
   1.0470000e+03  -9.4914572e+03  -1.4868407e+04
   1.0480000e+03   6.1565323e+02   1.3833124e+04
   1.0490000e+03   6.4689005e+03   1.7718034e+04
   1.0500000e+03  -2.3116874e+03  -1.8495300e+03
   1.0510000e+03  -1.3056153e+04  -5.1872956e+03
   1.0520000e+03  -7.2208974e+03  -2.7682560e+03
   1.0530000e+03   3.2320902e+03  -1.1179643e+04
   1.0540000e+03  -6.7756959e+03  -1.0890836e+04
   1.0550000e+03  -2.4377439e+04   5.1483835e+03
   1.0560000e+03  -1.8598440e+04   9.0507974e+03
   1.0570000e+03   2.2955321e+03  -1.1534686e+04
   1.0580000e+03   1.1513399e+04  -2.1395802e+04
   1.0590000e+03   1.2143955e+03  -3.7510158e+03
   1.0600000e+03  -1.6764756e+04   1.1098574e+04
   1.0610000e+03  -2.1151411e+04   7.0144123e+03
   1.0620000e+03  -5.2682386e+03  -1.3738555e+03
   1.0630000e+03   1.3568326e+04  -1.6776143e+03
   1.0640000e+03   1.5815185e+04   2.8277656e+03
   1.0650000e+03   8.9280581e+03   4.9058273e+03
   1.0660000e+03   3.5736761e+03   3.1629137e+03
   1.0670000e+03  -8.2404638e+03   3.6358666e+03
   1.0680000e+03  -7.2226583e+03   1.0499924e+04
   1.0690000e+03   1.7552888e+04   1.0427404e+04
   1.0700000e+03   2.7359871e+04  -6.8285775e+03
   1.0710000e+03   1.5519163e+04  -2.0451809e+04
   1.0720000e+03   7.7148465e+03  -6.7559642e+03
   1.0730000e+03   1.4461280e+03   1.5499101e+04
   1.0740000e+03  -6.0257973e+03   1.2342113e+04
   1.0750000e+03  -2.5097154e+03  -4.1264065e+03
   1.0760000e+03   4.7779967e+03  -3.7887359e+03
   1.0770000e+03   1.8637548e+03   7.6027655e+03
   1.0780000e+03   2.4682882e+03   1.0614242e+04
   1.0790000e+03   9.5665210e+03   6.5314312e+03
   1.0800000e+03   6.4242334e+03   8.6108864e+03
   1.0810000e+03   4.2062333e+03   1.5807868e+04
   1.0820000e+03   1.0595527e+04   1.8221550e+04
   1.0830000e+03   1.4265843e+04   1.5426291e+04
   1.0840000e+03   1.6197433e+04   1.1238967e+04
   1.0850000e+03   1.7085032e+04   6.2101972e+03
   1.0860000e+03   1.7464250e+04  -3.1388907e+03
   1.0870000e+03   1.6338078e+04  -8.8945557e+03
   1.0880000e+03   4.9323843e+03   1.6020099e+03
   1.0890000e+03  -9.6830530e+03   1.5040102e+04
   1.0900000e+03  -8.6777623e+03   9.4936541e+03
   1.0910000e+03   5.1068316e+03  -9.1129654e+03
   1.0920000e+03   8.2820682e+03  -6.6989109e+03
   1.0930000e+03   2.1541970e+03   1.8087425e+04
   1.0940000e+03  -6.1715535e+02   1.5494139e+04
   1.0950000e+03  -1.3939705e+04  -1.3737566e+04
   1.0960000e+03  -2.5378786e+04  -1.6457017e+04
   1.0970000e+03  -7.0974513e+03   1.1087703e+04
   1.0980000e+03   1.0788231e+04   2.9593382e+04
   1.0990000e+03  -8.0570800e+00   1.7505564e+04
   1.1000000e+03  -1.2058885e+04  -8.3947937e+03
   1.1010000e+03  -4.8196121e+03  -2.1905470e+04
   1.1020000e+03   7.4221968e+03  -1.3838645e+04
   1.1030000e+03   3.2690137e+03   1.0317271e+04
   1.1040000e+03  -1.7768710e+04   1.9523949e+04
   1.1050000e+03  -2.1281843e+04  -4.7154993e+03
   1.1060000e+03   6.8598802e+03  -2.8720347e+04
   1.1070000e+03   2.4198415e+04  -2.3034395e+04
   1.1080000e+03   6.3790285e+03  -2.8125037e+03
   1.1090000e+03  -1.9928033e+04   5.3855485e+03
   1.1100000e+03  -2.3784227e+04  -6.1011362e+03
   1.1110000e+03  -9.8978190e+00  -2.6596330e+04
   1.1120000e+03   2.1515073e+04  -2.9848015e+04
   1.1130000e+03   1.4251206e+04  -5.4975810e+03
   1.1140000e+03  -6.7695468e+03   5.9459269e+03
   1.1150000e+03  -1.3613455e+04  -1.7919296e+04
   1.1160000e+03  -2.5078171e+03  -3.3799886e+04
   1.1170000e+03   5.7306734e+03  -1.6912904e+04
   1.1180000e+03   5.3621792e+02   3.8407105e+03
   1.1190000e+03  -7.1452041e+03   3.9546239e+03
   1.1200000e+03  -1.1640984e+04  -1.4316089e+04
   1.1210000e+03  -1.3562782e+04  -3.0161997e+04
   1.1220000e+03  -7.5879534e+03  -1.6470270e+04
   1.1230000e+03   8.6395699e+03   1.2238820e+04
   1.1240000e+03   1.6403237e+04   9.5099685e+03
   1.1250000e+03   3.0870148e+02  -1.7434124e+04
   1.1260000e+03  -1.6136305e+04  -2.4428075e+04
   1.1270000e+03  -1.1164223e+04  -5.5158297e+03
   1.1280000e+03   4.1603017e+03   9.4215879e+03
   1.1290000e+03   1.1602201e+04  -2.4983837e+03
   1.1300000e+03   6.5850593e+02  -1.8036291e+04
   1.1310000e+03  -1.4754515e+04  -5.0968859e+03
   1.1320000e+03  -5.0155331e+03   1.7732342e+04
   1.1330000e+03   2.1417716e+04   1.8159749e+04
   1.1340000e+03   1.8472157e+04  -2.2599381e+03
   1.1350000e+03  -1.5314985e+04  -1.1524141e+04
   1.1360000e+03  -2.2284322e+04   8.3672830e+03
   1.1370000e+03   1.3998077e+04   2.6939279e+04
   1.1380000e+03   4.2841829e+04   1.5083551e+04
   1.1390000e+03   2.7107623e+04  -7.7798211e+03
   1.1400000e+03  -1.3267591e+04  -4.6522926e+03
   1.1410000e+03  -2.8446452e+04   2.0046801e+04
   1.1420000e+03  -7.3545265e+03   2.3677674e+04
   1.1430000e+03   9.6205803e+03   3.8817246e+03
   1.1440000e+03   4.5139389e+03   1.8997297e+01
   1.1450000e+03  -3.0019646e+03   1.4784738e+04
   1.1460000e+03  -7.1837126e+03   1.9682879e+04
   1.1470000e+03  -1.3087365e+04   1.1673839e+04
   1.1480000e+03  -1.2096267e+04   9.9262121e+03
   1.1490000e+03  -3.6028799e+03   1.6234699e+04
   1.1500000e+03  -2.3422369e+03   1.3612059e+04
   1.1510000e+03  -7.6435778e+03   7.1193257e+03
   1.1520000e+03  -3.0794902e+03   1.5519273e+04
   1.1530000e+03   7.6214797e+03   2.1041660e+04
   1.1540000e+03   3.5918248e+03   8.2639600e+03
   1.1550000e+03  -9.7357614e+03   6.8110740e+03
   1.1560000e+03  -1.0885105e+04   2.0514352e+04
   1.1570000e+03   9.2305020e+02   1.5298422e+04
   1.1580000e+03   1.3614072e+04  -5.5405780e+03
   1.1590000e+03   1.2138434e+04  -5.8439292e+03
   1.1600000e+03  -2.9855670e+03   1.8764087e+04
   1.1610000e+03  -1.1359227e+04   2.3873416e+04
   1.1620000e+03  -1.0546213e+04  -8.1633002e+03
   1.1630000e+03  -8.4739943e+03  -2.4165625e+04
   1.1640000e+03  -4.5665500e+03   1.6721119e+03
   1.1650000e+03  -2.5935435e+03   1.9244841e+04
   1.1660000e+03  -1.9684653e+03   1.0801881e+03
   1.1670000e+03  -4.3202425e+02  -1.4883095e+04
   1.1680000e+03  -4.6122903e+03  -5.4526247e+03
   1.1690000e+03  -9.7047288e+03   7.1954825e+03
   1.1700000e+03  -5.0419417e+02   9.9130677e+03
   1.1710000e+03   1.4177554e+04   4.8237275e+03
   1.1720000e+03   1.3731112e+04  -6.6019745e+03
   1.1730000e+03   7.2926317e+03  -1.3448696e+04
   1.1740000e+03   1.1536790e+04  -1.0211577e+04
   1.1750000e+03   1.7774937e+04  -4.1711937e+03
   1.1760000e+03   9.9691138e+03  -5.1559109e+03
   1.1770000e+03  -6.6293491e+03  -1.7477970e+04
   1.1780000e+03  -5.9564053e+03  -2.7244377e+04
   1.1790000e+03   1.5005525e+04  -2.2066953e+04
   1.1800000e+03   2.2695018e+04  -1.7770542e+04
   1.1810000e+03  -2.9581011e+03  -2.7540663e+04
   1.1820000e+03  -3.1268729e+04  -3.0703485e+04
   1.1830000e+03  -1.6672881e+04  -1.6154027e+04
   1.1840000e+03   2.1767799e+04  -5.9234969e+03
   1.1850000e+03   2.6343392e+04  -6.2659906e+03
   1.1860000e+03   1.5255435e+03  -4.7310651e+03
   1.1870000e+03  -6.0871955e+03  -2.7708090e+03
   1.1880000e+03   6.5065043e+03  -7.6634276e+03
   1.1890000e+03   1.2052087e+04  -1.2109719e+04
   1.1900000e+03   1.6104931e+04  -5.4276190e+01
   1.1910000e+03   2.3154091e+04   1.5886875e+04
   1.1920000e+03   9.3522150e+03   7.0942384e+03
   1.1930000e+03  -8.0220199e+03  -1.7604805e+04
   1.1940000e+03   1.2080517e+03  -2.6493846e+04
   1.1950000e+03   1.4825342e+04  -7.8779564e+03
   1.1960000e+03   6.7300093e+03   1.4331518e+04
   1.1970000e+03  -1.4332769e+04   7.3465630e+03
   1.1980000e+03  -1.8148505e+04  -1.9240087e+04
   1.1990000e+03   3.6105544e+03  -2.5788732e+04
   1.2000000e+03   1.8479415e+04  -1.4659279e+03
   1.2010000e+03   3.5510632e+03   1.9996166e+04
   1.2020000e+03  -2.1223008e+04   1.0893291e+04
   1.2030000e+03  -1.6696314e+04  -7.2191359e+03
   1.2040000e+03   1.1128967e+04  -3.6519057e+03
   1.2050000e+03   1.5471689e+04   1.3887894e+04
   1.2060000e+03  -3.6355896e+03   2.2341958e+04
   1.2070000e+03  -1.1103779e+04   1.7375035e+04
   1.2080000e+03  -6.7454687e+03   5.8201363e+03
   1.2090000e+03  -8.3168818e+03  -3.8425395e+03
   1.2100000e+03  -4.8504632e+03  -7.1885561e+02
   1.2110000e+03   9.3118261e+03   1.1095576e+04
   1.2120000e+03   1.4158655e+03   1.6432573e+04
   1.2130000e+03  -2.5653573e+04   1.1885469e+04
   1.2140000e+03  -2.8604430e+04   5.2921645e+03
   1.2150000e+03  -6.1365596e+03   4.4050866e+03
   1.2160000e+03   9.0257540e+03   4.1567393e+03
   1.2170000e+03  -1.7811656e+03   9.0463810e+02
   1.2180000e+03  -1.8191405e+04   5.5015479e+03
   1.2190000e+03  -1.3471556e+04   1.5523976e+04
   1.2200000e+03  -1.9303046e+03   1.5006677e+04
   1.2210000e+03  -3.7592140e+01   5.6855663e+03
   1.2220000e+03  -3.3696007e+03   5.9490559e+03
   1.2230000e+03  -1.1640239e+04   1.4274176e+04
   1.2240000e+03  -2.3403829e+04   9.5113650e+03
   1.2250000e+03  -2.1735946e+04   3.9101053e+02
   1.2260000e+03   8.6786120e+02   7.9399982e+03
   1.2270000e+03   9.1562199e+03   1.4159927e+04
   1.2280000e+03  -1.6529248e+04  -3.2510571e+03
   1.2290000e+03  -3.3063899e+04  -1.9082366e+04
   1.2300000e+03  -1.2153457e+04   2.1274498e+03
   1.2310000e+03   1.6016234e+04   3.3351794e+04
   1.2320000e+03   1.8418844e+04   1.9549588e+04
   1.2330000e+03   2.1252052e+03  -2.5940306e+04
   1.2340000e+03  -1.0197074e+04  -3.6337233e+04
   1.2350000e+03  -8.7818303e+03   4.7322009e+03
   1.2360000e+03   5.9675147e+03   3.4084185e+04
   1.2370000e+03   1.6440594e+04   9.7245893e+03
   1.2380000e+03   8.0259297e+03  -2.5554853e+04
   1.2390000e+03  -6.1890654e+03  -2.3129041e+04
   1.2400000e+03  -1.1270034e+04   1.0960399e+03
   1.2410000e+03  -3.8220198e+03   5.2187212e+03
   1.2420000e+03   1.3180416e+04  -1.0010884e+04
   1.2430000e+03   2.5289230e+04  -1.5988515e+04
   1.2440000e+03   1.5245781e+04  -8.3629965e+03
   1.2450000e+03  -6.5635585e+03   4.1878009e+03
   1.2460000e+03  -7.3642010e+03   8.7693407e+03
   1.2470000e+03   1.6472119e+04  -2.6081519e+03
   1.2480000e+03   3.5174116e+04  -1.0280029e+04
   1.2490000e+03   2.4319388e+04  -3.3828127e+03
   1.2500000e+03  -3.4345594e+03   5.5083953e+03
   1.2510000e+03  -9.2778691e+03   9.2228958e+03
   1.2520000e+03   9.9855012e+03   1.7258186e+03
   1.2530000e+03   2.4863219e+04  -1.5672370e+04
   1.2540000e+03   2.1276192e+04  -2.0256050e+04
   1.2550000e+03   5.1907938e+03  -3.6856017e+03
   1.2560000e+03  -3.0425758e+03   8.8169496e+03
   1.2570000e+03   6.6276616e+03   3.8166561e+03
   1.2580000e+03   1.8598300e+04  -9.3348288e+03
   1.2590000e+03   1.7044938e+04  -1.8188657e+04
   1.2600000e+03   5.5854648e+03  -6.9909712e+03
   1.2610000e+03  -1.3632301e+03   1.1188702e+04
   1.2620000e+03   1.2720883e+02   8.3147836e+03
   1.2630000e+03   8.2607024e+03  -2.3088362e+03
   1.2640000e+03   1.4833110e+04   1.9142389e+03
   1.2650000e+03   3.7168724e+03   1.1307977e+04
   1.2660000e+03  -1.3144498e+04   3.5402708e+03
   1.2670000e+03  -9.1333005e+03  -1.6911755e+04
   1.2680000e+03   8.4387190e+03  -2.0704178e+04
   1.2690000e+03   1.2701728e+04  -4.9856921e+03
   1.2700000e+03   1.5499961e+03   9.3608653e+03
   1.2710000e+03  -6.7358675e+03   8.7385399e+03
   1.2720000e+03  -9.3479486e+03  -4.6662424e+03
   1.2730000e+03  -9.6775689e+03  -7.9038052e+03
   1.2740000e+03  -5.1363130e+03   4.8528482e+03
   1.2750000e+03   7.3623434e+02   9.5283037e+03
   1.2760000e+03   4.4798608e+03  -2.1212457e+03
   1.2770000e+03  -4.2161573e+02  -1.1699015e+04
   1.2780000e+03  -1.2228205e+04  -3.0126124e+03
   1.2790000e+03  -1.2468147e+04   1.3580147e+04
   1.2800000e+03  -4.8791364e+03   1.8198821e+04
   1.2810000e+03  -1.0815410e+04   9.3872971e+03
   1.2820000e+03  -2.3873263e+04  -6.5224468e+03
   1.2830000e+03  -2.1574730e+04  -1.8169289e+04
   1.2840000e+03  -7.1842756e+03  -1.0386240e+04
   1.2850000e+03   1.5535311e+02   6.1190768e+03
   1.2860000e+03  -3.4244809e+03   8.5164694e+03
   1.2870000e+03  -1.2986749e+04   3.3101180e+03
   1.2880000e+03  -2.2902425e+04   7.6164130e+01
   1.2890000e+03  -2.4750061e+04  -1.0287157e+04
   1.2900000e+03  -1.1858516e+04  -1.9556792e+04
   1.2910000e+03   7.6696147e+03  -1.1142240e+04
   1.2920000e+03   1.2414537e+04   6.0406223e+03
   1.2930000e+03   1.2765002e+03   9.8543061e+03
   1.2940000e+03  -1.1872860e+04  -2.7625365e+03
   1.2950000e+03  -1.8120522e+04  -6.9843512e+03
   1.2960000e+03  -1.0234759e+04   4.5960077e+03
   1.2970000e+03  -3.4017979e+03   5.9876466e+03
   1.2980000e+03  -8.9271470e+03  -9.2272928e+03
   1.2990000e+03  -4.2939673e+03  -1.6261967e+04
   1.3000000e+03   1.3465567e+04   1.0382013e+03
   1.3010000e+03   1.5856535e+04   2.2396012e+04
   1.3020000e+03  -4.3026712e+03   1.3595312e+04
   1.3030000e+03  -2.0412869e+04  -1.6155529e+04
   1.3040000e+03  -1.0717606e+04  -2.2399621e+04
   1.3050000e+03   1.7108041e+04   3.2905037e+03
   1.3060000e+03   3.2344227e+04   2.2895366e+04
   1.3070000e+03   1.2691060e+04   1.4286678e+04
   1.3080000e+03  -1.2184932e+04  -3.8124867e+03
   1.3090000e+03  -9.3769651e+03  -7.8743824e+03
   1.3100000e+03  -2.3233999e+02   7.5009831e+02
   1.3110000e+03   1.6950489e+03   5.2792550e+03
   1.3120000e+03   7.2234382e+03   2.7101200e+03
   1.3130000e+03   9.2167404e+03  -1.6682223e+03
   1.3140000e+03   1.3266262e+03  -4.9129811e+03
   1.3150000e+03  -3.3717955e+03   5.1892621e+03
   1.3160000e+03   1.1393421e+04   1.9739804e+04
   1.3170000e+03   3.4900327e+04   1.1871343e+04
   1.3180000e+03   2.8940529e+04  -3.3830867e+03
   1.3190000e+03  -8.8514107e+03   1.9762424e+03
   1.3200000e+03  -2.1157768e+04   1.2452554e+04
   1.3210000e+03   1.4158225e+04   1.0032448e+04
   1.3220000e+03   3.6285920e+04   1.0452331e+04
   1.3230000e+03   1.3931721e+04   1.8877759e+04
   1.3240000e+03  -7.4074419e+03   1.9389987e+04
   1.3250000e+03  -2.0858707e+03   1.2106070e+04
   1.3260000e+03   4.8285753e+03   4.0649318e+02
   1.3270000e+03  -2.7671064e+03  -1.0737454e+04
   1.3280000e+03  -8.1676173e+03  -1.1341671e+03
   1.3290000e+03  -1.7700770e+03   1.9647007e+04
   1.3300000e+03   2.5756554e+03   1.4047808e+04
   1.3310000e+03   6.1924544e+02  -1.4575890e+04
   1.3320000e+03   2.5917244e+03  -2.5533113e+04
   1.3330000e+03   7.9853829e+03  -6.1974443e+03
   1.3340000e+03   2.3734566e+02   1.4120532e+04
   1.3350000e+03  -1.2471560e+04   4.7324932e+03
   1.3360000e+03  -1.7435709e+03  -2.0996925e+04
   1.3370000e+03   1.5223843e+04  -1.4142960e+04
   1.3380000e+03   1.4804207e+04   2.0086717e+04
   1.3390000e+03   7.3559726e+03   2.2302049e+04
   1.3400000e+03  -9.1140541e+03  -9.4291932e+03
   1.3410000e+03  -2.6700118e+04  -2.5493004e+04
   1.3420000e+03  -1.9021733e+04  -4.2007873e+03
   1.3430000e+03   6.9170557e+03   2.8418774e+04
   1.3440000e+03   1.9626041e+04   2.8772000e+04
   1.3450000e+03   3.9473668e+03  -4.1168832e+03
   1.3460000e+03  -2.2132364e+04  -3.0094433e+04
   1.3470000e+03  -2.5338375e+04  -2.3936071e+04
   1.3480000e+03   2.2367410e+03  -2.4482084e+03
   1.3490000e+03   2.3926008e+04   1.6773290e+02
   1.3500000e+03   7.4809186e+03  -1.4043389e+04
   1.3510000e+03  -1.9196258e+04  -2.3540097e+04
   1.3520000e+03  -1.6016597e+04  -2.2953164e+04
   1.3530000e+03   8.7667630e+03  -1.0387766e+04
   1.3540000e+03   1.8395446e+04  -2.8322210e+03
   1.3550000e+03  -1.3758963e+03  -1.7874044e+04
   1.3560000e+03  -2.2750196e+04  -2.5678402e+04
   1.3570000e+03  -2.1255009e+04  -2.7548525e+03
   1.3580000e+03  -8.3804157e+02   1.3426685e+04
   1.3590000e+03   1.9652634e+04  -3.2315714e+03
   1.3600000e+03   1.2403149e+04  -2.1390630e+04
   1.3610000e+03  -1.7133653e+04  -2.0673724e+04
   1.3620000e+03  -2.4556395e+04  -1.3174787e+04
   1.3630000e+03   4.3574509e+03  -6.6475327e+03
   1.3640000e+03   3.2027625e+04   3.3683944e+03
   1.3650000e+03   2.3476049e+04   1.8470825e+04
   1.3660000e+03  -6.5206897e+03   1.3393896e+04
   1.3670000e+03  -1.9478745e+04  -1.7499953e+04
   1.3680000e+03  -5.0806281e+03  -2.7562023e+04
   1.3690000e+03   1.3476451e+04  -1.8933672e+03
   1.3700000e+03   1.1635943e+04   2.1461443e+04
   1.3710000e+03  -5.4873622e+03   1.4011788e+04
   1.3720000e+03  -1.4913299e+04  -1.0510982e+04
   1.3730000e+03  -9.3798934e+03  -1.4544179e+04
   1.3740000e+03  -2.9472802e+02   9.7480156e+02
   1.3750000e+03   1.7280306e+03   6.1604518e+03
   1.3760000e+03  -9.3393894e+02  -3.2554448e+02
   1.3770000e+03  -3.2648935e+02  -5.9295360e+03
   1.3780000e+03  -1.2924684e+03  -3.5732207e+03
   1.3790000e+03  -1.3474072e+04   1.2825410e+04
   1.3800000e+03  -1.6247791e+04   2.9869702e+04
   1.3810000e+03   8.3682906e+03   2.0743245e+04
   1.3820000e+03   2.4826444e+04  -1.5708974e+03
   1.3830000e+03   1.0885301e+04   3.2981283e+03
   1.3840000e+03  -4.6648876e+03   2.6491410e+04
   1.3850000e+03  -6.0645683e+03   3.0087088e+04
   1.3860000e+03  -1.9695229e+03   1.2995002e+04
   1.3870000e+03   3.3861281e+03  -2.3944628e+03
   1.3880000e+03   1.1204237e+04  -6.9373844e+02
   1.3890000e+03   1.3437350e+04   1.6529735e+04
   1.3900000e+03   1.8834525e+02   2.5025867e+04
   1.3910000e+03  -1.6496980e+04   8.2032675e+03
   1.3920000e+03  -2.0366091e+04  -7.4888135e+03
   1.3930000e+03  -9.5989614e+03   4.8836500e+03
   1.3940000e+03   4.9667497e+03   2.4317637e+04
   1.3950000e+03   5.0874169e+03   2.1198288e+04
   1.3960000e+03  -8.7662782e+03   1.5242083e+03
   1.3970000e+03  -1.7552635e+04  -2.8773945e+03
   1.3980000e+03  -1.1318238e+04   1.7740900e+04
   1.3990000e+03  -2.6053425e+03   2.8845637e+04
   1.4000000e+03  -6.1162260e+03   1.2229475e+04
   1.4010000e+03  -7.8989834e+03  -3.8330482e+03
   1.4020000e+03   3.9261258e+03  -2.4311647e+02
   1.4030000e+03   1.2443417e+04   6.8143498e+03
   1.4040000e+03   5.3827824e+03   2.7418598e+03
   1.4050000e+03  -8.5689173e+03  -9.2568455e+03
   1.4060000e+03  -1.1337781e+04  -2.1227423e+04
   1.4070000e+03   2.7322304e+03  -1.4026928e+04
   1.4080000e+03   1.6479385e+04   9.7331915e+03
   1.4090000e+03   1.4293650e+04   1.0958420e+04
   1.4100000e+03   5.0782557e+02  -1.2937800e+04
   1.4110000e+03  -9.2828635e+03  -3.0993290e+04
   1.4120000e+03  -3.8251773e+03  -2.4556873e+04
   1.4130000e+03   9.6296220e+03   6.9076104e+03
   1.4140000e+03   1.0709914e+04   2.1702019e+04
   1.4150000e+03   1.7465417e+03  -7.9313782e+03
   1.4160000e+03   2.7904613e+03  -3.6220812e+04
   1.4170000e+03   7.5883114e+03  -2.4553115e+04
   1.4180000e+03   2.1439826e+03   1.8030662e+03
   1.4190000e+03  -7.6876573e+03   6.4657832e+03
   1.4200000e+03  -9.6620117e+03  -7.2624033e+03
   1.4210000e+03   5.3598129e+03  -1.8315376e+04
   1.4220000e+03   2.4582167e+04  -2.1560008e+04
   1.4230000e+03   2.3717478e+04  -1.6137425e+04
   1.4240000e+03   4.7209533e+03  -6.0285832e+03
   1.4250000e+03  -1.3528537e+04  -6.2577176e+03
   1.4260000e+03  -1.4512706e+04  -1.7098376e+04
   1.4270000e+03   8.6069869e+03  -1.9753759e+04
   1.4280000e+03   3.0098757e+04  -7.8640948e+03
   1.4290000e+03   1.7700735e+04   4.1827230e+03
   1.4300000e+03  -4.0538960e+03   4.7300658e+02
   1.4310000e+03   9.7689263e+02  -1.8958291e+04
   1.4320000e+03   1.2494491e+04  -2.5905712e+04
   1.4330000e+03   7.1541529e+03  -4.1748339e+03
   1.4340000e+03  -4.3039985e+03   1.5565252e+04
   1.4350000e+03  -1.2958165e+03   1.1522058e+04
   1.4360000e+03   1.6714402e+04  -5.4186889e+03
   1.4370000e+03   1.8152386e+04  -1.6650338e+04
   1.4380000e+03   9.3259616e+02  -6.2076732e+03
   1.4390000e+03  -4.5922941e+03   1.1569284e+04
   1.4400000e+03   1.3338002e+03   1.3834799e+04
   1.4410000e+03   5.2103392e+03   9.1639110e+03
   1.4420000e+03   2.3311917e+02   4.2411120e+03
   1.4430000e+03  -8.0489464e+03  -6.5683263e+03
   1.4440000e+03  -5.5497240e+03  -7.9812996e+03
   1.4450000e+03  -1.1924437e+03   1.1279113e+04
   1.4460000e+03  -2.3673638e+03   2.0588071e+04
   1.4470000e+03  -3.2283171e+03   4.3054916e+03
   1.4480000e+03  -9.3691922e+03  -3.0694614e+03
   1.4490000e+03  -1.8742677e+04   1.0191760e+04
   1.4500000e+03  -1.7642043e+04   1.9722401e+04
   1.4510000e+03  -6.8348198e+03   1.2738114e+04
   1.4520000e+03   2.8449408e+02  -7.3472304e+03
   1.4530000e+03  -1.7677259e+03  -1.7151602e+04
   1.4540000e+03  -1.1429219e+04   3.0021853e+03
   1.4550000e+03  -2.3051160e+04   2.9560112e+04
   1.4560000e+03  -1.9449386e+04   2.7464839e+04
   1.4570000e+03   3.0844113e+03  -8.1305193e+02
   1.4580000e+03   1.6329445e+04  -1.7563612e+04
   1.4590000e+03  -2.9350529e+03   1.2933760e+03
   1.4600000e+03  -2.9870770e+04   2.7436170e+04
   1.4610000e+03  -2.3125827e+04   2.8351694e+04
   1.4620000e+03   2.4699415e+03   1.4546026e+04
   1.4630000e+03   4.3985446e+03   2.2708771e+03
   1.4640000e+03  -1.4013180e+04   3.3971231e+02
   1.4650000e+03  -2.1502816e+04   1.2557634e+04
   1.4660000e+03  -8.6506752e+03   1.8735974e+04
   1.4670000e+03   4.7679066e+03   6.9404542e+03
   1.4680000e+03  -2.2365644e+03  -1.0867484e+04
   1.4690000e+03  -2.2594553e+04  -1.5462409e+04
   1.4700000e+03  -2.2762519e+04   3.2027927e+03
   1.4710000e+03   5.8517485e+03   1.3801647e+04
   1.4720000e+03   1.8672840e+04  -1.7630697e+03
   1.4730000e+03  -3.1705109e+03  -1.2098316e+04
   1.4740000e+03  -1.7647272e+04  -1.2112267e+04
   1.4750000e+03  -3.7400219e+03  -1.1761283e+04
   1.4760000e+03   9.3891259e+03  -4.6465850e+02
   1.4770000e+03   3.6845535e+03   8.2094972e+03
   1.4780000e+03   2.6067454e+03  -5.3891311e+03
   1.4790000e+03   1.3833852e+04  -1.8641501e+04
   1.4800000e+03   1.2137744e+04  -6.1189417e+03
   1.4810000e+03  -1.8906488e+02   1.1244961e+04
   1.4820000e+03  -1.3414113e+03   7.0202052e+03
   1.4830000e+03   9.2177618e+03  -6.1989431e+03
   1.4840000e+03   1.5076436e+04  -5.1996258e+03
   1.4850000e+03   1.2956341e+04   5.7528777e+03
   1.4860000e+03   1.8546601e+04   7.2347962e+02
   1.4870000e+03   1.9237913e+04  -1.5937056e+04
   1.4880000e+03   4.8940070e+01  -1.3260519e+04
   1.4890000e+03  -9.1014731e+03   5.8401593e+02
   1.4900000e+03   9.9606261e+03  -3.2371195e+03
   1.4910000e+03   3.2336624e+04  -1.7855024e+04
   1.4920000e+03   2.2759454e+04  -1.4671602e+04
   1.4930000e+03  -8.1496698e+03   1.8075555e+03
   1.4940000e+03  -4.8259675e+03  -7.2881320e+02
   1.4950000e+03   2.7657471e+04  -1.4200340e+04
   1.4960000e+03   3.1326669e+04  -9.0732608e+03
   1.4970000e+03   7.0531011e+03   1.0514030e+04
   1.4980000e+03  -2.9562886e+03   2.0938089e+04
   1.4990000e+03   7.2622151e+03   4.7384269e+03
   1.5000000e+03   1.5087132e+04  -1.6111674e+04
   1.5010000e+03   1.5170165e+04  -7.6539154e+03
   1.5020000e+03   1.1808144e+04   8.5289454e+03
   1.5030000e+03  -1.7487253e+03   2.7071337e+03
   1.5040000e+03  -1.8037587e+04  -8.1384790e+03
   1.5050000e+03  -1.4809912e+04  -5.6027111e+03
   1.5060000e+03   6.5336748e+03   4.0971003e+03
   1.5070000e+03   1.6963374e+04   1.2971715e+04
   1.5080000e+03  -4.4450632e+02   1.1233592e+04
   1.5090000e+03  -2.1388050e+04  -5.3256730e+03
   1.5100000e+03  -1.6146518e+04  -1.2867710e+04
   1.5110000e+03   3.9368264e+03   3.2201269e+03
   1.5120000e+03   1.5650021e+04   1.8023466e+04
   1.5130000e+03   1.2365319e+04   1.2061478e+04
   1.5140000e+03  -6.9197471e+03  -1.2501010e+02
   1.5150000e+03  -1.8620023e+04  -2.3036613e+03
   1.5160000e+03  -2.5212342e+03  -1.0473855e+03
   1.5170000e+03   1.1820557e+04  -1.2390712e+03
   1.5180000e+03   2.6374308e+03  -1.8645882e+03
   1.5190000e+03  -1.7707216e+04  -6.5188582e+03
   1.5200000e+03  -3.2277779e+04  -6.0484384e+03
   1.5210000e+03  -2.2044174e+04   1.6832972e+03
   1.5220000e+03   1.9640106e+03   4.6173378e+03
   1.5230000e+03   3.8065459e+03   1.4385366e+02
   1.5240000e+03  -2.1213902e+04  -1.3076670e+04
   1.5250000e+03  -4.0276479e+04  -2.2097861e+04
   1.5260000e+03  -2.5232366e+04  -4.9315103e+03
   1.5270000e+03   3.0769083e+03   2.7151508e+04
   1.5280000e+03   9.4230171e+03   3.3969640e+04
   1.5290000e+03  -2.9398233e+03  -1.4149776e+03
   1.5300000e+03  -1.6276845e+04  -3.2230572e+04
   1.5310000e+03  -1.5506812e+04  -1.4308859e+04
   1.5320000e+03   2.9905860e+03   1.8568745e+04
   1.5330000e+03   1.5606706e+04   1.7077045e+04
   1.5340000e+03   5.6641659e+03  -1.1058036e+04
   1.5350000e+03  -1.0420088e+04  -2.1957203e+04
   1.5360000e+03  -1.5832549e+04  -4.7272011e+03
   1.5370000e+03  -1.0800727e+04   4.0661860e+03
   1.5380000e+03   4.7940926e+03  -1.0746286e+04
   1.5390000e+03   1.2636593e+04  -2.3581404e+04
   1.5400000e+03  -1.1266078e+04  -1.4191927e+04
   1.5410000e+03  -3.3305466e+04   7.7329590e+03
   1.5420000e+03  -1.1294234e+04   1.7103746e+04
   1.5430000e+03   2.2566870e+04   6.4298460e+03
   1.5440000e+03   1.7161868e+04  -9.0514315e+03
   1.5450000e+03  -1.0304455e+04  -1.0585133e+04
   1.5460000e+03  -1.1667835e+04   4.7327930e+03
   1.5470000e+03   5.5331752e+03   1.6348262e+04
   1.5480000e+03   1.1606545e+04   6.2476038e+03
   1.5490000e+03   1.0270710e+04  -9.4140412e+03
   1.5500000e+03   4.9968477e+03   2.6479261e+02
   1.5510000e+03  -1.0630424e+03   2.2311896e+04
   1.5520000e+03   3.7860474e+03   1.6607223e+04
   1.5530000e+03   1.2145899e+04  -6.3280254e+03
   1.5540000e+03   1.5581727e+04  -8.6931037e+03
   1.5550000e+03   1.5445761e+04   6.1350333e+03
   1.5560000e+03   5.5470158e+03   1.4727193e+04
   1.5570000e+03  -6.7187013e+03   1.1530798e+04
   1.5580000e+03   9.6719043e+02   1.2477248e+03
   1.5590000e+03   2.2449688e+04  -5.7880901e+03
   1.5600000e+03   2.8935128e+04   5.1389959e+02
   1.5610000e+03   9.9220578e+03   8.5803213e+03
   1.5620000e+03  -1.6073715e+04   3.2682392e+03
   1.5630000e+03  -1.3771740e+04  -1.3991440e+03
   1.5640000e+03   1.9841700e+04   8.3090888e+03
   1.5650000e+03   3.5878559e+04   1.3986723e+04
   1.5660000e+03   6.8136705e+03   6.1580965e+03
   1.5670000e+03  -2.9545882e+04   3.8217985e+03
   1.5680000e+03  -2.2404447e+04   4.9545967e+03
   1.5690000e+03   1.9912512e+04   2.5553592e+03
   1.5700000e+03   3.4868924e+04   1.2368809e+04
   1.5710000e+03  -1.1854952e+03   1.9187660e+04
   1.5720000e+03  -3.3386432e+04   5.7252509e+03
   1.5730000e+03  -1.4253172e+04  -2.9681390e+03
   1.5740000e+03   2.3692800e+04   4.8597403e+02
   1.5750000e+03   2.8168032e+04   2.1494985e+03
   1.5760000e+03   4.9970110e+03   1.1594661e+03
   1.5770000e+03  -1.4223816e+04   5.0261407e+03
   1.5780000e+03  -1.7996037e+04   1.2988834e+04
   1.5790000e+03  -5.4640624e+03   1.9013054e+03
   1.5800000e+03   1.6164500e+04  -2.3153151e+04
   1.5810000e+03   2.2161500e+04  -2.1305851e+04
   1.5820000e+03   5.8558783e+02   2.8359551e+02
   1.5830000e+03  -1.8050826e+04   3.5990347e+03
   1.5840000e+03  -1.0235913e+04  -8.7386630e+03
   1.5850000e+03   4.9692016e+03  -1.4921808e+04
   1.5860000e+03   4.0720863e+03  -1.0094192e+04
   1.5870000e+03  -1.1850901e+04   1.6944378e+03
   1.5880000e+03  -1.9175618e+04   1.0477532e+04
   1.5890000e+03  -1.0939463e+04   4.2348619e+03
   1.5900000e+03  -5.8142808e+03  -1.1193489e+04
   1.5910000e+03  -5.6688652e+03  -1.9786774e+04
   1.5920000e+03  -7.0649081e+03  -1.4423317e+04
   1.5930000e+03  -8.3149170e+03   2.4165798e+03
   1.5940000e+03  -2.7103320e+01   1.2562186e+04
   1.5950000e+03   7.0207942e+03  -5.5787943e+03
   1.5960000e+03   2.9948774e+03  -3.5755345e+04
   1.5970000e+03   2.3800535e+03  -3.5690653e+04
   1.5980000e+03   6.3758103e+03  -8.9205190e+03
   1.5990000e+03  -6.9242980e+02   1.1328266e+03
   1.6000000e+03  -1.0329207e+04  -1.4765127e+04
   1.6010000e+03  -1.0945911e+03  -2.9052035e+04
   1.6020000e+03   1.1068859e+04  -1.9488784e+04
   1.6030000e+03  -3.3620390e+02   2.0408912e+03
   1.6040000e+03  -2.2044565e+04   1.3672844e+03
   1.6050000e+03  -2.3950906e+04  -1.9992939e+04
   1.6060000e+03   4.7970945e+02  -2.2384872e+04
   1.6070000e+03   1.8480426e+04   8.6399970e+03
   1.6080000e+03   9.2195920e+02   3.2532103e+04
   1.6090000e+03  -2.2984730e+04   1.4642488e+04
   1.6100000e+03  -1.2419080e+04  -1.3029543e+04
   1.6110000e+03   1.7799608e+04  -1.0243176e+04
   1.6120000e+03   2.3853839e+04   1.3390356e+04
   1.6130000e+03  -8.2947711e+02   2.2137608e+04
   1.6140000e+03  -1.7313169e+04   2.2457666e+03
   1.6150000e+03  -2.5911168e+03  -1.0224747e+04
   1.6160000e+03   1.5749961e+04   3.9438811e+03
   1.6170000e+03   1.4198078e+04   1.0479283e+04
   1.6180000e+03   9.5244723e+03  -3.2721745e+03
   1.6190000e+03   9.5044868e+03  -1.3092968e+04
   1.6200000e+03   3.3458695e+03  -2.4426824e+03
   1.6210000e+03  -4.1363385e+03   1.7426115e+04
   1.6220000e+03  -2.7398916e+03   2.2083118e+04
   1.6230000e+03   1.1854056e+04   1.1405224e+04
   1.6240000e+03   2.3360424e+04   3.4382633e+03
   1.6250000e+03   5.4826448e+03   5.2783210e+03
   1.6260000e+03  -2.3370317e+04   1.0921372e+04
   1.6270000e+03  -2.6066475e+04   1.4062143e+04
   1.6280000e+03  -5.9326424e+03   1.7582844e+04
   1.6290000e+03   7.2230231e+03   2.1510313e+04
   1.6300000e+03  -3.3260661e+03   1.7096566e+04
   1.6310000e+03  -1.9537088e+04   7.4692512e+03
   1.6320000e+03  -1.5523912e+04   7.2879629e+03
   1.6330000e+03   3.5687006e+02   1.1894378e+04
   1.6340000e+03   4.4516791e+03   1.0803530e+04
   1.6350000e+03  -1.0779908e+03   1.4001960e+04
   1.6360000e+03  -4.9872547e+03   2.0487143e+04
   1.6370000e+03  -9.6349050e+03   1.7059809e+04
   1.6380000e+03  -7.3010940e+03   3.1037286e+03
   1.6390000e+03   4.7331165e+03  -9.0301641e+03
   1.6400000e+03   9.8642501e+03   5.0140076e+02
   1.6410000e+03   9.5109319e+03   1.4749864e+04
   1.6420000e+03   7.4354355e+03   2.3293260e+03
   1.6430000e+03  -3.4377965e+03  -1.3055158e+04
   1.6440000e+03  -1.1533467e+04  -6.6961572e+03
   1.6450000e+03  -5.8645671e+03   3.6144308e+03
   1.6460000e+03   3.6578215e+03   8.4260878e+02
   1.6470000e+03   6.4282183e+03  -7.4177463e+03
   1.6480000e+03   3.0920324e+03  -2.5553659e+03
   1.6490000e+03  -4.7359819e+03   7.6593737e+03
   1.6500000e+03  -1.4164188e+04   2.9884553e+03
   1.6510000e+03  -1.4231466e+04  -4.0680747e+03
   1.6520000e+03  -3.7510024e+03   4.0514827e+03
   1.6530000e+03   9.9486243e+03   4.8506097e+03
   1.6540000e+03   1.7511566e+04  -2.2726847e+04
   1.6550000e+03   4.4097540e+03  -3.5205997e+04
   1.6560000e+03  -1.2182154e+04  -2.6967949e+03
   1.6570000e+03  -7.8307685e+02   1.7081329e+04
   1.6580000e+03   1.7789257e+04  -8.4618284e+03
   1.6590000e+03   1.3875402e+04  -3.7327834e+04
   1.6600000e+03   5.3017895e+03  -3.9354327e+04
   1.6610000e+03   4.1352719e+03  -1.6280093e+04
   1.6620000e+03   3.1995969e+03   6.2629810e+03
   1.6630000e+03   1.3500983e+04  -2.2823603e+03
   1.6640000e+03   2.3205100e+04  -2.3155221e+04
   1.6650000e+03   4.7353820e+03  -1.9631573e+04
   1.6660000e+03  -1.4854724e+04  -4.7797501e+02
   1.6670000e+03  -3.7166396e+03   5.3538125e+03
   1.6680000e+03   1.5999908e+04  -7.2162863e+03
   1.6690000e+03   1.5055309e+04  -1.4381131e+04
   1.6700000e+03  -1.2991383e+03  -2.7265686e+03
   1.6710000e+03  -7.1146294e+03   4.8497157e+03
   1.6720000e+03   2.4184884e+03   4.5482232e+02
   1.6730000e+03   1.1532138e+04  -4.3515494e+03
   1.6740000e+03   1.8145942e+04  -1.7361119e+04
   1.6750000e+03   2.0862242e+04  -2.7761918e+04
   1.6760000e+03   8.9531530e+03  -1.1324784e+04
   1.6770000e+03  -9.5657185e+03   1.0710540e+04
   1.6780000e+03  -1.1782031e+04   5.3091295e+03
   1.6790000e+03   4.3642273e+03  -1.2691985e+04
   1.6800000e+03   1.6316058e+04  -1.2441702e+04
   1.6810000e+03   7.0245938e+03  -1.5338296e+03
   1.6820000e+03  -1.0416206e+04   4.6040674e+03
   1.6830000e+03  -1.0187863e+04   1.3163919e+04
   1.6840000e+03  -7.2015615e+02   2.1087499e+04
   1.6850000e+03  -5.7893568e+03   1.8688101e+04
   1.6860000e+03  -1.6054495e+04   9.6084333e+03
   1.6870000e+03  -1.2630268e+04  -1.7121224e+02
   1.6880000e+03   2.9619240e+03  -7.6723647e+02
   1.6890000e+03   8.6487208e+03   1.3653603e+04
   1.6900000e+03  -9.3486805e+03   2.3156635e+04
   1.6910000e+03  -2.3865104e+04   9.9278506e+03
   1.6920000e+03  -1.5034258e+04  -4.1302252e+03
   1.6930000e+03  -1.3544476e+03  -1.1248183e+03
   1.6940000e+03   3.8412101e+03   3.6924509e+03
   1.6950000e+03  -2.2714927e+03   9.3279669e+03
   1.6960000e+03  -1.7194238e+04   2.1149508e+04
   1.6970000e+03  -2.1101497e+04   1.8288120e+04
   1.6980000e+03  -7.9059182e+03  -5.1158328e+03
   1.6990000e+03  -1.9434665e+03  -1.3379228e+04
   1.7000000e+03  -1.1963267e+04   1.2735925e+04
   1.7010000e+03  -1.8714375e+04   3.6450835e+04
   1.7020000e+03  -1.3657817e+04   2.6934471e+04
   1.7030000e+03  -4.4403522e+03  -8.5464220e+01
   1.7040000e+03  -1.3791076e+03  -1.2825536e+04
   1.7050000e+03  -4.6604256e+03   2.5918596e+03
   1.7060000e+03  -3.2039251e+03   1.5407505e+04
   1.7070000e+03  -2.1239377e+03   1.3124389e+03
   1.7080000e+03  -6.1902213e+03  -1.2177741e+04
   1.7090000e+03   8.0192587e+02  -5.2188082e+03
   1.7100000e+03   1.0662207e+04   1.2535148e+04
   1.7110000e+03  -3.2164976e+03   1.7517048e+04
   1.7120000e+03  -2.3730640e+04  -5.6316037e+03
   1.7130000e+03  -1.5540614e+04  -2.6628979e+04
   1.7140000e+03   9.5523059e+03  -1.7110392e+04
   1.7150000e+03   1.7192910e+04   4.4762197e+03
   1.7160000e+03   1.5140047e+03   1.4638438e+04
   1.7170000e+03  -1.5347196e+04   7.5348997e+03
   1.7180000e+03  -1.0216310e+04  -1.1817341e+04
   1.7190000e+03   8.5934435e+03  -2.2659404e+04
   1.7200000e+03   1.7310672e+04  -7.2090679e+03
   1.7210000e+03   1.2563292e+04   1.3069936e+04
   1.7220000e+03   6.8735537e+02   7.3083664e+03
   1.7230000e+03  -4.7850696e+03  -1.1650526e+04
   1.7240000e+03   8.5045053e+03  -1.5860154e+04
   1.7250000e+03   2.3297419e+04  -7.3026850e+03
   1.7260000e+03   1.7294436e+04  -2.9738058e+03
   1.7270000e+03   5.6027591e+03  -2.7891865e+03
   1.7280000e+03   1.1995779e+04  -1.6684088e+03
   1.7290000e+03   1.8444162e+04  -8.3116267e+03
   1.7300000e+03   6.4443794e+03  -1.6008347e+04
   1.7310000e+03  -2.2519576e+03  -3.9261218e+03
   1.7320000e+03   6.6543474e+03   1.7437160e+04
   1.7330000e+03   2.2041701e+04   1.4571283e+04
   1.7340000e+03   2.6084591e+04  -1.1561119e+04
   1.7350000e+03   1.0390878e+04  -2.0336539e+04
   1.7360000e+03  -9.0564561e+03   2.2375029e+02
   1.7370000e+03  -9.9214076e+03   1.6094128e+04
   1.7380000e+03   1.3927963e+04   6.3067863e+03
   1.7390000e+03   3.4250128e+04  -1.0844166e+04
   1.7400000e+03   2.1065870e+04  -1.1262291e+04
   1.7410000e+03  -1.2968138e+03  -4.0338202e+02
   1.7420000e+03  -4.8521669e+03   5.2752277e+03
   1.7430000e+03  -1.2885307e+03   2.0216979e+03
   1.7440000e+03  -1.6563510e+02  -5.9470641e+03
   1.7450000e+03   2.9427238e+03  -5.0492017e+03
   1.7460000e+03   5.0808930e+03   4.6677959e+03
   1.7470000e+03  -3.4881384e+03   7.1285117e+03
   1.7480000e+03  -1.2710144e+04   5.0386218e+03
   1.7490000e+03  -6.0183368e+03   6.2255020e+03
   1.7500000e+03   3.2553773e+03   3.4070786e+03
   1.7510000e+03  -2.3994802e+02  -6.6675049e+03
   1.7520000e+03  -5.3552817e+03  -7.5863074e+03
   1.7530000e+03   1.1521468e+03   8.6152760e+03
   1.7540000e+03   7.0342077e+03   1.4724974e+04
   1.7550000e+03  -4.0235671e+03  -4.1621458e+03
   1.7560000e+03  -1.4115522e+04  -1.9346235e+04
   1.7570000e+03  -6.8200316e+03  -5.9976430e+03
   1.7580000e+03  -4.0265771e+03   1.7079938e+04
   1.7590000e+03  -1.5708069e+04   1.3305840e+04
   1.7600000e+03  -1.3828878e+04  -1.3785513e+04
   1.7610000e+03   2.7027288e+03  -2.5280197e+04
   1.7620000e+03  -5.7685870e+03  -4.2867638e+03
   1.7630000e+03  -3.3528818e+04   2.1244981e+04
   1.7640000e+03  -3.1203727e+04   1.3325950e+04
   1.7650000e+03   4.1745591e+03  -1.6519164e+04
   1.7660000e+03   2.3651949e+04  -2.0957780e+04
   1.7670000e+03  -1.1521023e+02   2.8555748e+03
   1.7680000e+03  -2.8801389e+04   1.1555793e+04
   1.7690000e+03  -2.0809293e+04  -2.4942651e+03
   1.7700000e+03   3.7608946e+03  -5.3000569e+03
   1.7710000e+03   8.5493024e+03   3.4623466e+03
   1.7720000e+03  -7.8670538e+03   4.2868846e+03
   1.7730000e+03  -1.8574822e+04   5.5669741e+03
   1.7740000e+03  -1.1802922e+04   8.5684335e+03
   1.7750000e+03  -3.7473665e+03   1.3538401e+03
   1.7760000e+03   2.9583358e+03  -8.4940540e+03
   1.7770000e+03   5.9631117e+03  -6.8750730e+03
   1.7780000e+03  -1.1848982e+04   1.2270061e+03
   1.7790000e+03  -3.4175433e+04   7.5320620e+02
   1.7800000e+03  -1.9924221e+04  -6.5180480e+03
   1.7810000e+03   2.3895861e+04  -8.2291630e+03
   1.7820000e+03   3.5527470e+04  -5.6754812e+03
   1.7830000e+03  -3.7859804e+03  -1.0086932e+04
   1.7840000e+03  -3.2486787e+04  -1.6574447e+04
   1.7850000e+03  -9.4469375e+03  -9.1050149e+03
   1.7860000e+03   2.7780925e+04   4.4242928e+03
   1.7870000e+03   2.7912400e+04   1.2006171e+04
   1.7880000e+03   8.7696501e+01   1.3420055e+04
   1.7890000e+03  -9.4557222e+03   1.1587654e+03
   1.7900000e+03   7.3490551e+03  -1.1665094e+04
   1.7910000e+03   2.0665177e+04  -3.8250343e+03
   1.7920000e+03   1.3657450e+04   1.3761221e+04
   1.7930000e+03  -3.4798078e+03   2.1669130e+04
   1.7940000e+03  -9.3509887e+03   1.0720130e+04
   1.7950000e+03   7.3133009e+03  -5.6130129e+03
   1.7960000e+03   2.6539759e+04  -2.1483641e+03
   1.7970000e+03   1.4835907e+04   1.3101017e+04
   1.7980000e+03  -1.7502414e+04   1.5747025e+04
   1.7990000e+03  -2.2168142e+04   4.9941427e+03
   1.8000000e+03   1.1226140e+04  -3.8212075e+03
   1.8010000e+03   3.4983077e+04   7.7615245e+01
   1.8020000e+03   1.7833117e+04   1.0816021e+04
   1.8030000e+03  -6.4623455e+03   1.2608571e+04
   1.8040000e+03  -5.3219471e+03   4.9580259e+03
   1.8050000e+03   6.5233851e+03  -5.2485232e+02
   1.8060000e+03   1.4093969e+04  -3.5148226e+03
   1.8070000e+03   1.9461341e+04  -8.1533114e+02
   1.8080000e+03   1.7552060e+04   1.4128162e+04
   1.8090000e+03   1.1819313e+03   2.5595159e+04
   1.8100000e+03  -1.3686999e+04   1.7446239e+04
   1.8110000e+03  -7.0090650e+03  -2.6403870e+03
   1.8120000e+03   1.0377796e+04  -1.4936471e+04
   1.8130000e+03   1.8598463e+04  -5.2293394e+03
   1.8140000e+03   7.5526855e+03   1.7436000e+04
   1.8150000e+03  -1.2471217e+04   2.3367601e+04
   1.8160000e+03  -1.3052976e+04   9.5637247e+02
   1.8170000e+03   3.3251954e+02  -1.8025192e+04
   1.8180000e+03   1.8974267e+03  -9.9590709e+03
   1.8190000e+03  -6.1342252e+03   2.0503462e+03
   1.8200000e+03  -1.2586729e+04  -2.0519376e+03
   1.8210000e+03  -1.4603397e+04  -1.1695753e+04
   1.8220000e+03  -1.4097353e+04  -8.5175397e+03
   1.8230000e+03  -1.2536095e+04   7.9329617e+03
   1.8240000e+03  -6.8710785e+03   1.6284819e+04
   1.8250000e+03   4.2120269e+03   4.1846723e+03
   1.8260000e+03   7.7916882e+03  -1.7625963e+04
   1.8270000e+03  -7.9089051e+03  -2.3194719e+04
   1.8280000e+03  -1.4177399e+04  -2.6294658e+03
   1.8290000e+03   8.9703659e+03   1.2033968e+04
   1.8300000e+03   2.1667175e+04  -1.4859035e+03
   1.8310000e+03   3.6595276e+03  -1.9513566e+04
   1.8320000e+03  -9.3078092e+03  -1.7304477e+04
   1.8330000e+03   1.8195807e+03  -6.4720939e+03
   1.8340000e+03   9.4247948e+03  -7.1532893e+03
   1.8350000e+03  -6.0874885e+03  -1.1224220e+04
   1.8360000e+03  -2.3590116e+04  -1.2066929e+04
   1.8370000e+03  -1.7704660e+04  -1.9886378e+04
   1.8380000e+03   7.9687241e+03  -2.5425067e+04
   1.8390000e+03   1.4608748e+04  -9.7045254e+03
   1.8400000e+03  -1.5868717e+04   1.1772000e+04
   1.8410000e+03  -3.5842766e+04   2.1736300e+03
   1.8420000e+03  -1.3512539e+04  -2.9714728e+04
   1.8430000e+03   2.3486282e+04  -3.7832762e+04
   1.8440000e+03   3.4524893e+04  -9.9461262e+03
   1.8450000e+03   5.9646879e+03   2.1211127e+04
   1.8460000e+03  -2.3649261e+04   1.0416338e+04
   1.8470000e+03  -1.4692823e+04  -2.9117304e+04
   1.8480000e+03   1.7697162e+04  -2.5934170e+04
   1.8490000e+03   3.0652606e+04   1.6689382e+04
   1.8500000e+03   7.6288818e+03   2.4832752e+04
   1.8510000e+03  -1.3729904e+04  -5.2898964e+03
   1.8520000e+03  -9.6480153e+02  -1.6314535e+04
   1.8530000e+03   1.8841423e+04   7.5445933e+02
   1.8540000e+03   1.0057590e+04   1.1824329e+04
   1.8550000e+03  -1.5134163e+04   1.1631133e+04
   1.8560000e+03  -1.7352732e+04   1.0217236e+04
   1.8570000e+03   6.9393579e+03   5.0236050e+03
   1.8580000e+03   2.2048711e+04   1.3240720e+03
   1.8590000e+03   6.3629504e+03   6.2381227e+03
   1.8600000e+03  -2.0070954e+04   1.3682208e+04
   1.8610000e+03  -2.0675207e+04   1.3302416e+04
   1.8620000e+03   1.2863907e+03   5.5765233e+03
   1.8630000e+03   1.4727215e+04   3.0123284e+03
   1.8640000e+03   1.0033795e+04   1.2297008e+04
   1.8650000e+03  -4.3919872e+03   1.9936128e+04
   1.8660000e+03  -1.2647139e+04   1.0675812e+04
   1.8670000e+03  -1.0005576e+04   3.4994453e+03
   1.8680000e+03  -4.0719655e+03   1.2778699e+04
   1.8690000e+03   3.7765654e+03   1.3141081e+04
   1.8700000e+03   2.0526615e+03   3.9553868e+03
   1.8710000e+03  -1.1398668e+04   6.8866808e+03
   1.8720000e+03  -9.5140503e+03   1.3876496e+04
   1.8730000e+03   7.2946864e+03   1.4478415e+04
   1.8740000e+03   4.7904283e+03   1.7301976e+04
   1.8750000e+03  -9.5231255e+03   2.3576042e+04
   1.8760000e+03  -1.3271188e+03   1.0597430e+04
   1.8770000e+03   1.0421176e+04  -1.9835158e+04
   1.8780000e+03  -6.1091429e+02  -1.8435663e+04
   1.8790000e+03  -1.2434616e+04   2.2556995e+04
   1.8800000e+03  -1.0619882e+04   4.2349261e+04
   1.8810000e+03  -8.1555960e+02   1.0883155e+04
   1.8820000e+03   8.9725304e+03  -2.2882904e+04
   1.8830000e+03   5.9622352e+02  -1.4000405e+04
   1.8840000e+03  -1.9749304e+04   1.0085773e+04
   1.8850000e+03  -1.9034694e+04   1.1415952e+04
   1.8860000e+03   2.0310855e+03  -1.3123988e+03
   1.8870000e+03   1.0239538e+04  -2.6861495e+03
   1.8880000e+03   1.6421696e+03   6.3066477e+03
   1.8890000e+03  -3.1871107e+02   1.5443655e+03
   1.8900000e+03   8.1244439e+03  -1.4695802e+04
   1.8910000e+03   1.2094417e+04  -1.6449026e+04
   1.8920000e+03   3.9847968e+03  -4.6335248e+03
   1.8930000e+03  -4.0075414e+03  -2.0421715e+03
   1.8940000e+03   1.7525890e+03  -1.0631400e+04
   1.8950000e+03   6.9878519e+03  -1.0084594e+04
   1.8960000e+03  -2.8566040e+03  -7.0280519e+02
   1.8970000e+03  -9.1728771e+03  -1.8442574e+03
   1.8980000e+03   2.8929240e+03  -1.4138945e+04
   1.8990000e+03   1.5945682e+04  -1.9283319e+04
   1.9000000e+03   1.1963428e+04  -1.0010516e+04
   1.9010000e+03  -6.3671601e+03  -5.5950450e+03
   1.9020000e+03  -1.4781061e+04  -1.1228701e+04
   1.9030000e+03   6.0611599e+03  -1.4076293e+04
   1.9040000e+03   2.4554972e+04  -1.8330720e+04
   1.9050000e+03   1.5265574e+04  -1.6491977e+04
   1.9060000e+03   5.6938464e+03  -4.7127108e+03
   1.9070000e+03   1.1670979e+03  -3.2253802e+03
   1.9080000e+03  -4.5794845e+03  -8.4947552e+03
   1.9090000e+03   7.9607448e+03  -9.4321601e+03
   1.9100000e+03   2.6387626e+04  -1.1500474e+04
   1.9110000e+03   1.9402206e+04  -1.5839797e+04
   1.9120000e+03  -2.2160532e+03  -1.2170357e+04
   1.9130000e+03  -4.2794305e+03   6.1108594e+03
   1.9140000e+03   9.7555987e+03   1.2749753e+04
   1.9150000e+03   9.3390470e+03  -1.0423609e+04
   1.9160000e+03  -7.5945810e+02  -2.6099126e+04
   1.9170000e+03  -3.5480255e+03  -5.2982727e+03
   1.9180000e+03  -8.4043281e+02   1.9710564e+04
   1.9190000e+03   6.8095927e+03   9.3704893e+03
   1.9200000e+03   9.8681310e+03  -1.6374867e+04
   1.9210000e+03   6.4353631e+02  -1.4631077e+04
   1.9220000e+03  -9.5347460e+03   9.5524253e+03
   1.9230000e+03  -1.3134091e+04   2.1633185e+04
   1.9240000e+03  -8.5356536e+03   9.6796115e+03
   1.9250000e+03   1.2456682e+03  -6.8722978e+03
   1.9260000e+03   3.0621079e+03  -7.3144697e+03
   1.9270000e+03  -2.4787000e+03   6.8928036e+03
   1.9280000e+03  -4.3167031e+02   1.8509264e+04
   1.9290000e+03   3.8891590e+03   1.3311468e+04
   1.9300000e+03  -3.5859700e+03   2.4926065e+03
   1.9310000e+03  -1.6931034e+04   3.7155808e+03
   1.9320000e+03  -2.0319286e+04   7.7958287e+03
   1.9330000e+03  -5.9046522e+03   3.2717922e+03
   1.9340000e+03   1.0184502e+04  -1.5272345e+03
   1.9350000e+03   6.7321880e+03   1.3204267e+03
   1.9360000e+03  -1.2533958e+04   9.5786379e+03
   1.9370000e+03  -3.0483174e+04   1.7532220e+04
   1.9380000e+03  -2.7433517e+04   1.4637509e+04
   1.9390000e+03  -7.1909777e+03   2.8572415e+03
   1.9400000e+03   1.2335901e+03   6.8693993e+03
   1.9410000e+03  -6.3628975e+03   2.5582479e+04
   1.9420000e+03  -1.1872080e+04   2.5569112e+04
   1.9430000e+03  -4.2781296e+03   2.5443906e+03
   1.9440000e+03   4.3418994e+03  -9.1958750e+03
   1.9450000e+03  -4.2985949e+03   1.1421452e+04
   1.9460000e+03  -1.3132594e+04   3.3908188e+04
   1.9470000e+03  -6.8077754e+03   1.5706593e+04
   1.9480000e+03  -7.7975048e+02  -2.6879581e+04
   1.9490000e+03  -2.1276354e+03  -3.4454815e+04
   1.9500000e+03  -2.8610300e+03   4.1293411e+03
   1.9510000e+03  -7.5016133e+02   2.5283308e+04
   1.9520000e+03  -8.3311482e+03  -4.4509540e+02
   1.9530000e+03  -2.1308139e+04  -1.9241400e+04
   1.9540000e+03  -1.4569655e+04  -5.2119865e+03
   1.9550000e+03   3.2111386e+03   4.3298879e+03
   1.9560000e+03   6.2205991e+03  -4.1867881e+03
   1.9570000e+03  -2.9123905e+03  -5.6959193e+03
   1.9580000e+03  -6.6315446e+03   4.0123524e+03
   1.9590000e+03   6.2478286e+02   9.3375781e+03
   1.9600000e+03   7.4599739e+03   7.2442953e+03
   1.9610000e+03   8.2969567e+03  -4.9268207e+03
   1.9620000e+03   6.4661603e+03  -1.8986675e+04
   1.9630000e+03   5.7423465e+03  -1.4611586e+04
   1.9640000e+03   1.3433973e+04   9.7329462e+02
   1.9650000e+03   2.1076672e+04   5.3042818e+03
   1.9660000e+03   1.3238842e+04  -6.5334362e+03
   1.9670000e+03   2.1203675e+03  -1.4896638e+04
   1.9680000e+03   6.0497766e+03  -5.8651044e+03
   1.9690000e+03   1.5420430e+04   2.1971907e+03
   1.9700000e+03   1.8254543e+04  -1.9346604e+03
   1.9710000e+03   1.8742785e+04  -1.2467919e+04
   1.9720000e+03   9.1346757e+03  -1.7910553e+04
   1.9730000e+03  -9.8421329e+03  -3.1309714e+03
   1.9740000e+03  -3.7009522e+03   1.2777890e+04
   1.9750000e+03   2.8150045e+04   6.2943059e+03
   1.9760000e+03   3.1975439e+04  -7.6081628e+03
   1.9770000e+03  -1.9193309e+03  -1.4918637e+04
   1.9780000e+03  -1.7637433e+04  -1.1720455e+04
   1.9790000e+03   4.9443558e+03   6.2836785e+03
   1.9800000e+03   2.8936799e+04   2.2504173e+04
   1.9810000e+03   2.5338573e+04   1.4519338e+04
   1.9820000e+03   5.5442573e+02  -4.0034634e+03
   1.9830000e+03  -8.7180365e+03  -5.3746541e+03
   1.9840000e+03   8.7480502e+03   4.2003568e+03
   1.9850000e+03   1.7692570e+04   3.4979655e+03
   1.9860000e+03   8.3807977e+03  -4.8355079e+03
   1.9870000e+03  -7.0135986e+02   1.6662171e+02
   1.9880000e+03  -4.2074582e+03   1.0395240e+04
   1.9890000e+03  -3.9125312e+03  -3.8717840e+03
   1.9900000e+03  -4.6039326e+03  -2.3959962e+04
   1.9910000e+03  -6.4737255e+03  -1.9201163e+04
   1.9920000e+03  -7.7386217e+03  -2.5065960e+03
   1.9930000e+03  -9.8163642e+03   1.1589336e+04
   1.9940000e+03  -6.2505581e+03   1.6649448e+04
   1.9950000e+03   4.6176056e+03   7.5558005e+03
   1.9960000e+03   1.0739802e+04  -5.1604116e+03
   1.9970000e+03   2.0092430e+03  -7.9192102e+03
   1.9980000e+03  -1.6239566e+04  -1.0679353e+02
   1.9990000e+03  -2.5998531e+04   7.8850254e+03
   2.0000000e+03  -1.8134862e+04   1.2526665e+04
