   1.0274000e+02   2.5123000e+01
   9.9735200e+01   2.7864600e+01
   0.0000000e+00  -1.0415277e+05  -1.0415277e+05
   1.0000000e+00  -1.5249973e+05  -1.9261644e+04
   2.0000000e+00  -2.5918787e+04   6.9102121e+04
   3.0000000e+00   2.1744801e+05   1.4516979e+05
   4.0000000e+00   2.7815169e+05   1.0440930e+05
   5.0000000e+00   4.1489605e+04  -1.1762930e+04
   6.0000000e+00  -2.1759080e+05  -1.0095511e+05
   7.0000000e+00  -2.1801286e+05  -1.5416404e+05
   8.0000000e+00  -8.8749710e+03  -8.7940429e+04
   9.0000000e+00   1.6930880e+05   8.2671438e+04
   1.0000000e+01   1.7563141e+05   1.3865634e+05
   1.1000000e+01   6.1745220e+04   3.8567647e+04
   1.2000000e+01  -8.6414898e+04  -6.9707276e+04
   1.3000000e+01  -1.6198991e+05  -1.0698145e+05
   1.4000000e+01  -3.1168138e+04  -7.1531095e+04
   1.5000000e+01   1.3343063e+05  -1.0708286e+04
   1.6000000e+01   3.9062636e+04   4.0684173e+04
   1.7000000e+01  -1.3393089e+05   7.4457452e+04
   1.8000000e+01  -6.0018511e+04   4.5553604e+04
   1.9000000e+01   1.4491281e+05  -4.5966589e+04
   2.0000000e+01   1.6909167e+05  -1.3591058e+05
   2.1000000e+01  -2.5839358e+04  -1.5246571e+05
   2.2000000e+01  -1.5963075e+05  -1.5722251e+04
   2.3000000e+01  -4.8836489e+04   1.9055174e+05
   2.4000000e+01   9.6184228e+04   1.7735198e+05
   2.5000000e+01   8.1050815e+04  -1.2262963e+05
   2.6000000e+01   3.5666593e+04  -3.3347934e+05
   2.7000000e+01   4.9884916e+04  -1.3548487e+05
   2.8000000e+01   3.3899531e+04   2.3711133e+05
   2.9000000e+01  -2.6784333e+04   2.9179282e+05
   3.0000000e+01  -5.9852088e+04  -4.6088932e+04
   3.1000000e+01  -2.8274243e+04  -3.0340305e+05
   3.2000000e+01   2.8943919e+04  -1.2209488e+05
   3.3000000e+01   2.5486148e+04   1.8928907e+05
   3.4000000e+01  -2.2579750e+04   1.8289616e+05
   3.5000000e+01  -1.9252413e+04  -3.2475067e+04
   3.6000000e+01   1.9162702e+03  -1.2848349e+05
   3.7000000e+01  -3.0010907e+04  -6.1418535e+04
   3.8000000e+01  -5.0144029e+04   4.9278914e+04
   3.9000000e+01  -8.9069109e+03   1.0373206e+05
   4.0000000e+01   3.8256814e+04   6.4308159e+04
   4.1000000e+01   1.8628241e+04  -1.8163988e+04
   4.2000000e+01  -8.5985549e+04  -8.4702931e+04
   4.3000000e+01  -1.1739144e+05  -9.7407563e+04
   4.4000000e+01   6.2200045e+04  -1.6116498e+04
   4.5000000e+01   2.0658734e+05   9.4643319e+04
   4.6000000e+01   5.5138509e+04   9.4870003e+04
   4.7000000e+01  -1.7005584e+05  -1.3537343e+04
   4.8000000e+01  -1.4992598e+05  -9.3758462e+04
   4.9000000e+01   4.3320993e+04  -4.7041950e+04
   5.0000000e+01   1.3630823e+05   7.8220592e+04
   5.1000000e+01   4.9321211e+04   9.2063683e+04
   5.2000000e+01  -5.0019127e+04  -5.4406383e+04
   5.3000000e+01  -3.8467277e+04  -1.1548022e+05
   5.4000000e+01  -2.0868848e+04   3.4056782e+04
   5.5000000e+01  -7.9947303e+04   1.6518825e+05
   5.6000000e+01  -7.5563540e+04   8.5508226e+04
   5.7000000e+01   5.7314195e+04  -9.3364405e+04
   5.8000000e+01   1.1705187e+05  -1.2643738e+05
   5.9000000e+01  -1.6275309e+04   4.6877032e+04
   6.0000000e+01  -1.6774147e+05   1.7318523e+05
   6.1000000e+01  -1.2474750e+05   7.3515020e+04
   6.2000000e+01   8.6724073e+04  -6.9124322e+04
   6.3000000e+01   2.0536098e+05  -9.5477014e+04
   6.4000000e+01   7.5828647e+04  -5.8594103e+04
   6.5000000e+01  -1.1218803e+05   1.3481526e+04
   6.6000000e+01  -1.3862372e+05   8.8271987e+04
   6.7000000e+01  -3.6645541e+04   8.2686506e+04
   6.8000000e+01   5.6620855e+04  -4.5002202e+03
   6.9000000e+01   7.1319228e+04  -9.7583458e+04
   7.0000000e+01   4.3153641e+04  -9.0238233e+04
   7.1000000e+01   7.2503321e+03   4.3266875e+04
   7.2000000e+01  -6.9052036e+04   1.2593646e+05
   7.3000000e+01  -1.1252291e+05   3.3615575e+04
   7.4000000e+01   3.8630956e+03  -7.3034446e+04
   7.5000000e+01   1.7465491e+05  -5.0633966e+04
   7.6000000e+01   1.6300446e+05   1.2035442e+04
   7.7000000e+01  -3.7401327e+04   2.1776615e+04
   7.8000000e+01  -1.6663469e+05  -2.2296701e+03
   7.9000000e+01  -7.6756956e+04  -1.7888094e+04
   8.0000000e+01   4.1903878e+04  -6.2965350e+03
   8.1000000e+01  -3.2544910e+01   8.6396320e+03
   8.2000000e+01  -5.6349911e+04  -1.6864502e+03
   8.3000000e+01   3.1817295e+04  -2.7530016e+04
   8.4000000e+01   7.7717427e+04  -4.5437442e+04
   8.5000000e+01  -3.7503950e+04  -1.7263450e+04
   8.6000000e+01  -9.0428844e+04   6.6241950e+04
   8.7000000e+01  -3.3119160e+04   1.1260139e+05
   8.8000000e+01  -3.7259357e+04   4.3599490e+04
   8.9000000e+01  -2.6112255e+04  -7.7542751e+04
   9.0000000e+01   1.1222268e+05  -1.3458058e+05
   9.1000000e+01   1.9912528e+05  -4.2862557e+04
   9.2000000e+01   6.2098170e+04   1.5492219e+05
   9.3000000e+01  -1.5801857e+05   2.0595874e+05
   9.4000000e+01  -1.6292080e+05  -2.5087550e+03
   9.5000000e+01   6.9413585e+04  -1.8486615e+05
   9.6000000e+01   2.0321073e+05  -1.2460618e+05
   9.7000000e+01   6.2545507e+04   2.9420024e+04
   9.8000000e+01  -1.2448633e+05   8.7488273e+04
   9.9000000e+01  -1.4636449e+05   1.9630535e+04
   1.0000000e+02  -3.4717546e+04  -8.2343497e+04
   1.0100000e+02   9.5899885e+04  -1.0093506e+05
   1.0200000e+02   1.1673383e+05  -4.6738635e+04
   1.0300000e+02   1.0278836e+04   3.9627420e+03
   1.0400000e+02  -5.3871957e+04   3.3239309e+04
   1.0500000e+02   3.2147179e+03   1.6000098e+04
   1.0600000e+02   5.4889239e+04  -2.8611733e+04
   1.0700000e+02   3.6751410e+04  -7.8278031e+03
   1.0800000e+02   1.8520884e+04   4.8726616e+04
   1.0900000e+02   8.7814650e+03   3.8843472e+04
   1.1000000e+02  -2.5218016e+04  -2.9150701e+03
   1.1100000e+02  -1.8096876e+04   5.8952503e+03
   1.1200000e+02   7.1629834e+04   5.3911012e+04
   1.1300000e+02   1.2122493e+05   6.2779275e+04
   1.1400000e+02   1.5586788e+04  -1.7413410e+04
   1.1500000e+02  -1.1679918e+05  -9.5861742e+04
   1.1600000e+02  -7.9851414e+04  -4.0163285e+04
   1.1700000e+02   3.1615505e+04   6.6226559e+04
   1.1800000e+02   2.8381536e+04   3.4494285e+04
   1.1900000e+02  -1.5801327e+04  -1.0295394e+05
   1.2000000e+02   2.2767478e+04  -1.5618432e+05
   1.2100000e+02   8.1103539e+04  -3.5944146e+04
   1.2200000e+02   6.4638277e+04   1.4606105e+05
   1.2300000e+02  -1.2555492e+04   1.4926893e+05
   1.2400000e+02  -4.9298123e+04  -6.0314304e+04
   1.2500000e+02   2.5036768e+04  -1.8571743e+05
   1.2600000e+02   8.9508884e+04  -5.9534453e+04
   1.2700000e+02  -2.6990797e+04   1.2788366e+05
   1.2800000e+02  -1.8953564e+05   1.6784075e+05
   1.2900000e+02  -1.4446197e+05   4.7925585e+04
   1.3000000e+02   5.3769385e+04  -8.9340209e+04
   1.3100000e+02   1.6424105e+05  -7.5653550e+04
   1.3200000e+02   2.5872968e+04   5.6731922e+04
   1.3300000e+02  -2.3832226e+05   1.1094363e+05
   1.3400000e+02  -2.2997594e+05   1.0433093e+04
   1.3500000e+02   8.1176771e+04  -1.4337576e+05
   1.3600000e+02   2.0216509e+05  -1.6826251e+05
   1.3700000e+02  -3.7037191e+04   4.3549374e+03
   1.3800000e+02  -2.4389531e+05   1.3082374e+05
   1.3900000e+02  -1.5733793e+05  -2.4851874e+03
   1.4000000e+02   3.4489921e+04  -1.8577387e+05
   1.4100000e+02   7.8174119e+04  -1.5783885e+05
   1.4200000e+02  -8.8743796e+03   1.0628648e+04
   1.4300000e+02  -7.4640067e+04   1.3301007e+05
   1.4400000e+02  -5.2730571e+04   1.1867576e+05
   1.4500000e+02   7.1849492e+04   1.8377055e+04
   1.4600000e+02   2.3056489e+05   9.6228741e+03
   1.4700000e+02   1.9563133e+05   1.1891824e+05
   1.4800000e+02  -7.3618091e+04   1.4745905e+05
   1.4900000e+02  -2.3044484e+05   3.3552935e+04
   1.5000000e+02  -7.3172460e+04  -7.3008967e+04
   1.5100000e+02   1.7033168e+05  -3.9169455e+04
   1.5200000e+02   2.5571668e+05   1.0913159e+05
   1.5300000e+02   1.2641210e+05   1.5169367e+05
   1.5400000e+02  -1.4784629e+05  -2.2028377e+04
   1.5500000e+02  -3.0138221e+05  -1.8680861e+05
   1.5600000e+02  -9.6352164e+04  -1.3684540e+05
   1.5700000e+02   2.6205498e+05   4.7171716e+04
   1.5800000e+02   2.9752158e+05   1.5302461e+05
   1.5900000e+02  -9.5122063e+04   6.2873351e+04
   1.6000000e+02  -3.9145209e+05  -9.4313532e+04
   1.6100000e+02  -1.2556477e+05  -9.9551862e+04
   1.6200000e+02   2.8777110e+05   2.1002166e+04
   1.6300000e+02   1.8004619e+05   8.0802973e+04
   1.6400000e+02  -2.1035393e+05   4.5559956e+04
   1.6500000e+02  -2.2385154e+05  -8.0234041e+03
   1.6600000e+02   7.3262092e+04  -3.9439446e+04
   1.6700000e+02   1.4127729e+05  -2.9693445e+04
   1.6800000e+02  -5.4091801e+04   2.4135211e+02
   1.6900000e+02  -7.1256885e+04   1.4705694e+04
   1.7000000e+02   1.2384404e+05   1.1888473e+04
   1.7100000e+02   1.1633844e+05  -1.8911418e+04
   1.7200000e+02  -6.5613477e+04  -4.7977649e+04
   1.7300000e+02  -1.5059301e+04  -8.9380671e+03
   1.7400000e+02   1.4513925e+05   4.8114276e+04
   1.7500000e+02   4.4782204e+04   2.4232093e+04
   1.7600000e+02  -1.0422508e+05  -5.3587300e+04
   1.7700000e+02   2.9212214e+03  -1.0540550e+05
   1.7800000e+02   1.3463126e+05  -7.8652881e+04
   1.7900000e+02   3.1525412e+04   4.0719743e+04
   1.8000000e+02  -1.4495588e+05   1.2075840e+05
   1.8100000e+02  -1.0226000e+05   4.2458224e+04
   1.8200000e+02   1.1572507e+05  -5.9696964e+04
   1.8300000e+02   1.4533024e+05  -5.9736948e+04
   1.8400000e+02  -6.0843693e+04  -1.6721045e+04
   1.8500000e+02  -1.3603893e+05   2.3445944e+04
   1.8600000e+02  -8.7930068e+03   3.0289329e+04
   1.8700000e+02   5.8066595e+04  -1.2044550e+04
   1.8800000e+02   1.4187624e+04  -2.7631046e+04
   1.8900000e+02  -2.6212869e+04  -7.6643245e+03
   1.9000000e+02  -1.0600687e+04  -2.2077215e+04
   1.9100000e+02   6.6821447e+04  -3.7076301e+04
   1.9200000e+02   9.5193127e+04  -3.6614444e+03
   1.9300000e+02  -4.5245436e+03   2.9219863e+04
   1.9400000e+02  -8.3379601e+04   2.0477484e+04
   1.9500000e+02  -4.0045471e+04  -2.2440727e+04
   1.9600000e+02   2.7805333e+04  -5.0891445e+04
   1.9700000e+02   3.7256631e+04  -1.5459776e+04
   1.9800000e+02  -3.5096415e+03   2.5534631e+04
   1.9900000e+02  -2.7626496e+04   1.7340505e+04
   2.0000000e+02  -4.0978522e+03   3.5589710e+03
   2.0100000e+02  -2.0066057e+04  -1.5490605e+04
   2.0200000e+02  -7.4671332e+04  -3.8713323e+04
   2.0300000e+02  -2.2471464e+04  -1.2212236e+04
   2.0400000e+02   8.8259986e+04   1.6975557e+04
   2.0500000e+02   5.6504682e+04  -1.3513812e+04
   2.0600000e+02  -7.4131515e+04  -3.2558523e+04
   2.0700000e+02  -1.0115230e+05   2.3836255e+03
   2.0800000e+02   1.2247391e+04   2.8911367e+04
   2.0900000e+02   1.1937261e+05   2.2024851e+04
   2.1000000e+02   7.2677425e+04  -1.6722340e+02
   2.1100000e+02  -5.8926874e+04  -1.6532214e+04
   2.1200000e+02  -8.4012395e+04   5.2487259e+03
   2.1300000e+02  -1.2858553e+04   3.1516029e+04
   2.1400000e+02   1.9733112e+04   1.4374759e+04
   2.1500000e+02  -5.9883696e+03  -3.3835453e+03
   2.1600000e+02  -5.1356923e+04   9.6291707e+03
   2.1700000e+02  -7.4186414e+04   3.5938117e+04
   2.1800000e+02  -2.7139925e+04   4.9426322e+04
   2.1900000e+02   4.4804903e+04   3.5462029e+02
   2.2000000e+02   5.0636440e+04  -6.8266451e+04
   2.2100000e+02  -1.7263517e+03  -2.5657479e+04
   2.2200000e+02  -4.8406189e+04   8.5131492e+04
   2.2300000e+02  -4.3418359e+04   9.2261848e+04
   2.2400000e+02   1.9768222e+04  -5.6094649e+03
   2.2500000e+02   6.2224766e+04  -7.8168457e+04
   2.2600000e+02   2.7009555e+04  -4.8920123e+04
   2.2700000e+02  -1.6092174e+04   5.7007583e+04
   2.2800000e+02  -1.8225257e+04   1.0052348e+05
   2.2900000e+02  -1.7813920e+04   1.8183173e+04
   2.3000000e+02  -1.9240050e+04  -4.8329954e+04
   2.3100000e+02  -1.1700101e+04  -2.6910892e+04
   2.3200000e+02  -2.1561001e+04   2.6473592e+03
   2.3300000e+02  -2.8098617e+04   1.9660155e+04
   2.3400000e+02   3.0748427e+03   2.4930863e+04
   2.3500000e+02   3.1038686e+04  -6.1021445e+03
   2.3600000e+02   1.5430101e+04  -2.5912812e+04
   2.3700000e+02  -2.9121768e+04  -1.9476020e+01
   2.3800000e+02  -4.5247992e+04   3.4327211e+04
   2.3900000e+02   1.1347169e+04   4.8017758e+04
   2.4000000e+02   6.9015338e+04   4.0745538e+03
   2.4100000e+02   4.7896067e+04  -6.4767059e+04
   2.4200000e+02   1.1709920e+03  -2.9850760e+04
   2.4300000e+02  -1.9361263e+04   6.6466911e+04
   2.4400000e+02  -3.1181767e+04   5.5514154e+04
   2.4500000e+02  -1.7595044e+04  -3.8942921e+04
   2.4600000e+02   2.7488404e+04  -8.0416533e+04
   2.4700000e+02   4.0555943e+04  -2.7932457e+04
   2.4800000e+02   5.1297587e+03   5.5461002e+04
   2.4900000e+02  -1.8194851e+04   6.0388072e+04
   2.5000000e+02   2.4907520e+02  -2.2707183e+04
   2.5100000e+02   2.0669951e+04  -6.5431003e+04
   2.5200000e+02  -9.2722425e+03  -1.5880823e+04
   2.5300000e+02  -3.8640775e+04   3.6948718e+04
   2.5400000e+02   2.1730997e+04   3.0932709e+04
   2.5500000e+02   8.7168405e+04  -2.3386802e+04
   2.5600000e+02   4.8443341e+04  -5.9963277e+04
   2.5700000e+02  -1.4234951e+04  -9.3079291e+03
   2.5800000e+02  -2.4397685e+04   4.8358490e+04
   2.5900000e+02  -1.0752958e+04   6.2349057e+03
   2.6000000e+02   1.4093854e+04  -6.0213265e+04
   2.6100000e+02   2.6690720e+04  -6.1764917e+04
   2.6200000e+02   2.1845643e+03  -1.9026969e+04
   2.6300000e+02  -1.5167255e+04   2.9261583e+04
   2.6400000e+02  -1.0689443e+04   3.7088115e+04
   2.6500000e+02  -1.4179615e+03  -3.7716386e+03
   2.6600000e+02   2.9084685e+04  -2.7824718e+04
   2.6700000e+02   3.3911838e+04  -1.3993745e+04
   2.6800000e+02   1.0859145e+02   8.4636151e+02
   2.6900000e+02   2.5309081e+04   8.5590193e+03
   2.7000000e+02   6.0464058e+04  -3.7744156e+03
   2.7100000e+02   1.6145422e+03  -2.8933149e+04
   2.7200000e+02  -4.1696533e+04  -7.4644508e+03
   2.7300000e+02   5.8952796e+03   3.4302263e+04
   2.7400000e+02   3.1102032e+04   2.4751106e+04
   2.7500000e+02  -8.4412585e+03  -1.6942039e+04
   2.7600000e+02  -3.5298696e+04  -6.1789476e+04
   2.7700000e+02  -1.2747535e+04  -7.3781999e+04
   2.7800000e+02   2.9642293e+04  -4.6632653e+03
   2.7900000e+02   2.5396233e+04   6.7502861e+04
   2.8000000e+02  -4.3862252e+04   4.1079145e+04
   2.8100000e+02  -7.2358445e+04  -2.7949537e+04
   2.8200000e+02  -8.5448705e+03  -4.9156886e+04
   2.8300000e+02   4.3667908e+04  -1.7139387e+04
   2.8400000e+02   2.2280978e+04   3.3090281e+04
   2.8500000e+02  -2.8981430e+04   3.2160904e+04
   2.8600000e+02  -4.4370741e+04  -3.1693480e+04
   2.8700000e+02   6.4535278e+03  -4.0213345e+04
   2.8800000e+02   4.6240127e+04   3.8683075e+04
   2.8900000e+02  -3.4237524e+03   8.4027558e+04
   2.9000000e+02  -7.1280934e+04   3.6622492e+04
   2.9100000e+02  -6.6844177e+04  -4.8146424e+04
   2.9200000e+02  -9.1510637e+03  -6.5930774e+04
   2.9300000e+02   4.3849558e+04   1.8986786e+04
   2.9400000e+02   4.0067946e+04   7.9752555e+04
   2.9500000e+02  -1.9809473e+04   3.3165993e+04
   2.9600000e+02  -5.4840736e+04  -2.5230092e+04
   2.9700000e+02  -4.0299675e+04  -3.3657217e+04
   2.9800000e+02  -1.4114421e+04  -2.2042617e+04
   2.9900000e+02   2.4743238e+04   8.3755388e+03
   3.0000000e+02   3.2958936e+04   2.5209039e+04
   3.0100000e+02  -2.0738091e+04  -6.2313868e+03
   3.0200000e+02  -4.0911112e+04  -1.0082004e+04
   3.0300000e+02   8.5019884e+01   2.7707128e+04
   3.0400000e+02   2.0558154e+04   1.7190360e+04
   3.0500000e+02   1.0550994e+04  -1.9387334e+04
   3.0600000e+02  -1.0845578e+04  -1.5323875e+04
   3.0700000e+02  -3.7075380e+04   9.0526141e+03
   3.0800000e+02  -2.9788105e+04   3.0121325e+04
   3.0900000e+02  -9.3631094e+03   3.7432245e+04
   3.1000000e+02  -1.3622941e+04   2.4252759e+04
   3.1100000e+02   4.5041304e+03   1.1995489e+04
   3.1200000e+02   2.9470559e+04  -4.5258700e+01
   3.1300000e+02  -6.6838775e+03  -1.5933554e+04
   3.1400000e+02  -3.8077773e+04  -5.1750252e+03
   3.1500000e+02   1.2312489e+03   1.2541827e+04
   3.1600000e+02   4.0749653e+04   7.0830985e+03
   3.1700000e+02   2.8267688e+04   1.8768553e+04
   3.1800000e+02   2.8624652e+03   2.7180343e+04
   3.1900000e+02   1.0162945e+04  -1.4951578e+04
   3.2000000e+02   3.3867283e+04  -3.5945965e+04
   3.2100000e+02   1.1624903e+04  -2.4681459e+03
   3.2200000e+02  -3.7647377e+04   2.1949611e+04
   3.2300000e+02  -1.9503347e+04   2.2327360e+04
   3.2400000e+02   3.4461189e+04   5.0448811e+03
   3.2500000e+02   2.8591067e+04  -1.0294051e+04
   3.2600000e+02   8.0990574e+03   1.8781968e+04
   3.2700000e+02   1.5701859e+04   4.1921332e+04
   3.2800000e+02   2.7610539e+03   4.5962779e+03
   3.2900000e+02  -1.5132828e+04  -2.1255456e+04
   3.3000000e+02  -5.4584808e+03  -6.0079129e+03
   3.3100000e+02   1.9613563e+04  -7.7439426e+03
   3.3200000e+02   4.6690044e+04  -1.4514912e+04
   3.3300000e+02   2.1809531e+04  -1.5871273e+03
   3.3400000e+02  -4.4064490e+04   2.7512974e+03
   3.3500000e+02  -3.2164972e+04  -7.5726022e+03
   3.3600000e+02   3.9896826e+04  -3.3885455e+04
   3.3700000e+02   4.6052208e+04  -5.7459982e+04
   3.3800000e+02  -1.7705064e+03  -2.7508100e+04
   3.3900000e+02  -2.7641516e+04   1.2816801e+04
   3.4000000e+02  -9.6344264e+03  -2.0466185e+03
   3.4100000e+02   4.4033939e+04  -1.1345223e+04
   3.4200000e+02   5.8457079e+04   1.0478497e+04
   3.4300000e+02  -1.6174645e+03  -2.1904346e+03
   3.4400000e+02  -3.3198963e+04  -2.3287154e+04
   3.4500000e+02  -8.8489081e+02  -8.6632163e+03
   3.4600000e+02   2.1418684e+04   3.5707777e+03
   3.4700000e+02   2.7855930e+04   5.3879587e+03
   3.4800000e+02   2.9348609e+04   3.1829719e+03
   3.4900000e+02  -1.0885388e+03  -5.8093877e+02
   3.5000000e+02  -3.3619306e+04   2.1535364e+04
   3.5100000e+02  -3.2454747e+04   2.1003885e+04
   3.5200000e+02  -1.7580954e+04  -3.7914539e+04
   3.5300000e+02   4.4470730e+03  -5.5541575e+04
   3.5400000e+02   1.6182768e+04  -8.6644763e+03
   3.5500000e+02  -4.8518949e+03   3.3459917e+03
   3.5600000e+02  -9.1572471e+03  -2.2277355e+04
   3.5700000e+02   7.9482945e+03  -3.1672200e+04
   3.5800000e+02  -9.5914473e+03  -2.1748075e+04
   3.5900000e+02  -2.5389810e+04   4.1228739e+03
   3.6000000e+02  -7.1881314e+03   1.0591220e+04
   3.6100000e+02   4.3422869e+03  -1.1147145e+04
   3.6200000e+02   9.4321066e+03   8.9326671e+03
   3.6300000e+02   7.0352237e+03   4.2308766e+04
   3.6400000e+02  -1.0806732e+04   1.0965684e+04
   3.6500000e+02   5.2313733e+03  -2.3158390e+04
   3.6600000e+02   3.5930664e+04  -3.3934986e+03
   3.6700000e+02   5.2730146e+03   2.0264368e+04
   3.6800000e+02  -3.9449462e+04   1.7286334e+04
   3.6900000e+02  -3.3563167e+04  -2.1637151e+03
   3.7000000e+02  -1.4487218e+04  -1.8520448e+04
   3.7100000e+02  -8.8251346e+02  -4.3113942e+03
   3.7200000e+02   1.7714036e+03   1.6223226e+04
   3.7300000e+02  -1.8601899e+04  -5.7947005e+02
   3.7400000e+02  -1.5689020e+04  -1.9587641e+04
   3.7500000e+02   3.3199529e+03  -1.6216187e+04
   3.7600000e+02  -1.9928390e+04  -1.0695326e+04
   3.7700000e+02  -4.6071122e+04   2.4394858e+04
   3.7800000e+02  -2.8824424e+04   5.8015547e+04
   3.7900000e+02   3.5928067e+03   2.1483386e+04
   3.8000000e+02   2.6038080e+04  -1.6009848e+04
   3.8100000e+02   2.1955133e+04   3.2606773e+03
   3.8200000e+02  -2.3958598e+03   2.4769947e+04
   3.8300000e+02  -1.2044115e+04   2.0681723e+04
   3.8400000e+02  -1.6226353e+04  -7.5840977e+03
   3.8500000e+02  -2.2411397e+04  -2.9509163e+04
   3.8600000e+02   9.9774916e+02   5.5710029e+03
   3.8700000e+02   2.1941715e+04   3.9704277e+04
   3.8800000e+02  -2.0033595e+03   5.2152043e+03
   3.8900000e+02  -2.5654748e+04  -2.4131604e+04
   3.9000000e+02  -1.8508699e+04  -2.4392440e+03
   3.9100000e+02   3.3242844e+02   2.1530565e+04
   3.9200000e+02   1.9273627e+04   3.9124500e+04
   3.9300000e+02   1.2601597e+04   3.8611595e+04
   3.9400000e+02  -1.9116117e+04   7.1098529e+03
   3.9500000e+02  -1.4346504e+04   1.5914348e+03
   3.9600000e+02   2.5906061e+04   2.2325560e+04
   3.9700000e+02   3.0488310e+04   1.5399023e+04
   3.9800000e+02   6.6666658e+03   7.5860415e+03
   3.9900000e+02  -4.8352028e+03   1.6926832e+04
   4.0000000e+02  -1.2506494e+04   3.3327327e+03
   4.0100000e+02  -6.9631166e+03  -1.9329038e+04
   4.0200000e+02   3.1016996e+03  -2.1934531e+04
   4.0300000e+02  -6.9531910e+03  -1.9249486e+04
   4.0400000e+02   2.8073620e+03  -9.8379260e+03
   4.0500000e+02   2.5857497e+04  -4.1957708e+03
   4.0600000e+02   9.9899136e+03  -1.6509868e+04
   4.0700000e+02  -4.0259804e+03  -4.2419315e+03
   4.0800000e+02   1.3351462e+04   2.4516865e+04
   4.0900000e+02   1.5953987e+04   1.6494638e+04
   4.1000000e+02   6.2148819e+03   5.0581775e+02
   4.1100000e+02   1.0750449e+04   3.1507195e+03
   4.1200000e+02   1.7010294e+04  -2.1852658e+03
   4.1300000e+02   2.2985915e+04  -7.1929990e+03
   4.1400000e+02   1.8053067e+04   1.5336165e+03
   4.1500000e+02  -6.7886868e+03   3.4744476e+03
   4.1600000e+02  -8.9009329e+03   7.7384871e+02
   4.1700000e+02   6.8609286e+03  -7.7481362e+02
   4.1800000e+02  -2.4465150e+01  -1.5590725e+04
   4.1900000e+02  -4.3727415e+02  -1.6337162e+04
   4.2000000e+02   4.7195562e+03  -1.1111083e+02
   4.2100000e+02  -1.4992347e+04  -1.8282948e+04
   4.2200000e+02  -1.4343105e+04  -3.7323516e+04
   4.2300000e+02   1.5546862e+04  -1.7763951e+04
   4.2400000e+02   2.0230810e+04  -3.7465659e+03
   4.2500000e+02   1.0911603e+04  -1.7936707e+03
   4.2600000e+02   1.1773124e+04  -1.6272302e+04
   4.2700000e+02   8.7929094e+03  -5.3713599e+04
   4.2800000e+02   1.9689495e+04  -4.0923642e+04
   4.2900000e+02   2.8970856e+04   2.3036114e+04
   4.3000000e+02  -6.9769728e+03   4.1298790e+04
   4.3100000e+02  -2.8358579e+04   1.5592873e+03
   4.3200000e+02  -1.6741745e+03  -4.7471454e+04
   4.3300000e+02   7.7093100e+03  -6.3484019e+04
   4.3400000e+02   8.6777278e+03  -1.0540381e+04
   4.3500000e+02   2.2231381e+04   5.0409109e+04
   4.3600000e+02   4.4011432e+03   3.3668422e+04
   4.3700000e+02  -2.4882131e+04  -1.0233539e+04
   4.3800000e+02  -2.5943166e+04  -2.3272706e+04
   4.3900000e+02  -1.4367215e+04  -2.1627127e+04
   4.4000000e+02   5.9942058e+03   3.4704145e+03
   4.4100000e+02   2.1612716e+04   2.3475479e+04
   4.4200000e+02   8.1080902e+03  -7.7195040e+03
   4.4300000e+02  -3.5787004e+03  -2.9825800e+04
   4.4400000e+02  -1.7936587e+03  -4.1426993e+03
   4.4500000e+02  -1.2955042e+04   1.9106537e+04
   4.4600000e+02  -1.2392492e+04   2.3782480e+04
   4.4700000e+02   5.6813684e+02   6.2968599e+03
   4.4800000e+02  -1.1512277e+04  -3.2926247e+04
   4.4900000e+02  -2.0402704e+04  -3.7882603e+04
   4.5000000e+02  -9.1815315e+03  -1.8428174e+03
   4.5100000e+02  -3.2937848e+03   2.9242484e+04
   4.5200000e+02  -2.1666391e+02   4.8902365e+04
   4.5300000e+02  -7.6781813e+03   3.0568336e+04
   4.5400000e+02  -1.6218528e+04  -2.3507175e+04
   4.5500000e+02   7.3841076e+03  -2.2944618e+04
   4.5600000e+02   1.3838587e+04   3.3471238e+04
   4.5700000e+02  -2.9843341e+04   4.9704243e+04
   4.5800000e+02  -3.9829182e+04   1.4061268e+04
   4.5900000e+02  -1.6945840e+03  -1.7572010e+04
   4.6000000e+02   7.9429807e+03  -1.3231917e+04
   4.6100000e+02  -2.5998454e+03   2.4652820e+04
   4.6200000e+02  -1.0564511e+04   4.5931850e+04
   4.6300000e+02  -2.9153046e+04   1.4460803e+04
   4.6400000e+02  -2.2350797e+04  -1.6735538e+04
   4.6500000e+02   4.1440576e+03  -7.5775114e+03
   4.6600000e+02   5.9454996e+03   1.8188353e+04
   4.6700000e+02   6.7587407e+03   4.6040730e+04
   4.6800000e+02   2.0680707e+03   3.6622504e+04
   4.6900000e+02  -2.7031438e+04  -2.3927386e+04
   4.7000000e+02  -2.0283876e+04  -4.2270553e+04
   4.7100000e+02   1.4183905e+04   1.0364436e+04
   4.7200000e+02   3.1772950e+01   4.2014077e+04
   4.7300000e+02  -2.3805235e+04   2.0288893e+04
   4.7400000e+02  -9.4155497e+03  -6.8988593e+03
   4.7500000e+02   2.4303746e+03  -4.3001752e+03
   4.7600000e+02   1.2543218e+04   2.2702309e+04
   4.7700000e+02   1.9775047e+04   2.2342536e+04
   4.7800000e+02  -1.0626583e+04  -1.9203416e+04
   4.7900000e+02  -3.1424553e+04  -2.6589073e+04
   4.8000000e+02  -6.8571029e+03   5.3029203e+03
   4.8100000e+02   2.4927997e+04   1.1108410e+04
   4.8200000e+02   4.7837050e+04   1.3271042e+04
   4.8300000e+02   3.4658760e+04   1.4839067e+04
   4.8400000e+02  -2.2904836e+04  -2.3913442e+04
   4.8500000e+02  -3.9717450e+04  -4.6390083e+04
   4.8600000e+02   1.4498103e+04  -2.3167843e+04
   4.8700000e+02   5.5746181e+04  -6.4380608e+02
   4.8800000e+02   4.1757275e+04   1.6894312e+04
   4.8900000e+02   5.0181214e+02   1.3451171e+04
   4.9000000e+02  -2.6910090e+04  -2.1854622e+04
   4.9100000e+02  -1.2346317e+03  -2.4933884e+04
   4.9200000e+02   4.1124852e+04   1.1423510e+04
   4.9300000e+02   2.8129208e+04   2.0409730e+04
   4.9400000e+02  -1.3402071e+04  -2.6602688e+03
   4.9500000e+02  -2.7178572e+04  -2.9225328e+04
   4.9600000e+02  -4.9676022e+03  -2.7584777e+04
   4.9700000e+02   4.0714772e+04   2.7304317e+04
   4.9800000e+02   4.4961089e+04   4.7364948e+04
   4.9900000e+02  -1.6394974e+04  -2.5566439e+04
   5.0000000e+02  -3.7963800e+04  -6.6511943e+04
   5.0100000e+02   1.3905938e+04  -1.7862855e+04
   5.0200000e+02   4.2863502e+04   2.4579210e+04
   5.0300000e+02   2.6461864e+04   1.9396830e+04
   5.0400000e+02   4.6431135e+03  -1.2882485e+04
   5.0500000e+02  -9.4177963e+03  -4.4256271e+04
   5.0600000e+02   7.8951120e+03  -3.4948945e+04
   5.0700000e+02   3.4348351e+04  -4.3794101e+03
   5.0800000e+02   1.7735951e+04   2.9552242e+03
   5.0900000e+02  -1.0228552e+04   2.0816078e+03
   5.1000000e+02  -1.5191391e+04  -5.0118987e+03
   5.1100000e+02  -1.4599164e+04  -2.1904983e+04
   5.1200000e+02  -2.7989002e+03  -4.4015617e+03
   5.1300000e+02   9.5643301e+03   2.1150071e+04
   5.1400000e+02  -8.7095977e+03  -1.1681967e+03
   5.1500000e+02  -2.6032743e+04  -2.1015101e+04
   5.1600000e+02  -9.9700317e+03  -3.9497144e+03
   5.1700000e+02   1.1126326e+04   1.1572173e+04
   5.1800000e+02   1.4573618e+04   9.5555801e+03
   5.1900000e+02  -3.4732805e+03  -1.0190596e+04
   5.2000000e+02  -1.9033427e+04  -2.5695899e+04
   5.2100000e+02   4.8271197e+03  -1.6925426e+03
   5.2200000e+02   1.7113160e+04   2.3607601e+04
   5.2300000e+02  -1.6081548e+04   7.3135331e+03
   5.2400000e+02  -1.8719471e+04  -4.5613139e+03
   5.2500000e+02   4.2171519e+03   2.8443507e+03
   5.2600000e+02  -6.0780358e+03  -4.2399664e+03
   5.2700000e+02  -1.0036567e+04   2.5635296e+03
   5.2800000e+02  -4.3229761e+02   2.3127344e+04
   5.2900000e+02  -1.7895158e+04   8.7768762e+03
   5.3000000e+02  -2.8035335e+04  -1.5418475e+04
   5.3100000e+02  -1.4377851e+04  -1.7677517e+04
   5.3200000e+02  -1.0561991e+04  -2.1274087e+03
   5.3300000e+02  -1.4769243e+03   3.0811786e+04
   5.3400000e+02   8.0331942e+03   3.1465219e+04
   5.3500000e+02  -1.4556602e+04  -1.8949534e+04
   5.3600000e+02  -2.3952587e+04  -3.3715192e+04
   5.3700000e+02  -3.6220063e+03   8.2735709e+03
   5.3800000e+02   2.0591952e+02   3.3076519e+04
   5.3900000e+02   3.3173789e+03   2.6212749e+04
   5.4000000e+02   8.5043990e+03   7.9106618e+03
   5.4100000e+02  -1.0226123e+04  -1.0432003e+04
   5.4200000e+02  -1.6274935e+04   1.3961403e+03
   5.4300000e+02  -8.3360055e+03   2.1368238e+04
   5.4400000e+02  -2.0545069e+04   1.0490720e+04
   5.4500000e+02  -2.0858597e+04   1.3182695e+03
   5.4600000e+02  -3.9421174e+03   3.3028935e+03
   5.4700000e+02  -6.7881041e+03  -4.1987058e+03
   5.4800000e+02  -5.4503027e+03   5.4252372e+03
   5.4900000e+02   7.5957149e+03   2.1651674e+04
   5.5000000e+02  -6.5667766e+03   8.0329765e+02
   5.5100000e+02  -2.6505559e+04  -1.5311716e+04
   5.5200000e+02  -2.5066573e+04   1.0733453e+04
   5.5300000e+02  -7.2101879e+03   2.9151120e+04
   5.5400000e+02   3.4988043e+04   2.0237240e+04
   5.5500000e+02   4.8744574e+04  -2.6899583e+03
   5.5600000e+02   1.0554474e+03  -3.0226258e+04
   5.5700000e+02  -1.3071791e+04  -1.3780161e+04
   5.5800000e+02   2.1316624e+04   3.3974682e+04
   5.5900000e+02   1.1788142e+04   3.6784447e+04
   5.6000000e+02  -1.7864199e+04   9.2559443e+03
   5.6100000e+02  -7.0336834e+03  -1.4920349e+03
   5.6200000e+02   1.3350598e+04   1.3818372e+03
   5.6300000e+02   2.3730965e+04   1.1302181e+04
   5.6400000e+02   2.1770504e+04   8.0243676e+03
   5.6500000e+02   2.0592046e+03  -1.5643723e+04
   5.6600000e+02   7.7539806e+02  -1.5591202e+04
   5.6700000e+02   1.1326250e+04   6.1385647e+03
   5.6800000e+02  -1.0122513e+03   3.7799294e+03
   5.6900000e+02  -1.9418720e+03  -2.2646175e+03
   5.7000000e+02   1.5635156e+04  -2.0460724e+03
   5.7100000e+02   2.1434447e+04  -2.3880483e+04
   5.7200000e+02   2.7705210e+04  -3.0770832e+04
   5.7300000e+02   2.0403305e+04  -1.0855772e+04
   5.7400000e+02  -1.0178864e+04  -2.1461014e+03
   5.7500000e+02  -7.9487536e+03   1.1010092e+04
   5.7600000e+02   1.4953533e+04   1.7274998e+04
   5.7700000e+02  -2.1174362e+03  -1.0991184e+04
   5.7800000e+02  -1.0317367e+04  -2.6462112e+04
   5.7900000e+02   2.4186198e+04  -1.3816108e+04
   5.8000000e+02   2.9054420e+04  -5.5061394e+03
   5.8100000e+02  -6.9772208e+02   5.9229667e+03
   5.8200000e+02  -1.5595315e+04   1.5424591e+04
   5.8300000e+02  -1.0650589e+04   3.9178936e+03
   5.8400000e+02   1.7980526e+04  -7.5786763e+03
   5.8500000e+02   3.6508347e+04  -1.9235556e+04
   5.8600000e+02   1.1593228e+04  -3.3170280e+04
   5.8700000e+02  -7.8317009e+03  -1.1426451e+04
   5.8800000e+02  -6.8678616e+03   1.5305756e+04
   5.8900000e+02  -7.2759746e+03  -2.7399009e+03
   5.9000000e+02   1.0370381e+04  -2.1755034e+04
   5.9100000e+02   1.8438296e+04  -2.0746777e+04
   5.9200000e+02  -1.4255630e+04  -2.1967826e+04
   5.9300000e+02  -2.2158675e+04  -6.3736551e+03
   5.9400000e+02   1.4332506e+04   1.3656627e+04
   5.9500000e+02   2.0054593e+04  -1.9997234e+03
   5.9600000e+02  -1.6061068e+04  -1.9576179e+04
   5.9700000e+02  -3.7888699e+04  -7.6242208e+03
   5.9800000e+02  -1.8877706e+04   2.0276533e+03
   5.9900000e+02   1.6175483e+04   7.0368386e+03
   6.0000000e+02   1.0514245e+04   6.7096139e+03
   6.0100000e+02  -2.8076444e+04  -1.5604183e+04
   6.0200000e+02  -2.7379891e+04  -1.4601607e+04
   6.0300000e+02   1.0641126e+03   8.9916644e+03
   6.0400000e+02   5.6294673e+03  -1.3752744e+03
   6.0500000e+02   7.7654516e+03  -1.3896726e+04
   6.0600000e+02   7.3400929e+03  -4.8254519e+03
   6.0700000e+02  -2.3590304e+04  -4.6665820e+03
   6.0800000e+02  -3.3385481e+04   7.9847438e+02
   6.0900000e+02   6.5778445e+03   9.7138850e+03
   6.1000000e+02   3.1762449e+04   2.2499643e+03
   6.1100000e+02   1.4309074e+04   1.0226715e+04
   6.1200000e+02  -2.3423299e+04   2.4206505e+04
   6.1300000e+02  -4.8127807e+04   1.8609995e+03
   6.1400000e+02  -1.9735666e+04  -1.2052769e+04
   6.1500000e+02   1.6254733e+04   6.6058010e+03
   6.1600000e+02  -4.4194285e+03   7.9496245e+03
   6.1700000e+02  -2.7641090e+04   4.1875961e+03
   6.1800000e+02  -1.5063504e+04   1.0188610e+04
   6.1900000e+02  -9.2178233e+03   4.1918893e+03
   6.2000000e+02  -7.8126790e+03   1.2894161e+04
   6.2100000e+02   2.8983717e+03   1.9961343e+04
   6.2200000e+02   6.8092291e+03  -1.1776305e+04
   6.2300000e+02   1.2871802e+04  -1.9810456e+04
   6.2400000e+02   8.7223419e+03   1.9191777e+04
   6.2500000e+02  -1.6493147e+04   3.6471771e+04
   6.2600000e+02  -1.3617100e+04   2.3805624e+04
   6.2700000e+02   7.5565032e+03   1.4251601e+04
   6.2800000e+02  -4.3684167e+03   8.8371242e+03
   6.2900000e+02  -1.3045524e+04   1.7255996e+04
   6.3000000e+02   5.1422612e+03   2.3444881e+04
   6.3100000e+02   1.1823211e+04   3.2477014e+03
   6.3200000e+02   7.0983123e+03   5.6601715e+03
   6.3300000e+02  -2.4762277e+03   2.8776694e+04
   6.3400000e+02  -1.8342284e+04   1.5807664e+04
   6.3500000e+02  -2.1750279e+03   6.7281003e+03
   6.3600000e+02   3.3122413e+04   1.9822672e+04
   6.3700000e+02   2.2792809e+04   2.4701138e+03
   6.3800000e+02  -1.2610215e+04  -2.6879803e+04
   6.3900000e+02  -2.5513907e+04  -3.2372409e+04
   6.4000000e+02  -1.3724052e+04  -1.7053100e+04
   6.4100000e+02   2.6643787e+04   1.8068980e+04
   6.4200000e+02   4.3693048e+04   3.3100981e+04
   6.4300000e+02  -3.3617943e+03  -4.9724405e+03
   6.4400000e+02  -2.4520487e+04  -3.4828074e+04
   6.4500000e+02   9.6393626e+03  -1.5305750e+04
   6.4600000e+02   9.9006181e+03   9.1986605e+03
   6.4700000e+02  -1.8293788e+04   1.9563766e+04
   6.4800000e+02  -9.0553529e+03   1.6129702e+04
   6.4900000e+02   2.2555511e+04  -5.9897322e+03
   6.5000000e+02   3.2886262e+04  -1.4250204e+04
   6.5100000e+02   1.0993337e+04  -9.9706412e+03
   6.5200000e+02  -1.1456496e+04  -1.8355021e+04
   6.5300000e+02   6.9251529e+03  -8.7695927e+03
   6.5400000e+02   2.9233590e+04   1.8249075e+04
   6.5500000e+02   1.1781449e+04   1.8459967e+04
   6.5600000e+02   1.9159482e+03  -2.6327225e+03
   6.5700000e+02   7.8402128e+03  -2.9774072e+04
   6.5800000e+02  -9.8191424e+03  -5.0804607e+04
   6.5900000e+02  -1.6727892e+04  -2.5064132e+04
   6.6000000e+02   1.2912800e+03   1.7507502e+04
   6.6100000e+02   4.2497153e+03   6.0747200e+03
   6.6200000e+02   9.8074962e+02  -2.3581466e+04
   6.6300000e+02   4.3801592e+03  -2.7649522e+04
   6.6400000e+02   1.3089591e+03  -2.5134631e+04
   6.6500000e+02   6.6937772e+03  -3.8957412e+03
   6.6600000e+02   1.4742171e+04   1.7441033e+04
   6.6700000e+02  -8.4522780e+01  -1.3145823e+03
   6.6800000e+02   1.5103155e+03  -1.1567738e+04
   6.6900000e+02   2.6241611e+04   2.0245933e+03
   6.7000000e+02   1.0505711e+04  -1.1308866e+04
   6.7100000e+02  -1.2952398e+04  -2.2741892e+04
   6.7200000e+02   1.2028892e+03  -5.0332838e+03
   6.7300000e+02  -1.4054277e+03  -1.2329303e+02
   6.7400000e+02  -1.1918265e+04  -2.6717895e+03
   6.7500000e+02   1.5513245e+03  -4.0283451e+03
   6.7600000e+02  -5.2270394e+03  -2.0395955e+04
   6.7700000e+02  -1.6466140e+04  -1.2629305e+04
   6.7800000e+02   2.8743861e+03   1.0849965e+04
   6.7900000e+02   1.4167205e+04  -1.8376405e+03
   6.8000000e+02   1.0877401e+04  -1.0552455e+04
   6.8100000e+02   5.8413034e+03   8.6864409e+03
   6.8200000e+02  -7.9084182e+03   1.5342927e+04
   6.8300000e+02  -9.0771853e+02   1.2705542e+04
   6.8400000e+02   1.2677086e+04   7.4934695e+03
   6.8500000e+02  -9.5857890e+03  -1.0886028e+04
   6.8600000e+02  -1.7397408e+04  -1.4149818e+04
   6.8700000e+02   3.2895527e+03   7.0237748e+03
   6.8800000e+02  -1.7097331e+03   1.7968392e+04
   6.8900000e+02  -1.0642031e+04   1.0818270e+04
   6.9000000e+02  -9.3246852e+03  -1.1035184e+04
   6.9100000e+02  -1.9662894e+04  -3.2004613e+04
   6.9200000e+02  -1.4055074e+04  -2.3894448e+03
   6.9300000e+02  -9.4045182e+02   3.8091650e+04
   6.9400000e+02  -6.5080342e+03   1.0063819e+04
   6.9500000e+02  -7.3537231e+02  -1.9169927e+04
   6.9600000e+02   1.7030511e+03   1.6392220e+04
   6.9700000e+02  -1.8625451e+04   4.9686541e+04
   6.9800000e+02  -7.4654827e+03   3.3617626e+04
   6.9900000e+02   1.5583614e+04  -9.9435766e+03
   7.0000000e+02  -1.2785710e+04  -3.0582528e+04
   7.0100000e+02  -3.4776773e+04   9.7401023e+03
   7.0200000e+02  -9.1858394e+03   4.7459507e+04
   7.0300000e+02   4.8842842e+03   1.6425209e+04
   7.0400000e+02  -2.1295360e+02  -2.0337163e+04
   7.0500000e+02  -3.7430675e+02  -1.3418018e+04
   7.0600000e+02  -5.3426598e+03   7.4612434e+03
   7.0700000e+02  -5.4058043e+03   2.8129834e+04
   7.0800000e+02  -4.9201237e+02   1.8081189e+04
   7.0900000e+02  -4.0919093e+03  -2.0628032e+04
   7.1000000e+02   3.6100472e+03  -8.7917458e+03
   7.1100000e+02   9.4233094e+03   3.1404982e+04
   7.1200000e+02  -1.3991622e+04   2.0653161e+04
   7.1300000e+02  -2.0425340e+04   2.9753683e+03
   7.1400000e+02   1.9707574e+02   1.7013357e+04
   7.1500000e+02  -6.3770793e+03   1.9390998e+04
   7.1600000e+02  -1.7511845e+04   4.9906539e+03
   7.1700000e+02  -2.3702114e+03  -1.3287372e+04
   7.1800000e+02   3.6021285e+03  -2.9245815e+04
   7.1900000e+02   4.1633871e+03  -5.5674002e+03
   7.2000000e+02   1.3822039e+04   3.3633622e+04
   7.2100000e+02   1.1254782e+04   2.1207721e+04
   7.2200000e+02   8.0154229e+03  -1.5029075e+04
   7.2300000e+02   9.2004293e+03  -3.0440077e+04
   7.2400000e+02  -2.6044654e+03  -2.6789602e+04
   7.2500000e+02   1.1144719e+03   5.0367285e+03
   7.2600000e+02   1.5668585e+04   3.1180002e+04
   7.2700000e+02  -4.1804674e+03   1.1177401e+04
   7.2800000e+02  -1.6445901e+04  -9.1453635e+03
   7.2900000e+02   3.6770140e+03  -2.8020537e+03
   7.3000000e+02   1.7815481e+03  -1.1458649e+03
   7.3100000e+02  -3.5528874e+03  -2.5629773e+03
   7.3200000e+02   1.1448128e+04  -2.3006861e+03
   7.3300000e+02   1.1259982e+04  -9.2991377e+03
   7.3400000e+02   1.2714173e+04  -1.8158819e+03
   7.3500000e+02   2.0569007e+04   3.8388599e+03
   7.3600000e+02   1.0127549e+04  -2.5291946e+04
   7.3700000e+02   1.5282627e+04  -3.6259509e+04
   7.3800000e+02   3.1855513e+04  -5.1041768e+03
   7.3900000e+02   1.2911479e+04   9.3827063e+03
   7.4000000e+02  -1.3710430e+04  -5.0557061e+03
   7.4100000e+02  -1.2237203e+04  -2.5266106e+04
   7.4200000e+02   7.8995305e+03  -3.1097733e+04
   7.4300000e+02   3.6763748e+04  -4.1511615e+02
   7.4400000e+02   3.6018008e+04   2.5502291e+04
   7.4500000e+02  -4.1103902e+03   1.8832603e+03
   7.4600000e+02  -9.1498686e+03  -2.2238921e+04
   7.4700000e+02   2.1836634e+04  -1.3310735e+04
   7.4800000e+02   1.3851028e+04  -2.0610990e+03
   7.4900000e+02  -9.8375399e+03   7.9893907e+03
   7.5000000e+02  -9.8274386e+02   6.1015147e+03
   7.5100000e+02   1.2400906e+04  -1.9965549e+04
   7.5200000e+02   1.3614689e+04  -1.7447013e+04
   7.5300000e+02   6.3865244e+03   9.4085803e+03
   7.5400000e+02  -1.6302905e+04   2.6796961e+02
   7.5500000e+02  -2.8973097e+04  -1.9236327e+04
   7.5600000e+02  -1.1246209e+04  -2.3126770e+04
   7.5700000e+02   1.5554219e+04  -2.4746098e+04
   7.5800000e+02   3.3338653e+04  -2.9829795e+03
   7.5900000e+02   1.2785891e+04   2.3046216e+04
   7.6000000e+02  -3.9326525e+04   1.1427874e+04
   7.6100000e+02  -3.8888956e+04  -6.3884839e+03
   7.6200000e+02   5.7522823e+03  -1.1363800e+04
   7.6300000e+02   4.8010718e+03  -1.8662814e+04
   7.6400000e+02  -2.0460548e+04   5.8216133e+02
   7.6500000e+02  -1.7586032e+04   3.9327557e+04
   7.6600000e+02  -1.2160993e+03   3.8681925e+04
   7.6700000e+02   1.3230690e+04   4.9786819e+03
   7.6800000e+02   4.3689875e+03  -2.2765657e+04
   7.6900000e+02  -3.1576947e+04  -2.4133113e+04
   7.7000000e+02  -3.5332713e+04   7.9045045e+03
   7.7100000e+02   2.3585209e+03   2.3126568e+04
   7.7200000e+02   1.3970498e+04  -1.1902911e+04
   7.7300000e+02  -2.3435108e+03  -3.5104812e+04
   7.7400000e+02  -8.9944784e+03  -9.5906830e+03
   7.7500000e+02  -1.3918893e+04   2.1972969e+04
   7.7600000e+02  -1.6542638e+04   2.9103023e+04
   7.7700000e+02  -1.5387290e+04   6.5779572e+03
   7.7800000e+02  -1.1254418e+04  -2.2449838e+04
   7.7900000e+02   9.2111289e+03   3.6830138e+03
   7.8000000e+02   7.3184994e+03   6.0877409e+04
   7.8100000e+02  -2.7497440e+04   5.6371374e+04
   7.8200000e+02  -2.3191040e+04   8.2745693e+03
   7.8300000e+02   1.3754988e+04  -1.7262372e+04
   7.8400000e+02   1.6874212e+04  -8.4113143e+03
   7.8500000e+02  -1.5467391e+03   2.5648969e+04
   7.8600000e+02  -1.2667340e+04   2.9617107e+04
   7.8700000e+02  -1.5738319e+04  -1.8693414e+04
   7.8800000e+02  -1.6589114e+02  -3.6944855e+04
   7.8900000e+02   6.8111618e+03  -2.6066751e+03
   7.9000000e+02  -1.5158669e+04   1.8067961e+04
   7.9100000e+02  -1.5071965e+04   1.3503168e+04
   7.9200000e+02  -3.0276737e+02   6.1539230e+02
   7.9300000e+02  -1.1066765e+04  -1.2127060e+04
   7.9400000e+02  -4.7347305e+03   1.1474826e+04
   7.9500000e+02   1.2048626e+04   4.4465728e+04
   7.9600000e+02  -4.9820044e+03   1.9996125e+04
   7.9700000e+02  -1.1778853e+04  -1.3700133e+04
   7.9800000e+02   2.1498228e+03  -1.3390933e+03
   7.9900000e+02  -7.6367114e+02   1.5757171e+04
   8.0000000e+02   4.7612754e+03   1.6693279e+04
   8.0100000e+02   2.1459333e+04   1.6556595e+03
   8.0200000e+02   1.1560309e+04  -3.0173405e+04
   8.0300000e+02  -1.4854381e+03  -3.2097736e+04
   8.0400000e+02   6.3960766e+03   1.1153120e+02
   8.0500000e+02   1.6739096e+04   6.4455243e+03
   8.0600000e+02   2.6748330e+04  -7.9628992e+03
   8.0700000e+02   1.6932999e+04  -8.1971400e+03
   8.0800000e+02  -1.2446021e+04  -1.5598268e+03
   8.0900000e+02   5.5682549e+03   1.6991691e+04
   8.1000000e+02   4.8960279e+04   2.6074695e+04
   8.1100000e+02   2.6105858e+04  -5.6716916e+03
   8.1200000e+02  -2.2103295e+04  -2.2301670e+04
   8.1300000e+02  -1.7195887e+04   2.7008414e+03
   8.1400000e+02   1.0824114e+04   1.9670156e+04
   8.1500000e+02   2.2529262e+04   1.5354818e+04
   8.1600000e+02   7.8319760e+03  -8.2660670e+03
   8.1700000e+02  -2.4161096e+04  -3.3393674e+04
   8.1800000e+02  -1.2948514e+04  -1.8654597e+04
   8.1900000e+02   3.1840863e+04   5.3132469e+03
   8.2000000e+02   2.4670880e+04  -1.1566127e+04
   8.2100000e+02  -1.2458249e+04  -3.0298237e+04
   8.2200000e+02  -1.6376271e+04  -1.7684594e+04
   8.2300000e+02   4.7741721e+03  -7.9793645e+03
   8.2400000e+02   2.8613053e+04  -5.2487198e+03
   8.2500000e+02   2.1811605e+04  -2.5072546e+03
   8.2600000e+02  -8.2401847e+03  -1.3504258e+04
   8.2700000e+02   9.8867705e+02  -7.9882539e+03
   8.2800000e+02   2.7469817e+04   1.1221625e+04
   8.2900000e+02   1.4284725e+04   3.9372666e+03
   8.3000000e+02  -1.1644792e+03   1.9573023e+03
   8.3100000e+02   7.1905655e+03   1.6977811e+04
   8.3200000e+02   3.6265456e+03   6.0168524e+03
   8.3300000e+02  -3.7990296e+03  -2.3233298e+04
   8.3400000e+02   6.6876543e+02  -3.3042593e+04
   8.3500000e+02   6.5629739e+02  -7.1743280e+03
   8.3600000e+02   6.2271762e+03   2.7180012e+04
   8.3700000e+02   1.6825764e+03   8.9248423e+03
   8.3800000e+02  -2.9921060e+04  -4.3517628e+04
   8.3900000e+02  -3.2339332e+04  -3.8402245e+04
   8.4000000e+02  -5.2144130e+03  -2.3669339e+03
   8.4100000e+02  -4.5902347e+03  -1.7913411e+04
   8.4200000e+02  -1.2911819e+04  -2.8047016e+04
   8.4300000e+02  -8.1520260e+03   2.1328075e+03
   8.4400000e+02  -2.2933185e+03   6.4754561e+03
   8.4500000e+02   8.8735655e+03  -3.9136461e+02
   8.4600000e+02   2.3515612e+03   6.3991650e+03
   8.4700000e+02  -3.1931388e+04   1.0179887e+03
   8.4800000e+02  -2.7269099e+04   8.8971225e+03
   8.4900000e+02   1.7942563e+04   2.7870553e+04
   8.5000000e+02   2.2532971e+04   1.5092048e+04
   8.5100000e+02   4.2378220e+02  -6.0802334e+02
   8.5200000e+02  -7.4133180e+03   6.5401400e+03
   8.5300000e+02  -2.4504679e+04   5.3796656e+03
   8.5400000e+02  -3.0493020e+04   2.4847097e+03
   8.5500000e+02  -8.2816609e+03   1.1830757e+04
   8.5600000e+02   4.6342698e+03   5.3221294e+03
   8.5700000e+02   6.4196589e+03  -5.9546402e+03
   8.5800000e+02  -1.0048112e+03  -1.2525051e+03
   8.5900000e+02  -1.8853902e+04   6.9372214e+02
   8.6000000e+02  -1.1219096e+04   8.0692577e+03
   8.6100000e+02   4.1346047e+03   1.9352626e+04
   8.6200000e+02  -1.0208444e+04   1.1184712e+04
   8.6300000e+02  -1.4867194e+04   9.4539398e+03
   8.6400000e+02  -4.7232715e+03   1.5171630e+04
   8.6500000e+02  -1.0048439e+04  -1.3175631e+02
   8.6600000e+02  -1.3439387e+03   3.8420242e+03
   8.6700000e+02   5.8584324e+03   3.0333553e+04
   8.6800000e+02  -1.8535573e+04   1.5291052e+04
   8.6900000e+02  -1.5283299e+04  -9.0037730e+03
   8.7000000e+02   1.0327038e+04   7.6814223e+03
   8.7100000e+02   1.3500108e+03   2.2314829e+04
   8.7200000e+02  -6.8574745e+02   1.8289075e+04
   8.7300000e+02   1.4892017e+04   6.8497361e+03
   8.7400000e+02  -1.1749528e+03  -1.0654690e+04
   8.7500000e+02  -8.2127063e+03  -6.9895504e+03
   8.7600000e+02   2.1399103e+04   4.1045738e+03
   8.7700000e+02   2.3609954e+04   3.4806220e+03
   8.7800000e+02  -1.1328676e+03   2.0847083e+04
   8.7900000e+02  -8.3639827e+03   2.4934638e+04
   8.8000000e+02  -4.3929972e+03  -1.2822580e+04
   8.8100000e+02   1.2626342e+04  -1.9199253e+04
   8.8200000e+02   2.3446731e+04   1.7365031e+04
   8.8300000e+02  -4.3904985e+03   2.3938228e+04
   8.8400000e+02  -2.3434869e+04   4.2846540e+03
   8.8500000e+02  -4.9947185e+03  -8.0401988e+03
   8.8600000e+02   1.4137580e+04  -8.4512638e+03
   8.8700000e+02   2.2872995e+04   1.5444221e+04
   8.8800000e+02   7.6369588e+03   2.5130978e+04
   8.8900000e+02  -2.9388570e+04  -9.9533253e+03
   8.9000000e+02  -2.3656695e+04  -3.1097755e+04
   8.9100000e+02   2.1677153e+04  -1.9444570e+04
   8.9200000e+02   3.2301872e+04  -6.3887841e+03
   8.9300000e+02   1.7417499e+04   7.0548707e+03
   8.9400000e+02   1.1268795e+04   5.3068305e+03
   8.9500000e+02   5.5849510e+03  -1.5060868e+04
   8.9600000e+02   1.6652009e+04  -1.7613218e+04
   8.9700000e+02   2.7331519e+04  -1.5250005e+04
   8.9800000e+02   5.2696736e+03  -3.3424704e+04
   8.9900000e+02  -4.5691063e+03  -2.6178643e+04
   9.0000000e+02   4.6249511e+03   8.5197600e+03
   9.0100000e+02  -3.6814180e+03   1.0907527e+04
   9.0200000e+02  -1.0340579e+03   1.8683104e+03
   9.0300000e+02   1.0998684e+04  -1.3596807e+03
   9.0400000e+02  -5.1433103e+03  -3.2184179e+04
   9.0500000e+02  -1.0256379e+04  -4.2108056e+04
   9.0600000e+02   1.4626296e+04  -3.4151951e+03
   9.0700000e+02   1.2763787e+04   2.0224590e+04
   9.0800000e+02  -1.0581405e+04   1.3573952e+04
   9.0900000e+02  -7.4977620e+03  -1.2545514e+04
   9.1000000e+02   1.3508196e+04  -4.0439930e+04
   9.1100000e+02   2.6585101e+04  -1.4213279e+04
   9.1200000e+02   9.0132941e+03   1.9910080e+04
   9.1300000e+02  -2.2483122e+04  -1.9466997e+04
   9.1400000e+02  -5.7821688e+03  -4.7571797e+04
   9.1500000e+02   2.9634106e+04  -7.3286374e+03
   9.1600000e+02   1.1778358e+04   1.3754102e+04
   9.1700000e+02  -2.1030646e+04   5.3429243e+03
   9.1800000e+02  -2.1954074e+04   4.2411740e+03
   9.1900000e+02  -1.2146361e+04  -5.4517985e+03
   9.2000000e+02  -9.5930495e+02  -5.0336748e+03
   9.2100000e+02   1.0109081e+03   6.1555382e+03
   9.2200000e+02  -1.7039992e+04  -2.2020358e+03
   9.2300000e+02  -1.7203957e+04  -4.8310339e+03
   9.2400000e+02   4.0644454e+03   6.5226644e+03
   9.2500000e+02   7.5154078e+03   1.0069016e+04
   9.2600000e+02   7.2753856e+03   1.4222465e+04
   9.2700000e+02   7.0736225e+03   4.1488826e+03
   9.2800000e+02  -8.3441127e+03  -2.3703835e+04
   9.2900000e+02  -1.6776162e+03  -1.4272841e+04
   9.3000000e+02   1.5555684e+04   1.9051528e+04
   9.3100000e+02  -2.7182544e+03   1.8723558e+04
   9.3200000e+02  -1.4349871e+04   1.2754751e+04
   9.3300000e+02  -4.6687344e+02   1.4355376e+04
   9.3400000e+02  -1.1464797e+04  -1.4783278e+03
   9.3500000e+02  -2.5659898e+04  -1.5592826e+03
   9.3600000e+02  -5.4295262e+03   1.6116305e+04
   9.3700000e+02   4.3367289e+03   1.5403813e+04
   9.3800000e+02  -1.6613993e+04   1.4710720e+04
   9.3900000e+02  -3.2980325e+04   1.2709597e+04
   9.4000000e+02  -1.7121619e+04  -6.7169225e+03
   9.4100000e+02   2.5543747e+04   1.0547376e+03
   9.4200000e+02   2.3284761e+04   2.8295512e+04
   9.4300000e+02  -3.9461383e+04   1.1710375e+04
   9.4400000e+02  -4.9331678e+04  -1.5343514e+04
   9.4500000e+02   8.6492678e+03  -9.8742090e+03
   9.4600000e+02   2.6735516e+04   1.2143501e+03
   9.4700000e+02  -2.0962392e+03   2.3223829e+04
   9.4800000e+02  -1.8446450e+04   3.8546498e+04
   9.4900000e+02  -1.9113486e+04   9.8476475e+03
   9.5000000e+02  -1.0713255e+04  -6.0847127e+03
   9.5100000e+02   1.7001162e+02   1.5023444e+04
   9.5200000e+02  -1.7259191e+03   2.0961732e+04
   9.5300000e+02   2.7637441e+03   1.4397105e+04
   9.5400000e+02   8.6877011e+03   5.6882601e+03
   9.5500000e+02  -2.8390904e+03  -8.5846742e+03
   9.5600000e+02   6.4485000e+03   6.5347227e+03
   9.5700000e+02   1.7461968e+04   2.8985386e+04
   9.5800000e+02  -9.0892343e+03   3.9071637e+03
   9.5900000e+02  -1.3297274e+04  -2.7281216e+04
   9.6000000e+02   8.3835467e+03  -2.7247710e+04
   9.6100000e+02   5.8246988e+03  -1.2310352e+04
   9.6200000e+02   5.1422707e+03   2.1990216e+04
   9.6300000e+02   7.6565625e+03   2.9814590e+04
   9.6400000e+02  -1.1954955e+04  -1.5411048e+04
   9.6500000e+02  -1.7067552e+04  -2.6471541e+04
   9.6600000e+02   4.9706558e+03   4.4045880e+03
   9.6700000e+02   1.5499909e+04   6.8491955e+03
   9.6800000e+02   1.2670169e+04  -1.6632057e+03
   9.6900000e+02   7.7509579e+03  -4.7335406e+03
   9.7000000e+02   2.9491245e+03  -2.0999685e+04
   9.7100000e+02   2.3684435e+04  -1.7836008e+04
   9.7200000e+02   4.0557749e+04   7.1280250e+03
   9.7300000e+02   8.1893020e+03   4.2231153e+03
   9.7400000e+02  -1.3980975e+04  -9.0204625e+03
   9.7500000e+02   7.6016025e+03  -6.7656654e+03
   9.7600000e+02   2.5994980e+04  -1.0316188e+04
   9.7700000e+02   3.1059531e+04   1.9207952e+02
   9.7800000e+02   1.6576590e+04   1.1469643e+04
   9.7900000e+02  -2.0007435e+04  -2.0328022e+04
   9.8000000e+02  -2.7639233e+04  -3.3116774e+04
   9.8100000e+02  -9.2570700e+02  -4.2168798e+03
   9.8200000e+02   6.6049504e+03  -2.8668255e+03
   9.8300000e+02  -3.7013945e+03  -1.3537295e+04
   9.8400000e+02  -4.1839695e+03  -9.7692701e+03
   9.8500000e+02   3.6299592e+03  -1.5123115e+04
   9.8600000e+02   2.2047073e+04  -4.0442767e+03
   9.8700000e+02   2.6476428e+04   1.5718295e+04
   9.8800000e+02   1.9396688e+03  -6.5010678e+03
   9.8900000e+02   4.5376116e+03  -2.9242188e+04
   9.9000000e+02   2.9963562e+04  -1.6215938e+04
   9.9100000e+02   2.0339456e+04  -2.8039232e+03
   9.9200000e+02   6.6696065e+03   1.1132529e+04
   9.9300000e+02   1.4221598e+04   1.0823402e+04
   9.9400000e+02   6.3730279e+03  -2.3517658e+04
   9.9500000e+02  -8.9388096e+03  -2.5038590e+04
   9.9600000e+02  -1.1181282e+04   1.4726433e+04
   9.9700000e+02  -1.1161267e+04   1.8685791e+04
   9.9800000e+02  -2.5680373e+03  -6.1023370e+03
   9.9900000e+02  -7.6376901e+02  -1.4585850e+04
   1.0000000e+03  -2.7456525e+04  -1.1465514e+04
   1.0010000e+03  -2.8214805e+04   1.9524420e+03
   1.0020000e+03   8.9364224e+03   1.8235494e+04
   1.0030000e+03   9.8628917e+03   1.3527040e+04
   1.0040000e+03  -1.4451979e+04  -1.1218261e+03
   1.0050000e+03  -1.0780978e+04  -1.3771743e+04
   1.0060000e+03  -8.4855262e+02  -1.9600137e+04
   1.0070000e+03  -7.7515242e+02   3.4495701e+03
   1.0080000e+03  -6.4015964e+03   1.9666151e+04
   1.0090000e+03  -2.2396323e+04  -3.3329723e+03
   1.0100000e+03  -2.0506663e+04  -8.7025325e+03
   1.0110000e+03   9.1644300e+02   1.0163177e+04
   1.0120000e+03  -3.8522738e+03   1.0819756e+04
   1.0130000e+03  -2.2142088e+04   1.0148355e+04
   1.0140000e+03  -2.3482347e+04   7.8670253e+03
   1.0150000e+03  -1.9257747e+04  -7.2467153e+03
   1.0160000e+03  -2.8697081e+02   3.4255860e+03
   1.0170000e+03   1.9544778e+04   2.9805739e+04
   1.0180000e+03   4.1379017e+03   2.3757472e+04
   1.0190000e+03  -1.4982718e+04   6.2702856e+03
   1.0200000e+03  -1.5487160e+04  -3.2901097e+03
   1.0210000e+03  -1.5247225e+04  -1.3191807e+04
   1.0220000e+03  -7.0542893e+03   6.8614353e+03
   1.0230000e+03   2.3402328e+03   3.5549571e+04
   1.0240000e+03   2.4795016e+03   1.7578622e+04
   1.0250000e+03   5.9159063e+03  -8.5661429e+03
   1.0260000e+03  -4.3648208e+03  -9.9099529e+03
   1.0270000e+03  -2.6715919e+04  -2.4675862e+03
   1.0280000e+03  -1.5090108e+04   1.7229621e+04
   1.0290000e+03   8.8455640e+03   1.2402533e+04
   1.0300000e+03  -3.8016400e+00  -2.5736758e+04
   1.0310000e+03  -3.8606337e+03  -1.0906640e+04
   1.0320000e+03   7.8957234e+03   4.1411990e+04
   1.0330000e+03  -1.3172843e+03   3.1584049e+04
   1.0340000e+03  -5.8555253e+03  -9.2296158e+03
   1.0350000e+03   4.7344078e+03  -1.5786468e+04
   1.0360000e+03   7.8196023e+02   4.1762274e+03
   1.0370000e+03   5.1958835e+03   3.6884939e+04
   1.0380000e+03   1.6387076e+04   3.2587823e+04
   1.0390000e+03  -2.6085665e+03  -1.7427252e+04
   1.0400000e+03  -1.1791790e+04  -1.8199281e+04
   1.0410000e+03   5.5319868e+03   2.2669745e+04
   1.0420000e+03  -3.8816620e+01   1.5028317e+04
   1.0430000e+03   1.9424592e+03  -1.3761882e+04
   1.0440000e+03   2.9534696e+04  -1.8999415e+04
   1.0450000e+03   1.9173188e+04  -1.9248876e+04
   1.0460000e+03  -7.4418508e+03  -2.9407615e+03
   1.0470000e+03  -2.2983123e+03   1.7944369e+04
   1.0480000e+03   9.8151133e+03  -3.6567980e+03
   1.0490000e+03   1.6264058e+04  -2.7540540e+04
   1.0500000e+03   9.3557881e+03  -1.1076903e+04
   1.0510000e+03  -1.4971489e+03   9.8786343e+03
   1.0520000e+03   1.5671535e+04   2.1453655e+04
   1.0530000e+03   2.7991693e+04   7.4346697e+03
   1.0540000e+03   1.0217859e+04  -3.1909467e+04
   1.0550000e+03   2.5718340e+02  -1.6539865e+04
   1.0560000e+03  -3.4300209e+03   3.6430776e+04
   1.0570000e+03  -1.3649679e+04   2.3976986e+04
   1.0580000e+03  -2.8715989e+02  -1.9781644e+04
   1.0590000e+03   1.4653673e+04  -2.5043800e+04
   1.0600000e+03  -2.9830833e+03  -2.0477744e+04
   1.0610000e+03   2.9628330e+02  -1.6454090e+04
   1.0620000e+03   2.6348599e+04  -1.7569030e+03
   1.0630000e+03   1.1700437e+04  -3.8588171e+03
   1.0640000e+03  -6.0616613e+03  -1.9910526e+04
   1.0650000e+03   1.1886903e+04  -3.0265249e+04
   1.0660000e+03   2.0786625e+04  -2.6469744e+04
   1.0670000e+03   1.5636154e+04   1.1654523e+04
   1.0680000e+03   1.2746779e+04   3.4228779e+04
   1.0690000e+03   4.2493827e+03  -8.6470582e+03
   1.0700000e+03   1.8600938e+03  -3.3807249e+04
   1.0710000e+03  -2.3240171e+03  -1.0756513e+03
   1.0720000e+03  -2.0937600e+04   1.3762162e+04
   1.0730000e+03  -1.0296470e+04  -8.7427936e+02
   1.0740000e+03   2.2648930e+04  -1.0136480e+04
   1.0750000e+03   7.5939178e+03  -1.6734910e+04
   1.0760000e+03  -2.9752136e+04  -6.8060136e+03
   1.0770000e+03  -2.7534751e+04   1.3970316e+04
   1.0780000e+03  -3.9537970e+03   3.0045505e+02
   1.0790000e+03   1.2256581e+04  -2.7119872e+04
   1.0800000e+03   6.1251836e+03  -2.9287709e+04
   1.0810000e+03  -1.6333366e+04  -1.6371084e+04
   1.0820000e+03  -1.8694624e+04   1.0447570e+04
   1.0830000e+03  -1.0057573e+04   1.7487186e+04
   1.0840000e+03  -1.0026586e+04  -1.8147061e+04
   1.0850000e+03   7.2118495e+03  -2.3267753e+04
   1.0860000e+03   2.3455933e+04   1.2294358e+04
   1.0870000e+03   3.8423553e+02   2.0116959e+04
   1.0880000e+03  -2.1534692e+04   6.2994802e+03
   1.0890000e+03  -1.2219112e+04  -8.7798768e+03
   1.0900000e+03   1.2470602e+02  -2.0547344e+04
   1.0910000e+03   9.1811912e+03   1.1144803e+04
   1.0920000e+03   2.9842129e+02   5.2205677e+04
   1.0930000e+03  -3.1659537e+04   2.1253067e+04
   1.0940000e+03  -2.7128477e+04  -2.8206307e+04
   1.0950000e+03   1.0041350e+04  -1.6819243e+04
   1.0960000e+03   1.1609721e+04   1.8312240e+04
   1.0970000e+03  -1.0305545e+04   3.0968161e+04
   1.0980000e+03  -2.0201797e+04   6.2111430e+03
   1.0990000e+03  -2.3987984e+04  -2.8696760e+04
   1.1000000e+03  -1.4800473e+04  -8.2540380e+03
   1.1010000e+03  -4.5237033e+02   3.6470362e+04
   1.1020000e+03  -5.1693241e+03   3.2902065e+04
   1.1030000e+03  -6.8627501e+03   7.4694547e+03
   1.1040000e+03   2.3572970e+02  -3.9975154e+02
   1.1050000e+03  -9.2688876e+03   3.1335706e+03
   1.1060000e+03  -5.0930157e+03   1.8410118e+04
   1.1070000e+03   1.8442006e+04   3.3115195e+04
   1.1080000e+03   1.2504967e+04   2.1421078e+04
   1.1090000e+03  -3.9265546e+03   6.8480358e+02
   1.1100000e+03   4.7446310e+02  -8.0237616e+03
   1.1110000e+03   5.5945059e+03  -5.9172029e+03
   1.1120000e+03   6.1528643e+03   1.9666516e+04
   1.1130000e+03  -5.6065411e+03   3.4215419e+04
   1.1140000e+03  -2.7685657e+04   5.0818778e+03
   1.1150000e+03  -1.4629064e+04  -7.7136414e+03
   1.1160000e+03   1.6197635e+04   5.6879134e+03
   1.1170000e+03   1.7576867e+03  -2.3213500e+01
   1.1180000e+03  -2.0557954e+04   9.9885569e+02
   1.1190000e+03  -1.2970694e+03   1.4767273e+04
   1.1200000e+03   1.8516997e+04   4.5815101e+03
   1.1210000e+03   1.5938000e+04  -1.0435579e+04
   1.1220000e+03  -8.8152579e+02  -1.1669121e+04
   1.1230000e+03  -2.0167545e+04  -1.5345657e+04
   1.1240000e+03   8.6355260e+02  -2.4960010e+03
   1.1250000e+03   4.3375122e+04   2.5633436e+04
   1.1260000e+03   3.9073721e+04   1.7825122e+04
   1.1270000e+03   6.2805485e+02  -1.3826639e+04
   1.1280000e+03  -2.4360704e+04  -2.5316170e+04
   1.1290000e+03  -1.4843730e+04  -1.4900335e+04
   1.1300000e+03   2.8564907e+04   1.1609115e+04
   1.1310000e+03   4.6201656e+04   1.9084479e+04
   1.1320000e+03   1.2738667e+03  -8.1828943e+03
   1.1330000e+03  -2.7853838e+04  -1.5247016e+04
   1.1340000e+03   1.7936015e+03  -2.0478103e+03
   1.1350000e+03   2.3073852e+04  -1.0129559e+04
   1.1360000e+03   7.8305658e+03  -1.1288405e+04
   1.1370000e+03  -1.2852661e+04   3.4402739e+03
   1.1380000e+03  -1.4665607e+04  -5.3257211e+03
   1.1390000e+03   9.0040830e+03  -1.8720100e+04
   1.1400000e+03   2.1549482e+04  -1.5961945e+04
   1.1410000e+03   7.7613690e+03  -2.0137172e+04
   1.1420000e+03   5.4751975e+03  -1.5995975e+04
   1.1430000e+03   5.3349272e+02  -5.4677859e+03
   1.1440000e+03  -2.4797800e+04  -1.9048050e+04
   1.1450000e+03  -1.0469027e+04  -2.0216117e+04
   1.1460000e+03   3.8749786e+04  -2.8173946e+03
   1.1470000e+03   3.8874425e+04  -1.4027725e+04
   1.1480000e+03   4.0680335e+03  -2.2041035e+04
   1.1490000e+03  -1.0982790e+04   1.4938981e+03
   1.1500000e+03  -1.4130117e+04   1.1615028e+04
   1.1510000e+03   4.9759107e+03   3.7366733e+03
   1.1520000e+03   3.3206238e+04  -3.8467858e+03
   1.1530000e+03   1.8987110e+04  -1.4998800e+04
   1.1540000e+03  -4.9936134e+03  -5.4091351e+03
   1.1550000e+03  -2.2201181e+03   1.1568741e+04
   1.1560000e+03  -6.8019882e+03  -5.4547766e+03
   1.1570000e+03  -1.6650282e+04  -1.5936211e+04
   1.1580000e+03  -1.1711503e+04  -4.1123284e+03
   1.1590000e+03  -9.5635496e+03  -7.2488922e+03
   1.1600000e+03  -4.1016116e+03  -2.5871764e+03
   1.1610000e+03   1.1526439e+04   6.4944987e+03
   1.1620000e+03   5.9173388e+03  -8.9627578e+03
   1.1630000e+03  -8.2806748e+03  -5.2704680e+03
   1.1640000e+03  -5.8664122e+03   1.7676251e+04
   1.1650000e+03  -1.1621962e+04   4.0066372e+03
   1.1660000e+03  -9.1408639e+03  -1.5765044e+04
   1.1670000e+03   1.8116110e+04   1.5546477e+03
   1.1680000e+03   2.1901215e+04   2.0030963e+04
   1.1690000e+03  -1.6216064e+03   2.0887911e+04
   1.1700000e+03  -2.4307702e+04   9.0672504e+03
   1.1710000e+03  -3.7592034e+04  -1.6290422e+04
   1.1720000e+03  -1.8994165e+04  -1.2051397e+04
   1.1730000e+03   1.4248599e+04   1.7353772e+04
   1.1740000e+03   1.3829498e+04   1.1574153e+04
   1.1750000e+03  -1.0849038e+04  -1.1437319e+02
   1.1760000e+03  -2.9831672e+04   1.1839190e+04
   1.1770000e+03  -3.2532627e+04   1.0479493e+04
   1.1780000e+03  -9.2520508e+03   6.6084422e+03
   1.1790000e+03   1.1018856e+04   1.0085971e+04
   1.1800000e+03  -3.1225314e+03   2.5453578e+03
   1.1810000e+03  -1.5748966e+04   1.3109067e+04
   1.1820000e+03  -1.1529595e+04   3.1523128e+04
   1.1830000e+03  -5.6198747e+03   9.9946019e+03
   1.1840000e+03   1.4509234e+04  -6.7995725e+03
   1.1850000e+03   1.1980875e+04   1.0407219e+04
   1.1860000e+03  -3.0374782e+04   1.3886706e+04
   1.1870000e+03  -2.8989737e+04   1.0860495e+04
   1.1880000e+03   1.7862726e+04   7.6484335e+03
   1.1890000e+03   2.2789226e+04  -1.1392120e+04
   1.1900000e+03  -8.9188843e+03   2.1514812e+03
   1.1910000e+03  -2.7611654e+04   3.2330757e+04
   1.1920000e+03  -2.3154108e+04   9.2211948e+03
   1.1930000e+03   9.3339254e+03  -2.0279533e+04
   1.1940000e+03   3.1855622e+04  -4.4452020e+03
   1.1950000e+03   2.0420959e+03   1.6086547e+04
   1.1960000e+03  -2.3344713e+04   1.8374384e+04
   1.1970000e+03  -5.2685444e+03   7.7349706e+03
   1.1980000e+03   1.0442902e+04  -8.6539839e+03
   1.1990000e+03   8.7560157e+03  -4.2785305e+03
   1.2000000e+03  -4.9432128e+03   1.0084236e+04
   1.2010000e+03  -2.0571216e+04   4.5278289e+03
   1.2020000e+03  -2.0000802e+03   1.4171560e+03
   1.2030000e+03   2.4240015e+04   5.2362156e+03
   1.2040000e+03   7.7824823e+03  -4.5768349e+03
   1.2050000e+03  -1.0471665e+04  -5.3537669e+03
   1.2060000e+03   3.7971896e+03   6.1821247e+03
   1.2070000e+03   9.4651664e+03   3.4770358e+03
   1.2080000e+03   3.5479457e+03  -7.1198797e+03
   1.2090000e+03   8.6228898e+03  -1.5750620e+04
   1.2100000e+03   7.7701919e+03  -1.7663498e+04
   1.2110000e+03   1.1183056e+04  -1.1994545e+03
   1.2120000e+03   2.1285792e+04   5.6448211e+03
   1.2130000e+03   1.1179638e+04  -1.9888296e+04
   1.2140000e+03   1.1455384e+04  -2.7671129e+04
   1.2150000e+03   2.5821612e+04  -6.0568467e+03
   1.2160000e+03   1.3282536e+04  -9.6115261e+02
   1.2170000e+03   4.2805363e+03   3.9025221e+03
   1.2180000e+03   1.1994673e+04   9.0846440e+03
   1.2190000e+03  -1.8973056e+02  -1.7233020e+04
   1.2200000e+03  -6.2110390e+03  -2.6800041e+04
   1.2210000e+03   1.5168313e+04  -1.0228012e+03
   1.2220000e+03   2.4313117e+04   7.8735915e+03
   1.2230000e+03   8.6104138e+03  -3.1923250e+03
   1.2240000e+03  -1.6690057e+04  -1.4698488e+04
   1.2250000e+03  -2.4819517e+04  -1.3469216e+04
   1.2260000e+03   1.3667394e+04   6.0380626e+03
   1.2270000e+03   4.1369785e+04   1.6806269e+03
   1.2280000e+03   1.5410968e+03  -3.1179549e+04
   1.2290000e+03  -2.6386090e+04  -2.9719576e+04
   1.2300000e+03   2.3520448e+03  -6.1819142e+03
   1.2310000e+03   2.0593869e+04  -8.6553501e+03
   1.2320000e+03   1.5887244e+04  -1.0209067e+03
   1.2330000e+03   1.0593314e+04   1.7441718e+04
   1.2340000e+03  -9.1192070e+02  -3.5384254e+03
   1.2350000e+03  -5.0111852e+02  -2.4798646e+04
   1.2360000e+03   3.8364070e+02  -8.9066985e+03
   1.2370000e+03  -1.6481588e+04   6.0679235e+03
   1.2380000e+03  -2.6205306e+02   9.9252473e+03
   1.2390000e+03   2.6946264e+04   6.0031860e+03
   1.2400000e+03  -2.8480700e+03  -8.0955956e+03
   1.2410000e+03  -2.8371380e+04   8.3853862e+02
   1.2420000e+03  -1.3441162e+04   1.9300575e+04
   1.2430000e+03  -9.1212528e+03   1.0491721e+03
   1.2440000e+03   4.0714244e+02  -1.3186173e+04
   1.2450000e+03   1.1103572e+04   3.0116269e+03
   1.2460000e+03  -1.8306088e+04   6.9275249e+03
   1.2470000e+03  -3.5114696e+04   6.2012098e+03
   1.2480000e+03  -5.0289521e+03   8.8020662e+03
   1.2490000e+03   1.1796062e+04  -3.6176058e+03
   1.2500000e+03  -2.3403586e+03  -6.1181429e+03
   1.2510000e+03  -1.6743797e+04   2.5811659e+02
   1.2520000e+03  -2.2071592e+04  -9.4904850e+01
   1.2530000e+03  -3.2761740e+03   1.2141475e+04
   1.2540000e+03   1.8702980e+04   1.5439820e+04
   1.2550000e+03  -4.6754900e+03  -3.8926016e+03
   1.2560000e+03  -3.3293255e+04   1.2818937e+03
   1.2570000e+03  -2.4816553e+04   1.7969027e+04
   1.2580000e+03  -1.0337351e+04  -2.2976976e+03
   1.2590000e+03  -2.5552901e+03  -1.5910359e+04
   1.2600000e+03  -1.5276335e+04   8.7295676e+03
   1.2610000e+03  -4.1873063e+04   2.4955978e+04
   1.2620000e+03  -2.2100648e+04   2.3571140e+04
   1.2630000e+03   2.3610446e+04   6.5644118e+03
   1.2640000e+03   2.4000045e+04  -2.1364626e+04
   1.2650000e+03  -7.2660428e+03  -3.5590149e+03
   1.2660000e+03  -2.9137818e+04   3.2205706e+04
   1.2670000e+03  -2.5043908e+04   1.1335887e+04
   1.2680000e+03   1.0846387e+04  -1.2386801e+04
   1.2690000e+03   3.2593510e+04   8.1787056e+03
   1.2700000e+03   6.1594994e+03   1.9662821e+04
   1.2710000e+03  -1.3650235e+04   1.0431525e+04
   1.2720000e+03  -7.2018057e+03   2.5034733e+03
   1.2730000e+03  -2.3188273e+03  -8.0314920e+03
   1.2740000e+03   2.0001691e+04   2.0863208e+03
   1.2750000e+03   2.8235321e+04   2.8339153e+04
   1.2760000e+03  -1.6375103e+04   2.4964219e+04
   1.2770000e+03  -3.0083865e+04   1.3043388e+04
   1.2780000e+03   1.5434387e+04   3.9476382e+03
   1.2790000e+03   2.9208147e+04  -2.5795808e+04
   1.2800000e+03  -3.0877593e+02  -2.2561157e+04
   1.2810000e+03  -1.4708733e+04   1.8960813e+04
   1.2820000e+03  -6.4138047e+03   1.8834927e+04
   1.2830000e+03   7.5531600e+03  -4.6895181e+03
   1.2840000e+03   1.1238730e+04  -3.3093959e+03
   1.2850000e+03   3.9927698e+03  -2.6295085e+03
   1.2860000e+03   1.3642544e+04  -4.8726967e+03
   1.2870000e+03   2.1201043e+04   9.0820006e+02
   1.2880000e+03  -7.2210285e+02   3.6013866e+03
   1.2890000e+03  -2.0102493e+03   1.3458208e+04
   1.2900000e+03   2.4890379e+04   6.6828293e+03
   1.2910000e+03   2.5432238e+04  -3.0298492e+04
   1.2920000e+03   6.1238471e+03  -1.8657986e+04
   1.2930000e+03  -6.1443982e+03   2.9869669e+04
   1.2940000e+03  -2.4280292e+03   9.2181439e+03
   1.2950000e+03   2.2055704e+04  -4.4491726e+04
   1.2960000e+03   2.8837588e+04  -4.3539359e+04
   1.2970000e+03   4.4541655e+03  -4.9232709e+03
   1.2980000e+03   1.4228983e+03   2.2743526e+04
   1.2990000e+03   1.6570717e+04   1.7119991e+03
   1.3000000e+03   9.4207441e+03  -3.8932321e+04
   1.3010000e+03  -1.0421698e+03  -1.6899246e+04
   1.3020000e+03  -8.2808834e+03   2.4628759e+04
   1.3030000e+03  -1.9031128e+04   5.9328912e+03
   1.3040000e+03   1.3475803e+03  -1.0721993e+04
   1.3050000e+03   3.3334662e+04  -5.2028913e+03
   1.3060000e+03   1.8635033e+04  -2.5421535e+04
   1.3070000e+03  -2.1689303e+04  -1.3770815e+04
   1.3080000e+03  -3.4609715e+04   2.7936953e+04
   1.3090000e+03  -8.5157888e+03   7.0832962e+03
   1.3100000e+03   2.9718853e+04  -3.8700931e+04
   1.3110000e+03   2.9542479e+04  -3.6603090e+04
   1.3120000e+03  -1.0298837e+04  -3.1836759e+03
   1.3130000e+03  -2.1649047e+04   2.7053944e+04
   1.3140000e+03   7.0530238e+02   1.7300163e+04
   1.3150000e+03   3.2856102e+03  -2.6595233e+04
   1.3160000e+03   6.4105294e+03  -3.2303753e+04
   1.3170000e+03   1.7503830e+04   7.0146339e+03
   1.3180000e+03  -5.3841327e+03   1.6581075e+04
   1.3190000e+03  -2.0209339e+04  -1.0303880e+04
   1.3200000e+03   8.3557328e+02  -2.8894248e+04
   1.3210000e+03   4.2382601e+03  -2.6721394e+04
   1.3220000e+03  -3.5082385e+03   7.9718678e+03
   1.3230000e+03  -1.5899347e+03   3.5325281e+04
   1.3240000e+03  -1.1810266e+04  -5.3168210e+01
   1.3250000e+03  -1.4147461e+04  -3.3073929e+04
   1.3260000e+03  -4.9208818e+03  -1.4801416e+04
   1.3270000e+03  -1.7999346e+04   6.5225281e+03
   1.3280000e+03  -2.6325253e+04   1.8803911e+04
   1.3290000e+03  -1.4341187e+04   1.5622119e+04
   1.3300000e+03  -9.3348536e+03  -1.2501676e+04
   1.3310000e+03   7.2787617e+03  -1.0580791e+04
   1.3320000e+03   1.3505291e+04   2.2832067e+04
   1.3330000e+03  -2.8201014e+04   2.0843067e+04
   1.3340000e+03  -3.4949393e+04  -9.0685029e+02
   1.3350000e+03   1.4609874e+04  -2.6722623e+03
   1.3360000e+03   2.1719414e+04  -1.5688791e+02
   1.3370000e+03  -2.1089656e+03   1.2362389e+04
   1.3380000e+03   2.8763552e+02   2.8178364e+04
   1.3390000e+03  -6.6744249e+02   1.6337734e+04
   1.3400000e+03  -8.0342690e+03   3.8904511e+03
   1.3410000e+03  -6.4073793e+03   4.4697958e+03
   1.3420000e+03  -1.3601786e+04  -3.3698983e+03
   1.3430000e+03  -1.0677871e+04   1.6594994e+03
   1.3440000e+03   2.0685589e+03   1.8303850e+04
   1.3450000e+03  -6.6370464e+03   1.6030740e+04
   1.3460000e+03  -5.5312113e+03   1.1372988e+04
   1.3470000e+03   3.0929064e+03   6.7674772e+03
   1.3480000e+03  -1.9167966e+04  -7.4592031e+03
   1.3490000e+03  -2.1130886e+04   6.9078900e+03
   1.3500000e+03   1.3495175e+04   3.1341502e+04
   1.3510000e+03   2.2252511e+04   9.5291605e+03
   1.3520000e+03   1.0879533e+04  -1.1426548e+04
   1.3530000e+03   4.0839966e+03   8.9359344e+03
   1.3540000e+03  -9.0045820e+03   2.5543370e+04
   1.3550000e+03  -7.9651891e+03   1.9559220e+04
   1.3560000e+03   6.8418153e+03  -3.5190029e+03
   1.3570000e+03   1.2334302e+03  -2.2501193e+04
   1.3580000e+03  -1.2484142e+03   4.9242373e+03
   1.3590000e+03   1.1592614e+04   3.9758743e+04
   1.3600000e+03   2.8513936e+03   2.0411070e+04
   1.3610000e+03  -4.8867850e+03  -7.7007448e+03
   1.3620000e+03   2.2996945e+03  -9.0596626e+03
   1.3630000e+03  -8.9813113e+03  -1.3898102e+04
   1.3640000e+03  -3.0822379e+03  -6.8567549e+03
   1.3650000e+03   3.0770911e+04   1.0342799e+04
   1.3660000e+03   2.5493531e+04  -3.7687119e+02
   1.3670000e+03  -1.0064108e+04  -2.7823639e+03
   1.3680000e+03  -2.2656217e+04   1.1026270e+04
   1.3690000e+03  -5.7544403e+03  -6.4551302e+03
   1.3700000e+03   2.8501473e+04  -2.0885526e+04
   1.3710000e+03   3.5963051e+04  -6.3737764e+03
   1.3720000e+03  -9.2812400e+02  -3.0439727e+03
   1.3730000e+03  -1.4940413e+04  -4.6584096e+03
   1.3740000e+03   4.1153045e+03   3.3019383e+03
   1.3750000e+03   3.9121087e+03  -4.2719958e+02
   1.3760000e+03   4.6090410e+03  -6.2046001e+03
   1.3770000e+03   1.1777286e+04  -1.0266910e+04
   1.3780000e+03  -6.7743851e+03  -3.1694193e+04
   1.3790000e+03  -1.4031157e+04  -3.5190435e+04
   1.3800000e+03   2.8305888e+03  -7.1132018e+03
   1.3810000e+03   5.8033937e+03   2.2280026e+03
   1.3820000e+03   6.6662576e+03  -5.4935934e+03
   1.3830000e+03   1.1724687e+04  -1.4388789e+04
   1.3840000e+03   6.8541062e+03  -2.7832978e+04
   1.3850000e+03   1.3980624e+04  -1.5586532e+04
   1.3860000e+03   2.4676225e+04   7.3913688e+03
   1.3870000e+03   5.5194348e+03   2.7716661e+03
   1.3880000e+03  -8.7471662e+03  -8.6259222e+03
   1.3890000e+03   9.4967566e+03  -1.7755515e+04
   1.3900000e+03   2.0267584e+04  -2.2010873e+04
   1.3910000e+03   1.3456951e+04   6.2727248e+02
   1.3920000e+03  -5.8038261e+01   1.3901709e+04
   1.3930000e+03  -2.1005551e+04  -1.5373052e+04
   1.3940000e+03  -1.5696644e+04  -2.9970549e+04
   1.3950000e+03   1.1942571e+04  -7.3473651e+03
   1.3960000e+03   1.1808146e+04   7.1808780e+03
   1.3970000e+03  -4.0114289e+03   1.2631069e+04
   1.3980000e+03  -9.2263781e+03   4.0534893e+03
   1.3990000e+03  -9.2950544e+03  -2.0298949e+04
   1.4000000e+03   4.8924819e+03  -2.0724060e+03
   1.4010000e+03   1.4383128e+04   2.6373766e+04
   1.4020000e+03  -5.4690858e+03  -6.7603380e+03
   1.4030000e+03  -9.4880604e+03  -3.0638532e+04
   1.4040000e+03   9.9746155e+03   3.5424479e+02
   1.4050000e+03  -1.1284020e+02   1.9358730e+04
   1.4060000e+03  -1.7636193e+04   1.3871493e+04
   1.4070000e+03  -6.7978082e+03   2.4447914e+03
   1.4080000e+03   5.4256554e+03  -1.2779268e+04
   1.4090000e+03   2.0644231e+03   3.6163111e+03
   1.4100000e+03  -1.9920410e+04   3.0582719e+04
   1.4110000e+03  -3.4265106e+04   1.5901763e+04
   1.4120000e+03  -2.6716485e+03   2.3141391e+03
   1.4130000e+03   1.9672274e+04   9.3359675e+03
   1.4140000e+03  -1.6560401e+04   3.8976989e+03
   1.4150000e+03  -4.1134480e+04   1.0915221e+04
   1.4160000e+03  -1.6274829e+04   2.4698259e+04
   1.4170000e+03   9.9649794e+03   5.9129420e+03
   1.4180000e+03   1.9659927e+04  -1.2854061e+04
   1.4190000e+03   1.8287901e+03  -7.4348181e+03
   1.4200000e+03  -3.9985168e+04   3.5537937e+03
   1.4210000e+03  -2.8152795e+04   2.3722784e+04
   1.4220000e+03   2.9903260e+04   2.9727573e+04
   1.4230000e+03   2.4771786e+04  -4.6265407e+03
   1.4240000e+03  -2.4694023e+04  -1.3935097e+04
   1.4250000e+03  -2.8298357e+04   2.1617317e+04
   1.4260000e+03   3.6467407e+03   2.4008399e+04
   1.4270000e+03   2.3020943e+04   8.1208303e+03
   1.4280000e+03   6.8135351e+03   1.4464685e+04
   1.4290000e+03  -2.7621385e+04   4.0005070e+03
   1.4300000e+03  -2.9281294e+04  -4.7552044e+03
   1.4310000e+03  -9.2344376e+03   1.3167240e+04
   1.4320000e+03  -8.5770092e+03   1.5010033e+04
   1.4330000e+03   3.6845748e+03   2.8107987e+03
   1.4340000e+03   2.6038731e+04  -3.4907872e+03
   1.4350000e+03   3.4615694e+03  -4.3859116e+03
   1.4360000e+03  -2.4721657e+04   1.3651069e+04
   1.4370000e+03  -7.7777913e+03   1.5552319e+04
   1.4380000e+03   1.4092826e+04  -2.0704669e+04
   1.4390000e+03   1.2495925e+04  -2.0270363e+04
   1.4400000e+03  -7.2067732e+03   1.5359267e+04
   1.4410000e+03  -1.7327898e+04   6.4008479e+03
   1.4420000e+03   1.4177480e+04  -1.1596431e+04
   1.4430000e+03   3.1686688e+04   2.0089061e+03
   1.4440000e+03  -9.0462055e+03   4.4806276e+03
   1.4450000e+03  -2.9538319e+04   1.7982402e+02
   1.4460000e+03   2.6503350e+03  -2.0388144e+03
   1.4470000e+03   2.3985886e+04  -1.8256375e+04
   1.4480000e+03   2.2711041e+04  -1.3730273e+04
   1.4490000e+03   9.8365151e+03   1.2128369e+04
   1.4500000e+03  -1.2814312e+04   1.1267400e+04
   1.4510000e+03  -6.0091550e+02  -3.5870368e+03
   1.4520000e+03   2.8659246e+04  -1.0413341e+04
   1.4530000e+03   1.0698567e+04  -1.7357283e+04
   1.4540000e+03  -8.9901165e+03  -4.6485929e+03
   1.4550000e+03   1.2495894e+04   1.2623073e+04
   1.4560000e+03   2.3722751e+04  -9.4298342e+03
   1.4570000e+03   1.2337877e+04  -3.4966405e+04
   1.4580000e+03   2.4829133e+03  -2.9614577e+04
   1.4590000e+03  -3.9530535e+03  -1.4447074e+04
   1.4600000e+03   9.4269520e+03   5.3481339e+03
   1.4610000e+03   2.8828940e+04   8.7446827e+03
   1.4620000e+03   1.6144756e+04  -1.8075286e+04
   1.4630000e+03   2.9255539e+03  -2.5172425e+04
   1.4640000e+03   1.0239303e+04   9.8658825e+02
   1.4650000e+03   8.5630038e+03   1.2385227e+04
   1.4660000e+03   1.3476928e+04  -2.4726237e+02
   1.4670000e+03   1.6644934e+04  -1.6265462e+04
   1.4680000e+03  -1.1783852e+04  -1.9828697e+04
   1.4690000e+03  -1.8564119e+04   7.3402099e+03
   1.4700000e+03   6.1587581e+03   2.5467577e+04
   1.4710000e+03   1.0623485e+04  -5.4535329e+03
   1.4720000e+03   1.5042462e+04  -2.4680260e+04
   1.4730000e+03   1.7251956e+04  -1.1783772e+04
   1.4740000e+03  -2.0597255e+04  -9.6750061e+03
   1.4750000e+03  -3.6711953e+04  -2.0854770e+03
   1.4760000e+03   6.6730145e+03   4.2443850e+03
   1.4770000e+03   2.8348247e+04  -9.9668868e+03
   1.4780000e+03   7.7050156e+03   3.2904692e+02
   1.4790000e+03  -6.6849890e+03   2.4475868e+04
   1.4800000e+03  -1.6364257e+04   1.1655869e+04
   1.4810000e+03  -1.6597363e+04  -1.2981055e+04
   1.4820000e+03  -3.9558044e+03  -2.2775130e+04
   1.4830000e+03  -7.6152804e+03  -1.9038357e+04
   1.4840000e+03  -1.0631301e+04   1.7642157e+04
   1.4850000e+03   4.5310389e+02   4.5438604e+04
   1.4860000e+03   1.5584864e+03   6.1631025e+03
   1.4870000e+03   2.2545038e+03  -2.9581832e+04
   1.4880000e+03  -3.0054175e+03  -7.3111987e+03
   1.4890000e+03  -2.8808734e+04   1.4316902e+04
   1.4900000e+03  -2.6803492e+04   1.5016569e+04
   1.4910000e+03   4.4326578e+03   6.0889855e+03
   1.4920000e+03   3.1709456e+03  -1.3613486e+04
   1.4930000e+03  -7.6196847e+03  -1.0093092e+04
   1.4940000e+03   1.5239179e+03   1.6436069e+04
   1.4950000e+03  -9.0460431e+03   2.1121246e+04
   1.4960000e+03  -2.1524338e+04   8.0903996e+03
   1.4970000e+03  -1.2522310e+04  -4.0378011e+03
   1.4980000e+03  -1.1932996e+04  -1.2001348e+04
   1.4990000e+03  -4.7956636e+03   8.7715305e+03
   1.5000000e+03   4.5051900e+03   3.3883980e+04
   1.5010000e+03  -1.6017780e+04   1.1257357e+04
   1.5020000e+03  -2.3785761e+04  -1.6223420e+04
   1.5030000e+03  -7.9796081e+03  -5.3639622e+03
   1.5040000e+03  -1.2447343e+04   1.4855645e+04
   1.5050000e+03  -1.3213969e+04   2.3161676e+04
   1.5060000e+03   5.3429820e+03   2.7037006e+03
   1.5070000e+03   3.9926009e+03  -2.2505819e+04
   1.5080000e+03  -7.6667012e+03   2.6215472e+03
   1.5090000e+03  -7.8487874e+03   3.1986302e+04
   1.5100000e+03  -7.7499470e+03   1.0059542e+04
   1.5110000e+03   2.6801412e+03  -5.4838496e+03
   1.5120000e+03   1.4943426e+04   8.9980709e+03
   1.5130000e+03   6.7159584e+03   3.7232446e+03
   1.5140000e+03   2.9741682e+03  -7.0248932e+03
   1.5150000e+03   4.8864140e+03   4.9013512e+03
   1.5160000e+03  -9.3379664e+03   1.2652890e+04
   1.5170000e+03  -1.1932744e+04   9.6048430e+03
   1.5180000e+03   6.2595226e+03  -3.7133696e+03
   1.5190000e+03   1.4361024e+04  -1.6056495e+04
   1.5200000e+03   1.3483976e+04   1.3184058e+04
   1.5210000e+03   8.2352069e+03   3.8324675e+04
   1.5220000e+03  -7.5018025e+03  -5.3142504e+03
   1.5230000e+03  -5.8979238e+03  -4.4226257e+04
   1.5240000e+03   1.0762781e+04  -9.9518297e+03
   1.5250000e+03   7.2048008e+03   3.2530597e+04
   1.5260000e+03   9.3171308e+03   2.0310667e+04
   1.5270000e+03   2.5343001e+04  -2.2337179e+04
   1.5280000e+03   1.8452282e+04  -3.8886152e+04
   1.5290000e+03   1.2383736e+04   3.6328168e+03
   1.5300000e+03   1.6820024e+04   5.0509839e+04
   1.5310000e+03   5.2341665e+03   2.6672024e+04
   1.5320000e+03   8.1912998e+03  -1.8998069e+04
   1.5330000e+03   2.0989844e+04  -2.2510864e+04
   1.5340000e+03  -2.3232259e+02  -5.9590723e+03
   1.5350000e+03  -1.0386429e+04   1.2903654e+04
   1.5360000e+03   1.3285676e+04   1.1660518e+04
   1.5370000e+03   9.9037931e+03  -1.5544747e+04
   1.5380000e+03  -5.7062785e+03  -1.7989180e+04
   1.5390000e+03   3.9683207e+03  -9.2539243e+03
   1.5400000e+03   1.2756466e+03  -2.9890428e+04
   1.5410000e+03  -6.4969542e+03  -2.8133297e+04
   1.5420000e+03   7.4981989e+03   1.0577059e+04
   1.5430000e+03   1.0163882e+04   1.9144613e+04
   1.5440000e+03   2.1243725e+02  -2.7303752e+03
   1.5450000e+03  -2.1535845e+03  -2.1376778e+04
   1.5460000e+03   2.7293855e+02  -2.9422687e+04
   1.5470000e+03   1.7655799e+04  -2.7452693e+03
   1.5480000e+03   2.5254333e+04   2.1577932e+04
   1.5490000e+03  -7.8306876e+03  -8.6259992e+03
   1.5500000e+03  -2.4090441e+04  -2.6054527e+04
   1.5510000e+03   5.2042840e+03   1.7434867e+03
   1.5520000e+03   1.6306059e+04   5.6613599e+03
   1.5530000e+03   2.9812614e+03  -2.0012839e+04
   1.5540000e+03  -2.1268833e+03  -3.5323288e+04
   1.5550000e+03  -1.0850872e+04  -2.9450900e+04
   1.5560000e+03  -9.3393579e+03   2.9052588e+03
   1.5570000e+03   6.2472582e+03   2.5965023e+04
   1.5580000e+03   2.7995559e+03   2.6742173e+03
   1.5590000e+03  -4.8788579e+03  -1.6442776e+04
   1.5600000e+03  -6.2654416e+03  -1.1391505e+04
   1.5610000e+03  -1.6309586e+04  -1.9182834e+04
   1.5620000e+03  -1.2676741e+04  -2.5083991e+03
   1.5630000e+03   2.1510214e+03   3.4641019e+04
   1.5640000e+03  -3.9099765e+03   1.6740044e+04
   1.5650000e+03  -1.5252263e+04  -1.9652942e+04
   1.5660000e+03  -1.7062927e+04  -1.7744394e+04
   1.5670000e+03  -1.6625741e+04  -5.6979507e+02
   1.5680000e+03   4.6083487e+03   2.2047230e+04
   1.5690000e+03   2.3129133e+04   2.4240638e+04
   1.5700000e+03  -4.2752427e+03  -1.4514311e+04
   1.5710000e+03  -2.3126479e+04  -2.5974799e+04
   1.5720000e+03  -3.9367737e+02   9.2993195e+03
   1.5730000e+03   8.9641052e+03   1.9158193e+04
   1.5740000e+03   4.1067428e+02   9.8298415e+03
   1.5750000e+03  -3.0759104e+03   1.2014426e+04
   1.5760000e+03  -6.1094681e+03  -3.7549834e+03
   1.5770000e+03  -7.3971660e+03  -1.1960124e+04
   1.5780000e+03  -1.7489067e+04   8.9593745e+03
   1.5790000e+03  -2.3171645e+04   1.8657709e+04
   1.5800000e+03   4.9573451e+03   2.1572353e+04
   1.5810000e+03   1.5562935e+04   1.6728534e+04
   1.5820000e+03  -2.6013715e+04  -9.7488018e+03
   1.5830000e+03  -3.4370548e+04  -1.2464133e+04
   1.5840000e+03   1.2178927e+04   1.2963277e+04
   1.5850000e+03   1.9805568e+04   2.0463892e+04
   1.5860000e+03  -1.1076683e+04   1.6489011e+04
   1.5870000e+03  -1.5736833e+04   1.4057910e+04
   1.5880000e+03  -1.0857710e+03   2.7779494e+03
   1.5890000e+03   1.5309063e+04   6.7143043e+03
   1.5900000e+03   1.4906169e+04   2.5472830e+04
   1.5910000e+03  -1.3200025e+04   1.8877722e+04
   1.5920000e+03  -1.5590514e+04   1.1808874e+04
   1.5930000e+03   1.3262594e+04   1.8540625e+04
   1.5940000e+03   1.0155660e+04   4.5452453e+02
   1.5950000e+03  -1.0035250e+04  -8.5643738e+03
   1.5960000e+03  -9.8718759e+03   1.4071900e+04
   1.5970000e+03  -8.7036211e+03   1.3056231e+04
   1.5980000e+03   1.0284941e+03  -1.2325239e+04
   1.5990000e+03   1.5060275e+04  -2.4764798e+04
   1.6000000e+03   4.5798123e+02  -1.3064327e+04
   1.6010000e+03  -6.5599859e+03   1.9402154e+04
   1.6020000e+03   1.0137365e+04   2.5573590e+04
   1.6030000e+03   1.2519573e+04  -1.1626735e+04
   1.6040000e+03   1.1979448e+04  -1.8231021e+04
   1.6050000e+03   4.5947111e+03   1.3918915e+04
   1.6060000e+03  -1.9103208e+04   1.6624551e+04
   1.6070000e+03  -4.8366848e+03   3.5906145e+03
   1.6080000e+03   3.1860145e+04   7.5503810e+01
   1.6090000e+03   1.7719153e+04  -8.6142958e+03
   1.6100000e+03  -1.3668488e+04  -3.4092333e+02
   1.6110000e+03  -5.7067489e+03   6.9078791e+03
   1.6120000e+03   1.2583016e+04  -2.1782796e+04
   1.6130000e+03   1.7828973e+04  -2.9179122e+04
   1.6140000e+03   6.2097246e+03   1.9971596e+02
   1.6150000e+03  -1.9810132e+04  -2.0078967e+03
   1.6160000e+03  -3.6465018e+03  -2.1082545e+04
   1.6170000e+03   4.1052411e+04  -8.2978750e+03
   1.6180000e+03   2.2638625e+04  -1.0305745e+03
   1.6190000e+03  -2.2674028e+04  -1.4103986e+04
   1.6200000e+03  -1.4291286e+04  -1.5120461e+04
   1.6210000e+03   1.8874742e+04  -1.1960400e+04
   1.6220000e+03   2.9664967e+04  -1.4374516e+03
   1.6230000e+03   6.9916687e+03   1.1151323e+04
   1.6240000e+03  -1.8292917e+04  -1.0308382e+04
   1.6250000e+03   5.1026056e+02  -2.6084931e+04
   1.6260000e+03   2.6072176e+04  -7.3808848e+03
   1.6270000e+03   7.0875925e+03  -1.0513172e+04
   1.6280000e+03  -9.1960387e+03  -2.4310742e+04
   1.6290000e+03   3.4120180e+03  -4.6763086e+03
   1.6300000e+03   2.8085044e+03   5.5596991e+03
   1.6310000e+03  -2.4453787e+03  -1.1174418e+04
   1.6320000e+03   3.2397154e+03  -1.2895478e+04
   1.6330000e+03  -1.1563355e+03  -4.2117201e+03
   1.6340000e+03  -8.3601544e+02  -3.7131832e+03
   1.6350000e+03   9.8936267e+02  -8.7554461e+03
   1.6360000e+03  -1.1998479e+04  -1.2635506e+04
   1.6370000e+03   2.3163829e+02   6.7701312e+03
   1.6380000e+03   2.3031439e+04   1.8026427e+04
   1.6390000e+03   4.9578870e+03  -1.6632431e+04
   1.6400000e+03  -1.0031904e+04  -2.8368105e+04
   1.6410000e+03   5.5325294e+03   8.9288805e+03
   1.6420000e+03   1.0366068e+04   2.1641350e+04
   1.6430000e+03   6.6733380e+03   5.8674225e+02
   1.6440000e+03  -2.2568608e+03  -1.1499206e+04
   1.6450000e+03  -2.0875991e+04  -3.0278304e+03
   1.6460000e+03  -8.5523279e+03   1.6622473e+04
   1.6470000e+03   1.2970368e+04   1.2426182e+04
   1.6480000e+03  -6.2083734e+03  -1.8370583e+04
   1.6490000e+03  -2.3754378e+04  -8.9565920e+03
   1.6500000e+03  -2.0989074e+04   2.9217685e+04
   1.6510000e+03  -2.2331215e+04   1.8654455e+04
   1.6520000e+03  -5.9319969e+03  -4.2274033e+03
   1.6530000e+03   1.3855302e+04   8.5100564e+02
   1.6540000e+03   3.7144829e+03  -2.7821572e+03
   1.6550000e+03  -2.2736504e+03   6.9065218e+03
   1.6560000e+03  -4.0405762e+02   3.2350856e+04
   1.6570000e+03  -1.7426767e+04   2.0948559e+04
   1.6580000e+03  -1.6688007e+04   3.9445264e+03
   1.6590000e+03   6.3580663e+03   1.3849003e+04
   1.6600000e+03   4.9113554e+03   9.3027828e+03
   1.6610000e+03  -6.9639021e+03  -9.8634225e+03
   1.6620000e+03  -1.1244265e+04  -1.0377066e+04
   1.6630000e+03  -1.4816392e+04   6.3140009e+03
   1.6640000e+03  -2.0622523e+02   3.4421862e+04
   1.6650000e+03   5.1508837e+03   3.9468955e+04
   1.6660000e+03  -2.7486035e+04  -1.0451400e+04
   1.6670000e+03  -3.9479140e+04  -3.8250175e+04
   1.6680000e+03  -9.4610518e+03   2.0353885e+03
   1.6690000e+03   7.1325350e+03   3.3951745e+04
   1.6700000e+03   4.2895921e+02   3.0137371e+04
   1.6710000e+03  -7.4232254e+03   8.4826690e+03
   1.6720000e+03  -1.4062593e+04  -2.1226908e+04
   1.6730000e+03  -5.4525756e+03  -1.1537149e+04
   1.6740000e+03   9.0262799e+03   2.2190104e+04
   1.6750000e+03   8.0804243e+02   1.7424439e+04
   1.6760000e+03  -3.1423546e+03   5.5600201e+02
   1.6770000e+03   9.7665030e+03  -5.2612900e+02
   1.6780000e+03   8.7851811e+03  -1.7859122e+03
   1.6790000e+03   3.3509702e+03   1.0940877e+04
   1.6800000e+03  -6.2123323e+02   1.5503577e+04
   1.6810000e+03  -8.4765282e+03  -1.2504397e+04
   1.6820000e+03   7.3022417e+03  -1.1129161e+04
   1.6830000e+03   2.4830037e+04   1.2329817e+04
   1.6840000e+03   6.7632335e+03  -6.3122253e+03
   1.6850000e+03  -3.7527039e+03  -1.6548487e+04
   1.6860000e+03   7.2705278e+03   7.3675291e+03
   1.6870000e+03   8.7013071e+02   4.1669206e+03
   1.6880000e+03  -2.9748297e+03  -1.2287037e+04
   1.6890000e+03   6.3247439e+03  -8.8193483e+03
   1.6900000e+03   2.9865519e+03  -9.0116855e+03
   1.6910000e+03   1.1261186e+04  -8.3034288e+03
   1.6920000e+03   2.6002485e+04   2.3042660e+02
   1.6930000e+03   8.8104495e+03  -6.8195431e+03
   1.6940000e+03  -9.5257715e+03  -1.2061488e+04
   1.6950000e+03  -6.6827209e+03  -4.7241960e+03
   1.6960000e+03   5.7008041e+03  -9.5569711e+03
   1.6970000e+03   3.2650888e+04  -5.6023044e+03
   1.6980000e+03   3.5008187e+04   7.2332890e+03
   1.6990000e+03  -1.1548946e+04  -5.6352991e+03
   1.7000000e+03  -2.7192934e+04  -1.1351326e+04
   1.7010000e+03   1.6624077e+04  -1.1682223e+03
   1.7020000e+03   3.6818997e+04  -1.4842185e+04
   1.7030000e+03   1.7372869e+04  -2.3948606e+04
   1.7040000e+03   7.0821668e+03  -4.9629970e+03
   1.7050000e+03   1.0895126e+04   7.1556744e+03
   1.7060000e+03   2.4212319e+04   8.3265100e+03
   1.7070000e+03   2.1504753e+04   8.6803932e+02
   1.7080000e+03  -1.4822810e+04  -2.9790741e+04
   1.7090000e+03  -2.4163013e+04  -4.2199769e+04
   1.7100000e+03   4.2577574e+03  -9.2740892e+03
   1.7110000e+03   1.1090947e+04   1.9457644e+04
   1.7120000e+03   1.6079521e+03   2.0238541e+04
   1.7130000e+03  -7.2078284e+03  -4.5107464e+03
   1.7140000e+03  -2.0629499e+04  -3.2492430e+04
   1.7150000e+03  -1.0057095e+04  -9.7285415e+03
   1.7160000e+03   9.7360105e+03   1.8937059e+04
   1.7170000e+03  -3.6873673e+03  -5.0708494e+03
   1.7180000e+03  -7.7928537e+03  -1.0960235e+04
   1.7190000e+03   1.4463867e+04   1.6102769e+04
   1.7200000e+03   1.0971859e+04   1.0357595e+04
   1.7210000e+03   2.1551834e+03  -3.6845907e+03
   1.7220000e+03   5.9859587e+03   1.3275436e+03
   1.7230000e+03  -1.1321882e+04  -8.0147904e+03
   1.7240000e+03  -1.4385705e+04  -1.4858729e+04
   1.7250000e+03   8.9056840e+03   1.6896867e+02
   1.7260000e+03   2.0100954e+03   3.7372336e+03
   1.7270000e+03  -1.7224197e+04   2.2141154e+03
   1.7280000e+03  -1.2333704e+04   7.3403783e+03
   1.7290000e+03  -6.8592079e+03  -4.5525605e+03
   1.7300000e+03  -7.1433341e+03  -1.4137178e+04
   1.7310000e+03  -1.2414017e+04  -4.0081806e+03
   1.7320000e+03  -2.6816288e+04   7.0105231e+03
   1.7330000e+03  -1.6046360e+04   2.1647657e+04
   1.7340000e+03   8.8507413e+03   2.8482331e+04
   1.7350000e+03  -6.1721847e+03   1.1237048e+04
   1.7360000e+03  -3.0228151e+04   1.0189642e+03
   1.7370000e+03  -2.5940155e+04   4.3210629e+03
   1.7380000e+03  -1.3140353e+04  -9.0420416e+02
   1.7390000e+03   1.0298418e+04   1.0552452e+04
   1.7400000e+03   1.8071565e+04   3.2071585e+04
   1.7410000e+03  -1.8561666e+04   9.7910250e+03
   1.7420000e+03  -3.6608168e+04  -2.1234133e+04
   1.7430000e+03  -1.1180817e+04  -1.1147485e+04
   1.7440000e+03   2.2368345e+03   2.3831785e+03
   1.7450000e+03   1.6000719e+02   3.8506512e+03
   1.7460000e+03  -6.5072094e+02   7.8222543e+03
   1.7470000e+03  -1.1160234e+04   5.7224162e+03
   1.7480000e+03  -8.9843502e+03   5.8017635e+03
   1.7490000e+03   7.3215976e+03   9.0942405e+03
   1.7500000e+03  -1.6555237e+03   2.1504568e+03
   1.7510000e+03  -9.9894322e+03   3.7239662e+03
   1.7520000e+03   7.8018687e+03   1.6139934e+04
   1.7530000e+03   1.0237710e+04   1.3591374e+04
   1.7540000e+03   1.2968355e+03   1.4034549e+04
   1.7550000e+03   6.2180053e+03   2.5557438e+04
   1.7560000e+03   3.7683340e+03   1.3947278e+04
   1.7570000e+03  -2.2507781e+03  -3.4013856e+03
   1.7580000e+03   2.6818113e+03  -4.9343054e+03
   1.7590000e+03   6.9183206e+03  -5.0767492e+03
   1.7600000e+03   1.5621011e+04   1.3438049e+04
   1.7610000e+03   1.5212433e+04   2.3259946e+04
   1.7620000e+03  -1.3572565e+04  -1.9342368e+04
   1.7630000e+03  -1.9648365e+04  -4.3015543e+04
   1.7640000e+03   1.5372606e+04  -7.8158137e+03
   1.7650000e+03   3.0628269e+04   1.5422004e+04
   1.7660000e+03   1.3875611e+04   7.6702004e+03
   1.7670000e+03  -7.9409678e+03  -2.2521235e+03
   1.7680000e+03  -1.3444164e+04  -7.5985142e+03
   1.7690000e+03   1.7132301e+04   5.0877729e+03
   1.7700000e+03   4.0679901e+04   1.2789848e+04
   1.7710000e+03   1.7005680e+04  -7.8517920e+03
   1.7720000e+03  -6.6952116e+03  -4.2429681e+03
   1.7730000e+03  -7.2257332e+03   1.7900980e+04
   1.7740000e+03  -7.1727410e+03  -3.8008889e+02
   1.7750000e+03   1.1343623e+04  -1.7517083e+04
   1.7760000e+03   3.7296250e+04  -2.6246751e+03
   1.7770000e+03   1.6565359e+04  -2.1021890e+03
   1.7780000e+03  -1.8755350e+04  -1.6126968e+04
   1.7790000e+03  -1.3628024e+04  -2.2187141e+04
   1.7800000e+03   1.0460270e+04  -2.0875666e+04
   1.7810000e+03   2.9636929e+04  -5.1102830e+03
   1.7820000e+03   1.7501581e+04   6.6926682e+03
   1.7830000e+03  -2.3531420e+04  -8.3546196e+03
   1.7840000e+03  -1.4198393e+04  -2.0966665e+04
   1.7850000e+03   3.6804418e+04  -1.6656280e+04
   1.7860000e+03   3.9035108e+04  -6.6380561e+03
   1.7870000e+03   3.1230378e+03   1.9786547e+04
   1.7880000e+03  -2.1749823e+04   2.5140030e+04
   1.7890000e+03  -2.2968573e+04  -2.1311171e+04
   1.7900000e+03   1.0269989e+04  -4.5464483e+04
   1.7910000e+03   3.2901153e+04  -1.9594924e+04
   1.7920000e+03  -1.7224897e+03   1.8343013e+03
   1.7930000e+03  -2.6953195e+04   1.2064998e+04
   1.7940000e+03  -5.2790304e+03   8.6010538e+03
   1.7950000e+03   1.9347391e+02  -2.1647844e+04
   1.7960000e+03  -1.3531710e+04  -3.2784775e+04
   1.7970000e+03  -1.4989254e+04  -6.0363466e+03
   1.7980000e+03  -9.7637790e+03   7.6948785e+03
   1.7990000e+03   7.9641233e+03   2.3571022e+03
   1.8000000e+03   9.1444014e+03  -1.5017223e+03
   1.8010000e+03  -2.2648279e+04  -1.4171155e+04
   1.8020000e+03  -2.2597256e+04  -1.3073927e+04
   1.8030000e+03   7.3175998e+03   5.5887297e+03
   1.8040000e+03   6.3589991e+03   2.5234306e+03
   1.8050000e+03  -6.4489235e+02  -2.7705507e+03
   1.8060000e+03   6.4634827e+03   3.2654045e+03
   1.8070000e+03  -4.6530485e+03   1.7798511e+03
   1.8080000e+03  -9.5249635e+03   1.5536073e+04
   1.8090000e+03   4.3382100e+03   2.1755221e+04
   1.8100000e+03  -4.5386832e+03  -1.6973003e+04
   1.8110000e+03  -1.1783663e+04  -3.1198872e+04
   1.8120000e+03  -1.5186424e+03   8.8431180e+03
   1.8130000e+03  -1.7531679e+04   2.9747137e+04
   1.8140000e+03  -2.7619984e+04   2.2130479e+04
   1.8150000e+03   2.2965760e+03   1.0984102e+04
   1.8160000e+03   1.3649864e+04  -1.3880424e+04
   1.8170000e+03  -1.3948410e+04  -1.6369027e+04
   1.8180000e+03  -3.3235226e+04   1.7002396e+04
   1.8190000e+03  -1.7870733e+04   3.3467278e+04
   1.8200000e+03   1.5869524e+04   2.5308258e+04
   1.8210000e+03   1.8944186e+04   5.2362077e+03
   1.8220000e+03  -2.1329643e+04  -1.2053091e+04
   1.8230000e+03  -3.5188510e+04   8.8754025e+03
   1.8240000e+03   8.9352904e+02   3.4799354e+04
   1.8250000e+03   2.3494563e+04   1.4734763e+04
   1.8260000e+03   1.6037333e+04  -1.3935909e+04
   1.8270000e+03  -6.9438418e+03  -1.0522038e+04
   1.8280000e+03  -3.4573345e+04   1.4284877e+04
   1.8290000e+03  -1.8086899e+04   3.6606048e+04
   1.8300000e+03   2.8318135e+04   1.7633433e+04
   1.8310000e+03   3.0740044e+04  -2.7911202e+04
   1.8320000e+03  -2.2084003e+03  -1.2957509e+04
   1.8330000e+03  -2.4704207e+04   4.0768421e+04
   1.8340000e+03  -2.0797228e+04   3.2753654e+04
   1.8350000e+03   1.5712977e+04  -6.0770507e+03
   1.8360000e+03   4.2485634e+04  -1.3332505e+04
   1.8370000e+03   1.1691056e+04  -7.1014699e+03
   1.8380000e+03  -2.9778682e+04   1.2860980e+04
   1.8390000e+03  -2.6077349e+04   3.3314265e+04
   1.8400000e+03   4.3782854e+03   1.3089806e+04
   1.8410000e+03   3.0736717e+04  -1.0986013e+04
   1.8420000e+03   1.9596852e+04  -1.0111066e+03
   1.8430000e+03  -2.3333203e+04   4.3261958e+03
   1.8440000e+03  -2.4272526e+04  -1.1364136e+03
   1.8450000e+03   1.3859687e+04   1.5961227e+03
   1.8460000e+03   2.7534592e+04  -5.2763081e+03
   1.8470000e+03   2.3572553e+04  -1.4762475e+04
   1.8480000e+03   5.7742351e+03  -1.6421738e+04
   1.8490000e+03  -2.4444819e+04  -1.4868011e+04
   1.8500000e+03  -5.8404882e+03   8.7186253e+03
   1.8510000e+03   4.4326983e+04   1.9991453e+04
   1.8520000e+03   3.2018518e+04  -2.1016598e+04
   1.8530000e+03  -2.4344713e+04  -4.4975338e+04
   1.8540000e+03  -4.1362031e+04  -1.2766495e+04
   1.8550000e+03  -4.9946614e+03   1.2897475e+04
   1.8560000e+03   4.3369372e+04   6.7174648e+03
   1.8570000e+03   3.3926066e+04  -1.0429630e+04
   1.8580000e+03  -2.8074286e+04  -2.3177163e+04
   1.8590000e+03  -2.9984544e+04  -5.5832430e+03
   1.8600000e+03   2.7591748e+04   1.5610091e+04
   1.8610000e+03   3.4401691e+04  -9.8476952e+03
   1.8620000e+03   5.9963586e+03  -3.0207878e+04
   1.8630000e+03   7.4320196e+03  -1.1941266e+04
   1.8640000e+03   1.2525347e+04  -1.0352844e+04
   1.8650000e+03   6.3312151e+03  -1.8187412e+04
   1.8660000e+03   2.9806421e+03  -1.1801110e+04
   1.8670000e+03  -4.4606929e+03  -1.1700021e+04
   1.8680000e+03  -7.9972748e+02  -6.2860478e+02
   1.8690000e+03   8.0300919e+03   1.0513970e+04
   1.8700000e+03  -4.5639454e+03  -1.3232781e+04
   1.8710000e+03  -4.8857485e+03  -2.3174774e+04
   1.8720000e+03   7.0364127e+03   2.2189397e+03
   1.8730000e+03  -9.8217861e+03   8.6333451e+03
   1.8740000e+03  -1.7273110e+04  -1.6346998e+02
   1.8750000e+03   2.4484341e+03  -3.8380401e+03
   1.8760000e+03   1.9401033e+03  -1.5499356e+04
   1.8770000e+03  -3.2235849e+03  -8.5736398e+03
   1.8780000e+03   1.1468156e+04   8.3698510e+03
   1.8790000e+03   9.9212234e+03  -1.1151570e+04
   1.8800000e+03  -3.2831084e+03  -2.3029556e+04
   1.8810000e+03  -1.8546512e+03   6.9035037e+03
   1.8820000e+03  -3.2491464e+03   2.3462225e+04
   1.8830000e+03   2.3924295e+03   6.6891076e+03
   1.8840000e+03   1.1991901e+04  -1.2407117e+04
   1.8850000e+03  -9.0011206e+03  -1.1449346e+04
   1.8860000e+03  -1.8035064e+04   1.2179125e+04
   1.8870000e+03   1.7489603e+03   2.3401970e+04
   1.8880000e+03   3.6016991e+03   3.2683491e+03
   1.8890000e+03   4.2759616e+03  -7.3791908e+02
   1.8900000e+03  -1.6007101e+03   1.3803752e+04
   1.8910000e+03  -3.4138701e+04  -4.3665388e+03
   1.8920000e+03  -2.9385297e+04  -1.6009796e+04
   1.8930000e+03   1.4470533e+04   1.6092211e+04
   1.8940000e+03   2.4683675e+04   2.6157268e+04
   1.8950000e+03   2.2861540e+03   3.0020031e+03
   1.8960000e+03  -2.1451823e+04  -3.4515530e+03
   1.8970000e+03  -2.8548773e+04   6.2120139e+03
   1.8980000e+03   2.6112945e+03   1.8961194e+04
   1.8990000e+03   2.3902681e+04   2.0205546e+04
   1.9000000e+03  -1.4427632e+04  -9.2974060e+01
   1.9010000e+03  -3.7338103e+04  -3.4094184e+03
   1.9020000e+03  -5.1221450e+03   2.0909416e+04
   1.9030000e+03   9.9871915e+03   2.6414344e+04
   1.9040000e+03  -6.0832283e+03   1.0037950e+04
   1.9050000e+03  -2.5453725e+04  -3.3481049e+03
   1.9060000e+03  -3.7604046e+04  -8.4851249e+03
   1.9070000e+03  -9.7264354e+03   1.0749588e+04
   1.9080000e+03   2.9297483e+04   3.0612166e+04
   1.9090000e+03   1.0976705e+04   1.1043625e+04
   1.9100000e+03  -2.3708216e+04  -4.5550126e+03
   1.9110000e+03  -1.6362764e+04   5.4464257e+03
   1.9120000e+03   1.9130530e+02  -2.6318685e+03
   1.9130000e+03   6.8604928e+03  -1.0967906e+04
   1.9140000e+03   5.0692083e+03   5.2998923e+03
   1.9150000e+03  -1.5450924e+04   1.0104374e+04
   1.9160000e+03  -1.2771678e+04   4.6543156e+02
   1.9170000e+03   1.9992314e+04  -5.8128644e+03
   1.9180000e+03   2.1982602e+04  -1.1753681e+04
   1.9190000e+03  -1.6638644e+03   3.6501803e+03
   1.9200000e+03  -1.9584087e+04   2.3868202e+04
   1.9210000e+03  -2.3428100e+04   2.7453575e+03
   1.9220000e+03   8.4087219e+03  -1.4226275e+04
   1.9230000e+03   4.2761684e+04   3.2191073e+03
   1.9240000e+03   2.8769723e+04   5.3387201e+03
   1.9250000e+03   5.1834257e+02   2.9978300e+03
   1.9260000e+03  -6.7016805e+03   1.3445961e+04
   1.9270000e+03  -4.6856151e+03   1.0238259e+03
   1.9280000e+03   8.8262597e+03  -1.4096472e+04
   1.9290000e+03   1.5258809e+04  -6.0627066e+03
   1.9300000e+03  -6.1401221e+03  -1.2423780e+03
   1.9310000e+03  -6.4291892e+03   2.1199968e+03
   1.9320000e+03   1.6185393e+04   2.8385272e+02
   1.9330000e+03   4.7699565e+03  -2.6541281e+04
   1.9340000e+03  -5.1891953e+03  -3.0196548e+04
   1.9350000e+03   1.5520574e+04   2.5599188e+03
   1.9360000e+03   1.2299325e+04   2.5896357e+03
   1.9370000e+03  -6.7397831e+03  -2.4114320e+04
   1.9380000e+03   2.7673996e+02  -3.1959585e+04
   1.9390000e+03   1.8522896e+04  -2.2869761e+04
   1.9400000e+03   3.7315615e+04   4.0362166e+03
   1.9410000e+03   3.7690640e+04   1.6208869e+04
   1.9420000e+03   5.9916666e+02  -1.3663228e+04
   1.9430000e+03  -1.8046440e+04  -2.5427621e+04
   1.9440000e+03   1.3395365e+02   1.0264445e+03
   1.9450000e+03   2.5635220e+03   9.4850834e+03
   1.9460000e+03   7.5506758e+03  -4.4906915e+03
   1.9470000e+03   2.3699901e+04  -1.0642095e+04
   1.9480000e+03   2.1963909e+03  -2.4087807e+03
   1.9490000e+03  -2.1701474e+04   1.8594789e+04
   1.9500000e+03  -3.9474409e+03   1.7212619e+04
   1.9510000e+03   1.4216077e+04  -1.7447045e+04
   1.9520000e+03   9.9334402e+03  -1.6421147e+04
   1.9530000e+03   9.4784064e+02   9.4596600e+03
   1.9540000e+03  -3.7826926e+02  -9.3312888e+03
   1.9550000e+03   6.9014363e+03  -2.1891330e+04
   1.9560000e+03   2.1236327e+03   2.0925165e+03
   1.9570000e+03  -1.4072392e+04   2.1269477e+03
   1.9580000e+03  -1.7321233e+03  -9.0630554e+03
   1.9590000e+03   2.0608712e+04  -3.8418344e+03
   1.9600000e+03   5.2719594e+03  -3.6655220e+03
   1.9610000e+03  -1.0569861e+04   4.0938100e+03
   1.9620000e+03  -1.0000896e+03   1.2246233e+04
   1.9630000e+03  -4.0102612e+03  -9.4575651e+03
   1.9640000e+03  -1.8198139e+04  -1.5522748e+04
   1.9650000e+03  -2.1553390e+04   1.3478788e+04
   1.9660000e+03  -1.0786859e+04   2.0437010e+04
   1.9670000e+03   7.2067609e+03   6.8844428e+03
   1.9680000e+03   3.0132953e+03  -9.5093277e+03
   1.9690000e+03  -2.3393773e+04  -3.0559502e+04
   1.9700000e+03  -2.9047212e+04  -5.1365180e+03
   1.9710000e+03  -1.0011303e+04   4.2130473e+04
   1.9720000e+03  -4.9052808e+02   2.0552250e+04
   1.9730000e+03  -2.0430014e+03  -2.5259748e+04
   1.9740000e+03  -6.5279816e+03  -2.0018024e+04
   1.9750000e+03  -1.6992771e+04   1.1366203e+04
   1.9760000e+03  -5.8452849e+03   3.5599363e+04
   1.9770000e+03   1.6113046e+04   2.6143605e+04
   1.9780000e+03  -4.5867018e+03  -1.4693778e+04
   1.9790000e+03  -3.2262495e+04  -1.5140904e+04
   1.9800000e+03  -1.6100553e+04   2.5041521e+04
   1.9810000e+03   7.4618051e+03   2.6682354e+04
   1.9820000e+03   8.6184696e+03   3.9247402e+03
   1.9830000e+03  -5.6289596e+03  -3.9898416e+03
   1.9840000e+03  -1.6722570e+04  -1.0420279e+04
   1.9850000e+03  -9.3449561e+02   9.4991526e+03
   1.9860000e+03   1.0402528e+04   3.7714876e+04
   1.9870000e+03  -1.4498436e+04   8.6746234e+03
   1.9880000e+03  -2.2129908e+04  -2.4791727e+04
   1.9890000e+03  -2.7148303e+03  -8.4045697e+03
   1.9900000e+03  -5.9199919e+03   8.0743952e+03
   1.9910000e+03  -1.4756205e+03   1.7786911e+04
   1.9920000e+03   1.5144452e+04   2.7925997e+04
   1.9930000e+03  -8.4401909e+03   5.8742797e+03
   1.9940000e+03  -2.5960769e+04  -1.4165226e+04
   1.9950000e+03   1.2811828e+03  -1.4393605e+03
   1.9960000e+03   2.3265316e+04   5.0923878e+03
   1.9970000e+03   2.5695035e+04   4.3701844e+03
   1.9980000e+03   6.8289454e+03   4.7795052e+03
   1.9990000e+03  -3.0654052e+04  -6.6876804e+03
   2.0000000e+03  -1.9104799e+04  -1.7308302e+03
