   1.0274000e+02   2.5123000e+01
   9.3199140e+01   3.1658660e+01
   0.0000000e+00  -8.4692530e+03  -8.4692530e+03
   1.0000000e+00  -8.1397406e+03  -8.1298346e+03
   2.0000000e+00  -7.6816059e+03  -8.3380167e+03
   3.0000000e+00  -7.7573295e+03  -8.4394599e+03
   4.0000000e+00  -7.1675131e+03  -7.8335148e+03
   5.0000000e+00  -6.4359467e+03  -7.7083064e+03
   6.0000000e+00  -6.2397709e+03  -7.4995936e+03
   7.0000000e+00  -5.4329415e+03  -6.6796408e+03
   8.0000000e+00  -4.5441813e+03  -6.3691914e+03
   9.0000000e+00  -4.1913807e+03  -5.9256611e+03
   1.0000000e+01  -3.2015093e+03  -4.8686107e+03
   1.1000000e+01  -2.1560283e+03  -4.3875315e+03
   1.2000000e+01  -1.7197815e+03  -3.8029172e+03
   1.3000000e+01  -6.8538941e+02  -2.5767403e+03
   1.4000000e+01   4.1711045e+02  -1.9381198e+03
   1.5000000e+01   9.0360275e+02  -1.2758261e+03
   1.6000000e+01   1.9320696e+03  -3.3100144e+01
   1.7000000e+01   2.9761394e+03   6.2541090e+02
   1.8000000e+01   3.3899281e+03   1.3200528e+03
   1.9000000e+01   4.3385164e+03   2.5709751e+03
   2.0000000e+01   5.2754493e+03   3.1914155e+03
   2.1000000e+01   5.5511659e+03   3.7982315e+03
   2.2000000e+01   6.3391544e+03   4.9186592e+03
   2.3000000e+01   7.0849508e+03   5.3936751e+03
   2.4000000e+01   7.1351401e+03   5.8652661e+03
   2.5000000e+01   7.6924565e+03   6.8473978e+03
   2.6000000e+01   8.2226983e+03   7.1438638e+03
   2.7000000e+01   8.0415305e+03   7.3768382e+03
   2.8000000e+01   8.3224033e+03   8.0766008e+03
   2.9000000e+01   8.5570106e+03   8.0895297e+03
   3.0000000e+01   8.0962469e+03   8.0727025e+03
   3.1000000e+01   8.1096326e+03   8.5503263e+03
   3.2000000e+01   8.0770579e+03   8.3297485e+03
   3.3000000e+01   7.3592870e+03   8.0387345e+03
   3.4000000e+01   7.1317217e+03   8.2126867e+03
   3.5000000e+01   6.8572273e+03   7.6974839e+03
   3.6000000e+01   5.8851917e+03   7.1418439e+03
   3.7000000e+01   5.4158096e+03   7.0699611e+03
   3.8000000e+01   4.9454370e+03   6.3226237e+03
   3.9000000e+01   3.8132071e+03   5.5610952e+03
   4.0000000e+01   3.1880443e+03   5.2997373e+03
   4.1000000e+01   2.5824737e+03   4.3557345e+03
   4.2000000e+01   1.3710294e+03   3.4096315e+03
   4.3000000e+01   6.9113859e+02   3.0145759e+03
   4.4000000e+01  -3.9515346e+00   1.9714553e+03
   4.5000000e+01  -1.3067457e+03   9.1730219e+02
   4.6000000e+01  -1.9794050e+03   4.2276684e+02
   4.7000000e+01  -2.5567530e+03  -6.5511931e+02
   4.8000000e+01  -3.7391149e+03  -1.6840260e+03
   4.9000000e+01  -4.3588371e+03  -2.1531436e+03
   5.0000000e+01  -4.8853044e+03  -3.2141590e+03
   5.1000000e+01  -5.9325238e+03  -4.1761470e+03
   5.2000000e+01  -6.3529315e+03  -4.5104722e+03
   5.3000000e+01  -6.6791147e+03  -5.4272735e+03
   5.4000000e+01  -7.5221524e+03  -6.2632043e+03
   5.5000000e+01  -7.7072871e+03  -6.4358850e+03
   5.6000000e+01  -7.7925566e+03  -7.1221435e+03
   5.7000000e+01  -8.4145397e+03  -7.7080535e+03
   5.8000000e+01  -8.3591797e+03  -7.6584527e+03
   5.9000000e+01  -8.1478820e+03  -8.1283625e+03
   6.0000000e+01  -8.4593846e+03  -8.4672825e+03
   6.1000000e+01  -8.1365841e+03  -8.1437284e+03
   6.2000000e+01  -7.6845427e+03  -8.3346515e+03
   6.3000000e+01  -7.7398128e+03  -8.4000201e+03
   6.4000000e+01  -7.1577019e+03  -7.8086518e+03
   6.5000000e+01  -6.4669766e+03  -7.7330765e+03
   6.6000000e+01  -6.2803481e+03  -7.5329278e+03
   6.7000000e+01  -5.4466890e+03  -6.6895529e+03
   6.8000000e+01  -4.5491869e+03  -6.3833741e+03
   6.9000000e+01  -4.2168643e+03  -5.9587978e+03
   7.0000000e+01  -3.2358916e+03  -4.8860019e+03
   7.1000000e+01  -2.1745083e+03  -4.3729514e+03
   7.2000000e+01  -1.7365039e+03  -3.8003893e+03
   7.3000000e+01  -7.2436455e+02  -2.6222069e+03
   7.4000000e+01   3.8318524e+02  -1.9925822e+03
   7.5000000e+01   9.1148281e+02  -1.2901504e+03
   7.6000000e+01   1.9571221e+03  -3.3471777e+01
   7.7000000e+01   2.9768913e+03   5.9876211e+02
   7.8000000e+01   3.3733036e+03   1.2916001e+03
   7.9000000e+01   4.3296657e+03   2.5661695e+03
   8.0000000e+01   5.2736344e+03   3.1848772e+03
   8.1000000e+01   5.5382745e+03   3.7794855e+03
   8.2000000e+01   6.3087301e+03   4.9118556e+03
   8.3000000e+01   7.0587493e+03   5.3957349e+03
   8.4000000e+01   7.1337707e+03   5.8447108e+03
   8.5000000e+01   7.6953566e+03   6.7977413e+03
   8.6000000e+01   8.2021099e+03   7.0945414e+03
   8.7000000e+01   8.0114363e+03   7.3564835e+03
   8.8000000e+01   8.3067172e+03   8.0780117e+03
   8.9000000e+01   8.5536299e+03   8.0865824e+03
   9.0000000e+01   8.1015674e+03   8.0659181e+03
   9.1000000e+01   8.1296781e+03   8.5568077e+03
   9.2000000e+01   8.1056648e+03   8.3430477e+03
   9.3000000e+01   7.3787612e+03   8.0390255e+03
   9.4000000e+01   7.1349286e+03   8.1976281e+03
   9.5000000e+01   6.8591797e+03   7.6879149e+03
   9.6000000e+01   5.9049130e+03   7.1618205e+03
   9.7000000e+01   5.4415076e+03   7.1093344e+03
   9.8000000e+01   4.9496378e+03   6.3468618e+03
   9.9000000e+01   3.8110243e+03   5.5721448e+03
   1.0000000e+02   3.2188018e+03   5.3260922e+03
   1.0100000e+02   2.6272560e+03   4.3890827e+03
   1.0200000e+02   1.3732867e+03   3.4189860e+03
   1.0300000e+02   6.6279194e+02   2.9966675e+03
   1.0400000e+02   6.6282114e+00   1.9526866e+03
   1.0500000e+02  -1.2486811e+03   9.3093296e+02
   1.0600000e+02  -1.9374391e+03   4.7232756e+02
   1.0700000e+02  -2.5602582e+03  -6.0751080e+02
   1.0800000e+02  -3.7517416e+03  -1.6621634e+03
   1.0900000e+02  -4.3464900e+03  -2.1410429e+03
   1.1000000e+02  -4.8516296e+03  -3.1994418e+03
   1.1100000e+02  -5.9002030e+03  -4.1613190e+03
   1.1200000e+02  -6.3408806e+03  -4.4949572e+03
   1.1300000e+02  -6.6823198e+03  -5.4065411e+03
   1.1400000e+02  -7.5194908e+03  -6.2260921e+03
   1.1500000e+02  -7.6972372e+03  -6.3899272e+03
   1.1600000e+02  -7.7865246e+03  -7.1101693e+03
   1.1700000e+02  -8.4064068e+03  -7.7375136e+03
   1.1800000e+02  -8.3478170e+03  -7.6756611e+03
   1.1900000e+02  -8.1533031e+03  -8.1095026e+03
   1.2000000e+02  -8.4789477e+03  -8.4448507e+03
   1.2100000e+02  -8.1418649e+03  -8.1452923e+03
   1.2200000e+02  -7.6758159e+03  -8.3599646e+03
   1.2300000e+02  -7.7389717e+03  -8.4196087e+03
   1.2400000e+02  -7.1612129e+03  -7.7922042e+03
   1.2500000e+02  -6.4679795e+03  -7.7082129e+03
   1.2600000e+02  -6.2995803e+03  -7.5415593e+03
   1.2700000e+02  -5.4844575e+03  -6.7106734e+03
   1.2800000e+02  -4.5606309e+03  -6.3890468e+03
   1.2900000e+02  -4.1914296e+03  -5.9684704e+03
   1.3000000e+02  -3.2342722e+03  -4.9139589e+03
   1.3100000e+02  -2.2238621e+03  -4.4043104e+03
   1.3200000e+02  -1.7725729e+03  -3.8178256e+03
   1.3300000e+02  -7.1020827e+02  -2.6250637e+03
   1.3400000e+02   3.8323744e+02  -2.0056634e+03
   1.3500000e+02   8.5265703e+02  -1.3220287e+03
   1.3600000e+02   1.8938560e+03  -5.2183469e+01
   1.3700000e+02   2.9562147e+03   5.9415451e+02
   1.3800000e+02   3.3638219e+03   1.2643433e+03
   1.3900000e+02   4.3006329e+03   2.5240548e+03
   1.4000000e+02   5.2465225e+03   3.1549344e+03
   1.4100000e+02   5.5369957e+03   3.7506201e+03
   1.4200000e+02   6.3216565e+03   4.8822421e+03
   1.4300000e+02   7.0588665e+03   5.3887384e+03
   1.4400000e+02   7.1145171e+03   5.8612113e+03
   1.4500000e+02   7.6794919e+03   6.8135586e+03
   1.4600000e+02   8.2056154e+03   7.0832765e+03
   1.4700000e+02   8.0179155e+03   7.3226205e+03
   1.4800000e+02   8.3027906e+03   8.0679980e+03
   1.4900000e+02   8.5519768e+03   8.1113138e+03
   1.5000000e+02   8.1038976e+03   8.0751302e+03
   1.5100000e+02   8.1194233e+03   8.5325395e+03
   1.5200000e+02   8.0903767e+03   8.3131027e+03
   1.5300000e+02   7.3820725e+03   8.0216619e+03
   1.5400000e+02   7.1510085e+03   8.2108339e+03
   1.5500000e+02   6.8678307e+03   7.7271090e+03
   1.5600000e+02   5.9120860e+03   7.1789853e+03
   1.5700000e+02   5.4648691e+03   7.1004174e+03
   1.5800000e+02   4.9869917e+03   6.3549788e+03
   1.5900000e+02   3.8423621e+03   5.5866962e+03
   1.6000000e+02   3.2284078e+03   5.3225444e+03
   1.6100000e+02   2.6280394e+03   4.4011583e+03
   1.6200000e+02   1.3953831e+03   3.4644636e+03
   1.6300000e+02   7.0063383e+02   3.0389862e+03
   1.6400000e+02   2.7119142e+01   1.9675946e+03
   1.6500000e+02  -1.2354941e+03   9.2941621e+02
   1.6600000e+02  -1.9013151e+03   4.7567277e+02
   1.6700000e+02  -2.5236904e+03  -5.9247296e+02
   1.6800000e+02  -3.7394680e+03  -1.6487220e+03
   1.6900000e+02  -4.3298045e+03  -2.1258366e+03
   1.7000000e+02  -4.8227696e+03  -3.1651464e+03
   1.7100000e+02  -5.8882175e+03  -4.1245850e+03
   1.7200000e+02  -6.3298264e+03  -4.4758004e+03
   1.7300000e+02  -6.6503149e+03  -5.3915236e+03
   1.7400000e+02  -7.5090303e+03  -6.2150874e+03
   1.7500000e+02  -7.7257858e+03  -6.3917860e+03
   1.7600000e+02  -7.7981685e+03  -7.1004462e+03
   1.7700000e+02  -8.3817527e+03  -7.7089210e+03
   1.7800000e+02  -8.3289577e+03  -7.6631118e+03
   1.7900000e+02  -8.1563323e+03  -8.1191234e+03
   1.8000000e+02  -8.4926069e+03  -8.4444529e+03
   1.8100000e+02  -8.1667809e+03  -8.1242346e+03
   1.8200000e+02  -7.7041897e+03  -8.3392147e+03
   1.8300000e+02  -7.7533254e+03  -8.4216769e+03
   1.8400000e+02  -7.1622700e+03  -7.8179839e+03
   1.8500000e+02  -6.4663719e+03  -7.7372159e+03
   1.8600000e+02  -6.3012539e+03  -7.5569464e+03
   1.8700000e+02  -5.4961383e+03  -6.7088612e+03
   1.8800000e+02  -4.5893161e+03  -6.3764612e+03
   1.8900000e+02  -4.2335628e+03  -5.9676491e+03
   1.9000000e+02  -3.2682413e+03  -4.9390400e+03
   1.9100000e+02  -2.2335952e+03  -4.4348601e+03
   1.9200000e+02  -1.7797313e+03  -3.8343686e+03
   1.9300000e+02  -7.3766536e+02  -2.6373017e+03
   1.9400000e+02   3.5474487e+02  -2.0284618e+03
   1.9500000e+02   8.3493270e+02  -1.3580059e+03
   1.9600000e+02   1.8672564e+03  -8.5134382e+01
   1.9700000e+02   2.9301034e+03   5.8783398e+02
   1.9800000e+02   3.3619551e+03   1.2697431e+03
   1.9900000e+02   4.3017756e+03   2.5033175e+03
   2.0000000e+02   5.2287616e+03   3.1208570e+03
   2.0100000e+02   5.5147104e+03   3.7416698e+03
   2.0200000e+02   6.3014168e+03   4.8856506e+03
   2.0300000e+02   7.0428140e+03   5.3698212e+03
   2.0400000e+02   7.1179413e+03   5.8250597e+03
   2.0500000e+02   7.6919995e+03   6.7882651e+03
   2.0600000e+02   8.2047778e+03   7.0802720e+03
   2.0700000e+02   8.0094330e+03   7.3266041e+03
   2.0800000e+02   8.2887017e+03   8.0571474e+03
   2.0900000e+02   8.5319402e+03   8.0882493e+03
   2.1000000e+02   8.1113566e+03   8.0556769e+03
   2.1100000e+02   8.1635868e+03   8.5197164e+03
   2.1200000e+02   8.1217876e+03   8.3145485e+03
   2.1300000e+02   7.3787179e+03   8.0452177e+03
   2.1400000e+02   7.1475997e+03   8.2301784e+03
   2.1500000e+02   6.8894544e+03   7.7196439e+03
   2.1600000e+02   5.9491549e+03   7.1708743e+03
   2.1700000e+02   5.4875364e+03   7.1143540e+03
   2.1800000e+02   4.9767485e+03   6.3756055e+03
   2.1900000e+02   3.8360299e+03   5.6025419e+03
   2.2000000e+02   3.2700366e+03   5.3325415e+03
   2.2100000e+02   2.6794522e+03   4.4012250e+03
   2.2200000e+02   1.3957440e+03   3.4727725e+03
   2.2300000e+02   6.7827070e+02   3.0784822e+03
   2.2400000e+02   4.5864360e+01   2.0177046e+03
   2.2500000e+02  -1.1866185e+03   9.5519839e+02
   2.2600000e+02  -1.8730671e+03   4.8015593e+02
   2.2700000e+02  -2.5155924e+03  -5.8186480e+02
   2.2800000e+02  -3.7223204e+03  -1.6183931e+03
   2.2900000e+02  -4.3101031e+03  -2.0922304e+03
   2.3000000e+02  -4.8154191e+03  -3.1521715e+03
   2.3100000e+02  -5.8799298e+03  -4.1210311e+03
   2.3200000e+02  -6.3188557e+03  -4.4540365e+03
   2.3300000e+02  -6.6494546e+03  -5.3609645e+03
   2.3400000e+02  -7.5012294e+03  -6.2002817e+03
   2.3500000e+02  -7.7014687e+03  -6.3890874e+03
   2.3600000e+02  -7.7917056e+03  -7.0962036e+03
   2.3700000e+02  -8.4036600e+03  -7.6968540e+03
   2.3800000e+02  -8.3436961e+03  -7.6457343e+03
   2.3900000e+02  -8.1469832e+03  -8.1181693e+03
   2.4000000e+02  -8.4707466e+03  -8.4675135e+03
   2.4100000e+02  -8.1509502e+03  -8.1340911e+03
   2.4200000e+02  -7.7187530e+03  -8.3131467e+03
   2.4300000e+02  -7.7942268e+03  -8.3948901e+03
   2.4400000e+02  -7.1922909e+03  -7.8252016e+03
   2.4500000e+02  -6.4745310e+03  -7.7631681e+03
   2.4600000e+02  -6.3063512e+03  -7.5705417e+03
   2.4700000e+02  -5.5081448e+03  -6.7146480e+03
   2.4800000e+02  -4.6121666e+03  -6.3974705e+03
   2.4900000e+02  -4.2624682e+03  -5.9869995e+03
   2.5000000e+02  -3.2886342e+03  -4.9305027e+03
   2.5100000e+02  -2.2483335e+03  -4.4350782e+03
   2.5200000e+02  -1.7942985e+03  -3.8760548e+03
   2.5300000e+02  -7.4581570e+02  -2.6706359e+03
   2.5400000e+02   3.3714850e+02  -2.0196869e+03
   2.5500000e+02   7.9714686e+02  -1.3543371e+03
   2.5600000e+02   1.8426926e+03  -1.1539456e+02
   2.5700000e+02   2.9318888e+03   5.4957098e+02
   2.5800000e+02   3.3620797e+03   1.2432248e+03
   2.5900000e+02   4.2959445e+03   2.4908313e+03
   2.6000000e+02   5.2207195e+03   3.1092745e+03
   2.6100000e+02   5.4909113e+03   3.7093050e+03
   2.6200000e+02   6.2805772e+03   4.8483811e+03
   2.6300000e+02   7.0473823e+03   5.3577004e+03
   2.6400000e+02   7.1144459e+03   5.8192444e+03
   2.6500000e+02   7.6574246e+03   6.7635067e+03
   2.6600000e+02   8.1766077e+03   7.0547453e+03
   2.6700000e+02   8.0206560e+03   7.3162785e+03
   2.6800000e+02   8.3264673e+03   8.0522694e+03
   2.6900000e+02   8.5560208e+03   8.0884318e+03
   2.7000000e+02   8.0928603e+03   8.0739046e+03
   2.7100000e+02   8.1292628e+03   8.5477719e+03
   2.7200000e+02   8.1226370e+03   8.3164889e+03
   2.7300000e+02   7.4153176e+03   8.0138674e+03
   2.7400000e+02   7.1833813e+03   8.2146746e+03
   2.7500000e+02   6.9003845e+03   7.7435378e+03
   2.7600000e+02   5.9381380e+03   7.1924661e+03
   2.7700000e+02   5.4937569e+03   7.1116065e+03
   2.7800000e+02   5.0249028e+03   6.3706200e+03
   2.7900000e+02   3.8720765e+03   5.6082311e+03
   2.8000000e+02   3.2503625e+03   5.3591953e+03
   2.8100000e+02   2.6635463e+03   4.4495753e+03
   2.8200000e+02   1.4372859e+03   3.5013474e+03
   2.8300000e+02   7.3397975e+02   3.0696560e+03
   2.8400000e+02   6.6297331e+01   2.0198279e+03
   2.8500000e+02  -1.1923396e+03   9.9380197e+02
   2.8600000e+02  -1.8796574e+03   5.1788820e+02
   2.8700000e+02  -2.5076010e+03  -5.7955771e+02
   2.8800000e+02  -3.6973746e+03  -1.6342278e+03
   2.8900000e+02  -4.2824163e+03  -2.0700301e+03
   2.9000000e+02  -4.7953225e+03  -3.0794461e+03
   2.9100000e+02  -5.8641707e+03  -4.0706854e+03
   2.9200000e+02  -6.3026594e+03  -4.4641348e+03
   2.9300000e+02  -6.6310376e+03  -5.3695643e+03
   2.9400000e+02  -7.4915690e+03  -6.1766996e+03
   2.9500000e+02  -7.7162292e+03  -6.3743764e+03
   2.9600000e+02  -7.8106055e+03  -7.0927833e+03
   2.9700000e+02  -8.3895019e+03  -7.6776731e+03
   2.9800000e+02  -8.3153840e+03  -7.6270673e+03
   2.9900000e+02  -8.1570721e+03  -8.1180903e+03
   3.0000000e+02  -8.5112784e+03  -8.4726611e+03
   3.0100000e+02  -8.1649261e+03  -8.1411825e+03
   3.0200000e+02  -7.6965259e+03  -8.3323232e+03
   3.0300000e+02  -7.7805356e+03  -8.4190060e+03
   3.0400000e+02  -7.2058984e+03  -7.8341074e+03
   3.0500000e+02  -6.4902040e+03  -7.7530248e+03
   3.0600000e+02  -6.3103935e+03  -7.5605664e+03
   3.0700000e+02  -5.5134263e+03  -6.7139539e+03
   3.0800000e+02  -4.6277447e+03  -6.3982089e+03
   3.0900000e+02  -4.2879567e+03  -5.9994822e+03
   3.1000000e+02  -3.3189413e+03  -4.9593047e+03
   3.1100000e+02  -2.2724793e+03  -4.4449077e+03
   3.1200000e+02  -1.8149512e+03  -3.8632777e+03
   3.1300000e+02  -7.7595251e+02  -2.6913334e+03
   3.1400000e+02   3.1472198e+02  -2.0807786e+03
   3.1500000e+02   8.0801841e+02  -1.3912042e+03
   3.1600000e+02   1.8572592e+03  -1.0603111e+02
   3.1700000e+02   2.9014083e+03   5.5772346e+02
   3.1800000e+02   3.3041571e+03   1.2129777e+03
   3.1900000e+02   4.2690720e+03   2.4341868e+03
   3.2000000e+02   5.2346772e+03   3.0668598e+03
   3.2100000e+02   5.5029374e+03   3.7045603e+03
   3.2200000e+02   6.2649330e+03   4.8550525e+03
   3.2300000e+02   7.0217650e+03   5.3424426e+03
   3.2400000e+02   7.1009959e+03   5.7993990e+03
   3.2500000e+02   7.6556098e+03   6.7671231e+03
   3.2600000e+02   8.1766305e+03   7.0581066e+03
   3.2700000e+02   8.0155535e+03   7.2883049e+03
   3.2800000e+02   8.3175024e+03   8.0199490e+03
   3.2900000e+02   8.5559950e+03   8.0893379e+03
   3.3000000e+02   8.1034474e+03   8.0881062e+03
   3.3100000e+02   8.1316213e+03   8.5415733e+03
   3.3200000e+02   8.1124302e+03   8.3043349e+03
   3.3300000e+02   7.4088567e+03   8.0211684e+03
   3.3400000e+02   7.1903959e+03   8.2288880e+03
   3.3500000e+02   6.9257959e+03   7.7430720e+03
   3.3600000e+02   5.9708259e+03   7.1866809e+03
   3.3700000e+02   5.4984212e+03   7.1278273e+03
   3.3800000e+02   5.0113688e+03   6.4139722e+03
   3.3900000e+02   3.9003573e+03   5.6451584e+03
   3.4000000e+02   3.3121140e+03   5.3546802e+03
   3.4100000e+02   2.6910764e+03   4.4185073e+03
   3.4200000e+02   1.4309965e+03   3.4950436e+03
   3.4300000e+02   7.3474511e+02   3.1067301e+03
   3.4400000e+02   7.4150084e+01   2.0588854e+03
   3.4500000e+02  -1.1731965e+03   9.9624554e+02
   3.4600000e+02  -1.8376548e+03   5.1665077e+02
   3.4700000e+02  -2.4764632e+03  -5.2917958e+02
   3.4800000e+02  -3.6964616e+03  -1.5625633e+03
   3.4900000e+02  -4.2775781e+03  -2.0580972e+03
   3.5000000e+02  -4.7746779e+03  -3.1179102e+03
   3.5100000e+02  -5.8460180e+03  -4.0733891e+03
   3.5200000e+02  -6.2896232e+03  -4.4165324e+03
   3.5300000e+02  -6.6282549e+03  -5.3334667e+03
   3.5400000e+02  -7.4945693e+03  -6.1657164e+03
   3.5500000e+02  -7.6891340e+03  -6.3536191e+03
   3.5600000e+02  -7.7619307e+03  -7.0702508e+03
   3.5700000e+02  -8.3837071e+03  -7.6789267e+03
   3.5800000e+02  -8.3539446e+03  -7.6256926e+03
   3.5900000e+02  -8.1720887e+03  -8.0881858e+03
   3.6000000e+02  -8.4873083e+03  -8.4486101e+03
   3.6100000e+02  -8.1488418e+03  -8.1524199e+03
   3.6200000e+02  -7.7072595e+03  -8.3486859e+03
   3.6300000e+02  -7.7967571e+03  -8.4082146e+03
   3.6400000e+02  -7.2167351e+03  -7.8117215e+03
   3.6500000e+02  -6.5045308e+03  -7.7524632e+03
   3.6600000e+02  -6.3342175e+03  -7.5908483e+03
   3.6700000e+02  -5.5448300e+03  -6.7528087e+03
   3.6800000e+02  -4.6594438e+03  -6.4202767e+03
   3.6900000e+02  -4.3074981e+03  -6.0100487e+03
   3.7000000e+02  -3.3252510e+03  -4.9825279e+03
   3.7100000e+02  -2.2810736e+03  -4.4832856e+03
   3.7200000e+02  -1.8280324e+03  -3.8938313e+03
   3.7300000e+02  -7.8240398e+02  -2.6969467e+03
   3.7400000e+02   3.0149907e+02  -2.0740772e+03
   3.7500000e+02   7.6916468e+02  -1.4074454e+03
   3.7600000e+02   1.8165408e+03  -1.5923693e+02
   3.7700000e+02   2.8915668e+03   5.0500344e+02
   3.7800000e+02   3.3097285e+03   1.2046441e+03
   3.7900000e+02   4.2553555e+03   2.4575993e+03
   3.8000000e+02   5.2024245e+03   3.0734672e+03
   3.8100000e+02   5.4752613e+03   3.6787979e+03
   3.8200000e+02   6.2474394e+03   4.8227745e+03
   3.8300000e+02   7.0070169e+03   5.3223681e+03
   3.8400000e+02   7.0898552e+03   5.7846378e+03
   3.8500000e+02   7.6468059e+03   6.7490758e+03
   3.8600000e+02   8.1642733e+03   7.0380592e+03
   3.8700000e+02   8.0144516e+03   7.2708592e+03
   3.8800000e+02   8.3427224e+03   8.0121772e+03
   3.8900000e+02   8.5804157e+03   8.0957484e+03
   3.9000000e+02   8.0979734e+03   8.1022623e+03
   3.9100000e+02   8.1155433e+03   8.5532030e+03
   3.9200000e+02   8.1113405e+03   8.3079674e+03
   3.9300000e+02   7.4203282e+03   8.0152929e+03
   3.9400000e+02   7.2104764e+03   8.2197085e+03
   3.9500000e+02   6.9494291e+03   7.7438571e+03
   3.9600000e+02   5.9893547e+03   7.2022990e+03
   3.9700000e+02   5.5251104e+03   7.1475282e+03
   3.9800000e+02   5.0506662e+03   6.4270391e+03
   3.9900000e+02   3.9131438e+03   5.6598179e+03
   4.0000000e+02   3.2849251e+03   5.3868323e+03
   4.0100000e+02   2.6806713e+03   4.4563287e+03
   4.0200000e+02   1.4783347e+03   3.5067186e+03
   4.0300000e+02   8.0278625e+02   3.0978069e+03
   4.0400000e+02   1.0682829e+02   2.0746392e+03
   4.0500000e+02  -1.1811842e+03   1.0487012e+03
   4.0600000e+02  -1.8471103e+03   5.5922185e+02
   4.0700000e+02  -2.4594421e+03  -5.3286263e+02
   4.0800000e+02  -3.6679530e+03  -1.5821438e+03
   4.0900000e+02  -4.2624298e+03  -2.0402613e+03
   4.1000000e+02  -4.7716436e+03  -3.0673342e+03
   4.1100000e+02  -5.8437070e+03  -4.0430188e+03
   4.1200000e+02  -6.2805969e+03  -4.4268813e+03
   4.1300000e+02  -6.6045160e+03  -5.3563117e+03
   4.1400000e+02  -7.4678800e+03  -6.1706059e+03
   4.1500000e+02  -7.6881091e+03  -6.3282169e+03
   4.1600000e+02  -7.7790399e+03  -7.0281554e+03
   4.1700000e+02  -8.3790004e+03  -7.6573154e+03
   4.1800000e+02  -8.3248324e+03  -7.6365168e+03
   4.1900000e+02  -8.1576444e+03  -8.0993911e+03
   4.2000000e+02  -8.5051972e+03  -8.4384710e+03
   4.2100000e+02  -8.1756113e+03  -8.1381560e+03
   4.2200000e+02  -7.7153065e+03  -8.3586986e+03
   4.2300000e+02  -7.7912076e+03  -8.4462435e+03
   4.2400000e+02  -7.2273520e+03  -7.8374307e+03
   4.2500000e+02  -6.5324393e+03  -7.7296134e+03
   4.2600000e+02  -6.3427143e+03  -7.5562139e+03
   4.2700000e+02  -5.5277417e+03  -6.7616145e+03
   4.2800000e+02  -4.6584267e+03  -6.4566546e+03
   4.2900000e+02  -4.3407958e+03  -6.0338137e+03
   4.3000000e+02  -3.3663076e+03  -4.9929093e+03
   4.3100000e+02  -2.3108111e+03  -4.4877805e+03
   4.3200000e+02  -1.8520514e+03  -3.8973378e+03
   4.3300000e+02  -8.0483717e+02  -2.7162156e+03
   4.3400000e+02   2.8553909e+02  -2.1043604e+03
   4.3500000e+02   7.5836900e+02  -1.4223259e+03
   4.3600000e+02   1.7999983e+03  -1.5906207e+02
   4.3700000e+02   2.8685439e+03   4.9744496e+02
   4.3800000e+02   3.2900797e+03   1.1793280e+03
   4.3900000e+02   4.2334158e+03   2.4231937e+03
   4.4000000e+02   5.1754060e+03   3.0493559e+03
   4.4100000e+02   5.4701523e+03   3.6719837e+03
   4.4200000e+02   6.2648131e+03   4.8144429e+03
   4.4300000e+02   6.9984526e+03   5.3004375e+03
   4.4400000e+02   7.0529670e+03   5.7602557e+03
   4.4500000e+02   7.6403737e+03   6.7332398e+03
   4.4600000e+02   8.1917987e+03   7.0401811e+03
   4.4700000e+02   8.0110308e+03   7.2939308e+03
   4.4800000e+02   8.2903785e+03   8.0251094e+03
   4.4900000e+02   8.5406699e+03   8.0659199e+03
   4.5000000e+02   8.1227887e+03   8.0552003e+03
   4.5100000e+02   8.1783271e+03   8.5387213e+03
   4.5200000e+02   8.1481493e+03   8.3273328e+03
   4.5300000e+02   7.4160256e+03   8.0316547e+03
   4.5400000e+02   7.1990877e+03   8.2177198e+03
   4.5500000e+02   6.9523051e+03   7.7422840e+03
   4.5600000e+02   6.0046522e+03   7.2155166e+03
   4.5700000e+02   5.5434476e+03   7.1643129e+03
   4.5800000e+02   5.0603130e+03   6.4355008e+03
   4.5900000e+02   3.9266812e+03   5.6640860e+03
   4.6000000e+02   3.3249765e+03   5.3913626e+03
   4.6100000e+02   2.7217061e+03   4.4651301e+03
   4.6200000e+02   1.4826447e+03   3.5301401e+03
   4.6300000e+02   7.9537231e+02   3.1318395e+03
   4.6400000e+02   1.2900526e+02   2.0985104e+03
   4.6500000e+02  -1.1427304e+03   1.0572295e+03
   4.6600000e+02  -1.8258156e+03   5.6561866e+02
   4.6700000e+02  -2.4555430e+03  -5.2222174e+02
   4.6800000e+02  -3.6582259e+03  -1.5696346e+03
   4.6900000e+02  -4.2376641e+03  -2.0272583e+03
   4.7000000e+02  -4.7462848e+03  -3.0537866e+03
   4.7100000e+02  -5.8261243e+03  -4.0252424e+03
   4.7200000e+02  -6.2652394e+03  -4.3964900e+03
   4.7300000e+02  -6.5977533e+03  -5.3108537e+03
   4.7400000e+02  -7.4718654e+03  -6.1303861e+03
   4.7500000e+02  -7.6785990e+03  -6.3265349e+03
   4.7600000e+02  -7.7489029e+03  -7.0588602e+03
   4.7700000e+02  -8.3602726e+03  -7.6668814e+03
   4.7800000e+02  -8.3402316e+03  -7.6105794e+03
   4.7900000e+02  -8.1893632e+03  -8.0902225e+03
   4.8000000e+02  -8.5162077e+03  -8.4612648e+03
   4.8100000e+02  -8.1593902e+03  -8.1345516e+03
   4.8200000e+02  -7.7146948e+03  -8.3018092e+03
   4.8300000e+02  -7.8254953e+03  -8.3938162e+03
   4.8400000e+02  -7.2514066e+03  -7.8551394e+03
   4.8500000e+02  -6.5315876e+03  -7.8055213e+03
   4.8600000e+02  -6.3662100e+03  -7.6095399e+03
   4.8700000e+02  -5.5820381e+03  -6.7463282e+03
   4.8800000e+02  -4.6900497e+03  -6.4201917e+03
   4.8900000e+02  -4.3285364e+03  -6.0276459e+03
   4.9000000e+02  -3.3365932e+03  -5.0021919e+03
   4.9100000e+02  -2.2963388e+03  -4.4975132e+03
   4.9200000e+02  -1.8718137e+03  -3.9200604e+03
   4.9300000e+02  -8.4620765e+02  -2.7413243e+03
   4.9400000e+02   2.5254447e+02  -2.1206605e+03
   4.9500000e+02   7.4020662e+02  -1.4482518e+03
   4.9600000e+02   1.7850943e+03  -1.9384483e+02
   4.9700000e+02   2.8521872e+03   4.7483356e+02
   4.9800000e+02   3.2734890e+03   1.1661889e+03
   4.9900000e+02   4.2192183e+03   2.4121487e+03
   5.0000000e+02   5.1567984e+03   3.0382265e+03
   5.0100000e+02   5.4308323e+03   3.6435585e+03
   5.0200000e+02   6.2159276e+03   4.7734324e+03
   5.0300000e+02   6.9795902e+03   5.2833711e+03
   5.0400000e+02   7.0711677e+03   5.7661252e+03
   5.0500000e+02   7.6569756e+03   6.7232624e+03
   5.0600000e+02   8.1872103e+03   7.0097135e+03
   5.0700000e+02   8.0164842e+03   7.2735659e+03
   5.0800000e+02   8.3270130e+03   8.0299006e+03
   5.0900000e+02   8.5632005e+03   8.0776943e+03
   5.1000000e+02   8.0849032e+03   8.0429131e+03
   5.1100000e+02   8.1260753e+03   8.5020748e+03
   5.1200000e+02   8.1588140e+03   8.3072098e+03
   5.1300000e+02   7.4752888e+03   8.0519361e+03
   5.1400000e+02   7.2329372e+03   8.2511629e+03
   5.1500000e+02   6.9427699e+03   7.7555001e+03
   5.1600000e+02   5.9959127e+03   7.2098669e+03
   5.1700000e+02   5.5623979e+03   7.1610524e+03
   5.1800000e+02   5.0858090e+03   6.4431764e+03
   5.1900000e+02   3.9358580e+03   5.6719826e+03
   5.2000000e+02   3.3307745e+03   5.3950909e+03
   5.2100000e+02   2.7413573e+03   4.4777087e+03
   5.2200000e+02   1.5096668e+03   3.5553521e+03
   5.2300000e+02   8.2649213e+02   3.1571356e+03
   5.2400000e+02   1.6727952e+02   2.1217708e+03
   5.2500000e+02  -1.1109212e+03   1.0866033e+03
   5.2600000e+02  -1.8081056e+03   5.9686423e+02
   5.2700000e+02  -2.4429277e+03  -4.9932004e+02
   5.2800000e+02  -3.6558090e+03  -1.5537285e+03
   5.2900000e+02  -4.2463514e+03  -2.0136351e+03
   5.3000000e+02  -4.7383468e+03  -3.0425048e+03
   5.3100000e+02  -5.7945865e+03  -4.0068203e+03
   5.3200000e+02  -6.2375098e+03  -4.3598443e+03
   5.3300000e+02  -6.5790917e+03  -5.2785263e+03
   5.3400000e+02  -7.4534102e+03  -6.1318683e+03
   5.3500000e+02  -7.6813857e+03  -6.3330320e+03
   5.3600000e+02  -7.7839801e+03  -7.0279964e+03
   5.3700000e+02  -8.3875369e+03  -7.6292428e+03
   5.3800000e+02  -8.3235701e+03  -7.6085658e+03
   5.3900000e+02  -8.1520641e+03  -8.0915114e+03
   5.4000000e+02  -8.5084956e+03  -8.4327071e+03
   5.4100000e+02  -8.1944250e+03  -8.1145341e+03
   5.4200000e+02  -7.7547659e+03  -8.3274378e+03
   5.4300000e+02  -7.8314571e+03  -8.4367071e+03
   5.4400000e+02  -7.2333125e+03  -7.8623224e+03
   5.4500000e+02  -6.5284068e+03  -7.7670684e+03
   5.4600000e+02  -6.3847916e+03  -7.5807478e+03
   5.4700000e+02  -5.5934618e+03  -6.7817675e+03
   5.4800000e+02  -4.6850247e+03  -6.4896108e+03
   5.4900000e+02  -4.3364965e+03  -6.0617979e+03
   5.5000000e+02  -3.3791640e+03  -4.9979704e+03
   5.5100000e+02  -2.3503197e+03  -4.5014592e+03
   5.5200000e+02  -1.8974548e+03  -3.9473691e+03
   5.5300000e+02  -8.3952047e+02  -2.7690986e+03
   5.5400000e+02   2.5714603e+02  -2.1320292e+03
   5.5500000e+02   7.1668730e+02  -1.4545431e+03
   5.5600000e+02   1.7449732e+03  -2.1151697e+02
   5.5700000e+02   2.8246965e+03   4.5175283e+02
   5.5800000e+02   3.2677734e+03   1.1402624e+03
   5.5900000e+02   4.2130369e+03   2.3688691e+03
   5.6000000e+02   5.1336320e+03   2.9966271e+03
   5.6100000e+02   5.4154599e+03   3.6430906e+03
   5.6200000e+02   6.2327457e+03   4.7923641e+03
   5.6300000e+02   6.9972213e+03   5.2696688e+03
   5.6400000e+02   7.0510810e+03   5.7292523e+03
   5.6500000e+02   7.6218242e+03   6.7044806e+03
   5.6600000e+02   8.1735370e+03   7.0083295e+03
   5.6700000e+02   8.0111567e+03   7.2615061e+03
   5.6800000e+02   8.3109394e+03   8.0017012e+03
   5.6900000e+02   8.5599198e+03   8.0621475e+03
   5.7000000e+02   8.1145710e+03   8.0628210e+03
   5.7100000e+02   8.1586176e+03   8.5313202e+03
   5.7200000e+02   8.1566829e+03   8.3100264e+03
   5.7300000e+02   7.4524078e+03   8.0402234e+03
   5.7400000e+02   7.2289363e+03   8.2475803e+03
   5.7500000e+02   6.9612325e+03   7.7545648e+03
   5.7600000e+02   6.0147870e+03   7.2108710e+03
   5.7700000e+02   5.5795933e+03   7.1714264e+03
   5.7800000e+02   5.1079176e+03   6.4550209e+03
   5.7900000e+02   3.9560877e+03   5.6863196e+03
   5.8000000e+02   3.3497731e+03   5.4280380e+03
   5.8100000e+02   2.7667816e+03   4.5235400e+03
   5.8200000e+02   1.5272910e+03   3.5884457e+03
   5.8300000e+02   8.2024519e+02   3.1649016e+03
   5.8400000e+02   1.5813760e+02   2.1172817e+03
   5.8500000e+02  -1.0914664e+03   1.0972852e+03
   5.8600000e+02  -1.7653617e+03   6.3062347e+02
   5.8700000e+02  -2.4027019e+03  -4.6426784e+02
   5.8800000e+02  -3.6253436e+03  -1.5267368e+03
   5.8900000e+02  -4.2240000e+03  -1.9812391e+03
   5.9000000e+02  -4.7312000e+03  -3.0111146e+03
   5.9100000e+02  -5.7990012e+03  -4.0021098e+03
   5.9200000e+02  -6.2368943e+03  -4.3785163e+03
   5.9300000e+02  -6.5704900e+03  -5.2802503e+03
   5.9400000e+02  -7.4399898e+03  -6.0941443e+03
   5.9500000e+02  -7.6563225e+03  -6.2948124e+03
   5.9600000e+02  -7.7535956e+03  -7.0345914e+03
   5.9700000e+02  -8.3757788e+03  -7.6499319e+03
   5.9800000e+02  -8.3381810e+03  -7.5891392e+03
   5.9900000e+02  -8.1746366e+03  -8.0579258e+03
   6.0000000e+02  -8.5131484e+03  -8.4438994e+03
   6.0100000e+02  -8.1743669e+03  -8.1570351e+03
   6.0200000e+02  -7.7395248e+03  -8.3437226e+03
   6.0300000e+02  -7.8476732e+03  -8.4185032e+03
   6.0400000e+02  -7.2605390e+03  -7.8552179e+03
   6.0500000e+02  -6.5430365e+03  -7.7934793e+03
   6.0600000e+02  -6.4017679e+03  -7.6045899e+03
   6.0700000e+02  -5.6210982e+03  -6.7741101e+03
   6.0800000e+02  -4.7063241e+03  -6.4766500e+03
   6.0900000e+02  -4.3509880e+03  -6.0718096e+03
   6.1000000e+02  -3.3990636e+03  -5.0262832e+03
   6.1100000e+02  -2.3692688e+03  -4.5368241e+03
   6.1200000e+02  -1.9079472e+03  -3.9742480e+03
   6.1300000e+02  -8.5760477e+02  -2.7797232e+03
   6.1400000e+02   2.1643267e+02  -2.1515077e+03
   6.1500000e+02   6.7841335e+02  -1.4919201e+03
   6.1600000e+02   1.7465779e+03  -2.3238435e+02
   6.1700000e+02   2.8415620e+03   4.5975470e+02
   6.1800000e+02   3.2408885e+03   1.1549388e+03
   6.1900000e+02   4.1570514e+03   2.3710483e+03
   6.2000000e+02   5.1107288e+03   2.9637810e+03
   6.2100000e+02   5.4218720e+03   3.5815593e+03
   6.2200000e+02   6.2240620e+03   4.7617514e+03
   6.2300000e+02   6.9742388e+03   5.2872101e+03
   6.2400000e+02   7.0395513e+03   5.7419682e+03
   6.2500000e+02   7.6291427e+03   6.6959398e+03
   6.2600000e+02   8.1891676e+03   7.0030119e+03
   6.2700000e+02   8.0115839e+03   7.2535312e+03
   6.2800000e+02   8.2906221e+03   7.9807931e+03
   6.2900000e+02   8.5499676e+03   8.0407308e+03
   6.3000000e+02   8.1303310e+03   8.0526060e+03
   6.3100000e+02   8.1786060e+03   8.5463779e+03
   6.3200000e+02   8.1701505e+03   8.3481451e+03
   6.3300000e+02   7.4636009e+03   8.0660869e+03
   6.3400000e+02   7.2350019e+03   8.2537617e+03
   6.3500000e+02   6.9653715e+03   7.7687242e+03
   6.3600000e+02   6.0161641e+03   7.2202299e+03
   6.3700000e+02   5.5646530e+03   7.1447348e+03
   6.3800000e+02   5.0988366e+03   6.4168856e+03
   6.3900000e+02   3.9978904e+03   5.6816385e+03
   6.4000000e+02   3.4188595e+03   5.4546630e+03
   6.4100000e+02   2.7962324e+03   4.5480507e+03
   6.4200000e+02   1.5253416e+03   3.5996280e+03
   6.4300000e+02   8.4618655e+02   3.1809453e+03
   6.4400000e+02   2.0311740e+02   2.1371997e+03
   6.4500000e+02  -1.0822732e+03   1.0964155e+03
   6.4600000e+02  -1.7844752e+03   6.2568132e+02
   6.4700000e+02  -2.3950815e+03  -4.3520732e+02
   6.4800000e+02  -3.5793426e+03  -1.4910924e+03
   6.4900000e+02  -4.1785215e+03  -1.9815531e+03
   6.5000000e+02  -4.7171285e+03  -3.0111552e+03
   6.5100000e+02  -5.8061105e+03  -3.9579525e+03
   6.5200000e+02  -6.2335353e+03  -4.3246562e+03
   6.5300000e+02  -6.5530566e+03  -5.2632456e+03
   6.5400000e+02  -7.4340753e+03  -6.1006138e+03
   6.5500000e+02  -7.6616894e+03  -6.2854577e+03
   6.5600000e+02  -7.7509750e+03  -7.0018939e+03
   6.5700000e+02  -8.3749930e+03  -7.6268099e+03
   6.5800000e+02  -8.3444760e+03  -7.6001114e+03
   6.5900000e+02  -8.1657925e+03  -8.0743691e+03
   6.6000000e+02  -8.4990429e+03  -8.4275184e+03
   6.6100000e+02  -8.1789031e+03  -8.1259539e+03
   6.6200000e+02  -7.7392137e+03  -8.3378522e+03
   6.6300000e+02  -7.8371685e+03  -8.4315917e+03
   6.6400000e+02  -7.2847878e+03  -7.8631060e+03
   6.6500000e+02  -6.5916785e+03  -7.8086031e+03
   6.6600000e+02  -6.4174239e+03  -7.6347565e+03
   6.6700000e+02  -5.6159651e+03  -6.7804097e+03
   6.6800000e+02  -4.7246535e+03  -6.4499557e+03
   6.6900000e+02  -4.3784390e+03  -6.0739341e+03
   6.7000000e+02  -3.4117821e+03  -5.0744948e+03
   6.7100000e+02  -2.3863006e+03  -4.5616414e+03
   6.7200000e+02  -1.9482760e+03  -3.9570308e+03
   6.7300000e+02  -9.0291755e+02  -2.7828989e+03
   6.7400000e+02   2.0300190e+02  -2.1829260e+03
   6.7500000e+02   6.9738168e+02  -1.5006963e+03
   6.7600000e+02   1.7443223e+03  -2.2764068e+02
   6.7700000e+02   2.7920173e+03   4.2560257e+02
   6.7800000e+02   3.1973829e+03   1.0889431e+03
   6.7900000e+02   4.1655601e+03   2.3363468e+03
   6.8000000e+02   5.1364743e+03   2.9895706e+03
   6.8100000e+02   5.4078224e+03   3.6132161e+03
   6.8200000e+02   6.1790080e+03   4.7309773e+03
   6.8300000e+02   6.9627830e+03   5.2191916e+03
   6.8400000e+02   7.0734419e+03   5.7097728e+03
   6.8500000e+02   7.6332510e+03   6.6954225e+03
   6.8600000e+02   8.1378070e+03   6.9863711e+03
   6.8700000e+02   7.9831997e+03   7.2285395e+03
   6.8800000e+02   8.3165952e+03   7.9767063e+03
   6.8900000e+02   8.5688994e+03   8.0504717e+03
   6.9000000e+02   8.1174702e+03   8.0563940e+03
   6.9100000e+02   8.1609371e+03   8.5343527e+03
   6.9200000e+02   8.1596108e+03   8.3264090e+03
   6.9300000e+02   7.4766639e+03   8.0532027e+03
   6.9400000e+02   7.2785826e+03   8.2480070e+03
   6.9500000e+02   6.9949901e+03   7.7605346e+03
   6.9600000e+02   6.0136940e+03   7.2339094e+03
   6.9700000e+02   5.5812959e+03   7.1946053e+03
   6.9800000e+02   5.1486410e+03   6.4653088e+03
   6.9900000e+02   4.0251948e+03   5.6999868e+03
   7.0000000e+02   3.4047536e+03   5.4598587e+03
   7.0100000e+02   2.7904260e+03   4.5595874e+03
   7.0200000e+02   1.5590537e+03   3.6166436e+03
   7.0300000e+02   8.8967495e+02   3.1983757e+03
   7.0400000e+02   2.2502260e+02   2.1625169e+03
   7.0500000e+02  -1.0698480e+03   1.1345154e+03
   7.0600000e+02  -1.7644221e+03   6.4680002e+02
   7.0700000e+02  -2.3776657e+03  -4.4795819e+02
   7.0800000e+02  -3.5741910e+03  -1.4848288e+03
   7.0900000e+02  -4.1755676e+03  -1.9301711e+03
   7.1000000e+02  -4.7026582e+03  -2.9834176e+03
   7.1100000e+02  -5.7839731e+03  -3.9845190e+03
   7.1200000e+02  -6.2275338e+03  -4.3402754e+03
   7.1300000e+02  -6.5650468e+03  -5.2360911e+03
   7.1400000e+02  -7.4296256e+03  -6.0683785e+03
   7.1500000e+02  -7.6395233e+03  -6.2733518e+03
   7.1600000e+02  -7.7463624e+03  -7.0034624e+03
   7.1700000e+02  -8.3762751e+03  -7.6238633e+03
   7.1800000e+02  -8.3253799e+03  -7.5822093e+03
   7.1900000e+02  -8.1582250e+03  -8.0582342e+03
   7.2000000e+02  -8.5240361e+03  -8.4226669e+03
   7.2100000e+02  -8.2033872e+03  -8.1156791e+03
   7.2200000e+02  -7.7466074e+03  -8.3264918e+03
   7.2300000e+02  -7.8346159e+03  -8.4342078e+03
   7.2400000e+02  -7.2773897e+03  -7.8584898e+03
   7.2500000e+02  -6.6024512e+03  -7.7818144e+03
   7.2600000e+02  -6.4487463e+03  -7.6222511e+03
   7.2700000e+02  -5.6251672e+03  -6.8180974e+03
   7.2800000e+02  -4.7085078e+03  -6.5092866e+03
   7.2900000e+02  -4.3816267e+03  -6.0890023e+03
   7.3000000e+02  -3.4370684e+03  -5.0447021e+03
   7.3100000e+02  -2.4064153e+03  -4.5638991e+03
   7.3200000e+02  -1.9675570e+03  -4.0081603e+03
   7.3300000e+02  -9.3402149e+02  -2.8102185e+03
   7.3400000e+02   1.7108406e+02  -2.1754503e+03
   7.3500000e+02   6.8123807e+02  -1.5241219e+03
   7.3600000e+02   1.7439375e+03  -2.8116013e+02
   7.3700000e+02   2.7906808e+03   4.0729382e+02
   7.3800000e+02   3.1810155e+03   1.1120449e+03
   7.3900000e+02   4.1336651e+03   2.3362542e+03
   7.4000000e+02   5.1007897e+03   2.9351637e+03
   7.4100000e+02   5.3915453e+03   3.5606169e+03
   7.4200000e+02   6.1834624e+03   4.7277464e+03
   7.4300000e+02   6.9533141e+03   5.2170769e+03
   7.4400000e+02   7.0483666e+03   5.6678925e+03
   7.4500000e+02   7.6289270e+03   6.6633481e+03
   7.4600000e+02   8.1402358e+03   6.9916780e+03
   7.4700000e+02   7.9592292e+03   7.2307111e+03
   7.4800000e+02   8.2931863e+03   7.9636293e+03
   7.4900000e+02   8.5683492e+03   8.0401178e+03
   7.5000000e+02   8.1237087e+03   8.0458640e+03
   7.5100000e+02   8.1873536e+03   8.5215889e+03
   7.5200000e+02   8.2076010e+03   8.3158287e+03
   7.5300000e+02   7.4860372e+03   8.0482944e+03
   7.5400000e+02   7.2373482e+03   8.2600081e+03
   7.5500000e+02   6.9780999e+03   7.7784649e+03
   7.5600000e+02   6.0560858e+03   7.2381610e+03
   7.5700000e+02   5.6333189e+03   7.2101792e+03
   7.5800000e+02   5.1636693e+03   6.5067778e+03
   7.5900000e+02   4.0157506e+03   5.7271995e+03
   7.6000000e+02   3.4126211e+03   5.4605039e+03
   7.6100000e+02   2.8228511e+03   4.5660341e+03
   7.6200000e+02   1.5801903e+03   3.6339458e+03
   7.6300000e+02   8.8538702e+02   3.2101181e+03
   7.6400000e+02   2.2591285e+02   2.1699888e+03
   7.6500000e+02  -1.0438513e+03   1.1536681e+03
   7.6600000e+02  -1.7307854e+03   6.8970063e+02
   7.6700000e+02  -2.3533625e+03  -3.9757502e+02
   7.6800000e+02  -3.5510335e+03  -1.4470249e+03
   7.6900000e+02  -4.1504703e+03  -1.8863105e+03
   7.7000000e+02  -4.6937224e+03  -2.9314108e+03
   7.7100000e+02  -5.7839494e+03  -3.9696211e+03
   7.7200000e+02  -6.2010760e+03  -4.3673735e+03
   7.7300000e+02  -6.5212110e+03  -5.2603060e+03
   7.7400000e+02  -7.4073759e+03  -6.0724410e+03
   7.7500000e+02  -7.6310580e+03  -6.2598228e+03
   7.7600000e+02  -7.7343592e+03  -6.9739535e+03
   7.7700000e+02  -8.3797634e+03  -7.6001518e+03
   7.7800000e+02  -8.3396490e+03  -7.5800615e+03
   7.7900000e+02  -8.1540862e+03  -8.0691119e+03
   7.8000000e+02  -8.5139229e+03  -8.4369135e+03
   7.8100000e+02  -8.2134985e+03  -8.1183223e+03
   7.8200000e+02  -7.7707456e+03  -8.3109609e+03
   7.8300000e+02  -7.8571066e+03  -8.4275277e+03
   7.8400000e+02  -7.2836838e+03  -7.8801290e+03
   7.8500000e+02  -6.5897828e+03  -7.8163577e+03
   7.8600000e+02  -6.4506386e+03  -7.6448392e+03
   7.8700000e+02  -5.6655924e+03  -6.8084577e+03
   7.8800000e+02  -4.7550069e+03  -6.4826474e+03
   7.8900000e+02  -4.4003852e+03  -6.0954128e+03
   7.9000000e+02  -3.4441283e+03  -5.0810736e+03
   7.9100000e+02  -2.4275628e+03  -4.5768839e+03
   7.9200000e+02  -1.9901955e+03  -4.0030999e+03
   7.9300000e+02  -9.3395099e+02  -2.8335903e+03
   7.9400000e+02   1.7012595e+02  -2.2223381e+03
   7.9500000e+02   6.3695828e+02  -1.5582196e+03
   7.9600000e+02   1.6851246e+03  -2.9590123e+02
   7.9700000e+02   2.7788052e+03   3.8718712e+02
   7.9800000e+02   3.1971682e+03   1.0734665e+03
   7.9900000e+02   4.1197997e+03   2.3063608e+03
   8.0000000e+02   5.0654755e+03   2.9277892e+03
   8.0100000e+02   5.3749098e+03   3.5444045e+03
   8.0200000e+02   6.1808100e+03   4.7088868e+03
   8.0300000e+02   6.9332819e+03   5.2351968e+03
   8.0400000e+02   7.0071623e+03   5.6873584e+03
   8.0500000e+02   7.6025784e+03   6.6320808e+03
   8.0600000e+02   8.1518699e+03   6.9538619e+03
   8.0700000e+02   7.9765835e+03   7.2358766e+03
   8.0800000e+02   8.2944985e+03   7.9807610e+03
   8.0900000e+02   8.5888934e+03   8.0405965e+03
   8.1000000e+02   8.1647529e+03   8.0460787e+03
   8.1100000e+02   8.1894203e+03   8.5296721e+03
   8.1200000e+02   8.1678860e+03   8.3186274e+03
   8.1300000e+02   7.4725051e+03   8.0412847e+03
   8.1400000e+02   7.2727354e+03   8.2603661e+03
   8.1500000e+02   7.0176514e+03   7.7984336e+03
   8.1600000e+02   6.0629180e+03   7.2546220e+03
   8.1700000e+02   5.6189469e+03   7.2038150e+03
   8.1800000e+02   5.1698869e+03   6.5042198e+03
   8.1900000e+02   4.0581556e+03   5.7462035e+03
   8.2000000e+02   3.4550480e+03   5.4699500e+03
   8.2100000e+02   2.8393399e+03   4.5513897e+03
   8.2200000e+02   1.5926482e+03   3.6373213e+03
   8.2300000e+02   9.0691822e+02   3.2627837e+03
   8.2400000e+02   2.4213479e+02   2.2308550e+03
   8.2500000e+02  -1.0258484e+03   1.1653473e+03
   8.2600000e+02  -1.6966790e+03   6.7071816e+02
   8.2700000e+02  -2.3262112e+03  -3.9318738e+02
   8.2800000e+02  -3.5463297e+03  -1.4333821e+03
   8.2900000e+02  -4.1333095e+03  -1.9036433e+03
   8.3000000e+02  -4.6492790e+03  -2.9479169e+03
   8.3100000e+02  -5.7601637e+03  -3.9319014e+03
   8.3200000e+02  -6.2177192e+03  -4.2928007e+03
   8.3300000e+02  -6.5296796e+03  -5.2084852e+03
   8.3400000e+02  -7.3907909e+03  -6.0680822e+03
   8.3500000e+02  -7.6263386e+03  -6.2738544e+03
   8.3600000e+02  -7.7357929e+03  -6.9715122e+03
   8.3700000e+02  -8.3567048e+03  -7.5865503e+03
   8.3800000e+02  -8.3232451e+03  -7.5682448e+03
   8.3900000e+02  -8.1775494e+03  -8.0455874e+03
   8.4000000e+02  -8.5405284e+03  -8.4085667e+03
   8.4100000e+02  -8.2118230e+03  -8.1178230e+03
   8.4200000e+02  -7.7626040e+03  -8.3306832e+03
   8.4300000e+02  -7.8642614e+03  -8.4369556e+03
   8.4400000e+02  -7.3069826e+03  -7.8838188e+03
   8.4500000e+02  -6.6139404e+03  -7.8229957e+03
   8.4600000e+02  -6.4522108e+03  -7.6475368e+03
   8.4700000e+02  -5.6639415e+03  -6.8232614e+03
   8.4800000e+02  -4.7964429e+03  -6.5219301e+03
   8.4900000e+02  -4.4642940e+03  -6.1266885e+03
   8.5000000e+02  -3.4710994e+03  -5.0848953e+03
   8.5100000e+02  -2.4229174e+03  -4.5853999e+03
   8.5200000e+02  -1.9972748e+03  -4.0340445e+03
   8.5300000e+02  -9.5731427e+02  -2.8577621e+03
   8.5400000e+02   1.5363429e+02  -2.2204057e+03
   8.5500000e+02   6.3465678e+02  -1.5502055e+03
   8.5600000e+02   1.6732190e+03  -3.0621469e+02
   8.5700000e+02   2.7376674e+03   3.5735714e+02
   8.5800000e+02   3.1588179e+03   1.0393077e+03
   8.5900000e+02   4.1172774e+03   2.2831314e+03
   8.6000000e+02   5.0650681e+03   2.9206854e+03
   8.6100000e+02   5.3457032e+03   3.5450672e+03
   8.6200000e+02   6.1593573e+03   4.7004201e+03
   8.6300000e+02   6.9500364e+03   5.2131043e+03
   8.6400000e+02   7.0350378e+03   5.6725710e+03
   8.6500000e+02   7.6068863e+03   6.6375725e+03
   8.6600000e+02   8.1329243e+03   6.9545639e+03
   8.6700000e+02   7.9581050e+03   7.2114741e+03
   8.6800000e+02   8.2829481e+03   7.9547765e+03
   8.6900000e+02   8.5708690e+03   8.0342628e+03
   8.7000000e+02   8.1578452e+03   8.0408829e+03
   8.7100000e+02   8.2210866e+03   8.5108843e+03
   8.7200000e+02   8.2068759e+03   8.3082468e+03
   8.7300000e+02   7.4794952e+03   8.0590139e+03
   8.7400000e+02   7.2661613e+03   8.2844667e+03
   8.7500000e+02   7.0225552e+03   7.8000740e+03
   8.7600000e+02   6.0854424e+03   7.2523521e+03
   8.7700000e+02   5.6629987e+03   7.2257076e+03
   8.7800000e+02   5.2045738e+03   6.5226863e+03
   8.7900000e+02   4.0506644e+03   5.7400404e+03
   8.8000000e+02   3.4415273e+03   5.4897074e+03
   8.8100000e+02   2.8593962e+03   4.6151903e+03
   8.8200000e+02   1.6239653e+03   3.6672225e+03
   8.8300000e+02   9.2741361e+02   3.2227707e+03
   8.8400000e+02   2.5786959e+02   2.1969004e+03
   8.8500000e+02  -1.0073607e+03   1.1930950e+03
   8.8600000e+02  -1.6622154e+03   7.1730969e+02
   8.8700000e+02  -2.2839493e+03  -3.8033253e+02
   8.8800000e+02  -3.5399671e+03  -1.4385144e+03
   8.8900000e+02  -4.1648269e+03  -1.8833376e+03
   8.9000000e+02  -4.6573654e+03  -2.9049754e+03
   8.9100000e+02  -5.7143503e+03  -3.9054007e+03
   8.9200000e+02  -6.1648338e+03  -4.2901297e+03
   8.9300000e+02  -6.5258033e+03  -5.2003618e+03
   8.9400000e+02  -7.4213922e+03  -6.0430218e+03
   8.9500000e+02  -7.6334660e+03  -6.2501909e+03
   8.9600000e+02  -7.7167307e+03  -6.9607560e+03
   8.9700000e+02  -8.3536498e+03  -7.5785947e+03
   8.9800000e+02  -8.3315152e+03  -7.5611431e+03
   8.9900000e+02  -8.1701628e+03  -8.0561331e+03
   9.0000000e+02  -8.5361253e+03  -8.4272453e+03
   9.0100000e+02  -8.2361446e+03  -8.1139446e+03
   9.0200000e+02  -7.8040375e+03  -8.3224900e+03
   9.0300000e+02  -7.8906778e+03  -8.4542067e+03
   9.0400000e+02  -7.2983734e+03  -7.8891181e+03
   9.0500000e+02  -6.6001928e+03  -7.7950011e+03
   9.0600000e+02  -6.4758487e+03  -7.6383334e+03
   9.0700000e+02  -5.6924045e+03  -6.8390133e+03
   9.0800000e+02  -4.7793667e+03  -6.5128446e+03
   9.0900000e+02  -4.4374514e+03  -6.1113412e+03
   9.1000000e+02  -3.4843465e+03  -5.1092218e+03
   9.1100000e+02  -2.4581780e+03  -4.6238660e+03
   9.1200000e+02  -2.0259068e+03  -4.0534741e+03
   9.1300000e+02  -9.7621079e+02  -2.8739294e+03
   9.1400000e+02   1.4060997e+02  -2.2458964e+03
   9.1500000e+02   6.1313489e+02  -1.5721464e+03
   9.1600000e+02   1.6372437e+03  -3.1278343e+02
   9.1700000e+02   2.7068071e+03   3.6119190e+02
   9.1800000e+02   3.1464770e+03   1.0376369e+03
   9.1900000e+02   4.1178032e+03   2.2708294e+03
   9.2000000e+02   5.0651658e+03   2.8969370e+03
   9.2100000e+02   5.3322224e+03   3.5007032e+03
   9.2200000e+02   6.1402326e+03   4.6523398e+03
   9.2300000e+02   6.9400102e+03   5.1952006e+03
   9.2400000e+02   7.0217799e+03   5.6729430e+03
   9.2500000e+02   7.5856571e+03   6.6238469e+03
   9.2600000e+02   8.1306810e+03   6.9330148e+03
   9.2700000e+02   7.9844312e+03   7.2002116e+03
   9.2800000e+02   8.3152772e+03   7.9532381e+03
   9.2900000e+02   8.5825864e+03   8.0304795e+03
   9.3000000e+02   8.1370238e+03   8.0214415e+03
   9.3100000e+02   8.1948498e+03   8.4929688e+03
   9.3200000e+02   8.2112507e+03   8.3229573e+03
   9.3300000e+02   7.4962041e+03   8.0814290e+03
   9.3400000e+02   7.2687555e+03   8.2773294e+03
   9.3500000e+02   7.0320867e+03   7.7924146e+03
   9.3600000e+02   6.1061658e+03   7.2698562e+03
   9.3700000e+02   5.6649386e+03   7.2398747e+03
   9.3800000e+02   5.1940309e+03   6.5247081e+03
   9.3900000e+02   4.0580771e+03   5.7454323e+03
   9.4000000e+02   3.4677668e+03   5.4886403e+03
   9.4100000e+02   2.8853283e+03   4.6116233e+03
   9.4200000e+02   1.6362340e+03   3.6950461e+03
   9.4300000e+02   9.3964751e+02   3.2772017e+03
   9.4400000e+02   2.9825360e+02   2.2304899e+03
   9.4500000e+02  -9.5955939e+02   1.1933699e+03
   9.4600000e+02  -1.6578297e+03   7.2534014e+02
   9.4700000e+02  -2.3075863e+03  -3.4357020e+02
   9.4800000e+02  -3.5316734e+03  -1.4100999e+03
   9.4900000e+02  -4.1196888e+03  -1.8848735e+03
   9.5000000e+02  -4.6235418e+03  -2.8986933e+03
   9.5100000e+02  -5.7194785e+03  -3.8725067e+03
   9.5200000e+02  -6.1808565e+03  -4.2624639e+03
   9.5300000e+02  -6.5104434e+03  -5.1858872e+03
   9.5400000e+02  -7.3863082e+03  -6.0201356e+03
   9.5500000e+02  -7.6188864e+03  -6.2295481e+03
   9.5600000e+02  -7.7184479e+03  -6.9688755e+03
   9.5700000e+02  -8.3551791e+03  -7.5992729e+03
   9.5800000e+02  -8.3474345e+03  -7.5438951e+03
   9.5900000e+02  -8.1901076e+03  -7.9920028e+03
   9.6000000e+02  -8.5199377e+03  -8.3868171e+03
   9.6100000e+02  -8.1915060e+03  -8.1467227e+03
   9.6200000e+02  -7.7782796e+03  -8.3639128e+03
   9.6300000e+02  -7.8968397e+03  -8.4418545e+03
   9.6400000e+02  -7.3112969e+03  -7.8758166e+03
   9.6500000e+02  -6.6079854e+03  -7.8263230e+03
   9.6600000e+02  -6.4953860e+03  -7.6624537e+03
   9.6700000e+02  -5.7258910e+03  -6.8267990e+03
   9.6800000e+02  -4.7980400e+03  -6.5088371e+03
   9.6900000e+02  -4.4391549e+03  -6.1344978e+03
   9.7000000e+02  -3.4994604e+03  -5.1345070e+03
   9.7100000e+02  -2.4802860e+03  -4.6431770e+03
   9.7200000e+02  -2.0316955e+03  -4.0732664e+03
   9.7300000e+02  -9.9114616e+02  -2.8902904e+03
   9.7400000e+02   9.1363466e+01  -2.2559524e+03
   9.7500000e+02   5.6031306e+02  -1.5817796e+03
   9.7600000e+02   1.6153961e+03  -3.2685968e+02
   9.7700000e+02   2.7064344e+03   3.4211374e+02
   9.7800000e+02   3.1333144e+03   1.0098490e+03
   9.7900000e+02   4.0806091e+03   2.2331611e+03
   9.8000000e+02   5.0408053e+03   2.8711635e+03
   9.8100000e+02   5.3424870e+03   3.5077156e+03
   9.8200000e+02   6.1384362e+03   4.6610205e+03
   9.8300000e+02   6.9004291e+03   5.1625404e+03
   9.8400000e+02   6.9960065e+03   5.6239018e+03
   9.8500000e+02   7.5982204e+03   6.6067539e+03
   9.8600000e+02   8.1397300e+03   6.9374528e+03
   9.8700000e+02   7.9722949e+03   7.1950530e+03
   9.8800000e+02   8.3038454e+03   7.9403539e+03
   9.8900000e+02   8.5790302e+03   8.0224947e+03
   9.9000000e+02   8.1344916e+03   8.0291216e+03
   9.9100000e+02   8.1919985e+03   8.5159328e+03
   9.9200000e+02   8.2119162e+03   8.3247324e+03
   9.9300000e+02   7.5047079e+03   8.0444497e+03
   9.9400000e+02   7.2797066e+03   8.2546271e+03
   9.9500000e+02   7.0411274e+03   7.8129503e+03
   9.9600000e+02   6.1257980e+03   7.2822207e+03
   9.9700000e+02   5.6983286e+03   7.2278129e+03
   9.9800000e+02   5.2228940e+03   6.5446103e+03
   9.9900000e+02   4.0744125e+03   5.8039701e+03
   1.0000000e+03   3.4792603e+03   5.5231893e+03
   1.0010000e+03   2.9004044e+03   4.6017919e+03
   1.0020000e+03   1.6632343e+03   3.6828782e+03
   1.0030000e+03   9.7318933e+02   3.2933803e+03
   1.0040000e+03   3.1966741e+02   2.2673954e+03
   1.0050000e+03  -9.5110248e+02   1.2237312e+03
   1.0060000e+03  -1.6457930e+03   7.2532811e+02
   1.0070000e+03  -2.2807474e+03  -3.5697061e+02
   1.0080000e+03  -3.4925003e+03  -1.3832729e+03
   1.0090000e+03  -4.0932907e+03  -1.8137117e+03
   1.0100000e+03  -4.6273361e+03  -2.8552328e+03
   1.0110000e+03  -5.7186509e+03  -3.8864027e+03
   1.0120000e+03  -6.1466304e+03  -4.2681244e+03
   1.0130000e+03  -6.4818850e+03  -5.1506587e+03
   1.0140000e+03  -7.3933858e+03  -5.9965294e+03
   1.0150000e+03  -7.6308089e+03  -6.2305722e+03
   1.0160000e+03  -7.7137107e+03  -6.9440409e+03
   1.0170000e+03  -8.3397539e+03  -7.5596081e+03
   1.0180000e+03  -8.3194449e+03  -7.5583481e+03
   1.0190000e+03  -8.1681231e+03  -8.0528973e+03
   1.0200000e+03  -8.5376105e+03  -8.4082827e+03
   1.0210000e+03  -8.2289640e+03  -8.1027137e+03
   1.0220000e+03  -7.7902256e+03  -8.3244939e+03
   1.0230000e+03  -7.8971928e+03  -8.4496975e+03
   1.0240000e+03  -7.3394057e+03  -7.8814410e+03
   1.0250000e+03  -6.6448321e+03  -7.7931883e+03
   1.0260000e+03  -6.4955103e+03  -7.6383543e+03
   1.0270000e+03  -5.7036046e+03  -6.8551648e+03
   1.0280000e+03  -4.8079215e+03  -6.5633194e+03
   1.0290000e+03  -4.4887026e+03  -6.1751845e+03
   1.0300000e+03  -3.5481547e+03  -5.1527817e+03
   1.0310000e+03  -2.5066256e+03  -4.6474891e+03
   1.0320000e+03  -2.0442496e+03  -4.0738452e+03
   1.0330000e+03  -9.9854531e+02  -2.8953465e+03
   1.0340000e+03   8.5701190e+01  -2.2782352e+03
   1.0350000e+03   5.5357472e+02  -1.6294083e+03
   1.0360000e+03   1.6003432e+03  -3.7562846e+02
   1.0370000e+03   2.6747583e+03   3.1885198e+02
   1.0380000e+03   3.0985624e+03   9.9763286e+02
   1.0390000e+03   4.0611790e+03   2.2206367e+03
   1.0400000e+03   5.0201277e+03   2.8705239e+03
   1.0410000e+03   5.3097628e+03   3.5012448e+03
   1.0420000e+03   6.1270817e+03   4.6328828e+03
   1.0430000e+03   6.9193753e+03   5.1488373e+03
   1.0440000e+03   7.0037486e+03   5.6326159e+03
   1.0450000e+03   7.5809682e+03   6.5936609e+03
   1.0460000e+03   8.1217924e+03   6.9070309e+03
   1.0470000e+03   7.9609138e+03   7.1861421e+03
   1.0480000e+03   8.2988656e+03   7.9406582e+03
   1.0490000e+03   8.5908756e+03   8.0119820e+03
   1.0500000e+03   8.1533579e+03   8.0217243e+03
   1.0510000e+03   8.1932167e+03   8.5129612e+03
   1.0520000e+03   8.2036612e+03   8.3246134e+03
   1.0530000e+03   7.5232723e+03   8.0635742e+03
   1.0540000e+03   7.3241376e+03   8.2766319e+03
   1.0550000e+03   7.0594007e+03   7.8070128e+03
   1.0560000e+03   6.1031780e+03   7.2730886e+03
   1.0570000e+03   5.6952502e+03   7.2466079e+03
   1.0580000e+03   5.2706052e+03   6.5646674e+03
   1.0590000e+03   4.1236964e+03   5.8034312e+03
   1.0600000e+03   3.4937939e+03   5.5274609e+03
   1.0610000e+03   2.9002942e+03   4.6228161e+03
   1.0620000e+03   1.6750641e+03   3.6990630e+03
   1.0630000e+03   1.0068545e+03   3.2984487e+03
   1.0640000e+03   3.5784217e+02   2.2762998e+03
   1.0650000e+03  -9.4039931e+02   1.2439120e+03
   1.0660000e+03  -1.6469658e+03   7.6078445e+02
   1.0670000e+03  -2.2566727e+03  -3.0718424e+02
   1.0680000e+03  -3.4658410e+03  -1.3509982e+03
   1.0690000e+03  -4.0893778e+03  -1.8271472e+03
   1.0700000e+03  -4.6151777e+03  -2.8741153e+03
   1.0710000e+03  -5.6949948e+03  -3.8582845e+03
   1.0720000e+03  -6.1446985e+03  -4.2262213e+03
   1.0730000e+03  -6.4849964e+03  -5.1453563e+03
   1.0740000e+03  -7.3747388e+03  -5.9950043e+03
   1.0750000e+03  -7.6124325e+03  -6.2002914e+03
   1.0760000e+03  -7.7081180e+03  -6.9248020e+03
   1.0770000e+03  -8.3365225e+03  -7.5622470e+03
   1.0780000e+03  -8.3266065e+03  -7.5353045e+03
   1.0790000e+03  -8.1845422e+03  -8.0114079e+03
   1.0800000e+03  -8.5434618e+03  -8.4067897e+03
   1.0810000e+03  -8.2267995e+03  -8.1387520e+03
   1.0820000e+03  -7.7927127e+03  -8.3419646e+03
   1.0830000e+03  -7.9044687e+03  -8.4342171e+03
   1.0840000e+03  -7.3520666e+03  -7.8771284e+03
   1.0850000e+03  -6.6585687e+03  -7.8312941e+03
   1.0860000e+03  -6.5078663e+03  -7.6856000e+03
   1.0870000e+03  -5.7315201e+03  -6.8616126e+03
   1.0880000e+03  -4.8491100e+03  -6.5364793e+03
   1.0890000e+03  -4.5086802e+03  -6.1569118e+03
   1.0900000e+03  -3.5427890e+03  -5.1582753e+03
   1.0910000e+03  -2.5111310e+03  -4.6701108e+03
   1.0920000e+03  -2.0763996e+03  -4.1049710e+03
   1.0930000e+03  -1.0433487e+03  -2.9195211e+03
   1.0940000e+03   5.5124163e+01  -2.2828335e+03
   1.0950000e+03   5.5037849e+02  -1.6236466e+03
   1.0960000e+03   1.6036831e+03  -3.8871057e+02
   1.0970000e+03   2.6592299e+03   2.7527122e+02
   1.0980000e+03   3.0753663e+03   9.5894355e+02
   1.0990000e+03   4.0555153e+03   2.2111398e+03
   1.1000000e+03   5.0296003e+03   2.8556395e+03
   1.1010000e+03   5.3075290e+03   3.4682784e+03
   1.1020000e+03   6.0998584e+03   4.6187939e+03
   1.1030000e+03   6.8928717e+03   5.1436739e+03
   1.1040000e+03   7.0017979e+03   5.6025202e+03
   1.1050000e+03   7.5795047e+03   6.5688844e+03
   1.1060000e+03   8.1017178e+03   6.9085503e+03
   1.1070000e+03   7.9534385e+03   7.1778269e+03
   1.1080000e+03   8.3177035e+03   7.9224449e+03
   1.1090000e+03   8.6027191e+03   8.0139012e+03
   1.1100000e+03   8.1489211e+03   8.0311064e+03
   1.1110000e+03   8.1993782e+03   8.5132289e+03
   1.1120000e+03   8.2229806e+03   8.3204346e+03
   1.1130000e+03   7.5283155e+03   8.0520371e+03
   1.1140000e+03   7.3107214e+03   8.2735730e+03
   1.1150000e+03   7.0647053e+03   7.8373465e+03
   1.1160000e+03   6.1412467e+03   7.3114226e+03
   1.1170000e+03   5.7144716e+03   7.2554959e+03
   1.1180000e+03   5.2467419e+03   6.5554068e+03
   1.1190000e+03   4.1221720e+03   5.8009726e+03
   1.1200000e+03   3.5511538e+03   5.5332943e+03
   1.1210000e+03   2.9583507e+03   4.6312391e+03
   1.1220000e+03   1.6914450e+03   3.7134838e+03
   1.1230000e+03   1.0023195e+03   3.3235620e+03
   1.1240000e+03   3.5576198e+02   2.3017760e+03
   1.1250000e+03  -9.2643680e+02   1.2622010e+03
   1.1260000e+03  -1.6164145e+03   7.8713190e+02
   1.1270000e+03  -2.2369583e+03  -2.7678633e+02
   1.1280000e+03  -3.4643674e+03  -1.3435139e+03
   1.1290000e+03  -4.0753790e+03  -1.8247426e+03
   1.1300000e+03  -4.5826657e+03  -2.8432398e+03
   1.1310000e+03  -5.6741875e+03  -3.8233595e+03
   1.1320000e+03  -6.1501320e+03  -4.2145410e+03
   1.1330000e+03  -6.4975808e+03  -5.1378733e+03
   1.1340000e+03  -7.3667778e+03  -5.9823215e+03
   1.1350000e+03  -7.5861575e+03  -6.1913794e+03
   1.1360000e+03  -7.6957267e+03  -6.9146328e+03
   1.1370000e+03  -8.3445689e+03  -7.5522069e+03
   1.1380000e+03  -8.3254941e+03  -7.5329659e+03
   1.1390000e+03  -8.1645998e+03  -8.0042731e+03
   1.1400000e+03  -8.5306686e+03  -8.3852769e+03
   1.1410000e+03  -8.2452927e+03  -8.1204644e+03
   1.1420000e+03  -7.8304020e+03  -8.3479618e+03
   1.1430000e+03  -7.9198455e+03  -8.4531567e+03
   1.1440000e+03  -7.3397783e+03  -7.8723479e+03
   1.1450000e+03  -6.6644980e+03  -7.8059123e+03
   1.1460000e+03  -6.5378388e+03  -7.6933466e+03
   1.1470000e+03  -5.7432528e+03  -6.9131447e+03
   1.1480000e+03  -4.8504501e+03  -6.5798383e+03
   1.1490000e+03  -4.5359691e+03  -6.1696556e+03
   1.1500000e+03  -3.5766731e+03  -5.1617576e+03
   1.1510000e+03  -2.5216650e+03  -4.6750390e+03
   1.1520000e+03  -2.0770368e+03  -4.1143567e+03
   1.1530000e+03  -1.0492853e+03  -2.9424652e+03
   1.1540000e+03   4.5737440e+01  -2.3193019e+03
   1.1550000e+03   5.3766698e+02  -1.6606966e+03
   1.1560000e+03   1.5902228e+03  -4.0853902e+02
   1.1570000e+03   2.6459721e+03   2.7543854e+02
   1.1580000e+03   3.0537709e+03   9.6073830e+02
   1.1590000e+03   4.0241591e+03   2.2082060e+03
   1.1600000e+03   5.0023924e+03   2.8547840e+03
   1.1610000e+03   5.2980202e+03   3.4600877e+03
   1.1620000e+03   6.0994893e+03   4.5968974e+03
   1.1630000e+03   6.8765967e+03   5.1161286e+03
   1.1640000e+03   6.9721125e+03   5.5690112e+03
   1.1650000e+03   7.5664774e+03   6.5392083e+03
   1.1660000e+03   8.1037901e+03   6.9039936e+03
   1.1670000e+03   7.9443385e+03   7.1863474e+03
   1.1680000e+03   8.3032106e+03   7.9184179e+03
   1.1690000e+03   8.6022127e+03   7.9995464e+03
   1.1700000e+03   8.1575004e+03   8.0161581e+03
   1.1710000e+03   8.2082211e+03   8.5056490e+03
   1.1720000e+03   8.2332476e+03   8.3257075e+03
   1.1730000e+03   7.5415581e+03   8.0542050e+03
   1.1740000e+03   7.3265562e+03   8.2674782e+03
   1.1750000e+03   7.0747130e+03   7.8463301e+03
   1.1760000e+03   6.1429304e+03   7.3329204e+03
   1.1770000e+03   5.7311594e+03   7.2673786e+03
   1.1780000e+03   5.2867674e+03   6.5649458e+03
   1.1790000e+03   4.1489011e+03   5.8192077e+03
   1.1800000e+03   3.5465221e+03   5.5570138e+03
   1.1810000e+03   2.9604886e+03   4.6606684e+03
   1.1820000e+03   1.7260840e+03   3.7376381e+03
   1.1830000e+03   1.0404312e+03   3.3359295e+03
   1.1840000e+03   3.7168124e+02   2.3231884e+03
   1.1850000e+03  -9.1692414e+02   1.2900121e+03
   1.1860000e+03  -1.6021518e+03   7.9418556e+02
   1.1870000e+03  -2.2292912e+03  -2.7892926e+02
   1.1880000e+03  -3.4535040e+03  -1.3331790e+03
   1.1890000e+03  -4.0466970e+03  -1.8135462e+03
   1.1900000e+03  -4.5620656e+03  -2.8359683e+03
   1.1910000e+03  -5.6740534e+03  -3.8113735e+03
   1.1920000e+03  -6.1331713e+03  -4.2014592e+03
   1.1930000e+03  -6.4606433e+03  -5.1201407e+03
   1.1940000e+03  -7.3562310e+03  -5.9527265e+03
   1.1950000e+03  -7.6065764e+03  -6.1642589e+03
   1.1960000e+03  -7.7102572e+03  -6.9053350e+03
   1.1970000e+03  -8.3376920e+03  -7.5576118e+03
   1.1980000e+03  -8.3035020e+03  -7.5405473e+03
   1.1990000e+03  -8.1507062e+03  -8.0061244e+03
   1.2000000e+03  -8.5498366e+03  -8.3881333e+03
   1.2010000e+03  -8.2727120e+03  -8.1196903e+03
   1.2020000e+03  -7.8272522e+03  -8.3227117e+03
   1.2030000e+03  -7.9109729e+03  -8.4332119e+03
   1.2040000e+03  -7.3604074e+03  -7.9114905e+03
   1.2050000e+03  -6.6911101e+03  -7.8623969e+03
   1.2060000e+03  -6.5457557e+03  -7.6881689e+03
   1.2070000e+03  -5.7479920e+03  -6.8742176e+03
   1.2080000e+03  -4.8638202e+03  -6.5709449e+03
   1.2090000e+03  -4.5534668e+03  -6.1744246e+03
   1.2100000e+03  -3.5973224e+03  -5.1575482e+03
   1.2110000e+03  -2.5418379e+03  -4.6911519e+03
   1.2120000e+03  -2.0912097e+03  -4.1525545e+03
   1.2130000e+03  -1.0639235e+03  -2.9608636e+03
   1.2140000e+03   2.0987838e+01  -2.3145475e+03
   1.2150000e+03   5.0698512e+02  -1.6716420e+03
   1.2160000e+03   1.5699190e+03  -4.3894640e+02
   1.2170000e+03   2.6463190e+03   2.5979549e+02
   1.2180000e+03   3.0639281e+03   9.5940087e+02
   1.2190000e+03   4.0240280e+03   2.1844208e+03
   1.2200000e+03   4.9874507e+03   2.8033183e+03
   1.2210000e+03   5.2775629e+03   3.4107570e+03
   1.2220000e+03   6.0772280e+03   4.5706817e+03
   1.2230000e+03   6.8516172e+03   5.1207664e+03
   1.2240000e+03   6.9548020e+03   5.5954079e+03
   1.2250000e+03   7.5752186e+03   6.5543335e+03
   1.2260000e+03   8.1359963e+03   6.8933668e+03
   1.2270000e+03   7.9625060e+03   7.1712153e+03
   1.2280000e+03   8.2787071e+03   7.9060377e+03
   1.2290000e+03   8.5667750e+03   7.9773477e+03
   1.2300000e+03   8.1592897e+03   7.9919782e+03
   1.2310000e+03   8.2257843e+03   8.4978411e+03
   1.2320000e+03   8.2140059e+03   8.3370323e+03
   1.2330000e+03   7.5072643e+03   8.0740395e+03
   1.2340000e+03   7.3370868e+03   8.2718723e+03
   1.2350000e+03   7.1202928e+03   7.8229821e+03
   1.2360000e+03   6.1730919e+03   7.3148209e+03
   1.2370000e+03   5.7371061e+03   7.2819389e+03
   1.2380000e+03   5.2851990e+03   6.5795666e+03
   1.2390000e+03   4.1504537e+03   5.8087575e+03
   1.2400000e+03   3.5603012e+03   5.5576271e+03
   1.2410000e+03   2.9765247e+03   4.6945934e+03
   1.2420000e+03   1.7270034e+03   3.7690988e+03
   1.2430000e+03   1.0462046e+03   3.3397026e+03
   1.2440000e+03   4.0535081e+02   2.3232527e+03
   1.2450000e+03  -8.7636890e+02   1.3135299e+03
   1.2460000e+03  -1.5711099e+03   8.3057055e+02
   1.2470000e+03  -2.1974273e+03  -2.5832374e+02
   1.2480000e+03  -3.4332729e+03  -1.3239412e+03
   1.2490000e+03  -4.0509654e+03  -1.7823935e+03
   1.2500000e+03  -4.5584706e+03  -2.7866163e+03
   1.2510000e+03  -5.6455029e+03  -3.7830180e+03
   1.2520000e+03  -6.1146098e+03  -4.1971427e+03
   1.2530000e+03  -6.4626166e+03  -5.1141539e+03
   1.2540000e+03  -7.3447808e+03  -5.9467394e+03
   1.2550000e+03  -7.5763479e+03  -6.1653910e+03
   1.2560000e+03  -7.6893596e+03  -6.8949565e+03
   1.2570000e+03  -8.3369864e+03  -7.5292783e+03
   1.2580000e+03  -8.3193851e+03  -7.5185635e+03
   1.2590000e+03  -8.1721719e+03  -8.0031112e+03
   1.2600000e+03  -8.5488992e+03  -8.3860969e+03
   1.2610000e+03  -8.2487897e+03  -8.1111908e+03
   1.2620000e+03  -7.8242945e+03  -8.3292452e+03
   1.2630000e+03  -7.9342664e+03  -8.4508765e+03
   1.2640000e+03  -7.3597397e+03  -7.9000842e+03
   1.2650000e+03  -6.6637467e+03  -7.8282036e+03
   1.2660000e+03  -6.5482346e+03  -7.6825841e+03
   1.2670000e+03  -5.7922992e+03  -6.8971241e+03
   1.2680000e+03  -4.9005333e+03  -6.5933396e+03
   1.2690000e+03  -4.5538796e+03  -6.2082843e+03
   1.2700000e+03  -3.5887297e+03  -5.1972666e+03
   1.2710000e+03  -2.5638311e+03  -4.6960440e+03
   1.2720000e+03  -2.1377257e+03  -4.1390758e+03
   1.2730000e+03  -1.0875207e+03  -2.9787218e+03
   1.2740000e+03   3.3930369e+01  -2.3512247e+03
   1.2750000e+03   5.0704498e+02  -1.6872053e+03
   1.2760000e+03   1.5189392e+03  -4.3435319e+02
   1.2770000e+03   2.5746983e+03   2.5685883e+02
   1.2780000e+03   3.0256351e+03   9.2992496e+02
   1.2790000e+03   4.0239405e+03   2.1451734e+03
   1.2800000e+03   4.9841945e+03   2.7911767e+03
   1.2810000e+03   5.2568218e+03   3.4151497e+03
   1.2820000e+03   6.0724209e+03   4.5432729e+03
   1.2830000e+03   6.8686405e+03   5.0660764e+03
   1.2840000e+03   6.9497428e+03   5.5674782e+03
   1.2850000e+03   7.5346506e+03   6.5618844e+03
   1.2860000e+03   8.0986218e+03   6.8845931e+03
   1.2870000e+03   7.9553267e+03   7.1244435e+03
   1.2880000e+03   8.2958373e+03   7.8712920e+03
   1.2890000e+03   8.5884278e+03   7.9895447e+03
   1.2900000e+03   8.1661000e+03   8.0129021e+03
   1.2910000e+03   8.2268042e+03   8.4945007e+03
   1.2920000e+03   8.2348324e+03   8.3292997e+03
   1.2930000e+03   7.5324836e+03   8.0802503e+03
   1.2940000e+03   7.3319127e+03   8.2929059e+03
   1.2950000e+03   7.1004500e+03   7.8490996e+03
   1.2960000e+03   6.1756334e+03   7.3125978e+03
   1.2970000e+03   5.7584223e+03   7.2538861e+03
   1.2980000e+03   5.3059058e+03   6.5880555e+03
   1.2990000e+03   4.1685808e+03   5.8596987e+03
   1.3000000e+03   3.5736943e+03   5.5828140e+03
   1.3010000e+03   2.9835550e+03   4.6824658e+03
   1.3020000e+03   1.7420619e+03   3.7710919e+03
   1.3030000e+03   1.0776815e+03   3.3704498e+03
   1.3040000e+03   4.3671748e+02   2.3522483e+03
   1.3050000e+03  -8.6186562e+02   1.3166955e+03
   1.3060000e+03  -1.5656947e+03   8.2522596e+02
   1.3070000e+03  -2.1819639e+03  -2.3097543e+02
   1.3080000e+03  -3.4060298e+03  -1.2734975e+03
   1.3090000e+03  -4.0294833e+03  -1.7601666e+03
   1.3100000e+03  -4.5491650e+03  -2.7878013e+03
   1.3110000e+03  -5.6313640e+03  -3.7639188e+03
   1.3120000e+03  -6.0875329e+03  -4.1608524e+03
   1.3130000e+03  -6.4416624e+03  -5.0875197e+03
   1.3140000e+03  -7.3422311e+03  -5.9315113e+03
   1.3150000e+03  -7.5756318e+03  -6.1519426e+03
   1.3160000e+03  -7.6762217e+03  -6.8793822e+03
   1.3170000e+03  -8.3200911e+03  -7.5178295e+03
   1.3180000e+03  -8.3059167e+03  -7.5118743e+03
   1.3190000e+03  -8.1587499e+03  -7.9828605e+03
   1.3200000e+03  -8.5421744e+03  -8.3596744e+03
   1.3210000e+03  -8.2564999e+03  -8.1141940e+03
   1.3220000e+03  -7.8337899e+03  -8.3515416e+03
   1.3230000e+03  -7.9391243e+03  -8.4604751e+03
   1.3240000e+03  -7.3801660e+03  -7.9124000e+03
   1.3250000e+03  -6.7012177e+03  -7.8522974e+03
   1.3260000e+03  -6.5650664e+03  -7.6918535e+03
   1.3270000e+03  -5.7729913e+03  -6.8965082e+03
   1.3280000e+03  -4.8833358e+03  -6.6019972e+03
   1.3290000e+03  -4.5742629e+03  -6.2121139e+03
   1.3300000e+03  -3.6323980e+03  -5.1970400e+03
   1.3310000e+03  -2.5928711e+03  -4.7167711e+03
   1.3320000e+03  -2.1434142e+03  -4.1743639e+03
   1.3330000e+03  -1.1009645e+03  -3.0013898e+03
   1.3340000e+03  -6.5680241e+00  -2.3553540e+03
   1.3350000e+03   4.7080493e+02  -1.6948591e+03
   1.3360000e+03   1.5188316e+03  -4.7350680e+02
   1.3370000e+03   2.5850596e+03   2.0286169e+02
   1.3380000e+03   3.0037524e+03   9.0989176e+02
   1.3390000e+03   3.9735859e+03   2.1467279e+03
   1.3400000e+03   4.9370620e+03   2.7582017e+03
   1.3410000e+03   5.2277629e+03   3.3615664e+03
   1.3420000e+03   6.0606488e+03   4.5291842e+03
   1.3430000e+03   6.8674542e+03   5.0881641e+03
   1.3440000e+03   6.9422519e+03   5.5709822e+03
   1.3450000e+03   7.5120572e+03   6.5309619e+03
   1.3460000e+03   8.0776368e+03   6.8630576e+03
   1.3470000e+03   7.9470045e+03   7.1443668e+03
   1.3480000e+03   8.2843294e+03   7.8950134e+03
   1.3490000e+03   8.5703572e+03   7.9715938e+03
   1.3500000e+03   8.1636072e+03   7.9796899e+03
   1.3510000e+03   8.2414908e+03   8.4898014e+03
   1.3520000e+03   8.2490139e+03   8.3428586e+03
   1.3530000e+03   7.5538160e+03   8.0865407e+03
   1.3540000e+03   7.3724516e+03   8.2882512e+03
   1.3550000e+03   7.1351236e+03   7.8388311e+03
   1.3560000e+03   6.1784160e+03   7.3136740e+03
   1.3570000e+03   5.7487765e+03   7.2805049e+03
   1.3580000e+03   5.3173789e+03   6.6232305e+03
   1.3590000e+03   4.1994123e+03   5.8818599e+03
   1.3600000e+03   3.6053410e+03   5.5975729e+03
   1.3610000e+03   3.0214005e+03   4.7046452e+03
   1.3620000e+03   1.7876332e+03   3.8002968e+03
   1.3630000e+03   1.0986808e+03   3.3871497e+03
   1.3640000e+03   4.2961562e+02   2.3464313e+03
   1.3650000e+03  -8.5028391e+02   1.3183748e+03
   1.3660000e+03  -1.5355003e+03   8.5931773e+02
   1.3670000e+03  -2.1803616e+03  -1.9194441e+02
   1.3680000e+03  -3.4123707e+03  -1.2569273e+03
   1.3690000e+03  -3.9908182e+03  -1.7572095e+03
   1.3700000e+03  -4.4944538e+03  -2.7892032e+03
   1.3710000e+03  -5.6097748e+03  -3.7571417e+03
   1.3720000e+03  -6.0771515e+03  -4.1296075e+03
   1.3730000e+03  -6.4132654e+03  -5.0576496e+03
   1.3740000e+03  -7.3154885e+03  -5.9349390e+03
   1.3750000e+03  -7.5732762e+03  -6.1594267e+03
   1.3760000e+03  -7.6923395e+03  -6.8555994e+03
   1.3770000e+03  -8.3353153e+03  -7.4858902e+03
   1.3780000e+03  -8.3096945e+03  -7.5105097e+03
   1.3790000e+03  -8.1591408e+03  -8.0121943e+03
   1.3800000e+03  -8.5450613e+03  -8.3815661e+03
   1.3810000e+03  -8.2530493e+03  -8.1006939e+03
   1.3820000e+03  -7.8273274e+03  -8.3285049e+03
   1.3830000e+03  -7.9489286e+03  -8.4572227e+03
   1.3840000e+03  -7.4065042e+03  -7.9100905e+03
   1.3850000e+03  -6.7236167e+03  -7.8443639e+03
   1.3860000e+03  -6.5788526e+03  -7.7040106e+03
   1.3870000e+03  -5.7934165e+03  -6.9206159e+03
   1.3880000e+03  -4.9080042e+03  -6.6166761e+03
   1.3890000e+03  -4.5828600e+03  -6.2299510e+03
   1.3900000e+03  -3.6349524e+03  -5.2205282e+03
   1.3910000e+03  -2.6209046e+03  -4.7265933e+03
   1.3920000e+03  -2.1905208e+03  -4.1710323e+03
   1.3930000e+03  -1.1380006e+03  -3.0024169e+03
   1.3940000e+03  -3.1180697e+01  -2.3789949e+03
   1.3950000e+03   4.4966893e+02  -1.7339598e+03
   1.3960000e+03   1.4963837e+03  -4.8493844e+02
   1.3970000e+03   2.5532646e+03   2.1403754e+02
   1.3980000e+03   2.9745812e+03   8.8370866e+02
   1.3990000e+03   3.9706959e+03   2.1059684e+03
   1.4000000e+03   4.9499554e+03   2.7715276e+03
   1.4010000e+03   5.2269444e+03   3.3857291e+03
   1.4020000e+03   6.0375663e+03   4.4966459e+03
   1.4030000e+03   6.8385249e+03   5.0373443e+03
   1.4040000e+03   6.9372890e+03   5.5471997e+03
   1.4050000e+03   7.5285047e+03   6.5252415e+03
   1.4060000e+03   8.0699788e+03   6.8694651e+03
   1.4070000e+03   7.9208479e+03   7.1452482e+03
   1.4080000e+03   8.3020437e+03   7.8725617e+03
   1.4090000e+03   8.6211330e+03   7.9598780e+03
   1.4100000e+03   8.1757723e+03   7.9925077e+03
   1.4110000e+03   8.2123268e+03   8.4846258e+03
   1.4120000e+03   8.2278463e+03   8.3186672e+03
   1.4130000e+03   7.5574677e+03   8.0780299e+03
   1.4140000e+03   7.3897579e+03   8.2926032e+03
   1.4150000e+03   7.1527504e+03   7.8563671e+03
   1.4160000e+03   6.1960026e+03   7.3520123e+03
   1.4170000e+03   5.7799157e+03   7.2927898e+03
   1.4180000e+03   5.3538901e+03   6.5834412e+03
   1.4190000e+03   4.2202686e+03   5.8609063e+03
   1.4200000e+03   3.6159704e+03   5.6353619e+03
   1.4210000e+03   3.0263084e+03   4.7275073e+03
   1.4220000e+03   1.7854063e+03   3.7690368e+03
   1.4230000e+03   1.1172266e+03   3.3780989e+03
   1.4240000e+03   4.7299764e+02   2.4021648e+03
   1.4250000e+03  -8.2557069e+02   1.3709949e+03
   1.4260000e+03  -1.5232802e+03   8.6348087e+02
   1.4270000e+03  -2.1376471e+03  -1.9405204e+02
   1.4280000e+03  -3.3710486e+03  -1.2307422e+03
   1.4290000e+03  -3.9985658e+03  -1.7157141e+03
   1.4300000e+03  -4.5100410e+03  -2.7531003e+03
   1.4310000e+03  -5.5886724e+03  -3.7473369e+03
   1.4320000e+03  -6.0545022e+03  -4.1465684e+03
   1.4330000e+03  -6.4193637e+03  -5.0572523e+03
   1.4340000e+03  -7.3220570e+03  -5.8920731e+03
   1.4350000e+03  -7.5613396e+03  -6.1162039e+03
   1.4360000e+03  -7.6780016e+03  -6.8499524e+03
   1.4370000e+03  -8.3250147e+03  -7.4917732e+03
   1.4380000e+03  -8.3006984e+03  -7.4901276e+03
   1.4390000e+03  -8.1596789e+03  -7.9806327e+03
   1.4400000e+03  -8.5509563e+03  -8.3781757e+03
   1.4410000e+03  -8.2527002e+03  -8.1193173e+03
   1.4420000e+03  -7.8365860e+03  -8.3318645e+03
   1.4430000e+03  -7.9789434e+03  -8.4436186e+03
   1.4440000e+03  -7.4303635e+03  -7.9005755e+03
   1.4450000e+03  -6.7284911e+03  -7.8387006e+03
   1.4460000e+03  -6.5885019e+03  -7.6989974e+03
   1.4470000e+03  -5.8170025e+03  -6.9214917e+03
   1.4480000e+03  -4.9337783e+03  -6.6258410e+03
   1.4490000e+03  -4.6094473e+03  -6.2577192e+03
   1.4500000e+03  -3.6635271e+03  -5.2613665e+03
   1.4510000e+03  -2.6430366e+03  -4.7458815e+03
   1.4520000e+03  -2.1978774e+03  -4.1735650e+03
   1.4530000e+03  -1.1345064e+03  -3.0242680e+03
   1.4540000e+03  -3.7770007e+01  -2.3993205e+03
   1.4550000e+03   4.2424221e+02  -1.7295117e+03
   1.4560000e+03   1.4779676e+03  -5.0424523e+02
   1.4570000e+03   2.5524628e+03   1.5384670e+02
   1.4580000e+03   2.9597998e+03   8.3905327e+02
   1.4590000e+03   3.9318835e+03   2.0907350e+03
   1.4600000e+03   4.9190950e+03   2.7538595e+03
   1.4610000e+03   5.2176844e+03   3.3730634e+03
   1.4620000e+03   6.0339144e+03   4.5027783e+03
   1.4630000e+03   6.8351380e+03   5.0414789e+03
   1.4640000e+03   6.9419061e+03   5.5363396e+03
   1.4650000e+03   7.5391387e+03   6.4998189e+03
   1.4660000e+03   8.0727354e+03   6.8272158e+03
   1.4670000e+03   7.9076831e+03   7.1066425e+03
   1.4680000e+03   8.2837135e+03   7.8659084e+03
   1.4690000e+03   8.6129618e+03   7.9751012e+03
   1.4700000e+03   8.1811647e+03   8.0034168e+03
   1.4710000e+03   8.2318298e+03   8.4895203e+03
   1.4720000e+03   8.2581980e+03   8.3259743e+03
   1.4730000e+03   7.5770811e+03   8.0865628e+03
   1.4740000e+03   7.3824971e+03   8.2900825e+03
   1.4750000e+03   7.1387017e+03   7.8252941e+03
   1.4760000e+03   6.2016743e+03   7.3101439e+03
   1.4770000e+03   5.7986895e+03   7.3000446e+03
   1.4780000e+03   5.3674502e+03   6.6414308e+03
   1.4790000e+03   4.2315673e+03   5.8839772e+03
   1.4800000e+03   3.6376173e+03   5.6049709e+03
   1.4810000e+03   3.0573749e+03   4.7397590e+03
   1.4820000e+03   1.8082037e+03   3.8495836e+03
   1.4830000e+03   1.1163888e+03   3.4282074e+03
   1.4840000e+03   4.6685847e+02   2.3842480e+03
   1.4850000e+03  -8.0358277e+02   1.3630451e+03
   1.4860000e+03  -1.4872238e+03   9.0726598e+02
   1.4870000e+03  -2.1238878e+03  -1.4647905e+02
   1.4880000e+03  -3.3603702e+03  -1.2191604e+03
   1.4890000e+03  -3.9613247e+03  -1.7174800e+03
   1.4900000e+03  -4.4786783e+03  -2.7312776e+03
   1.4910000e+03  -5.5938540e+03  -3.7072614e+03
   1.4920000e+03  -6.0743110e+03  -4.1162287e+03
   1.4930000e+03  -6.4305757e+03  -5.0354017e+03
   1.4940000e+03  -7.3123378e+03  -5.8671375e+03
   1.4950000e+03  -7.5254894e+03  -6.1039093e+03
   1.4960000e+03  -7.6511132e+03  -6.8578121e+03
   1.4970000e+03  -8.3346479e+03  -7.4960057e+03
   1.4980000e+03  -8.3104504e+03  -7.4789754e+03
   1.4990000e+03  -8.1448415e+03  -7.9679613e+03
   1.5000000e+03  -8.5435299e+03  -8.3741092e+03
   1.5010000e+03  -8.2694815e+03  -8.1200133e+03
   1.5020000e+03  -7.8575637e+03  -8.3272877e+03
   1.5030000e+03  -7.9858208e+03  -8.4371852e+03
   1.5040000e+03  -7.4183156e+03  -7.9134708e+03
   1.5050000e+03  -6.7146506e+03  -7.8682609e+03
   1.5060000e+03  -6.5951186e+03  -7.7143217e+03
   1.5070000e+03  -5.8341630e+03  -6.9195752e+03
   1.5080000e+03  -4.9446374e+03  -6.6263466e+03
   1.5090000e+03  -4.6197028e+03  -6.2604898e+03
   1.5100000e+03  -3.6767880e+03  -5.2702131e+03
   1.5110000e+03  -2.6612731e+03  -4.7752055e+03
   1.5120000e+03  -2.2270528e+03  -4.2082766e+03
   1.5130000e+03  -1.1600677e+03  -3.0473942e+03
   1.5140000e+03  -5.0978761e+01  -2.4269730e+03
   1.5150000e+03   4.0367299e+02  -1.7631382e+03
   1.5160000e+03   1.4561081e+03  -5.2045277e+02
   1.5170000e+03   2.5545059e+03   1.5107513e+02
   1.5180000e+03   2.9608546e+03   8.2648913e+02
   1.5190000e+03   3.8974734e+03   2.0629074e+03
   1.5200000e+03   4.8761205e+03   2.7212194e+03
   1.5210000e+03   5.2030904e+03   3.3542683e+03
   1.5220000e+03   6.0345458e+03   4.4983975e+03
   1.5230000e+03   6.8225282e+03   5.0191765e+03
   1.5240000e+03   6.9145065e+03   5.4950360e+03
   1.5250000e+03   7.5163982e+03   6.4857033e+03
   1.5260000e+03   8.0691550e+03   6.8415804e+03
   1.5270000e+03   7.9102123e+03   7.1077952e+03
   1.5280000e+03   8.2661471e+03   7.8571642e+03
   1.5290000e+03   8.5846241e+03   7.9749692e+03
   1.5300000e+03   8.1821382e+03   7.9964010e+03
   1.5310000e+03   8.2607912e+03   8.4777732e+03
   1.5320000e+03   8.2698088e+03   8.3270568e+03
   1.5330000e+03   7.5686480e+03   8.0887931e+03
   1.5340000e+03   7.3936041e+03   8.2979594e+03
   1.5350000e+03   7.1647647e+03   7.8626295e+03
   1.5360000e+03   6.2090548e+03   7.3463695e+03
   1.5370000e+03   5.7956942e+03   7.2948071e+03
   1.5380000e+03   5.3771423e+03   6.6261714e+03
   1.5390000e+03   4.2491078e+03   5.9001340e+03
   1.5400000e+03   3.6538237e+03   5.6422737e+03
   1.5410000e+03   3.0728918e+03   4.7771245e+03
   1.5420000e+03   1.8295949e+03   3.8772456e+03
   1.5430000e+03   1.1512364e+03   3.4441248e+03
   1.5440000e+03   4.9928344e+02   2.4050348e+03
   1.5450000e+03  -7.9637812e+02   1.3943655e+03
   1.5460000e+03  -1.4875919e+03   9.2184013e+02
   1.5470000e+03  -2.1011458e+03  -1.5841755e+02
   1.5480000e+03  -3.3185557e+03  -1.2269224e+03
   1.5490000e+03  -3.9217217e+03  -1.6999266e+03
   1.5500000e+03  -4.4553635e+03  -2.7021802e+03
   1.5510000e+03  -5.5816884e+03  -3.6880621e+03
   1.5520000e+03  -6.0488329e+03  -4.1134690e+03
   1.5530000e+03  -6.3933511e+03  -5.0418469e+03
   1.5540000e+03  -7.2949719e+03  -5.8684173e+03
   1.5550000e+03  -7.5260211e+03  -6.0873146e+03
   1.5560000e+03  -7.6456793e+03  -6.8327236e+03
   1.5570000e+03  -8.3316270e+03  -7.4917560e+03
   1.5580000e+03  -8.3215561e+03  -7.4939808e+03
   1.5590000e+03  -8.1608409e+03  -7.9622045e+03
   1.5600000e+03  -8.5599333e+03  -8.3450277e+03
   1.5610000e+03  -8.2771075e+03  -8.1130756e+03
   1.5620000e+03  -7.8432937e+03  -8.3506378e+03
   1.5630000e+03  -7.9689427e+03  -8.4538524e+03
   1.5640000e+03  -7.4286686e+03  -7.9125066e+03
   1.5650000e+03  -6.7469560e+03  -7.8665685e+03
   1.5660000e+03  -6.6206055e+03  -7.7188598e+03
   1.5670000e+03  -5.8349083e+03  -6.9337530e+03
   1.5680000e+03  -4.9394911e+03  -6.6515895e+03
   1.5690000e+03  -4.6482273e+03  -6.2791894e+03
   1.5700000e+03  -3.7296530e+03  -5.2670389e+03
   1.5710000e+03  -2.6844681e+03  -4.7647734e+03
   1.5720000e+03  -2.2212735e+03  -4.2089575e+03
   1.5730000e+03  -1.1810654e+03  -3.0531162e+03
   1.5740000e+03  -1.0133361e+02  -2.4362570e+03
   1.5750000e+03   3.7786270e+02  -1.7936084e+03
   1.5760000e+03   1.4606823e+03  -5.6004563e+02
   1.5770000e+03   2.5395251e+03   1.4316496e+02
   1.5780000e+03   2.9199320e+03   8.4295663e+02
   1.5790000e+03   3.8760010e+03   2.0553917e+03
   1.5800000e+03   4.8769313e+03   2.6862909e+03
   1.5810000e+03   5.1892384e+03   3.3294171e+03
   1.5820000e+03   6.0101873e+03   4.4986579e+03
   1.5830000e+03   6.8076146e+03   5.0273881e+03
   1.5840000e+03   6.8941861e+03   5.4810408e+03
   1.5850000e+03   7.4917262e+03   6.4446741e+03
   1.5860000e+03   8.0693914e+03   6.8176343e+03
   1.5870000e+03   7.9295213e+03   7.1185097e+03
   1.5880000e+03   8.2747682e+03   7.8534217e+03
   1.5890000e+03   8.5773339e+03   7.9455832e+03
   1.5900000e+03   8.1702098e+03   7.9872607e+03
   1.5910000e+03   8.2597705e+03   8.4812520e+03
   1.5920000e+03   8.2848836e+03   8.3058410e+03
   1.5930000e+03   7.5745778e+03   8.0624966e+03
   1.5940000e+03   7.3785046e+03   8.2892112e+03
   1.5950000e+03   7.1639681e+03   7.8646066e+03
   1.5960000e+03   6.2414057e+03   7.3732388e+03
   1.5970000e+03   5.8281654e+03   7.3436160e+03
   1.5980000e+03   5.3881395e+03   6.6495176e+03
   1.5990000e+03   4.2644718e+03   5.8925651e+03
   1.6000000e+03   3.6950150e+03   5.6425422e+03
   1.6010000e+03   3.1120855e+03   4.7846416e+03
   1.6020000e+03   1.8381893e+03   3.8754692e+03
   1.6030000e+03   1.1629612e+03   3.4504063e+03
   1.6040000e+03   5.5119674e+02   2.4299191e+03
   1.6050000e+03  -7.4141288e+02   1.4194456e+03
   1.6060000e+03  -1.4702789e+03   9.4020504e+02
   1.6070000e+03  -2.0962003e+03  -1.2762714e+02
   1.6080000e+03  -3.3033722e+03  -1.1780954e+03
   1.6090000e+03  -3.9119487e+03  -1.6722611e+03
   1.6100000e+03  -4.4526708e+03  -2.7243290e+03
   1.6110000e+03  -5.5736906e+03  -3.7082915e+03
   1.6120000e+03  -6.0358295e+03  -4.0746130e+03
   1.6130000e+03  -6.3802198e+03  -4.9873110e+03
   1.6140000e+03  -7.2922227e+03  -5.8655712e+03
   1.6150000e+03  -7.5357179e+03  -6.1133270e+03
   1.6160000e+03  -7.6430568e+03  -6.8269629e+03
   1.6170000e+03  -8.3112304e+03  -7.4508750e+03
   1.6180000e+03  -8.3118821e+03  -7.4656153e+03
   1.6190000e+03  -8.1629770e+03  -7.9765706e+03
   1.6200000e+03  -8.5578177e+03  -8.3665499e+03
   1.6210000e+03  -8.2830473e+03  -8.0902583e+03
   1.6220000e+03  -7.8529798e+03  -8.3063532e+03
   1.6230000e+03  -7.9558004e+03  -8.4449374e+03
   1.6240000e+03  -7.4156326e+03  -7.9316168e+03
   1.6250000e+03  -6.7711346e+03  -7.8767139e+03
   1.6260000e+03  -6.6626492e+03  -7.7208982e+03
   1.6270000e+03  -5.8769851e+03  -6.9348061e+03
   1.6280000e+03  -4.9905510e+03  -6.6433829e+03
   1.6290000e+03  -4.6728940e+03  -6.2698727e+03
   1.6300000e+03  -3.6978801e+03  -5.2776661e+03
   1.6310000e+03  -2.6647499e+03  -4.8020975e+03
   1.6320000e+03  -2.2729436e+03  -4.2587376e+03
   1.6330000e+03  -1.2403371e+03  -3.0860340e+03
   1.6340000e+03  -1.0303353e+02  -2.4358698e+03
   1.6350000e+03   3.8699790e+02  -1.7836255e+03
   1.6360000e+03   1.4240056e+03  -5.8022907e+02
   1.6370000e+03   2.4855963e+03   8.6318140e+01
   1.6380000e+03   2.8989165e+03   7.8938492e+02
   1.6390000e+03   3.8882903e+03   2.0487543e+03
   1.6400000e+03   4.8890154e+03   2.7125752e+03
   1.6410000e+03   5.1740342e+03   3.3250804e+03
   1.6420000e+03   5.9703654e+03   4.4407238e+03
   1.6430000e+03   6.7769460e+03   4.9727280e+03
   1.6440000e+03   6.9028668e+03   5.4810742e+03
   1.6450000e+03   7.5221909e+03   6.4654748e+03
   1.6460000e+03   8.0748894e+03   6.7989819e+03
   1.6470000e+03   7.9062953e+03   7.0747873e+03
   1.6480000e+03   8.2626976e+03   7.8405171e+03
   1.6490000e+03   8.5805399e+03   7.9639437e+03
   1.6500000e+03   8.1590479e+03   8.0001030e+03
   1.6510000e+03   8.2447509e+03   8.4803846e+03
   1.6520000e+03   8.2937956e+03   8.2996359e+03
   1.6530000e+03   7.5956273e+03   8.0598938e+03
   1.6540000e+03   7.4001296e+03   8.3034354e+03
   1.6550000e+03   7.1922501e+03   7.8810116e+03
   1.6560000e+03   6.2567570e+03   7.3646039e+03
   1.6570000e+03   5.8250024e+03   7.3288702e+03
   1.6580000e+03   5.4089713e+03   6.6568904e+03
   1.6590000e+03   4.3092320e+03   5.9078681e+03
   1.6600000e+03   3.7091626e+03   5.6537768e+03
   1.6610000e+03   3.1019674e+03   4.7988401e+03
   1.6620000e+03   1.8523706e+03   3.8871702e+03
   1.6630000e+03   1.1864980e+03   3.4621027e+03
   1.6640000e+03   5.5597293e+02   2.4569923e+03
   1.6650000e+03  -7.2642913e+02   1.4541465e+03
   1.6660000e+03  -1.4327305e+03   9.6435826e+02
   1.6670000e+03  -2.0692511e+03  -1.1973742e+02
   1.6680000e+03  -3.2907908e+03  -1.1779952e+03
   1.6690000e+03  -3.8948452e+03  -1.6482090e+03
   1.6700000e+03  -4.4407080e+03  -2.6683376e+03
   1.6710000e+03  -5.5701810e+03  -3.6736483e+03
   1.6720000e+03  -6.0181141e+03  -4.0798092e+03
   1.6730000e+03  -6.3489277e+03  -4.9747641e+03
   1.6740000e+03  -7.2709725e+03  -5.8218634e+03
   1.6750000e+03  -7.5302765e+03  -6.0890899e+03
   1.6760000e+03  -7.6458997e+03  -6.8262118e+03
   1.6770000e+03  -8.3156611e+03  -7.4350471e+03
   1.6780000e+03  -8.3107388e+03  -7.4335823e+03
   1.6790000e+03  -8.1589057e+03  -7.9580375e+03
   1.6800000e+03  -8.5605618e+03  -8.3729238e+03
   1.6810000e+03  -8.2959184e+03  -8.1036688e+03
   1.6820000e+03  -7.8767074e+03  -8.3132997e+03
   1.6830000e+03  -7.9799350e+03  -8.4562638e+03
   1.6840000e+03  -7.4164065e+03  -7.9427120e+03
   1.6850000e+03  -6.7536069e+03  -7.8711247e+03
   1.6860000e+03  -6.6598099e+03  -7.7275151e+03
   1.6870000e+03  -5.8876400e+03  -6.9751852e+03
   1.6880000e+03  -4.9915087e+03  -6.6726365e+03
   1.6890000e+03  -4.6803514e+03  -6.2744661e+03
   1.6900000e+03  -3.7327834e+03  -5.3002010e+03
   1.6910000e+03  -2.6954183e+03  -4.8285291e+03
   1.6920000e+03  -2.2677778e+03  -4.2555980e+03
   1.6930000e+03  -1.2320924e+03  -3.0928294e+03
   1.6940000e+03  -1.3944770e+02  -2.4759233e+03
   1.6950000e+03   3.2182952e+02  -1.8143579e+03
   1.6960000e+03   1.3866778e+03  -5.8724987e+02
   1.6970000e+03   2.4894522e+03   8.3338549e+01
   1.6980000e+03   2.9015083e+03   7.8141238e+02
   1.6990000e+03   3.8558444e+03   2.0149787e+03
   1.7000000e+03   4.8357384e+03   2.6530145e+03
   1.7010000e+03   5.1442579e+03   3.2937853e+03
   1.7020000e+03   5.9879280e+03   4.4532282e+03
   1.7030000e+03   6.7979607e+03   4.9755217e+03
   1.7040000e+03   6.8631600e+03   5.4573873e+03
   1.7050000e+03   7.4500303e+03   6.4522963e+03
   1.7060000e+03   8.0591226e+03   6.8049893e+03
   1.7070000e+03   7.9445913e+03   7.0788146e+03
   1.7080000e+03   8.2766831e+03   7.8386988e+03
   1.7090000e+03   8.5645768e+03   7.9589320e+03
   1.7100000e+03   8.1657324e+03   7.9833610e+03
   1.7110000e+03   8.2675302e+03   8.4610027e+03
   1.7120000e+03   8.2973072e+03   8.3078043e+03
   1.7130000e+03   7.5960779e+03   8.0908967e+03
   1.7140000e+03   7.4192089e+03   8.3123409e+03
   1.7150000e+03   7.2123306e+03   7.8603096e+03
   1.7160000e+03   6.2724041e+03   7.3571957e+03
   1.7170000e+03   5.8496831e+03   7.3536220e+03
   1.7180000e+03   5.4229143e+03   6.6926622e+03
   1.7190000e+03   4.2919493e+03   5.9342512e+03
   1.7200000e+03   3.7001705e+03   5.6641434e+03
   1.7210000e+03   3.1444875e+03   4.8076315e+03
   1.7220000e+03   1.9162697e+03   3.9151959e+03
   1.7230000e+03   1.2152056e+03   3.4913129e+03
   1.7240000e+03   5.4878308e+02   2.4599760e+03
   1.7250000e+03  -7.2528317e+02   1.4535201e+03
   1.7260000e+03  -1.3981160e+03   9.8609684e+02
   1.7270000e+03  -2.0222784e+03  -9.3500025e+01
   1.7280000e+03  -3.2671773e+03  -1.1626466e+03
   1.7290000e+03  -3.8951128e+03  -1.6401456e+03
   1.7300000e+03  -4.4333314e+03  -2.6649098e+03
   1.7310000e+03  -5.5463277e+03  -3.6591017e+03
   1.7320000e+03  -6.0011620e+03  -4.0508750e+03
   1.7330000e+03  -6.3454565e+03  -4.9686513e+03
   1.7340000e+03  -7.2638258e+03  -5.8421677e+03
   1.7350000e+03  -7.5159723e+03  -6.0805932e+03
   1.7360000e+03  -7.6307865e+03  -6.7817933e+03
   1.7370000e+03  -8.2970621e+03  -7.4143932e+03
   1.7380000e+03  -8.2961577e+03  -7.4499851e+03
   1.7390000e+03  -8.1629858e+03  -7.9591417e+03
   1.7400000e+03  -8.5702615e+03  -8.3407891e+03
   1.7410000e+03  -8.2893507e+03  -8.0840470e+03
   1.7420000e+03  -7.8665375e+03  -8.3318756e+03
   1.7430000e+03  -7.9925048e+03  -8.4770405e+03
   1.7440000e+03  -7.4503403e+03  -7.9414464e+03
   1.7450000e+03  -6.7860071e+03  -7.8759920e+03
   1.7460000e+03  -6.6746240e+03  -7.7484757e+03
   1.7470000e+03  -5.8907765e+03  -6.9835555e+03
   1.7480000e+03  -5.0004431e+03  -6.6699023e+03
   1.7490000e+03  -4.7017558e+03  -6.2858709e+03
   1.7500000e+03  -3.7669111e+03  -5.3192821e+03
   1.7510000e+03  -2.7443829e+03  -4.8400247e+03
   1.7520000e+03  -2.3132744e+03  -4.2644725e+03
   1.7530000e+03  -1.2435530e+03  -3.1065459e+03
   1.7540000e+03  -1.2444293e+02  -2.5014171e+03
   1.7550000e+03   3.2017531e+02  -1.8465614e+03
   1.7560000e+03   1.3476630e+03  -5.9811436e+02
   1.7570000e+03   2.4394015e+03   9.4847971e+01
   1.7580000e+03   2.8797719e+03   7.7731219e+02
   1.7590000e+03   3.8625762e+03   1.9880076e+03
   1.7600000e+03   4.8320527e+03   2.6277421e+03
   1.7610000e+03   5.1148519e+03   3.2716952e+03
   1.7620000e+03   5.9588368e+03   4.4331443e+03
   1.7630000e+03   6.7888368e+03   4.9724400e+03
   1.7640000e+03   6.8740763e+03   5.4592381e+03
   1.7650000e+03   7.4675196e+03   6.4327278e+03
   1.7660000e+03   8.0495009e+03   6.7773986e+03
   1.7670000e+03   7.9028060e+03   7.0686411e+03
   1.7680000e+03   8.2569871e+03   7.8345491e+03
   1.7690000e+03   8.5926646e+03   7.9461350e+03
   1.7700000e+03   8.1932273e+03   7.9811497e+03
   1.7710000e+03   8.2617789e+03   8.4785313e+03
   1.7720000e+03   8.2848274e+03   8.3120313e+03
   1.7730000e+03   7.6019220e+03   8.0685109e+03
   1.7740000e+03   7.4374137e+03   8.3076421e+03
   1.7750000e+03   7.2302604e+03   7.8977667e+03
   1.7760000e+03   6.2826008e+03   7.3912462e+03
   1.7770000e+03   5.8480425e+03   7.3430798e+03
   1.7780000e+03   5.4226334e+03   6.6619498e+03
   1.7790000e+03   4.3281324e+03   5.9290763e+03
   1.7800000e+03   3.7755859e+03   5.6888858e+03
   1.7810000e+03   3.1960030e+03   4.8280564e+03
   1.7820000e+03   1.9066980e+03   3.9166159e+03
   1.7830000e+03   1.1989347e+03   3.5029174e+03
   1.7840000e+03   5.7310836e+02   2.4937887e+03
   1.7850000e+03  -6.8651554e+02   1.4764077e+03
   1.7860000e+03  -1.3748021e+03   9.8891988e+02
   1.7870000e+03  -2.0156769e+03  -8.1205945e+01
   1.7880000e+03  -3.2682072e+03  -1.1375136e+03
   1.7890000e+03  -3.8756518e+03  -1.6175432e+03
   1.7900000e+03  -4.3838891e+03  -2.6399657e+03
   1.7910000e+03  -5.5112796e+03  -3.6350414e+03
   1.7920000e+03  -6.0076744e+03  -4.0394844e+03
   1.7930000e+03  -6.3619653e+03  -4.9532242e+03
   1.7940000e+03  -7.2595785e+03  -5.8115373e+03
   1.7950000e+03  -7.4900110e+03  -6.0609220e+03
   1.7960000e+03  -7.6000020e+03  -6.7879361e+03
   1.7970000e+03  -8.2899534e+03  -7.4293704e+03
   1.7980000e+03  -8.3166596e+03  -7.4591527e+03
   1.7990000e+03  -8.1774881e+03  -7.9579647e+03
   1.8000000e+03  -8.5630832e+03  -8.3326518e+03
   1.8010000e+03  -8.2846223e+03  -8.0808369e+03
   1.8020000e+03  -7.8826303e+03  -8.3290444e+03
   1.8030000e+03  -8.0143607e+03  -8.4596116e+03
   1.8040000e+03  -7.4553391e+03  -7.9237489e+03
   1.8050000e+03  -6.7832101e+03  -7.8781110e+03
   1.8060000e+03  -6.6920017e+03  -7.7540960e+03
   1.8070000e+03  -5.9261684e+03  -6.9786301e+03
   1.8080000e+03  -5.0324579e+03  -6.6735399e+03
   1.8090000e+03  -4.7257497e+03  -6.3028703e+03
   1.8100000e+03  -3.7744548e+03  -5.3263290e+03
   1.8110000e+03  -2.7301954e+03  -4.8354230e+03
   1.8120000e+03  -2.3157162e+03  -4.2716263e+03
   1.8130000e+03  -1.2911352e+03  -3.1325843e+03
   1.8140000e+03  -1.7778117e+02  -2.5343745e+03
   1.8150000e+03   2.9995135e+02  -1.8769045e+03
   1.8160000e+03   1.3440769e+03  -6.2332845e+02
   1.8170000e+03   2.4249617e+03   7.0357047e+01
   1.8180000e+03   2.8477429e+03   7.5019188e+02
   1.8190000e+03   3.8270982e+03   1.9720159e+03
   1.8200000e+03   4.8192917e+03   2.6344478e+03
   1.8210000e+03   5.1203642e+03   3.2748785e+03
   1.8220000e+03   5.9490295e+03   4.4009160e+03
   1.8230000e+03   6.7677825e+03   4.9289733e+03
   1.8240000e+03   6.8709480e+03   5.4502230e+03
   1.8250000e+03   7.4683120e+03   6.4434865e+03
   1.8260000e+03   8.0348664e+03   6.7606667e+03
   1.8270000e+03   7.9039453e+03   7.0312424e+03
   1.8280000e+03   8.2848112e+03   7.8192782e+03
   1.8290000e+03   8.5939579e+03   7.9533888e+03
   1.8300000e+03   8.1553306e+03   7.9751547e+03
   1.8310000e+03   8.2544831e+03   8.4523584e+03
   1.8320000e+03   8.3315274e+03   8.2964919e+03
   1.8330000e+03   7.6320580e+03   8.0761699e+03
   1.8340000e+03   7.4177027e+03   8.3094508e+03
   1.8350000e+03   7.2136611e+03   7.8823322e+03
   1.8360000e+03   6.3039034e+03   7.3951748e+03
   1.8370000e+03   5.8885327e+03   7.3762873e+03
   1.8380000e+03   5.4599892e+03   6.6821221e+03
   1.8390000e+03   4.3383573e+03   5.9302746e+03
   1.8400000e+03   3.7489119e+03   5.7076506e+03
   1.8410000e+03   3.1828153e+03   4.8562307e+03
   1.8420000e+03   1.9545774e+03   3.9258771e+03
   1.8430000e+03   1.2661636e+03   3.5154328e+03
   1.8440000e+03   5.9880018e+02   2.5308771e+03
   1.8450000e+03  -6.8914083e+02   1.5091447e+03
   1.8460000e+03  -1.3643166e+03   9.9756213e+02
   1.8470000e+03  -1.9866623e+03  -7.2590804e+01
   1.8480000e+03  -3.2383725e+03  -1.1086193e+03
   1.8490000e+03  -3.8614032e+03  -1.5825408e+03
   1.8500000e+03  -4.3822187e+03  -2.6199676e+03
   1.8510000e+03  -5.4942836e+03  -3.6280220e+03
   1.8520000e+03  -5.9639509e+03  -4.0330634e+03
   1.8530000e+03  -6.3201520e+03  -4.9419096e+03
   1.8540000e+03  -7.2474609e+03  -5.7876023e+03
   1.8550000e+03  -7.5076226e+03  -6.0280803e+03
   1.8560000e+03  -7.6280662e+03  -6.7698632e+03
   1.8570000e+03  -8.2980685e+03  -7.4220182e+03
   1.8580000e+03  -8.2976623e+03  -7.4389754e+03
   1.8590000e+03  -8.1669557e+03  -7.9448699e+03
   1.8600000e+03  -8.5764601e+03  -8.3413346e+03
   1.8610000e+03  -8.2860876e+03  -8.0732048e+03
   1.8620000e+03  -7.8628556e+03  -8.3073132e+03
   1.8630000e+03  -8.0179776e+03  -8.4707898e+03
   1.8640000e+03  -7.4973589e+03  -7.9485106e+03
   1.8650000e+03  -6.8220722e+03  -7.8780025e+03
   1.8660000e+03  -6.7023590e+03  -7.7599186e+03
   1.8670000e+03  -5.9284213e+03  -7.0097975e+03
   1.8680000e+03  -5.0452435e+03  -6.6988797e+03
   1.8690000e+03  -4.7449955e+03  -6.3185615e+03
   1.8700000e+03  -3.7976177e+03  -5.3509967e+03
   1.8710000e+03  -2.7535438e+03  -4.8654099e+03
   1.8720000e+03  -2.3241907e+03  -4.2985661e+03
   1.8730000e+03  -1.2941079e+03  -3.1482956e+03
   1.8740000e+03  -2.1059198e+02  -2.5340095e+03
   1.8750000e+03   2.4282285e+02  -1.8797831e+03
   1.8760000e+03   1.3082170e+03  -6.4485230e+02
   1.8770000e+03   2.4221838e+03   4.0391534e+01
   1.8780000e+03   2.8529798e+03   7.2056365e+02
   1.8790000e+03   3.8207056e+03   1.9477819e+03
   1.8800000e+03   4.7940945e+03   2.6179947e+03
   1.8810000e+03   5.0904873e+03   3.2541872e+03
   1.8820000e+03   5.9367947e+03   4.3791065e+03
   1.8830000e+03   6.7608058e+03   4.9238302e+03
   1.8840000e+03   6.8530390e+03   5.4473606e+03
   1.8850000e+03   7.4611130e+03   6.4270462e+03
   1.8860000e+03   8.0406864e+03   6.7550830e+03
   1.8870000e+03   7.8923690e+03   7.0445408e+03
   1.8880000e+03   8.2691590e+03   7.8200446e+03
   1.8890000e+03   8.6121045e+03   7.9345497e+03
   1.8900000e+03   8.1877664e+03   7.9669544e+03
   1.8910000e+03   8.2547908e+03   8.4727425e+03
   1.8920000e+03   8.3048266e+03   8.3291337e+03
   1.8930000e+03   7.6238952e+03   8.0944544e+03
   1.8940000e+03   7.4423286e+03   8.3085979e+03
   1.8950000e+03   7.2381559e+03   7.8701533e+03
   1.8960000e+03   6.3177065e+03   7.3729519e+03
   1.8970000e+03   5.9216063e+03   7.3651949e+03
   1.8980000e+03   5.5054191e+03   6.7110594e+03
   1.8990000e+03   4.3576292e+03   5.9706011e+03
   1.9000000e+03   3.7499676e+03   5.7106898e+03
   1.9010000e+03   3.1884156e+03   4.8440547e+03
   1.9020000e+03   1.9581468e+03   3.9450670e+03
   1.9030000e+03   1.2809665e+03   3.5503332e+03
   1.9040000e+03   6.4310877e+02   2.5461748e+03
   1.9050000e+03  -6.4631279e+02   1.5166624e+03
   1.9060000e+03  -1.3471834e+03   1.0208587e+03
   1.9070000e+03  -1.9720933e+03  -4.8621759e+01
   1.9080000e+03  -3.2127669e+03  -1.1031310e+03
   1.9090000e+03  -3.8392379e+03  -1.5754761e+03
   1.9100000e+03  -4.3753607e+03  -2.5956055e+03
   1.9110000e+03  -5.4995469e+03  -3.6095973e+03
   1.9120000e+03  -5.9654802e+03  -4.0282284e+03
   1.9130000e+03  -6.3121322e+03  -4.9309625e+03
   1.9140000e+03  -7.2354200e+03  -5.7774643e+03
   1.9150000e+03  -7.4821105e+03  -6.0292205e+03
   1.9160000e+03  -7.5977642e+03  -6.7612983e+03
   1.9170000e+03  -8.3010428e+03  -7.3990320e+03
   1.9180000e+03  -8.3226626e+03  -7.4179370e+03
   1.9190000e+03  -8.1729282e+03  -7.9299701e+03
   1.9200000e+03  -8.5811025e+03  -8.3490120e+03
   1.9210000e+03  -8.3068699e+03  -8.1070050e+03
   1.9220000e+03  -7.8642527e+03  -8.3154178e+03
   1.9230000e+03  -7.9964841e+03  -8.4402125e+03
   1.9240000e+03  -7.4872028e+03  -7.9426009e+03
   1.9250000e+03  -6.8301327e+03  -7.9032709e+03
   1.9260000e+03  -6.7302313e+03  -7.7590604e+03
   1.9270000e+03  -5.9732624e+03  -6.9915648e+03
   1.9280000e+03  -5.0741579e+03  -6.7113414e+03
   1.9290000e+03  -4.7523581e+03  -6.3512343e+03
   1.9300000e+03  -3.8126035e+03  -5.3678844e+03
   1.9310000e+03  -2.7756511e+03  -4.8626428e+03
   1.9320000e+03  -2.3460468e+03  -4.2988041e+03
   1.9330000e+03  -1.3255426e+03  -3.1710929e+03
   1.9340000e+03  -2.3393688e+02  -2.5611912e+03
   1.9350000e+03   2.4599187e+02  -1.8824788e+03
   1.9360000e+03   1.3100759e+03  -6.4517879e+02
   1.9370000e+03   2.3958773e+03   1.4064786e+01
   1.9380000e+03   2.8093263e+03   6.9379835e+02
   1.9390000e+03   3.7872049e+03   1.9361727e+03
   1.9400000e+03   4.7893715e+03   2.5986906e+03
   1.9410000e+03   5.0945792e+03   3.2370405e+03
   1.9420000e+03   5.9109267e+03   4.3860013e+03
   1.9430000e+03   6.7127309e+03   4.9200708e+03
   1.9440000e+03   6.8245205e+03   5.4050020e+03
   1.9450000e+03   7.4703610e+03   6.3881321e+03
   1.9460000e+03   8.0766842e+03   6.7520319e+03
   1.9470000e+03   7.9229021e+03   7.0458678e+03
   1.9480000e+03   8.2666143e+03   7.8017228e+03
   1.9490000e+03   8.5942625e+03   7.9199444e+03
   1.9500000e+03   8.1812516e+03   7.9704988e+03
   1.9510000e+03   8.2518722e+03   8.4727818e+03
   1.9520000e+03   8.3059620e+03   8.3116575e+03
   1.9530000e+03   7.6437149e+03   8.0760856e+03
   1.9540000e+03   7.4676857e+03   8.3109803e+03
   1.9550000e+03   7.2542440e+03   7.8989567e+03
   1.9560000e+03   6.3288321e+03   7.4120619e+03
   1.9570000e+03   5.9259853e+03   7.3836087e+03
   1.9580000e+03   5.5147403e+03   6.7038612e+03
   1.9590000e+03   4.3954900e+03   5.9776882e+03
   1.9600000e+03   3.7966705e+03   5.7496976e+03
   1.9610000e+03   3.2094748e+03   4.8679207e+03
   1.9620000e+03   1.9646778e+03   3.9240366e+03
   1.9630000e+03   1.2912759e+03   3.5296558e+03
   1.9640000e+03   6.4981330e+02   2.5629188e+03
   1.9650000e+03  -6.4010208e+02   1.5415907e+03
   1.9660000e+03  -1.3254295e+03   1.0327607e+03
   1.9670000e+03  -1.9372952e+03  -2.4803477e+01
   1.9680000e+03  -3.1845288e+03  -1.0695727e+03
   1.9690000e+03  -3.8286210e+03  -1.5712759e+03
   1.9700000e+03  -4.3700296e+03  -2.6080701e+03
   1.9710000e+03  -5.4858764e+03  -3.5829925e+03
   1.9720000e+03  -5.9500569e+03  -3.9730956e+03
   1.9730000e+03  -6.2966514e+03  -4.9097384e+03
   1.9740000e+03  -7.2171325e+03  -5.7851166e+03
   1.9750000e+03  -7.4821011e+03  -6.0113696e+03
   1.9760000e+03  -7.6161849e+03  -6.7302491e+03
   1.9770000e+03  -8.2970417e+03  -7.4064042e+03
   1.9780000e+03  -8.2982716e+03  -7.4451397e+03
   1.9790000e+03  -8.1699510e+03  -7.9203433e+03
   1.9800000e+03  -8.5943510e+03  -8.3115390e+03
   1.9810000e+03  -8.3169401e+03  -8.0949518e+03
   1.9820000e+03  -7.8828654e+03  -8.3336123e+03
   1.9830000e+03  -8.0162154e+03  -8.4467339e+03
   1.9840000e+03  -7.4962303e+03  -7.9258576e+03
   1.9850000e+03  -6.8453424e+03  -7.8964178e+03
   1.9860000e+03  -6.7395955e+03  -7.7783761e+03
   1.9870000e+03  -5.9591978e+03  -7.0127006e+03
   1.9880000e+03  -5.0793740e+03  -6.7111885e+03
   1.9890000e+03  -4.7935632e+03  -6.3356409e+03
   1.9900000e+03  -3.8418509e+03  -5.3619153e+03
   1.9910000e+03  -2.7902405e+03  -4.8831289e+03
   1.9920000e+03  -2.3730864e+03  -4.3242133e+03
   1.9930000e+03  -1.3403095e+03  -3.1714654e+03
   1.9940000e+03  -2.3043521e+02  -2.5621407e+03
   1.9950000e+03   2.2749136e+02  -1.9225471e+03
   1.9960000e+03   1.2759479e+03  -6.9321270e+02
   1.9970000e+03   2.3810154e+03   2.9718634e+00
   1.9980000e+03   2.8039375e+03   7.0029966e+02
   1.9990000e+03   3.7689128e+03   1.9268636e+03
   2.0000000e+03   4.7580326e+03   2.5685108e+03
