   1.0274000e+02   2.5123000e+01
   1.0342890e+02   3.0381100e+01
   0.0000000e+00   2.9885881e+04   2.9885881e+04
   1.0000000e+00  -9.7540553e+03   2.3239525e+04
   2.0000000e+00  -4.6797196e+04  -1.5032134e+04
   3.0000000e+00  -3.5854606e+04  -2.6605237e+04
   4.0000000e+00   2.6413723e+03   2.3685422e+03
   5.0000000e+00   4.9105032e+03   1.8165350e+04
   6.0000000e+00  -2.4574357e+04  -1.0763230e+04
   7.0000000e+00  -3.0086087e+04  -2.7110770e+04
   8.0000000e+00  -1.3406242e+04   5.6949506e+03
   9.0000000e+00  -1.2959795e+03   3.6810768e+04
   1.0000000e+01  -4.4232790e+01   2.5155553e+04
   1.1000000e+01  -7.0147677e+03  -1.4069433e+04
   1.2000000e+01  -1.5377159e+04  -3.0810737e+04
   1.3000000e+01  -2.3893108e+04  -3.1156780e+03
   1.4000000e+01  -3.0191967e+04   2.0702424e+04
   1.5000000e+01  -3.1230351e+04   5.7822608e+03
   1.6000000e+01  -2.0288674e+04  -1.3518239e+04
   1.7000000e+01   6.3843906e+03   1.6461265e+03
   1.8000000e+01   2.3180786e+04   2.3919355e+04
   1.9000000e+01   1.8680639e+03   2.0597333e+03
   2.0000000e+01  -4.9615110e+04  -3.5857956e+04
   2.1000000e+01  -7.9467524e+04  -1.9317593e+04
   2.2000000e+01  -3.5697069e+04   4.3580658e+04
   2.3000000e+01   4.8046916e+04   7.4064320e+04
   2.4000000e+01   6.7737959e+04   3.5594736e+04
   2.5000000e+01  -5.2661532e+03  -1.4710920e+04
   2.6000000e+01  -6.6567477e+04  -1.0501865e+04
   2.7000000e+01  -4.8030554e+04   2.3200264e+04
   2.8000000e+01  -7.3899447e+03   2.8421446e+04
   2.9000000e+01   1.5205680e+04   2.4767123e+04
   3.0000000e+01   2.4194673e+04   4.0594150e+04
   3.1000000e+01   7.8217770e+03   3.7346008e+04
   3.2000000e+01  -1.1799138e+04   2.4306253e+03
   3.3000000e+01  -6.4286488e+02  -2.1352698e+04
   3.4000000e+01   1.1269932e+04  -6.6461665e+03
   3.5000000e+01  -1.2657697e+04   3.2042131e+04
   3.6000000e+01  -3.2955712e+04   4.8411832e+04
   3.7000000e+01  -5.8003742e+03   1.8186385e+04
   3.8000000e+01   3.2778120e+04  -2.2629141e+04
   3.9000000e+01   4.1319983e+04  -2.4626724e+04
   4.0000000e+01   2.4674253e+04   1.4287431e+04
   4.1000000e+01  -6.8050515e+03   4.7494496e+04
   4.2000000e+01  -2.7253182e+04   3.5287784e+04
   4.3000000e+01   2.3965209e+03  -1.1448750e+02
   4.4000000e+01   5.3014746e+04  -2.3761253e+03
   4.5000000e+01   3.8831273e+04   1.7835984e+04
   4.6000000e+01  -2.4928266e+04   8.8252857e+03
   4.7000000e+01  -2.1358521e+04  -5.9710480e+03
   4.8000000e+01   5.4794382e+04   7.9594713e+03
   4.9000000e+01   7.8030150e+04   2.0970776e+04
   5.0000000e+01   1.2708253e+04   1.2365879e+04
   5.1000000e+01  -3.3902499e+04  -7.4514070e+03
   5.2000000e+01  -1.3243269e+03  -2.4110100e+04
   5.3000000e+01   3.7713627e+04  -2.6373059e+04
   5.4000000e+01   2.1919255e+04  -2.0059774e+04
   5.5000000e+01   2.1800925e+03  -1.8498056e+04
   5.6000000e+01   2.9974534e+04  -1.7084075e+04
   5.7000000e+01   4.5895697e+04  -6.5064341e+03
   5.8000000e+01  -1.3521960e+03  -3.8553881e+03
   5.9000000e+01  -3.4478081e+04  -1.9304745e+04
   6.0000000e+01   2.3924012e+03  -2.7734415e+04
   6.1000000e+01   3.3347641e+04  -1.2976135e+04
   6.2000000e+01   6.5661266e+03   5.3820950e+03
   6.3000000e+01  -1.1223266e+04  -7.9680767e+03
   6.4000000e+01   2.6482092e+04  -4.2405211e+04
   6.5000000e+01   5.0157717e+04  -3.6486152e+04
   6.6000000e+01   2.9882528e+03   1.1221937e+04
   6.7000000e+01  -4.9357444e+04   2.4553200e+04
   6.8000000e+01  -2.9713034e+04  -2.4428530e+04
   6.9000000e+01   3.0539030e+04  -6.4649638e+04
   7.0000000e+01   5.6580295e+04  -3.9232478e+04
   7.1000000e+01   3.0930048e+04   1.1343961e+04
   7.2000000e+01  -1.1740469e+04   3.0639754e+04
   7.3000000e+01  -2.1868996e+04   7.6899689e+03
   7.4000000e+01   3.7257711e+03  -4.0472948e+04
   7.5000000e+01   4.7827661e+03  -6.6259987e+04
   7.6000000e+01  -1.5862752e+04  -2.7519017e+04
   7.7000000e+01   4.8117450e+03   3.8924968e+04
   7.8000000e+01   3.3200144e+04   4.1777971e+04
   7.9000000e+01   2.9964500e+02  -2.2773789e+04
   8.0000000e+01  -4.9275917e+04  -5.2025818e+04
   8.1000000e+01  -3.9909508e+04  -1.4161000e+04
   8.2000000e+01  -6.9396664e+03   1.2751613e+04
   8.3000000e+01  -1.6416525e+04  -7.1874230e+03
   8.4000000e+01  -2.2989220e+04  -2.6820275e+04
   8.5000000e+01   1.7440485e+04  -1.2355849e+04
   8.6000000e+01   2.2016408e+04   1.2573655e+04
   8.7000000e+01  -3.8911860e+04   1.2156563e+04
   8.8000000e+01  -5.6450747e+04  -1.2012699e+04
   8.9000000e+01  -1.1469200e+04  -2.2905875e+04
   9.0000000e+01   4.0011877e+03  -3.6538870e+03
   9.1000000e+01  -1.2320025e+04   2.0192298e+04
   9.2000000e+01  -1.3357473e+04   2.2039768e+04
   9.3000000e+01  -6.7370228e+03   4.6077946e+03
   9.4000000e+01  -1.3759136e+04  -6.9374514e+02
   9.5000000e+01  -3.5654013e+04   1.2653206e+04
   9.6000000e+01  -3.7285328e+04   7.0641829e+03
   9.7000000e+01  -2.7995283e+03  -1.5437247e+04
   9.8000000e+01   1.1169627e+04  -7.1237603e+03
   9.9000000e+01  -2.3217689e+04   3.4838664e+04
   1.0000000e+02  -4.9418231e+04   4.8097381e+04
   1.0100000e+02  -2.1339576e+04   3.8151153e+03
   1.0200000e+02   1.9802327e+04  -2.5317233e+04
   1.0300000e+02   1.2305305e+04   9.5131836e+03
   1.0400000e+02  -2.4291997e+04   4.5693093e+04
   1.0500000e+02  -3.6319787e+04   3.5663546e+04
   1.0600000e+02  -1.7351767e+04   1.6219791e+04
   1.0700000e+02   1.2352883e+03   1.2547907e+04
   1.0800000e+02  -2.9295226e+03   3.6652656e+03
   1.0900000e+02  -8.8091910e+03   1.1784093e+03
   1.1000000e+02   6.1500542e+03   2.4286145e+04
   1.1100000e+02   1.9420954e+04   3.6969070e+04
   1.1200000e+02   9.0258193e+03   2.1693866e+04
   1.1300000e+02  -1.0185513e+04   2.8464498e+03
   1.1400000e+02  -2.1410499e+04  -2.0481591e+03
   1.1500000e+02  -1.5191974e+04   1.2310690e+04
   1.1600000e+02   1.8467963e+04   2.8914160e+04
   1.1700000e+02   4.2851547e+04   3.1583757e+04
   1.1800000e+02   1.7676549e+04   2.6424834e+04
   1.1900000e+02  -1.1136262e+04   1.8002659e+04
   1.2000000e+02  -3.9193748e+03   6.4212690e+03
   1.2100000e+02   5.2320359e+03  -3.1539257e+03
   1.2200000e+02   1.7385293e+03  -2.1834984e+03
   1.2300000e+02   7.2934265e+03  -7.4101206e+02
   1.2400000e+02   2.0004072e+04  -1.5081138e+04
   1.2500000e+02   2.2775250e+04  -2.5877101e+04
   1.2600000e+02   1.5607084e+04  -6.3548178e+03
   1.2700000e+02   8.6657718e+03   2.8183306e+04
   1.2800000e+02   1.4127293e+04   2.8699129e+04
   1.2900000e+02   2.8483421e+04  -1.3003936e+04
   1.3000000e+02   2.2549880e+04  -3.1728982e+04
   1.3100000e+02  -3.1821738e+03   5.8545847e+03
   1.3200000e+02  -6.9562967e+03   4.4934077e+04
   1.3300000e+02   3.3232359e+04   3.1942347e+04
   1.3400000e+02   7.3947910e+04  -1.5307467e+04
   1.3500000e+02   3.5389754e+04  -3.5854709e+04
   1.3600000e+02  -4.6426117e+04  -6.8457229e+03
   1.3700000e+02  -2.9707217e+04   1.6975059e+04
   1.3800000e+02   6.4758268e+04  -1.4565857e+04
   1.3900000e+02   6.9264770e+04  -5.4772134e+04
   1.4000000e+02  -1.0964001e+04  -3.8978004e+04
   1.4100000e+02  -2.2265438e+04   7.0098453e+03
   1.4200000e+02   2.9978239e+04   2.2482833e+04
   1.4300000e+02   2.7781291e+04  -6.4756095e+03
   1.4400000e+02  -1.1608964e+04  -4.2137392e+04
   1.4500000e+02  -1.2777502e+04  -4.4954280e+04
   1.4600000e+02   9.4043721e+03  -2.5295533e+04
   1.4700000e+02   2.6459838e+04  -9.3114780e+03
   1.4800000e+02   3.6272285e+04  -9.6620251e+02
   1.4900000e+02   1.5964480e+04  -2.9807841e+03
   1.5000000e+02  -2.6471980e+04  -2.0365181e+04
   1.5100000e+02  -2.9326350e+04  -3.7953846e+04
   1.5200000e+02   7.3268405e+03  -2.9987432e+04
   1.5300000e+02   1.4943835e+04  -7.0214409e+03
   1.5400000e+02  -1.1731572e+04  -2.9288300e+02
   1.5500000e+02  -1.6381465e+04  -7.1209739e+03
   1.5600000e+02   8.0079036e+03  -7.0200496e+03
   1.5700000e+02   1.0606585e+04   3.1341617e+03
   1.5800000e+02  -1.8141216e+04   6.9791034e+03
   1.5900000e+02  -2.6906838e+04  -8.8713566e+03
   1.6000000e+02  -3.5992617e+03  -3.5252489e+04
   1.6100000e+02   4.6936335e+03  -4.7374968e+04
   1.6200000e+02  -1.5034475e+04  -2.7438853e+04
   1.6300000e+02  -1.5533430e+04   5.9120075e+03
   1.6400000e+02   8.4046640e+03   1.7581247e+04
   1.6500000e+02   1.5355366e+03   7.8834488e+02
   1.6600000e+02  -2.5797622e+04  -2.6386817e+04
   1.6700000e+02  -2.8691927e+04  -3.8900629e+04
   1.6800000e+02  -2.9670372e+04  -2.1043629e+04
   1.6900000e+02  -3.7198012e+04   1.9489272e+04
   1.7000000e+02  -1.6591052e+04   4.5180057e+04
   1.7100000e+02   7.9224439e+03   2.4463910e+04
   1.7200000e+02  -1.9282189e+04  -1.2092265e+04
   1.7300000e+02  -5.9040801e+04  -1.5898115e+04
   1.7400000e+02  -4.2393335e+04   1.3081930e+04
   1.7500000e+02  -9.9544971e+03   3.6032612e+04
   1.7600000e+02  -5.1408003e+03   1.9011292e+04
   1.7700000e+02   8.6403206e+03  -1.2752774e+04
   1.7800000e+02   2.9834691e+04  -4.8441128e+03
   1.7900000e+02   1.9537902e+04   3.5491413e+04
   1.8000000e+02  -1.0575950e+04   4.9156345e+04
   1.8100000e+02  -2.1479574e+04   1.8774009e+04
   1.8200000e+02  -8.7975858e+03  -9.0134893e+03
   1.8300000e+02   1.8656687e+02  -4.4037625e+03
   1.8400000e+02  -5.7603611e+03   1.5068014e+04
   1.8500000e+02  -1.7911550e+04   1.9936519e+04
   1.8600000e+02  -3.2052931e+04  -2.2311714e+03
   1.8700000e+02  -4.7307224e+04  -1.7276732e+04
   1.8800000e+02  -5.3272449e+04   6.2025208e+03
   1.8900000e+02  -4.3623567e+04   3.4684996e+04
   1.9000000e+02  -3.0755608e+04   2.5474331e+04
   1.9100000e+02  -1.4014255e+04  -7.2395665e+03
   1.9200000e+02   1.3246450e+04  -1.4723743e+04
   1.9300000e+02   3.5758623e+04   1.9313621e+04
   1.9400000e+02   4.7778807e+04   6.5418832e+04
   1.9500000e+02   5.5851003e+04   8.6139651e+04
   1.9600000e+02   5.8191122e+04   6.4308059e+04
   1.9700000e+02   5.2517833e+04   2.3207809e+04
   1.9800000e+02   4.0611996e+04   3.9650500e+03
   1.9900000e+02   1.9854639e+04   1.7555911e+04
   2.0000000e+02  -1.1597768e+04   3.1719380e+04
   2.0100000e+02  -2.9283613e+04   1.5575671e+04
   2.0200000e+02  -1.6447918e+04  -8.5088364e+03
   2.0300000e+02  -1.2511820e+02  -1.0588194e+04
   2.0400000e+02  -1.5784420e+03  -4.5641976e+03
   2.0500000e+02  -1.5714233e+04  -1.7010199e+04
   2.0600000e+02  -3.1418672e+04  -4.5712474e+04
   2.0700000e+02  -3.4227759e+04  -5.4092689e+04
   2.0800000e+02  -1.1393902e+04  -2.7942191e+04
   2.0900000e+02   2.6677387e+04   2.7115843e+03
   2.1000000e+02   4.1811256e+04   1.0748404e+04
   2.1100000e+02   2.6437160e+04  -8.4083888e+03
   2.1200000e+02   1.9159035e+04  -2.6771116e+04
   2.1300000e+02   3.8278933e+04  -1.2131266e+04
   2.1400000e+02   5.5821268e+04   2.1765917e+04
   2.1500000e+02   4.0631190e+04   3.6439896e+04
   2.1600000e+02   1.4417068e+04   1.7405764e+04
   2.1700000e+02   1.7030435e+04  -6.7205564e+03
   2.1800000e+02   3.4899911e+04  -1.9426217e+03
   2.1900000e+02   2.8721371e+04   1.9192436e+04
   2.2000000e+02  -5.4524527e+03   1.0826238e+04
   2.2100000e+02  -2.0505062e+04  -3.5844543e+04
   2.2200000e+02   7.1009970e+03  -5.9119655e+04
   2.2300000e+02   2.0775503e+04  -2.0598036e+04
   2.2400000e+02  -4.5777501e+03   2.2222033e+04
   2.2500000e+02  -1.2778169e+04   6.4947616e+03
   2.2600000e+02   8.8008690e+03  -4.3358545e+04
   2.2700000e+02   1.1478742e+04  -6.4727336e+04
   2.2800000e+02  -1.4770744e+03  -4.8110036e+04
   2.2900000e+02   6.7657461e+03  -1.7753704e+04
   2.3000000e+02   1.8837292e+04   6.9792389e+03
   2.3100000e+02   1.2293123e+04   1.7860849e+03
   2.3200000e+02   1.4011155e+03  -2.0034271e+04
   2.3300000e+02  -2.6554294e+03  -1.8623639e+04
   2.3400000e+02   4.6033503e+02  -2.1629179e+03
   2.3500000e+02   8.5835969e+02  -4.5868797e+03
   2.3600000e+02  -5.1862550e+03  -2.5159777e+04
   2.3700000e+02  -4.3834990e+03  -2.8911942e+04
   2.3800000e+02   3.7079868e+03  -4.2299956e+03
   2.3900000e+02   3.8559893e+03   1.6609530e+04
   2.4000000e+02  -1.0909946e+04   6.4940409e+03
   2.4100000e+02  -2.0741924e+04  -2.8902923e+04
   2.4200000e+02  -9.0806658e+03  -5.1837617e+04
   2.4300000e+02   1.4319876e+03  -2.9857092e+04
   2.4400000e+02  -8.8683034e+03   1.5184260e+04
   2.4500000e+02  -2.7534027e+04   2.9170005e+04
   2.4600000e+02  -3.4378723e+04  -7.9108527e+03
   2.4700000e+02  -2.3197871e+04  -4.5058517e+04
   2.4800000e+02  -7.2020039e+03  -2.5081822e+04
   2.4900000e+02  -5.1539624e+03   2.3393817e+04
   2.5000000e+02  -2.0655969e+04   3.1061577e+04
   2.5100000e+02  -3.2488339e+04   1.6468689e+02
   2.5200000e+02  -2.2953388e+04  -6.4503367e+03
   2.5300000e+02  -3.5299870e+03   2.1715890e+04
   2.5400000e+02   5.3280126e+02   3.5256381e+04
   2.5500000e+02  -1.9435737e+04   1.7569313e+04
   2.5600000e+02  -3.2742962e+04  -3.8352006e+03
   2.5700000e+02  -1.8203924e+04  -8.1509730e+03
   2.5800000e+02  -1.9802591e+03   1.7629974e+03
   2.5900000e+02  -1.9576622e+03   1.7667978e+04
   2.6000000e+02  -1.2159742e+04   2.8336170e+04
   2.6100000e+02  -2.5415802e+04   1.6028412e+04
   2.6200000e+02  -3.0484252e+04  -7.8586265e+03
   2.6300000e+02  -1.7794107e+04  -8.6261616e+03
   2.6400000e+02   2.5151476e+03   1.7491150e+04
   2.6500000e+02   4.6940622e+03   3.8381216e+04
   2.6600000e+02  -1.0426826e+04   3.2006727e+04
   2.6700000e+02  -2.1257065e+04   1.6875855e+04
   2.6800000e+02  -2.0608095e+04   1.4924764e+04
   2.6900000e+02  -9.9330789e+03   2.0473244e+04
   2.7000000e+02  -9.4144552e+02   2.2733415e+04
   2.7100000e+02   1.1111061e+03   2.1587310e+04
   2.7200000e+02   2.5905342e+03   2.4292493e+04
   2.7300000e+02  -4.6870000e+00   2.6150587e+04
   2.7400000e+02  -1.8821289e+03   1.9606691e+04
   2.7500000e+02   3.9908220e+03   1.2829681e+04
   2.7600000e+02   1.0555718e+04   4.8637711e+03
   2.7700000e+02   1.2877578e+04  -4.6326866e+03
   2.7800000e+02   1.4045808e+04  -3.9060484e+02
   2.7900000e+02   1.5664193e+04   1.8312692e+04
   2.8000000e+02   9.1316575e+03   3.1389194e+04
   2.8100000e+02  -1.3797702e+03   2.1079539e+04
   2.8200000e+02   3.9510449e+02  -1.5827445e+03
   2.8300000e+02   1.3548757e+04  -8.6771827e+03
   2.8400000e+02   2.5598794e+04   2.1297528e+03
   2.8500000e+02   2.0943243e+04   1.0347502e+04
   2.8600000e+02   7.4825034e+03   8.6884129e+03
   2.8700000e+02   9.9214362e+03   7.7076010e+03
   2.8800000e+02   1.9589632e+04   6.7318508e+03
   2.8900000e+02   1.9776848e+04  -3.8363728e+03
   2.9000000e+02   1.5764858e+04  -1.7859763e+04
   2.9100000e+02   1.7864461e+04  -2.0406085e+04
   2.9200000e+02   2.5510659e+04  -8.9315242e+03
   2.9300000e+02   2.4955792e+04  -2.1956892e+03
   2.9400000e+02   1.6715889e+04  -7.3484475e+03
   2.9500000e+02   1.4043408e+04  -7.4233701e+03
   2.9600000e+02   1.7415158e+04  -5.3090531e+03
   2.9700000e+02   1.7732029e+04  -1.1106643e+04
   2.9800000e+02   1.1393325e+04  -1.4429768e+04
   2.9900000e+02   7.8048112e+03  -1.0406736e+04
   3.0000000e+02   8.1240315e+03  -3.9393270e+03
   3.0100000e+02   3.1321697e+03   1.4805032e+03
   3.0200000e+02   1.3396004e+03  -9.3469705e+02
   3.0300000e+02   1.7276303e+04  -1.5943130e+04
   3.0400000e+02   3.4546160e+04  -3.1162087e+04
   3.0500000e+02   1.9745378e+04  -3.0447916e+04
   3.0600000e+02  -1.1463005e+04  -1.9911102e+04
   3.0700000e+02  -9.9515311e+03  -1.4698327e+04
   3.0800000e+02   2.1846569e+04  -1.8600901e+04
   3.0900000e+02   3.6443042e+04  -2.4222130e+04
   3.1000000e+02   1.0348007e+04  -2.3095930e+04
   3.1100000e+02  -2.2761834e+04  -1.5597043e+04
   3.1200000e+02  -1.8800107e+04  -1.0747993e+04
   3.1300000e+02   1.0238089e+04  -1.9640853e+04
   3.1400000e+02   2.2940032e+04  -3.3441604e+04
   3.1500000e+02   6.3975134e+03  -3.2457378e+04
   3.1600000e+02  -1.8596085e+04  -1.8602459e+04
   3.1700000e+02  -2.8477605e+04  -1.9985933e+03
   3.1800000e+02  -1.9772277e+04   6.2103986e+03
   3.1900000e+02  -4.8204453e+03  -2.0366715e+03
   3.2000000e+02  -2.1888179e+02  -1.2820037e+04
   3.2100000e+02  -6.8948332e+03  -1.2827019e+04
   3.2200000e+02  -1.5544953e+04  -7.6483938e+03
   3.2300000e+02  -2.2235942e+04  -5.2596721e+03
   3.2400000e+02  -1.9032501e+04  -2.1609445e+03
   3.2500000e+02  -9.5299570e+03   5.5960191e+03
   3.2600000e+02  -8.9748009e+03   8.1345681e+03
   3.2700000e+02  -1.5816186e+04  -4.1712305e+02
   3.2800000e+02  -1.6906777e+04  -1.1164116e+04
   3.2900000e+02  -9.3492275e+03  -1.0309208e+04
   3.3000000e+02  -7.9288636e+03   3.9811562e+03
   3.3100000e+02  -2.1660082e+04   1.2272277e+04
   3.3200000e+02  -4.0647761e+04   4.5288195e+03
   3.3300000e+02  -4.8029538e+04  -3.4585995e+03
   3.3400000e+02  -2.9554668e+04   2.5124279e+02
   3.3500000e+02  -8.7858726e+02   5.3887506e+03
   3.3600000e+02   1.4990981e+03   4.3291467e+03
   3.3700000e+02  -2.3217695e+04   7.5319240e+03
   3.3800000e+02  -3.3169343e+04   1.4598005e+04
   3.3900000e+02  -9.0894083e+03   1.6516494e+04
   3.4000000e+02   9.3217807e+03   1.6222949e+04
   3.4100000e+02  -3.9524449e+03   2.0155813e+04
   3.4200000e+02  -1.6063594e+04   2.9242440e+04
   3.4300000e+02  -2.2740233e+03   2.8688715e+04
   3.4400000e+02   1.2287674e+04   1.4800642e+04
   3.4500000e+02   2.6606729e+03   1.1106376e+04
   3.4600000e+02  -9.0696341e+03   2.1714705e+04
   3.4700000e+02  -4.1664097e+03   2.7165824e+04
   3.4800000e+02  -5.7040988e+02   2.0256755e+04
   3.4900000e+02  -5.6827591e+03   1.5443685e+04
   3.5000000e+02  -1.4117959e+04   1.9444309e+04
   3.5100000e+02  -1.8587818e+04   1.5472098e+04
   3.5200000e+02  -1.1961983e+04   6.5507723e+03
   3.5300000e+02  -2.8904670e+03   8.6285754e+03
   3.5400000e+02   4.6590264e+03   1.2912827e+04
   3.5500000e+02   1.1783670e+04   1.2409789e+04
   3.5600000e+02   1.3023890e+04   1.3977583e+04
   3.5700000e+02   8.6110848e+03   1.7280113e+04
   3.5800000e+02   1.4927687e+03   1.6494044e+04
   3.5900000e+02   1.6769228e+02   1.6040341e+04
   3.6000000e+02   1.5223571e+04   1.7243304e+04
   3.6100000e+02   3.5249006e+04   1.1371161e+04
   3.6200000e+02   3.0388674e+04   6.8957868e+03
   3.6300000e+02   2.1618689e+03   1.1026071e+04
   3.6400000e+02  -7.1006033e+03   1.2649316e+04
   3.6500000e+02   1.4491998e+04   7.8380880e+03
   3.6600000e+02   3.1720867e+04  -1.2407352e+03
   3.6700000e+02   2.1062434e+04  -8.7598492e+03
   3.6800000e+02   1.8793959e+03  -9.5039811e+03
   3.6900000e+02   3.3188802e+03  -8.1678917e+03
   3.7000000e+02   1.4748858e+04  -1.0664969e+04
   3.7100000e+02   1.5838054e+04  -1.6365835e+04
   3.7200000e+02   1.4030724e+04  -1.3362533e+04
   3.7300000e+02   1.7521037e+04  -1.8668485e+03
   3.7400000e+02   1.9770149e+04  -1.7300185e+03
   3.7500000e+02   1.1628524e+04  -1.3056754e+04
   3.7600000e+02   4.2287920e+03  -1.6057833e+04
   3.7700000e+02   1.1254936e+04  -7.8412379e+03
   3.7800000e+02   1.9176353e+04  -7.6441844e+03
   3.7900000e+02   1.6386300e+04  -1.9083775e+04
   3.8000000e+02   8.0928980e+03  -2.0054992e+04
   3.8100000e+02   8.2402129e+03  -6.0813444e+03
   3.8200000e+02   2.0545247e+04   2.9244674e+02
   3.8300000e+02   2.2248329e+04  -1.2327020e+04
   3.8400000e+02   7.2809438e+03  -2.3796991e+04
   3.8500000e+02  -4.0135334e+02  -2.0114433e+04
   3.8600000e+02   7.1643667e+03  -1.6469314e+04
   3.8700000e+02   1.0955802e+04  -1.6292812e+04
   3.8800000e+02   1.6267612e+03  -1.3497803e+04
   3.8900000e+02  -4.1388477e+03  -1.4697950e+04
   3.9000000e+02   1.7312298e+03  -1.9847712e+04
   3.9100000e+02   7.4722943e+03  -2.1983339e+04
   3.9200000e+02   3.3765225e+03  -1.9842056e+04
   3.9300000e+02  -4.3863566e+03  -1.8047925e+04
   3.9400000e+02  -3.1252908e+03  -1.4627788e+04
   3.9500000e+02  -1.6311154e+03  -8.4752772e+03
   3.9600000e+02  -9.8600561e+03  -1.1071670e+04
   3.9700000e+02  -1.5584796e+04  -1.7470333e+04
   3.9800000e+02  -7.7799604e+03  -1.5944034e+04
   3.9900000e+02   5.7426249e+03  -1.1640515e+04
   4.0000000e+02   2.6499393e+03  -7.8455051e+03
   4.0100000e+02  -1.5884480e+04  -3.5136722e+03
   4.0200000e+02  -2.6128483e+04   2.5303144e+03
   4.0300000e+02  -2.0806972e+04   4.9254383e+03
   4.0400000e+02  -5.9935623e+03  -2.4467319e+03
   4.0500000e+02  -8.6304292e+02  -9.9050292e+03
   4.0600000e+02  -1.2519759e+04  -7.7915087e+03
   4.0700000e+02  -1.8972585e+04   3.2044821e+03
   4.0800000e+02  -1.4173516e+04   8.7339845e+03
   4.0900000e+02  -9.1255150e+03  -3.2272957e+03
   4.1000000e+02  -1.0261630e+04  -1.4663956e+04
   4.1100000e+02  -1.4317098e+04  -7.9795440e+03
   4.1200000e+02  -1.0037253e+04   6.4684438e+03
   4.1300000e+02  -3.0848054e+03   1.0925044e+04
   4.1400000e+02  -8.2249015e+03   5.1553140e+03
   4.1500000e+02  -2.0433723e+04   4.0319950e+03
   4.1600000e+02  -2.1668400e+04   1.2908342e+04
   4.1700000e+02  -1.3911590e+04   2.3980323e+04
   4.1800000e+02  -1.2947810e+04   2.3964685e+04
   4.1900000e+02  -1.2430321e+04   1.2940997e+04
   4.2000000e+02  -1.0324964e+04   1.0192823e+04
   4.2100000e+02  -1.7457140e+04   1.8357460e+04
   4.2200000e+02  -2.1612870e+04   2.3629821e+04
   4.2300000e+02  -1.2838283e+04   1.8978884e+04
   4.2400000e+02  -5.6549603e+03   7.4526607e+03
   4.2500000e+02  -8.4762164e+03   2.9932604e+03
   4.2600000e+02  -9.9802306e+03   1.0073741e+04
   4.2700000e+02  -5.5050892e+03   1.6208096e+04
   4.2800000e+02  -3.0681310e+03   1.4218012e+04
   4.2900000e+02  -1.4246047e+03   1.0404848e+04
   4.3000000e+02  -2.1448505e+03   1.0058044e+04
   4.3100000e+02  -1.0318215e+04   1.0763457e+04
   4.3200000e+02  -1.5720195e+04   1.4846114e+04
   4.3300000e+02  -8.2260959e+03   2.3117348e+04
   4.3400000e+02   4.6801995e+03   2.7588373e+04
   4.3500000e+02   5.6928445e+03   2.4270996e+04
   4.3600000e+02  -2.0929300e+03   1.7994368e+04
   4.3700000e+02  -1.2887845e+03   1.7601571e+04
   4.3800000e+02   5.3021509e+03   2.2023350e+04
   4.3900000e+02   8.7978980e+03   2.2003666e+04
   4.4000000e+02   9.4786602e+03   1.4635728e+04
   4.4100000e+02   1.1222910e+04   6.7965347e+03
   4.4200000e+02   1.4287118e+04   8.6708683e+03
   4.4300000e+02   1.2935072e+04   1.0315278e+04
   4.4400000e+02   1.1082950e+04  -2.0615820e+03
   4.4500000e+02   1.4474442e+04  -1.2646321e+04
   4.4600000e+02   1.8580267e+04  -4.7977757e+03
   4.4700000e+02   1.7630603e+04   1.1324201e+04
   4.4800000e+02   1.4471926e+04   1.2179982e+04
   4.4900000e+02   1.8948056e+04  -5.4610652e+03
   4.5000000e+02   2.4599920e+04  -1.3773365e+04
   4.5100000e+02   2.0058628e+04   3.6116416e+02
   4.5200000e+02   1.1900082e+04   1.0095395e+04
   4.5300000e+02   8.0673329e+03  -7.1934732e+03
   4.5400000e+02   1.0369732e+04  -2.6655978e+04
   4.5500000e+02   1.4161296e+04  -1.9277751e+04
   4.5600000e+02   1.6158792e+04  -4.6860779e+03
   4.5700000e+02   1.8140852e+04  -7.6507316e+03
   4.5800000e+02   1.5294866e+04  -1.9697864e+04
   4.5900000e+02   8.1670874e+03  -2.3501135e+04
   4.6000000e+02   5.6034361e+03  -1.9376155e+04
   4.6100000e+02   1.2421543e+04  -1.8835218e+04
   4.6200000e+02   2.2135906e+04  -1.9675331e+04
   4.6300000e+02   2.1588126e+04  -1.7847390e+04
   4.6400000e+02   1.3900965e+04  -1.7526379e+04
   4.6500000e+02   1.0474651e+04  -1.8832406e+04
   4.6600000e+02   1.0058883e+04  -1.8568513e+04
   4.6700000e+02   4.5285529e+03  -1.2467437e+04
   4.6800000e+02  -2.3812466e+03  -1.1299392e+04
   4.6900000e+02   5.3597884e+03  -2.4340448e+04
   4.7000000e+02   2.0320643e+04  -2.9891785e+04
   4.7100000e+02   1.6870591e+04  -1.6562011e+04
   4.7200000e+02  -6.4410429e+03  -7.1144679e+03
   4.7300000e+02  -2.4887476e+04  -1.8169311e+04
   4.7400000e+02  -1.6949220e+04  -3.1268791e+04
   4.7500000e+02   5.5977975e+03  -2.3955450e+04
   4.7600000e+02   1.4400932e+04  -9.0771021e+03
   4.7700000e+02   2.7801206e+02  -5.1994889e+03
   4.7800000e+02  -1.9879499e+04  -7.0065106e+03
   4.7900000e+02  -2.0016473e+04  -3.8793874e+03
   4.8000000e+02  -5.2536788e+03   3.9915078e+02
   4.8100000e+02  -5.2602330e+02  -2.1093798e+03
   4.8200000e+02  -9.2041589e+03  -2.5428129e+03
   4.8300000e+02  -1.9603170e+04   3.7084409e+03
   4.8400000e+02  -2.0944963e+04   5.2727293e+03
   4.8500000e+02  -1.7606809e+04  -2.1646556e+03
   4.8600000e+02  -1.4588059e+04  -9.1811499e+03
   4.8700000e+02  -5.0020268e+03  -4.2877004e+03
   4.8800000e+02  -5.2230176e+02   3.4988390e+03
   4.8900000e+02  -1.1466722e+04   4.4177888e+03
   4.9000000e+02  -1.7883854e+04   9.1299521e+03
   4.9100000e+02  -8.7207873e+03   1.6872595e+04
   4.9200000e+02  -3.7156677e+03   1.8406328e+04
   4.9300000e+02  -1.5240518e+04   1.2626744e+04
   4.9400000e+02  -2.6017983e+04   6.7178307e+03
   4.9500000e+02  -2.2252711e+04   1.1018768e+04
   4.9600000e+02  -1.0776929e+04   1.6967437e+04
   4.9700000e+02  -6.1900038e+03   1.5167223e+04
   4.9800000e+02  -1.6867797e+04   1.2413025e+04
   4.9900000e+02  -3.0536760e+04   1.3357671e+04
   5.0000000e+02  -3.0955215e+04   1.5844651e+04
   5.0100000e+02  -1.5989100e+04   1.2373638e+04
   5.0200000e+02   1.6967264e+03   2.3918622e+03
   5.0300000e+02   1.2070792e+03  -2.9102787e+03
   5.0400000e+02  -1.4873399e+04   6.6274569e+03
   5.0500000e+02  -2.0381238e+04   2.3879981e+04
   5.0600000e+02  -7.9201812e+03   2.6356069e+04
   5.0700000e+02   9.5181344e+02   1.6111096e+04
   5.0800000e+02  -5.3000398e+03   1.1645582e+04
   5.0900000e+02  -1.1053569e+04   1.1915883e+04
   5.1000000e+02  -8.0184023e+03   1.2525112e+04
   5.1100000e+02  -1.4954329e+03   1.2180971e+04
   5.1200000e+02   2.3970504e+03   9.3384425e+03
   5.1300000e+02  -1.6179609e+03   7.2310656e+03
   5.1400000e+02  -4.5168294e+03   6.2852069e+03
   5.1500000e+02  -2.9879152e+02   3.6018001e+03
   5.1600000e+02  -7.3715320e+01  -1.7133961e+02
   5.1700000e+02  -5.3895628e+03   9.7263929e+02
   5.1800000e+02  -1.0455928e+03   6.7589606e+03
   5.1900000e+02   1.5899800e+04   9.9496070e+03
   5.2000000e+02   2.3277022e+04   1.0638271e+04
   5.2100000e+02   1.4274102e+04   1.3032394e+04
   5.2200000e+02   7.4895674e+03   1.4332207e+04
   5.2300000e+02   1.0428348e+04   6.5840195e+03
   5.2400000e+02   1.7417818e+04  -2.2467417e+03
   5.2500000e+02   1.7997176e+04   3.3279082e+03
   5.2600000e+02   1.2948853e+04   1.5004385e+04
   5.2700000e+02   1.7226396e+04   1.5517374e+04
   5.2800000e+02   2.5897365e+04   6.0677294e+02
   5.2900000e+02   2.1277834e+04  -1.3551339e+04
   5.3000000e+02   4.9426977e+03  -7.2457541e+03
   5.3100000e+02  -3.7265364e+03   7.1019778e+03
   5.3200000e+02   6.0849981e+03   7.3737899e+03
   5.3300000e+02   2.0837319e+04  -5.0292937e+03
   5.3400000e+02   2.3496555e+04  -1.2191938e+04
   5.3500000e+02   1.4877133e+04  -5.3631933e+03
   5.3600000e+02   1.0474911e+04  -3.8742588e+03
   5.3700000e+02   1.6765220e+04  -1.7039807e+04
   5.3800000e+02   2.0611487e+04  -2.1452007e+04
   5.3900000e+02   1.3450109e+04  -6.4859887e+03
   5.4000000e+02   5.7118148e+03   3.0524385e+03
   5.4100000e+02   1.1450137e+04  -1.2124345e+04
   5.4200000e+02   2.2034173e+04  -2.9920946e+04
   5.4300000e+02   2.1634232e+04  -2.5292924e+04
   5.4400000e+02   1.5072877e+04  -8.8844044e+03
   5.4500000e+02   5.0238419e+03  -3.6418554e+03
   5.4600000e+02  -5.4976170e+03  -1.2091048e+04
   5.4700000e+02  -3.0507791e+03  -1.5355302e+04
   5.4800000e+02   1.0057862e+04  -1.1012814e+04
   5.4900000e+02   1.8092511e+04  -1.2010244e+04
   5.5000000e+02   1.0506882e+04  -1.4057767e+04
   5.5100000e+02  -3.2512747e+03  -1.3543104e+04
   5.5200000e+02  -7.0211949e+03  -1.2040643e+04
   5.5300000e+02  -1.7788682e+03  -6.4408790e+03
   5.5400000e+02   7.9806951e+03  -3.3996840e+03
   5.5500000e+02   1.3185293e+04  -9.8849619e+03
   5.5600000e+02   5.7863330e+03  -1.7920163e+04
   5.5700000e+02  -3.3203913e+03  -1.9404845e+04
   5.5800000e+02  -4.3917021e+03  -1.9254664e+04
   5.5900000e+02  -8.0199409e+02  -1.8462045e+04
   5.6000000e+02  -1.8751928e+03  -1.4141831e+04
   5.6100000e+02  -8.4534031e+03  -1.1925135e+04
   5.6200000e+02  -1.1624909e+04  -9.2888537e+03
   5.6300000e+02  -1.3313917e+04  -5.6094139e+03
   5.6400000e+02  -1.9260794e+04  -7.6047213e+03
   5.6500000e+02  -2.3550031e+04  -7.5602654e+03
   5.6600000e+02  -1.8517717e+04  -3.1618672e+03
   5.6700000e+02  -1.2407831e+04  -4.4262097e+03
   5.6800000e+02  -1.4931742e+04  -8.0166344e+03
   5.6900000e+02  -1.7308653e+04  -2.7185282e+03
   5.7000000e+02  -1.9441429e+04   7.1183776e+03
   5.7100000e+02  -2.5377113e+04   9.2139386e+03
   5.7200000e+02  -2.0687683e+04   6.0038518e+03
   5.7300000e+02  -6.1969419e+03   2.1418402e+03
   5.7400000e+02  -4.5529146e+03  -1.2947150e+03
   5.7500000e+02  -2.0467138e+04   2.5207157e+03
   5.7600000e+02  -3.1840374e+04   1.4164966e+04
   5.7700000e+02  -2.5555501e+04   2.5973439e+04
   5.7800000e+02  -1.2652741e+04   2.8658671e+04
   5.7900000e+02  -5.7328744e+03   2.2466700e+04
   5.8000000e+02  -9.9194961e+03   1.5370472e+04
   5.8100000e+02  -1.6580410e+04   8.5419141e+03
   5.8200000e+02  -1.4279572e+04   6.4938501e+03
   5.8300000e+02  -7.9693655e+03   1.0666956e+04
   5.8400000e+02  -5.7670273e+03   1.4684477e+04
   5.8500000e+02  -1.2394103e+04   1.5011946e+04
   5.8600000e+02  -1.8773669e+04   6.1530475e+03
   5.8700000e+02  -9.2495426e+03  -1.7990151e+03
   5.8800000e+02   2.6437183e+03   7.4151059e+03
   5.8900000e+02  -4.4231482e+03   2.2042468e+04
   5.9000000e+02  -1.9245529e+04   2.2492931e+04
   5.9100000e+02  -1.4809696e+04   1.0492769e+04
   5.9200000e+02   3.7395392e+03   5.7737081e+03
   5.9300000e+02   7.2720958e+03   1.5758597e+04
   5.9400000e+02  -6.4020099e+02   2.3160273e+04
   5.9500000e+02   1.2083134e+03   1.7452640e+04
   5.9600000e+02   9.5965360e+03   8.7802423e+03
   5.9700000e+02   1.0649162e+04   5.6611381e+03
   5.9800000e+02   6.2594076e+03   3.4594236e+03
   5.9900000e+02   7.8358533e+03   5.4088847e+03
   6.0000000e+02   7.9309078e+03   1.5519819e+04
   6.0100000e+02  -9.6260820e+01   1.6186730e+04
   6.0200000e+02  -1.6448002e+02   5.0173408e+03
   6.0300000e+02   1.4718328e+04   4.1215467e+03
   6.0400000e+02   2.9116525e+04   1.5775146e+04
   6.0500000e+02   2.1402178e+04   1.8895577e+04
   6.0600000e+02  -1.8811140e+03   4.6065603e+03
   6.0700000e+02  -5.4289505e+03  -7.1654455e+03
   6.0800000e+02   1.5868840e+04  -1.9708618e+03
   6.0900000e+02   2.9988781e+04   7.2987349e+03
   6.1000000e+02   1.8899157e+04   5.4537155e+03
   6.1100000e+02   2.8682941e+03  -6.0513571e+03
   6.1200000e+02   9.4273978e+03  -1.1838429e+04
   6.1300000e+02   3.0909487e+04  -7.2280654e+03
   6.1400000e+02   3.7644795e+04  -2.5719869e+03
   6.1500000e+02   2.0469480e+04  -1.0295472e+03
   6.1600000e+02   4.8813692e+03  -2.0576695e+03
   6.1700000e+02   1.2658925e+04  -8.2798445e+03
   6.1800000e+02   2.8175219e+04  -1.5206380e+04
   6.1900000e+02   3.0405531e+04  -1.0253263e+04
   6.2000000e+02   2.1091309e+04  -1.6144127e+03
   6.2100000e+02   1.1072161e+04  -1.2076280e+04
   6.2200000e+02   4.4292086e+03  -2.6668048e+04
   6.2300000e+02   3.6232228e+03  -2.0015393e+04
   6.2400000e+02   1.2264686e+04  -3.8683238e+03
   6.2500000e+02   2.1564723e+04   1.0338561e+03
   6.2600000e+02   2.1789646e+04  -8.1123607e+03
   6.2700000e+02   1.0569877e+04  -1.7191252e+04
   6.2800000e+02  -6.5180606e+03  -1.5923370e+04
   6.2900000e+02  -9.2451748e+03  -1.0785670e+04
   6.3000000e+02   3.8969237e+03  -1.1482573e+04
   6.3100000e+02   1.0398774e+04  -1.7916130e+04
   6.3200000e+02   2.4693189e+03  -1.8233476e+04
   6.3300000e+02  -5.9385779e+03  -1.3755719e+04
   6.3400000e+02  -9.5477904e+02  -1.8565339e+04
   6.3500000e+02   5.3842203e+03  -2.7454596e+04
   6.3600000e+02  -3.0466928e+03  -2.5531638e+04
   6.3700000e+02  -1.5953717e+04  -1.2693370e+04
   6.3800000e+02  -1.6198834e+04  -6.7139306e+03
   6.3900000e+02  -1.4277474e+03  -1.6644674e+04
   6.4000000e+02   6.9218759e+03  -2.3964627e+04
   6.4100000e+02  -7.3233093e+03  -1.6452954e+04
   6.4200000e+02  -2.4393315e+04  -8.4231904e+03
   6.4300000e+02  -2.3506106e+04  -1.0537973e+04
   6.4400000e+02  -1.1284882e+04  -8.5477243e+03
   6.4500000e+02  -6.0980075e+03   9.6543924e+02
   6.4600000e+02  -1.4681333e+04  -2.0424989e+03
   6.4700000e+02  -2.5081351e+04  -1.1251711e+04
   6.4800000e+02  -2.0362754e+04  -6.1508911e+03
   6.4900000e+02  -4.7892403e+03   7.8255919e+03
   6.5000000e+02  -5.1659231e+03   1.3232334e+04
   6.5100000e+02  -2.0808843e+04   2.2751376e+03
   6.5200000e+02  -2.6041404e+04  -8.0318176e+03
   6.5300000e+02  -1.9124349e+04  -1.0757220e+03
   6.5400000e+02  -1.0015040e+04   1.0665995e+04
   6.5500000e+02  -6.5625675e+03   1.2498651e+04
   6.5600000e+02  -1.2522220e+04   7.2784220e+03
   6.5700000e+02  -1.9881350e+04   5.0284047e+03
   6.5800000e+02  -2.2260024e+04   8.6850011e+03
   6.5900000e+02  -1.8215556e+04   1.5554244e+04
   6.6000000e+02  -1.2233648e+04   1.8971262e+04
   6.6100000e+02  -9.6366273e+03   1.0633710e+04
   6.6200000e+02  -1.1068905e+04   9.2039930e+02
   6.6300000e+02  -1.7955125e+04   4.4333243e+03
   6.6400000e+02  -2.3674440e+04   1.7535347e+04
   6.6500000e+02  -2.2520516e+04   2.5348274e+04
   6.6600000e+02  -1.4955828e+04   1.6527154e+04
   6.6700000e+02  -1.9635832e+03   6.0560343e+03
   6.6800000e+02   2.4877381e+03   1.1941997e+04
   6.6900000e+02  -7.5287188e+03   2.3826567e+04
   6.7000000e+02  -1.3862386e+04   2.6315218e+04
   6.7100000e+02  -5.0522955e+03   1.7961058e+04
   6.7200000e+02   8.8809725e+03   1.1186530e+04
   6.7300000e+02   1.2692412e+04   1.6203953e+04
   6.7400000e+02   5.0509654e+03   2.6824847e+04
   6.7500000e+02   4.3643777e+02   3.0345631e+04
   6.7600000e+02   7.8078534e+03   2.2807999e+04
   6.7700000e+02   1.0835364e+04   1.5098492e+04
   6.7800000e+02  -1.7359896e+03   1.1778599e+04
   6.7900000e+02  -8.1797947e+03   1.0794275e+04
   6.8000000e+02   3.3754730e+03   1.6798142e+04
   6.8100000e+02   1.6020727e+04   1.9813609e+04
   6.8200000e+02   1.4770311e+04   8.9908550e+03
   6.8300000e+02   3.6694520e+03  -2.0718606e+03
   6.8400000e+02   1.5214923e+03   8.8274631e+02
   6.8500000e+02   1.3608660e+04   1.1322155e+04
   6.8600000e+02   2.5915688e+04   1.1874610e+04
   6.8700000e+02   2.7403100e+04  -1.5518863e+03
   6.8800000e+02   2.1379525e+04  -1.2872328e+04
   6.8900000e+02   2.1217686e+04  -5.7380846e+03
   6.9000000e+02   2.6212135e+04   9.5420106e+03
   6.9100000e+02   2.2640633e+04   1.1329500e+04
   6.9200000e+02   9.9847124e+03   9.9372978e+02
   6.9300000e+02   5.5313511e+03  -1.3891432e+04
   6.9400000e+02   1.8600011e+04  -2.2495200e+04
   6.9500000e+02   2.8885856e+04  -1.2475011e+04
   6.9600000e+02   2.3118751e+04  -1.9660950e+02
   6.9700000e+02   1.2924377e+04   1.9647167e+02
   6.9800000e+02   7.2255361e+03  -4.1145859e+03
   6.9900000e+02   1.0915293e+04  -1.0550098e+04
   7.0000000e+02   1.6494366e+04  -1.6547593e+04
   7.0100000e+02   1.4121647e+04  -1.8913877e+04
   7.0200000e+02   1.1927599e+04  -2.0007354e+04
   7.0300000e+02   1.0815064e+04  -2.1349880e+04
   7.0400000e+02   6.0815767e+03  -1.8346840e+04
   7.0500000e+02   3.7758336e+03  -1.3442197e+04
   7.0600000e+02   5.6963540e+03  -1.7994176e+04
   7.0700000e+02   4.2946230e+03  -2.2259202e+04
   7.0800000e+02  -2.0484836e+03  -1.6995231e+04
   7.0900000e+02  -2.0665859e+03  -1.6886447e+04
   7.1000000e+02   7.5940695e+03  -2.2632485e+04
   7.1100000e+02   1.1914957e+04  -2.1178048e+04
   7.1200000e+02   1.6337082e+03  -1.5090697e+04
   7.1300000e+02  -5.9606634e+03  -1.6978331e+04
   7.1400000e+02   5.5711406e+03  -2.3740808e+04
   7.1500000e+02   1.8635249e+04  -2.0406349e+04
   7.1600000e+02   1.6396411e+04  -1.0084113e+04
   7.1700000e+02   4.8474009e+03  -6.1691473e+03
   7.1800000e+02  -6.5035380e+03  -1.1947407e+04
   7.1900000e+02  -7.7941123e+03  -1.8208488e+04
   7.2000000e+02  -3.0863999e+03  -1.5280714e+04
   7.2100000e+02  -4.3571235e+03  -7.3352618e+03
   7.2200000e+02  -1.3151674e+04  -1.1498673e+03
   7.2300000e+02  -2.5117239e+04  -5.2908625e+03
   7.2400000e+02  -2.7917362e+04  -1.9839916e+04
   7.2500000e+02  -1.9916610e+04  -2.1248558e+04
   7.2600000e+02  -1.6187875e+04  -3.2736324e+03
   7.2700000e+02  -2.1842290e+04   9.5794895e+03
   7.2800000e+02  -2.6487467e+04   4.6934026e+03
   7.2900000e+02  -2.0160125e+04  -3.7232475e+03
   7.3000000e+02  -1.2053388e+04  -2.7420911e+03
   7.3100000e+02  -1.1219456e+04   5.8589453e+02
   7.3200000e+02  -1.1134248e+04   2.6520191e+03
   7.3300000e+02  -1.2888718e+04   9.5601515e+03
   7.3400000e+02  -1.8118517e+04   1.5507181e+04
   7.3500000e+02  -2.0940553e+04   9.8096976e+03
   7.3600000e+02  -1.9669970e+04   3.0359908e+02
   7.3700000e+02  -1.6041715e+04   5.5540805e+03
   7.3800000e+02  -1.2674826e+04   2.3474361e+04
   7.3900000e+02  -1.2452416e+04   3.4162119e+04
   7.4000000e+02  -1.8899594e+04   2.4846484e+04
   7.4100000e+02  -2.5160808e+04   7.4486749e+03
   7.4200000e+02  -2.1796275e+04   7.0874154e+03
   7.4300000e+02  -1.5725313e+04   1.8122806e+04
   7.4400000e+02  -1.2443372e+04   2.1422813e+04
   7.4500000e+02  -1.0849273e+04   1.7206665e+04
   7.4600000e+02  -9.6817375e+03   8.3627143e+03
   7.4700000e+02  -5.9254785e+03   4.9807454e+03
   7.4800000e+02  -3.3811676e+03   1.4759567e+04
   7.4900000e+02  -5.0145765e+03   2.6929501e+04
   7.5000000e+02  -6.1441691e+03   2.5433312e+04
   7.5100000e+02  -1.9617409e+03   6.2955528e+03
   7.5200000e+02   5.8329711e+03  -3.3737358e+03
   7.5300000e+02   1.0101115e+04   1.3725349e+04
   7.5400000e+02   6.6943550e+03   3.3645350e+04
   7.5500000e+02  -3.3634266e+03   3.7412246e+04
   7.5600000e+02  -7.2342886e+03   2.8117700e+04
   7.5700000e+02   4.2509532e+03   1.7547815e+04
   7.5800000e+02   1.5396734e+04   1.2689555e+04
   7.5900000e+02   1.1869477e+04   1.0504879e+04
   7.6000000e+02   2.0134386e+03   8.9565425e+03
   7.6100000e+02   2.3847090e+03   6.3148319e+03
   7.6200000e+02   1.0107109e+04   5.2762813e+03
   7.6300000e+02   1.0912744e+04   6.4533112e+03
   7.6400000e+02   1.0878270e+04   3.6955243e+03
   7.6500000e+02   1.3930316e+04   1.3324007e+03
   7.6600000e+02   1.1985277e+04   4.4268135e+03
   7.6700000e+02   9.9870797e+03   4.6353683e+03
   7.6800000e+02   1.7330911e+04  -4.4148965e+03
   7.6900000e+02   3.0717501e+04  -9.1896445e+03
   7.7000000e+02   3.3109280e+04  -4.3724679e+02
   7.7100000e+02   2.4058727e+04   4.8638843e+03
   7.7200000e+02   2.3214011e+04   9.9074119e+02
   7.7300000e+02   2.7020351e+04  -2.4053546e+03
   7.7400000e+02   2.2585528e+04  -6.3016122e+03
   7.7500000e+02   1.5022485e+04  -1.2528038e+04
   7.7600000e+02   1.2664380e+04  -1.6783627e+04
   7.7700000e+02   1.7692330e+04  -1.3641443e+04
   7.7800000e+02   2.2668620e+04  -1.0347163e+04
   7.7900000e+02   1.8486541e+04  -1.5059821e+04
   7.8000000e+02   7.1127516e+03  -1.8539218e+04
   7.8100000e+02  -2.4112410e+03  -1.6799646e+04
   7.8200000e+02  -2.0677185e+03  -1.2662249e+04
   7.8300000e+02   1.0588385e+04  -9.9288610e+03
   7.8400000e+02   2.3182043e+04  -1.5059557e+04
   7.8500000e+02   1.7287721e+04  -2.3723631e+04
   7.8600000e+02   7.1252228e+02  -2.7782137e+04
   7.8700000e+02  -5.5421874e+03  -2.4100056e+04
   7.8800000e+02   6.5351536e+02  -1.9451776e+04
   7.8900000e+02   1.0021192e+04  -2.1753367e+04
   7.9000000e+02   1.1897031e+04  -2.3048345e+04
   7.9100000e+02   6.3272207e+03  -1.9300154e+04
   7.9200000e+02   2.0638613e+03  -1.7357839e+04
   7.9300000e+02   5.0515049e+01  -1.9682030e+04
   7.9400000e+02  -2.6608330e+03  -2.0793321e+04
   7.9500000e+02  -7.1517221e+03  -1.4121054e+04
   7.9600000e+02  -6.9749945e+03  -5.9273609e+03
   7.9700000e+02  -2.7608039e+03  -5.4258162e+03
   7.9800000e+02  -5.8606104e+03  -1.0969744e+04
   7.9900000e+02  -8.7381168e+03  -1.2866427e+04
   8.0000000e+02  -4.1599059e+03  -7.5817579e+03
   8.0100000e+02  -4.6026093e+03  -7.8765184e+03
   8.0200000e+02  -1.2995778e+04  -1.3121300e+04
   8.0300000e+02  -1.4350990e+04  -7.0447653e+03
   8.0400000e+02  -6.0576096e+03   2.9901295e+03
   8.0500000e+02  -9.6408263e+03  -1.4093063e+03
   8.0600000e+02  -2.2672300e+04  -9.2661795e+03
   8.0700000e+02  -1.9240097e+04   5.1223754e+02
   8.0800000e+02  -7.4074766e+03   1.2094236e+04
   8.0900000e+02  -9.9233132e+03   6.5337016e+03
   8.1000000e+02  -2.2065828e+04   2.2320705e+03
   8.1100000e+02  -2.4228530e+04   8.4029742e+03
   8.1200000e+02  -1.6887172e+04   1.0797376e+04
   8.1300000e+02  -1.5106134e+04   6.3339990e+03
   8.1400000e+02  -1.6294157e+04   2.6967964e+03
   8.1500000e+02  -1.7848482e+04   1.6653977e+03
   8.1600000e+02  -2.2975589e+04   3.0664394e+03
   8.1700000e+02  -2.5482903e+04   1.2436803e+04
   8.1800000e+02  -2.2241418e+04   2.3661745e+04
   8.1900000e+02  -1.5007946e+04   2.4212687e+04
   8.2000000e+02  -1.2479738e+04   1.6075725e+04
   8.2100000e+02  -1.6564910e+04   7.5305914e+03
   8.2200000e+02  -1.7355051e+04   9.4424696e+03
   8.2300000e+02  -1.7413441e+04   2.1334309e+04
   8.2400000e+02  -1.7030721e+04   2.4838225e+04
   8.2500000e+02  -1.1995147e+04   1.2777841e+04
   8.2600000e+02  -7.5516470e+03   1.6034034e+03
   8.2700000e+02  -7.2512929e+03   8.1548387e+03
   8.2800000e+02  -1.1534662e+04   1.8080178e+04
   8.2900000e+02  -1.2148294e+04   1.3184523e+04
   8.3000000e+02  -4.6449092e+03   9.2315107e+03
   8.3100000e+02   1.1143367e+03   1.6814775e+04
   8.3200000e+02   4.4792046e+03   2.1030471e+04
   8.3300000e+02   8.4957022e+03   1.5330484e+04
   8.3400000e+02   1.0030088e+04   1.3114647e+04
   8.3500000e+02   1.0624608e+04   1.9292494e+04
   8.3600000e+02   1.0903630e+04   2.0861869e+04
   8.3700000e+02   7.9828729e+03   1.8591270e+04
   8.3800000e+02   7.8629887e+03   1.8933823e+04
   8.3900000e+02   1.4437725e+04   1.6995403e+04
   8.4000000e+02   1.3193887e+04   1.3365303e+04
   8.4100000e+02   3.4775500e+03   9.4712366e+03
   8.4200000e+02   6.2703705e+03   5.4262736e+03
   8.4300000e+02   1.9292006e+04   4.8227305e+03
   8.4400000e+02   2.1225432e+04   8.3285569e+03
   8.4500000e+02   1.0401123e+04   8.6539389e+03
   8.4600000e+02   5.9664820e+03  -2.0942141e+03
   8.4700000e+02   1.4922790e+04  -1.2749328e+04
   8.4800000e+02   2.2313829e+04  -9.7048920e+03
   8.4900000e+02   1.9547480e+04   1.7497121e+03
   8.5000000e+02   1.3680241e+04   6.8067937e+03
   8.5100000e+02   1.3870716e+04  -3.5923643e+03
   8.5200000e+02   1.5165551e+04  -1.4670936e+04
   8.5300000e+02   9.4199041e+03  -1.2733377e+04
   8.5400000e+02   8.4014262e+03  -6.7268195e+03
   8.5500000e+02   1.7089943e+04  -3.2586503e+03
   8.5600000e+02   2.2202910e+04  -5.3644984e+03
   8.5700000e+02   1.9478172e+04  -1.3407533e+04
   8.5800000e+02   1.7351748e+04  -1.9383301e+04
   8.5900000e+02   1.9906995e+04  -1.8870178e+04
   8.6000000e+02   1.6486074e+04  -1.7076757e+04
   8.6100000e+02   7.6527811e+03  -1.8517939e+04
   8.6200000e+02   7.8078852e+03  -1.6823851e+04
   8.6300000e+02   1.4419043e+04  -1.4615767e+04
   8.6400000e+02   1.8936977e+04  -1.9426168e+04
   8.6500000e+02   1.5255388e+04  -2.0795728e+04
   8.6600000e+02   3.9029774e+03  -1.3627765e+04
   8.6700000e+02  -5.6352327e+02  -6.1250272e+03
   8.6800000e+02   6.5842502e+03  -6.8213453e+03
   8.6900000e+02   1.5308364e+04  -1.6180673e+04
   8.7000000e+02   1.4270759e+04  -2.0765256e+04
   8.7100000e+02   2.5386513e+03  -1.6009415e+04
   8.7200000e+02  -5.9130729e+03  -1.0254173e+04
   8.7300000e+02  -1.7418519e+03  -9.4823180e+03
   8.7400000e+02   6.0952832e+03  -1.6966181e+04
   8.7500000e+02   7.9781594e+02  -2.5927805e+04
   8.7600000e+02  -1.2606936e+04  -2.1252703e+04
   8.7700000e+02  -1.2013403e+04  -4.7712277e+03
   8.7800000e+02   3.5376958e+02  -1.0143248e+03
   8.7900000e+02   3.3958750e+03  -1.4435326e+04
   8.8000000e+02  -8.8568625e+03  -2.1559633e+04
   8.8100000e+02  -1.9141263e+04  -1.2967607e+04
   8.8200000e+02  -1.5190111e+04   4.5925314e+03
   8.8300000e+02  -9.7059118e+03   1.3722065e+04
   8.8400000e+02  -1.1951539e+04   2.8183505e+03
   8.8500000e+02  -1.4196952e+04  -6.1452991e+03
   8.8600000e+02  -1.1835683e+04   2.4203663e+03
   8.8700000e+02  -1.6151269e+04   9.7133379e+03
   8.8800000e+02  -3.0868320e+04   3.3798487e+03
   8.8900000e+02  -3.3477115e+04  -2.9875704e+03
   8.9000000e+02  -2.2439010e+04  -1.6883840e+03
   8.9100000e+02  -2.0346765e+04  -8.7909725e+02
   8.9200000e+02  -2.1508151e+04   4.9200319e+02
   8.9300000e+02  -1.3648044e+04   2.5976599e+03
   8.9400000e+02  -1.0108082e+04   5.5223256e+02
   8.9500000e+02  -2.0334982e+04  -5.0867900e+02
   8.9600000e+02  -2.8445786e+04   1.1422699e+03
   8.9700000e+02  -2.2223010e+04   5.1332543e+03
   8.9800000e+02  -1.0656037e+04   1.0402519e+04
   8.9900000e+02  -2.6972619e+03   1.2987159e+04
   9.0000000e+02  -3.1645673e+03   1.6229559e+04
   9.0100000e+02  -8.3363468e+03   2.0824437e+04
   9.0200000e+02  -7.4481795e+03   2.3247761e+04
   9.0300000e+02  -7.0491143e+03   2.0821466e+04
   9.0400000e+02  -1.5797104e+04   1.7125607e+04
   9.0500000e+02  -2.0319642e+04   1.9359052e+04
   9.0600000e+02  -7.0130327e+03   1.6152738e+04
   9.0700000e+02   6.7546141e+03   2.7620455e+03
   9.0800000e+02  -2.4266495e+03   1.8984018e+03
   9.0900000e+02  -1.8645944e+04   1.8200112e+04
   9.1000000e+02  -1.9599992e+04   2.3685158e+04
   9.1100000e+02  -1.2261007e+04   6.8159238e+03
   9.1200000e+02  -6.4100432e+03  -6.0033055e+03
   9.1300000e+02  -2.2628577e+03   2.4711500e+03
   9.1400000e+02   1.0101689e+03   1.7638060e+04
   9.1500000e+02   4.3331154e+03   2.3047673e+04
   9.1600000e+02   1.0935115e+04   1.9474048e+04
   9.1700000e+02   1.8702670e+04   1.9248442e+04
   9.1800000e+02   1.9518856e+04   1.7744577e+04
   9.1900000e+02   1.3822250e+04   5.9838018e+03
   9.2000000e+02   8.6598554e+03   3.4757036e+03
   9.2100000e+02   1.0226820e+04   1.8235940e+04
   9.2200000e+02   1.6700352e+04   2.6682965e+04
   9.2300000e+02   2.0520415e+04   1.7038178e+04
   9.2400000e+02   1.8352248e+04   3.3877624e+03
   9.2500000e+02   8.7415766e+03  -2.1417000e+00
   9.2600000e+02   3.6384348e+03   5.5904522e+03
   9.2700000e+02   1.1392930e+04   7.0596801e+03
   9.2800000e+02   1.5824209e+04  -7.8539145e+03
   9.2900000e+02   1.3012800e+04  -2.1333047e+04
   9.3000000e+02   1.3817841e+04  -7.5626150e+03
   9.3100000e+02   1.9705005e+04   1.2640406e+04
   9.3200000e+02   2.1291717e+04   1.0114569e+04
   9.3300000e+02   1.0790736e+04  -5.9709720e+03
   9.3400000e+02   5.8575733e+03  -1.4912275e+04
   9.3500000e+02   1.8976305e+04  -1.1852839e+04
   9.3600000e+02   2.9012242e+04  -3.8957482e+03
   9.3700000e+02   2.2113900e+04   2.1465887e+03
   9.3800000e+02   1.4972018e+04  -4.4933737e+03
   9.3900000e+02   2.4362243e+04  -2.0896773e+04
   9.4000000e+02   3.1690722e+04  -2.3809177e+04
   9.4100000e+02   1.5978494e+04  -1.3520109e+04
   9.4200000e+02  -1.5341703e+03  -9.5620957e+03
   9.4300000e+02   4.8454704e+03  -1.6756047e+04
   9.4400000e+02   2.4078988e+04  -2.3973184e+04
   9.4500000e+02   2.4774063e+04  -1.9181229e+04
   9.4600000e+02   2.7597170e+03  -9.1674942e+03
   9.4700000e+02  -1.1528541e+04  -5.6964076e+03
   9.4800000e+02  -3.6702642e+03  -8.1803160e+03
   9.4900000e+02   9.0626820e+03  -1.3900874e+04
   9.5000000e+02   6.8510922e+03  -1.9920824e+04
   9.5100000e+02  -5.1299351e+03  -1.7131731e+04
   9.5200000e+02  -7.1144520e+03  -2.7625343e+03
   9.5300000e+02   2.9819023e+02   1.1886351e+03
   9.5400000e+02   5.7139231e+03  -1.4898485e+04
   9.5500000e+02   4.1489415e+03  -2.4565559e+04
   9.5600000e+02  -5.4058917e+03  -1.7931701e+04
   9.5700000e+02  -1.3301418e+04  -1.2781554e+04
   9.5800000e+02  -8.4641973e+03  -1.8982199e+04
   9.5900000e+02   1.0945597e+03  -2.6695421e+04
   9.6000000e+02  -3.2808412e+03  -2.2856537e+04
   9.6100000e+02  -1.6943409e+04  -1.1684778e+04
   9.6200000e+02  -1.9981510e+04  -3.6719965e+03
   9.6300000e+02  -1.3967274e+04  -6.2397059e+03
   9.6400000e+02  -1.0478299e+04  -1.4538702e+04
   9.6500000e+02  -1.1408218e+04  -1.2844446e+04
   9.6600000e+02  -1.2525946e+04  -5.5544962e+03
   9.6700000e+02  -1.2989025e+04  -3.6327266e+03
   9.6800000e+02  -1.7574162e+04  -3.3676951e+03
   9.6900000e+02  -2.2172118e+04   7.2679281e+02
   9.7000000e+02  -2.0329146e+04   6.8116033e+03
   9.7100000e+02  -1.3791404e+04   4.8917307e+03
   9.7200000e+02  -8.5166704e+03  -2.0731606e+03
   9.7300000e+02  -1.4450344e+04  -1.5771719e+03
   9.7400000e+02  -2.7494166e+04   3.8520567e+03
   9.7500000e+02  -2.8980063e+04   7.7294074e+03
   9.7600000e+02  -1.9309864e+04   1.1417833e+04
   9.7700000e+02  -1.7354045e+04   1.6498114e+04
   9.7800000e+02  -2.1210335e+04   1.3647310e+04
   9.7900000e+02  -1.4966670e+04   4.0256673e+03
   9.8000000e+02  -1.1105841e+04   9.2969189e+03
   9.8100000e+02  -2.0115273e+04   2.4595357e+04
   9.8200000e+02  -2.0036393e+04   2.5350090e+04
   9.8300000e+02  -6.9225910e+03   1.4870192e+04
   9.8400000e+02  -4.0019302e+03   1.4104590e+04
   9.8500000e+02  -1.3621466e+04   2.4904468e+04
   9.8600000e+02  -1.5241166e+04   2.7041583e+04
   9.8700000e+02  -6.1267771e+03   1.6650774e+04
   9.8800000e+02  -3.7352421e+03   8.6918589e+03
   9.8900000e+02  -1.0789784e+04   8.1678925e+03
   9.9000000e+02  -1.3853910e+04   1.4044411e+04
   9.9100000e+02  -3.4100137e+03   2.1065199e+04
   9.9200000e+02   1.1473528e+04   2.1359413e+04
   9.9300000e+02   1.1057748e+04   1.6704979e+04
   9.9400000e+02  -1.3901500e+03   1.5133006e+04
   9.9500000e+02  -4.9792107e+03   1.6347195e+04
   9.9600000e+02   5.5435321e+03   1.3933800e+04
   9.9700000e+02   1.5843008e+04   1.2993980e+04
   9.9800000e+02   1.4809044e+04   1.5101713e+04
   9.9900000e+02   8.1307916e+03   1.1080066e+04
   1.0000000e+03   4.7303883e+03   5.5975685e+03
   1.0010000e+03   9.2556837e+03   8.4858230e+03
   1.0020000e+03   1.7240536e+04   1.5076106e+04
   1.0030000e+03   1.8929108e+04   1.0973436e+04
   1.0040000e+03   1.5805842e+04  -2.5257036e+03
   1.0050000e+03   1.2070743e+04  -4.4124818e+03
   1.0060000e+03   1.3865342e+04   6.8313484e+03
   1.0070000e+03   2.5851875e+04   1.3142609e+04
   1.0080000e+03   3.3562696e+04   9.4718572e+03
   1.0090000e+03   2.4721966e+04   4.4998123e+03
   1.0100000e+03   1.2740982e+04   3.9643276e+03
   1.0110000e+03   1.8037537e+04   2.3328172e+03
   1.0120000e+03   2.9140821e+04  -5.3406794e+03
   1.0130000e+03   2.1494400e+04  -1.1859605e+04
   1.0140000e+03   1.0727359e+04  -5.5126528e+03
   1.0150000e+03   1.7466639e+04   6.4171172e+03
   1.0160000e+03   2.8180432e+04   1.1735532e+03
   1.0170000e+03   2.5215592e+04  -1.8314861e+04
   1.0180000e+03   9.6137905e+03  -2.7804457e+04
   1.0190000e+03   3.2996542e+02  -1.8312148e+04
   1.0200000e+03   6.6765501e+03  -6.8459849e+03
   1.0210000e+03   1.5134510e+04  -1.4729291e+04
   1.0220000e+03   1.3100314e+04  -2.9802140e+04
   1.0230000e+03   5.8009313e+03  -2.7649667e+04
   1.0240000e+03   7.2217075e+03  -1.4203211e+04
   1.0250000e+03   9.6958808e+03  -1.1132089e+04
   1.0260000e+03   1.3181860e+03  -2.0524923e+04
   1.0270000e+03  -4.0980888e+03  -2.2612909e+04
   1.0280000e+03   1.4318724e+03  -1.6492787e+04
   1.0290000e+03   1.0058764e+04  -1.4183197e+04
   1.0300000e+03   1.1658137e+04  -1.0164473e+04
   1.0310000e+03  -7.3103310e+02  -8.2009804e+03
   1.0320000e+03  -1.4020767e+04  -1.4370138e+04
   1.0330000e+03  -1.2823279e+04  -1.7686714e+04
   1.0340000e+03  -6.5258734e+03  -1.4736113e+04
   1.0350000e+03  -6.3606952e+03  -1.2367411e+04
   1.0360000e+03  -5.2757429e+03  -1.4301755e+04
   1.0370000e+03  -3.0014386e+03  -1.5473421e+04
   1.0380000e+03  -9.9159434e+03  -1.3709274e+04
   1.0390000e+03  -1.8430105e+04  -1.5471223e+04
   1.0400000e+03  -1.5265593e+04  -1.8044342e+04
   1.0410000e+03  -6.3771414e+03  -1.5477821e+04
   1.0420000e+03  -6.0584583e+03  -1.1043925e+04
   1.0430000e+03  -1.2220463e+04  -9.7597276e+03
   1.0440000e+03  -8.6556579e+03  -9.1700319e+03
   1.0450000e+03   1.2236416e+03  -5.3228989e+03
   1.0460000e+03  -7.1056372e+02  -3.2088502e+03
   1.0470000e+03  -1.3625699e+04  -3.4698807e+03
   1.0480000e+03  -2.0154149e+04  -1.2011166e+03
   1.0490000e+03  -1.4214471e+04  -1.0947742e+02
   1.0500000e+03  -1.1592919e+04  -4.2668236e+03
   1.0510000e+03  -1.7947874e+04  -5.7354933e+03
   1.0520000e+03  -2.1532377e+04   2.0357586e+03
   1.0530000e+03  -2.2264784e+04   5.2801704e+03
   1.0540000e+03  -2.4127828e+04  -4.9441644e+02
   1.0550000e+03  -2.3379804e+04  -1.8627324e+02
   1.0560000e+03  -1.6953877e+04   3.7521530e+03
   1.0570000e+03  -1.1985065e+04   7.9732932e+03
   1.0580000e+03  -1.7534478e+04   1.9783089e+04
   1.0590000e+03  -2.2439419e+04   3.0442411e+04
   1.0600000e+03  -1.4872435e+04   2.7224770e+04
   1.0610000e+03  -5.6280887e+03   1.4346303e+04
   1.0620000e+03  -8.4216947e+03   8.4704197e+03
   1.0630000e+03  -1.6139749e+04   1.6169854e+04
   1.0640000e+03  -1.0896724e+04   2.7548239e+04
   1.0650000e+03  -8.6309490e+02   3.1017834e+04
   1.0660000e+03  -5.6091874e+03   2.2817172e+04
   1.0670000e+03  -1.5126133e+04   1.5450338e+04
   1.0680000e+03  -1.1675397e+04   1.7605475e+04
   1.0690000e+03  -2.3627445e+03   2.2337745e+04
   1.0700000e+03  -1.2252497e+03   2.7002917e+04
   1.0710000e+03  -2.4150022e+03   2.6557108e+04
   1.0720000e+03  -3.3560617e+02   1.6420324e+04
   1.0730000e+03  -1.5061506e+03   1.0138242e+04
   1.0740000e+03  -1.1267175e+03   1.9110581e+04
   1.0750000e+03   3.2373448e+03   2.7243501e+04
   1.0760000e+03   4.1187838e+03   1.8211633e+04
   1.0770000e+03   5.1648918e+03   7.9974168e+03
   1.0780000e+03   1.2729891e+04   6.6667806e+03
   1.0790000e+03   2.0817717e+04   4.7104871e+03
   1.0800000e+03   1.7939302e+04   6.8166053e+03
   1.0810000e+03   8.1991233e+03   1.3444901e+04
   1.0820000e+03   6.1891375e+03   1.2690050e+04
   1.0830000e+03   1.3791649e+04   4.7277648e+03
   1.0840000e+03   2.2355788e+04  -1.2942879e+03
   1.0850000e+03   2.3006880e+04   2.6960770e+02
   1.0860000e+03   1.8411842e+04   7.5909642e+03
   1.0870000e+03   1.6305773e+04   1.3294866e+04
   1.0880000e+03   1.8034772e+04   7.4568746e+03
   1.0890000e+03   2.2906684e+04  -5.9327366e+03
   1.0900000e+03   2.2454522e+04  -9.1797414e+03
   1.0910000e+03   1.6388784e+04  -1.5334115e+03
   1.0920000e+03   1.3467626e+04   2.3980105e+03
   1.0930000e+03   1.2130602e+04  -6.1143347e+03
   1.0940000e+03   1.6988451e+04  -1.7562579e+04
   1.0950000e+03   2.5585838e+04  -1.8451531e+04
   1.0960000e+03   2.3717957e+04  -1.7615482e+04
   1.0970000e+03   1.5746966e+04  -2.0592341e+04
   1.0980000e+03   9.6566888e+03  -2.0092283e+04
   1.0990000e+03   5.5549987e+03  -2.1240300e+04
   1.1000000e+03   4.0279864e+03  -2.4276230e+04
   1.1010000e+03   6.2340403e+03  -1.6382816e+04
   1.1020000e+03   1.4249756e+04  -4.0494932e+03
   1.1030000e+03   2.2760520e+04  -1.2445657e+04
   1.1040000e+03   1.9410688e+04  -3.3173295e+04
   1.1050000e+03   1.2913767e+03  -3.0343309e+04
   1.1060000e+03  -9.7418418e+03  -9.2367474e+03
   1.1070000e+03   3.6560888e+03  -3.5771813e+03
   1.1080000e+03   1.8350476e+04  -1.7418200e+04
   1.1090000e+03   1.1753897e+04  -2.4930043e+04
   1.1100000e+03  -4.2703077e+03  -1.4350863e+04
   1.1110000e+03  -1.1658626e+04  -8.1428951e+03
   1.1120000e+03  -1.0185370e+04  -1.6146582e+04
   1.1130000e+03  -1.0123346e+04  -1.9945473e+04
   1.1140000e+03  -1.2880232e+04  -1.5197984e+04
   1.1150000e+03  -1.5504042e+04  -1.1902436e+04
   1.1160000e+03  -1.6731851e+04  -9.4691152e+03
   1.1170000e+03  -1.1136418e+04  -5.0088015e+03
   1.1180000e+03   4.6871425e+02  -8.2552768e+03
   1.1190000e+03   4.9894662e+03  -1.7573016e+04
   1.1200000e+03  -5.6921393e+03  -1.4204172e+04
   1.1210000e+03  -1.6059911e+04  -1.6108070e+03
   1.1220000e+03  -1.1421278e+04   8.5481878e+02
   1.1230000e+03  -4.6648887e+03  -6.3622938e+03
   1.1240000e+03  -7.4575945e+03  -5.8197059e+03
   1.1250000e+03  -1.1924564e+04   4.4728697e+03
   1.1260000e+03  -9.5169748e+03   5.5570602e+03
   1.1270000e+03  -1.0794963e+04  -4.1750827e+03
   1.1280000e+03  -2.6950218e+04  -9.0466767e+03
   1.1290000e+03  -3.6243563e+04  -3.3910406e+03
   1.1300000e+03  -2.2648759e+04   6.4061033e+03
   1.1310000e+03  -8.2153311e+03   8.8685228e+03
   1.1320000e+03  -1.0385037e+04   4.6695535e+03
   1.1330000e+03  -1.8529599e+04   2.1989619e+03
   1.1340000e+03  -1.7565354e+04   3.5502235e+03
   1.1350000e+03  -1.2515011e+04   9.6598292e+03
   1.1360000e+03  -1.1491563e+04   1.7205833e+04
   1.1370000e+03  -6.7829332e+03   1.9757314e+04
   1.1380000e+03   8.5948656e+02   1.5325673e+04
   1.1390000e+03  -5.0206458e+02   1.0677108e+04
   1.1400000e+03  -1.0031095e+04   1.0359008e+04
   1.1410000e+03  -1.6155575e+04   9.8857725e+03
   1.1420000e+03  -1.4987489e+04   1.3059531e+04
   1.1430000e+03  -1.0110720e+04   1.9289997e+04
   1.1440000e+03  -4.8370318e+03   1.9697700e+04
   1.1450000e+03  -5.3107490e+03   1.6282927e+04
   1.1460000e+03  -9.5491116e+03   1.2602429e+04
   1.1470000e+03  -9.1042367e+03   1.4516140e+04
   1.1480000e+03  -4.6799539e+03   2.2598911e+04
   1.1490000e+03  -8.4923440e+02   2.5314891e+04
   1.1500000e+03  -2.4990050e+03   1.7906507e+04
   1.1510000e+03  -4.4262332e+03   4.2188761e+03
   1.1520000e+03   1.0373389e+03  -1.2086388e+02
   1.1530000e+03   4.0859139e+03   1.2978153e+04
   1.1540000e+03   2.9286279e+02   2.3972274e+04
   1.1550000e+03  -2.4045669e+03   1.8061524e+04
   1.1560000e+03   1.6902112e+03   2.2649965e+03
   1.1570000e+03   1.0867025e+04  -4.2165820e+03
   1.1580000e+03   1.2668983e+04   7.3314429e+03
   1.1590000e+03   4.8218263e+03   1.8857529e+04
   1.1600000e+03   9.6870826e+02   1.4435555e+04
   1.1610000e+03   1.0955593e+04   3.0854610e+03
   1.1620000e+03   2.6453402e+04   2.1614358e+03
   1.1630000e+03   2.5470646e+04   9.7882424e+03
   1.1640000e+03   9.8913589e+03   1.0153064e+04
   1.1650000e+03   3.8569621e+03   1.1610675e+03
   1.1660000e+03   1.0449976e+04  -4.5848581e+03
   1.1670000e+03   1.5818495e+04   2.6920150e+03
   1.1680000e+03   1.5785488e+04   1.0416559e+04
   1.1690000e+03   1.2555765e+04   3.3939903e+03
   1.1700000e+03   6.6458697e+03  -4.2064608e+03
   1.1710000e+03   4.3978247e+03  -3.7741009e+02
   1.1720000e+03   9.0604951e+03   2.7838497e+03
   1.1730000e+03   1.2396949e+04  -3.9175663e+03
   1.1740000e+03   1.2553590e+04  -1.1422249e+04
   1.1750000e+03   1.3663565e+04  -8.6091760e+03
   1.1760000e+03   1.5405889e+04  -1.9773607e+03
   1.1770000e+03   1.4773353e+04  -1.8360413e+03
   1.1780000e+03   1.2439072e+04  -7.6392170e+03
   1.1790000e+03   1.5507032e+04  -1.2794040e+04
   1.1800000e+03   2.1904111e+04  -1.3327591e+04
   1.1810000e+03   2.2426178e+04  -1.4594869e+04
   1.1820000e+03   1.7391611e+04  -1.8332415e+04
   1.1830000e+03   1.3002498e+04  -1.9624939e+04
   1.1840000e+03   1.1654721e+04  -1.6640278e+04
   1.1850000e+03   9.2670574e+03  -1.2509871e+04
   1.1860000e+03   7.3477421e+03  -1.5626110e+04
   1.1870000e+03   8.6064082e+03  -2.3543150e+04
   1.1880000e+03   6.1941741e+03  -2.3054570e+04
   1.1890000e+03  -7.4958252e+02  -1.3355367e+04
   1.1900000e+03  -7.4386077e+03  -6.2634474e+03
   1.1910000e+03  -9.1335267e+03  -8.6897942e+03
   1.1920000e+03  -3.1094526e+03  -1.5178393e+04
   1.1930000e+03   3.1566165e+03  -1.7456976e+04
   1.1940000e+03   1.6664072e+03  -9.6857239e+03
   1.1950000e+03  -6.2613886e+03  -4.3771841e+02
   1.1960000e+03  -8.3933796e+03  -1.0719414e+04
   1.1970000e+03  -1.1808014e+03  -3.2086365e+04
   1.1980000e+03  -6.8513670e+02  -3.3569985e+04
   1.1990000e+03  -8.9682434e+03  -1.2045938e+04
   1.2000000e+03  -1.2058382e+04   1.3785365e+03
   1.2010000e+03  -6.1092785e+03  -1.3064016e+04
   1.2020000e+03  -1.4948749e+03  -2.8158422e+04
   1.2030000e+03  -9.3398468e+03  -1.9749694e+04
   1.2040000e+03  -1.9959459e+04  -6.9607462e+03
   1.2050000e+03  -1.7359286e+04  -6.5239268e+03
   1.2060000e+03  -5.8789938e+03  -6.4430951e+03
   1.2070000e+03  -4.3786755e+03   4.9095772e+03
   1.2080000e+03  -2.0016062e+04   1.2134416e+04
   1.2090000e+03  -3.1506348e+04   2.3886576e+03
   1.2100000e+03  -2.3339536e+04  -7.0575691e+03
   1.2110000e+03  -1.2288898e+04  -1.8665687e+02
   1.2120000e+03  -1.5590021e+04   1.8108435e+04
   1.2130000e+03  -2.2602707e+04   2.4339971e+04
   1.2140000e+03  -1.7006975e+04   8.0427196e+03
   1.2150000e+03  -1.1677160e+04  -1.4122642e+03
   1.2160000e+03  -1.8884055e+04   9.9767618e+03
   1.2170000e+03  -2.3257838e+04   1.6976186e+04
   1.2180000e+03  -1.7368279e+04   9.8902477e+03
   1.2190000e+03  -8.6352761e+03   7.3745032e+03
   1.2200000e+03  -4.5890013e+03   1.5928113e+04
   1.2210000e+03  -8.1011719e+03   2.1906891e+04
   1.2220000e+03  -1.0382222e+04   1.8559058e+04
   1.2230000e+03  -6.4226242e+03   7.8441590e+03
   1.2240000e+03  -3.1164634e+03   1.9936888e+03
   1.2250000e+03  -2.1138278e+03   1.2814507e+04
   1.2260000e+03   2.2851897e+03   2.3651320e+04
   1.2270000e+03   6.1976017e+03   2.1679978e+04
   1.2280000e+03   2.9636358e+03   1.7819226e+04
   1.2290000e+03  -1.9836400e+02   1.7200450e+04
   1.2300000e+03   6.1194059e+02   1.7268779e+04
   1.2310000e+03  -2.9456050e+01   1.6997150e+04
   1.2320000e+03  -2.8687780e+03   1.7839805e+04
   1.2330000e+03  -3.8596357e+03   1.6947376e+04
   1.2340000e+03   1.1589769e+02   1.3268814e+04
   1.2350000e+03   2.6662401e+03   1.5932495e+04
   1.2360000e+03  -1.5701101e+03   2.0952050e+04
   1.2370000e+03  -5.4041063e+03   1.5822210e+04
   1.2380000e+03  -2.2452648e+03   5.8664632e+03
   1.2390000e+03   3.5446558e+03   5.9624350e+03
   1.2400000e+03   3.0038314e+03   1.5530514e+04
   1.2410000e+03   3.1421831e+03   1.7808407e+04
   1.2420000e+03   1.2799445e+04   8.5283725e+03
   1.2430000e+03   1.9124650e+04  -4.1304268e+03
   1.2440000e+03   1.6285400e+04  -1.2277329e+04
   1.2450000e+03   1.3408873e+04  -6.6313543e+03
   1.2460000e+03   1.2844993e+04   6.4289557e+03
   1.2470000e+03   1.0391075e+04   8.6122715e+03
   1.2480000e+03   7.3209399e+03  -2.4078857e+03
   1.2490000e+03   1.2505357e+04  -9.3386143e+03
   1.2500000e+03   2.0443639e+04  -1.8834184e+03
   1.2510000e+03   1.6703849e+04   6.9102451e+03
   1.2520000e+03   7.0914776e+03   5.4912855e+03
   1.2530000e+03   6.4422753e+03  -3.8027057e+03
   1.2540000e+03   1.3019129e+04  -1.0592102e+04
   1.2550000e+03   1.3571874e+04  -6.5996972e+03
   1.2560000e+03   1.1051478e+04  -2.1694045e+03
   1.2570000e+03   1.4110088e+04  -6.2452748e+03
   1.2580000e+03   1.5533702e+04  -1.3267943e+04
   1.2590000e+03   1.6498774e+04  -1.6781732e+04
   1.2600000e+03   2.1548447e+04  -1.3057808e+04
   1.2610000e+03   2.0344759e+04  -7.6296455e+03
   1.2620000e+03   1.1403347e+04  -8.5704255e+03
   1.2630000e+03   7.2608081e+03  -1.4898193e+04
   1.2640000e+03   1.1392896e+04  -1.8140279e+04
   1.2650000e+03   1.2777675e+04  -1.4340849e+04
   1.2660000e+03   7.8430869e+03  -1.0951489e+04
   1.2670000e+03   3.1762202e+03  -1.0640542e+04
   1.2680000e+03  -3.5782636e+02  -1.5599426e+04
   1.2690000e+03  -1.6237746e+03  -2.6446581e+04
   1.2700000e+03   2.7556883e+02  -2.9657180e+04
   1.2710000e+03   2.5617600e+03  -2.3046636e+04
   1.2720000e+03   3.2561196e+03  -1.5531009e+04
   1.2730000e+03   3.2968239e+03  -1.1801130e+04
   1.2740000e+03   6.6162076e+03  -1.6749875e+04
   1.2750000e+03   5.8250164e+03  -2.4792492e+04
   1.2760000e+03  -4.4112907e+03  -2.4487146e+04
   1.2770000e+03  -9.7331685e+03  -1.3875577e+04
   1.2780000e+03  -4.8441317e+03  -3.3847176e+03
   1.2790000e+03  -1.9039386e+02  -4.7664133e+03
   1.2800000e+03  -6.5626480e+02  -1.3317000e+04
   1.2810000e+03  -3.9484694e+03  -1.5059918e+04
   1.2820000e+03  -8.9895719e+03  -3.8619892e+03
   1.2830000e+03  -1.4176243e+04   6.5420252e+03
   1.2840000e+03  -1.3463930e+04  -6.3800106e+02
   1.2850000e+03  -6.9019076e+03  -1.1289282e+04
   1.2860000e+03  -2.4615940e+03  -5.3441548e+03
   1.2870000e+03  -7.4456146e+03   6.2980192e+03
   1.2880000e+03  -1.8513972e+04   5.4805082e+03
   1.2890000e+03  -2.3318217e+04  -1.0161193e+03
   1.2900000e+03  -2.2514414e+04   2.5700324e+03
   1.2910000e+03  -2.0935975e+04   1.0856104e+04
   1.2920000e+03  -1.8223530e+04   8.7443527e+03
   1.2930000e+03  -2.0264131e+04  -2.1497366e+03
   1.2940000e+03  -2.3519982e+04  -5.8454786e+03
   1.2950000e+03  -1.9256914e+04   1.7228763e+03
   1.2960000e+03  -1.2485852e+04   7.6001595e+03
   1.2970000e+03  -1.2083461e+04   8.3122263e+03
   1.2980000e+03  -1.6291922e+04   9.7816261e+03
   1.2990000e+03  -1.3538587e+04   9.7320722e+03
   1.3000000e+03  -6.4817033e+03   3.2363599e+03
   1.3010000e+03  -7.8140539e+03   8.4905402e+02
   1.3020000e+03  -1.1851560e+04   1.7578433e+04
   1.3030000e+03  -8.5377699e+03   3.4377282e+04
   1.3040000e+03  -4.7056427e+03   2.5113288e+04
   1.3050000e+03  -1.0411216e+04   6.8378661e+03
   1.3060000e+03  -1.7767198e+04   1.0448986e+04
   1.3070000e+03  -1.5531903e+04   3.1163246e+04
   1.3080000e+03  -8.8468734e+03   3.3686026e+04
   1.3090000e+03  -5.4284386e+03   1.3096690e+04
   1.3100000e+03  -7.5435896e+03   4.9034440e+03
   1.3110000e+03  -9.3357975e+03   1.9989466e+04
   1.3120000e+03  -5.1841989e+03   3.3019572e+04
   1.3130000e+03  -3.9758378e+03   2.1673090e+04
   1.3140000e+03  -8.9550474e+03  -2.4814176e+02
   1.3150000e+03  -8.0315868e+03  -1.5425309e+03
   1.3160000e+03   7.9163351e+03   1.2517127e+04
   1.3170000e+03   2.6449644e+04   1.8151574e+04
   1.3180000e+03   2.4699596e+04   1.0158903e+04
   1.3190000e+03   1.0251401e+04   1.4824430e+03
   1.3200000e+03   7.3911548e+03   5.8590706e+03
   1.3210000e+03   1.4457833e+04   1.3689105e+04
   1.3220000e+03   1.5206548e+04   1.5216430e+04
   1.3230000e+03   9.9333677e+03   1.4287874e+04
   1.3240000e+03   1.2708243e+04   8.9379909e+03
   1.3250000e+03   2.2344482e+04   7.6942938e+02
   1.3260000e+03   2.4358188e+04  -3.2148647e+03
   1.3270000e+03   1.3572110e+04   1.7262957e+02
   1.3280000e+03   5.7721197e+01   3.7332160e+03
   1.3290000e+03   1.1724248e+03  -2.4027375e+03
   1.3300000e+03   1.3628736e+04  -9.4365613e+03
   1.3310000e+03   1.8224761e+04  -7.6800465e+03
   1.3320000e+03   1.3978797e+04  -4.1071634e+03
   1.3330000e+03   1.1923171e+04  -5.2068895e+03
   1.3340000e+03   1.3524658e+04  -5.5986344e+03
   1.3350000e+03   1.1517669e+04  -6.9995162e+02
   1.3360000e+03   7.4389364e+03   8.9406196e+02
   1.3370000e+03   7.7793358e+03  -4.5990144e+03
   1.3380000e+03   1.0267790e+04  -1.0577373e+04
   1.3390000e+03   1.6316843e+04  -1.2107515e+04
   1.3400000e+03   2.3903783e+04  -7.9006783e+03
   1.3410000e+03   2.1050987e+04  -8.2587719e+03
   1.3420000e+03   9.2004564e+03  -1.9661528e+04
   1.3430000e+03   2.8193101e+03  -2.5847467e+04
   1.3440000e+03   9.8602012e+03  -1.5087347e+04
   1.3450000e+03   2.3881044e+04  -3.5514544e+03
   1.3460000e+03   2.9209930e+04  -6.1946665e+03
   1.3470000e+03   1.6203809e+04  -1.2870792e+04
   1.3480000e+03   1.0956370e+03  -1.7562268e+04
   1.3490000e+03   5.4896687e+03  -2.2506537e+04
   1.3500000e+03   1.3149786e+04  -1.8385791e+04
   1.3510000e+03   5.7745970e+03  -4.5460423e+03
   1.3520000e+03  -3.0222302e+03   1.7174421e+03
   1.3530000e+03  -5.2670300e+03  -1.2809287e+04
   1.3540000e+03  -4.2523313e+03  -3.1558069e+04
   1.3550000e+03  -3.8604328e+03  -2.7118766e+04
   1.3560000e+03  -8.4610432e+03  -1.1444768e+04
   1.3570000e+03  -1.2244771e+04  -1.0696240e+04
   1.3580000e+03  -9.7786516e+03  -2.0147088e+04
   1.3590000e+03  -5.5698064e+03  -2.2645699e+04
   1.3600000e+03  -4.8026567e+03  -1.6568360e+04
   1.3610000e+03  -7.1757929e+03  -1.1944287e+04
   1.3620000e+03  -1.0235624e+04  -8.1701246e+03
   1.3630000e+03  -1.1299402e+04  -3.5698446e+03
   1.3640000e+03  -1.0117736e+04  -5.7723629e+03
   1.3650000e+03  -1.4093062e+04  -1.0475919e+04
   1.3660000e+03  -1.8771191e+04  -9.3444504e+03
   1.3670000e+03  -1.3432674e+04  -5.3529649e+03
   1.3680000e+03  -1.2578148e+04  -2.2529612e+03
   1.3690000e+03  -2.5394009e+04   3.2688787e+02
   1.3700000e+03  -3.0629563e+04   9.1985241e+02
   1.3710000e+03  -1.8245956e+04  -1.1887916e+03
   1.3720000e+03  -1.0275795e+04  -1.5538507e+03
   1.3730000e+03  -1.8999056e+04  -1.1626793e+03
   1.3740000e+03  -2.4956568e+04   7.4545909e+02
   1.3750000e+03  -1.9775422e+04   9.9923430e+03
   1.3760000e+03  -1.7052328e+04   1.7693289e+04
   1.3770000e+03  -1.8343624e+04   1.5199962e+04
   1.3780000e+03  -1.2827368e+04   9.5726102e+03
   1.3790000e+03  -1.3134632e+03   1.0022077e+04
   1.3800000e+03  -1.1850778e+03   1.6705653e+04
   1.3810000e+03  -1.4520519e+04   2.1212757e+04
   1.3820000e+03  -2.2164325e+04   2.1767505e+04
   1.3830000e+03  -1.8080184e+04   2.1793469e+04
   1.3840000e+03  -8.9417649e+03   2.0834259e+04
   1.3850000e+03  -2.6286272e+03   1.6971391e+04
   1.3860000e+03  -3.6681949e+03   1.0847053e+04
   1.3870000e+03  -7.0852601e+03   9.9953984e+03
   1.3880000e+03  -9.2999374e+03   1.1696522e+04
   1.3890000e+03  -9.4461304e+03   7.4509606e+03
   1.3900000e+03  -6.1808318e+03   5.8533478e+03
   1.3910000e+03  -5.1279130e+02   1.1916212e+04
   1.3920000e+03   5.6844738e+03   1.5719928e+04
   1.3930000e+03   8.7948009e+03   1.2338417e+04
   1.3940000e+03   7.6115169e+03   1.1486871e+04
   1.3950000e+03   5.9581430e+03   1.8469684e+04
   1.3960000e+03   9.0431004e+03   2.2351328e+04
   1.3970000e+03   1.6173743e+04   2.1650635e+04
   1.3980000e+03   1.8133483e+04   2.0136766e+04
   1.3990000e+03   1.1549443e+04   1.2963603e+04
   1.4000000e+03   6.8771991e+03   5.6153165e+03
   1.4010000e+03   1.3361226e+04   1.0138727e+04
   1.4020000e+03   2.2369432e+04   2.3432960e+04
   1.4030000e+03   2.0604238e+04   2.3304662e+04
   1.4040000e+03   9.0498038e+03   4.7376266e+03
   1.4050000e+03  -6.0999526e+02  -4.4438353e+03
   1.4060000e+03   4.3747211e+03   5.0795152e+03
   1.4070000e+03   1.5290411e+04   1.3710235e+04
   1.4080000e+03   1.4032680e+04   1.0763806e+04
   1.4090000e+03   8.6357215e+03   3.7822023e+03
   1.4100000e+03   8.3645012e+03   1.6677955e+03
   1.4110000e+03   1.0191926e+04   3.3225557e+03
   1.4120000e+03   1.2461767e+04   5.6193687e+03
   1.4130000e+03   9.0580546e+03   1.3823627e+03
   1.4140000e+03   3.3761053e+03  -1.0495308e+04
   1.4150000e+03   7.6171244e+03  -1.3501889e+04
   1.4160000e+03   1.9653677e+04  -4.2771963e+03
   1.4170000e+03   2.3715082e+04   7.9954436e+02
   1.4180000e+03   1.4491926e+04  -7.1977720e+03
   1.4190000e+03   8.5407624e+03  -1.7181107e+04
   1.4200000e+03   1.0232704e+04  -1.7478816e+04
   1.4210000e+03   7.3262151e+03  -1.8979246e+04
   1.4220000e+03   3.5669181e+03  -2.6610511e+04
   1.4230000e+03   6.6544157e+03  -2.5282859e+04
   1.4240000e+03   1.1489544e+04  -1.4454854e+04
   1.4250000e+03   1.1228345e+04  -1.4537639e+04
   1.4260000e+03   7.4928024e+03  -2.9990440e+04
   1.4270000e+03   6.1460184e+03  -3.4845648e+04
   1.4280000e+03   8.1723220e+03  -2.2196021e+04
   1.4290000e+03   1.0634288e+04  -1.5432304e+04
   1.4300000e+03   7.9873367e+03  -2.1584041e+04
   1.4310000e+03   8.4731965e+02  -3.0280989e+04
   1.4320000e+03  -2.0101281e+03  -2.9505336e+04
   1.4330000e+03   2.1516089e+03  -1.6364183e+04
   1.4340000e+03   6.5693635e+03  -5.5712019e+03
   1.4350000e+03   1.2035008e+03  -1.0260101e+04
   1.4360000e+03  -1.0743987e+04  -2.3759185e+04
   1.4370000e+03  -1.4772728e+04  -2.4313329e+04
   1.4380000e+03  -9.3810575e+03  -8.0859743e+03
   1.4390000e+03  -3.3774500e+03   1.4895994e+03
   1.4400000e+03  -1.0580076e+03  -9.0588074e+03
   1.4410000e+03  -1.0725644e+03  -2.2926912e+04
   1.4420000e+03  -6.1731942e+03  -1.5878086e+04
   1.4430000e+03  -1.6634959e+04   3.1856916e+02
   1.4440000e+03  -1.7743413e+04  -4.0480447e+02
   1.4450000e+03  -7.6106157e+03  -6.9865382e+03
   1.4460000e+03  -3.3005048e+03  -3.0219613e+03
   1.4470000e+03  -8.0909554e+03   4.4045464e+03
   1.4480000e+03  -1.1311905e+04   6.1115465e+03
   1.4490000e+03  -1.0832805e+04   4.4183263e+03
   1.4500000e+03  -1.6768286e+04   6.1466250e+03
   1.4510000e+03  -2.6728252e+04   7.0247591e+03
   1.4520000e+03  -2.3677093e+04   3.7724423e+03
   1.4530000e+03  -9.4187115e+03   1.1642346e+03
   1.4540000e+03  -4.8911632e+03   7.8798106e+02
   1.4550000e+03  -1.6879289e+04   3.3209286e+03
   1.4560000e+03  -2.6896922e+04   6.0986085e+03
   1.4570000e+03  -2.1091034e+04   8.4856726e+03
   1.4580000e+03  -7.1685037e+03   1.1981969e+04
   1.4590000e+03   4.5982045e+02   1.3987757e+04
   1.4600000e+03  -6.0746793e+03   1.6294103e+04
   1.4610000e+03  -1.1965620e+04   1.7050779e+04
   1.4620000e+03  -4.0830782e+03   1.4275886e+04
   1.4630000e+03   2.1197150e+02   1.7153128e+04
   1.4640000e+03  -8.8974740e+03   2.5260569e+04
   1.4650000e+03  -1.8245158e+04   2.6230744e+04
   1.4660000e+03  -1.5613407e+04   2.1510485e+04
   1.4670000e+03  -5.6653159e+03   2.0766774e+04
   1.4680000e+03  -6.1368820e+03   1.7218105e+04
   1.4690000e+03  -1.5793290e+04   8.2609308e+03
   1.4700000e+03  -1.7203373e+04   1.0315346e+04
   1.4710000e+03  -7.6169814e+03   2.1901085e+04
   1.4720000e+03  -2.4847214e+02   2.3840735e+04
   1.4730000e+03  -2.0960707e+03   1.3719712e+04
   1.4740000e+03  -2.9449004e+03   7.5651561e+03
   1.4750000e+03  -4.6430635e+02   1.5515115e+04
   1.4760000e+03   1.6315856e+02   2.5471660e+04
   1.4770000e+03   5.5751639e+03   2.4450825e+04
   1.4780000e+03   1.5390288e+04   1.7306239e+04
   1.4790000e+03   1.8898036e+04   1.2282688e+04
   1.4800000e+03   1.2240691e+04   1.0838843e+04
   1.4810000e+03   3.9800918e+03   1.1370805e+04
   1.4820000e+03   5.3506032e+03   1.0457193e+04
   1.4830000e+03   1.3403345e+04   5.4767808e+03
   1.4840000e+03   1.8809112e+04   2.2972061e+03
   1.4850000e+03   1.8154078e+04   2.9592823e+03
   1.4860000e+03   1.4865495e+04   3.1128750e+03
   1.4870000e+03   1.2224407e+04   5.5459551e+03
   1.4880000e+03   6.8551062e+03   2.0897521e+03
   1.4890000e+03   3.2146487e+03  -1.1367568e+04
   1.4900000e+03   9.0448083e+03  -1.4017868e+04
   1.4910000e+03   1.6941752e+04  -2.3029884e+03
   1.4920000e+03   1.6992716e+04   5.9124082e+03
   1.4930000e+03   1.1320115e+04   8.2537105e+02
   1.4940000e+03   8.5115562e+03  -1.2492269e+04
   1.4950000e+03   1.1581404e+04  -1.8005715e+04
   1.4960000e+03   1.4108049e+04  -1.3220217e+04
   1.4970000e+03   1.0445348e+04  -1.1337924e+04
   1.4980000e+03   8.4586496e+03  -1.5220387e+04
   1.4990000e+03   1.6689790e+04  -1.3582297e+04
   1.5000000e+03   2.4762960e+04  -6.5620852e+03
   1.5010000e+03   2.2102930e+04  -1.2704394e+04
   1.5020000e+03   1.1680778e+04  -2.7718648e+04
   1.5030000e+03   2.8441053e+03  -2.5429054e+04
   1.5040000e+03   6.2417868e+03  -1.0210426e+04
   1.5050000e+03   1.4915245e+04  -9.1684964e+03
   1.5060000e+03   1.2534678e+04  -2.1228043e+04
   1.5070000e+03   3.3736156e+03  -2.2485186e+04
   1.5080000e+03   1.4892669e+03  -1.3142134e+04
   1.5090000e+03   4.3215666e+03  -1.2096717e+04
   1.5100000e+03   2.6352053e+03  -2.2840950e+04
   1.5110000e+03   3.0017517e+03  -3.0193761e+04
   1.5120000e+03   6.7327532e+03  -1.9838572e+04
   1.5130000e+03   2.3516383e+03  -7.1628781e+03
   1.5140000e+03  -4.7845993e+03  -1.2059061e+04
   1.5150000e+03  -3.9473782e+03  -2.0395809e+04
   1.5160000e+03   2.2400391e+03  -1.7289240e+04
   1.5170000e+03   3.7949072e+03  -1.0644562e+04
   1.5180000e+03  -2.8953048e+03  -9.9622853e+03
   1.5190000e+03  -7.6745817e+03  -9.1272257e+03
   1.5200000e+03  -8.6743345e+03  -2.4425454e+03
   1.5210000e+03  -8.5712189e+03  -2.2882245e+03
   1.5220000e+03  -3.5427461e+03  -8.9587365e+03
   1.5230000e+03  -1.7984281e+03  -8.1825546e+03
   1.5240000e+03  -8.7191643e+03  -2.2066581e+03
   1.5250000e+03  -1.2542148e+04  -2.0241870e+03
   1.5260000e+03  -7.2148370e+03  -8.4511261e+03
   1.5270000e+03  -4.4716097e+03  -9.4101198e+03
   1.5280000e+03  -1.1953729e+04  -4.8754238e+02
   1.5290000e+03  -1.7447601e+04   5.7776894e+03
   1.5300000e+03  -1.6563535e+04   4.1854048e+03
   1.5310000e+03  -1.8676821e+04   3.7038308e+03
   1.5320000e+03  -2.1473231e+04   8.0197660e+03
   1.5330000e+03  -1.7629306e+04   6.1363278e+03
   1.5340000e+03  -1.3671514e+04  -1.3642552e+03
   1.5350000e+03  -1.8770885e+04   2.3683164e+03
   1.5360000e+03  -2.1758576e+04   1.3425747e+04
   1.5370000e+03  -1.3984429e+04   1.5839769e+04
   1.5380000e+03  -8.7223764e+03   1.1043912e+04
   1.5390000e+03  -9.1153185e+03   1.0155219e+04
   1.5400000e+03  -7.4431929e+03   1.3061017e+04
   1.5410000e+03  -6.8089575e+03   1.2137497e+04
   1.5420000e+03  -1.4714695e+04   1.3120532e+04
   1.5430000e+03  -2.3957984e+04   1.8190801e+04
   1.5440000e+03  -1.7922284e+04   1.8211944e+04
   1.5450000e+03  -6.7326439e+03   1.4613800e+04
   1.5460000e+03  -8.6538472e+03   1.3258196e+04
   1.5470000e+03  -1.4018482e+04   1.5803661e+04
   1.5480000e+03  -1.1651132e+04   1.6121932e+04
   1.5490000e+03  -4.5444684e+03   1.1442770e+04
   1.5500000e+03   4.2983936e+02   1.2366753e+04
   1.5510000e+03  -3.3358260e+01   1.6155068e+04
   1.5520000e+03  -2.7584571e+03   1.3190627e+04
   1.5530000e+03  -4.3473805e+03   1.0741434e+04
   1.5540000e+03  -3.2101026e+03   1.7426669e+04
   1.5550000e+03  -3.2426320e+02   2.6281626e+04
   1.5560000e+03   2.9374025e+03   2.3875827e+04
   1.5570000e+03   2.0350265e+03   1.4777567e+04
   1.5580000e+03  -3.6826642e+03   1.1395010e+04
   1.5590000e+03  -1.6400738e+03   1.2424255e+04
   1.5600000e+03   5.9074250e+03   1.5170300e+04
   1.5610000e+03   5.0144477e+03   1.9262642e+04
   1.5620000e+03   8.7136466e+02   2.1202816e+04
   1.5630000e+03   6.3051809e+03   1.7341159e+04
   1.5640000e+03   2.0866624e+04   9.2101011e+03
   1.5650000e+03   2.6531079e+04   2.3502001e+03
   1.5660000e+03   1.6216939e+04  -1.2098318e+03
   1.5670000e+03   7.9486669e+03   7.4251898e+02
   1.5680000e+03   1.1641977e+04   6.6164847e+03
   1.5690000e+03   2.2136007e+04   7.4108245e+03
   1.5700000e+03   2.8346865e+04  -7.4327893e+02
   1.5710000e+03   2.2605661e+04  -1.0299458e+04
   1.5720000e+03   1.6263025e+04  -1.0413600e+04
   1.5730000e+03   1.9164067e+04  -4.6153948e+03
   1.5740000e+03   1.9143572e+04  -4.1052797e+03
   1.5750000e+03   8.2891973e+03  -9.5639864e+03
   1.5760000e+03   3.6228062e+03  -1.3032081e+04
   1.5770000e+03   1.3261751e+04  -8.5593668e+03
   1.5780000e+03   2.0721014e+04  -6.3871160e+03
   1.5790000e+03   1.9258649e+04  -1.4154112e+04
   1.5800000e+03   1.4015283e+04  -2.2952314e+04
   1.5810000e+03   7.6706776e+03  -2.7943004e+04
   1.5820000e+03   2.5055946e+03  -2.3814927e+04
   1.5830000e+03   2.8502385e+03  -1.4396751e+04
   1.5840000e+03   1.2656549e+04  -1.7185644e+04
   1.5850000e+03   2.0992336e+04  -2.8711332e+04
   1.5860000e+03   1.9057568e+04  -3.2622717e+04
   1.5870000e+03   1.4225962e+04  -2.5183612e+04
   1.5880000e+03   4.9867406e+03  -1.4754995e+04
   1.5890000e+03  -8.4673983e+03  -1.2972654e+04
   1.5900000e+03  -1.0321617e+04  -2.0985534e+04
   1.5910000e+03   3.7284370e+03  -2.6555863e+04
   1.5920000e+03   1.4340847e+04  -1.9040507e+04
   1.5930000e+03   8.1692488e+03  -7.1973706e+03
   1.5940000e+03  -1.7553726e+03  -4.0671856e+03
   1.5950000e+03  -4.6781012e+03  -8.4978298e+03
   1.5960000e+03  -3.9109981e+03  -1.5227729e+04
   1.5970000e+03  -1.4119255e+03  -1.6696746e+04
   1.5980000e+03   1.4503524e+03  -1.1154319e+04
   1.5990000e+03   1.9815845e+03  -6.7431720e+03
   1.6000000e+03  -4.3784387e+03  -6.9895595e+03
   1.6010000e+03  -1.3085028e+04  -9.1478943e+03
   1.6020000e+03  -1.3280095e+04  -1.0345884e+04
   1.6030000e+03  -7.5379462e+03  -1.3333443e+04
   1.6040000e+03  -4.8457681e+03  -1.4056721e+04
   1.6050000e+03  -1.2399281e+04  -5.4345511e+03
   1.6060000e+03  -2.2910563e+04   1.8535430e+02
   1.6070000e+03  -1.9410613e+04  -3.2616905e+03
   1.6080000e+03  -8.9447812e+03  -4.1347932e+03
   1.6090000e+03  -8.2695905e+03   1.8124305e+03
   1.6100000e+03  -1.6758303e+04   8.6173846e+03
   1.6110000e+03  -2.1320217e+04   1.1642863e+04
   1.6120000e+03  -1.4393081e+04   1.4534266e+04
   1.6130000e+03  -8.6847318e+03   1.4411713e+04
   1.6140000e+03  -1.4362374e+04   7.2976830e+03
   1.6150000e+03  -2.0017228e+04   4.6007014e+03
   1.6160000e+03  -1.2060301e+04   1.1204997e+04
   1.6170000e+03   2.4688398e+02   1.9490501e+04
   1.6180000e+03  -5.4067114e+03   1.8331473e+04
   1.6190000e+03  -2.2561528e+04   6.3419382e+03
   1.6200000e+03  -2.6113498e+04   2.2997567e+03
   1.6210000e+03  -1.6170596e+04   1.3311891e+04
   1.6220000e+03  -1.1524578e+04   2.2726422e+04
   1.6230000e+03  -1.6325332e+04   1.8887005e+04
   1.6240000e+03  -1.7860654e+04   1.1041213e+04
   1.6250000e+03  -1.8110791e+04   1.2044825e+04
   1.6260000e+03  -2.4620182e+04   1.8500518e+04
   1.6270000e+03  -2.2622583e+04   2.4198858e+04
   1.6280000e+03  -7.5554838e+03   2.4869842e+04
   1.6290000e+03  -5.8207880e+01   1.8979397e+04
   1.6300000e+03  -7.5652875e+03   1.5369850e+04
   1.6310000e+03  -1.2360715e+04   1.7718533e+04
   1.6320000e+03  -1.4875700e+03   1.9836849e+04
   1.6330000e+03   1.3982770e+04   1.4854571e+04
   1.6340000e+03   1.6726833e+04   9.9405014e+03
   1.6350000e+03   7.1537426e+03   1.7913190e+04
   1.6360000e+03   3.6640922e+03   2.4340986e+04
   1.6370000e+03   1.1819645e+04   1.4949980e+04
   1.6380000e+03   1.4534017e+04   4.5878130e+03
   1.6390000e+03   7.9007558e+03   5.8261529e+03
   1.6400000e+03   3.4579862e+03   1.1211738e+04
   1.6410000e+03   5.9614975e+03   1.1393710e+04
   1.6420000e+03   1.2319288e+04   1.1507815e+04
   1.6430000e+03   1.2613125e+04   1.3495019e+04
   1.6440000e+03   3.6419219e+03   9.7723824e+03
   1.6450000e+03  -2.2646692e+03   1.2027517e+03
   1.6460000e+03   5.2743771e+03  -7.0028527e+03
   1.6470000e+03   1.9684423e+04  -8.0396044e+03
   1.6480000e+03   2.6779735e+04  -2.1901604e+03
   1.6490000e+03   2.2357197e+04  -7.3427434e+02
   1.6500000e+03   1.1112736e+04  -6.4064793e+03
   1.6510000e+03   5.0792349e+03  -1.3714391e+04
   1.6520000e+03   1.4849700e+04  -1.5690451e+04
   1.6530000e+03   2.7386987e+04  -1.1155361e+04
   1.6540000e+03   2.2748908e+04  -8.4439829e+03
   1.6550000e+03   7.4196818e+03  -1.1402154e+04
   1.6560000e+03   2.2445217e+03  -1.4596245e+04
   1.6570000e+03   1.0425384e+04  -1.1449970e+04
   1.6580000e+03   1.8815867e+04  -8.4730136e+03
   1.6590000e+03   1.5528778e+04  -1.2859347e+04
   1.6600000e+03   1.3708585e+03  -1.5142986e+04
   1.6610000e+03  -9.5716398e+02  -1.2194853e+04
   1.6620000e+03   1.9299254e+04  -9.9903757e+03
   1.6630000e+03   3.0747676e+04  -1.0521594e+04
   1.6640000e+03   1.1967582e+04  -1.5643565e+04
   1.6650000e+03  -5.7269332e+03  -2.0728334e+04
   1.6660000e+03   1.0498202e+04  -1.6353487e+04
   1.6670000e+03   3.1696943e+04  -7.5855308e+03
   1.6680000e+03   1.6677074e+04  -1.3257269e+04
   1.6690000e+03  -8.8770080e+03  -2.9321615e+04
   1.6700000e+03  -5.0067544e+03  -2.9802443e+04
   1.6710000e+03   1.4448468e+04  -1.4483964e+04
   1.6720000e+03   1.7942953e+04  -4.6601751e+03
   1.6730000e+03   3.1295158e+03  -9.7113170e+03
   1.6740000e+03  -9.7182975e+03  -1.7578792e+04
   1.6750000e+03  -9.4188486e+03  -1.2004086e+04
   1.6760000e+03  -1.1463572e+03  -1.8161376e+03
   1.6770000e+03   2.9609235e+03  -4.8049792e+03
   1.6780000e+03  -3.8614853e+03  -1.3785210e+04
   1.6790000e+03  -9.5803957e+03  -7.8592147e+03
   1.6800000e+03  -5.9106150e+03   6.6504473e+03
   1.6810000e+03  -4.9856178e+03   2.8443761e+03
   1.6820000e+03  -1.3037700e+04  -1.2494832e+04
   1.6830000e+03  -1.6232161e+04  -1.3713914e+04
   1.6840000e+03  -7.4764877e+03  -2.1197474e+03
   1.6850000e+03  -5.4502155e+03   4.9416246e+03
   1.6860000e+03  -1.7487429e+04   4.4418618e+02
   1.6870000e+03  -2.4265918e+04  -4.4673255e+03
   1.6880000e+03  -1.8760990e+04  -5.4801288e+03
   1.6890000e+03  -1.0859198e+04  -7.8090637e+03
   1.6900000e+03  -7.8983743e+03  -3.9673476e+03
   1.6910000e+03  -1.1226715e+04   4.2809039e+03
   1.6920000e+03  -1.6343148e+04   4.6977726e+03
   1.6930000e+03  -1.4438265e+04   1.7924211e+03
   1.6940000e+03  -5.2052119e+03   4.2907775e+03
   1.6950000e+03  -5.2293037e+03   8.2942586e+03
   1.6960000e+03  -1.8230906e+04   9.2445007e+03
   1.6970000e+03  -2.4450252e+04   8.8254959e+03
   1.6980000e+03  -1.5614896e+04   6.2142828e+03
   1.6990000e+03  -4.7353848e+03   5.7755019e+03
   1.7000000e+03  -8.0856879e+03   1.0918479e+04
   1.7010000e+03  -2.3078875e+04   1.1948899e+04
   1.7020000e+03  -2.7576436e+04   6.8864388e+03
   1.7030000e+03  -1.4684544e+04   9.8607975e+02
   1.7040000e+03  -5.7160077e+03   2.8089797e+03
   1.7050000e+03  -1.2517885e+04   1.7869237e+04
   1.7060000e+03  -1.6088462e+04   2.7023989e+04
   1.7070000e+03  -7.8965111e+03   1.8268449e+04
   1.7080000e+03  -3.6951134e+03   6.8852368e+03
   1.7090000e+03  -7.2754896e+03   1.0713245e+04
   1.7100000e+03  -1.1961826e+04   2.9787672e+04
   1.7110000e+03  -1.3622686e+04   3.6242089e+04
   1.7120000e+03  -1.0561942e+04   1.7565708e+04
   1.7130000e+03  -4.7495735e+03   3.8885765e+03
   1.7140000e+03   9.4781009e+02   1.4273421e+04
   1.7150000e+03   6.6273816e+02   2.5281892e+04
   1.7160000e+03  -1.4586123e+03   1.6486760e+04
   1.7170000e+03   3.9588302e+03   6.5951013e+03
   1.7180000e+03   9.0120133e+03   9.3357922e+03
   1.7190000e+03   6.0834165e+03   1.1210164e+04
   1.7200000e+03   5.0208442e+03   1.0042415e+04
   1.7210000e+03   1.7437024e+04   1.4945306e+04
   1.7220000e+03   2.8682522e+04   2.0804218e+04
   1.7230000e+03   1.6422923e+04   1.3288757e+04
   1.7240000e+03  -1.3401720e+03   1.3247132e+03
   1.7250000e+03   2.6786474e+03   4.4025958e+03
   1.7260000e+03   2.1470709e+04   1.1821956e+04
   1.7270000e+03   3.1274803e+04   1.1722822e+04
   1.7280000e+03   2.0330482e+04   6.2689399e+03
   1.7290000e+03   5.4737769e+03  -4.4159224e+03
   1.7300000e+03   7.9532002e+03  -9.4367479e+03
   1.7310000e+03   2.2533573e+04  -1.8987555e+03
   1.7320000e+03   2.7720692e+04   6.5677835e+03
   1.7330000e+03   1.5568542e+04   1.6047099e+03
   1.7340000e+03   4.8861537e+03  -1.2056008e+04
   1.7350000e+03   9.4190701e+03  -1.3455529e+04
   1.7360000e+03   1.8967315e+04  -5.2094179e+03
   1.7370000e+03   2.0959504e+04  -5.9690026e+03
   1.7380000e+03   1.2945696e+04  -1.5186080e+04
   1.7390000e+03   3.2786077e+03  -2.1724227e+04
   1.7400000e+03   3.1296232e+03  -2.3049125e+04
   1.7410000e+03   1.4676354e+04  -2.3628374e+04
   1.7420000e+03   2.4598846e+04  -1.9427108e+04
   1.7430000e+03   1.8365090e+04  -1.1733349e+04
   1.7440000e+03   3.6132408e+03  -1.4408349e+04
   1.7450000e+03  -1.1631606e+03  -2.2781915e+04
   1.7460000e+03   9.9892702e+03  -2.1131949e+04
   1.7470000e+03   1.8931528e+04  -1.2292952e+04
   1.7480000e+03   8.6048439e+03  -9.2415668e+03
   1.7490000e+03  -1.2143363e+03  -1.0202771e+04
   1.7500000e+03   5.4274041e+03  -9.6239035e+03
   1.7510000e+03   1.0635930e+04  -1.5213709e+04
   1.7520000e+03   5.1147152e+03  -2.0721161e+04
   1.7530000e+03   7.1594610e+01  -1.5049017e+04
   1.7540000e+03   5.4627546e+02  -1.1451051e+04
   1.7550000e+03   1.1977890e+03  -1.9545497e+04
   1.7560000e+03   9.1985049e+02  -2.7136638e+04
   1.7570000e+03  -2.3388614e+03  -2.2284147e+04
   1.7580000e+03  -1.0588669e+04  -1.5124894e+04
   1.7590000e+03  -1.3083826e+04  -1.6678966e+04
   1.7600000e+03  -7.3597432e+03  -1.6840140e+04
   1.7610000e+03  -4.1743213e+03  -1.2562926e+04
   1.7620000e+03  -8.2748847e+03  -9.2497137e+03
   1.7630000e+03  -1.4821107e+04  -6.8766289e+03
   1.7640000e+03  -1.6450129e+04  -6.6522492e+03
   1.7650000e+03  -1.6324504e+04  -4.0819029e+03
   1.7660000e+03  -1.2931762e+04   3.2518293e+03
   1.7670000e+03  -2.7285376e+03   7.1093018e+03
   1.7680000e+03  -1.4998546e+03   2.7761120e+03
   1.7690000e+03  -9.9927475e+03  -1.7581929e+03
   1.7700000e+03  -1.1663558e+04   1.3832422e+03
   1.7710000e+03  -9.9267080e+03   4.8104416e+03
   1.7720000e+03  -1.5710800e+04   4.1229544e+03
   1.7730000e+03  -2.2994051e+04   6.4021152e+03
   1.7740000e+03  -1.7861851e+04   1.1930923e+04
   1.7750000e+03  -7.1934606e+03   1.2139226e+04
   1.7760000e+03  -1.0480275e+04   4.0205852e+03
   1.7770000e+03  -2.6090097e+04  -8.6169702e+02
   1.7780000e+03  -3.1920396e+04   4.5752451e+03
   1.7790000e+03  -1.7194834e+04   1.4227679e+04
   1.7800000e+03  -6.4697273e+03   2.1763389e+04
   1.7810000e+03  -1.6151175e+04   2.2768308e+04
   1.7820000e+03  -2.2444383e+04   2.0831536e+04
   1.7830000e+03  -1.4946370e+04   1.8275831e+04
   1.7840000e+03  -9.0988205e+03   1.4641436e+04
   1.7850000e+03  -9.7146304e+03   1.9059316e+04
   1.7860000e+03  -1.1376787e+04   2.8443254e+04
   1.7870000e+03  -1.1038149e+04   2.8132626e+04
   1.7880000e+03  -7.3701175e+03   1.6470738e+04
   1.7890000e+03   2.0430213e+02   6.2657090e+03
   1.7900000e+03   3.9896398e+03   1.0603851e+04
   1.7910000e+03  -3.5173213e+03   2.0278122e+04
   1.7920000e+03  -1.3613302e+04   1.7191140e+04
   1.7930000e+03  -9.4941934e+03   7.0237237e+03
   1.7940000e+03   9.3179089e+03   9.2378865e+03
   1.7950000e+03   1.5907000e+04   2.1524403e+04
   1.7960000e+03  -3.5055205e+02   2.2641675e+04
   1.7970000e+03  -1.0173310e+04   1.1967487e+04
   1.7980000e+03  -1.2511940e+03   4.2751980e+03
   1.7990000e+03   5.9501158e+03   5.8363921e+03
   1.8000000e+03   5.7149873e+03   1.3789824e+04
   1.8010000e+03   1.1468448e+04   1.5691858e+04
   1.8020000e+03   1.9918712e+04   1.0048078e+04
   1.8030000e+03   1.7390646e+04   6.8468435e+03
   1.8040000e+03   1.0162399e+04   5.9394387e+03
   1.8050000e+03   9.3912209e+03   3.8263832e+03
   1.8060000e+03   1.4571096e+04   4.1255758e+02
   1.8070000e+03   1.9421052e+04   7.6525180e+02
   1.8080000e+03   1.7817200e+04   4.4070629e+03
   1.8090000e+03   1.4480360e+04   1.6920160e+03
   1.8100000e+03   1.2358811e+04  -5.0599803e+03
   1.8110000e+03   7.1265195e+03  -6.5239012e+03
   1.8120000e+03   5.0211963e+03   2.0362688e+02
   1.8130000e+03   1.0309329e+04   5.7067191e+03
   1.8140000e+03   1.3469757e+04  -3.8933743e+03
   1.8150000e+03   1.1581535e+04  -1.7879366e+04
   1.8160000e+03   1.3435659e+04  -1.7790509e+04
   1.8170000e+03   1.6577546e+04  -1.4440794e+04
   1.8180000e+03   1.2713878e+04  -2.2350566e+04
   1.8190000e+03   1.0145802e+04  -2.4347134e+04
   1.8200000e+03   1.6323838e+04  -9.5456713e+03
   1.8210000e+03   2.2442388e+04  -4.6702165e+03
   1.8220000e+03   1.8345065e+04  -1.9220699e+04
   1.8230000e+03   1.0742801e+04  -2.6169416e+04
   1.8240000e+03   1.1707287e+04  -1.5727982e+04
   1.8250000e+03   1.3050909e+04  -8.8918346e+03
   1.8260000e+03   1.0807018e+04  -1.6998617e+04
   1.8270000e+03   1.0914589e+04  -2.1522473e+04
   1.8280000e+03   6.8031085e+03  -1.1726593e+04
   1.8290000e+03   3.5434639e+03  -4.5015653e+03
   1.8300000e+03   6.8947567e+03  -1.1897389e+04
   1.8310000e+03   6.0159872e+03  -2.4490024e+04
   1.8320000e+03   3.4922380e+03  -2.5007417e+04
   1.8330000e+03   4.4681029e+03  -1.2651653e+04
   1.8340000e+03   1.7344051e+03  -4.0583752e+03
   1.8350000e+03  -4.2923972e+03  -1.1718982e+04
   1.8360000e+03  -1.7066899e+03  -2.7351846e+04
   1.8370000e+03   1.0022360e+04  -2.5198741e+04
   1.8380000e+03   8.8705159e+03  -8.1742003e+03
   1.8390000e+03  -9.9165678e+03  -5.5470529e+03
   1.8400000e+03  -1.8093697e+04  -1.5175836e+04
   1.8410000e+03  -7.1992263e+03  -1.7004232e+04
   1.8420000e+03  -1.8068517e+03  -7.4534106e+03
   1.8430000e+03  -9.6458503e+03   3.7397610e+03
   1.8440000e+03  -1.2917886e+04   5.4626854e+03
   1.8450000e+03  -8.0598402e+03  -1.5010280e+03
   1.8460000e+03  -7.9256212e+03  -6.4161470e+03
   1.8470000e+03  -1.5377268e+04   9.8877660e+02
   1.8480000e+03  -1.9614413e+04   1.1903857e+04
   1.8490000e+03  -1.4111584e+04   6.4965978e+03
   1.8500000e+03  -9.7141548e+03  -6.2241502e+03
   1.8510000e+03  -1.3128861e+04  -3.6815702e+03
   1.8520000e+03  -1.4084481e+04   8.1849348e+03
   1.8530000e+03  -1.1137065e+04   8.7415492e+03
   1.8540000e+03  -1.6183758e+04   1.1701416e+03
   1.8550000e+03  -2.6543868e+04   2.6547548e+03
   1.8560000e+03  -2.5156092e+04   1.0044664e+04
   1.8570000e+03  -1.5682507e+04   1.2445884e+04
   1.8580000e+03  -1.3940473e+04   1.0602160e+04
   1.8590000e+03  -1.7340344e+04   9.1370341e+03
   1.8600000e+03  -2.0374057e+04   1.0886263e+04
   1.8610000e+03  -2.0663985e+04   1.5564329e+04
   1.8620000e+03  -1.5838540e+04   1.9368204e+04
   1.8630000e+03  -1.1708723e+04   1.6863349e+04
   1.8640000e+03  -1.3221579e+04   1.3780436e+04
   1.8650000e+03  -1.8466649e+04   1.8528558e+04
   1.8660000e+03  -1.7485569e+04   2.1957807e+04
   1.8670000e+03  -7.5679635e+03   1.8140275e+04
   1.8680000e+03  -1.2434388e+03   1.3508840e+04
   1.8690000e+03  -2.7316895e+03   1.3562030e+04
   1.8700000e+03  -7.7156400e+03   1.7240531e+04
   1.8710000e+03  -8.7996115e+03   1.6390806e+04
   1.8720000e+03  -3.2939702e+03   1.2662948e+04
   1.8730000e+03   6.2067362e+02   1.1836029e+04
   1.8740000e+03   4.9932767e+03   1.1457255e+04
   1.8750000e+03   8.2355721e+03   1.0473925e+04
   1.8760000e+03   9.9351753e+02   1.0086055e+04
   1.8770000e+03  -5.5833808e+03   1.5098839e+04
   1.8780000e+03  -8.7317810e+00   1.9867619e+04
   1.8790000e+03   9.4788523e+03   1.2332462e+04
   1.8800000e+03   1.1218489e+04   5.0150582e+03
   1.8810000e+03   7.5326302e+03   9.9810124e+03
   1.8820000e+03   7.5639267e+03   1.3749945e+04
   1.8830000e+03   8.6584012e+03   8.7069318e+03
   1.8840000e+03   9.2266567e+03   8.3534251e+03
   1.8850000e+03   1.3134770e+04   1.4717517e+04
   1.8860000e+03   1.6051037e+04   8.5117707e+03
   1.8870000e+03   1.4917306e+04  -8.4734234e+03
   1.8880000e+03   1.3967278e+04  -1.2088819e+04
   1.8890000e+03   1.5517898e+04   3.2661607e+03
   1.8900000e+03   1.7905143e+04   1.5916265e+04
   1.8910000e+03   2.0942948e+04   6.3624665e+03
   1.8920000e+03   2.1408985e+04  -1.0427843e+04
   1.8930000e+03   1.5407236e+04  -1.2720792e+04
   1.8940000e+03   1.1158452e+04  -7.7633422e+03
   1.8950000e+03   1.6243373e+04  -8.8381618e+03
   1.8960000e+03   2.2973752e+04  -1.2399274e+04
   1.8970000e+03   1.7470104e+04  -8.7859749e+03
   1.8980000e+03   4.3508875e+03  -6.7690715e+03
   1.8990000e+03   4.6950785e+03  -1.7503635e+04
   1.9000000e+03   1.3766285e+04  -2.6286659e+04
   1.9010000e+03   1.3774498e+04  -2.0487434e+04
   1.9020000e+03   9.2538992e+03  -1.0973220e+04
   1.9030000e+03   8.0537868e+03  -1.4472191e+04
   1.9040000e+03   1.2728201e+04  -2.7462423e+04
   1.9050000e+03   1.9545752e+04  -3.0542243e+04
   1.9060000e+03   1.7735185e+04  -2.1253175e+04
   1.9070000e+03   9.5466278e+03  -9.4360779e+03
   1.9080000e+03   6.0783537e+03  -3.5685390e+03
   1.9090000e+03   1.0524630e+04  -8.5131574e+03
   1.9100000e+03   1.6457193e+04  -1.5785079e+04
   1.9110000e+03   1.3135593e+04  -1.2024675e+04
   1.9120000e+03   1.6426993e+03  -5.7502376e+02
   1.9130000e+03  -1.6708379e+03  -6.8976996e+03
   1.9140000e+03   4.7957897e+03  -2.8488913e+04
   1.9150000e+03   5.4135957e+03  -2.8098717e+04
   1.9160000e+03   2.5439136e+03  -1.2477118e+04
   1.9170000e+03   2.5129092e+03  -1.0001314e+04
   1.9180000e+03  -1.0409710e+03  -1.3321276e+04
   1.9190000e+03  -5.3167226e+03  -1.4960771e+04
   1.9200000e+03  -7.1925057e+03  -1.7345920e+04
   1.9210000e+03  -9.0104266e+03  -1.6324789e+04
   1.9220000e+03  -1.2786521e+04  -9.3193016e+03
   1.9230000e+03  -1.9777480e+04  -5.4058418e+02
   1.9240000e+03  -2.1122971e+04   3.2513371e+03
   1.9250000e+03  -1.4690591e+04   1.9983012e+03
   1.9260000e+03  -9.8941776e+03   1.4795175e+03
   1.9270000e+03  -1.3774507e+04   4.0169902e+03
   1.9280000e+03  -2.5638897e+04   2.3954381e+03
   1.9290000e+03  -2.8190347e+04  -5.2552923e+03
   1.9300000e+03  -1.7193323e+04  -5.3261045e+03
   1.9310000e+03  -1.1793559e+04   4.9411045e+03
   1.9320000e+03  -1.5106012e+04   1.1257501e+04
   1.9330000e+03  -1.7810769e+04   6.1727955e+03
   1.9340000e+03  -1.8609406e+04  -2.1633809e+02
   1.9350000e+03  -1.7749553e+04   2.4444277e+03
   1.9360000e+03  -1.2143103e+04   7.0121627e+03
   1.9370000e+03  -6.1954006e+03   8.4220131e+03
   1.9380000e+03  -9.8477399e+03   1.1906533e+04
   1.9390000e+03  -1.8357477e+04   1.6959499e+04
   1.9400000e+03  -2.1704705e+04   1.8498181e+04
   1.9410000e+03  -1.7987478e+04   1.7046007e+04
   1.9420000e+03  -1.1268791e+04   1.8609846e+04
   1.9430000e+03  -1.0281048e+04   1.7647765e+04
   1.9440000e+03  -1.3783164e+04   9.7695047e+03
   1.9450000e+03  -1.5258153e+04   9.7213599e+03
   1.9460000e+03  -1.5633725e+04   2.0021705e+04
   1.9470000e+03  -1.4869355e+04   2.4471497e+04
   1.9480000e+03  -1.1471783e+04   1.5185606e+04
   1.9490000e+03  -5.4256984e+03   5.1560436e+03
   1.9500000e+03   1.9776891e+03   9.6226517e+03
   1.9510000e+03   7.2746488e+03   1.6371381e+04
   1.9520000e+03   6.4046035e+03   1.3607710e+04
   1.9530000e+03   2.7863112e+03   1.1997610e+04
   1.9540000e+03   3.1630035e+03   1.4762823e+04
   1.9550000e+03   1.7086543e+03   1.4828558e+04
   1.9560000e+03  -8.7340083e+02   1.2554987e+04
   1.9570000e+03   3.3575197e+03   1.4935055e+04
   1.9580000e+03   3.1980209e+03   2.0037634e+04
   1.9590000e+03  -4.5526543e+03   1.9248421e+04
   1.9600000e+03  -4.1223989e+03   1.3985103e+04
   1.9610000e+03   4.3398872e+03   1.0353409e+04
   1.9620000e+03   7.3735464e+03   9.9889168e+03
   1.9630000e+03   6.2071541e+03   7.2250825e+03
   1.9640000e+03   8.2074293e+03   2.1734183e+03
   1.9650000e+03   8.0207316e+03   3.6734097e+03
   1.9660000e+03   1.0397455e+04   4.1767775e+03
   1.9670000e+03   2.3115807e+04  -3.2513028e+03
   1.9680000e+03   2.9065998e+04  -6.7452046e+03
   1.9690000e+03   2.1904846e+04  -1.5482948e+03
   1.9700000e+03   1.5680991e+04   3.7548278e+03
   1.9710000e+03   1.3638606e+04   2.7026073e+03
   1.9720000e+03   1.2497146e+04  -9.2282659e+02
   1.9730000e+03   1.4118089e+04  -5.0158289e+03
   1.9740000e+03   2.1334958e+04  -1.1162207e+04
   1.9750000e+03   2.5910628e+04  -1.2394644e+04
   1.9760000e+03   1.9134082e+04  -7.1740465e+03
   1.9770000e+03   1.0351146e+04  -3.2305220e+03
   1.9780000e+03   1.1127086e+04  -6.1955284e+03
   1.9790000e+03   1.7550863e+04  -1.5659860e+04
   1.9800000e+03   1.6609543e+04  -2.2356561e+04
   1.9810000e+03   1.0158817e+04  -2.0685467e+04
   1.9820000e+03   1.2071175e+04  -1.5342778e+04
   1.9830000e+03   1.8753510e+04  -1.3805474e+04
   1.9840000e+03   1.9447635e+04  -1.6982198e+04
   1.9850000e+03   1.4610586e+04  -2.0070690e+04
   1.9860000e+03   9.1905797e+03  -2.4681962e+04
   1.9870000e+03   6.6593989e+03  -2.6382412e+04
   1.9880000e+03   7.2806757e+03  -1.4551236e+04
   1.9890000e+03   9.2388888e+03  -1.5044438e+02
   1.9900000e+03   9.0597540e+03  -3.8179395e+03
   1.9910000e+03   6.9255066e+03  -1.9942745e+04
   1.9920000e+03   4.2446919e+03  -2.5602968e+04
   1.9930000e+03   1.6641801e+02  -1.9513365e+04
   1.9940000e+03  -2.9312434e+03  -1.2947725e+04
   1.9950000e+03  -6.8729840e+03  -6.6617811e+03
   1.9960000e+03  -9.1337982e+03  -5.6971323e+03
   1.9970000e+03  -4.1100036e+03  -1.2805818e+04
   1.9980000e+03  -2.2967044e+03  -1.9443727e+04
   1.9990000e+03  -6.1436810e+03  -1.9637656e+04
   2.0000000e+03  -7.0841391e+03  -1.1819736e+04
