   1.0274000e+02   2.5123000e+01
   9.6498329e+01   3.1192585e+01
   0.0000000e+00  -3.5269773e+04  -3.5269773e+04
   1.0000000e+00   2.8671148e+04  -6.5522521e+04
   2.0000000e+00   8.5688937e+04  -3.2616717e+04
   3.0000000e+00   6.5744828e+04   4.6425196e+04
   4.0000000e+00  -4.5009797e+04   8.9185503e+04
   5.0000000e+00  -1.1588052e+05   3.3680545e+04
   6.0000000e+00  -3.4581260e+04  -8.3928294e+04
   7.0000000e+00   9.2492237e+04  -1.2649651e+05
   8.0000000e+00   9.6018056e+04  -1.0719409e+04
   9.0000000e+00   2.5639838e+03   1.2517136e+05
   1.0000000e+01  -6.1870393e+04   1.0052147e+05
   1.1000000e+01  -5.1684941e+04  -4.9564035e+04
   1.2000000e+01   7.4296660e+03  -1.4454037e+05
   1.3000000e+01   4.5557610e+04  -5.7319125e+04
   1.4000000e+01   1.8550195e+04   1.1388272e+05
   1.5000000e+01  -3.2235419e+04   1.2430154e+05
   1.6000000e+01  -4.3521029e+04  -2.3379176e+04
   1.7000000e+01   3.7996712e+03  -8.3525310e+04
   1.8000000e+01   5.5052190e+04   9.2335714e+03
   1.9000000e+01   4.4175624e+04   9.1873298e+04
   2.0000000e+01  -1.2680512e+04   4.6257154e+04
   2.1000000e+01  -6.5517344e+04  -7.0156871e+04
   2.2000000e+01  -7.3793022e+04  -1.0632257e+05
   2.3000000e+01   6.6910332e+03  -1.3575094e+04
   2.4000000e+01   1.1140413e+05   8.2292539e+04
   2.5000000e+01   6.7851866e+04   6.2038547e+04
   2.6000000e+01  -8.9505053e+04  -3.3173535e+04
   2.7000000e+01  -1.1790910e+05  -8.7281179e+04
   2.8000000e+01   1.6830090e+02  -3.5850418e+04
   2.9000000e+01   6.1104506e+04   6.9548032e+04
   3.0000000e+01   2.6691077e+03   9.4273380e+04
   3.1000000e+01  -4.6939300e+04   1.4814569e+04
   3.2000000e+01   1.3150060e+04  -5.4859542e+04
   3.3000000e+01   7.9047211e+04  -5.5549229e+04
   3.4000000e+01   1.7010114e+04  -6.6544431e+03
   3.5000000e+01  -8.4992762e+04   5.5936285e+04
   3.6000000e+01  -7.6023738e+04   7.1101952e+04
   3.7000000e+01   3.8388872e+04   1.1925871e+04
   3.8000000e+01   1.1533756e+05  -5.5932748e+04
   3.9000000e+01   5.1320812e+04  -5.8783346e+04
   4.0000000e+01  -6.7890660e+04  -1.2006604e+04
   4.1000000e+01  -9.9624276e+04   1.8607012e+04
   4.2000000e+01  -3.0077752e+04   5.1138565e+03
   4.3000000e+01   5.0778123e+04  -1.7496857e+04
   4.4000000e+01   6.5385183e+04  -1.2262763e+04
   4.5000000e+01   1.0642323e+04   7.8500042e+02
   4.6000000e+01  -6.4760066e+04  -1.3809370e+03
   4.7000000e+01  -8.1391218e+04  -5.5777694e+03
   4.8000000e+01  -3.1412261e+02   1.8500539e+03
   4.9000000e+01   9.4816744e+04   2.5734067e+04
   5.0000000e+01   9.2280526e+04   3.9332208e+04
   5.1000000e+01  -5.8572380e+03   3.4280378e+03
   5.2000000e+01  -8.0592060e+04  -4.5484408e+04
   5.3000000e+01  -4.7560306e+04  -3.7411444e+04
   5.4000000e+01   2.5563161e+04   1.2288554e+04
   5.5000000e+01   4.5226647e+04   3.3666177e+04
   5.6000000e+01   2.6291669e+04  -2.0362673e+03
   5.7000000e+01   9.1119229e+03  -5.7650454e+04
   5.8000000e+01  -1.9322976e+04  -5.5433637e+04
   5.9000000e+01  -5.7469195e+04   1.3245494e+04
   6.0000000e+01  -6.1743691e+04   5.1484914e+04
   6.1000000e+01  -1.7069608e+04   2.6194950e+04
   6.2000000e+01   3.7926097e+04  -3.6107892e+03
   6.3000000e+01   4.7466663e+04  -2.2015538e+04
   6.4000000e+01   8.3000124e+03  -2.5937847e+04
   6.5000000e+01  -2.7319436e+04   1.5086818e+03
   6.6000000e+01  -3.8562183e+04   2.2868478e+04
   6.7000000e+01  -2.0714898e+04   1.2076361e+04
   6.8000000e+01   3.7559781e+04   8.0629160e+02
   6.9000000e+01   8.3124422e+04  -1.2551776e+04
   7.0000000e+01   5.0270696e+04  -3.4768154e+04
   7.1000000e+01  -1.9733983e+04  -2.4201006e+04
   7.2000000e+01  -4.0768130e+04   1.1839520e+04
   7.3000000e+01  -1.1998593e+04   2.8796002e+04
   7.4000000e+01   2.5687956e+04   2.8582231e+04
   7.5000000e+01   4.6501332e+04   1.6865359e+04
   7.6000000e+01   2.0438439e+04  -5.2303132e+03
   7.7000000e+01  -2.3154879e+04  -1.9266810e+04
   7.8000000e+01  -3.6700575e+04  -1.0212038e+04
   7.9000000e+01  -3.4740784e+04   1.8653265e+04
   8.0000000e+01  -3.8695610e+03   2.6775453e+04
   8.1000000e+01   4.9717195e+04  -1.0073072e+04
   8.2000000e+01   4.6392830e+04  -4.4458879e+04
   8.3000000e+01  -5.7533851e+03  -3.5032577e+04
   8.4000000e+01  -2.9040007e+04  -3.6891066e+03
   8.5000000e+01  -1.5567949e+04   2.1464995e+04
   8.6000000e+01   9.1233477e+03   3.3415230e+04
   8.7000000e+01   2.7451169e+04   1.6814775e+04
   8.8000000e+01   2.6194633e+04  -1.3962600e+04
   8.9000000e+01   1.7576199e+04  -1.0635521e+04
   9.0000000e+01  -2.7769226e+03   1.9395862e+04
   9.1000000e+01  -5.2851924e+04   3.6410947e+04
   9.2000000e+01  -7.4342939e+04   3.0613855e+04
   9.3000000e+01  -1.7621788e+04   6.3612251e+03
   9.4000000e+01   4.2668351e+04  -1.0657871e+04
   9.5000000e+01   3.8594056e+04  -5.9010799e+03
   9.6000000e+01  -6.3528055e+03  -7.0186219e+03
   9.7000000e+01  -4.9354902e+04  -1.1248069e+04
   9.8000000e+01  -3.8182505e+04   9.4734299e+03
   9.9000000e+01   3.0103213e+04   2.1150115e+04
   1.0000000e+02   5.9166965e+04  -9.4612619e+03
   1.0100000e+02   2.0719254e+04  -2.9426558e+04
   1.0200000e+02  -6.8433791e+02  -2.2089755e+03
   1.0300000e+02   9.9230638e+03   2.8097627e+04
   1.0400000e+02   7.2324067e+02   1.9630315e+04
   1.0500000e+02  -2.5116669e+04  -1.4144288e+04
   1.0600000e+02  -2.2615443e+04  -1.8628311e+04
   1.0700000e+02   1.0218153e+04   1.7216026e+04
   1.0800000e+02   1.4224663e+04   3.3413157e+04
   1.0900000e+02  -1.3407607e+04   9.8340177e+03
   1.1000000e+02  -1.1702331e+04  -1.6899922e+04
   1.1100000e+02   3.0374824e+03  -2.2424097e+04
   1.1200000e+02  -1.3260661e+04  -1.0387052e+03
   1.1300000e+02  -2.7955400e+04   1.7843158e+04
   1.1400000e+02  -6.7269110e+03  -7.3460015e+03
   1.1500000e+02   1.6712259e+04  -3.9294170e+04
   1.1600000e+02   8.4015122e+03  -1.8343982e+04
   1.1700000e+02  -9.8960800e+03   1.1595750e+04
   1.1800000e+02  -2.0202966e+04   3.8769009e+03
   1.1900000e+02  -1.7082606e+04  -2.2205269e+03
   1.2000000e+02   1.7179703e+03  -2.7012350e+01
   1.2100000e+02  -7.2395455e+02  -5.7419767e+03
   1.2200000e+02  -2.1970115e+04   2.3110616e+03
   1.2300000e+02  -1.7613815e+04   5.1101035e+03
   1.2400000e+02  -3.3114360e+03  -1.8466866e+04
   1.2500000e+02  -4.0607024e+02  -2.5938764e+04
   1.2600000e+02   3.7834933e+03  -9.8584012e+02
   1.2700000e+02   4.2791333e+03   2.4457527e+04
   1.2800000e+02  -5.8415401e+03   2.7386575e+04
   1.2900000e+02  -1.7256880e+04  -2.7582558e+03
   1.3000000e+02  -1.8223138e+04  -3.6445751e+04
   1.3100000e+02   8.8053201e+03  -2.1524384e+04
   1.3200000e+02   5.0796010e+04   1.5382153e+04
   1.3300000e+02   4.8321138e+04   1.7643184e+04
   1.3400000e+02   1.9937299e+03  -1.8716033e+03
   1.3500000e+02  -2.4749169e+04  -1.3133520e+04
   1.3600000e+02  -1.6055342e+04  -3.2274048e+03
   1.3700000e+02   2.2020375e+04   1.3290467e+04
   1.3800000e+02   6.2612460e+04  -2.4306332e+03
   1.3900000e+02   4.4925427e+04  -2.1186350e+04
   1.4000000e+02  -1.5518712e+04   3.7687227e+03
   1.4100000e+02  -4.1298522e+04   2.6262262e+04
   1.4200000e+02  -1.0504526e+04   1.0258279e+04
   1.4300000e+02   2.4164267e+04  -1.0113907e+04
   1.4400000e+02   1.3272648e+04  -1.5532738e+04
   1.4500000e+02  -1.7256584e+04  -8.9147107e+03
   1.4600000e+02  -2.8130508e+04  -6.1862127e+03
   1.4700000e+02  -2.6504929e+04  -2.3074267e+04
   1.4800000e+02  -1.8078306e+04  -1.8040830e+04
   1.4900000e+02   4.2416942e+03   2.3375542e+04
   1.5000000e+02   2.2994769e+04   2.6606838e+04
   1.5100000e+02   1.0353963e+04  -1.5146732e+04
   1.5200000e+02  -1.4306879e+04  -2.5247217e+04
   1.5300000e+02  -6.0715270e+03   7.7187534e+02
   1.5400000e+02   3.4636189e+04   2.2223968e+04
   1.5500000e+02   6.6555843e+04   3.7394063e+04
   1.5600000e+02   4.4792186e+04   3.6300156e+04
   1.5700000e+02  -2.4064725e+04   5.6194552e+02
   1.5800000e+02  -5.7002570e+04  -3.0472622e+04
   1.5900000e+02  -8.1563961e+03  -1.3781338e+04
   1.6000000e+02   4.4311041e+04   2.3268277e+04
   1.6100000e+02   2.8206386e+04   3.1638006e+04
   1.6200000e+02  -1.1270632e+04  -6.5642707e+02
   1.6300000e+02  -2.8518214e+04  -3.2850840e+04
   1.6400000e+02  -3.9224685e+04  -2.6459473e+04
   1.6500000e+02  -4.2534031e+04  -7.5732314e+03
   1.6600000e+02  -2.9465272e+04   7.7826286e+02
   1.6700000e+02  -4.0962228e+03   2.1472563e+03
   1.6800000e+02   2.0153067e+04  -1.1481486e+04
   1.6900000e+02   1.8571459e+04  -1.2266584e+04
   1.7000000e+02   2.3685442e+03   1.7756501e+04
   1.7100000e+02   1.0802998e+02   2.4198884e+04
   1.7200000e+02   1.0468498e+04  -2.3294939e+03
   1.7300000e+02   2.3564227e+04  -2.9361172e+03
   1.7400000e+02   1.9534523e+04   2.4672683e+04
   1.7500000e+02  -7.3528879e+03   3.8498952e+04
   1.7600000e+02  -1.0463183e+04   2.0875179e+04
   1.7700000e+02   2.7973429e+04  -1.9206720e+04
   1.7800000e+02   4.7524984e+04  -3.0436633e+04
   1.7900000e+02   1.3887262e+04   9.2680865e+03
   1.8000000e+02  -3.4631354e+04   3.1759512e+04
   1.8100000e+02  -5.0433222e+04   6.9805909e+03
   1.8200000e+02  -1.6620646e+04  -1.8765378e+04
   1.8300000e+02   2.3856872e+04  -2.2500114e+04
   1.8400000e+02   8.7830880e+03  -1.0326722e+04
   1.8500000e+02  -3.7785567e+04   2.0585952e+03
   1.8600000e+02  -3.9734618e+04  -1.2496084e+03
   1.8700000e+02   8.5302133e+03  -8.1093770e+03
   1.8800000e+02   3.8400664e+04  -1.0912049e+03
   1.8900000e+02   3.4013065e+03   6.0699970e+03
   1.9000000e+02  -4.9106464e+04   5.8517611e+02
   1.9100000e+02  -2.6022356e+04   2.3207643e+03
   1.9200000e+02   5.1372736e+04   1.4773680e+04
   1.9300000e+02   5.5354634e+04   1.5243068e+04
   1.9400000e+02  -1.8324727e+04  -6.2336358e+02
   1.9500000e+02  -6.1300821e+04  -1.9880390e+04
   1.9600000e+02  -4.3173291e+04  -1.4954789e+04
   1.9700000e+02   9.0807902e+03   1.4091644e+04
   1.9800000e+02   5.1320493e+04   1.8455835e+04
   1.9900000e+02   4.0231794e+04  -5.0532893e+03
   2.0000000e+02   3.7316271e+03  -1.9459557e+04
   2.0100000e+02  -1.6193968e+04  -2.6174142e+04
   2.0200000e+02  -2.5713622e+04  -2.3465013e+04
   2.0300000e+02  -3.2809147e+04   2.6636454e+03
   2.0400000e+02  -1.5450624e+04   1.9781038e+04
   2.0500000e+02   2.6168113e+04  -9.8692262e+02
   2.0600000e+02   2.7733304e+04  -2.5235300e+04
   2.0700000e+02  -3.0138398e+04  -1.9021141e+04
   2.0800000e+02  -6.4891806e+04   1.1416152e+04
   2.0900000e+02  -2.3877070e+04   3.2837690e+04
   2.1000000e+02   3.0548436e+04   3.9285552e+03
   2.1100000e+02   2.2303155e+04  -3.7627798e+04
   2.1200000e+02  -6.6571253e+03  -1.2079066e+04
   2.1300000e+02   2.9444640e+03   4.1967831e+04
   2.1400000e+02   9.6876165e+03   3.5927557e+04
   2.1500000e+02  -4.4387241e+03  -1.6620599e+04
   2.1600000e+02  -1.8305800e+03  -4.2620633e+04
   2.1700000e+02   2.2076607e+04  -7.5056205e+03
   2.1800000e+02   5.1223596e+04   4.1234255e+04
   2.1900000e+02   5.2907347e+04   3.2746981e+04
   2.2000000e+02   8.1788110e+03  -9.5199596e+03
   2.2100000e+02  -3.1006386e+04  -2.0761466e+04
   2.2200000e+02  -2.1791406e+04  -1.6431597e+04
   2.2300000e+02   5.7475160e+03  -2.4612450e+04
   2.2400000e+02   1.6780414e+04  -1.6123845e+04
   2.2500000e+02  -6.6247005e+03   1.6133772e+04
   2.2600000e+02  -5.5137006e+04   2.7760571e+04
   2.2700000e+02  -5.6944894e+04  -4.7024575e+03
   2.2800000e+02   7.7339091e+03  -3.8990343e+04
   2.2900000e+02   4.7192798e+04  -1.7717548e+04
   2.3000000e+02   1.6312880e+04   3.8719773e+04
   2.3100000e+02  -2.5978222e+04   5.1633598e+04
   2.3200000e+02  -1.6083251e+04   1.0173688e+04
   2.3300000e+02   4.2602197e+04  -1.9267911e+04
   2.3400000e+02   7.2150199e+04  -9.1816164e+03
   2.3500000e+02   1.9242949e+04   1.7667910e+04
   2.3600000e+02  -3.6352763e+04   3.2311948e+04
   2.3700000e+02  -6.9568038e+02   2.4754230e+02
   2.3800000e+02   5.4312311e+04  -4.6398429e+04
   2.3900000e+02   2.3694320e+04  -3.5342161e+04
   2.4000000e+02  -3.7546446e+04   3.9125851e+03
   2.4100000e+02  -2.6949310e+04   1.3484333e+04
   2.4200000e+02   3.2108264e+04   6.2983742e+03
   2.4300000e+02   2.5250399e+04  -2.8105465e+03
   2.4400000e+02  -5.8308844e+04  -6.0848164e+03
   2.4500000e+02  -9.1225993e+04   1.4985084e+03
   2.4600000e+02  -3.8985570e+04  -2.1943171e+03
   2.4700000e+02   9.5874403e+03  -8.9946724e+03
   2.4800000e+02   2.9513753e+04   8.4901769e+03
   2.4900000e+02   4.5960191e+04   2.2567709e+04
   2.5000000e+02   4.9011313e+04   1.2935230e+04
   2.5100000e+02   3.6012560e+04   7.9950620e+03
   2.5200000e+02   2.4564424e+04   4.1942024e+03
   2.5300000e+02   1.1900684e+04  -1.0166590e+04
   2.5400000e+02  -2.6221921e+03  -1.1038103e+04
   2.5500000e+02  -1.1422258e+04  -3.7338782e+03
   2.5600000e+02  -2.4295494e+04  -6.6202660e+03
   2.5700000e+02  -2.7953730e+04  -1.0184850e+04
   2.5800000e+02  -5.3708275e+03  -1.3944242e+04
   2.5900000e+02   1.3918758e+04  -1.5318849e+04
   2.6000000e+02   2.9623772e+03  -5.2193366e+03
   2.6100000e+02  -3.6445001e+04   6.5398460e+01
   2.6200000e+02  -6.9338043e+04  -1.7897514e+03
   2.6300000e+02  -4.7385760e+04   1.3174627e+04
   2.6400000e+02   3.9437190e+03   3.2807033e+04
   2.6500000e+02   1.4349683e+04   3.1489458e+04
   2.6600000e+02  -1.1118249e+04   1.8213769e+04
   2.6700000e+02  -1.1548340e+04  -1.5480010e+02
   2.6800000e+02   1.8468236e+04  -9.5204954e+03
   2.6900000e+02   2.8359038e+04   1.1985140e+04
   2.7000000e+02   1.7685211e+02   2.6252308e+04
   2.7100000e+02  -2.3985299e+04  -3.3774742e+03
   2.7200000e+02  -2.5960086e+03  -3.6872524e+04
   2.7300000e+02   2.6324539e+04  -3.7851282e+04
   2.7400000e+02   2.7888977e+03  -1.6165547e+04
   2.7500000e+02  -2.5994002e+04   3.4541471e+03
   2.7600000e+02   4.2587571e+03  -1.7612828e+03
   2.7700000e+02   3.9165274e+04  -1.2698746e+04
   2.7800000e+02   1.6181799e+04   3.2213376e+03
   2.7900000e+02  -2.4569185e+04   1.3114049e+04
   2.8000000e+02  -1.6675766e+04  -3.8565488e+03
   2.8100000e+02   3.8783049e+04   7.4979858e+02
   2.8200000e+02   6.7613691e+04   2.3673612e+04
   2.8300000e+02   2.3166253e+04   1.9772733e+04
   2.8400000e+02  -3.1712184e+04   4.5041027e+03
   2.8500000e+02  -3.6837687e+04  -4.9050240e+02
   2.8600000e+02  -1.6323383e+04   1.5625549e+02
   2.8700000e+02  -4.5611421e+03   8.5673133e+03
   2.8800000e+02  -2.5726707e+04   1.5777400e+04
   2.8900000e+02  -5.1715536e+04   1.2088462e+04
   2.9000000e+02  -9.5165489e+03   1.6362154e+02
   2.9100000e+02   5.2382087e+04  -1.9610403e+04
   2.9200000e+02   2.5658577e+04  -2.8917778e+04
   2.9300000e+02  -5.3614039e+04  -1.3176388e+04
   2.9400000e+02  -8.3775801e+04  -3.7705868e+03
   2.9500000e+02  -4.4976887e+04  -1.5192481e+04
   2.9600000e+02   2.8736968e+04  -1.6558648e+04
   2.9700000e+02   9.1224561e+04  -2.8278565e+03
   2.9800000e+02   9.7297605e+04   1.3357787e+04
   2.9900000e+02   6.0748389e+04   3.0349857e+04
   3.0000000e+02   3.3064660e+04   3.1465650e+04
   3.0100000e+02   1.6093156e+04   1.1058777e+04
   3.0200000e+02  -7.6427704e+03  -9.2562212e+03
   3.0300000e+02  -3.0437184e+04  -1.0686337e+04
   3.0400000e+02  -3.9182773e+04   1.4444381e+04
   3.0500000e+02  -1.5589117e+04   3.8116508e+04
   3.0600000e+02   3.0370815e+04   8.0026715e+03
   3.0700000e+02   3.3500133e+04  -5.1894262e+04
   3.0800000e+02  -3.5451865e+04  -6.0206387e+04
   3.0900000e+02  -9.9771299e+04  -2.8234318e+04
   3.1000000e+02  -8.1659306e+04  -1.5942492e+04
   3.1100000e+02  -3.4518722e+03  -1.2957987e+04
   3.1200000e+02   5.4541025e+04  -1.0485210e+04
   3.1300000e+02   3.4694439e+04  -1.9609889e+04
   3.1400000e+02  -2.6342995e+04  -2.2253738e+04
   3.1500000e+02  -4.6173453e+04  -1.7100660e+04
   3.1600000e+02  -1.6468285e+04  -4.1071961e+03
   3.1700000e+02   2.6056100e+04   2.4321753e+04
   3.1800000e+02   4.5674709e+04   3.3007556e+04
   3.1900000e+02   2.5315509e+04   8.4512118e+03
   3.2000000e+02   3.0747351e+03   9.9571135e+02
   3.2100000e+02   4.7609569e+03   2.8638374e+04
   3.2200000e+02   1.4105656e+04   4.4809241e+04
   3.2300000e+02   2.3514644e+04   2.3121434e+04
   3.2400000e+02   1.6962420e+04  -9.0497951e+03
   3.2500000e+02  -2.1241255e+04  -1.3452929e+04
   3.2600000e+02  -4.7016720e+04   1.2673125e+04
   3.2700000e+02  -5.6616733e+03   2.0164267e+04
   3.2800000e+02   5.4555550e+04  -1.2833880e+04
   3.2900000e+02   5.0990050e+04  -3.2865932e+04
   3.3000000e+02   7.8135547e+03  -1.3377016e+04
   3.3100000e+02  -6.2822244e+03   1.1494930e+04
   3.3200000e+02   1.4622702e+04   1.5636654e+04
   3.3300000e+02   2.2052963e+04  -2.6960086e+03
   3.3400000e+02  -8.2642194e+03  -1.8081838e+04
   3.3500000e+02  -2.1770695e+04  -2.4043472e+03
   3.3600000e+02   1.5332020e+04   2.4354619e+04
   3.3700000e+02   3.7749922e+04   2.9839353e+04
   3.3800000e+02   7.1898295e+02   1.7667674e+04
   3.3900000e+02  -4.2500680e+04   5.3789251e+03
   3.4000000e+02  -4.2822997e+04   6.7911372e+03
   3.4100000e+02  -1.7579526e+04   1.4458648e+04
   3.4200000e+02   1.6651878e+03   2.5438100e+03
   3.4300000e+02  -4.7024000e+03  -1.4838474e+04
   3.4400000e+02  -2.5608104e+04  -6.0929015e+03
   3.4500000e+02  -2.9290901e+04   7.8533337e+03
   3.4600000e+02  -1.6086904e+04  -2.1496769e+03
   3.4700000e+02   4.3127446e+03  -2.1236435e+04
   3.4800000e+02   1.3240418e+04  -2.8649191e+04
   3.4900000e+02  -5.4786308e+03  -1.9012745e+04
   3.5000000e+02  -2.8766400e+03   1.0490560e+04
   3.5100000e+02   3.0412361e+04   3.5639207e+04
   3.5200000e+02   2.4350129e+04   2.2372066e+04
   3.5300000e+02  -1.4772525e+04  -1.1429557e+04
   3.5400000e+02  -2.7994151e+04  -2.4753049e+04
   3.5500000e+02  -1.4065406e+04   1.5213357e+03
   3.5600000e+02   7.7183503e+03   3.8958660e+04
   3.5700000e+02   1.6319538e+04   1.9891119e+04
   3.5800000e+02  -1.0074854e+04  -3.4963895e+04
   3.5900000e+02  -3.2241062e+04  -3.8294258e+04
   3.6000000e+02  -4.2683571e+03   2.4981045e+03
   3.6100000e+02   2.4749601e+04   2.4685791e+04
   3.6200000e+02   2.3357831e+03  -9.7723465e+02
   3.6300000e+02  -3.3609324e+04  -4.3086022e+04
   3.6400000e+02  -2.6126412e+04  -2.8485101e+04
   3.6500000e+02   2.1252628e+04   2.7104996e+04
   3.6600000e+02   3.9498929e+04   3.4015333e+04
   3.6700000e+02   4.7416261e+02  -7.8515778e+03
   3.6800000e+02  -1.7656097e+04  -2.8186077e+04
   3.6900000e+02   1.0020583e+04  -6.3338672e+03
   3.7000000e+02   5.8164861e+03   2.6447198e+04
   3.7100000e+02  -2.3729194e+04   3.4931685e+04
   3.7200000e+02  -1.3135939e+04   5.9854586e+03
   3.7300000e+02   1.4640025e+04  -2.2527127e+04
   3.7400000e+02   2.4789690e+04  -1.5158745e+04
   3.7500000e+02   1.4583558e+04  -4.6087213e+03
   3.7600000e+02  -2.0572120e+04  -8.5356782e+03
   3.7700000e+02  -3.6623749e+04  -6.0159638e+03
   3.7800000e+02  -4.6022689e+03  -1.1096083e+04
   3.7900000e+02   2.8505600e+04  -2.3742024e+04
   3.8000000e+02   3.5836354e+04  -1.5893471e+04
   3.8100000e+02   2.0672678e+04  -4.3881862e+03
   3.8200000e+02  -1.2244853e+04  -7.7848412e+03
   3.8300000e+02  -2.7062856e+04  -7.2616632e+03
   3.8400000e+02  -9.2994129e+03   4.1226402e+03
   3.8500000e+02   2.6968800e+03   2.0044819e+04
   3.8600000e+02  -2.7716092e+03   2.5303392e+04
   3.8700000e+02  -7.6239095e+03   5.8443349e+03
   3.8800000e+02  -9.9743687e+03  -9.1878449e+03
   3.8900000e+02   2.8968053e+03  -1.8316700e+02
   3.9000000e+02   2.1328645e+04   8.9677367e+03
   3.9100000e+02   2.2903608e+03   1.1631548e+04
   3.9200000e+02  -2.5253655e+04   5.8177264e+03
   3.9300000e+02   1.2641742e+03  -1.3648453e+04
   3.9400000e+02   5.6929595e+04  -1.9494964e+04
   3.9500000e+02   6.9897682e+04  -1.1629972e+02
   3.9600000e+02   2.3639953e+04   1.2740272e+04
   3.9700000e+02  -2.7667319e+04   1.0177981e+04
   3.9800000e+02  -3.0174907e+04   1.2995327e+04
   3.9900000e+02   6.4931925e+03   6.7250786e+03
   4.0000000e+02   2.7227620e+04  -1.6914576e+04
   4.0100000e+02   1.7281643e+04  -1.5172967e+04
   4.0200000e+02   9.8103800e+03   1.5616144e+04
   4.0300000e+02  -6.9330070e+02   3.3145362e+04
   4.0400000e+02  -1.9729425e+04   1.8221860e+04
   4.0500000e+02  -1.8193828e+04  -1.4855089e+04
   4.0600000e+02  -6.1566949e+03  -2.1082971e+04
   4.0700000e+02  -4.1046642e+03   3.0882819e+03
   4.0800000e+02  -6.5818754e+03   7.8176882e+03
   4.0900000e+02  -2.9896798e+03   1.8049489e+02
   4.1000000e+02   5.8718435e+03   1.1623611e+04
   4.1100000e+02  -5.2911913e+03   1.5481620e+04
   4.1200000e+02  -2.5062180e+04  -4.8843576e+03
   4.1300000e+02  -1.1956706e+04  -2.1324182e+04
   4.1400000e+02   2.5731218e+04  -2.2914427e+04
   4.1500000e+02   4.9112439e+04  -9.6824971e+03
   4.1600000e+02   2.7603646e+04   1.8523951e+04
   4.1700000e+02  -2.6930902e+04   2.4113505e+04
   4.1800000e+02  -5.2129997e+04  -5.4861021e+03
   4.1900000e+02  -1.5285427e+04  -2.2847234e+04
   4.2000000e+02   2.8532491e+04  -9.4829859e+03
   4.2100000e+02   1.2935053e+04   1.1075180e+04
   4.2200000e+02  -2.9495887e+04   1.3366143e+04
   4.2300000e+02  -3.2874300e+04  -3.9409470e+03
   4.2400000e+02  -6.3553868e+03  -8.6420608e+03
   4.2500000e+02   8.5464701e+03   5.5453401e+03
   4.2600000e+02  -5.1261117e+03   1.0767865e+04
   4.2700000e+02  -2.9958963e+04   3.8268388e+03
   4.2800000e+02  -2.7416989e+04  -2.9588769e+03
   4.2900000e+02   1.3324759e+04  -9.5462018e+03
   4.3000000e+02   4.2861451e+04  -9.6350704e+03
   4.3100000e+02   1.2190559e+04   1.8999311e+03
   4.3200000e+02  -4.0207401e+04   6.6234235e+03
   4.3300000e+02  -4.6697181e+04   3.0250585e+03
   4.3400000e+02  -2.6553614e+03   5.5639154e+03
   4.3500000e+02   4.0832590e+04   2.1582225e+03
   4.3600000e+02   3.2869918e+04  -3.7422917e+01
   4.3700000e+02  -6.2024369e+03   1.3623350e+04
   4.3800000e+02  -2.7327347e+04   8.0472419e+03
   4.3900000e+02  -2.1241534e+04  -1.7965638e+04
   4.4000000e+02   5.0026846e+03  -1.1138455e+04
   4.4100000e+02   1.6084328e+04   1.7913278e+04
   4.4200000e+02  -7.8925581e+03   1.5495649e+04
   4.4300000e+02  -1.9444836e+04  -1.0992480e+04
   4.4400000e+02   9.3143029e+02  -2.1664972e+04
   4.4500000e+02   1.5458789e+04  -5.6040738e+03
   4.4600000e+02   1.5428696e+04   1.0440005e+04
   4.4700000e+02   1.7499820e+04  -7.2355094e+02
   4.4800000e+02   6.3305889e+03  -7.3460216e+03
   4.4900000e+02  -1.4710999e+04   1.0984585e+04
   4.5000000e+02  -2.3143918e+03   4.8073242e+03
   4.5100000e+02   3.0548122e+04  -2.3240982e+04
   4.5200000e+02   3.2746983e+04  -1.5462526e+04
   4.5300000e+02  -3.2118862e+03   1.4647282e+04
   4.5400000e+02  -3.7749364e+04   1.6346852e+04
   4.5500000e+02  -1.8858819e+04  -8.1543352e+03
   4.5600000e+02   2.9586476e+04  -2.2689177e+04
   4.5700000e+02   3.1357048e+04  -6.1079736e+03
   4.5800000e+02  -8.4437917e+03   2.6282247e+04
   4.5900000e+02  -2.9152185e+04   2.9048975e+04
   4.6000000e+02  -1.2633437e+04  -2.0562130e+03
   4.6100000e+02   1.4269270e+04  -1.7981347e+04
   4.6200000e+02   1.4235977e+04  -1.2330460e+04
   4.6300000e+02  -1.8990019e+04  -2.4440122e+03
   4.6400000e+02  -3.4973759e+04   1.0520812e+04
   4.6500000e+02  -2.0258600e+01   2.2456693e+03
   4.6600000e+02   3.3409119e+04  -1.4462682e+04
   4.6700000e+02   1.9713805e+04  -1.9175319e+03
   4.6800000e+02  -8.8922591e+03   2.4130893e+03
   4.6900000e+02  -1.5000207e+04  -2.5804048e+04
   4.7000000e+02   1.8937211e+02  -3.0199220e+04
   4.7100000e+02   1.6422977e+04   8.7961207e+03
   4.7200000e+02   1.6880550e+04   3.7709661e+04
   4.7300000e+02   3.2726276e+03   2.1086785e+04
   4.7400000e+02  -7.7498394e+03  -1.9097830e+04
   4.7500000e+02   3.7072114e+02  -2.9529726e+04
   4.7600000e+02   2.2895150e+04   3.5699582e+03
   4.7700000e+02   2.4829926e+04   1.9575157e+04
   4.7800000e+02  -8.6285973e+03   7.8879220e+01
   4.7900000e+02  -2.4213687e+04  -3.3838625e+03
   4.8000000e+02   2.5843864e+03   3.4232731e+03
   4.8100000e+02   9.7097483e+03  -5.7015401e+03
   4.8200000e+02  -1.1841670e+04  -7.3143239e+03
   4.8300000e+02  -8.4894155e+03   1.5253540e+03
   4.8400000e+02   8.3736706e+03   5.3035813e+03
   4.8500000e+02   3.1855436e+03   4.2207396e+03
   4.8600000e+02  -6.8237204e+03  -6.5169208e+03
   4.8700000e+02   9.4958741e+02  -9.2357777e+03
   4.8800000e+02   9.1841479e+03   1.3779951e+04
   4.8900000e+02  -1.4281817e+03   1.6810486e+04
   4.9000000e+02  -1.7468846e+04  -1.4203779e+04
   4.9100000e+02  -9.8503342e+03  -1.4215307e+04
   4.9200000e+02   2.5212803e+04   1.9821176e+04
   4.9300000e+02   3.8598020e+04   2.7883021e+04
   4.9400000e+02   8.5660245e+03   7.1705068e+02
   4.9500000e+02  -1.8338278e+04  -2.7865802e+04
   4.9600000e+02  -2.3339284e+04  -2.5257161e+04
   4.9700000e+02  -1.1354045e+04   4.0332446e+03
   4.9800000e+02   9.3315889e+03   1.9679415e+04
   4.9900000e+02   2.4283079e+03   9.8567945e+03
   5.0000000e+02  -1.8318408e+04  -2.1906111e+03
   5.0100000e+02  -1.2029232e+04  -2.5570932e+03
   5.0200000e+02  -1.0466647e+02   7.3751163e+03
   5.0300000e+02   1.8602117e+03   1.5000220e+04
   5.0400000e+02   8.2611556e+03   1.6247069e+03
   5.0500000e+02   2.4749507e+03  -1.0997960e+04
   5.0600000e+02  -1.9425577e+04   1.3052930e+04
   5.0700000e+02  -2.4620113e+04   2.9876489e+04
   5.0800000e+02  -8.6056790e+03  -1.0609726e+03
   5.0900000e+02   1.2643857e+04  -2.3495924e+04
   5.1000000e+02   2.1895375e+04  -5.6587317e+03
   5.1100000e+02   3.0909096e+03   1.2988177e+04
   5.1200000e+02  -1.3515326e+04   1.3246250e+04
   5.1300000e+02  -7.5159815e+03   3.5468663e+03
   5.1400000e+02  -7.5022943e+03  -9.1613643e+03
   5.1500000e+02  -7.8393143e+03  -1.4317353e+04
   5.1600000e+02   6.0467695e+03  -9.0061721e+03
   5.1700000e+02   1.0115652e+04   3.0432853e+03
   5.1800000e+02   1.6866813e+03   1.8068723e+04
   5.1900000e+02   2.0383729e+03   1.4720228e+04
   5.2000000e+02   1.7439825e+03  -3.5538844e+03
   5.2100000e+02  -1.2778553e+04  -2.9019807e+03
   5.2200000e+02  -9.9984646e+03   7.1986218e+02
   5.2300000e+02   2.0004618e+04  -8.6020226e+03
   5.2400000e+02   2.8045375e+04  -5.5950354e+03
   5.2500000e+02   1.5148733e+03   1.1971792e+03
   5.2600000e+02  -1.7785498e+04   2.9449070e+03
   5.2700000e+02  -1.1902043e+04   1.4139138e+04
   5.2800000e+02  -3.6704629e+03   1.6465519e+04
   5.2900000e+02  -8.1216378e+03  -1.4729305e+03
   5.3000000e+02  -8.0287833e+03  -1.0728619e+04
   5.3100000e+02   3.3244879e+03  -4.4274794e+03
   5.3200000e+02   3.0927156e+03  -7.2123859e+03
   5.3300000e+02  -1.3409361e+04  -1.5791172e+04
   5.3400000e+02  -1.7903872e+04  -1.5061020e+04
   5.3500000e+02  -3.4485269e+02  -8.6495736e+03
   5.3600000e+02   1.4755838e+04   2.1286060e+02
   5.3700000e+02   1.2427058e+04  -5.6037967e+03
   5.3800000e+02   2.8080996e+03  -2.3359524e+04
   5.3900000e+02   2.4620863e+03  -1.5951581e+04
   5.4000000e+02   8.4353435e+03   2.7394295e+03
   5.4100000e+02   5.1400720e+03  -1.2232559e+03
   5.4200000e+02  -3.5332520e+01  -1.1034626e+04
   5.4300000e+02  -6.1849342e+03  -3.3981114e+03
   5.4400000e+02  -2.3169347e+04   1.7778805e+04
   5.4500000e+02  -2.2406497e+04   2.3954254e+04
   5.4600000e+02   1.2318908e+04  -6.8941845e+03
   5.4700000e+02   3.3637155e+04  -3.5738090e+04
   5.4800000e+02   9.0645525e+03  -1.2526737e+04
   5.4900000e+02  -2.2135042e+04   2.3755629e+04
   5.5000000e+02  -2.1086234e+04   1.6494687e+04
   5.5100000e+02   3.2378865e+03  -8.4057539e+03
   5.5200000e+02   2.7887895e+04  -1.7341823e+04
   5.5300000e+02   2.9143728e+04  -8.3846011e+03
   5.5400000e+02   1.0308136e+04   1.0303384e+04
   5.5500000e+02  -3.1592290e+02   1.1779157e+04
   5.5600000e+02   2.5194586e+03   3.7470331e+03
   5.5700000e+02   1.0122453e+04   9.3241403e+03
   5.5800000e+02   6.7480798e+03   6.4971751e+03
   5.5900000e+02  -5.2181128e+03  -7.2764806e+03
   5.6000000e+02   3.2771941e+03  -7.0842731e+03
   5.6100000e+02   1.5977761e+04  -2.9628880e+02
   5.6200000e+02   7.8796417e+02  -8.2900663e+02
   5.6300000e+02  -2.0682877e+04  -1.5395910e+03
   5.6400000e+02  -1.5233975e+04  -2.4399206e+02
   5.6500000e+02   9.0730668e+03   2.7014052e+03
   5.6600000e+02   2.0385623e+04   1.1580325e+04
   5.6700000e+02   1.1190577e+04   8.4704150e+03
   5.6800000e+02  -6.5807391e+03  -6.2132675e+03
   5.6900000e+02  -1.3325651e+04   3.4512749e+03
   5.7000000e+02   2.6971834e+03   2.4148972e+04
   5.7100000e+02   1.5432144e+04   2.0937848e+04
   5.7200000e+02   1.1243124e+04   6.0423559e+03
   5.7300000e+02   2.5910429e+02  -4.6168374e+03
   5.7400000e+02  -1.1307740e+04  -1.6993937e+03
   5.7500000e+02   6.0483800e+02   1.6247496e+04
   5.7600000e+02   2.7570345e+04   1.5120919e+04
   5.7700000e+02   2.0219904e+04  -9.7760246e+03
   5.7800000e+02  -1.3522997e+04  -1.3292693e+04
   5.7900000e+02  -1.8220102e+04   2.2179505e+03
   5.8000000e+02   6.9297956e+03   1.4811159e+03
   5.8100000e+02   1.1510544e+04  -9.7967145e+03
   5.8200000e+02  -1.7267016e+04  -1.6219231e+04
   5.8300000e+02  -4.5034005e+04  -6.6758131e+03
   5.8400000e+02  -3.5087230e+04   1.5680446e+04
   5.8500000e+02  -2.4725220e+02   1.6222110e+04
   5.8600000e+02   2.5333480e+03  -1.5582809e+03
   5.8700000e+02  -1.3244770e+04  -5.1613539e+03
   5.8800000e+02  -2.6401311e+02  -3.9069649e+03
   5.8900000e+02   9.4447488e+03  -1.7724780e+03
   5.9000000e+02  -7.1900242e+03   1.9431075e+04
   5.9100000e+02  -1.5416954e+04   3.7181674e+04
   5.9200000e+02   7.6162799e+02   1.9597913e+04
   5.9300000e+02   1.6440076e+04  -1.5086196e+04
   5.9400000e+02   7.0303075e+03  -3.6621391e+04
   5.9500000e+02  -2.9620800e+03  -2.9550324e+04
   5.9600000e+02   1.0299413e+04   1.4223711e+03
   5.9700000e+02   5.8259781e+03   1.4093619e+04
   5.9800000e+02  -3.2986514e+04  -3.4960352e+03
   5.9900000e+02  -4.4945390e+04  -1.9598674e+04
   6.0000000e+02  -1.3228705e+04  -2.7746972e+04
   6.0100000e+02   1.0689172e+04  -1.8520570e+04
   6.0200000e+02   1.4327444e+04   1.0034465e+04
   6.0300000e+02   2.9403798e+03   1.8226687e+04
   6.0400000e+02  -1.3450969e+04   4.7748090e+03
   6.0500000e+02   5.8071997e+03   1.5648194e+03
   6.0600000e+02   3.3456404e+04  -3.9960404e+03
   6.0700000e+02   1.3287326e+04  -1.7945973e+04
   6.0800000e+02  -1.6355024e+04  -5.2309192e+03
   6.0900000e+02  -1.1734026e+04   2.3245564e+04
   6.1000000e+02   7.6344345e+03   2.4125897e+04
   6.1100000e+02   1.7541228e+04   3.1805076e+03
   6.1200000e+02   4.5643938e+03  -2.1246684e+04
   6.1300000e+02  -2.2932867e+04  -2.6015753e+04
   6.1400000e+02  -2.9662991e+04   6.5368012e+03
   6.1500000e+02  -1.3036506e+04   1.9481564e+04
   6.1600000e+02   2.8575110e+02  -1.8192837e+04
   6.1700000e+02   8.0591128e+03  -3.6764525e+04
   6.1800000e+02   1.5984933e+03  -4.6822454e+03
   6.1900000e+02  -1.5423315e+04   2.3261627e+04
   6.2000000e+02   2.4386532e+03   5.3253926e+03
   6.2100000e+02   3.6144370e+04  -3.1750147e+04
   6.2200000e+02   2.4577108e+04  -2.7231256e+04
   6.2300000e+02  -4.8112473e+03   2.4233213e+04
   6.2400000e+02  -5.1545967e+03   4.9107875e+04
   6.2500000e+02   9.6111939e+03   1.2623302e+04
   6.2600000e+02   2.7962246e+04  -2.3551471e+04
   6.2700000e+02   3.4661948e+04  -1.7077227e+04
   6.2800000e+02   4.3661135e+03   7.9590920e+03
   6.2900000e+02  -1.8866454e+04   2.5498787e+04
   6.3000000e+02   2.8199556e+03   2.3089008e+04
   6.3100000e+02   2.1179431e+04   5.0775269e+03
   6.3200000e+02   1.4742545e+04  -1.1886545e+04
   6.3300000e+02   3.0724746e+02  -1.7690614e+04
   6.3400000e+02  -1.6041309e+04   7.7796881e+02
   6.3500000e+02  -1.2193478e+04   3.0014175e+04
   6.3600000e+02   2.3628766e+03   1.9208739e+04
   6.3700000e+02  -2.8252362e+03  -2.1568259e+04
   6.3800000e+02  -3.9420690e+03  -2.2692579e+04
   6.3900000e+02   1.6455418e+04   7.1001835e+03
   6.4000000e+02   2.1801197e+04   1.1735077e+04
   6.4100000e+02   3.8915882e+03  -6.1219967e+03
   6.4200000e+02  -2.4096247e+03  -2.3630768e+04
   6.4300000e+02   3.6017031e+03  -1.6201696e+04
   6.4400000e+02   1.0067040e+04   1.8990226e+04
   6.4500000e+02   1.9307828e+04   3.1354941e+04
   6.4600000e+02   1.3410711e+04   1.3703090e+04
   6.4700000e+02  -6.7910784e+03   5.4166215e+03
   6.4800000e+02  -2.3310720e+04   2.6898657e+03
   6.4900000e+02  -3.3650115e+04  -6.0310400e+03
   6.5000000e+02  -2.1374980e+04  -6.5243614e+03
   6.5100000e+02   4.2138974e+03   1.0253019e+03
   6.5200000e+02   4.2965837e+03  -1.1183242e+03
   6.5300000e+02  -8.6902755e+03  -1.3811729e+04
   6.5400000e+02  -9.6882395e+03  -2.3553592e+04
   6.5500000e+02  -1.4479418e+04  -1.6541013e+04
   6.5600000e+02  -1.6523855e+04   7.1616668e+03
   6.5700000e+02   3.1290686e+02   9.3799317e+03
   6.5800000e+02   8.6968469e+03  -1.4265839e+04
   6.5900000e+02   8.0240641e+03  -8.9519380e+03
   6.6000000e+02   1.2441201e+04   1.7790564e+04
   6.6100000e+02  -3.8494237e+03   1.4010949e+04
   6.6200000e+02  -2.6310288e+04  -9.7050536e+03
   6.6300000e+02  -1.7854148e+04  -1.2989757e+04
   6.6400000e+02   1.0665762e+04   1.0187095e+04
   6.6500000e+02   2.9861055e+04   2.9279672e+04
   6.6600000e+02   1.5277202e+04   1.3861044e+04
   6.6700000e+02  -1.4769341e+04  -1.9255938e+04
   6.6800000e+02  -2.1640361e+04  -1.9207665e+04
   6.6900000e+02  -1.3845945e+04   1.3461157e+04
   6.7000000e+02  -7.6652676e+03   2.6081198e+04
   6.7100000e+02   1.0110061e+03   7.1480533e+03
   6.7200000e+02   2.1110673e+03  -1.7355346e+04
   6.7300000e+02  -1.0862734e+04  -2.4182171e+04
   6.7400000e+02  -7.4606799e+03  -6.5080447e+03
   6.7500000e+02   1.1082331e+04   5.8042709e+03
   6.7600000e+02  -1.7224041e+03   1.2304873e+03
   6.7700000e+02  -1.7604370e+04  -1.8630528e+03
   6.7800000e+02   7.4677105e+03  -1.0090692e+04
   6.7900000e+02   2.2778778e+04  -1.5824395e+04
   6.8000000e+02  -5.5344008e+03   3.6327614e+03
   6.8100000e+02  -3.0428437e+04   2.0650954e+04
   6.8200000e+02  -1.2079744e+04   8.8371849e+03
   6.8300000e+02   1.8628308e+04   1.5931660e+01
   6.8400000e+02   1.2267230e+04   1.2063362e+04
   6.8500000e+02  -8.4689762e+03   2.2910781e+04
   6.8600000e+02   7.3504767e+03   1.9231912e+04
   6.8700000e+02   3.5382623e+04  -7.5458946e+03
   6.8800000e+02   1.6023289e+04  -3.3789198e+04
   6.8900000e+02  -2.0859927e+04  -1.4411839e+04
   6.9000000e+02  -1.4103935e+04   1.5513733e+04
   6.9100000e+02   4.4394819e+03   1.5967119e+03
   6.9200000e+02   4.2727633e+03  -2.1363837e+04
   6.9300000e+02   3.5166086e+03  -1.1424212e+04
   6.9400000e+02  -3.6624725e+03   6.6435771e+03
   6.9500000e+02  -1.3052649e+04   3.3921828e+03
   6.9600000e+02  -1.0091965e+04  -3.8285768e+03
   6.9700000e+02   7.3569465e+02   8.4471501e+03
   6.9800000e+02   1.6379892e+04   2.3676850e+04
   6.9900000e+02   1.7518785e+04   1.3770032e+04
   7.0000000e+02  -7.2346312e+03  -7.4128076e+03
   7.0100000e+02  -1.6538897e+04  -8.7251382e+03
   7.0200000e+02   1.3367715e+04  -3.3554121e+03
   7.0300000e+02   3.3976346e+04  -7.2307375e+03
   7.0400000e+02   1.5165653e+04  -4.8065717e+03
   7.0500000e+02  -1.0184385e+04  -3.5371246e+03
   7.0600000e+02  -1.1541683e+04  -1.1877139e+04
   7.0700000e+02   1.0874653e+04  -6.2651442e+03
   7.0800000e+02   1.8792743e+04   1.4594660e+04
   7.0900000e+02  -6.7035568e+03   1.9496317e+04
   7.1000000e+02  -1.5363363e+04  -1.1831905e+03
   7.1100000e+02   9.5862763e+02  -1.6544597e+04
   7.1200000e+02  -3.7494295e+03  -5.5159167e+03
   7.1300000e+02  -1.1872933e+04   9.5268587e+03
   7.1400000e+02   8.1363807e+03   1.0701548e+04
   7.1500000e+02   2.0678042e+04   1.1639861e+04
   7.1600000e+02   3.3248854e+03   6.1846427e+03
   7.1700000e+02  -1.5701718e+04  -2.2086572e+04
   7.1800000e+02  -2.0040461e+04  -3.0323368e+04
   7.1900000e+02  -2.2043610e+03   6.2008224e+03
   7.2000000e+02   2.2220447e+04   2.1181673e+04
   7.2100000e+02   1.5992062e+04  -1.1197108e+04
   7.2200000e+02  -6.7262209e+02  -3.2039648e+04
   7.2300000e+02  -4.0531808e+03  -1.2702230e+04
   7.2400000e+02  -5.2563445e+03   1.4692024e+04
   7.2500000e+02  -5.5220229e+02   8.5247499e+03
   7.2600000e+02  -3.7372041e+03  -2.4066581e+04
   7.2700000e+02  -7.0249855e+03  -2.8143605e+04
   7.2800000e+02   2.0194790e+04   8.3548402e+03
   7.2900000e+02   3.4382923e+04   3.0924117e+04
   7.3000000e+02  -5.5323060e+03   1.9190775e+04
   7.3100000e+02  -4.6351139e+04   4.3678048e+03
   7.3200000e+02  -3.2043677e+04  -1.0214158e+04
   7.3300000e+02   7.6466921e+03  -1.3630698e+04
   7.3400000e+02   2.5254137e+04   2.2373989e+04
   7.3500000e+02   1.7823389e+04   4.5847646e+04
   7.3600000e+02  -6.3125413e+03   4.4512680e+03
   7.3700000e+02  -1.5650357e+04  -4.0366152e+04
   7.3800000e+02   6.0260379e+03  -2.6931011e+04
   7.3900000e+02   1.7801152e+04   1.2626833e+04
   7.4000000e+02   3.4504581e+03   2.0530081e+04
   7.4100000e+02  -1.6738269e+04  -9.9453140e+03
   7.4200000e+02  -1.4590307e+04  -2.6122612e+04
   7.4300000e+02   1.3474851e+04   2.7166817e+02
   7.4400000e+02   1.0959921e+04   1.8391500e+04
   7.4500000e+02  -2.7368008e+04   5.6203233e+03
   7.4600000e+02  -2.9486494e+04  -5.4227819e+03
   7.4700000e+02   1.9781563e+03  -1.4639522e+04
   7.4800000e+02   3.1899427e+03  -6.4992098e+03
   7.4900000e+02  -1.2352324e+04   3.0716577e+04
   7.5000000e+02  -1.1297711e+03   3.4714298e+04
   7.5100000e+02   8.0567562e+03  -8.4535149e+02
   7.5200000e+02  -2.5994415e+03  -1.3219486e+04
   7.5300000e+02   1.7892603e+03   8.3073381e+02
   7.5400000e+02   1.8962598e+04   1.6003481e+04
   7.5500000e+02   1.8780101e+04   2.3702070e+04
   7.5600000e+02  -3.0659594e+02   1.3521021e+04
   7.5700000e+02  -1.5653183e+04  -9.9001977e+03
   7.5800000e+02  -7.0704923e+03  -2.3349523e+04
   7.5900000e+02   1.3204216e+04  -1.6933171e+04
   7.6000000e+02   9.9879990e+03   7.3808870e+02
   7.6100000e+02  -1.6775286e+04   1.2329088e+04
   7.6200000e+02  -2.8419718e+04  -1.8118476e+03
   7.6300000e+02  -1.4565051e+04  -1.6726831e+04
   7.6400000e+02   1.0823195e+04   5.3883218e+03
   7.6500000e+02   2.6008903e+04   2.4566934e+04
   7.6600000e+02  -1.5012522e+03   5.1901343e+03
   7.6700000e+02  -3.4067029e+04  -8.1340586e+03
   7.6800000e+02  -9.1159648e+03   7.2304503e+03
   7.6900000e+02   3.5280885e+04   1.4184967e+04
   7.7000000e+02   3.5746412e+04  -3.8937671e+03
   7.7100000e+02  -1.7791464e+03  -1.8233427e+04
   7.7200000e+02  -2.6992426e+04  -8.8693907e+03
   7.7300000e+02  -1.2142504e+04   2.1497541e+03
   7.7400000e+02   8.0047066e+03  -6.1455698e+03
   7.7500000e+02   7.3435624e+02  -1.2310827e+04
   7.7600000e+02  -1.1581587e+04  -5.7104026e+03
   7.7700000e+02  -1.0648232e+04  -9.0700023e+03
   7.7800000e+02  -1.2097252e+04  -1.0007989e+04
   7.7900000e+02  -1.0310017e+04   3.1715342e+03
   7.8000000e+02   4.1670365e+03   4.2212337e+03
   7.8100000e+02   7.2233723e+03   3.0371261e+03
   7.8200000e+02   2.2099522e+03   1.1823515e+04
   7.8300000e+02   7.4509732e+03   7.2406205e+03
   7.8400000e+02   1.4045599e+04  -4.4851068e+03
   7.8500000e+02   1.5563570e+04  -3.4721172e+03
   7.8600000e+02   3.7096894e+03   3.0977620e+03
   7.8700000e+02  -1.0795411e+04   7.4126277e+03
   7.8800000e+02  -5.4450920e+03   8.2886311e+03
   7.8900000e+02   1.2842502e+03  -8.6260903e+03
   7.9000000e+02  -3.3769849e+03  -3.2229940e+04
   7.9100000e+02   2.5070144e+02  -2.4781394e+04
   7.9200000e+02   1.2270306e+04  -4.7686811e+03
   7.9300000e+02   7.0622555e+03  -1.7341500e+01
   7.9400000e+02  -1.0628774e+04  -3.2130900e+01
   7.9500000e+02  -1.0724151e+04  -1.0591844e+04
   7.9600000e+02  -3.0284661e+02  -1.4142702e+04
   7.9700000e+02   1.2285934e+04   7.1121492e+03
   7.9800000e+02   2.7073493e+04   1.8448161e+04
   7.9900000e+02   1.9931230e+04   9.6903826e+03
   8.0000000e+02   6.2585000e+03  -6.4636581e+03
   8.0100000e+02   1.1916326e+04  -2.0215992e+04
   8.0200000e+02   1.1438430e+04  -5.1792362e+03
   8.0300000e+02  -2.0266656e+03   2.7446853e+04
   8.0400000e+02  -9.0511743e+03   2.3081200e+04
   8.0500000e+02  -1.0499202e+04  -1.7114472e+04
   8.0600000e+02  -2.9845337e+03  -2.6563963e+04
   8.0700000e+02   1.0346126e+04   2.5757567e+03
   8.0800000e+02  -9.8204555e+02   1.6216360e+04
   8.0900000e+02  -2.1354650e+04   4.6044270e+03
   8.1000000e+02  -1.0438379e+04  -9.5787528e+03
   8.1100000e+02   3.7287680e+03  -5.1767548e+03
   8.1200000e+02   2.8605211e+03   1.8681165e+04
   8.1300000e+02   7.9953318e+03   2.8218153e+04
   8.1400000e+02   7.0351150e+03   1.6100645e+04
   8.1500000e+02   1.1623047e+03   1.8639530e+03
   8.1600000e+02   6.9108660e+03  -7.0609145e+03
   8.1700000e+02   1.0166681e+04   3.1044528e+03
   8.1800000e+02   6.7904393e+03   2.6871544e+04
   8.1900000e+02   7.0159266e+03   2.0501579e+04
   8.2000000e+02   5.1881390e+03  -2.0544589e+04
   8.2100000e+02  -3.3508312e+03  -3.7862400e+04
   8.2200000e+02  -6.3767208e+03  -1.5221621e+04
   8.2300000e+02  -1.1604581e+03   3.7622241e+03
   8.2400000e+02  -3.8556846e+03   4.7686126e+03
   8.2500000e+02  -2.1350490e+04  -7.2946476e+02
   8.2600000e+02  -3.4827002e+04  -4.6602024e+03
   8.2700000e+02  -1.6720534e+04  -1.5275586e+03
   8.2800000e+02   1.2084600e+04   4.9237398e+03
   8.2900000e+02   6.3561396e+03   1.7066579e+04
   8.3000000e+02  -1.4319360e+04   2.6954155e+04
   8.3100000e+02  -1.3279939e+04   1.8514029e+04
   8.3200000e+02  -5.2041760e+02   7.5214309e+03
   8.3300000e+02   8.2168561e+03   3.5530250e+03
   8.3400000e+02   9.5886488e+03  -8.5684123e+03
   8.3500000e+02   2.2586603e+03  -1.6908912e+04
   8.3600000e+02  -4.9029559e+03  -4.3921035e+03
   8.3700000e+02   3.5315010e+01   7.1853551e+03
   8.3800000e+02   5.4386266e+03   9.8632369e+02
   8.3900000e+02  -5.7435731e+03  -1.3038900e+04
   8.4000000e+02  -2.1680804e+04  -2.2759186e+04
   8.4100000e+02  -1.9385080e+04  -1.0795950e+04
   8.4200000e+02  -3.5714406e+02   1.0612558e+04
   8.4300000e+02  -1.3281934e+02   3.2305558e+03
   8.4400000e+02  -2.1633090e+04  -1.5599225e+04
   8.4500000e+02  -1.6904094e+04  -1.1808881e+04
   8.4600000e+02   9.0098407e+03   4.2382602e+03
   8.4700000e+02   1.3826483e+04   2.2892219e+04
   8.4800000e+02   5.5687764e+03   2.7745863e+04
   8.4900000e+02   5.5394797e+03  -3.8533904e+03
   8.5000000e+02   2.4959132e+03  -3.0439655e+04
   8.5100000e+02  -9.3363142e+03  -5.8485773e+03
   8.5200000e+02  -2.8620129e+03   2.0717954e+04
   8.5300000e+02   2.0184896e+04   2.8406044e+03
   8.5400000e+02   2.4462489e+04  -1.3311943e+04
   8.5500000e+02   6.1595638e+03   4.3283917e+03
   8.5600000e+02  -2.2156482e+04   2.1025336e+04
   8.5700000e+02  -3.1936220e+04   9.4904196e+03
   8.5800000e+02  -4.4959821e+03  -2.2422963e+04
   8.5900000e+02   1.8306923e+04  -3.6683295e+04
   8.6000000e+02   1.4800946e+04  -5.5547864e+03
   8.6100000e+02   4.5040352e+03   2.6520697e+04
   8.6200000e+02  -3.9900844e+03   1.4713882e+04
   8.6300000e+02   2.0890362e+03  -1.2619350e+04
   8.6400000e+02   1.4331406e+04  -2.7403230e+04
   8.6500000e+02   9.7528767e+03  -2.0355112e+04
   8.6600000e+02   2.8947145e+03   1.0460989e+04
   8.6700000e+02   4.0088450e+03   2.0527890e+04
   8.6800000e+02   2.2619816e+03  -1.9089813e+03
   8.6900000e+02   3.5598352e+03  -8.0025125e+03
   8.7000000e+02  -2.4592223e+02   2.4764815e+03
   8.7100000e+02  -1.8588371e+04   4.2536697e+03
   8.7200000e+02  -1.3845344e+04   4.7019435e+02
   8.7300000e+02   1.6443412e+04  -4.9885400e+03
   8.7400000e+02   2.2364205e+04  -2.0542682e+03
   8.7500000e+02   9.5672445e+03   5.2201806e+03
   8.7600000e+02   7.2660556e+03  -4.2602554e+03
   8.7700000e+02   6.7615250e+03  -1.2399344e+04
   8.7800000e+02   1.0090561e+04  -3.3641851e+02
   8.7900000e+02   1.9025693e+04   3.4019054e+03
   8.8000000e+02   7.1950152e+03  -3.1089419e+03
   8.8100000e+02  -1.1483863e+04   9.2094121e+03
   8.8200000e+02   3.2533748e+03   1.7125805e+04
   8.8300000e+02   2.3010863e+04  -2.2363629e+03
   8.8400000e+02   1.3524375e+04  -1.4572150e+04
   8.8500000e+02  -5.0285368e+03  -5.2516488e+03
   8.8600000e+02  -2.2685233e+04   6.7749039e+03
   8.8700000e+02  -2.3109548e+04   9.8142251e+03
   8.8800000e+02   4.0874150e+03   6.2631922e+01
   8.8900000e+02   1.5134035e+04  -6.1976733e+03
   8.9000000e+02  -7.3816001e+02  -1.7722037e+03
   8.9100000e+02  -9.7871100e+03  -7.5808909e+03
   8.9200000e+02  -1.0233510e+04  -9.3949463e+03
   8.9300000e+02  -7.4559910e+03   1.0339919e+04
   8.9400000e+02   4.4178350e+02   1.0945588e+04
   8.9500000e+02   1.0707513e+03  -7.3800285e+03
   8.9600000e+02  -8.3453447e+02   2.4300326e+03
   8.9700000e+02   8.3872544e+03   1.2337983e+04
   8.9800000e+02   1.0264288e+04  -6.1168833e+03
   8.9900000e+02  -3.7698307e+03  -8.3816918e+03
   9.0000000e+02  -1.5101104e+04   1.1072409e+04
   9.0100000e+02  -1.7204657e+04   1.5751347e+04
   9.0200000e+02  -6.7668540e+03   2.7229807e+03
   9.0300000e+02   6.4709829e+03  -1.5987688e+04
   9.0400000e+02   2.4322679e+03  -2.1448086e+04
   9.0500000e+02  -9.0876541e+03  -5.6095674e+02
   9.0600000e+02  -1.5852280e+04   1.7588835e+04
   9.0700000e+02  -1.6135837e+04   1.1092407e+04
   9.0800000e+02  -6.6303144e+02  -1.6165608e+03
   9.0900000e+02   1.1386599e+04  -1.0211904e+04
   9.1000000e+02  -1.2516147e+04  -4.3903892e+03
   9.1100000e+02  -3.5087743e+04   1.7977279e+04
   9.1200000e+02  -4.8404548e+03   1.9234108e+04
   9.1300000e+02   2.9316923e+04   2.6461177e+03
   9.1400000e+02   1.3493937e+04   3.2400941e+03
   9.1500000e+02  -1.8936739e+04   1.7028391e+03
   9.1600000e+02  -2.5284926e+04  -7.1027473e+03
   9.1700000e+02   1.1732754e+03   6.1321574e+02
   9.1800000e+02   2.2464492e+04   5.1143783e+03
   9.1900000e+02   8.0800731e+03  -9.3186585e+03
   9.2000000e+02  -5.3157259e+03  -1.7609631e+04
   9.2100000e+02   2.3017080e+03  -4.9726787e+03
   9.2200000e+02   9.6654345e+03   1.2733186e+04
   9.2300000e+02   1.4291731e+04   1.4227640e+04
   9.2400000e+02   1.2501960e+04  -2.7886345e+02
   9.2500000e+02  -8.7250384e+03  -9.2899448e+03
   9.2600000e+02  -2.9085401e+04  -3.3874149e+03
   9.2700000e+02  -1.3884087e+04   4.4794954e+03
   9.2800000e+02   1.4496157e+04   1.1414443e+04
   9.2900000e+02   1.2653679e+04   1.8406041e+04
   9.3000000e+02  -1.0255871e+04   1.2389786e+04
   9.3100000e+02  -2.2099491e+04  -4.3637832e+02
   9.3200000e+02  -1.7069261e+03   6.1499083e+02
   9.3300000e+02   2.8404132e+04   6.2862240e+03
   9.3400000e+02   1.7180060e+04  -1.0021438e+03
   9.3500000e+02  -2.1402309e+04  -5.9128896e+03
   9.3600000e+02  -2.9146200e+04  -3.9655000e+01
   9.3700000e+02  -7.3743316e+02  -3.8427662e+03
   9.3800000e+02   1.7368316e+04  -1.4270559e+04
   9.3900000e+02   5.2657335e+03  -1.6582911e+04
   9.4000000e+02  -1.0412823e+04  -6.3642689e+03
   9.4100000e+02  -8.1893023e+03   1.4513263e+04
   9.4200000e+02   8.5441245e+03   9.2925795e+03
   9.4300000e+02   1.5209657e+04  -2.1881299e+04
   9.4400000e+02   7.8643220e+03  -1.8560432e+04
   9.4500000e+02   1.2915854e+04   1.3442861e+04
   9.4600000e+02   1.9152862e+04   2.2771970e+04
   9.4700000e+02   1.0912423e+04   1.1094152e+03
   9.4800000e+02   3.9212176e+03  -2.6598903e+04
   9.4900000e+02   9.4107688e+02  -2.1955391e+04
   9.5000000e+02   2.0594750e+03   8.8327040e+03
   9.5100000e+02   5.9524069e+03   1.1861462e+04
   9.5200000e+02   6.8099939e+03  -1.4163156e+04
   9.5300000e+02   8.7238449e+03  -2.5539165e+04
   9.5400000e+02   4.8292246e+03  -1.6673377e+04
   9.5500000e+02  -1.0894402e+04  -2.9846911e+03
   9.5600000e+02  -1.6719123e+04   6.9514950e+03
   9.5700000e+02   2.7859724e+02  -8.6553080e+02
   9.5800000e+02   1.0615732e+04  -1.4205826e+04
   9.5900000e+02   7.5355096e+02  -9.5435200e+03
   9.6000000e+02  -4.8549705e+03  -1.2079147e+03
   9.6100000e+02  -3.2607688e+03   1.4104944e+03
   9.6200000e+02  -1.7088806e+03   4.9337102e+03
   9.6300000e+02  -3.6465039e+03  -3.5986025e+02
   9.6400000e+02  -8.2360031e+03  -6.5318901e+03
   9.6500000e+02   6.0869973e+03   3.5660831e+03
   9.6600000e+02   2.2441289e+04   9.5562248e+03
   9.6700000e+02   6.5722333e+03  -3.1041171e+03
   9.6800000e+02  -1.0047734e+04  -9.0547300e+03
   9.6900000e+02   8.7174240e+02   6.9728835e+02
   9.7000000e+02   5.8283074e+03   9.6107985e+03
   9.7100000e+02  -6.4676236e+03   1.2639790e+04
   9.7200000e+02  -2.3472643e+03   9.4585425e+03
   9.7300000e+02   8.9886569e+03   8.4119017e+03
   9.7400000e+02  -4.0754358e+02   1.2120684e+04
   9.7500000e+02  -1.0722281e+04   1.9208135e+03
   9.7600000e+02  -1.0244639e+04  -1.1642982e+04
   9.7700000e+02  -1.1297925e+04  -3.9061377e+03
   9.7800000e+02  -1.5695704e+04   1.0775938e+04
   9.7900000e+02  -1.1106205e+04   1.0608967e+04
   9.8000000e+02   1.5587291e+04  -4.4667347e+02
   9.8100000e+02   3.0268546e+04  -6.3329025e+03
   9.8200000e+02  -2.9781915e+03  -5.0004479e+03
   9.8300000e+02  -3.2556369e+04  -4.8756537e+03
   9.8400000e+02  -2.4743294e+03  -2.9426517e+03
   9.8500000e+02   3.9026180e+04   5.4663524e+03
   9.8600000e+02   2.8290206e+04   1.6897134e+04
   9.8700000e+02  -7.9624878e+03   2.3299410e+04
   9.8800000e+02  -2.4458923e+04   1.8245956e+04
   9.8900000e+02  -1.1838881e+04   6.0012451e+03
   9.9000000e+02   1.1177149e+04  -1.9200938e+03
   9.9100000e+02   2.2727373e+02   6.2754706e+03
   9.9200000e+02  -2.6164229e+04   2.0251059e+04
   9.9300000e+02  -1.2393593e+04   1.1599737e+04
   9.9400000e+02   1.4587449e+04  -5.7123667e+03
   9.9500000e+02   1.1092379e+04   1.5359252e+03
   9.9600000e+02  -1.1563486e+04   7.1475136e+03
   9.9700000e+02  -2.0505476e+04  -1.2794135e+04
   9.9800000e+02  -1.5980387e+03  -2.0370294e+04
   9.9900000e+02   1.4164723e+04  -4.2851207e+03
   1.0000000e+03  -5.6554711e+02   5.8773898e+03
   1.0010000e+03  -2.0547513e+04   5.8947587e+03
   1.0020000e+03  -1.6587958e+04   4.2911768e+03
   1.0030000e+03   1.6311703e+03   8.9287403e+03
   1.0040000e+03   1.7376603e+04   1.3610231e+04
   1.0050000e+03   1.1706852e+04  -2.7098849e+03
   1.0060000e+03  -2.3815305e+04  -1.6957102e+04
   1.0070000e+03  -3.2895683e+04  -2.2856532e+03
   1.0080000e+03   4.9035022e+03   8.2883307e+03
   1.0090000e+03   1.5774589e+04  -1.8623391e+02
   1.0100000e+03  -9.2926830e+03  -6.9913403e+03
   1.0110000e+03  -1.6789054e+04  -1.9069473e+04
   1.0120000e+03  -8.9045224e+03  -2.6247015e+04
   1.0130000e+03  -8.8094761e+02  -5.2654361e+03
   1.0140000e+03   1.5094313e+04   4.6700240e+03
   1.0150000e+03   2.6492905e+04  -1.3009538e+04
   1.0160000e+03   1.1016619e+04  -1.2641752e+04
   1.0170000e+03  -1.4097678e+04   2.2351854e+03
   1.0180000e+03  -1.1964095e+04   3.4662989e+03
   1.0190000e+03   1.6561596e+04  -1.0185644e+03
   1.0200000e+03   2.8843511e+04  -3.0466391e+03
   1.0210000e+03   1.8768682e+03   3.1074274e+03
   1.0220000e+03  -1.9956297e+04   1.4075664e+04
   1.0230000e+03  -3.7917431e+03   6.8287741e+03
   1.0240000e+03   1.3488859e+04  -1.7808292e+04
   1.0250000e+03   3.9297793e+03  -2.5611439e+04
   1.0260000e+03  -1.5111505e+04  -8.3149564e+03
   1.0270000e+03  -1.3017126e+04   8.0935453e+03
   1.0280000e+03   1.4407820e+04   8.2986786e+03
   1.0290000e+03   2.7681467e+04  -1.4454591e+04
   1.0300000e+03   5.4239865e+03  -3.0086507e+04
   1.0310000e+03  -1.5200923e+04   5.6173250e+01
   1.0320000e+03  -1.2808406e+03   2.1422067e+04
   1.0330000e+03   2.1732427e+04  -1.4659833e+03
   1.0340000e+03   1.8878947e+04  -1.0975273e+04
   1.0350000e+03  -6.4090242e+03  -9.9768595e+02
   1.0360000e+03  -2.3843587e+04  -7.6055893e+02
   1.0370000e+03  -1.6845652e+03   3.8855442e+02
   1.0380000e+03   2.9748202e+04   3.4801371e+03
   1.0390000e+03   1.5235559e+04   1.7035348e+03
   1.0400000e+03  -1.4107270e+04  -8.0822813e+02
   1.0410000e+03  -1.2434574e+04  -6.1284133e+03
   1.0420000e+03   2.8440352e+03  -7.7426440e+03
   1.0430000e+03   1.2282186e+04   1.9555363e+03
   1.0440000e+03   1.1239673e+04   2.3019028e+03
   1.0450000e+03  -1.2543395e+03  -2.5398539e+03
   1.0460000e+03  -2.6404578e+03   1.5438448e+04
   1.0470000e+03   1.6586511e+04   1.9071315e+04
   1.0480000e+03   1.8220559e+04  -9.9259347e+03
   1.0490000e+03  -6.6089530e+03  -1.2572536e+04
   1.0500000e+03  -1.8000634e+04   1.0153940e+04
   1.0510000e+03  -4.7897127e+03   1.2225953e+04
   1.0520000e+03   2.1456751e+04   3.7093678e+03
   1.0530000e+03   3.4538383e+04   5.8212972e+03
   1.0540000e+03   1.0033095e+04   1.3418587e+04
   1.0550000e+03  -2.0324125e+04   1.5107484e+04
   1.0560000e+03  -2.3567196e+04   3.2281439e+03
   1.0570000e+03  -5.3544791e+03  -6.8547565e+03
   1.0580000e+03   1.5860398e+04   5.9197144e+03
   1.0590000e+03   1.4895335e+04   1.3557394e+04
   1.0600000e+03  -3.7687612e+03  -3.2203927e+03
   1.0610000e+03  -1.4596282e+04  -3.8530188e+03
   1.0620000e+03  -1.5834027e+04   1.1348050e+04
   1.0630000e+03  -7.3695175e+03   8.6229155e+03
   1.0640000e+03   1.2782752e+04  -3.5142132e+03
   1.0650000e+03   8.9299435e+03  -1.2083181e+04
   1.0660000e+03  -3.2738339e+04  -3.0740364e+03
   1.0670000e+03  -4.0464257e+04   1.8182503e+04
   1.0680000e+03   4.5710071e+03   1.2685128e+04
   1.0690000e+03   1.8115456e+04  -5.9820934e+03
   1.0700000e+03  -9.8086623e+03  -1.8897107e+03
   1.0710000e+03  -2.2265651e+04   5.0975699e+03
   1.0720000e+03  -2.0515280e+04  -9.7369040e+02
   1.0730000e+03  -1.3425984e+04  -2.0947603e+03
   1.0740000e+03   6.3450935e+03   3.9467628e+03
   1.0750000e+03   1.0004302e+04   1.0300254e+04
   1.0760000e+03  -6.5187268e+03   1.7527463e+04
   1.0770000e+03  -5.1223213e+03   9.6221647e+03
   1.0780000e+03   4.6161818e+03  -1.2639436e+04
   1.0790000e+03   1.9719701e+03  -1.6673045e+04
   1.0800000e+03  -4.4946717e+03  -4.5861473e+03
   1.0810000e+03  -1.7365656e+04  -3.4994861e+03
   1.0820000e+03  -1.8449532e+04  -1.1246300e+04
   1.0830000e+03  -2.1250641e+01  -9.9453651e+03
   1.0840000e+03   2.9691754e+03   4.4119450e+03
   1.0850000e+03  -1.0985762e+04   1.1778370e+04
   1.0860000e+03  -2.0204927e+04  -4.3667674e+03
   1.0870000e+03  -1.5829200e+04  -1.9857337e+04
   1.0880000e+03   3.0358393e+03  -1.0594391e+04
   1.0890000e+03   1.8847098e+04   3.7593010e+03
   1.0900000e+03   1.5187307e+04   1.3570458e+04
   1.0910000e+03   2.1814431e+03   2.2167534e+04
   1.0920000e+03   4.4561888e+03   4.4847916e+03
   1.0930000e+03   1.4857022e+04  -2.2623125e+04
   1.0940000e+03   1.0984162e+04  -1.8424246e+04
   1.0950000e+03   2.7486114e+03  -7.0692671e+03
   1.0960000e+03   3.3031738e+03  -2.7741993e+03
   1.0970000e+03   1.7963186e+04   3.7882378e+03
   1.0980000e+03   2.5412774e+04  -9.6499243e+03
   1.0990000e+03  -1.8006679e+03  -2.5392190e+04
   1.1000000e+03  -1.7208374e+04  -8.9330056e+03
   1.1010000e+03   3.6806801e+03   3.0171081e+03
   1.1020000e+03   7.2302976e+03  -1.1051445e+04
   1.1030000e+03  -7.6003842e+03  -1.1920858e+04
   1.1040000e+03  -5.6972076e+03   8.1460329e+02
   1.1050000e+03   8.5677234e+02   6.9231294e+03
   1.1060000e+03   1.1835159e+03   1.8514884e+04
   1.1070000e+03   4.2615568e+03   1.9517421e+04
   1.1080000e+03   4.5472011e+03   9.0721081e+02
   1.1090000e+03   2.7054082e+03  -1.3984049e+03
   1.1100000e+03   1.0616365e+04   4.1089846e+03
   1.1110000e+03   2.1003840e+04  -7.2833204e+03
   1.1120000e+03   1.8010895e+04  -1.3174682e+04
   1.1130000e+03   9.9423530e+02  -5.8926036e+03
   1.1140000e+03  -5.8686734e+03  -1.8170703e+02
   1.1150000e+03   6.7195338e+03   2.3726412e+03
   1.1160000e+03   9.9592817e+03  -5.8081940e+03
   1.1170000e+03   5.4231563e+03  -1.8583010e+04
   1.1180000e+03   1.0295268e+04  -7.3334123e+03
   1.1190000e+03   7.4546614e+03   1.1485424e+04
   1.1200000e+03  -2.8169013e+03   6.9732420e+03
   1.1210000e+03  -1.6285424e+03   3.9183803e+03
   1.1220000e+03   4.8843085e+03   1.5695182e+04
   1.1230000e+03   2.1134852e+03   1.7746664e+04
   1.1240000e+03   1.7986163e+02   2.1741138e+03
   1.1250000e+03   6.1808557e+03  -1.6580070e+04
   1.1260000e+03  -8.4970102e+02  -9.0201197e+03
   1.1270000e+03  -1.5347343e+04   2.1342325e+04
   1.1280000e+03  -1.8237206e+04   2.0834833e+04
   1.1290000e+03  -1.2652819e+04  -1.2877683e+04
   1.1300000e+03   5.3816717e+03  -2.0990853e+04
   1.1310000e+03   1.9357347e+04   4.9235887e+03
   1.1320000e+03   7.4676493e+03   2.2610559e+04
   1.1330000e+03  -1.0279558e+04   1.3517292e+04
   1.1340000e+03  -1.9033249e+04  -1.1182147e+04
   1.1350000e+03  -2.1557198e+04  -1.8632682e+04
   1.1360000e+03  -6.7137604e+03   8.1802442e+03
   1.1370000e+03   2.2676861e+04   2.9210397e+04
   1.1380000e+03   2.3510511e+04   1.8281419e+04
   1.1390000e+03  -1.3877256e+04  -5.8082046e+03
   1.1400000e+03  -3.0456973e+04  -2.3391793e+04
   1.1410000e+03  -4.4320791e+03  -1.4743358e+04
   1.1420000e+03   2.0698114e+04   5.4422019e+03
   1.1430000e+03   1.1029319e+04   5.8916438e+02
   1.1440000e+03  -1.9163616e+04  -1.1878293e+04
   1.1450000e+03  -2.5685689e+04  -6.0523471e+03
   1.1460000e+03  -7.6341241e+03  -2.9954624e+02
   1.1470000e+03   1.0785468e+03  -1.9374040e+03
   1.1480000e+03  -4.1128150e+01   4.5084609e+03
   1.1490000e+03  -5.5726003e+03   1.1327582e+04
   1.1500000e+03  -1.7236620e+04   1.3516253e+04
   1.1510000e+03  -1.5031781e+04   2.1515264e+04
   1.1520000e+03   9.7891582e+02   1.7353941e+04
   1.1530000e+03   8.9909674e+02   3.5551157e+03
   1.1540000e+03  -8.6465615e+03   7.2038722e+03
   1.1550000e+03  -6.8349197e+03   4.1880597e+03
   1.1560000e+03  -1.8118062e+03  -1.2056875e+04
   1.1570000e+03   6.1730785e+03  -8.0499186e+03
   1.1580000e+03   9.3181422e+03  -1.6318758e+03
   1.1590000e+03  -5.6504980e+03  -1.0597067e+04
   1.1600000e+03  -1.3957156e+04  -1.0775586e+04
   1.1610000e+03  -3.1999846e+03  -6.2198101e+03
   1.1620000e+03   3.3059684e+03  -1.7037020e+03
   1.1630000e+03   4.4472155e+02   1.5955492e+04
   1.1640000e+03   6.2724224e+03   1.3710785e+04
   1.1650000e+03   1.5299415e+04  -1.7788037e+04
   1.1660000e+03   8.4482539e+03  -2.3259768e+04
   1.1670000e+03  -6.8458213e+03   1.9129956e+03
   1.1680000e+03  -2.0882190e+04   2.4074347e+04
   1.1690000e+03  -1.3077903e+04   2.7180306e+04
   1.1700000e+03   2.2011890e+04  -3.9679246e+03
   1.1710000e+03   2.9969301e+04  -3.4126834e+04
   1.1720000e+03   6.6726489e+03  -1.3866365e+04
   1.1730000e+03  -5.8743908e+03   2.2139695e+04
   1.1740000e+03  -6.4227729e+03   2.1405857e+04
   1.1750000e+03   1.0134488e+04  -3.2823589e+03
   1.1760000e+03   2.4482815e+04  -1.6102281e+04
   1.1770000e+03   4.8803076e+03  -5.6459046e+03
   1.1780000e+03  -1.4370697e+04   1.3327634e+04
   1.1790000e+03  -4.2648548e+03   7.0828836e+03
   1.1800000e+03   1.1702826e+04  -2.4627982e+04
   1.1810000e+03   1.4047293e+04  -3.5468468e+04
   1.1820000e+03   4.6872359e+03  -1.5046439e+04
   1.1830000e+03  -1.1660573e+04   1.0616277e+04
   1.1840000e+03  -1.3695692e+04   1.6717777e+04
   1.1850000e+03   9.4751294e+03  -1.4071260e+04
   1.1860000e+03   1.8592196e+04  -3.8746843e+04
   1.1870000e+03   7.2570034e+03  -1.0145890e+04
   1.1880000e+03   1.9256824e+03   2.6156346e+04
   1.1890000e+03  -6.5526709e+03   2.2261143e+04
   1.1900000e+03  -7.0852828e+03   2.5462898e+03
   1.1910000e+03   4.1342261e+03  -7.7515767e+03
   1.1920000e+03  -3.8237871e+03  -6.7260673e+03
   1.1930000e+03  -1.2635002e+04   8.1256638e+03
   1.1940000e+03   1.7198332e+03   1.4448887e+04
   1.1950000e+03   1.2858275e+04  -2.1884137e+03
   1.1960000e+03   1.0407900e+04  -1.4391208e+04
   1.1970000e+03   7.1677998e+03  -1.8404469e+04
   1.1980000e+03  -4.6103870e+03  -1.9233676e+04
   1.1990000e+03  -1.6278989e+04  -2.9522940e+03
   1.2000000e+03  -1.9903625e+03   8.6537807e+03
   1.2010000e+03   1.9624344e+04   1.8026890e+02
   1.2020000e+03   2.1688470e+04  -3.5475925e+03
   1.2030000e+03   3.7845476e+03   2.4111463e+03
   1.2040000e+03  -1.5939544e+04   7.0587345e+03
   1.2050000e+03  -6.6610075e+03   9.6739031e+03
   1.2060000e+03   8.1168186e+03   5.9988724e+03
   1.2070000e+03  -4.8022654e+03   1.8751071e+03
   1.2080000e+03  -9.4335439e+03   1.0968286e+04
   1.2090000e+03  -1.2961516e+02   1.2300422e+04
   1.2100000e+03  -8.6888916e+03  -6.4045783e+03
   1.2110000e+03  -9.0283272e+03  -1.1184877e+04
   1.2120000e+03   1.4078692e+04   9.3423590e+01
   1.2130000e+03   1.4235014e+04   4.8429185e+03
   1.2140000e+03  -1.3528461e+04   6.0004873e+03
   1.2150000e+03  -2.7819343e+04   1.4536477e+03
   1.2160000e+03  -1.6945436e+04  -6.0715032e+03
   1.2170000e+03   1.4413111e+04  -5.7184252e+03
   1.2180000e+03   2.8382933e+04  -1.1344642e+03
   1.2190000e+03  -7.7136659e+03   4.7800435e+03
   1.2200000e+03  -2.6695513e+04   5.0100045e+03
   1.2210000e+03   6.6727130e+03  -5.7541059e+03
   1.2220000e+03   1.7749856e+04  -5.4955281e+03
   1.2230000e+03  -7.8115392e+03   1.7811331e+04
   1.2240000e+03  -1.1082496e+04   2.7063938e+04
   1.2250000e+03   6.4722058e+03   7.6701229e+03
   1.2260000e+03   6.0079136e+03  -5.7801388e+02
   1.2270000e+03  -1.1183644e+04   5.9660748e+03
   1.2280000e+03  -1.7400735e+04   1.0508972e+04
   1.2290000e+03   8.9283714e+03   1.7975814e+04
   1.2300000e+03   3.4966573e+04   8.4827294e+03
   1.2310000e+03   8.8606591e+02  -1.3379085e+04
   1.2320000e+03  -4.5332722e+04  -6.9692059e+03
   1.2330000e+03  -2.4109079e+04   1.2534323e+04
   1.2340000e+03   2.3420562e+04   9.3675656e+03
   1.2350000e+03   3.6158122e+04  -5.5165311e+03
   1.2360000e+03   1.2968774e+04  -1.1800027e+04
   1.2370000e+03  -1.9297749e+04  -2.7044321e+03
   1.2380000e+03  -1.6972430e+04   1.6953199e+04
   1.2390000e+03   1.4255299e+04   1.5565890e+04
   1.2400000e+03   2.0140946e+04  -1.1668609e+04
   1.2410000e+03   3.0642989e+03  -2.0377845e+04
   1.2420000e+03  -5.2994335e+03  -5.9253631e+03
   1.2430000e+03  -1.7758992e+04   6.8748559e+03
   1.2440000e+03  -2.4723395e+04   1.3776472e+04
   1.2450000e+03  -3.9911398e+03   4.2031450e+03
   1.2460000e+03   3.3528059e+03  -1.5025648e+04
   1.2470000e+03  -1.4822035e+04  -1.9336562e+04
   1.2480000e+03  -2.1439263e+04  -9.6661260e+03
   1.2490000e+03  -1.7925260e+04  -1.4153243e+03
   1.2500000e+03  -8.0510209e+03  -2.9522642e+03
   1.2510000e+03   6.6733677e+03  -5.8887331e+03
   1.2520000e+03   5.3512720e+03  -1.0652562e+03
   1.2530000e+03   1.1037568e+03   6.4537739e+03
   1.2540000e+03   1.1861388e+04   5.8195506e+03
   1.2550000e+03   1.3150081e+04  -5.1742308e+03
   1.2560000e+03  -1.2201997e+02  -5.2211116e+03
   1.2570000e+03  -1.3910221e+03   8.7438394e+03
   1.2580000e+03   5.4662205e+03   1.0531929e+04
   1.2590000e+03   1.3659918e+04   9.0133397e+02
   1.2600000e+03   2.5339396e+04  -8.2759105e+03
   1.2610000e+03   1.3140501e+04  -1.7785808e+04
   1.2620000e+03  -1.9422515e+04  -2.0766130e+04
   1.2630000e+03  -3.3013840e+04  -1.2631053e+04
   1.2640000e+03  -1.6671570e+04  -3.4214483e+03
   1.2650000e+03   1.4473398e+04  -6.9319235e+03
   1.2660000e+03   1.9011366e+04  -1.8797772e+04
   1.2670000e+03  -1.2881092e+04  -1.7592230e+04
   1.2680000e+03  -2.2723948e+04  -4.3074592e+03
   1.2690000e+03   9.3438356e+03   6.4577719e+02
   1.2700000e+03   3.2937137e+04   3.7704172e+03
   1.2710000e+03   1.7574714e+04   1.1890922e+04
   1.2720000e+03  -1.1100532e+04   4.1191075e+03
   1.2730000e+03  -1.5405207e+04  -7.4172650e+03
   1.2740000e+03   1.2568850e+04   2.7677681e+03
   1.2750000e+03   3.7596807e+04   1.1441901e+04
   1.2760000e+03   1.9011293e+04   3.5885725e+03
   1.2770000e+03  -1.4445084e+04  -5.2642617e+03
   1.2780000e+03  -1.5507240e+04  -1.3689013e+04
   1.2790000e+03  -2.2777291e+03  -1.6254390e+04
   1.2800000e+03   9.7175871e+02   4.8639109e+03
   1.2810000e+03  -2.4874680e+03   3.0019213e+04
   1.2820000e+03  -6.0198453e+03   2.1009364e+04
   1.2830000e+03   3.9627570e+03  -6.8666354e+03
   1.2840000e+03   2.3548310e+04  -1.8480106e+04
   1.2850000e+03   2.2388935e+04  -4.5655724e+03
   1.2860000e+03  -5.2198484e+03   2.3694599e+04
   1.2870000e+03  -2.2457358e+04   2.5753643e+04
   1.2880000e+03  -5.6560640e+03   1.7606674e+03
   1.2890000e+03   2.4053488e+04  -4.0030758e+03
   1.2900000e+03   2.9017696e+04  -8.8356929e+02
   1.2910000e+03   5.1665681e+03  -1.3312267e+03
   1.2920000e+03  -5.1125744e+03   5.1785184e+03
   1.2930000e+03   5.5198860e+03   1.3944553e+03
   1.2940000e+03   7.8998445e+02  -6.0550153e+03
   1.2950000e+03  -1.1279216e+04   5.4444023e+03
   1.2960000e+03  -6.6767386e+03   1.7203887e+04
   1.2970000e+03   5.9085739e+03   1.5251874e+04
   1.2980000e+03   1.3473846e+04   9.7243335e+03
   1.2990000e+03   8.3875089e+03  -3.4054369e+03
   1.3000000e+03  -9.0787049e+03  -1.1751975e+04
   1.3010000e+03  -1.9867226e+04   9.1897557e+03
   1.3020000e+03  -1.0349880e+04   2.4129292e+04
   1.3030000e+03  -3.9433799e+02   7.0055431e+03
   1.3040000e+03  -2.6929261e+03  -7.1727266e+03
   1.3050000e+03  -6.2860743e+03  -1.7124366e+04
   1.3060000e+03  -9.3827786e+03  -2.5241086e+04
   1.3070000e+03  -4.6516137e+03  -3.3390468e+03
   1.3080000e+03  -2.0670587e+03   1.6997945e+04
   1.3090000e+03  -1.9095183e+04  -7.8584940e+01
   1.3100000e+03  -2.0099995e+04  -1.5296944e+04
   1.3110000e+03   4.5124076e+03  -4.4635143e+03
   1.3120000e+03   8.3543876e+03   1.4574142e+04
   1.3130000e+03  -1.2308140e+04   2.9467227e+04
   1.3140000e+03  -2.4955517e+04   1.7825357e+04
   1.3150000e+03  -1.9613761e+04  -1.0972412e+04
   1.3160000e+03   3.3815800e+01  -8.6923124e+03
   1.3170000e+03   2.1838186e+04   1.0606765e+04
   1.3180000e+03   1.1629589e+04   9.8221015e+03
   1.3190000e+03  -2.2522852e+04  -2.4525063e+03
   1.3200000e+03  -1.8093287e+04  -1.6717929e+04
   1.3210000e+03   1.8143867e+04  -1.7586557e+04
   1.3220000e+03   2.3443197e+04   2.2501983e+03
   1.3230000e+03  -5.9566287e+03   6.9604547e+03
   1.3240000e+03  -2.2701250e+04  -1.7250730e+04
   1.3250000e+03  -3.3613492e+03  -2.6398364e+04
   1.3260000e+03   7.1487210e+03   2.4623482e+03
   1.3270000e+03  -2.2763398e+04   2.3256641e+04
   1.3280000e+03  -3.5284410e+04   3.1533046e+03
   1.3290000e+03   2.4832792e+03  -2.5772617e+04
   1.3300000e+03   2.9559343e+04  -2.3322231e+04
   1.3310000e+03   8.0094111e+03   8.9650144e+03
   1.3320000e+03  -2.0332881e+04   2.2640779e+04
   1.3330000e+03  -1.6719622e+04  -3.0840894e+03
   1.3340000e+03   9.3637799e+03  -2.2278418e+04
   1.3350000e+03   1.9498232e+04  -8.1642826e+03
   1.3360000e+03   4.7369090e+01   1.4071926e+04
   1.3370000e+03  -1.8301389e+03   9.1771633e+03
   1.3380000e+03   2.1844984e+04  -1.7388314e+04
   1.3390000e+03   2.4080306e+04  -1.8406864e+04
   1.3400000e+03   1.4662121e+04   5.8655899e+03
   1.3410000e+03   5.6842546e+03   1.1838638e+04
   1.3420000e+03  -1.6249598e+04   1.6497106e+03
   1.3430000e+03  -1.4946075e+04  -2.2480011e+03
   1.3440000e+03   1.9974838e+04  -6.3192896e+03
   1.3450000e+03   3.3121095e+04  -3.7279587e+03
   1.3460000e+03   6.5637087e+03   1.2451075e+04
   1.3470000e+03  -2.2537838e+04   3.7203445e+03
   1.3480000e+03  -2.4569954e+04  -1.8177804e+04
   1.3490000e+03   1.9003418e+03   1.9286795e+03
   1.3500000e+03   2.7048051e+04   2.1831489e+04
   1.3510000e+03   1.9540711e+04  -1.9443606e+03
   1.3520000e+03  -1.0124087e+03  -1.9391638e+04
   1.3530000e+03  -6.8875038e+03  -1.0296188e+04
   1.3540000e+03  -5.0947192e+03   2.0155847e+03
   1.3550000e+03   3.5487997e+03   1.1613970e+04
   1.3560000e+03   1.6529769e+04   9.5761177e+03
   1.3570000e+03   1.7986741e+04  -1.7535553e+03
   1.3580000e+03   1.6129698e+04  -5.1800122e+03
   1.3590000e+03   1.8878678e+04  -4.9871955e+03
   1.3600000e+03   4.9037406e+03   5.7663490e+03
   1.3610000e+03  -1.5411373e+04   3.0255070e+04
   1.3620000e+03  -4.7538246e+03   1.7192943e+04
   1.3630000e+03   1.6066961e+04  -2.9014895e+04
   1.3640000e+03   1.6619376e+04  -3.3541850e+04
   1.3650000e+03   7.4373293e+03  -2.4773584e+03
   1.3660000e+03  -7.6260873e+03   1.7051661e+04
   1.3670000e+03  -1.5785422e+04   1.7197053e+04
   1.3680000e+03  -1.4653127e+04  -6.0275656e+03
   1.3690000e+03  -2.3536718e+04  -2.6910394e+04
   1.3700000e+03  -1.3915694e+04  -1.0888012e+04
   1.3710000e+03   2.3205710e+04   1.4958207e+04
   1.3720000e+03   2.7247501e+04   1.8883661e+04
   1.3730000e+03  -1.1071912e+04   1.1690153e+04
   1.3740000e+03  -3.2779938e+04  -9.2727096e+02
   1.3750000e+03  -1.8201182e+04  -8.9375203e+03
   1.3760000e+03   4.7910947e+03   6.9366421e+03
   1.3770000e+03   1.2868030e+04   2.1338172e+04
   1.3780000e+03   3.8942670e+02   1.1956485e+04
   1.3790000e+03  -8.1834005e+03  -2.2982332e+03
   1.3800000e+03  -1.6752881e+03  -1.3923637e+04
   1.3810000e+03  -7.2462762e+03  -1.3315798e+04
   1.3820000e+03  -1.2366333e+04   3.4533810e+03
   1.3830000e+03   5.0812139e+02   7.7656263e+03
   1.3840000e+03   4.7301398e+02  -2.3226460e+03
   1.3850000e+03  -1.0265883e+04  -4.0453742e+03
   1.3860000e+03  -6.1499060e+03  -5.2152932e+03
   1.3870000e+03   2.2210042e+03  -1.2928770e+04
   1.3880000e+03   3.7734142e+03  -2.1663093e+03
   1.3890000e+03   1.2834438e+02   2.1541396e+04
   1.3900000e+03  -1.3271527e+04   1.7675604e+04
   1.3910000e+03  -1.7337416e+04  -3.7278256e+03
   1.3920000e+03   6.9996707e+03  -7.9056869e+03
   1.3930000e+03   1.6469155e+04   5.9043380e+03
   1.3940000e+03  -9.2494747e+03   1.8383838e+04
   1.3950000e+03  -2.2826292e+04   7.0306099e+03
   1.3960000e+03  -5.8945501e+03  -9.1020570e+03
   1.3970000e+03   1.7528435e+04  -2.4124640e+03
   1.3980000e+03   9.9430401e+03   5.7046689e+02
   1.3990000e+03  -1.9321451e+04  -3.5943588e+03
   1.4000000e+03  -1.3179957e+04   5.0582281e+03
   1.4010000e+03   5.9566875e+03   1.3138595e+03
   1.4020000e+03   4.9395432e+02  -1.2586890e+04
   1.4030000e+03   5.4529585e+03   1.4126189e+03
   1.4040000e+03   1.7721225e+04   2.1928517e+04
   1.4050000e+03   5.1430354e+03   1.0584711e+04
   1.4060000e+03  -1.1970045e+04  -1.6918704e+04
   1.4070000e+03  -9.7476040e+03  -2.7509501e+04
   1.4080000e+03  -4.5936641e+03  -2.5211877e+02
   1.4090000e+03  -8.2830717e+03   3.7477503e+04
   1.4100000e+03  -1.1800407e+04   2.2695895e+04
   1.4110000e+03  -1.1158040e+04  -2.1373541e+04
   1.4120000e+03   1.9954596e+03  -2.4367809e+04
   1.4130000e+03   1.1836944e+04  -6.8958933e+02
   1.4140000e+03  -7.4905947e+03   1.2536305e+04
   1.4150000e+03  -2.1629106e+04   1.2104473e+04
   1.4160000e+03  -4.5029614e+03  -5.1790712e+03
   1.4170000e+03   1.7074528e+04  -1.9080447e+04
   1.4180000e+03   2.8310737e+04  -8.0814877e+03
   1.4190000e+03   2.5971911e+04   4.3475146e+03
   1.4200000e+03   8.1649125e+03   2.2949255e+03
   1.4210000e+03  -3.9393189e+03  -5.0964077e+03
   1.4220000e+03   3.8230705e+03  -1.8209836e+04
   1.4230000e+03   8.6718085e+03  -2.2653354e+04
   1.4240000e+03   1.1560167e+03  -3.0676961e+03
   1.4250000e+03  -1.8327322e+03   1.4681044e+04
   1.4260000e+03   4.2768862e+03   1.0875706e+04
   1.4270000e+03   1.9175940e+04  -6.4694020e+01
   1.4280000e+03   1.6394465e+04  -7.1099963e+03
   1.4290000e+03  -1.6356959e+04  -5.7843885e+03
   1.4300000e+03  -2.1967857e+04   3.0129717e+03
   1.4310000e+03   6.1692747e+03   1.6859714e+03
   1.4320000e+03   1.3637057e+04  -7.9722528e+03
   1.4330000e+03   7.0271109e+03  -6.1773636e+03
   1.4340000e+03   1.1663663e+04  -6.7874728e+03
   1.4350000e+03   8.2460711e+03  -9.9174658e+03
   1.4360000e+03  -8.2357337e+03   5.0846233e+03
   1.4370000e+03  -8.6602040e+03   1.3693394e+02
   1.4380000e+03   4.3122860e+03  -3.3165391e+04
   1.4390000e+03   1.1358058e+04  -3.0595270e+04
   1.4400000e+03   1.6672065e+04   6.5272306e+03
   1.4410000e+03   9.3326939e+03   2.8194478e+04
   1.4420000e+03  -1.2588144e+04   2.0081665e+04
   1.4430000e+03  -2.3299546e+04  -7.4353560e+03
   1.4440000e+03  -9.7057793e+03  -1.6708311e+04
   1.4450000e+03   2.0725946e+04   8.4719289e+03
   1.4460000e+03   3.2781192e+04   2.4273649e+04
   1.4470000e+03   1.0470100e+04   8.1008414e+03
   1.4480000e+03  -1.2560589e+04  -1.1906608e+04
   1.4490000e+03  -1.5476565e+04  -1.1588337e+04
   1.4500000e+03  -4.9929384e+03   1.0251886e+04
   1.4510000e+03   9.2478135e+03   2.2332583e+04
   1.4520000e+03   1.5254179e+04  -4.3380829e+03
   1.4530000e+03   1.9308711e+03  -2.2947751e+04
   1.4540000e+03  -1.9330310e+04   7.2576245e+03
   1.4550000e+03  -2.8516002e+04   2.7728690e+04
   1.4560000e+03  -2.1027883e+04   5.1596151e+03
   1.4570000e+03   9.0881214e+03  -1.0516704e+04
   1.4580000e+03   2.5996449e+04  -1.3482896e+03
   1.4590000e+03  -5.9487484e+03   1.1253748e+04
   1.4600000e+03  -2.3949701e+04   2.0115225e+04
   1.4610000e+03  -1.2509040e+03   1.3387398e+04
   1.4620000e+03   5.5133373e+03  -4.5991069e+03
   1.4630000e+03  -2.5949989e+03  -6.5934637e+03
   1.4640000e+03   1.6226540e+03  -1.1133823e+03
   1.4650000e+03   6.8949794e+03   2.0249918e+02
   1.4660000e+03   5.2186437e+03   5.9290847e+03
   1.4670000e+03  -2.2959282e+03  -2.6915886e+02
   1.4680000e+03  -1.3933107e+04  -7.7790162e+03
   1.4690000e+03  -1.1161281e+04   1.1071740e+04
   1.4700000e+03   3.7434995e+03   2.0374742e+04
   1.4710000e+03  -3.8249356e+03  -3.5846858e+03
   1.4720000e+03  -1.6872418e+04  -2.2178258e+04
   1.4730000e+03  -4.8128065e+03  -8.4959718e+03
   1.4740000e+03   3.6275247e+03   2.3339869e+04
   1.4750000e+03  -2.2656184e+03   3.6295658e+04
   1.4760000e+03  -6.3472409e+03   8.3844529e+03
   1.4770000e+03  -7.0380476e+03  -2.5584488e+04
   1.4780000e+03  -2.1002400e+03  -1.5684781e+04
   1.4790000e+03  -1.4392775e+03   1.5373360e+04
   1.4800000e+03  -1.2455005e+04   1.5599604e+04
   1.4810000e+03  -1.6164093e+04  -6.5325624e+02
   1.4820000e+03  -2.1513563e+03  -3.1278964e+03
   1.4830000e+03   9.1935705e+03   3.3508355e+03
   1.4840000e+03   3.0132321e+03   7.5873987e+03
   1.4850000e+03  -1.1440712e+04  -2.2998054e+03
   1.4860000e+03  -1.8165668e+04  -1.5011125e+04
   1.4870000e+03   4.4198573e+03  -6.9529913e+03
   1.4880000e+03   3.3057831e+04   2.0154719e+03
   1.4890000e+03   1.4353158e+04  -5.6321643e+03
   1.4900000e+03  -1.8997867e+04  -4.5448136e+03
   1.4910000e+03  -1.1975354e+04   4.0998465e+03
   1.4920000e+03   1.1702484e+04  -3.3125697e+03
   1.4930000e+03   1.8711750e+04  -1.1996152e+04
   1.4940000e+03   6.7642167e+03  -1.0941487e+04
   1.4950000e+03  -8.6796611e+03  -7.9101733e+03
   1.4960000e+03  -6.1886121e+03   4.2024010e+02
   1.4970000e+03   1.6265619e+03   1.8122211e+02
   1.4980000e+03  -5.8579991e+03  -1.1771794e+04
   1.4990000e+03  -2.7496765e+03  -1.2846544e+04
   1.5000000e+03   1.1079921e+04  -1.1096524e+04
   1.5010000e+03  -3.6840575e+03  -1.1691661e+04
   1.5020000e+03  -1.2327129e+04   4.5994050e+01
   1.5030000e+03   1.5169894e+04   4.2425639e+03
   1.5040000e+03   2.1296819e+04  -1.1161770e+04
   1.5050000e+03  -3.0015250e+03  -1.3480504e+04
   1.5060000e+03  -1.1779457e+04   3.0883922e+03
   1.5070000e+03   2.6580312e+03   1.1691340e+04
   1.5080000e+03   2.0559135e+04   6.2905120e+03
   1.5090000e+03   1.8307931e+04  -1.0517035e+04
   1.5100000e+03   4.7170698e+02  -1.7573071e+04
   1.5110000e+03  -5.3558489e+03   4.9867763e+03
   1.5120000e+03  -2.9339515e+02   1.6126656e+04
   1.5130000e+03   1.0620732e+03  -5.9128862e+02
   1.5140000e+03   4.2211803e+03  -8.0157312e+03
   1.5150000e+03   9.4435723e+03  -8.4065084e+03
   1.5160000e+03   7.9112304e+03  -6.3735653e+03
   1.5170000e+03   1.0148068e+04   7.2186458e+03
   1.5180000e+03   1.2999094e+04   1.0142025e+04
   1.5190000e+03   2.1404912e+02   1.7179118e+03
   1.5200000e+03  -8.3165831e+03   3.4227489e+03
   1.5210000e+03   2.3307676e+03   6.3498733e+03
   1.5220000e+03   1.2581710e+04   2.8727834e+03
   1.5230000e+03   6.2596636e+03  -2.0562281e+02
   1.5240000e+03  -8.6419692e+03  -8.2968588e+03
   1.5250000e+03  -1.0951800e+04  -8.2069167e+03
   1.5260000e+03  -1.3868375e+02   1.2817051e+04
   1.5270000e+03   9.1375811e+03   1.2465708e+04
   1.5280000e+03   7.6770781e+03  -1.3064389e+04
   1.5290000e+03  -7.4776658e+03  -4.8710473e+03
   1.5300000e+03  -1.7448851e+04   1.5959695e+04
   1.5310000e+03   4.1786123e+03  -3.8750715e+03
   1.5320000e+03   4.2126115e+04  -2.0663424e+04
   1.5330000e+03   3.4545093e+04   5.4991260e+03
   1.5340000e+03  -2.4029885e+04   3.0997153e+04
   1.5350000e+03  -4.4081469e+04   2.4988865e+04
   1.5360000e+03   3.4137081e+02   2.0403810e+03
   1.5370000e+03   3.1763392e+04  -1.2717754e+04
   1.5380000e+03   1.3947806e+04   1.4431010e+03
   1.5390000e+03  -2.0479380e+04   1.8152938e+04
   1.5400000e+03  -3.6926748e+04   5.1957081e+03
   1.5410000e+03  -2.1678842e+04  -1.1295821e+04
   1.5420000e+03   7.8942291e+03  -1.1991981e+04
   1.5430000e+03   1.2622117e+04   2.0428452e+03
   1.5440000e+03  -7.2022903e+03   2.9690254e+04
   1.5450000e+03  -1.8284093e+04   3.0900165e+04
   1.5460000e+03  -1.7796096e+04  -7.9210946e+03
   1.5470000e+03  -4.3350151e+03  -2.5400724e+04
   1.5480000e+03   1.7467329e+04   2.6769421e+03
   1.5490000e+03   1.0700622e+04   2.4268585e+04
   1.5500000e+03  -1.5329598e+04   1.2147528e+04
   1.5510000e+03  -1.8306748e+04  -8.7299276e+03
   1.5520000e+03   1.1566855e+03  -1.3378589e+04
   1.5530000e+03   1.9651846e+04   3.4339252e+03
   1.5540000e+03   1.0080368e+04   1.6675177e+04
   1.5550000e+03  -2.3506422e+04   5.6643615e+03
   1.5560000e+03  -2.5842824e+04  -9.2467718e+03
   1.5570000e+03   1.3997250e+03  -1.2767767e+04
   1.5580000e+03  -3.1175442e+03  -5.6069030e+03
   1.5590000e+03  -1.7990031e+04   7.1480748e+03
   1.5600000e+03  -5.6502860e+03   6.3104230e+03
   1.5610000e+03  -4.2328993e+03  -9.0094432e+03
   1.5620000e+03  -1.4368418e+04  -1.8344328e+04
   1.5630000e+03  -1.1608675e+04  -1.1220769e+04
   1.5640000e+03  -7.1646839e+03   4.4298809e+03
   1.5650000e+03   3.6187680e+03   7.8840455e+03
   1.5660000e+03   9.6632457e+03  -8.2470166e+03
   1.5670000e+03  -5.3891279e+03  -1.7960610e+04
   1.5680000e+03  -7.1113244e+03   2.2186080e+03
   1.5690000e+03   1.4199446e+04   1.9524187e+04
   1.5700000e+03   1.5937132e+04   1.8424199e+03
   1.5710000e+03  -3.0325708e+03  -1.7999368e+04
   1.5720000e+03  -3.5490581e+03  -1.5989610e+04
   1.5730000e+03   6.4168592e+03  -1.0221117e+03
   1.5740000e+03   9.9224733e+03   1.5633069e+04
   1.5750000e+03   1.1948764e+04   4.7340795e+03
   1.5760000e+03  -5.6944767e+03  -2.7484223e+04
   1.5770000e+03  -1.9590163e+04  -2.5845121e+04
   1.5780000e+03   4.2379784e+03   7.5192449e+03
   1.5790000e+03   2.4076941e+04   1.6301451e+04
   1.5800000e+03   1.8288459e+04  -3.3012823e+03
   1.5810000e+03  -2.8922677e+03  -1.5195276e+04
   1.5820000e+03  -2.9866301e+04  -6.2110539e+03
   1.5830000e+03  -1.4844914e+04   1.2839149e+04
   1.5840000e+03   3.7058479e+04   6.0691053e+03
   1.5850000e+03   4.5158942e+04  -2.2337512e+04
   1.5860000e+03  -1.2819013e+02  -1.3744333e+04
   1.5870000e+03  -2.9484041e+04   1.4588386e+04
   1.5880000e+03  -1.1346546e+04   8.7500232e+03
   1.5890000e+03   2.9213394e+04  -9.5225113e+03
   1.5900000e+03   4.7917428e+04  -8.2708271e+03
   1.5910000e+03   1.6983389e+04   7.2335256e+03
   1.5920000e+03  -2.5508561e+04   1.8084156e+04
   1.5930000e+03  -2.2979874e+04   1.2802235e+04
   1.5940000e+03   1.4284764e+04  -1.0878343e+03
   1.5950000e+03   3.7417059e+04  -1.4026564e+04
   1.5960000e+03   2.3455784e+04  -1.9104506e+04
   1.5970000e+03  -3.7883534e+03  -6.6840570e+03
   1.5980000e+03  -1.2298925e+04   1.6467556e+04
   1.5990000e+03  -7.8346713e+03   1.4186445e+04
   1.6000000e+03  -5.8026756e+03  -1.5101197e+04
   1.6010000e+03   2.3753805e+03  -2.0576227e+04
   1.6020000e+03   1.4305764e+04  -1.6991627e+03
   1.6030000e+03   3.0438318e+03   1.2442615e+04
   1.6040000e+03  -1.5080210e+04   2.4829891e+04
   1.6050000e+03  -3.6829915e+03   2.0085888e+04
   1.6060000e+03   1.0957442e+04  -2.0456092e+03
   1.6070000e+03   5.8408001e+03  -1.0569396e+03
   1.6080000e+03   7.1560560e+01   1.8803663e+04
   1.6090000e+03   2.1247399e+03   1.4457371e+04
   1.6100000e+03   8.9823033e+03  -9.8150768e+03
   1.6110000e+03   4.5472969e+03  -1.5376017e+04
   1.6120000e+03  -1.3430540e+04   2.6876451e+02
   1.6130000e+03  -1.4709673e+04   1.1814857e+04
   1.6140000e+03   4.1391628e+02   1.4973229e+03
   1.6150000e+03  -7.3806150e+01  -1.6964281e+04
   1.6160000e+03  -1.4892255e+04  -1.2744633e+04
   1.6170000e+03  -1.7912637e+04  -2.6732178e+02
   1.6180000e+03  -8.3822168e+03   5.0062241e+03
   1.6190000e+03   4.0207010e+03   1.2646722e+04
   1.6200000e+03   6.9177467e+03   4.4864831e+02
   1.6210000e+03  -1.6198253e+04  -1.8665624e+04
   1.6220000e+03  -2.9973560e+04   3.5782050e+01
   1.6230000e+03  -3.9181736e+03   2.6446788e+04
   1.6240000e+03   1.7447505e+04   1.5896310e+04
   1.6250000e+03   8.0824064e+03  -1.2844869e+04
   1.6260000e+03  -1.1314943e+04  -2.2407644e+04
   1.6270000e+03  -2.4269556e+04  -3.3807268e+03
   1.6280000e+03  -1.9203532e+04   1.5950831e+04
   1.6290000e+03   2.1913290e+01   3.6768455e+03
   1.6300000e+03   9.8596405e+03  -1.4889510e+04
   1.6310000e+03   1.0216968e+03   5.2186633e+02
   1.6320000e+03  -9.0076808e+03   1.9521435e+04
   1.6330000e+03  -1.0348801e+04   8.0223481e+03
   1.6340000e+03  -4.8615270e+03  -8.6086702e+03
   1.6350000e+03   3.9682321e+03  -4.1482759e+03
   1.6360000e+03   2.9440913e+02   1.8981490e+04
   1.6370000e+03  -1.0703630e+04   3.1266309e+04
   1.6380000e+03  -1.1753136e+04   1.1258859e+04
   1.6390000e+03  -7.8567612e+03  -1.2557084e+04
   1.6400000e+03   2.6464983e+03  -1.2204287e+04
   1.6410000e+03   1.1164366e+04  -5.2663486e+03
   1.6420000e+03  -2.3004821e+02  -7.2584123e+03
   1.6430000e+03  -7.2559230e+03   6.9853300e+02
   1.6440000e+03   4.7528853e+03   1.0666014e+04
   1.6450000e+03   2.1385295e+03  -4.1436603e+03
   1.6460000e+03  -1.0193126e+04  -1.6469230e+04
   1.6470000e+03   3.4580947e+03  -7.8826506e+03
   1.6480000e+03   1.6933070e+04   1.6335875e+03
   1.6490000e+03   8.1753834e+03   5.7406482e+03
   1.6500000e+03   1.8763005e+03  -2.5880875e+03
   1.6510000e+03  -2.8681265e+03  -7.2573760e+03
   1.6520000e+03  -3.2069693e+03   1.1749954e+04
   1.6530000e+03   1.1111428e+04   1.7558545e+04
   1.6540000e+03   1.9318791e+04  -3.4624660e+03
   1.6550000e+03   6.9017308e+03  -1.1470680e+04
   1.6560000e+03  -2.1608334e+04  -3.5810601e+02
   1.6570000e+03  -2.8538305e+04   4.3150985e+03
   1.6580000e+03   1.2268499e+04  -6.5406989e+03
   1.6590000e+03   4.3066334e+04  -2.1956078e+04
   1.6600000e+03   2.0298642e+04  -1.3172877e+04
   1.6610000e+03  -1.0023859e+04   1.7525062e+04
   1.6620000e+03  -5.3597960e+03   1.5750520e+04
   1.6630000e+03   1.4943715e+04  -1.9042078e+04
   1.6640000e+03   2.5587767e+04  -3.0356841e+04
   1.6650000e+03   2.2048945e+04  -1.1436610e+04
   1.6660000e+03   2.1109038e+03   9.8958631e+03
   1.6670000e+03  -8.6121492e+03   1.1191796e+04
   1.6680000e+03   3.5716898e+03  -8.4464622e+03
   1.6690000e+03   2.3573953e+03  -1.6804652e+04
   1.6700000e+03  -1.0531471e+04  -2.0203110e+03
   1.6710000e+03  -3.4442691e+03   1.2601651e+04
   1.6720000e+03   5.9388421e+03   8.9931558e+03
   1.6730000e+03  -2.1527182e+03  -6.5153810e+03
   1.6740000e+03  -8.4610659e+03  -1.3566148e+04
   1.6750000e+03  -3.5284351e+03  -1.9508568e+03
   1.6760000e+03   1.4947179e+03   1.9474678e+04
   1.6770000e+03   3.9013366e+03   2.0281726e+04
   1.6780000e+03   5.2322417e+03  -5.0035040e+03
   1.6790000e+03   5.0854557e+03  -1.5344276e+04
   1.6800000e+03  -8.4188303e+03  -6.5049849e+03
   1.6810000e+03  -2.7808281e+04  -2.8740989e+03
   1.6820000e+03  -4.3014503e+03   2.3008539e+03
   1.6830000e+03   3.8812488e+04   2.0091221e+03
   1.6840000e+03   2.4741100e+04  -1.1692622e+04
   1.6850000e+03  -2.2010979e+04  -9.5637672e+03
   1.6860000e+03  -2.9804785e+04   3.4218746e+03
   1.6870000e+03   7.6809660e+03  -6.5891232e+03
   1.6880000e+03   3.5560914e+04  -2.0668495e+04
   1.6890000e+03   1.2746352e+04  -9.6396058e+03
   1.6900000e+03  -2.3340871e+04   1.1759686e+04
   1.6910000e+03  -2.3920168e+04   1.4365797e+04
   1.6920000e+03   1.0677906e+03  -7.4289271e+03
   1.6930000e+03   1.2552340e+04  -1.4882961e+04
   1.6940000e+03  -1.9697142e+03   8.0914179e+03
   1.6950000e+03  -1.8911610e+04   1.9836451e+04
   1.6960000e+03  -2.0362824e+04   1.2664573e+04
   1.6970000e+03   4.1803620e+01   8.8217401e+03
   1.6980000e+03   2.0616746e+04   5.2802094e+03
   1.6990000e+03   7.8913862e+03   5.0128551e+03
   1.7000000e+03  -1.4783653e+04   1.3743455e+04
   1.7010000e+03  -1.9009387e+04   1.8082019e+04
   1.7020000e+03  -9.9966098e+03   1.1904968e+04
   1.7030000e+03   7.0923525e+03   4.4695818e+03
   1.7040000e+03   1.2525978e+04  -1.0079324e+03
   1.7050000e+03  -2.6079056e+03  -1.8751173e+03
   1.7060000e+03  -1.5772460e+04   2.7674147e+03
   1.7070000e+03  -1.4516070e+04  -3.4706689e+02
   1.7080000e+03  -3.1041655e+03   1.6139861e+02
   1.7090000e+03   1.3444254e+04   1.7060658e+04
   1.7100000e+03   1.5842214e+04   1.6898048e+04
   1.7110000e+03  -7.8882774e+03  -2.2374591e+03
   1.7120000e+03  -1.5324595e+04  -6.0643519e+03
   1.7130000e+03   1.4683004e+04  -3.0856031e+03
   1.7140000e+03   3.2145800e+04  -2.5165199e+02
   1.7150000e+03   1.4326345e+04   1.9572476e+04
   1.7160000e+03  -1.6704615e+04   3.1809866e+04
   1.7170000e+03  -3.2893088e+04   8.9118222e+03
   1.7180000e+03  -1.5711528e+04  -1.6718843e+04
   1.7190000e+03   7.6902757e+03  -1.7894400e+04
   1.7200000e+03   6.5918178e+03  -5.6088945e+03
   1.7210000e+03  -7.8360398e+03   4.6762961e+03
   1.7220000e+03  -2.1610115e+04  -3.5848030e+03
   1.7230000e+03  -2.6536236e+04  -1.4602138e+04
   1.7240000e+03  -1.0464622e+04  -1.3815520e+03
   1.7250000e+03   9.2851353e+03   8.9387141e+03
   1.7260000e+03   5.3824466e+03  -9.8134881e+03
   1.7270000e+03  -3.4482760e+03  -3.2565382e+04
   1.7280000e+03  -2.5234901e+03  -2.5061327e+04
   1.7290000e+03  -3.1941495e+03   7.9952208e+03
   1.7300000e+03   1.2289661e+04   2.1979640e+04
   1.7310000e+03   3.4331648e+04   1.0207572e+03
   1.7320000e+03   1.5652745e+04  -1.0682058e+04
   1.7330000e+03  -2.0484200e+04   6.2467524e+03
   1.7340000e+03  -1.7081231e+04   4.4654226e+03
   1.7350000e+03   1.3010199e+04  -1.8129941e+04
   1.7360000e+03   2.7143103e+04  -7.2605960e+03
   1.7370000e+03   1.4392467e+04   1.5116635e+04
   1.7380000e+03  -1.3629099e+04   8.4281177e+03
   1.7390000e+03  -2.6059047e+04  -4.0820528e+03
   1.7400000e+03  -8.0208064e+03  -1.5731297e+04
   1.7410000e+03   1.1058944e+04  -2.4508527e+04
   1.7420000e+03   1.4563855e+04  -1.0735084e+04
   1.7430000e+03   6.7518476e+03   4.0608754e+03
   1.7440000e+03  -5.0597961e+03  -5.4270920e+03
   1.7450000e+03   2.3072923e+03  -1.5664953e+04
   1.7460000e+03   2.1042885e+04  -8.2000970e+03
   1.7470000e+03   1.4657973e+04  -1.5406703e+03
   1.7480000e+03  -5.6300009e+03  -2.5037833e+03
   1.7490000e+03   1.2891825e+02  -6.1811435e+03
   1.7500000e+03   1.7863413e+04  -7.3631919e+03
   1.7510000e+03   6.8619762e+03   5.6538774e+03
   1.7520000e+03  -1.7082470e+04   6.1496204e+03
   1.7530000e+03  -1.7939459e+04  -1.4758987e+04
   1.7540000e+03   3.2979597e+03  -7.7598126e+03
   1.7550000e+03   1.4096723e+04   1.3870768e+04
   1.7560000e+03  -9.2835684e+03   4.5994206e+03
   1.7570000e+03  -2.4508259e+04  -8.3874356e+03
   1.7580000e+03  -1.2175042e+01   1.7281917e+03
   1.7590000e+03   2.0508585e+04   1.4352570e+04
   1.7600000e+03   1.7478063e+04   1.3118022e+04
   1.7610000e+03   6.7392902e+03   1.2591206e+03
   1.7620000e+03  -3.5120901e+03  -6.0512668e+03
   1.7630000e+03   2.9406168e+03   4.3321412e+02
   1.7640000e+03   1.8149849e+04   1.7485846e+03
   1.7650000e+03   1.2533614e+04  -3.1421840e+03
   1.7660000e+03  -4.0758731e+03   7.2078923e+03
   1.7670000e+03  -9.2565556e+03   8.0814265e+03
   1.7680000e+03  -9.7526282e+03  -1.0647352e+04
   1.7690000e+03  -3.1188760e+02  -9.8786523e+03
   1.7700000e+03   1.2323551e+04   7.1770270e+03
   1.7710000e+03  -3.1684573e+03   1.9908121e+04
   1.7720000e+03  -1.4693978e+04   2.5571101e+04
   1.7730000e+03   1.8071037e+03   9.9499143e+03
   1.7740000e+03   3.5935728e+03  -8.2969625e+03
   1.7750000e+03   9.2083000e+00   6.0249156e+03
   1.7760000e+03   1.2312013e+04   2.3611237e+04
   1.7770000e+03   8.6864878e+03   9.7613204e+03
   1.7780000e+03  -8.4092986e+03  -3.1235989e+03
   1.7790000e+03  -1.1473135e+04   5.3718606e+03
   1.7800000e+03  -2.2598588e+03   1.6029118e+04
   1.7810000e+03   8.0055574e+03   1.4387689e+04
   1.7820000e+03   3.4053744e+03  -1.4893486e+04
   1.7830000e+03  -1.4117324e+04  -3.4004155e+04
   1.7840000e+03  -6.2552856e+03   1.6010888e+03
   1.7850000e+03   1.6577736e+04   2.8343994e+04
   1.7860000e+03   4.2244757e+03   1.0664320e+04
   1.7870000e+03  -1.6556939e+04  -4.5038603e+03
   1.7880000e+03  -1.5935098e+04  -1.8174022e+04
   1.7890000e+03  -1.7712000e+04  -2.7966053e+04
   1.7900000e+03  -7.8230992e+03  -2.6614217e+03
   1.7910000e+03   1.4385088e+04   2.3303182e+04
   1.7920000e+03   6.4692697e+03   1.4584178e+04
   1.7930000e+03  -1.7864551e+04   2.3204017e+03
   1.7940000e+03  -1.9778986e+04   2.0230633e+03
   1.7950000e+03  -8.9505158e+03   4.7353338e+03
   1.7960000e+03  -3.1411657e+03   1.0132957e+04
   1.7970000e+03  -2.4464050e+03  -5.2850298e+03
   1.7980000e+03  -9.3298133e+03  -2.8128686e+04
   1.7990000e+03  -9.5742182e+03  -5.4570598e+03
   1.8000000e+03   4.0024019e+03   2.6096793e+04
   1.8010000e+03   5.1401971e+03   9.0433062e+03
   1.8020000e+03  -3.5956872e+03  -2.2198599e+04
   1.8030000e+03  -7.9628422e+03  -2.8632829e+04
   1.8040000e+03  -1.4412872e+04  -1.0592143e+04
   1.8050000e+03  -9.0897875e+03   1.6069171e+04
   1.8060000e+03   6.3993168e+03   1.3552101e+04
   1.8070000e+03   8.9967455e+03  -1.4706289e+04
   1.8080000e+03   1.3709616e+03  -1.7565377e+04
   1.8090000e+03  -9.7169878e+03  -1.3363309e+02
   1.8100000e+03  -1.4696465e+04   8.3256367e+03
   1.8110000e+03   1.2948696e+03   1.0417113e+04
   1.8120000e+03   1.7770134e+04  -7.8254550e+03
   1.8130000e+03   1.2354577e+04  -2.7903259e+04
   1.8140000e+03   1.1574699e+04  -3.5867847e+03
   1.8150000e+03   1.5886459e+04   3.0280320e+04
   1.8160000e+03  -6.5883911e+03   1.7374142e+04
   1.8170000e+03  -1.8239381e+04  -2.7328300e+04
   1.8180000e+03   6.3197749e+03  -4.3037214e+04
   1.8190000e+03   1.4867344e+04  -4.6351191e+03
   1.8200000e+03   2.8547438e+02   2.4215479e+04
   1.8210000e+03  -5.3400157e+03  -3.5989108e+02
   1.8220000e+03  -1.7828524e+03  -1.7936255e+04
   1.8230000e+03   1.0177244e+04   7.4432295e+03
   1.8240000e+03   2.0897445e+04   1.7542963e+04
   1.8250000e+03   7.8953670e+03  -5.7306927e+03
   1.8260000e+03  -8.1281085e+03  -7.0543960e+03
   1.8270000e+03   2.6752110e+03   8.6713750e+03
   1.8280000e+03   1.7584204e+04   3.0132174e+03
   1.8290000e+03   1.5896868e+04  -4.2840298e+03
   1.8300000e+03   2.6430438e+03  -1.6929047e+03
   1.8310000e+03  -1.0908633e+04  -1.8763222e+03
   1.8320000e+03  -1.5172181e+03  -2.3432105e+03
   1.8330000e+03   1.6717020e+04  -7.4261374e+03
   1.8340000e+03   1.6807686e+04  -1.2148164e+04
   1.8350000e+03   8.4920213e+03  -1.7794367e+03
   1.8360000e+03  -8.9003616e+03   3.9361872e+03
   1.8370000e+03  -2.0695008e+04  -7.8180576e+03
   1.8380000e+03   1.1375349e+03  -6.3447645e+03
   1.8390000e+03   2.3524799e+04   1.0829143e+04
   1.8400000e+03   8.3909107e+03   1.5953806e+04
   1.8410000e+03  -8.3396435e+03   9.0863391e+03
   1.8420000e+03   8.8530777e+03  -4.7051437e+03
   1.8430000e+03   1.6722636e+04  -6.6542256e+03
   1.8440000e+03  -2.4176567e+03   1.8592442e+04
   1.8450000e+03  -4.0499481e+03   2.2349621e+04
   1.8460000e+03   3.5214427e+03  -8.2790034e+03
   1.8470000e+03  -1.3414217e+02  -1.0628772e+04
   1.8480000e+03   1.9084937e+02   1.3017292e+04
   1.8490000e+03  -3.5539189e+02   1.0619511e+04
   1.8500000e+03  -4.3776124e+03  -7.7942256e+03
   1.8510000e+03  -5.7368849e+03  -1.3018750e+04
   1.8520000e+03  -8.4766408e+03  -4.7339966e+03
   1.8530000e+03  -8.1293276e+03   1.0633753e+04
   1.8540000e+03  -7.2552245e+02   1.0106432e+04
   1.8550000e+03   2.5264467e+03  -7.2691825e+03
   1.8560000e+03  -1.1824675e+03  -6.9799622e+03
   1.8570000e+03  -2.3669789e+02   2.1354264e+03
   1.8580000e+03  -1.7465890e+03   4.0074519e+03
   1.8590000e+03  -7.9009581e+03   7.7925076e+03
   1.8600000e+03  -5.9886941e+03  -1.6594554e+03
   1.8610000e+03  -3.7240779e+03  -1.0041235e+04
   1.8620000e+03  -2.9423711e+03   9.7110742e+03
   1.8630000e+03  -6.6403280e+03   1.6837707e+04
   1.8640000e+03  -1.6523424e+04  -9.1547807e+03
   1.8650000e+03  -7.9825068e+03  -1.6611371e+04
   1.8660000e+03   5.6699105e+03   1.2003092e+04
   1.8670000e+03  -6.5600230e+03   3.0931847e+04
   1.8680000e+03  -2.0464233e+04   1.3895872e+04
   1.8690000e+03  -4.5108605e+03  -1.7914673e+04
   1.8700000e+03   2.0185288e+04  -2.0208499e+04
   1.8710000e+03   1.4933318e+04   1.7322968e+04
   1.8720000e+03  -1.3106856e+04   3.1125505e+04
   1.8730000e+03  -2.9546950e+04  -1.2211301e+03
   1.8740000e+03  -1.3583827e+04  -1.9094904e+04
   1.8750000e+03   1.3377302e+04  -9.5591134e+03
   1.8760000e+03   7.4476881e+03   8.1220376e+02
   1.8770000e+03  -1.0552816e+04   6.2321605e+03
   1.8780000e+03  -8.4889092e+03  -3.1513116e+03
   1.8790000e+03  -4.1566265e+03  -1.8050359e+04
   1.8800000e+03  -2.3753898e+03  -1.6484578e+04
   1.8810000e+03  -4.6595596e+03  -5.2242029e+03
   1.8820000e+03  -7.9333337e+03   1.1308301e+04
   1.8830000e+03   5.6848457e+02   2.4203924e+04
   1.8840000e+03   5.7134956e+03  -1.1224473e+03
   1.8850000e+03   2.6530128e+03  -3.2956478e+04
   1.8860000e+03   3.8001719e+03  -4.7888838e+03
   1.8870000e+03  -5.7482300e+01   3.2090696e+04
   1.8880000e+03  -1.6485872e+04   1.7444721e+04
   1.8890000e+03  -1.5965026e+04   3.6834663e+02
   1.8900000e+03   1.1598228e+04   3.8674170e+03
   1.8910000e+03   2.1065732e+04  -4.2352695e+02
   1.8920000e+03   8.2948509e+03  -1.1885958e+04
   1.8930000e+03   1.5540156e+03  -1.5641302e+04
   1.8940000e+03  -2.0915504e+03  -2.6018784e+03
   1.8950000e+03   3.8695106e+03   1.2503492e+04
   1.8960000e+03   1.5549951e+04   2.7154329e+03
   1.8970000e+03   1.0347329e+04  -1.5578164e+04
   1.8980000e+03  -8.7751192e+03  -1.3848793e+04
   1.8990000e+03  -1.4853965e+04  -9.3543675e+03
   1.9000000e+03   9.4416401e+03  -8.8585110e+03
   1.9010000e+03   2.5388657e+04   8.3978114e+03
   1.9020000e+03  -3.8456306e+03   1.9386920e+04
   1.9030000e+03  -3.2940026e+04   6.0288448e+03
   1.9040000e+03  -3.3432214e+03  -2.8704015e+03
   1.9050000e+03   4.8099577e+04  -5.5684207e+03
   1.9060000e+03   3.7936794e+04  -8.9839916e+03
   1.9070000e+03  -8.0438318e+03   4.3559935e+02
   1.9080000e+03  -1.5443872e+04   7.6535663e+03
   1.9090000e+03   4.1316269e+03  -2.4512308e+03
   1.9100000e+03   2.0420094e+04  -1.1203364e+04
   1.9110000e+03   1.7062136e+04  -1.3742491e+04
   1.9120000e+03  -8.4532153e+03  -1.3469925e+04
   1.9130000e+03  -1.7238334e+04  -9.1919452e+02
   1.9140000e+03   2.2774378e+03  -4.6670140e+02
   1.9150000e+03   1.3920089e+04  -2.0857797e+04
   1.9160000e+03   1.1151145e+03  -1.4287923e+04
   1.9170000e+03  -1.2526329e+04   9.6058535e+03
   1.9180000e+03  -5.7020262e+03   9.2206389e+03
   1.9190000e+03   1.2613333e+04   3.7825624e+03
   1.9200000e+03   1.9654907e+04   4.2847904e+03
   1.9210000e+03   4.0445916e+03  -2.2043997e+03
   1.9220000e+03  -1.0269858e+04  -1.0688494e+04
   1.9230000e+03  -4.5935908e+03  -8.0136644e+03
   1.9240000e+03   3.5414471e+03   9.2501117e+03
   1.9250000e+03   9.1146493e+03   1.2831866e+04
   1.9260000e+03   1.0866941e+04  -9.3238484e+03
   1.9270000e+03  -1.1248113e+03  -1.6569037e+04
   1.9280000e+03  -1.5433348e+04   1.5005496e+02
   1.9290000e+03  -1.8114321e+04   2.7010748e+03
   1.9300000e+03  -9.2779075e+03  -3.8056978e+03
   1.9310000e+03   7.6867639e+03   6.2531411e+03
   1.9320000e+03   1.5820416e+04   9.3202749e+03
   1.9330000e+03  -4.0809231e+03   1.1052999e+03
   1.9340000e+03  -1.6674365e+04   1.2435235e+04
   1.9350000e+03   7.9345585e+03   2.3327143e+04
   1.9360000e+03   1.6079606e+04   1.0436480e+04
   1.9370000e+03  -5.5281528e+03  -1.7727271e+03
   1.9380000e+03  -1.0916429e+04   8.5767047e+01
   1.9390000e+03  -6.2217282e+03   1.3248699e+04
   1.9400000e+03  -2.6020950e+03   2.3712236e+04
   1.9410000e+03   3.7185403e+03   3.5536229e+03
   1.9420000e+03  -2.5830680e+03  -1.9123108e+04
   1.9430000e+03  -1.7136611e+04   3.6602917e+03
   1.9440000e+03  -2.1939819e+04   2.6845234e+04
   1.9450000e+03  -1.7150702e+04   7.6032325e+03
   1.9460000e+03  -3.6478856e+03  -1.0749615e+04
   1.9470000e+03   1.3990023e+04  -9.3779096e+03
   1.9480000e+03   7.7400358e+03  -6.7157129e+02
   1.9490000e+03  -1.4842218e+04   1.1014901e+04
   1.9500000e+03  -1.0391859e+04   2.3019952e+03
   1.9510000e+03   6.7917409e+03  -1.2530603e+04
   1.9520000e+03   6.5480691e+03   4.3024208e+03
   1.9530000e+03  -2.5552577e+03   2.4362691e+04
   1.9540000e+03  -4.7790118e+03   1.4085434e+04
   1.9550000e+03   6.1577913e+03  -4.5091248e+03
   1.9560000e+03  -1.9483378e+02  -1.6173253e+04
   1.9570000e+03  -2.8893760e+04  -1.6368415e+04
   1.9580000e+03  -2.1615328e+04   6.1966312e+03
   1.9590000e+03   1.5610245e+04   1.7333453e+04
   1.9600000e+03   1.3822182e+04   4.9026590e+01
   1.9610000e+03  -1.4251009e+04  -4.6251910e+03
   1.9620000e+03  -7.9705098e+03  -7.4798221e+03
   1.9630000e+03   9.2457061e+03  -1.6395347e+04
   1.9640000e+03  -1.0287829e+03   6.6133752e+03
   1.9650000e+03  -7.9680898e+03   2.4323156e+04
   1.9660000e+03  -1.9812120e+03   4.0127499e+02
   1.9670000e+03   4.7779831e+03  -1.5835849e+04
   1.9680000e+03   1.5347503e+04  -2.0696097e+03
   1.9690000e+03   7.5843501e+03   1.1604406e+04
   1.9700000e+03  -1.7011962e+04   5.4911568e+03
   1.9710000e+03  -1.6383889e+04  -1.4090645e+04
   1.9720000e+03   1.1061875e+04  -2.1539056e+04
   1.9730000e+03   1.8960090e+04  -5.6993392e+03
   1.9740000e+03  -9.2121135e+03   3.2223812e+03
   1.9750000e+03  -2.6295516e+04  -8.2812411e+03
   1.9760000e+03   4.3247351e+03  -1.4330081e+04
   1.9770000e+03   4.1630489e+04  -1.6200125e+04
   1.9780000e+03   2.3840453e+04  -1.3905187e+04
   1.9790000e+03  -1.8630972e+04   6.4501255e+03
   1.9800000e+03  -1.2842209e+04   1.1253142e+04
   1.9810000e+03   1.9708859e+04  -8.5518118e+03
   1.9820000e+03   2.8143177e+04  -1.2802433e+04
   1.9830000e+03   1.5984045e+04  -2.5912355e+03
   1.9840000e+03  -1.2766090e+02   4.8387584e+03
   1.9850000e+03  -4.0507585e+03   9.7458475e+03
   1.9860000e+03   6.2719848e+02   1.5865851e+03
   1.9870000e+03  -4.5168207e+02  -1.1855985e+04
   1.9880000e+03  -2.8603238e+03  -6.3491806e+03
   1.9890000e+03  -1.1221181e+04   5.3480497e+02
   1.9900000e+03  -2.1969979e+04  -7.0658710e+03
   1.9910000e+03  -7.5183230e+03  -7.7650322e+03
   1.9920000e+03   1.7568608e+04  -7.6074871e+03
   1.9930000e+03   8.4223870e+03  -7.7034875e+03
   1.9940000e+03  -8.3688276e+03   9.5704932e+03
   1.9950000e+03   6.7412440e+03   7.8407339e+03
   1.9960000e+03   1.2989218e+04  -2.1329436e+04
   1.9970000e+03   5.8664240e+02  -2.1396402e+04
   1.9980000e+03   7.8074259e+03   3.2424122e+03
   1.9990000e+03   2.2629271e+04   7.4591520e+03
   2.0000000e+03   2.1603781e+04  -1.8057505e+03
