   1.0274000e+02   2.5123000e+01
   9.3346330e+01   3.1588617e+01
   0.0000000e+00   3.6480377e+03   3.6480377e+03
   1.0000000e+00  -8.5411229e+03   8.3351556e+03
   2.0000000e+00  -1.3936906e+04   1.8412600e+01
   3.0000000e+00  -8.2399673e+03  -6.2437674e+03
   4.0000000e+00  -3.2154709e+03  -1.4061712e+03
   5.0000000e+00  -8.7928723e+03   1.1442215e+03
   6.0000000e+00  -1.4360307e+04  -5.9179378e+03
   7.0000000e+00  -1.3644308e+04  -7.1343258e+03
   8.0000000e+00  -1.2412006e+04   4.2470770e+03
   9.0000000e+00  -1.1385163e+04   1.1631169e+04
   1.0000000e+01  -1.3389961e+04   1.0289984e+04
   1.1000000e+01  -1.8402601e+04   8.6796176e+03
   1.2000000e+01  -1.8034468e+04   8.2960876e+03
   1.3000000e+01  -1.0306116e+04   1.1779139e+04
   1.4000000e+01  -2.3177869e+03   1.5711752e+04
   1.5000000e+01  -1.0745960e+03   1.3646236e+04
   1.6000000e+01  -4.7091000e+03   1.0110338e+04
   1.7000000e+01  -7.2904510e+03   6.7767270e+03
   1.8000000e+01  -6.4259610e+03   3.8988997e+03
   1.9000000e+01  -4.1050137e+03   5.0225048e+03
   2.0000000e+01  -5.1790135e+03   5.6383676e+03
   2.1000000e+01  -4.9139740e+03  -1.2110485e+02
   2.2000000e+01  -1.3185697e+03  -6.2880053e+03
   2.3000000e+01  -3.9967452e+03  -1.8059880e+03
   2.4000000e+01  -5.7369202e+03   7.8926836e+03
   2.5000000e+01   3.6257135e+02   9.0354659e+03
   2.6000000e+01   1.8048040e+03   5.3541367e+03
   2.7000000e+01  -2.3828818e+03   6.1734759e+03
   2.8000000e+01  -4.7792823e+03   1.1945198e+04
   2.9000000e+01  -2.0741429e+03   1.6037940e+04
   3.0000000e+01   6.9391083e+03   1.2191459e+04
   3.1000000e+01   1.3377605e+04   9.9074371e+03
   3.2000000e+01   1.3125991e+04   1.3202558e+04
   3.3000000e+01   1.1426334e+04   6.8492136e+03
   3.4000000e+01   9.3393850e+03  -5.1955465e+03
   3.5000000e+01   9.2743685e+03  -6.3638806e+03
   3.6000000e+01   1.1450326e+04  -2.9224535e+03
   3.7000000e+01   1.1606862e+04  -3.4929934e+03
   3.8000000e+01   1.2425515e+04  -3.7936635e+03
   3.9000000e+01   1.6464038e+04  -2.4779514e+03
   4.0000000e+01   1.5827758e+04  -2.1273919e+03
   4.1000000e+01   5.7336455e+03  -5.0943697e+03
   4.2000000e+01  -3.1440633e+03  -7.3670948e+03
   4.3000000e+01  -1.9893093e+03  -1.9244015e+03
   4.4000000e+01   5.4021882e+03   1.8371954e+03
   4.5000000e+01   1.3536172e+04  -5.1075311e+03
   4.6000000e+01   1.4686323e+04  -9.2021727e+03
   4.7000000e+01   7.7692561e+03  -3.3628591e+03
   4.8000000e+01   4.4597104e+03  -6.1957666e+02
   4.9000000e+01   5.7219627e+03  -6.1678589e+03
   5.0000000e+01   5.3028094e+03  -1.1675835e+04
   5.1000000e+01   5.7386008e+03  -1.2441976e+04
   5.2000000e+01   6.0228570e+03  -8.7537231e+03
   5.3000000e+01   3.6986014e+03  -4.2371817e+03
   5.4000000e+01   1.5195396e+03  -6.6116206e+03
   5.5000000e+01  -1.4365187e+03  -1.2302242e+04
   5.6000000e+01  -5.7435040e+03  -1.1253959e+04
   5.7000000e+01  -7.6227516e+03  -7.9123631e+03
   5.8000000e+01  -3.8969119e+03  -8.0465000e+03
   5.9000000e+01   3.6141452e+03  -1.0765367e+04
   6.0000000e+01   4.9629670e+03  -1.3473225e+04
   6.1000000e+01  -3.1111363e+03  -7.4361795e+03
   6.2000000e+01  -7.7948307e+03   3.0150288e+03
   6.3000000e+01  -2.5817558e+03   3.6587280e+03
   6.4000000e+01   2.0144037e+03  -6.1680555e+02
   6.5000000e+01  -1.6158988e+03  -3.8941989e+03
   6.6000000e+01  -6.6794834e+03  -7.1810693e+03
   6.7000000e+01  -7.5282451e+03  -2.4049268e+03
   6.8000000e+01  -8.7834175e+03   7.3110106e+03
   6.9000000e+01  -1.2105416e+04   9.4710392e+03
   7.0000000e+01  -1.6476654e+04   5.6949194e+03
   7.1000000e+01  -2.0737618e+04  -6.0269823e+02
   7.2000000e+01  -1.6725455e+04  -4.5397084e+03
   7.3000000e+01  -8.0254662e+03   1.7043528e+03
   7.4000000e+01  -9.6854526e+03   7.3874645e+03
   7.5000000e+01  -1.6141317e+04   3.6566630e+03
   7.6000000e+01  -1.4850468e+04   3.2087968e+03
   7.7000000e+01  -9.9145417e+03   8.2204110e+03
   7.8000000e+01  -4.3540237e+03   9.3952522e+03
   7.9000000e+01   1.1404325e+03   9.9210064e+03
   8.0000000e+01  -1.2748221e+03   1.1433301e+04
   8.1000000e+01  -7.8989056e+03   8.7452476e+03
   8.2000000e+01  -6.1612496e+03   7.1198521e+03
   8.3000000e+01   9.0936276e+02   1.1571370e+04
   8.4000000e+01   3.1085543e+03   1.4129477e+04
   8.5000000e+01   5.5293078e+02   1.1272634e+04
   8.6000000e+01  -6.0458570e+01   7.7958468e+03
   8.7000000e+01   1.9375771e+03   3.9473718e+03
   8.8000000e+01   1.4838949e+03   1.0783858e+03
   8.9000000e+01   6.3346592e+02   1.5632333e+03
   9.0000000e+01  -1.3812763e+03   2.2172540e+01
   9.1000000e+01  -6.8370425e+03  -3.4747851e+03
   9.2000000e+01  -2.1341240e+03  -7.3854483e+02
   9.3000000e+01   1.0954554e+04   4.7457519e+03
   9.4000000e+01   1.2756871e+04   4.3287239e+03
   9.5000000e+01   7.9884352e+03   1.2480821e+03
   9.6000000e+01   6.7098760e+03   2.4572022e+02
   9.7000000e+01   5.9115649e+03  -2.0893010e+01
   9.8000000e+01   9.6059218e+03  -5.5520944e+02
   9.9000000e+01   1.7518407e+04  -8.1682149e+02
   1.0000000e+02   1.8422127e+04   3.6657453e+02
   1.0100000e+02   1.1996290e+04   1.0971249e+03
   1.0200000e+02   8.2465115e+03  -2.1259114e+03
   1.0300000e+02   1.0093752e+04  -6.0201543e+03
   1.0400000e+02   1.2705619e+04  -5.0903237e+03
   1.0500000e+02   1.1332481e+04  -1.5775554e+03
   1.0600000e+02   8.5198073e+03  -2.5034371e+03
   1.0700000e+02   1.1121642e+04  -7.0396354e+03
   1.0800000e+02   1.3223594e+04  -7.4047274e+03
   1.0900000e+02   6.3476565e+03  -3.4623024e+03
   1.1000000e+02  -1.9907502e+03  -3.2508042e+02
   1.1100000e+02  -3.2553285e+03  -1.2213460e+03
   1.1200000e+02   1.8239973e+03  -6.5227647e+03
   1.1300000e+02   4.8383102e+03  -1.0059245e+04
   1.1400000e+02  -1.1188056e+03  -9.7029539e+03
   1.1500000e+02  -8.8781894e+03  -1.0378544e+04
   1.1600000e+02  -9.0705616e+03  -1.1273374e+04
   1.1700000e+02  -2.0767168e+02  -1.0843570e+04
   1.1800000e+02   9.1203221e+03  -1.0196280e+04
   1.1900000e+02   6.4144945e+03  -6.9297249e+03
   1.2000000e+02  -4.4436595e+03  -1.8362855e+03
   1.2100000e+02  -1.1110272e+04  -2.0529144e+03
   1.2200000e+02  -9.1900169e+03  -7.6693994e+03
   1.2300000e+02  -4.2583054e+03  -7.5883544e+03
   1.2400000e+02  -5.4150218e+03  -1.6769293e+03
   1.2500000e+02  -8.6230639e+03  -1.9674908e+03
   1.2600000e+02  -8.7842320e+03  -2.0556069e+03
   1.2700000e+02  -8.3422879e+03   7.0312837e+03
   1.2800000e+02  -4.6036542e+03   8.7421747e+03
   1.2900000e+02  -2.3568000e+03  -7.9589908e+02
   1.3000000e+02  -8.7897807e+03  -6.5624634e+02
   1.3100000e+02  -1.7324276e+04   9.1948055e+03
   1.3200000e+02  -1.8712188e+04   1.2249600e+04
   1.3300000e+02  -8.1717781e+03   8.0288393e+03
   1.3400000e+02   3.8057178e+03   5.3477710e+03
   1.3500000e+02  -4.2775268e+02   5.6086952e+03
   1.3600000e+02  -1.3464958e+04   2.7959281e+03
   1.3700000e+02  -1.6070244e+04  -1.5882312e+03
   1.3800000e+02  -6.0292212e+03   2.5581906e+02
   1.3900000e+02   6.6214516e+03   5.5457821e+03
   1.4000000e+02   8.2723019e+03   9.6195452e+03
   1.4100000e+02  -4.1844022e+03   1.1832307e+04
   1.4200000e+02  -1.3049415e+04   8.7165377e+03
   1.4300000e+02  -6.9172615e+03   2.0115520e+03
   1.4400000e+02   1.2889180e+03  -1.7142644e+02
   1.4500000e+02   3.8199035e+02   6.4615454e+03
   1.4600000e+02  -2.9034846e+03   1.3434255e+04
   1.4700000e+02  -1.6984457e+03   1.0289015e+04
   1.4800000e+02  -1.4885541e+03   4.3587151e+03
   1.4900000e+02  -4.3207483e+03   2.4090042e+03
   1.5000000e+02  -1.5113527e+03  -7.1900454e+02
   1.5100000e+02   6.3494978e+03  -3.5365784e+03
   1.5200000e+02   1.1161750e+04  -3.7799491e+03
   1.5300000e+02   1.3256314e+04  -3.1737807e+03
   1.5400000e+02   1.3971873e+04   2.4621555e+02
   1.5500000e+02   1.2239064e+04   5.4251696e+03
   1.5600000e+02   8.5893418e+03   8.4326844e+03
   1.5700000e+02   3.9786377e+03   7.7570420e+03
   1.5800000e+02   2.3580994e+03   5.3478385e+03
   1.5900000e+02   6.7152233e+03   5.1437558e+03
   1.6000000e+02   1.1448620e+04   4.7353561e+03
   1.6100000e+02   8.8143810e+03   2.5528382e+02
   1.6200000e+02   1.7813214e+03  -4.9548170e+03
   1.6300000e+02   1.1220587e+03  -8.9599232e+03
   1.6400000e+02   8.7136532e+03  -1.2945342e+04
   1.6500000e+02   1.2923237e+04  -1.5441801e+04
   1.6600000e+02   5.9576793e+03  -1.3712672e+04
   1.6700000e+02  -7.5692223e+02  -8.8683803e+03
   1.6800000e+02   4.9322362e+03  -8.1305530e+03
   1.6900000e+02   1.3345433e+04  -1.0760104e+04
   1.7000000e+02   1.2334966e+04  -9.6205494e+03
   1.7100000e+02   5.6181392e+03  -8.9738179e+03
   1.7200000e+02  -1.5036231e+03  -8.0704117e+03
   1.7300000e+02  -5.3879714e+03  -1.0827504e+02
   1.7400000e+02  -6.8315804e+02   6.4929096e+03
   1.7500000e+02   4.9233337e+03   3.1268416e+03
   1.7600000e+02   1.8570367e+03  -6.0593832e+03
   1.7700000e+02  -1.1126764e+03  -8.1415881e+03
   1.7800000e+02  -9.0451562e+02  -6.7540805e+02
   1.7900000e+02  -4.0278748e+03  -1.7806341e+03
   1.8000000e+02  -5.5774987e+03  -9.5481421e+03
   1.8100000e+02  -3.7196828e+03  -6.9619893e+03
   1.8200000e+02  -4.1000335e+03  -2.7105352e+03
   1.8300000e+02  -9.3946626e+03  -7.4844878e+03
   1.8400000e+02  -1.5650702e+04  -1.3562710e+04
   1.8500000e+02  -1.1454841e+04  -1.0589937e+04
   1.8600000e+02  -2.2462672e+03  -1.7937885e+03
   1.8700000e+02  -4.6767211e+03   4.8597280e+02
   1.8800000e+02  -1.3534726e+04  -1.3269955e+03
   1.8900000e+02  -1.4916241e+04   1.4275930e+03
   1.9000000e+02  -7.8693701e+03   7.2651897e+03
   1.9100000e+02  -3.2613157e+03   9.2278535e+03
   1.9200000e+02  -6.0716560e+03   5.8430196e+03
   1.9300000e+02  -6.6998540e+03   8.3933260e+03
   1.9400000e+02  -3.1600319e+03   1.4682197e+04
   1.9500000e+02  -1.3089324e+03   1.0322032e+04
   1.9600000e+02  -2.2220420e+03   2.5508754e+03
   1.9700000e+02  -4.8779621e+03   5.0078760e+03
   1.9800000e+02  -4.7965981e+03   1.6550263e+04
   1.9900000e+02  -3.2997634e+03   2.2138767e+04
   2.0000000e+02  -4.9555207e+03   1.1982855e+04
   2.0100000e+02  -5.4125633e+03   1.9380018e+03
   2.0200000e+02  -3.9387822e+03   3.5789330e+03
   2.0300000e+02  -4.2916155e+03   8.8373169e+03
   2.0400000e+02  -3.9759939e+03   1.2497969e+04
   2.0500000e+02  -1.5087940e+01   1.1943444e+04
   2.0600000e+02   4.2480688e+03   4.9253033e+03
   2.0700000e+02   3.3525765e+03  -2.8427122e+03
   2.0800000e+02  -1.8942381e+02  -1.7193585e+03
   2.0900000e+02   2.2191918e+03   4.9309410e+03
   2.1000000e+02   1.1407580e+04   4.9539517e+03
   2.1100000e+02   1.6839218e+04   2.7096490e+03
   2.1200000e+02   1.2091015e+04   6.6006883e+03
   2.1300000e+02   6.2617938e+03   1.0440929e+04
   2.1400000e+02   6.4986168e+03   6.8096909e+03
   2.1500000e+02   6.1064009e+03  -2.7162539e+03
   2.1600000e+02   1.9038703e+03  -7.3547490e+03
   2.1700000e+02   3.4851510e+01  -2.4396232e+03
   2.1800000e+02   3.5622895e+03   1.5702208e+03
   2.1900000e+02   8.3952891e+03  -1.7708177e+03
   2.2000000e+02   5.9270581e+03  -7.4364710e+03
   2.2100000e+02  -3.9292110e+03  -8.0100177e+03
   2.2200000e+02  -4.4825252e+03  -3.1622302e+03
   2.2300000e+02   8.0930954e+03  -2.3217055e+03
   2.2400000e+02   1.4657866e+04  -9.0266242e+03
   2.2500000e+02   1.1278366e+04  -1.5377590e+04
   2.2600000e+02   8.9649222e+03  -1.6142842e+04
   2.2700000e+02   8.5361507e+03  -1.2690733e+04
   2.2800000e+02   7.8294911e+03  -8.4916054e+03
   2.2900000e+02   5.7511491e+03  -7.1841889e+03
   2.3000000e+02   1.4909162e+03  -1.0174268e+04
   2.3100000e+02  -3.0737550e+02  -1.3650587e+04
   2.3200000e+02   4.7712589e+03  -1.1633813e+04
   2.3300000e+02   1.0167041e+04  -8.2408394e+03
   2.3400000e+02   4.2078997e+03  -9.9932926e+03
   2.3500000e+02  -5.7983097e+03  -7.3937482e+03
   2.3600000e+02  -5.0781262e+03   2.1408812e+03
   2.3700000e+02   5.3161125e+02   1.9414548e+03
   2.3800000e+02   1.4895893e+03  -9.7914100e+03
   2.3900000e+02  -3.4052481e+03  -1.7249191e+04
   2.4000000e+02  -9.7488232e+03  -1.2147928e+04
   2.4100000e+02  -8.0045604e+03  -4.8976540e+02
   2.4200000e+02  -2.4739079e+03   5.0105530e+03
   2.4300000e+02  -3.1808205e+03   2.7873790e+03
   2.4400000e+02  -7.7971360e+03   1.4947796e+03
   2.4500000e+02  -1.2891411e+04   1.7975517e+03
   2.4600000e+02  -1.3811822e+04  -1.1357168e+03
   2.4700000e+02  -9.5411651e+03  -2.7976293e+03
   2.4800000e+02  -7.7853225e+03   3.5834210e+03
   2.4900000e+02  -8.2730273e+03   6.9372202e+03
   2.5000000e+02  -8.2792265e+03  -1.4980490e+02
   2.5100000e+02  -9.2055831e+03  -1.6250617e+03
   2.5200000e+02  -8.8069259e+03   6.7671504e+03
   2.5300000e+02  -7.7179130e+03   1.3547148e+04
   2.5400000e+02  -6.0492592e+03   1.5370592e+04
   2.5500000e+02  -1.0736059e+03   1.0607819e+04
   2.5600000e+02   2.5299475e+03   5.3414185e+03
   2.5700000e+02  -8.3732295e+01   1.0946391e+04
   2.5800000e+02  -6.9379344e+03   2.0936752e+04
   2.5900000e+02  -1.1345281e+04   2.1402551e+04
   2.6000000e+02  -8.1166231e+03   1.0493999e+04
   2.6100000e+02  -4.0127054e+03  -2.4092252e+02
   2.6200000e+02  -4.0737316e+03   2.4973242e+03
   2.6300000e+02  -1.8539646e+03   1.0514715e+04
   2.6400000e+02   3.3456930e+02   6.1593162e+03
   2.6500000e+02  -2.8327373e+03  -1.8977293e+03
   2.6600000e+02  -2.1271112e+03   2.9248590e+03
   2.6700000e+02   4.7381574e+03   1.3330319e+04
   2.6800000e+02   6.7533915e+03   1.5939366e+04
   2.6900000e+02   5.2356184e+03   8.9197867e+03
   2.7000000e+02   6.0949133e+03  -1.7495389e+03
   2.7100000e+02   6.3316102e+03  -6.7925413e+03
   2.7200000e+02   7.9469728e+03  -1.2938383e+03
   2.7300000e+02   9.3649671e+03   1.0571114e+04
   2.7400000e+02   3.3969848e+03   1.4470185e+04
   2.7500000e+02   7.8239363e+02   2.3814614e+03
   2.7600000e+02   1.0312067e+04  -7.7926961e+03
   2.7700000e+02   1.5407207e+04  -2.4020229e+03
   2.7800000e+02   6.2906116e+03   1.5869215e+03
   2.7900000e+02  -2.5076847e+02  -6.2375378e+03
   2.8000000e+02   6.6688000e+03  -1.1257860e+04
   2.8100000e+02   1.2310873e+04  -7.1381304e+03
   2.8200000e+02   9.4834731e+03  -2.2444427e+03
   2.8300000e+02   1.0654212e+04  -1.5477810e+03
   2.8400000e+02   1.4658705e+04  -8.4200599e+03
   2.8500000e+02   1.2212801e+04  -1.8831309e+04
   2.8600000e+02   7.2180813e+03  -1.9263298e+04
   2.8700000e+02   4.4007470e+03  -1.0347262e+04
   2.8800000e+02   5.7046492e+03  -4.7288367e+03
   2.8900000e+02   7.8941665e+03  -6.4306553e+03
   2.9000000e+02   5.1259957e+03  -1.1635962e+04
   2.9100000e+02   4.3198744e+03  -1.3045002e+04
   2.9200000e+02   5.3010007e+03  -7.3773194e+03
   2.9300000e+02  -4.4072725e+02  -2.3093022e+03
   2.9400000e+02  -4.8422733e+03  -5.0331304e+03
   2.9500000e+02  -6.3677487e+03  -1.2139355e+04
   2.9600000e+02  -9.5661625e+03  -1.3273476e+04
   2.9700000e+02  -7.2381814e+03  -4.0826319e+03
   2.9800000e+02  -4.9169161e+03   4.3674294e+03
   2.9900000e+02  -6.2830643e+03   1.6694866e+03
   3.0000000e+02  -2.8980903e+03  -5.3737473e+03
   3.0100000e+02  -1.8476559e+02  -6.8794167e+03
   3.0200000e+02   1.1215519e+03  -4.9716848e+03
   3.0300000e+02   3.2822434e+03  -4.0450949e+03
   3.0400000e+02  -2.9926869e+03  -6.2556038e+02
   3.0500000e+02  -1.1128109e+04   2.9683099e+03
   3.0600000e+02  -1.0852617e+04  -1.9642672e+03
   3.0700000e+02  -7.8974503e+03  -6.9234999e+03
   3.0800000e+02  -5.4581374e+03  -2.3330723e+03
   3.0900000e+02  -5.7133175e+03   3.1187327e+03
   3.1000000e+02  -1.2110644e+04   5.5499169e+03
   3.1100000e+02  -1.7335716e+04   5.7422394e+03
   3.1200000e+02  -1.5103716e+04   4.7010300e+03
   3.1300000e+02  -1.2820150e+04   7.6366680e+03
   3.1400000e+02  -1.3267058e+04   8.4167792e+03
   3.1500000e+02  -9.1948710e+03   4.7296655e+03
   3.1600000e+02  -2.9678760e+03   4.8724466e+03
   3.1700000e+02  -1.8286104e+03   7.6070324e+03
   3.1800000e+02  -5.3954207e+03   1.2067805e+04
   3.1900000e+02  -8.9110340e+03   1.5368218e+04
   3.2000000e+02  -8.2695511e+03   1.0649464e+04
   3.2100000e+02  -4.0553398e+03   5.2054689e+03
   3.2200000e+02   1.5187252e+03   6.1238297e+03
   3.2300000e+02   3.2030824e+03   7.9678723e+03
   3.2400000e+02  -8.2495227e+02   7.2273330e+03
   3.2500000e+02  -2.0098622e+03   8.5360594e+03
   3.2600000e+02  -1.7195350e+03   1.2429158e+04
   3.2700000e+02  -3.7003906e+03   1.1600919e+04
   3.2800000e+02  -7.4167158e+02   7.3869067e+03
   3.2900000e+02   4.2071596e+03   4.0271965e+03
   3.3000000e+02   6.7468700e+03   4.4752728e+02
   3.3100000e+02   9.3263182e+03   1.2463503e+03
   3.3200000e+02   7.2799697e+03   6.5227501e+03
   3.3300000e+02   2.5231310e+03   9.3227218e+03
   3.3400000e+02   4.3494612e+03   7.1458776e+03
   3.3500000e+02   9.5153710e+03  -1.3674179e+03
   3.3600000e+02   1.2288090e+04  -8.9624605e+03
   3.3700000e+02   1.4018334e+04  -4.2608344e+03
   3.3800000e+02   1.0792756e+04   2.6391520e+03
   3.3900000e+02   5.6957515e+03  -1.5802564e+03
   3.4000000e+02   1.1591326e+04  -5.7795466e+03
   3.4100000e+02   1.9122415e+04  -3.7939978e+03
   3.4200000e+02   1.5989504e+04  -5.5311072e+03
   3.4300000e+02   1.1698291e+04  -8.0677850e+03
   3.4400000e+02   8.4698349e+03  -5.9465352e+03
   3.4500000e+02   4.9365894e+03  -4.9551932e+03
   3.4600000e+02   6.9541483e+03  -6.6772776e+03
   3.4700000e+02   1.0554378e+04  -6.7522879e+03
   3.4800000e+02   9.1533011e+03  -4.7669183e+03
   3.4900000e+02   4.5332206e+03  -6.9119351e+03
   3.5000000e+02   4.1539679e+03  -1.1521574e+04
   3.5100000e+02   7.8883323e+03  -9.7303583e+03
   3.5200000e+02   4.1735891e+03  -5.5891470e+03
   3.5300000e+02  -4.4406300e+03  -5.2514953e+03
   3.5400000e+02  -4.6481429e+03  -7.1061292e+03
   3.5500000e+02  -8.5633085e+02  -9.1621006e+03
   3.5600000e+02  -3.2339532e+03  -1.0100537e+04
   3.5700000e+02  -6.2455959e+03  -1.2373686e+04
   3.5800000e+02  -3.8905148e+03  -1.3434116e+04
   3.5900000e+02  -1.2353448e+03  -7.9534676e+03
   3.6000000e+02  -8.7657282e+02  -1.8067516e+03
   3.6100000e+02  -3.7878029e+03  -1.5231857e+03
   3.6200000e+02  -9.2074943e+03  -6.0668866e+03
   3.6300000e+02  -9.5431629e+03  -7.6607133e+03
   3.6400000e+02  -7.1379234e+03  -1.3385986e+03
   3.6500000e+02  -7.3762925e+03   2.9474681e+03
   3.6600000e+02  -6.6988895e+03   1.9588999e+02
   3.6700000e+02  -9.8869579e+03   2.1770716e+03
   3.6800000e+02  -1.7963222e+04   1.0996681e+04
   3.6900000e+02  -1.7788576e+04   1.1454310e+04
   3.7000000e+02  -9.2152462e+03   1.9001144e+03
   3.7100000e+02  -4.8527396e+03  -1.0534443e+03
   3.7200000e+02  -8.0791518e+03   4.7411191e+03
   3.7300000e+02  -1.1464551e+04   6.9555120e+03
   3.7400000e+02  -8.1880273e+03   3.0003303e+03
   3.7500000e+02  -4.2807517e+03   2.0398311e+03
   3.7600000e+02  -7.9711470e+03   8.7480187e+03
   3.7700000e+02  -9.3439873e+03   1.2033997e+04
   3.7800000e+02  -1.6071071e+03   6.3052545e+03
   3.7900000e+02   5.3825740e+02   2.6363604e+03
   3.8000000e+02  -6.8851410e+03   4.5325364e+03
   3.8100000e+02  -9.3654648e+03   7.4304432e+03
   3.8200000e+02  -4.5625150e+03   1.1544324e+04
   3.8300000e+02  -1.0678615e+03   1.4950789e+04
   3.8400000e+02  -9.3498639e+02   1.1426924e+04
   3.8500000e+02  -1.8661053e+03   2.5324319e+03
   3.8600000e+02  -3.3086537e+02   1.3646852e+03
   3.8700000e+02   5.1179299e+03   1.1252380e+04
   3.8800000e+02   6.6737996e+03   1.5425417e+04
   3.8900000e+02   1.3719914e+03   6.1623707e+03
   3.9000000e+02   1.4036698e+03  -7.8726640e+02
   3.9100000e+02   8.8080889e+03   1.2761155e+03
   3.9200000e+02   1.1786806e+04  -3.5862084e+02
   3.9300000e+02   1.0023878e+04  -4.4068456e+03
   3.9400000e+02   9.2991613e+03  -1.4650361e+02
   3.9500000e+02   8.6920056e+03   4.2404892e+03
   3.9600000e+02   9.1203634e+03  -3.0772295e+02
   3.9700000e+02   1.1689994e+04  -5.3434175e+03
   3.9800000e+02   9.5885070e+03  -4.0877954e+03
   3.9900000e+02   2.5512110e+03  -2.4444443e+03
   4.0000000e+02   1.9460376e+03  -4.0454984e+03
   4.0100000e+02   7.8339206e+03  -5.6748252e+03
   4.0200000e+02   1.1147599e+04  -5.8000030e+03
   4.0300000e+02   9.3073331e+03  -2.7758745e+03
   4.0400000e+02   3.3034950e+03   9.7427213e+02
   4.0500000e+02   3.2519313e+02  -4.5972310e+02
   4.0600000e+02   4.4672085e+03  -6.1753273e+03
   4.0700000e+02   8.8300368e+03  -1.2486496e+04
   4.0800000e+02   1.0284958e+04  -1.1579261e+04
   4.0900000e+02   8.1431285e+03  -2.0642288e+03
   4.1000000e+02   4.4924188e+03   7.0324500e+02
   4.1100000e+02   5.5712033e+03  -5.8708169e+03
   4.1200000e+02   6.1465265e+03  -1.1303306e+04
   4.1300000e+02   2.3745621e+03  -1.2946300e+04
   4.1400000e+02   3.5386570e+03  -8.7766287e+03
   4.1500000e+02   8.5682555e+03  -4.7155464e+03
   4.1600000e+02   5.9795172e+03  -8.3707839e+03
   4.1700000e+02  -3.6521337e+03  -9.8340183e+03
   4.1800000e+02  -1.0257084e+04  -4.9262058e+03
   4.1900000e+02  -9.6068116e+03  -4.2409891e+03
   4.2000000e+02  -6.0662746e+03  -9.3819715e+03
   4.2100000e+02  -5.5989276e+03  -1.1071805e+04
   4.2200000e+02  -8.7423836e+03  -3.3219978e+03
   4.2300000e+02  -1.0855246e+04   6.0594551e+03
   4.2400000e+02  -8.4386838e+03   4.5522718e+03
   4.2500000e+02  -5.2203470e+03  -2.6462261e+03
   4.2600000e+02  -7.1022024e+03  -2.7310792e+03
   4.2700000e+02  -8.2834929e+03   1.9133957e+03
   4.2800000e+02  -2.1046257e+03   2.7123945e+03
   4.2900000e+02   1.8202677e+03  -3.0088356e+02
   4.3000000e+02  -3.5446352e+03  -7.4804699e+02
   4.3100000e+02  -1.0700375e+04   4.4730831e+03
   4.3200000e+02  -1.3579242e+04   1.1098723e+04
   4.3300000e+02  -1.3563820e+04   1.1618283e+04
   4.3400000e+02  -1.1711686e+04   3.8482046e+03
   4.3500000e+02  -6.3946600e+03  -9.3770660e+02
   4.3600000e+02  -2.8691883e+03   4.7887169e+03
   4.3700000e+02  -6.4222211e+03   1.0340064e+04
   4.3800000e+02  -8.9380243e+03   9.7070879e+03
   4.3900000e+02  -7.2454752e+03   8.2004495e+03
   4.4000000e+02  -6.7666926e+03   1.0006236e+04
   4.4100000e+02  -5.6929076e+03   1.3923805e+04
   4.4200000e+02  -4.0150675e+03   1.2298681e+04
   4.4300000e+02  -1.4625895e+03   7.7281168e+03
   4.4400000e+02   6.2395570e+03   9.6382253e+03
   4.4500000e+02   9.2321698e+03   1.3384118e+04
   4.4600000e+02  -4.8274700e+02   1.2151887e+04
   4.4700000e+02  -8.4649222e+03   5.9157425e+03
   4.4800000e+02  -5.4596139e+03  -2.1401230e+02
   4.4900000e+02   1.0760925e+03   8.4342398e+02
   4.5000000e+02   6.4656424e+03   5.5505685e+03
   4.5100000e+02   1.0070919e+04   6.5051193e+03
   4.5200000e+02   1.1203734e+04   3.1385087e+03
   4.5300000e+02   9.5575133e+03   7.2643630e+02
   4.5400000e+02   5.9741254e+03   2.8390847e+03
   4.5500000e+02   5.7876712e+03   1.7515001e+03
   4.5600000e+02   9.6020022e+03  -4.3456786e+03
   4.5700000e+02   1.0806803e+04  -4.8518069e+03
   4.5800000e+02   9.2945704e+03  -3.0918775e+02
   4.5900000e+02   1.0455684e+04   7.7343792e+02
   4.6000000e+02   1.2376004e+04  -2.6852099e+03
   4.6100000e+02   7.2922661e+03  -6.8891602e+03
   4.6200000e+02  -4.6660127e+02  -8.0842639e+03
   4.6300000e+02   5.9318310e+02  -6.1297557e+03
   4.6400000e+02   5.1188710e+03  -4.5214927e+03
   4.6500000e+02   3.5463125e+03  -5.7697933e+03
   4.6600000e+02   1.5161520e+01  -7.9346734e+03
   4.6700000e+02   3.1040421e+02  -9.4425992e+03
   4.6800000e+02   3.0662130e+03  -1.2929700e+04
   4.6900000e+02   2.9186217e+03  -1.6789632e+04
   4.7000000e+02   2.3320399e+03  -1.7015954e+04
   4.7100000e+02   7.6927811e+03  -1.4350902e+04
   4.7200000e+02   1.0182544e+04  -9.3251194e+03
   4.7300000e+02   3.5983202e+03  -7.1186429e+03
   4.7400000e+02   3.1406327e+02  -1.3094798e+04
   4.7500000e+02   4.6234888e+03  -1.5663884e+04
   4.7600000e+02   7.4274994e+03  -7.2254214e+03
   4.7700000e+02   4.7880020e+03  -1.0660737e+03
   4.7800000e+02  -2.1595228e+03  -3.5733927e+03
   4.7900000e+02  -7.4395591e+03  -6.4103899e+03
   4.8000000e+02  -5.7366316e+03  -5.0649920e+03
   4.8100000e+02  -3.9982470e+03  -2.4266963e+03
   4.8200000e+02  -5.2055925e+03  -3.1793862e+03
   4.8300000e+02  -4.0926042e+03  -5.0324896e+03
   4.8400000e+02  -5.1337050e+03  -1.0198931e+03
   4.8500000e+02  -8.4807119e+03   4.5419241e+03
   4.8600000e+02  -6.5828141e+03   4.3826037e+03
   4.8700000e+02  -5.1255973e+03   4.0659749e+03
   4.8800000e+02  -8.2801094e+03   6.4100357e+03
   4.8900000e+02  -8.5540589e+03   6.1083647e+03
   4.9000000e+02  -6.4351365e+03   3.9507052e+03
   4.9100000e+02  -7.6782276e+03   1.5403425e+03
   4.9200000e+02  -9.6269610e+03   1.2723180e+03
   4.9300000e+02  -7.8959168e+03   7.3644855e+03
   4.9400000e+02  -5.7287004e+03   1.3133055e+04
   4.9500000e+02  -8.4131519e+03   1.3636388e+04
   4.9600000e+02  -1.2450076e+04   1.2676102e+04
   4.9700000e+02  -9.5071797e+03   1.0233372e+04
   4.9800000e+02  -1.7580099e+03   7.4283599e+03
   4.9900000e+02   4.2656361e+02   5.7820958e+03
   5.0000000e+02  -2.7506905e+03   6.1348618e+03
   5.0100000e+02  -4.2220636e+03   1.1246295e+04
   5.0200000e+02  -5.8942804e+03   1.6119875e+04
   5.0300000e+02  -7.9617745e+03   1.4656489e+04
   5.0400000e+02  -4.1038710e+03   9.6838580e+03
   5.0500000e+02   1.2881803e+03   8.5772418e+03
   5.0600000e+02   8.9575686e+02   1.2090370e+04
   5.0700000e+02  -1.4038485e+03   1.0121817e+04
   5.0800000e+02  -1.8652313e+03   3.8648775e+03
   5.0900000e+02   4.7796180e+02   3.2448424e+03
   5.1000000e+02   7.5199912e+03   3.6453790e+03
   5.1100000e+02   1.4786472e+04   1.6260338e+03
   5.1200000e+02   1.2668034e+04   1.8339214e+03
   5.1300000e+02   7.1138072e+02   3.1274243e+03
   5.1400000e+02  -3.8789118e+03   2.2830215e+03
   5.1500000e+02   8.1388672e+03  -1.5350382e+03
   5.1600000e+02   1.6710158e+04  -5.2926735e+03
   5.1700000e+02   1.0110904e+04  -6.0736953e+03
   5.1800000e+02   5.9538504e+03  -5.4437859e+03
   5.1900000e+02   1.2692381e+04  -2.1915180e+03
   5.2000000e+02   1.5343146e+04   1.7389865e+03
   5.2100000e+02   7.2465136e+03  -2.4450595e+03
   5.2200000e+02   2.6729701e+03  -1.1229780e+04
   5.2300000e+02   9.0432097e+03  -1.2053673e+04
   5.2400000e+02   1.4975459e+04  -5.3671151e+03
   5.2500000e+02   1.0717404e+04  -4.4581340e+01
   5.2600000e+02   7.6626865e+02  -1.6876445e+03
   5.2700000e+02  -2.3465980e+03  -9.1481422e+03
   5.2800000e+02   1.1376565e+03  -1.1708245e+04
   5.2900000e+02   1.0495877e+03  -5.5329680e+03
   5.3000000e+02   1.3423113e+03  -3.2089705e+03
   5.3100000e+02   5.2675354e+03  -9.1539201e+03
   5.3200000e+02   4.6656170e+03  -1.2326411e+04
   5.3300000e+02  -6.1203400e+00  -9.3548520e+03
   5.3400000e+02  -7.1434893e+02  -8.0744947e+03
   5.3500000e+02   4.0861070e+03  -1.2692480e+04
   5.3600000e+02   6.3566002e+03  -1.8069253e+04
   5.3700000e+02   1.7594445e+03  -1.3961515e+04
   5.3800000e+02  -4.3537628e+03  -4.1987251e+03
   5.3900000e+02  -8.7623811e+03  -6.9375763e+03
   5.4000000e+02  -9.1049238e+03  -1.7261721e+04
   5.4100000e+02  -5.4131820e+03  -1.4911020e+04
   5.4200000e+02  -2.6650797e+03  -5.1552847e+03
   5.4300000e+02  -2.9767262e+03  -2.4112156e+03
   5.4400000e+02  -7.1882366e+03  -5.5873704e+03
   5.4500000e+02  -1.1194786e+04  -8.7693110e+03
   5.4600000e+02  -1.0931312e+04  -7.1724202e+03
   5.4700000e+02  -1.0167289e+04   1.7272035e+03
   5.4800000e+02  -9.2897350e+03   1.0664805e+04
   5.4900000e+02  -9.8280310e+03   9.5555979e+03
   5.5000000e+02  -1.2485204e+04   4.2704087e+03
   5.5100000e+02  -9.5820638e+03   3.4249109e+03
   5.5200000e+02  -4.2467544e+03   3.5231542e+03
   5.5300000e+02  -5.9958984e+03   8.1797497e+03
   5.5400000e+02  -1.1516910e+04   1.7939282e+04
   5.5500000e+02  -1.2256388e+04   1.9846934e+04
   5.5600000e+02  -6.5612848e+03   1.4613517e+04
   5.5700000e+02  -6.0635051e+02   1.1107848e+04
   5.5800000e+02   1.6071701e+03   1.0447653e+04
   5.5900000e+02  -3.2235928e+02   1.2348511e+04
   5.6000000e+02  -5.0512481e+03   1.3428445e+04
   5.6100000e+02  -4.6307031e+03   9.9487757e+03
   5.6200000e+02  -1.7699479e+02   5.7184689e+03
   5.6300000e+02  -5.6705612e+02   6.9727167e+03
   5.6400000e+02  -5.5830561e+02   9.3523455e+03
   5.6500000e+02   2.4031529e+03   4.5493268e+03
   5.6600000e+02   2.4212024e+03  -2.0385697e+03
   5.6700000e+02   2.7448125e+03  -1.8319500e+03
   5.6800000e+02   4.1602911e+03   5.6425828e+03
   5.6900000e+02   3.4938400e+03   1.3272958e+04
   5.7000000e+02   2.0512647e+03   1.0630287e+04
   5.7100000e+02   2.0146723e+03   3.6963550e+03
   5.7200000e+02   7.2519962e+03   4.7844244e+03
   5.7300000e+02   1.0665109e+04   9.2513449e+03
   5.7400000e+02   4.8880519e+03   9.1605096e+03
   5.7500000e+02   3.3762464e+03   2.1601498e+03
   5.7600000e+02   9.4739302e+03  -4.9692938e+03
   5.7700000e+02   1.2397305e+04   3.9112636e+02
   5.7800000e+02   1.1865229e+04   7.3735099e+03
   5.7900000e+02   6.9322461e+03  -5.8818066e+01
   5.8000000e+02   1.3664878e+03  -5.1802424e+03
   5.8100000e+02   5.3417219e+03   2.1684261e+03
   5.8200000e+02   1.1499136e+04   2.4975656e+03
   5.8300000e+02   8.4039128e+03  -7.9414212e+03
   5.8400000e+02   2.0751160e+03  -1.4889116e+04
   5.8500000e+02   1.8543476e+03  -1.2642098e+04
   5.8600000e+02   6.2785301e+03  -2.5245362e+03
   5.8700000e+02   9.9914338e+03   1.4289003e+03
   5.8800000e+02   9.4978647e+03  -1.0793471e+04
   5.8900000e+02   4.8187056e+03  -1.9374901e+04
   5.9000000e+02   2.8130346e+03  -1.2793235e+04
   5.9100000e+02   5.4909663e+03  -9.1548289e+03
   5.9200000e+02   6.7931225e+03  -1.3867819e+04
   5.9300000e+02   6.3572279e+03  -1.4730101e+04
   5.9400000e+02   6.3756878e+03  -1.0337366e+04
   5.9500000e+02   5.3190263e+03  -5.4579036e+03
   5.9600000e+02   3.0865990e+01  -2.4426917e+03
   5.9700000e+02  -7.9373558e+03  -4.9067118e+03
   5.9800000e+02  -9.0799245e+03  -1.1333756e+04
   5.9900000e+02  -3.0778252e+03  -1.2614719e+04
   6.0000000e+02  -1.8410659e+03  -4.7353982e+03
   6.0100000e+02  -6.4511661e+03   3.7270111e+03
   6.0200000e+02  -5.8563503e+03   2.4999146e+03
   6.0300000e+02  -9.4332510e+02  -7.3418243e+03
   6.0400000e+02  -5.3661671e+03  -1.5109569e+04
   6.0500000e+02  -1.6197532e+04  -1.2492425e+04
   6.0600000e+02  -1.7454871e+04  -3.7273776e+03
   6.0700000e+02  -1.0477927e+04   5.8154785e+02
   6.0800000e+02  -6.9206429e+03  -1.6797582e+03
   6.0900000e+02  -6.9959310e+03  -2.7237895e+03
   6.1000000e+02  -3.6713355e+03   3.6085519e+03
   6.1100000e+02  -1.1269296e+03   1.0587008e+04
   6.1200000e+02  -8.7398648e+03   9.1849057e+03
   6.1300000e+02  -1.7944930e+04   5.3118225e+03
   6.1400000e+02  -1.7766299e+04   6.1611344e+03
   6.1500000e+02  -1.1814553e+04   7.3322172e+03
   6.1600000e+02  -4.9253373e+03   6.1814146e+03
   6.1700000e+02  -3.2446162e+03   8.4844169e+03
   6.1800000e+02  -7.8667093e+03   1.5839975e+04
   6.1900000e+02  -9.9862609e+03   1.8061117e+04
   6.2000000e+02  -9.5269334e+03   1.0509846e+04
   6.2100000e+02  -8.1730953e+03   3.0905967e+03
   6.2200000e+02  -2.0303106e+03   1.2833030e+03
   6.2300000e+02   4.6158606e+03   2.9188871e+03
   6.2400000e+02   6.6630058e+03   8.1192323e+03
   6.2500000e+02   4.4624622e+03   1.2728372e+04
   6.2600000e+02   1.9999310e+03   1.0050151e+04
   6.2700000e+02   3.8306843e+03   5.3820920e+03
   6.2800000e+02   2.2103633e+03   6.3089422e+03
   6.2900000e+02  -3.8318085e+03   7.3665892e+03
   6.3000000e+02  -3.1400982e+02   3.9882699e+03
   6.3100000e+02   5.6031599e+03   9.1278271e+02
   6.3200000e+02   2.6772485e+03   1.6766960e+03
   6.3300000e+02   2.4456345e+03   3.8948265e+03
   6.3400000e+02   6.3836914e+03   3.2899118e+03
   6.3500000e+02   7.5378353e+03   2.7249974e+03
   6.3600000e+02   1.0785923e+04   4.3370614e+03
   6.3700000e+02   1.3072121e+04   2.6114364e+03
   6.3800000e+02   9.3125046e+03  -5.7213212e+02
   6.3900000e+02   1.0509568e+04  -6.2078826e+02
   6.4000000e+02   1.8670088e+04   3.0111543e+02
   6.4100000e+02   1.9157482e+04  -1.1830374e+03
   6.4200000e+02   1.3320908e+04  -5.7412529e+03
   6.4300000e+02   1.3603762e+04  -5.8278679e+03
   6.4400000e+02   1.5702351e+04  -1.4067491e+03
   6.4500000e+02   1.1350584e+04  -3.8893201e+03
   6.4600000e+02   2.1634598e+03  -9.8211830e+03
   6.4700000e+02  -3.5257673e+03  -1.0860035e+04
   6.4800000e+02   2.8991692e+03  -9.3567864e+03
   6.4900000e+02   1.1483952e+04  -7.8536376e+03
   6.5000000e+02   7.4150439e+03  -8.6132700e+03
   6.5100000e+02  -1.7802670e+03  -1.0962035e+04
   6.5200000e+02  -5.9229847e+03  -1.0254523e+04
   6.5300000e+02  -5.3201003e+03  -5.6688877e+03
   6.5400000e+02  -2.4215800e+01  -2.4291308e+03
   6.5500000e+02   6.1544440e+03  -7.5449961e+03
   6.5600000e+02   6.7027610e+03  -1.3759586e+04
   6.5700000e+02   1.5309147e+03  -7.1182259e+03
   6.5800000e+02  -3.6296155e+03   3.6559599e+03
   6.5900000e+02  -4.3238531e+03   4.1021319e+03
   6.6000000e+02  -3.7695418e+03  -3.5899310e+02
   6.6100000e+02  -5.6106691e+03  -2.7814198e+03
   6.6200000e+02  -6.2591974e+03  -4.8362745e+03
   6.6300000e+02  -5.1213836e+03  -7.0212883e+03
   6.6400000e+02  -5.9080605e+03  -7.0909585e+03
   6.6500000e+02  -5.8589994e+03  -4.9480669e+03
   6.6600000e+02  -4.5591447e+03  -5.4072976e+03
   6.6700000e+02  -9.1506041e+03  -7.0824190e+03
   6.6800000e+02  -1.6359482e+04  -4.1554442e+03
   6.6900000e+02  -1.6517857e+04  -1.0456305e+03
   6.7000000e+02  -1.2864533e+04   4.9622855e+02
   6.7100000e+02  -1.1888752e+04   4.6814118e+03
   6.7200000e+02  -1.2442371e+04   8.3913447e+03
   6.7300000e+02  -1.2935583e+04   8.3214594e+03
   6.7400000e+02  -1.3073118e+04   6.2059568e+03
   6.7500000e+02  -1.2658777e+04   8.0086057e+03
   6.7600000e+02  -1.1276276e+04   1.4608210e+04
   6.7700000e+02  -7.1797448e+03   1.5187141e+04
   6.7800000e+02  -1.2004581e+03   9.3173016e+03
   6.7900000e+02   7.5043789e+02   7.9592587e+03
   6.8000000e+02  -3.4402688e+03   9.7830537e+03
   6.8100000e+02  -3.9110137e+03   6.4559722e+03
   6.8200000e+02   2.1828689e+03   1.6116318e+03
   6.8300000e+02   2.6462887e+03   5.4577115e+03
   6.8400000e+02  -7.2816239e+02   1.4160375e+04
   6.8500000e+02   4.4413902e+02   1.5555845e+04
   6.8600000e+02   3.9389502e+02   7.8540954e+03
   6.8700000e+02   3.5665200e+02  -9.7748992e+02
   6.8800000e+02   4.8447532e+03  -3.1878341e+03
   6.8900000e+02   6.2890098e+03  -2.1401872e+03
   6.9000000e+02   7.9417645e+02  -6.1101310e+02
   6.9100000e+02  -4.9856081e+03   5.1354791e+03
   6.9200000e+02  -5.6245150e+02   4.1782747e+03
   6.9300000e+02   1.1587265e+04  -6.6374265e+03
   6.9400000e+02   1.4457594e+04  -6.9260075e+03
   6.9500000e+02   6.4667344e+03   2.9682865e+03
   6.9600000e+02   1.9687143e+03   3.8152545e+03
   6.9700000e+02   4.5685086e+03  -3.0122571e+03
   6.9800000e+02   7.9814919e+03  -4.3498088e+03
   6.9900000e+02   1.1752928e+04   1.7131751e+03
   7.0000000e+02   1.4870385e+04   5.3369330e+03
   7.0100000e+02   1.2796269e+04  -9.4680088e+02
   7.0200000e+02   1.4489073e+04  -8.1741447e+03
   7.0300000e+02   2.2335867e+04  -5.8728476e+03
   7.0400000e+02   1.8854426e+04  -1.8468866e+03
   7.0500000e+02   5.9338494e+03  -4.1082096e+03
   7.0600000e+02   5.8088810e+02  -6.8995068e+03
   7.0700000e+02   5.6003888e+03  -7.4345103e+03
   7.0800000e+02   1.3137774e+04  -9.6204754e+03
   7.0900000e+02   8.4449293e+03  -1.0552493e+04
   7.1000000e+02  -6.8976408e+03  -5.5592155e+03
   7.1100000e+02  -9.7133620e+03  -2.2665716e+03
   7.1200000e+02   1.6043601e+03  -7.2424538e+03
   7.1300000e+02   8.6281477e+03  -1.3591193e+04
   7.1400000e+02   5.9279792e+03  -1.4831313e+04
   7.1500000e+02  -3.3900878e+03  -1.1055151e+04
   7.1600000e+02  -1.1519982e+04  -8.1237258e+03
   7.1700000e+02  -7.4845218e+03  -8.6184777e+03
   7.1800000e+02   2.8142293e+03  -5.7524082e+03
   7.1900000e+02   5.7497007e+03  -1.6224723e+03
   7.2000000e+02   5.3918898e+02  -1.7048682e+03
   7.2100000e+02  -7.2105474e+03  -3.7535392e+03
   7.2200000e+02  -8.2072376e+03  -5.8529482e+03
   7.2300000e+02  -2.2432867e+03  -1.3226718e+03
   7.2400000e+02  -4.0260412e+03   8.1854832e+03
   7.2500000e+02  -1.2659297e+04   9.4539256e+03
   7.2600000e+02  -1.5291915e+04   4.3840685e+03
   7.2700000e+02  -1.0731989e+04   3.5071287e+03
   7.2800000e+02  -4.4615785e+03   7.3366707e+03
   7.2900000e+02  -5.8148512e+03   8.6764301e+03
   7.3000000e+02  -1.4459984e+04   7.0335073e+03
   7.3100000e+02  -1.5904755e+04   7.8637778e+03
   7.3200000e+02  -9.9865247e+03   6.0217891e+03
   7.3300000e+02  -8.1199622e+03   1.4812199e+03
   7.3400000e+02  -8.6968515e+03   4.6493178e+03
   7.3500000e+02  -6.4955752e+03   1.1710601e+04
   7.3600000e+02  -4.7552566e+03   1.1093016e+04
   7.3700000e+02  -4.7698007e+03   3.0325277e+03
   7.3800000e+02  -4.7579336e+03   1.4120229e+03
   7.3900000e+02  -5.3748304e+03   1.0525529e+04
   7.4000000e+02  -5.4403121e+03   1.2197616e+04
   7.4100000e+02  -4.7306055e+03   3.9072906e+03
   7.4200000e+02  -5.0857597e+03   3.8273288e+03
   7.4300000e+02  -4.2163226e+03   8.0107636e+03
   7.4400000e+02  -3.5540350e+02   4.5514062e+03
   7.4500000e+02   2.4150717e+03   3.6619618e+03
   7.4600000e+02   1.1157447e+03   7.8112794e+03
   7.4700000e+02   5.5247020e+02   3.6377157e+03
   7.4800000e+02   1.8157767e+03  -3.8646172e+03
   7.4900000e+02   1.5907263e+03  -8.2542814e+02
   7.5000000e+02   7.4919650e+03   8.2275647e+03
   7.5100000e+02   1.7464668e+04   8.7351127e+03
   7.5200000e+02   1.5639740e+04  -4.0187635e+02
   7.5300000e+02   6.9716841e+03  -3.3367091e+03
   7.5400000e+02   4.3862282e+03   3.1990544e+03
   7.5500000e+02   7.4388550e+03   4.8753041e+03
   7.5600000e+02   1.0551429e+04  -1.3960498e+03
   7.5700000e+02   6.0244099e+03  -5.4413683e+03
   7.5800000e+02   4.7963045e+02  -3.1236305e+03
   7.5900000e+02   6.5410066e+03  -4.3707689e+03
   7.6000000e+02   1.3014461e+04  -1.0916809e+04
   7.6100000e+02   9.8172732e+03  -8.2799705e+03
   7.6200000e+02   4.7102800e+03   1.6264450e+02
   7.6300000e+02   8.8503280e+02  -2.2909661e+03
   7.6400000e+02   2.1134487e+03  -1.3049384e+04
   7.6500000e+02   1.0805273e+04  -1.6107729e+04
   7.6600000e+02   1.5111803e+04  -8.0467906e+03
   7.6700000e+02   1.0727135e+04  -3.6789393e+03
   7.6800000e+02   5.4792356e+03  -8.9425547e+03
   7.6900000e+02   1.6444880e+03  -1.4107967e+04
   7.7000000e+02   2.3139377e+02  -1.2548607e+04
   7.7100000e+02   2.2927584e+03  -5.7449468e+03
   7.7200000e+02   3.4932564e+03  -3.8462216e+03
   7.7300000e+02   8.6928090e+01  -6.4205942e+03
   7.7400000e+02  -4.6178766e+03  -1.7179725e+03
   7.7500000e+02  -5.6110735e+03   1.4969534e+03
   7.7600000e+02  -4.8856381e+03  -6.1869654e+03
   7.7700000e+02  -3.8530573e+03  -1.0317804e+04
   7.7800000e+02  -9.5602806e+02  -3.8670804e+03
   7.7900000e+02   5.9784209e+02  -1.0136375e+03
   7.8000000e+02  -1.0637393e+03  -7.2924287e+03
   7.8100000e+02  -4.7897481e+03  -6.9043986e+03
   7.8200000e+02  -6.9508619e+03   4.4109351e+03
   7.8300000e+02  -3.5284512e+03   6.9599999e+03
   7.8400000e+02   9.3531940e+01  -4.0288591e+03
   7.8500000e+02  -5.6513702e+01  -8.8308502e+03
   7.8600000e+02  -2.5666488e+03  -3.9846173e+02
   7.8700000e+02  -9.1188216e+03   6.7625632e+03
   7.8800000e+02  -1.2866621e+04   3.0966027e+03
   7.8900000e+02  -8.1520356e+03  -2.9931187e+03
   7.9000000e+02  -5.4733296e+03   2.1058695e+03
   7.9100000e+02  -7.4696319e+03   1.2567135e+04
   7.9200000e+02  -6.7598068e+03   1.1761482e+04
   7.9300000e+02  -6.5235201e+03   6.1831791e+03
   7.9400000e+02  -6.7849206e+03   8.0559288e+03
   7.9500000e+02  -3.3278166e+03   1.1572155e+04
   7.9600000e+02  -6.4107121e+03   1.0874708e+04
   7.9700000e+02  -1.4901076e+04   6.7593529e+03
   7.9800000e+02  -1.0064720e+04   5.6032043e+03
   7.9900000e+02   1.2683907e+03   1.0289479e+04
   8.0000000e+02   2.5468802e+02   1.0581529e+04
   8.0100000e+02  -8.5030666e+03   3.1414002e+03
   8.0200000e+02  -1.5792390e+04  -2.6848825e+03
   8.0300000e+02  -1.6149738e+04   2.2937320e+02
   8.0400000e+02  -4.8776062e+03   9.5446810e+03
   8.0500000e+02   4.9682272e+03   1.6200513e+04
   8.0600000e+02   1.1141438e+03   1.5031935e+04
   8.0700000e+02  -3.6463667e+03   6.6212931e+03
   8.0800000e+02  -2.0240700e+01  -7.5250370e+02
   8.0900000e+02   4.0129106e+03   2.2280201e+03
   8.1000000e+02   5.6163782e+03   1.0537850e+04
   8.1100000e+02   8.1030350e+03   1.4629282e+04
   8.1200000e+02   1.0713126e+04   1.1113911e+04
   8.1300000e+02   1.1314355e+04   2.5458390e+03
   8.1400000e+02   1.2950091e+04  -4.0754913e+03
   8.1500000e+02   1.5740985e+04  -5.0067028e+03
   8.1600000e+02   9.4265048e+03  -1.6475223e+03
   8.1700000e+02  -3.3342035e+02  -1.0712411e+02
   8.1800000e+02   4.8665817e+03  -2.8054648e+03
   8.1900000e+02   1.4846350e+04  -5.3183860e+03
   8.2000000e+02   1.1485738e+04  -8.1969900e+03
   8.2100000e+02   5.1704432e+03  -9.9206371e+03
   8.2200000e+02   8.4300564e+03  -5.4885351e+03
   8.2300000e+02   1.2084232e+04   2.9247421e+02
   8.2400000e+02   7.0610708e+03  -1.0025840e+03
   8.2500000e+02   1.7614658e+03  -9.3150720e+03
   8.2600000e+02   4.2810852e+03  -1.4385797e+04
   8.2700000e+02   1.0763988e+04  -1.1470790e+04
   8.2800000e+02   1.4042680e+04  -8.2041886e+03
   8.2900000e+02   8.9348682e+03  -7.6778777e+03
   8.3000000e+02  -9.0477420e+02  -8.7274313e+03
   8.3100000e+02  -5.8640223e+03  -1.1047886e+04
   8.3200000e+02  -1.9421714e+03  -1.2026470e+04
   8.3300000e+02   5.7358219e+03  -1.2175682e+04
   8.3400000e+02   6.3377045e+03  -1.2862216e+04
   8.3500000e+02   9.2463110e+02  -1.4129085e+04
   8.3600000e+02   4.5744194e+02  -1.4257827e+04
   8.3700000e+02   2.0601344e+03  -9.0164047e+03
   8.3800000e+02  -1.3903134e+03  -4.7300590e+03
   8.3900000e+02  -6.4077870e+03  -6.7933908e+03
   8.4000000e+02  -7.0542969e+03  -3.8398783e+03
   8.4100000e+02  -1.4372620e+03   3.3585870e+03
   8.4200000e+02   2.2308429e+03   1.7049106e+03
   8.4300000e+02  -5.2164397e+03  -3.4950409e+03
   8.4400000e+02  -1.4334952e+04  -3.2681532e+03
   8.4500000e+02  -1.2247092e+04  -4.4847230e+02
   8.4600000e+02  -6.6837031e+03   9.2989684e+02
   8.4700000e+02  -8.9664699e+03   7.6834280e+02
   8.4800000e+02  -1.1925309e+04   3.2128185e+03
   8.4900000e+02  -7.4282498e+03   6.6484814e+03
   8.5000000e+02  -5.5073190e+03   6.2348553e+03
   8.5100000e+02  -1.2517903e+04   4.4423973e+03
   8.5200000e+02  -1.6157136e+04   3.5054545e+03
   8.5300000e+02  -1.1921358e+04   7.2795632e+03
   8.5400000e+02  -8.2833465e+03   1.2889211e+04
   8.5500000e+02  -6.7178509e+03   9.1615455e+03
   8.5600000e+02  -7.1732211e+03   5.8882223e+03
   8.5700000e+02  -1.0408996e+04   1.1337396e+04
   8.5800000e+02  -1.1071689e+04   1.1140918e+04
   8.5900000e+02  -4.8632294e+03   6.5595893e+03
   8.6000000e+02   5.6109240e+03   7.0384610e+03
   8.6100000e+02   8.7959213e+03   9.1658655e+03
   8.6200000e+02  -1.8973124e+03   1.3607401e+04
   8.6300000e+02  -1.3169753e+04   1.6682389e+04
   8.6400000e+02  -1.1517620e+04   1.0930522e+04
   8.6500000e+02  -1.5306727e+03   4.9891331e+03
   8.6600000e+02   4.0243602e+03   8.2228984e+03
   8.6700000e+02   1.8188051e+03   1.4017392e+04
   8.6800000e+02   5.1315572e+01   9.8481210e+03
   8.6900000e+02   3.4141855e+03  -7.2399086e+02
   8.7000000e+02   8.6515804e+03  -7.5251201e+02
   8.7100000e+02   1.0130802e+04   4.4900718e+03
   8.7200000e+02   7.6653711e+03   1.3912299e+03
   8.7300000e+02   8.2816377e+03  -3.2683212e+02
   8.7400000e+02   1.0491978e+04   2.6564049e+03
   8.7500000e+02   9.3447426e+03   1.9452541e+03
   8.7600000e+02   1.0243273e+04   8.1888430e+02
   8.7700000e+02   1.2300691e+04   1.5500645e+03
   8.7800000e+02   8.8649251e+03   8.6033692e+02
   8.7900000e+02   4.9156368e+03  -2.4429464e+03
   8.8000000e+02   5.1066451e+03  -5.4192507e+03
   8.8100000e+02   5.6625755e+03  -5.0483875e+03
   8.8200000e+02   5.5451899e+03  -5.9577775e+03
   8.8300000e+02   6.1384126e+03  -7.4531896e+03
   8.8400000e+02   8.1559037e+03  -6.4453091e+03
   8.8500000e+02   1.0910380e+04  -8.3345695e+03
   8.8600000e+02   9.2713792e+03  -1.0877763e+04
   8.8700000e+02   3.1860363e+03  -1.0992693e+04
   8.8800000e+02   6.7955468e+02  -1.2568641e+04
   8.8900000e+02   4.5257989e+03  -1.3438308e+04
   8.9000000e+02   8.7479338e+03  -1.3159508e+04
   8.9100000e+02   6.5554148e+03  -1.4219455e+04
   8.9200000e+02   2.9515130e+03  -1.2689996e+04
   8.9300000e+02   7.3950749e+03  -6.8170884e+03
   8.9400000e+02   1.1507952e+04  -3.0558806e+03
   8.9500000e+02   6.2163759e+03  -6.9530070e+03
   8.9600000e+02   1.2009834e+03  -1.3465947e+04
   8.9700000e+02   2.5068146e+03  -1.1773204e+04
   8.9800000e+02   2.4110624e+03  -1.1658518e+03
   8.9900000e+02  -4.2396451e+03   3.0113917e+03
   9.0000000e+02  -1.1481740e+04  -5.2314627e+03
   9.0100000e+02  -1.2281987e+04  -6.7858151e+03
   9.0200000e+02  -9.7759117e+03   2.3904175e+03
   9.0300000e+02  -9.0704091e+03   3.8654324e+03
   9.0400000e+02  -9.6383286e+03  -3.1972610e+02
   9.0500000e+02  -1.0281410e+04  -1.4663729e+03
   9.0600000e+02  -1.1440869e+04  -3.0116418e+03
   9.0700000e+02  -1.3378863e+04  -1.1708046e+03
   9.0800000e+02  -1.1993242e+04   2.2962745e+03
   9.0900000e+02  -5.5442566e+03   1.6328241e+03
   9.1000000e+02  -2.6214802e+03   4.0200148e+03
   9.1100000e+02  -5.9617887e+03   6.2821870e+03
   9.1200000e+02  -8.7645971e+03   3.9553614e+03
   9.1300000e+02  -1.0387715e+04   7.9871589e+03
   9.1400000e+02  -1.1014272e+04   1.1968286e+04
   9.1500000e+02  -9.0213608e+03   2.7872422e+03
   9.1600000e+02  -8.7287724e+03  -5.4788051e+03
   9.1700000e+02  -1.1391850e+04   1.6381870e+03
   9.1800000e+02  -9.4325890e+03   1.2488163e+04
   9.1900000e+02  -8.2345663e+02   1.2936615e+04
   9.2000000e+02   1.7185668e+03   9.0109001e+03
   9.2100000e+02  -4.9804060e+03   9.9502278e+03
   9.2200000e+02  -6.0489109e+03   1.3496896e+04
   9.2300000e+02  -1.5596618e+03   1.2745659e+04
   9.2400000e+02   8.8572901e+02   5.8774735e+03
   9.2500000e+02   3.1116034e+03   5.9587479e+03
   9.2600000e+02   3.8120202e+02   1.5564792e+04
   9.2700000e+02  -3.2642477e+03   1.6072592e+04
   9.2800000e+02   3.3147276e+03   8.1286446e+03
   9.2900000e+02   1.2390283e+04   1.6659381e+03
   9.3000000e+02   1.1662907e+04  -3.0521245e+03
   9.3100000e+02   9.4030008e+02   1.2119705e+03
   9.3200000e+02  -3.4736615e+03   9.7456922e+03
   9.3300000e+02   7.2650720e+03   8.6442824e+03
   9.3400000e+02   1.3567778e+04   2.2316213e+03
   9.3500000e+02   8.3592799e+03  -7.1250241e+02
   9.3600000e+02   3.5723273e+03  -4.8709288e+02
   9.3700000e+02   7.8879007e+02  -8.9945372e+02
   9.3800000e+02   3.2426556e+03  -1.3476899e+03
   9.3900000e+02   1.2339249e+04  -1.5763404e+03
   9.4000000e+02   1.5471114e+04  -6.1777758e+03
   9.4100000e+02   8.6576392e+03  -9.8744664e+03
   9.4200000e+02   4.3251859e+03  -5.9460372e+03
   9.4300000e+02   5.1857351e+03  -2.8763588e+03
   9.4400000e+02   5.1488450e+03  -7.5109156e+03
   9.4500000e+02   1.0254909e+04  -1.2183946e+04
   9.4600000e+02   1.5491365e+04  -9.5524033e+03
   9.4700000e+02   7.2244316e+03  -5.2204487e+03
   9.4800000e+02  -1.4725962e+03  -6.6666385e+03
   9.4900000e+02   1.0736229e+03  -1.2358607e+04
   9.5000000e+02   7.9946383e+03  -1.4344668e+04
   9.5100000e+02   1.3443433e+04  -8.5169375e+03
   9.5200000e+02   7.5104289e+03  -5.4773700e+03
   9.5300000e+02  -6.3607052e+03  -1.1523636e+04
   9.5400000e+02  -6.5814065e+03  -1.4463106e+04
   9.5500000e+02   3.9075031e+03  -1.0251795e+04
   9.5600000e+02   5.5346751e+03  -7.6826199e+03
   9.5700000e+02   1.6625282e+03  -7.1460135e+03
   9.5800000e+02  -7.2357680e+01  -6.0266671e+03
   9.5900000e+02  -4.9847227e+03  -8.2014401e+03
   9.6000000e+02  -8.2647736e+03  -9.9308637e+03
   9.6100000e+02  -4.9501564e+03  -1.9167803e+03
   9.6200000e+02  -3.8159907e+03   8.9260909e+03
   9.6300000e+02  -5.8300421e+03   1.0687567e+04
   9.6400000e+02  -7.0764052e+03   4.2221842e+03
   9.6500000e+02  -8.6773687e+03  -4.4785137e+03
   9.6600000e+02  -9.3866087e+03  -6.1071027e+03
   9.6700000e+02  -8.4024840e+03   5.2222952e+02
   9.6800000e+02  -5.6774258e+03   7.4722935e+02
   9.6900000e+02  -3.0023555e+03  -4.5971089e+03
   9.7000000e+02  -5.8278282e+03   9.1523717e+02
   9.7100000e+02  -1.1709295e+04   9.6786361e+03
   9.7200000e+02  -1.0226396e+04   6.4729986e+03
   9.7300000e+02  -1.8397467e+03   2.6028754e+03
   9.7400000e+02  -1.2934545e+03   8.8419380e+03
   9.7500000e+02  -1.2421941e+04   1.5034931e+04
   9.7600000e+02  -1.8900171e+04   1.3902234e+04
   9.7700000e+02  -1.0720077e+04   1.1691303e+04
   9.7800000e+02  -3.2719335e+02   1.2803030e+04
   9.7900000e+02  -2.7845431e+03   1.1940202e+04
   9.8000000e+02  -1.0787985e+04   8.3714920e+03
   9.8100000e+02  -8.6887146e+03   6.7033981e+03
   9.8200000e+02  -6.4384780e+01   4.0974545e+03
   9.8300000e+02   2.2112513e+03   5.1410882e+02
   9.8400000e+02  -3.4481303e+03   2.6060951e+03
   9.8500000e+02  -6.3036203e+03   9.5367898e+03
   9.8600000e+02   2.3552357e+03   9.5292989e+03
   9.8700000e+02   1.2576368e+04   2.7581441e+02
   9.8800000e+02   8.3390395e+03   4.7704792e+02
   9.8900000e+02  -2.4829659e+03   1.0382379e+04
   9.9000000e+02   5.3583088e+02   9.2124896e+03
   9.9100000e+02   1.0471734e+04   1.1952233e+03
   9.9200000e+02   8.3158991e+03  -9.6213709e+02
   9.9300000e+02   1.6604075e+03   2.0794932e+03
   9.9400000e+02   1.9706337e+03   7.0995505e+03
   9.9500000e+02   5.7706607e+03   6.6190267e+03
   9.9600000e+02   1.0702185e+04   5.4785698e+02
   9.9700000e+02   1.1619794e+04  -3.1574172e+03
   9.9800000e+02   5.7231250e+03  -2.8284708e+03
   9.9900000e+02   1.1605016e+03  -1.1946024e+03
   1.0000000e+03   2.2231388e+03  -3.1036255e+03
   1.0010000e+03   6.7584563e+03  -8.4048213e+03
   1.0020000e+03   9.6372056e+03  -1.2581272e+04
   1.0030000e+03   7.4472063e+03  -1.4105594e+04
   1.0040000e+03   5.6485112e+03  -1.2028034e+04
   1.0050000e+03   6.4710600e+03  -9.0941653e+03
   1.0060000e+03   6.7919215e+03  -8.3681377e+03
   1.0070000e+03   8.0716935e+03  -8.2898357e+03
   1.0080000e+03   8.8509827e+03  -5.8742879e+03
   1.0090000e+03   6.5108813e+03   1.1522160e+02
   1.0100000e+03   5.1839308e+03   1.1827723e+03
   1.0110000e+03   5.6872716e+03  -7.0997214e+03
   1.0120000e+03   4.5296341e+03  -1.1634866e+04
   1.0130000e+03   3.5001405e+03  -6.5305315e+03
   1.0140000e+03   4.9313409e+03   3.0960609e+02
   1.0150000e+03   4.7089254e+03   2.4704887e+03
   1.0160000e+03   9.1706047e+02  -3.5742183e+03
   1.0170000e+03   2.8958290e+02  -1.0285702e+04
   1.0180000e+03   3.4090071e+03  -8.5727159e+03
   1.0190000e+03   9.9731309e+02  -7.0038801e+03
   1.0200000e+03  -6.6639231e+03  -7.7173653e+03
   1.0210000e+03  -1.1130092e+04  -2.8370328e+03
   1.0220000e+03  -1.1584332e+04  -1.9208799e+03
   1.0230000e+03  -1.2141160e+04  -1.0064534e+04
   1.0240000e+03  -1.2332976e+04  -1.2528817e+04
   1.0250000e+03  -9.3251802e+03  -4.0827954e+03
   1.0260000e+03  -7.4658052e+03   4.7966869e+03
   1.0270000e+03  -1.0353687e+04   4.6874157e+03
   1.0280000e+03  -1.0477320e+04  -6.1096916e+02
   1.0290000e+03  -5.6362983e+03   1.5133705e+03
   1.0300000e+03  -3.2159429e+03   9.6426963e+03
   1.0310000e+03  -4.0311999e+03   7.8447928e+03
   1.0320000e+03  -5.3415510e+03  -3.9299361e+03
   1.0330000e+03  -6.8052360e+03  -5.8108292e+03
   1.0340000e+03  -5.4896071e+03   4.5890647e+03
   1.0350000e+03  -1.9615941e+03   9.7817775e+03
   1.0360000e+03  -3.8457416e+03   8.3412682e+03
   1.0370000e+03  -9.9204166e+03   7.6810523e+03
   1.0380000e+03  -9.6500965e+03   7.2990294e+03
   1.0390000e+03  -4.8675323e+03   9.5317813e+03
   1.0400000e+03  -4.6729224e+03   1.2848721e+04
   1.0410000e+03  -6.1958066e+03   1.1951937e+04
   1.0420000e+03  -5.6067680e+03   1.1119452e+04
   1.0430000e+03  -6.1593510e+03   1.1854560e+04
   1.0440000e+03  -6.0964641e+03   1.0669592e+04
   1.0450000e+03  -3.6685216e+03   1.0663665e+04
   1.0460000e+03  -2.6197747e+03   1.0815145e+04
   1.0470000e+03  -3.2360111e+03   7.5140474e+03
   1.0480000e+03  -3.8578855e+03   7.4195429e+03
   1.0490000e+03   1.3238925e+02   1.1937501e+04
   1.0500000e+03   1.0628014e+04   1.0104747e+04
   1.0510000e+03   1.4455281e+04   7.7634119e+02
   1.0520000e+03   8.3342647e+03  -3.0586844e+03
   1.0530000e+03   7.5189792e+03  -1.3712116e+02
   1.0540000e+03   1.3621141e+04  -2.2331395e+03
   1.0550000e+03   1.7399042e+04  -4.1041233e+03
   1.0560000e+03   1.6688830e+04   2.7662010e+03
   1.0570000e+03   1.3691025e+04   5.3091942e+03
   1.0580000e+03   1.2253343e+04  -2.3817911e+03
   1.0590000e+03   1.1709270e+04  -9.2083296e+03
   1.0600000e+03   7.3295274e+03  -8.3204977e+03
   1.0610000e+03   1.4108564e+03  -3.0465663e+03
   1.0620000e+03   1.0319190e+03  -2.2688784e+03
   1.0630000e+03   4.2417785e+03  -3.6078352e+03
   1.0640000e+03   5.2222192e+03  -1.0768559e+03
   1.0650000e+03   7.1289029e+03  -2.5264002e+03
   1.0660000e+03   7.8306155e+03  -9.1374334e+03
   1.0670000e+03   2.5873456e+03  -1.3872626e+04
   1.0680000e+03   1.1195639e+03  -1.7355170e+04
   1.0690000e+03   5.0125053e+03  -1.8790960e+04
   1.0700000e+03   5.0570687e+03  -1.5706274e+04
   1.0710000e+03   2.0305625e+03  -9.9224063e+03
   1.0720000e+03  -2.6278115e+03  -3.6881235e+03
   1.0730000e+03  -4.6547308e+03  -2.2668992e+03
   1.0740000e+03   2.2562557e+03  -9.7690974e+03
   1.0750000e+03   6.6074682e+03  -1.6075990e+04
   1.0760000e+03  -1.4792018e+03  -1.1084748e+04
   1.0770000e+03  -9.2110705e+03  -3.9173918e+03
   1.0780000e+03  -4.1197161e+03  -1.8715827e+03
   1.0790000e+03   8.1108663e+03   8.5679465e+02
   1.0800000e+03   1.1115464e+04   3.6010857e+03
   1.0810000e+03  -1.4685323e+03   2.2919171e+03
   1.0820000e+03  -1.3026228e+04  -1.1642851e+03
   1.0830000e+03  -1.0541056e+04  -5.0026129e+03
   1.0840000e+03  -4.4601979e+03  -5.2437022e+03
   1.0850000e+03  -3.5005305e+03  -5.9946600e+02
   1.0860000e+03  -5.5996155e+03   6.5505635e+02
   1.0870000e+03  -9.9001902e+03  -1.3418807e+02
   1.0880000e+03  -1.2813261e+04   5.0037020e+03
   1.0890000e+03  -1.0514766e+04   7.6971440e+03
   1.0900000e+03  -6.7964852e+03   3.1556566e+03
   1.0910000e+03  -7.2381398e+03  -1.0254190e+03
   1.0920000e+03  -1.1029381e+04  -3.7530304e+03
   1.0930000e+03  -1.3297874e+04  -1.4524014e+03
   1.0940000e+03  -1.3108555e+04   8.0105948e+03
   1.0950000e+03  -1.2082629e+04   1.5147068e+04
   1.0960000e+03  -1.0160342e+04   1.4362387e+04
   1.0970000e+03  -7.0559754e+03   7.9236815e+03
   1.0980000e+03  -4.1442679e+03   4.1961894e+03
   1.0990000e+03  -3.1774771e+03   8.2302253e+03
   1.1000000e+03  -3.5095415e+03   1.2139410e+04
   1.1010000e+03  -6.1369787e+03   1.0844839e+04
   1.1020000e+03  -9.2670596e+03   6.9470635e+03
   1.1030000e+03  -4.4868308e+03   4.4512726e+03
   1.1040000e+03   4.1327760e+03   7.5389623e+03
   1.1050000e+03   4.9875755e+03   1.2944157e+04
   1.1060000e+03   9.6573291e+02   1.3813662e+04
   1.1070000e+03  -1.8420101e+03   9.9192668e+03
   1.1080000e+03  -2.6432430e+03   4.4794887e+03
   1.1090000e+03   5.3560528e+02   1.5293270e+03
   1.1100000e+03   6.3148595e+03   4.9179849e+03
   1.1110000e+03   9.9561721e+03   8.6085251e+03
   1.1120000e+03   1.1001403e+04   3.9783574e+03
   1.1130000e+03   1.2445165e+04  -2.0220699e+03
   1.1140000e+03   1.5284930e+04  -1.5166648e+03
   1.1150000e+03   1.8418668e+04  -1.5899080e+02
   1.1160000e+03   1.8728592e+04  -2.4126817e+03
   1.1170000e+03   1.2845578e+04  -4.2378933e+03
   1.1180000e+03   5.3260658e+03  -4.1844990e+03
   1.1190000e+03   4.9215444e+03  -6.5529939e+03
   1.1200000e+03   1.0225536e+04  -6.5947843e+03
   1.1210000e+03   1.0645581e+04  -1.5515510e+03
   1.1220000e+03   3.1940372e+03  -2.7234844e+03
   1.1230000e+03  -1.9076043e+03  -7.5076987e+03
   1.1240000e+03   1.3583674e+03  -7.5975425e+03
   1.1250000e+03   5.3915387e+03  -7.1960107e+03
   1.1260000e+03   3.8357689e+03  -6.2973708e+03
   1.1270000e+03   7.6826535e+02  -6.4587883e+03
   1.1280000e+03   9.5442728e+02  -8.3635644e+03
   1.1290000e+03   3.6946085e+03  -7.4087742e+03
   1.1300000e+03   6.6623359e+03  -7.5336765e+03
   1.1310000e+03   6.4026143e+03  -8.0896858e+03
   1.1320000e+03   4.1125783e+03  -5.3928049e+03
   1.1330000e+03   5.1955389e+03  -6.7349066e+03
   1.1340000e+03   3.5651904e+03  -1.3485442e+04
   1.1350000e+03  -3.9865208e+03  -1.5172905e+04
   1.1360000e+03  -3.9707615e+03  -8.5754065e+03
   1.1370000e+03   3.3418118e+03  -2.2834505e+03
   1.1380000e+03   2.4101219e+03  -5.1451501e+02
   1.1390000e+03  -5.2900902e+03  -2.3966380e+03
   1.1400000e+03  -4.8755100e+03  -5.6373711e+03
   1.1410000e+03   5.1838862e+03  -3.7619749e+03
   1.1420000e+03   7.6560419e+03   1.0445357e+03
   1.1430000e+03  -5.6832407e+03   1.8199925e+03
   1.1440000e+03  -1.5640269e+04  -8.9103661e+02
   1.1450000e+03  -7.7038670e+03  -3.6369536e+03
   1.1460000e+03  -3.9127568e+02  -2.6922886e+03
   1.1470000e+03  -1.0701372e+04   8.3736079e+02
   1.1480000e+03  -1.9576911e+04   3.2130692e+03
   1.1490000e+03  -1.0644690e+04   1.4696766e+03
   1.1500000e+03  -2.7545197e+03  -2.6185030e+03
   1.1510000e+03  -9.9109041e+03   5.9599139e+02
   1.1520000e+03  -1.9269616e+04   7.8074707e+03
   1.1530000e+03  -1.8913776e+04   7.8691027e+03
   1.1540000e+03  -1.0552096e+04   1.8563858e+03
   1.1550000e+03  -3.0713716e+03  -1.4910273e+03
   1.1560000e+03  -4.2955683e+03   7.2427362e+03
   1.1570000e+03  -1.1073101e+04   1.6356859e+04
   1.1580000e+03  -1.1402847e+04   9.7258291e+03
   1.1590000e+03  -2.3186363e+03   2.7187121e+03
   1.1600000e+03   4.0000459e+03   7.8493620e+03
   1.1610000e+03  -1.2835788e+03   1.5262742e+04
   1.1620000e+03  -1.0667748e+04   1.5866030e+04
   1.1630000e+03  -9.0236357e+03   9.4242654e+03
   1.1640000e+03   2.7080477e+03   4.9709300e+03
   1.1650000e+03   3.4500470e+03   8.5249140e+03
   1.1660000e+03  -7.7525200e+03   1.4889911e+04
   1.1670000e+03  -7.0652386e+03   1.4412397e+04
   1.1680000e+03   5.2913742e+03   5.9562641e+03
   1.1690000e+03   9.3119970e+03   6.3757455e+02
   1.1700000e+03   5.1226328e+03   5.2966910e+02
   1.1710000e+03   5.2396180e+03  -2.3741074e+02
   1.1720000e+03   9.9474592e+03  -5.6173290e+02
   1.1730000e+03   1.2805791e+04  -1.3605726e+03
   1.1740000e+03   1.3549256e+04  -2.8894966e+03
   1.1750000e+03   1.2397415e+04  -6.7918746e+02
   1.1760000e+03   9.7945559e+03   1.9229825e+03
   1.1770000e+03   1.1089989e+04  -8.8236796e+02
   1.1780000e+03   1.4401958e+04  -3.1075534e+03
   1.1790000e+03   1.2227998e+04   2.9007207e+02
   1.1800000e+03   7.4288664e+03   3.1556490e+03
   1.1810000e+03   7.1448139e+03   3.9191740e+03
   1.1820000e+03   7.6685527e+03   3.4803484e+03
   1.1830000e+03   2.7542971e+03  -2.9056631e+02
   1.1840000e+03   2.1457416e+02  -2.7656725e+03
   1.1850000e+03   5.3665784e+03  -4.1715962e+03
   1.1860000e+03   5.5167733e+03  -9.4492683e+03
   1.1870000e+03  -4.2234596e+03  -1.2605628e+04
   1.1880000e+03  -8.7422569e+03  -1.1699892e+04
   1.1890000e+03   6.3367118e+02  -1.5281481e+04
   1.1900000e+03   1.0131070e+04  -2.2045927e+04
   1.1910000e+03   8.3957348e+03  -2.2320081e+04
   1.1920000e+03   5.3176522e+03  -1.6128181e+04
   1.1930000e+03   6.3788709e+03  -1.0376122e+04
   1.1940000e+03   5.0951209e+03  -8.4220294e+03
   1.1950000e+03   1.4014771e+03  -8.1310664e+03
   1.1960000e+03  -1.4068580e+01  -5.1858071e+03
   1.1970000e+03   3.2541590e+03  -3.2157023e+03
   1.1980000e+03   4.5613094e+03  -5.9138073e+03
   1.1990000e+03   1.4612462e+02  -4.9707413e+03
   1.2000000e+03   3.0118360e+01   1.7216129e+03
   1.2010000e+03   1.8184651e+03   3.7847447e+03
   1.2020000e+03  -3.0903357e+03  -7.7288297e+02
   1.2030000e+03  -6.7769585e+03  -1.4571646e+03
   1.2040000e+03  -5.0656244e+03   2.7341266e+03
   1.2050000e+03  -4.1437985e+03  -7.9223340e+01
   1.2060000e+03  -7.9896427e+03  -5.2518540e+03
   1.2070000e+03  -1.4895758e+04   5.2445786e+02
   1.2080000e+03  -1.7866469e+04   6.9147258e+03
   1.2090000e+03  -1.4479974e+04   2.0942016e+03
   1.2100000e+03  -9.4415328e+03  -2.8983868e+03
   1.2110000e+03  -6.3798545e+03   1.5303380e+03
   1.2120000e+03  -5.9589540e+03   8.1476409e+03
   1.2130000e+03  -8.9553118e+03   9.1442201e+03
   1.2140000e+03  -1.2908655e+04   6.1727692e+03
   1.2150000e+03  -1.0331217e+04   4.7368479e+03
   1.2160000e+03  -5.1273077e+03   6.7605665e+03
   1.2170000e+03  -8.5239565e+03   6.3253673e+03
   1.2180000e+03  -1.3076976e+04   2.9343462e+03
   1.2190000e+03  -8.0492827e+03   8.7461195e+03
   1.2200000e+03  -2.5027522e+03   2.1129527e+04
   1.2210000e+03  -4.0656189e+03   2.0239190e+04
   1.2220000e+03  -5.4609369e+03   6.6885611e+03
   1.2230000e+03  -4.3021351e+03   1.0644084e+03
   1.2240000e+03  -6.2275784e+03   8.2019404e+03
   1.2250000e+03  -7.5779639e+03   1.4383370e+04
   1.2260000e+03   5.1357133e+02   1.1264608e+04
   1.2270000e+03   1.3528483e+04   3.9999928e+03
   1.2280000e+03   1.6676705e+04   1.2725422e+03
   1.2290000e+03   9.5485148e+03   2.8718696e+03
   1.2300000e+03   4.8595566e+03   2.0935472e+03
   1.2310000e+03   3.6328308e+03  -1.1343377e+03
   1.2320000e+03   4.9579126e+03   8.7602300e+00
   1.2330000e+03   1.1646198e+04   6.3809517e+03
   1.2340000e+03   1.2662146e+04   6.6134585e+03
   1.2350000e+03   4.4660514e+03  -2.2578198e+03
   1.2360000e+03   2.6555231e+03  -5.2566792e+03
   1.2370000e+03   1.0551879e+04   3.4539816e+02
   1.2380000e+03   1.3774827e+04   3.6626969e+03
   1.2390000e+03   7.3360168e+03   2.4390597e+03
   1.2400000e+03   2.6520304e+03  -1.4213815e+03
   1.2410000e+03   2.5199647e+03  -5.2834492e+03
   1.2420000e+03   3.0448237e+03  -8.2150293e+03
   1.2430000e+03   9.3505119e+03  -1.1397744e+04
   1.2440000e+03   1.3651268e+04  -1.2064039e+04
   1.2450000e+03   6.6969026e+03  -1.0194814e+04
   1.2460000e+03   1.5780820e+03  -8.4794505e+03
   1.2470000e+03   3.0241256e+03  -8.7354339e+03
   1.2480000e+03   2.7125102e+03  -1.0979754e+04
   1.2490000e+03   6.1324045e+02  -1.1008699e+04
   1.2500000e+03   8.7449062e+02  -9.1571017e+03
   1.2510000e+03   3.8487630e+03  -7.8403265e+03
   1.2520000e+03   3.3374136e+03  -5.3141289e+03
   1.2530000e+03  -1.2418141e+02  -2.0033302e+03
   1.2540000e+03   5.7001702e+02   7.4878365e+02
   1.2550000e+03   1.7529743e+03   1.7595569e+03
   1.2560000e+03   2.3462228e+03   1.8276147e+02
   1.2570000e+03   5.4757553e+03  -2.9872140e+03
   1.2580000e+03   3.9172022e+03  -5.9768421e+03
   1.2590000e+03  -4.2879594e+03  -6.4152461e+03
   1.2600000e+03  -8.5130824e+03  -8.0383644e+03
   1.2610000e+03  -4.0902278e+03  -1.3528539e+04
   1.2620000e+03  -1.8682764e+03  -1.2418496e+04
   1.2630000e+03  -8.1404150e+03  -2.2429990e+03
   1.2640000e+03  -1.1583487e+04   1.0197600e+01
   1.2650000e+03  -6.9777433e+03  -9.8909566e+03
   1.2660000e+03  -1.0387843e+02  -1.1589810e+04
   1.2670000e+03   2.8954715e+03   1.3750912e+03
   1.2680000e+03  -3.8976542e+03   1.0104620e+04
   1.2690000e+03  -1.2324842e+04   8.9594759e+03
   1.2700000e+03  -1.2085474e+04   1.0749202e+04
   1.2710000e+03  -8.0741894e+03   1.4021730e+04
   1.2720000e+03  -5.2963693e+03   7.2707227e+03
   1.2730000e+03  -8.9354318e+03  -2.8305573e+03
   1.2740000e+03  -1.6153124e+04  -2.6993422e+03
   1.2750000e+03  -1.3415737e+04   5.0148925e+03
   1.2760000e+03  -7.5876390e+03   1.2111652e+04
   1.2770000e+03  -8.5678707e+03   1.2727614e+04
   1.2780000e+03  -6.3513888e+03   4.5533872e+03
   1.2790000e+03  -1.7092212e+03  -1.2474135e+03
   1.2800000e+03  -3.8513956e+03   4.3383121e+03
   1.2810000e+03  -7.1755317e+03   1.2348781e+04
   1.2820000e+03  -4.0567143e+03   1.3300126e+04
   1.2830000e+03   3.3485271e+03   8.6082025e+03
   1.2840000e+03   6.3893724e+03   3.1354480e+03
   1.2850000e+03   1.9351813e+03   2.3428603e+03
   1.2860000e+03  -1.7297251e+02   9.2442841e+03
   1.2870000e+03   2.5991324e+03   1.5196015e+04
   1.2880000e+03   3.2092147e+03   9.7095327e+03
   1.2890000e+03   5.9879091e+03  -7.1098513e+02
   1.2900000e+03   1.1271589e+04  -2.0911766e+03
   1.2910000e+03   1.0064707e+04   5.8998725e+03
   1.2920000e+03   4.8877967e+03   1.0687786e+04
   1.2930000e+03  -3.1643800e+02   8.2951697e+03
   1.2940000e+03  -2.0890838e+03   5.1437150e+03
   1.2950000e+03   5.3826381e+03  -9.9594893e+02
   1.2960000e+03   1.2487440e+04  -8.3180382e+03
   1.2970000e+03   9.6711738e+03  -5.4543205e+03
   1.2980000e+03   3.7489014e+03   2.8371107e+03
   1.2990000e+03   1.7727552e+03   4.7524747e+03
   1.3000000e+03   3.4250813e+03   2.6978920e+01
   1.3010000e+03   5.0312698e+03  -6.8823336e+03
   1.3020000e+03   6.6743895e+03  -1.0468074e+04
   1.3030000e+03   9.6953549e+03  -8.8193558e+03
   1.3040000e+03   1.0799128e+04  -5.7389355e+03
   1.3050000e+03   8.9094071e+03  -4.6839552e+03
   1.3060000e+03   6.2932798e+03  -6.2430859e+03
   1.3070000e+03   5.6101592e+03  -7.2134403e+03
   1.3080000e+03   6.3289898e+03  -4.4460837e+03
   1.3090000e+03   4.9846574e+03  -2.2601172e+03
   1.3100000e+03   3.9652497e+03  -8.6800279e+03
   1.3110000e+03   5.4006882e+03  -1.8009324e+04
   1.3120000e+03   5.7495576e+03  -1.5178285e+04
   1.3130000e+03   4.6293804e+03  -6.2484047e+03
   1.3140000e+03   3.1502155e+03  -7.8920273e+03
   1.3150000e+03  -1.5518687e+03  -1.2791388e+04
   1.3160000e+03  -7.2606012e+03  -6.9269824e+03
   1.3170000e+03  -4.2208893e+03   1.9809969e+03
   1.3180000e+03   2.7767405e+03   2.8069017e+02
   1.3190000e+03  -2.1256863e+02  -8.8300918e+03
   1.3200000e+03  -7.0252720e+03  -1.2156910e+04
   1.3210000e+03  -8.3618012e+03  -6.3084786e+03
   1.3220000e+03  -6.6120435e+03   4.5950165e+02
   1.3230000e+03  -3.7527355e+03   1.9614981e+03
   1.3240000e+03  -6.2391881e+03  -7.4212730e+02
   1.3250000e+03  -1.1614585e+04  -3.3926474e+03
   1.3260000e+03  -6.1823700e+03  -1.3476602e+03
   1.3270000e+03   8.2229112e+02   3.8443077e+03
   1.3280000e+03  -5.2270958e+03   3.0657762e+03
   1.3290000e+03  -1.3185007e+04  -2.2770259e+03
   1.3300000e+03  -1.3561988e+04   1.5794378e+03
   1.3310000e+03  -1.0380328e+04   1.3671342e+04
   1.3320000e+03  -6.5435055e+03   1.9402995e+04
   1.3330000e+03  -6.8582627e+03   1.4891989e+04
   1.3340000e+03  -1.0551223e+04   6.8283910e+03
   1.3350000e+03  -1.0804611e+04   3.5509385e+03
   1.3360000e+03  -8.6346870e+03   6.4372923e+03
   1.3370000e+03  -5.2959039e+03   6.6786746e+03
   1.3380000e+03  -2.8673282e+03   4.3373150e+03
   1.3390000e+03  -4.5984752e+03   5.8680352e+03
   1.3400000e+03  -6.0650160e+03   4.5402474e+03
   1.3410000e+03  -6.3837480e+03  -4.6745131e+02
   1.3420000e+03  -4.1887374e+03   1.1381742e+03
   1.3430000e+03   1.7762622e+03   4.8779803e+03
   1.3440000e+03   1.4129999e+03   4.7212298e+03
   1.3450000e+03  -3.6783889e+03   5.6208387e+03
   1.3460000e+03  -2.6862847e+03   6.3342245e+03
   1.3470000e+03   3.6310493e+03   7.0133646e+03
   1.3480000e+03   9.8060067e+03   9.7590557e+03
   1.3490000e+03   8.2635953e+03   6.4447621e+03
   1.3500000e+03   3.0706141e+03   4.2980444e+02
   1.3510000e+03   7.0927181e+03   4.5204196e+03
   1.3520000e+03   1.3487053e+04   9.6985822e+03
   1.3530000e+03   1.0838731e+04   3.1525246e+03
   1.3540000e+03   4.2660064e+03  -3.9716663e+03
   1.3550000e+03   3.6745074e+03  -1.8373127e+03
   1.3560000e+03   9.1176827e+03  -7.8328026e+02
   1.3570000e+03   1.0794276e+04  -4.8102898e+03
   1.3580000e+03   7.6975042e+03  -7.0644977e+03
   1.3590000e+03   6.2039181e+03  -7.1069028e+03
   1.3600000e+03   4.0325872e+03  -4.3069531e+03
   1.3610000e+03   7.1024920e+02  -3.8435994e+03
   1.3620000e+03   3.1690828e+03  -9.3802666e+03
   1.3630000e+03   9.4963048e+03  -5.0282327e+03
   1.3640000e+03   8.0602489e+03   6.1036089e+03
   1.3650000e+03   2.8079092e+03   4.9150966e+03
   1.3660000e+03   9.8461607e+03  -1.7449225e+03
   1.3670000e+03   2.0837464e+04  -6.3468006e+03
   1.3680000e+03   1.7847442e+04  -7.3315339e+03
   1.3690000e+03   6.8814556e+03  -1.2918170e+03
   1.3700000e+03   1.5758529e+03  -4.9589050e+02
   1.3710000e+03   4.9903972e+03  -6.6235617e+03
   1.3720000e+03   7.8820688e+03  -8.2949018e+03
   1.3730000e+03   2.2689911e+03  -9.7479830e+03
   1.3740000e+03  -4.3048028e+03  -1.2664622e+04
   1.3750000e+03  -7.2592900e+03  -1.0061140e+04
   1.3760000e+03  -8.2899930e+03  -5.5815030e+03
   1.3770000e+03  -5.3654753e+03  -7.5430988e+03
   1.3780000e+03  -1.7268977e+03  -1.1939227e+04
   1.3790000e+03  -7.5404225e+02  -1.0938416e+04
   1.3800000e+03  -2.9364849e+03  -9.1054664e+03
   1.3810000e+03  -7.5885727e+03  -7.2051616e+03
   1.3820000e+03  -1.0252793e+04  -1.1293100e+03
   1.3830000e+03  -1.1293960e+04  -4.4478977e+02
   1.3840000e+03  -1.0338271e+04  -6.9225195e+03
   1.3850000e+03  -6.7252626e+03  -4.3639933e+03
   1.3860000e+03  -7.3593011e+03   9.5632655e+03
   1.3870000e+03  -1.1943066e+04   1.5811653e+04
   1.3880000e+03  -1.3244704e+04   7.3045412e+03
   1.3890000e+03  -1.0104477e+04  -1.0807199e+02
   1.3900000e+03  -8.3533135e+03   1.2567482e+03
   1.3910000e+03  -8.4455660e+03   5.4389271e+03
   1.3920000e+03  -4.1449844e+03   7.1394172e+03
   1.3930000e+03  -3.1836213e+03   2.3332326e+03
   1.3940000e+03  -7.4821834e+03  -2.4266052e+03
   1.3950000e+03  -4.8991425e+03  -5.9774558e+02
   1.3960000e+03  -2.5513084e+03   3.2894427e+03
   1.3970000e+03  -4.8120951e+03   8.8863803e+03
   1.3980000e+03  -3.2426813e+03   1.2307416e+04
   1.3990000e+03  -1.4811174e+03   8.4040176e+03
   1.4000000e+03  -2.2841084e+03   6.1949152e+03
   1.4010000e+03  -5.5974535e+03   1.1013962e+04
   1.4020000e+03  -1.0281365e+04   1.5697981e+04
   1.4030000e+03  -9.9857679e+03   1.2512936e+04
   1.4040000e+03  -3.4906236e+03   4.9713433e+03
   1.4050000e+03   5.0472880e+03   4.3201742e+03
   1.4060000e+03   4.1918949e+03   9.4457046e+03
   1.4070000e+03  -6.1709913e+03   1.1686752e+04
   1.4080000e+03  -6.7294050e+03   7.4313749e+03
   1.4090000e+03   4.4489951e+03   2.4169036e+02
   1.4100000e+03   1.3563057e+04  -1.0523417e+03
   1.4110000e+03   1.3350327e+04   7.9632457e+02
   1.4120000e+03   5.7589506e+03   7.9697061e+02
   1.4130000e+03   2.7222038e+03   3.5443914e+03
   1.4140000e+03   7.2166843e+03   5.7249222e+03
   1.4150000e+03   1.0150354e+04   3.7792518e+03
   1.4160000e+03   9.7184410e+03  -8.5131865e+02
   1.4170000e+03   1.1027701e+04  -6.0852693e+03
   1.4180000e+03   1.3580601e+04  -2.8723059e+03
   1.4190000e+03   8.7119784e+03   5.6244108e+03
   1.4200000e+03   4.3613736e+02   7.3987010e+03
   1.4210000e+03   4.0195076e+03   2.8998312e+03
   1.4220000e+03   1.3049552e+04  -5.7359837e+03
   1.4230000e+03   1.2132793e+04  -1.2297288e+04
   1.4240000e+03   7.3959339e+03  -1.1378665e+04
   1.4250000e+03   9.0641014e+03  -1.1006418e+04
   1.4260000e+03   1.1157403e+04  -1.1920168e+04
   1.4270000e+03   7.0664524e+03  -9.3971312e+03
   1.4280000e+03   2.7331474e+03  -7.8719791e+03
   1.4290000e+03   3.5685141e+03  -9.8144899e+03
   1.4300000e+03   5.8227953e+03  -1.3398591e+04
   1.4310000e+03   5.3669417e+03  -1.5435919e+04
   1.4320000e+03   3.3805433e+03  -1.3327647e+04
   1.4330000e+03   3.6767571e+03  -7.3619335e+03
   1.4340000e+03   6.2347456e+03   1.3213445e+03
   1.4350000e+03   3.3605654e+03   4.4577853e+03
   1.4360000e+03  -7.1047472e+03  -3.6749629e+03
   1.4370000e+03  -1.1534736e+04  -1.2556276e+04
   1.4380000e+03  -4.1659261e+03  -1.3335682e+04
   1.4390000e+03   2.3015755e+03  -7.7877191e+03
   1.4400000e+03   8.6605183e+02  -2.1101027e+03
   1.4410000e+03  -7.0877193e+03  -3.5838613e+03
   1.4420000e+03  -1.6538094e+04  -9.7115687e+03
   1.4430000e+03  -1.6393188e+04  -1.3715211e+04
   1.4440000e+03  -7.2436160e+03  -1.1662895e+04
   1.4450000e+03  -4.9749384e+02  -9.9563207e+02
   1.4460000e+03   7.3969070e+01   6.9335972e+03
   1.4470000e+03  -4.6361306e+03   2.6930672e+03
   1.4480000e+03  -9.5385104e+03  -2.0376023e+03
   1.4490000e+03  -6.5562630e+03   1.7623041e+03
   1.4500000e+03  -3.5424450e+02   1.0157999e+04
   1.4510000e+03  -3.2301323e+03   1.3928185e+04
   1.4520000e+03  -1.3534825e+04   9.6974983e+03
   1.4530000e+03  -1.9687526e+04   7.6503409e+03
   1.4540000e+03  -1.6065341e+04   9.1171214e+03
   1.4550000e+03  -5.9184338e+03   6.9637580e+03
   1.4560000e+03  -2.0487027e+03   4.8110402e+03
   1.4570000e+03  -8.8698669e+03   5.0530016e+03
   1.4580000e+03  -1.0128204e+04   8.7067582e+03
   1.4590000e+03  -3.9401062e+03   1.6379219e+04
   1.4600000e+03  -3.9315104e+03   1.5854832e+04
   1.4610000e+03  -5.3765698e+03   6.0300781e+03
   1.4620000e+03  -4.9231767e+03   6.2572103e+03
   1.4630000e+03  -5.8783661e+03   1.4083949e+04
   1.4640000e+03  -9.0364620e+02   9.3655241e+03
   1.4650000e+03   4.0741969e+03   9.2604855e+02
   1.4660000e+03   1.2615743e+03   5.8735381e+03
   1.4670000e+03   1.0913807e+03   1.3676273e+04
   1.4680000e+03   3.2409263e+03   1.2519752e+04
   1.4690000e+03   3.5252888e+03   8.0891237e+03
   1.4700000e+03   5.9685428e+03   7.8161566e+03
   1.4710000e+03   5.3542247e+03   7.8312787e+03
   1.4720000e+03   1.7872488e+03   2.0074194e+03
   1.4730000e+03   3.4981352e+03  -2.7289652e+02
   1.4740000e+03   6.0141916e+03   7.4260132e+03
   1.4750000e+03   4.3821939e+03   1.2561655e+04
   1.4760000e+03   4.0396577e+03   7.2733682e+03
   1.4770000e+03   4.2738558e+03  -9.4855779e+02
   1.4780000e+03   2.4749976e+03  -2.3906784e+03
   1.4790000e+03   7.1564904e+03  -1.2130999e+03
   1.4800000e+03   1.4844439e+04  -7.5774532e+03
   1.4810000e+03   1.3918171e+04  -1.2418280e+04
   1.4820000e+03   1.1787788e+04  -6.9325822e+03
   1.4830000e+03   1.1389535e+04  -5.4380990e+03
   1.4840000e+03   9.1026162e+03  -1.3562654e+04
   1.4850000e+03   1.0358180e+04  -1.6757798e+04
   1.4860000e+03   9.5075394e+03  -1.2705728e+04
   1.4870000e+03   3.9470329e+03  -1.1975721e+04
   1.4880000e+03   4.1764499e+03  -1.5516698e+04
   1.4890000e+03   8.1872156e+03  -1.7816041e+04
   1.4900000e+03   8.0290630e+03  -1.4648417e+04
   1.4910000e+03   5.9913197e+03  -9.9338741e+03
   1.4920000e+03   7.5419990e+03  -1.3151993e+04
   1.4930000e+03   8.3229777e+03  -1.5561584e+04
   1.4940000e+03   3.8799420e+03  -7.2942237e+03
   1.4950000e+03  -1.1330367e+03  -3.6153005e+03
   1.4960000e+03  -5.0158876e+03  -1.0096312e+04
   1.4970000e+03  -1.2819632e+03  -1.0594110e+04
   1.4980000e+03   8.7455466e+03  -3.1606273e+03
   1.4990000e+03   4.8328640e+03  -1.3543478e+03
   1.5000000e+03  -9.7287810e+03  -6.8969973e+03
   1.5010000e+03  -1.4683241e+04  -8.8072478e+03
   1.5020000e+03  -7.1019100e+03  -4.7665949e+03
   1.5030000e+03   2.9704415e+03  -2.1332196e+03
   1.5040000e+03  -1.2605954e+03  -3.6641877e+03
   1.5050000e+03  -1.6118152e+04  -4.9305524e+03
   1.5060000e+03  -1.7657657e+04   4.1551239e+02
   1.5070000e+03  -7.7010251e+03   8.8831355e+03
   1.5080000e+03  -5.1636709e+03   8.9227699e+03
   1.5090000e+03  -9.4872135e+03   3.4332581e+03
   1.5100000e+03  -9.2567517e+03   5.7499751e+03
   1.5110000e+03  -5.7392129e+03   1.1768932e+04
   1.5120000e+03  -7.2728584e+03   1.0937077e+04
   1.5130000e+03  -1.1917470e+04   1.1730495e+04
   1.5140000e+03  -1.2136308e+04   1.5179195e+04
   1.5150000e+03  -7.4633679e+03   8.2685880e+03
   1.5160000e+03  -5.4987777e+03   2.8772161e+03
   1.5170000e+03  -9.0162514e+03   8.7332524e+03
   1.5180000e+03  -1.0132032e+04   9.0770557e+03
   1.5190000e+03  -7.7525123e+03   5.8091059e+03
   1.5200000e+03  -8.9721662e+03   7.9111423e+03
   1.5210000e+03  -1.0706988e+04   7.1473026e+03
   1.5220000e+03  -6.0755892e+03   6.8977119e+03
   1.5230000e+03  -1.0239957e+03   1.0650096e+04
   1.5240000e+03  -3.0246551e+03   1.1114799e+04
   1.5250000e+03  -5.4126959e+03   1.0977504e+04
   1.5260000e+03  -1.9203707e+02   1.2745613e+04
   1.5270000e+03   8.1016517e+03   1.4559155e+04
   1.5280000e+03   1.0556761e+04   1.4171825e+04
   1.5290000e+03   5.8318703e+03   5.4214225e+03
   1.5300000e+03   8.3980833e+02  -4.7451296e+03
   1.5310000e+03   1.8639546e+03  -1.9896611e+03
   1.5320000e+03   7.1269174e+03   8.1126559e+03
   1.5330000e+03   8.4671568e+03   8.4595872e+03
   1.5340000e+03   4.2877764e+03  -1.9042548e+03
   1.5350000e+03   3.5920667e+03  -6.9985652e+03
   1.5360000e+03   9.5432458e+03  -2.6707000e+03
   1.5370000e+03   1.4363192e+04  -3.8607234e+02
   1.5380000e+03   1.1981232e+04  -2.8263822e+03
   1.5390000e+03   7.0790138e+03  -4.6597774e+03
   1.5400000e+03   6.4348905e+03  -3.7705608e+03
   1.5410000e+03   7.6120807e+03  -2.5491675e+03
   1.5420000e+03   9.1085518e+03  -4.9749694e+03
   1.5430000e+03   9.5114363e+03  -9.2359946e+03
   1.5440000e+03   5.2873968e+03  -1.0603015e+04
   1.5450000e+03   4.1686834e+03  -7.4183583e+03
   1.5460000e+03   7.0753783e+03  -3.1996010e+03
   1.5470000e+03   4.8769089e+03  -5.2406750e+03
   1.5480000e+03   3.7405597e+03  -1.0924339e+04
   1.5490000e+03   8.5959948e+03  -9.5964454e+03
   1.5500000e+03   1.1056809e+04  -3.8503078e+03
   1.5510000e+03   8.0893633e+03  -4.5677023e+03
   1.5520000e+03   3.5504809e+03  -9.5507957e+03
   1.5530000e+03   2.6040676e+03  -1.0670558e+04
   1.5540000e+03   6.1204401e+03  -8.6321664e+03
   1.5550000e+03   5.2897360e+03  -8.2196271e+03
   1.5560000e+03  -1.4300299e+03  -1.2551821e+04
   1.5570000e+03  -7.9597349e+02  -1.5733741e+04
   1.5580000e+03   5.9882892e+03  -9.6214738e+03
   1.5590000e+03   1.9568304e+03  -3.3029622e+03
   1.5600000e+03  -1.1396977e+04  -6.0157651e+03
   1.5610000e+03  -1.6438879e+04  -9.9351398e+03
   1.5620000e+03  -6.0793732e+03  -6.4913928e+03
   1.5630000e+03   5.6272751e+03   1.5118578e+03
   1.5640000e+03   1.6481281e+03   2.1638422e+03
   1.5650000e+03  -9.3565805e+03  -5.1371233e+03
   1.5660000e+03  -1.1351126e+04  -6.0362610e+03
   1.5670000e+03  -1.0951967e+04   7.8467070e+02
   1.5680000e+03  -1.6003916e+04   4.4299895e+03
   1.5690000e+03  -1.6202340e+04   2.9450699e+03
   1.5700000e+03  -8.8385448e+03   2.4884429e+03
   1.5710000e+03  -6.5547010e+03   3.7159254e+03
   1.5720000e+03  -7.6723398e+03   3.8398789e+03
   1.5730000e+03  -6.5353806e+03   8.0075519e+03
   1.5740000e+03  -1.0890133e+04   1.5564214e+04
   1.5750000e+03  -1.5680655e+04   1.6152632e+04
   1.5760000e+03  -1.2429271e+04   9.3009282e+03
   1.5770000e+03  -7.1831795e+03   3.6601463e+03
   1.5780000e+03  -1.6094802e+03   7.2974661e+03
   1.5790000e+03   2.0763533e+03   1.5323796e+04
   1.5800000e+03  -1.5369205e+03   1.2352458e+04
   1.5810000e+03  -6.0149082e+03   2.7272150e+03
   1.5820000e+03  -4.5185557e+03   1.6760631e+03
   1.5830000e+03  -6.9508988e+02   5.3022215e+03
   1.5840000e+03   2.3965692e+03   7.3217159e+03
   1.5850000e+03   4.6535736e+03   8.4533010e+03
   1.5860000e+03   1.8867050e+03   3.8066437e+03
   1.5870000e+03  -3.8050863e+03   6.4566535e+02
   1.5880000e+03  -2.6578057e+03   9.7222577e+03
   1.5890000e+03   3.1878672e+03   1.4259046e+04
   1.5900000e+03   4.5421256e+03   4.8544503e+03
   1.5910000e+03   1.8846838e+03  -2.1906675e+03
   1.5920000e+03   1.7893636e+03  -1.9184993e+03
   1.5930000e+03   3.5731350e+03   2.9636234e+03
   1.5940000e+03   1.0227097e+03   1.2761867e+04
   1.5950000e+03   1.9410528e+02   1.7899605e+04
   1.5960000e+03   9.1556801e+03   1.0261502e+04
   1.5970000e+03   1.8003577e+04  -2.0549066e+03
   1.5980000e+03   1.5568993e+04  -7.4377881e+03
   1.5990000e+03   7.0298743e+03  -5.3110700e+03
   1.6000000e+03   5.3458583e+03   3.5086709e+02
   1.6010000e+03   1.1834917e+04   1.1182850e+03
   1.6020000e+03   1.2897456e+04  -7.8827438e+03
   1.6030000e+03   4.4294387e+03  -1.2500544e+04
   1.6040000e+03   5.2643806e+02  -1.0229077e+04
   1.6050000e+03   7.4491395e+03  -1.1983799e+04
   1.6060000e+03   1.4223230e+04  -1.1402004e+04
   1.6070000e+03   1.2765474e+04  -7.9868140e+03
   1.6080000e+03   3.8273939e+03  -7.6103425e+03
   1.6090000e+03  -5.3141956e+03  -5.2923164e+03
   1.6100000e+03  -2.5061069e+03  -3.4327294e+03
   1.6110000e+03   1.0505603e+04  -6.1238363e+03
   1.6120000e+03   1.6258111e+04  -1.0536940e+04
   1.6130000e+03   5.5227333e+03  -1.1356921e+04
   1.6140000e+03  -8.4236679e+03  -4.3065336e+03
   1.6150000e+03  -6.2950493e+03  -1.8031230e+03
   1.6160000e+03   5.5866178e+03  -1.3353330e+04
   1.6170000e+03   9.2837158e+03  -1.9111721e+04
   1.6180000e+03   5.0529470e+03  -8.2722780e+03
   1.6190000e+03  -4.8760088e+02  -1.2598201e+03
   1.6200000e+03  -4.9028418e+03  -5.4263082e+03
   1.6210000e+03  -6.6454178e+03  -8.1746635e+03
   1.6220000e+03  -5.4904825e+03  -7.5882442e+03
   1.6230000e+03  -6.0552618e+03  -3.0344828e+03
   1.6240000e+03  -1.2000352e+04   4.4724146e+03
   1.6250000e+03  -1.3263490e+04   4.7185841e+03
   1.6260000e+03  -4.9805169e+03   6.0498308e+02
   1.6270000e+03   1.6463099e+03   1.6935942e+02
   1.6280000e+03  -5.6267749e+02   8.3107807e+02
   1.6290000e+03  -9.9841613e+03   1.5864954e+03
   1.6300000e+03  -1.6214034e+04   4.4544991e+03
   1.6310000e+03  -1.3684722e+04   6.9767953e+03
   1.6320000e+03  -1.0541653e+04   3.1429335e+03
   1.6330000e+03  -8.8293569e+03  -3.6599068e+03
   1.6340000e+03  -9.0484718e+03  -2.9029375e+03
   1.6350000e+03  -1.4346587e+04   5.0346861e+03
   1.6360000e+03  -1.8283721e+04   1.2821902e+04
   1.6370000e+03  -1.4460927e+04   1.2310869e+04
   1.6380000e+03  -6.2924359e+03   3.9631314e+03
   1.6390000e+03  -4.3035569e+03   3.4081552e+03
   1.6400000e+03  -9.1571346e+03   1.2178140e+04
   1.6410000e+03  -6.3821510e+03   1.5024372e+04
   1.6420000e+03   5.5703812e+03   1.1535965e+04
   1.6430000e+03   1.1538545e+04   1.0062144e+04
   1.6440000e+03   6.2331982e+03   1.0253623e+04
   1.6450000e+03  -4.2391457e+02   1.0011338e+04
   1.6460000e+03  -1.8381492e+03   1.0130304e+04
   1.6470000e+03   1.1200289e+02   8.9901633e+03
   1.6480000e+03   5.7103456e+03   2.9068316e+03
   1.6490000e+03   9.3437332e+03  -4.5612595e+03
   1.6500000e+03   4.4987012e+03  -3.1696607e+03
   1.6510000e+03   2.5906804e+03   6.8308272e+03
   1.6520000e+03   7.5891850e+03   1.2643439e+04
   1.6530000e+03   6.8160336e+03   7.5146833e+03
   1.6540000e+03   3.5320302e+03  -1.9306739e+03
   1.6550000e+03   5.4352745e+03  -4.2719259e+03
   1.6560000e+03   4.8835982e+03   3.0751042e+03
   1.6570000e+03   2.9710177e+03   1.0443243e+04
   1.6580000e+03   7.7289505e+03   8.3633599e+03
   1.6590000e+03   1.1885116e+04  -3.0293011e+02
   1.6600000e+03   8.5385960e+03  -1.9209884e+03
   1.6610000e+03   4.0578995e+03   2.4563493e+03
   1.6620000e+03   5.2521159e+03  -3.4312279e+03
   1.6630000e+03   1.1520615e+04  -1.4215528e+04
   1.6640000e+03   1.4300921e+04  -1.5930685e+04
   1.6650000e+03   9.1989794e+03  -1.1362984e+04
   1.6660000e+03   5.7318086e+03  -4.6508972e+03
   1.6670000e+03   9.2017657e+03  -1.1462867e+03
   1.6680000e+03   1.3199903e+04  -5.1124000e+03
   1.6690000e+03   1.3897783e+04  -1.3269157e+04
   1.6700000e+03   9.1205413e+03  -2.2019755e+04
   1.6710000e+03   4.2537421e+02  -2.1781098e+04
   1.6720000e+03  -2.4076061e+03  -9.8564418e+03
   1.6730000e+03   6.8850295e+02  -2.1567733e+03
   1.6740000e+03   5.0394046e+02  -4.5957312e+03
   1.6750000e+03  -4.4729705e+03  -6.8424572e+03
   1.6760000e+03  -8.2643942e+03  -9.0832241e+03
   1.6770000e+03  -4.1628490e+03  -1.5602602e+04
   1.6780000e+03   8.5100703e+02  -1.5140067e+04
   1.6790000e+03  -4.1924005e+03  -6.5780599e+03
   1.6800000e+03  -1.1197721e+04  -4.4637490e+03
   1.6810000e+03  -1.2066915e+04  -3.6295542e+03
   1.6820000e+03  -8.4397819e+03   3.5106024e+03
   1.6830000e+03  -3.0297503e+03   4.1412049e+03
   1.6840000e+03  -2.1093534e+03  -6.1788714e+03
   1.6850000e+03  -5.8826228e+03  -1.2953229e+04
   1.6860000e+03  -1.1014764e+04  -4.9736901e+03
   1.6870000e+03  -1.2483852e+04   8.5340460e+03
   1.6880000e+03  -2.8438962e+03   1.3451669e+04
   1.6890000e+03   5.9076173e+03   1.1519555e+04
   1.6900000e+03  -9.9932345e+02   6.7585129e+03
   1.6910000e+03  -1.2049285e+04   1.6755388e+03
   1.6920000e+03  -1.1097100e+04   4.3635174e+03
   1.6930000e+03  -3.8501375e+03   1.2525335e+04
   1.6940000e+03  -6.8184641e+03   1.3738930e+04
   1.6950000e+03  -1.4987745e+04   6.3712583e+03
   1.6960000e+03  -1.2480868e+04  -4.6478200e+00
   1.6970000e+03  -5.1441803e+03   2.3764722e+03
   1.6980000e+03  -5.2771379e+03   1.0903596e+04
   1.6990000e+03  -1.1686736e+04   1.4314688e+04
   1.7000000e+03  -1.3779336e+04   1.0431776e+04
   1.7010000e+03  -7.7472927e+03   6.7496260e+03
   1.7020000e+03  -2.7460166e+03   5.4667889e+03
   1.7030000e+03   1.2756871e+03   8.3444218e+03
   1.7040000e+03   5.8483180e+03   1.0775280e+04
   1.7050000e+03   6.9014830e+02   5.9385418e+03
   1.7060000e+03  -8.9276575e+03   6.4107232e+03
   1.7070000e+03  -8.3193663e+03   1.4489182e+04
   1.7080000e+03   1.5596702e+03   1.1673957e+04
   1.7090000e+03   1.2364157e+04  -1.8918570e+01
   1.7100000e+03   1.4690055e+04  -2.2360665e+03
   1.7110000e+03   7.0797000e+03   7.9425258e+03
   1.7120000e+03   4.6531478e+03   1.3919297e+04
   1.7130000e+03   1.2842919e+04   5.0579347e+03
   1.7140000e+03   1.5335152e+04  -6.5546082e+03
   1.7150000e+03   8.5110897e+03  -8.4482810e+03
   1.7160000e+03   7.0485761e+03  -5.3092574e+02
   1.7170000e+03   1.1469928e+04   7.9903299e+03
   1.7180000e+03   1.3628865e+04   3.5513557e+03
   1.7190000e+03   1.4923632e+04  -9.8198914e+03
   1.7200000e+03   1.3166598e+04  -1.3181444e+04
   1.7210000e+03   4.7917469e+03  -6.3331746e+03
   1.7220000e+03  -1.6420367e+03  -6.8983944e+03
   1.7230000e+03   7.6013335e+02  -1.1882203e+04
   1.7240000e+03   7.0165228e+03  -6.1563921e+03
   1.7250000e+03   1.0244480e+04  -2.2889415e+02
   1.7260000e+03   9.6773553e+03  -4.4704952e+03
   1.7270000e+03   8.9307537e+03  -9.8390030e+03
   1.7280000e+03   8.4438287e+03  -1.2612837e+04
   1.7290000e+03   6.0955253e+03  -1.2461623e+04
   1.7300000e+03   3.4395470e+03  -1.0673071e+04
   1.7310000e+03   3.2896092e+03  -8.9926802e+03
   1.7320000e+03   4.3211599e+03  -3.6945960e+03
   1.7330000e+03   1.5584688e+03  -1.4559711e+02
   1.7340000e+03  -3.2190320e+03  -3.5410927e+03
   1.7350000e+03  -2.8214781e+03  -9.4549512e+03
   1.7360000e+03  -8.9906020e+02  -1.4270395e+04
   1.7370000e+03  -2.3368649e+03  -1.0682308e+04
   1.7380000e+03  -2.4520701e+03  -1.4269752e+02
   1.7390000e+03  -1.4827539e+03   1.1641409e+03
   1.7400000e+03  -4.5510390e+03  -8.2722126e+03
   1.7410000e+03  -1.1843122e+04  -1.2289308e+04
   1.7420000e+03  -1.6305164e+04  -6.3806719e+03
   1.7430000e+03  -1.1269810e+04  -3.6236831e+03
   1.7440000e+03  -5.7345839e+03  -6.9070349e+03
   1.7450000e+03  -8.8531930e+03  -4.6732776e+03
   1.7460000e+03  -1.2739281e+04   2.4509428e+03
   1.7470000e+03  -1.2574732e+04   5.1969367e+03
   1.7480000e+03  -9.0955036e+03   1.7285260e+03
   1.7490000e+03  -2.7883958e+03  -2.8464426e+03
   1.7500000e+03  -3.9759556e+03   1.0139269e+03
   1.7510000e+03  -1.1732583e+04   1.1478042e+04
   1.7520000e+03  -1.0272951e+04   1.4868819e+04
   1.7530000e+03  -4.6441924e+03   1.1418494e+04
   1.7540000e+03  -6.2838769e+03   9.4062899e+03
   1.7550000e+03  -7.8354776e+03   7.1245153e+03
   1.7560000e+03  -4.1491395e+03   4.6040506e+03
   1.7570000e+03  -1.9202355e+02   6.5586711e+03
   1.7580000e+03  -1.1469496e+03   9.5115028e+03
   1.7590000e+03  -7.1193141e+03   7.0792731e+03
   1.7600000e+03  -1.0554130e+04   2.2179531e+03
   1.7610000e+03  -5.6731002e+03   3.2829252e+03
   1.7620000e+03   1.7214691e+03   9.4827063e+03
   1.7630000e+03   2.0843876e+03   1.2404028e+04
   1.7640000e+03  -1.0637517e+03   1.2638232e+04
   1.7650000e+03  -7.4383200e+01   1.2345685e+04
   1.7660000e+03   4.0518159e+03   7.3139843e+03
   1.7670000e+03   1.0189511e+04   4.1546510e+03
   1.7680000e+03   9.0848416e+03   9.2049542e+03
   1.7690000e+03  -2.7236679e+03   1.1795309e+04
   1.7700000e+03  -6.4291204e+03   7.9659446e+03
   1.7710000e+03   3.4855267e+02   6.6114149e+03
   1.7720000e+03   5.5363855e+03   8.2223215e+03
   1.7730000e+03   7.8763189e+03   6.3916235e+03
   1.7740000e+03   5.3983287e+03   2.0111391e+03
   1.7750000e+03   1.8346572e+03  -1.4871861e+03
   1.7760000e+03   1.7720001e+03  -5.5225053e+03
   1.7770000e+03   3.1415081e+03  -7.0057383e+03
   1.7780000e+03   8.0381776e+03  -4.6667655e+03
   1.7790000e+03   1.2960091e+04  -6.8125711e+03
   1.7800000e+03   1.3327204e+04  -1.0877699e+04
   1.7810000e+03   1.0915214e+04  -9.1909382e+03
   1.7820000e+03   8.8499198e+03  -8.5401401e+03
   1.7830000e+03   1.3029367e+04  -1.1985414e+04
   1.7840000e+03   1.8622605e+04  -9.5594663e+03
   1.7850000e+03   1.6887484e+04  -6.9360288e+02
   1.7860000e+03   1.2625659e+04   1.3528942e+03
   1.7870000e+03   1.0001600e+04  -4.6803527e+03
   1.7880000e+03   7.0255054e+03  -7.4383149e+03
   1.7890000e+03   1.7640300e+03  -5.8184549e+03
   1.7900000e+03  -4.0848407e+03  -3.3823822e+03
   1.7910000e+03  -4.1244741e+03  -3.6999721e+03
   1.7920000e+03   1.2744287e+03  -9.0093249e+03
   1.7930000e+03   4.3670334e+03  -9.3615966e+03
   1.7940000e+03   1.7578090e+03  -4.1346280e+03
   1.7950000e+03  -3.9813652e+03  -6.8580863e+03
   1.7960000e+03  -5.8864322e+03  -1.4385105e+04
   1.7970000e+03   6.3711274e+02  -1.4740326e+04
   1.7980000e+03   5.1558099e+03  -9.6620783e+03
   1.7990000e+03  -3.1028104e+03  -6.2884451e+03
   1.8000000e+03  -1.1872046e+04  -6.5830682e+03
   1.8010000e+03  -6.9330065e+03  -8.0828989e+03
   1.8020000e+03   3.5935402e+03  -3.6722499e+03
   1.8030000e+03   2.7397856e+03   5.4879840e+03
   1.8040000e+03  -1.2167779e+04   3.1394955e+03
   1.8050000e+03  -2.0344902e+04  -7.9607938e+03
   1.8060000e+03  -8.5978360e+03  -6.3579689e+03
   1.8070000e+03   1.2688282e+03   4.1107059e+03
   1.8080000e+03  -6.7911255e+03   7.1803893e+03
   1.8090000e+03  -1.5249218e+04   5.4013603e+03
   1.8100000e+03  -1.2533744e+04   7.1697147e+03
   1.8110000e+03  -7.9374653e+03   9.4592554e+03
   1.8120000e+03  -5.7241768e+03   5.8516775e+03
   1.8130000e+03  -7.4640293e+03   1.7495312e+03
   1.8140000e+03  -1.4386638e+04   3.6169888e+03
   1.8150000e+03  -1.3991225e+04   8.2234206e+03
   1.8160000e+03  -2.9910566e+03   1.1043407e+04
   1.8170000e+03   2.0081136e+03   7.8750713e+03
   1.8180000e+03  -1.9040300e+03   1.2345907e+03
   1.8190000e+03  -3.8177680e+03   4.5475104e+02
   1.8200000e+03  -3.6638629e+03   5.5375261e+03
   1.8210000e+03  -3.0933075e+03   7.8650024e+03
   1.8220000e+03  -6.2047100e+00   5.3923212e+03
   1.8230000e+03  -1.9580226e+03   5.3957531e+03
   1.8240000e+03  -9.4926587e+03   9.0436278e+03
   1.8250000e+03  -9.8295690e+03   1.0533698e+04
   1.8260000e+03  -4.8456216e+03   1.1447802e+04
   1.8270000e+03  -1.5910731e+03   1.3320005e+04
   1.8280000e+03   1.2884271e+03   1.1296479e+04
   1.8290000e+03   2.4913971e+03   5.1560275e+03
   1.8300000e+03   5.0814397e+03   1.5652626e+03
   1.8310000e+03   7.5451201e+03   2.9500695e+03
   1.8320000e+03   2.3749914e+03   3.4839396e+03
   1.8330000e+03  -4.6902810e+02   1.0945738e+03
   1.8340000e+03   6.8346262e+03  -9.7111823e+02
   1.8350000e+03   1.2370200e+04  -2.2566289e+02
   1.8360000e+03   1.0468285e+04   4.3141440e+03
   1.8370000e+03   8.7562125e+03   7.0045253e+03
   1.8380000e+03   8.7540166e+03   2.0836463e+03
   1.8390000e+03   7.2788507e+03  -6.4803405e+03
   1.8400000e+03   7.8416355e+03  -8.3427207e+03
   1.8410000e+03   9.4667646e+03  -7.8624374e+02
   1.8420000e+03   6.8023976e+03   1.8337710e+03
   1.8430000e+03   3.5950100e+03  -5.3714872e+03
   1.8440000e+03   6.6250780e+03  -8.8595897e+03
   1.8450000e+03   1.4628864e+04  -8.0685888e+03
   1.8460000e+03   1.5126423e+04  -9.5143358e+03
   1.8470000e+03   6.0923348e+03  -8.8053786e+03
   1.8480000e+03   3.9961890e+03  -4.3354750e+03
   1.8490000e+03   8.8277628e+03  -3.8686423e+03
   1.8500000e+03   8.5097390e+03  -1.0959223e+04
   1.8510000e+03   5.6670038e+03  -1.4041192e+04
   1.8520000e+03   5.2939249e+03  -5.8823556e+03
   1.8530000e+03   6.5803586e+03  -4.4550820e+02
   1.8540000e+03   7.4704844e+03  -6.3484904e+03
   1.8550000e+03   5.5674008e+03  -1.3522101e+04
   1.8560000e+03   6.1681255e+02  -1.4981103e+04
   1.8570000e+03  -4.1911555e+03  -1.2151468e+04
   1.8580000e+03  -5.4569752e+03  -8.1891446e+03
   1.8590000e+03  -2.6810373e+03  -8.4781637e+03
   1.8600000e+03   2.2699986e+03  -1.0861389e+04
   1.8610000e+03   2.3977255e+02  -6.4185223e+03
   1.8620000e+03  -1.0879196e+04   1.0298269e+03
   1.8630000e+03  -1.3989392e+04   3.2388559e+03
   1.8640000e+03  -6.9297666e+03   2.2924134e+03
   1.8650000e+03  -3.6715241e+03   5.0723722e+02
   1.8660000e+03  -3.4414099e+03   2.5423609e+02
   1.8670000e+03  -5.7792193e+03   2.8938370e+03
   1.8680000e+03  -1.3571695e+04   3.5887739e+03
   1.8690000e+03  -1.7149697e+04   3.5174288e+03
   1.8700000e+03  -1.3544124e+04   3.3027161e+03
   1.8710000e+03  -9.0920074e+03  -2.4664336e+03
   1.8720000e+03  -3.3315340e+03  -4.4753833e+03
   1.8730000e+03  -2.8367601e+03   5.5217007e+03
   1.8740000e+03  -1.1678112e+04   1.3846566e+04
   1.8750000e+03  -1.1947736e+04   1.2681747e+04
   1.8760000e+03  -3.0886299e+03   9.3200773e+03
   1.8770000e+03  -4.6581357e+03   8.1959045e+03
   1.8780000e+03  -9.7729600e+03   7.6970746e+03
   1.8790000e+03  -5.8602670e+03   4.5306624e+03
   1.8800000e+03  -9.0293640e+02   3.5264426e+03
   1.8810000e+03  -2.5758643e+02   1.0052739e+04
   1.8820000e+03  -1.0224280e+03   1.4190704e+04
   1.8830000e+03  -2.3269825e+03   9.0417088e+03
   1.8840000e+03  -6.3562722e+03   3.7435992e+03
   1.8850000e+03  -1.0923250e+04   5.8030629e+03
   1.8860000e+03  -8.0577186e+03   9.7494210e+03
   1.8870000e+03   2.2199681e+03   7.4638472e+03
   1.8880000e+03   8.5530377e+03   1.3795350e+03
   1.8890000e+03   3.4139234e+03  -2.4731192e+03
   1.8900000e+03  -3.7700225e+03  -1.8918958e+03
   1.8910000e+03  -1.3390222e+03   2.6485155e+03
   1.8920000e+03   4.0773393e+03   5.9890083e+03
   1.8930000e+03   5.0567021e+03   7.2451736e+03
   1.8940000e+03   5.2746372e+03   9.0109865e+03
   1.8950000e+03   3.6706213e+03   6.9991654e+03
   1.8960000e+03  -3.1064746e+02   2.6697841e+03
   1.8970000e+03  -1.7424829e+02   4.0340272e+03
   1.8980000e+03   5.2411600e+03   7.1551177e+03
   1.8990000e+03   1.2155812e+04   4.5754249e+03
   1.9000000e+03   1.4777189e+04   4.1783632e+02
   1.9010000e+03   1.1708319e+04  -2.7700384e+03
   1.9020000e+03   1.3072908e+04  -7.7839890e+03
   1.9030000e+03   1.7498982e+04  -9.4568843e+03
   1.9040000e+03   1.4927279e+04  -7.0155511e+03
   1.9050000e+03   1.1816166e+04  -8.9910977e+03
   1.9060000e+03   1.1228598e+04  -1.3535740e+04
   1.9070000e+03   9.5166732e+03  -1.4696612e+04
   1.9080000e+03   7.9036906e+03  -1.3815531e+04
   1.9090000e+03   3.6628355e+03  -1.2540007e+04
   1.9100000e+03   2.5309813e+03  -1.0868879e+04
   1.9110000e+03   6.7656339e+03  -6.8751323e+03
   1.9120000e+03   3.3740499e+03  -2.3302427e+03
   1.9130000e+03  -4.8817998e+03  -4.6236695e+03
   1.9140000e+03  -5.4421826e+03  -9.7313427e+03
   1.9150000e+03   1.9811407e+03  -8.2415485e+03
   1.9160000e+03   5.8441107e+03  -6.0926719e+03
   1.9170000e+03  -2.0222053e+03  -7.5527885e+03
   1.9180000e+03  -7.6212680e+03  -7.1713837e+03
   1.9190000e+03  -6.7633742e+02  -8.7059536e+03
   1.9200000e+03   7.4562808e+03  -1.1956967e+04
   1.9210000e+03   5.7259062e+03  -8.5444268e+03
   1.9220000e+03  -4.9437688e+03  -4.6480681e+03
   1.9230000e+03  -1.1193226e+04  -6.6941655e+03
   1.9240000e+03  -8.9834770e+03  -6.9272676e+03
   1.9250000e+03  -7.0679084e+03  -1.4129062e+03
   1.9260000e+03  -5.2625373e+03   5.0049368e+03
   1.9270000e+03  -6.3718575e+03   7.8641930e+03
   1.9280000e+03  -1.0985874e+04   6.0504221e+03
   1.9290000e+03  -9.2457714e+03   2.2358144e+03
   1.9300000e+03  -4.5733919e+03   2.2492677e+03
   1.9310000e+03  -4.1337449e+03   6.3445086e+03
   1.9320000e+03  -7.9037815e+03   9.1455449e+03
   1.9330000e+03  -1.3784026e+04   9.4614690e+03
   1.9340000e+03  -1.3367435e+04   5.0150396e+03
   1.9350000e+03  -8.7292927e+03  -1.5875457e+03
   1.9360000e+03  -8.8291165e+03   1.5281675e+03
   1.9370000e+03  -8.6493136e+03   9.6415945e+03
   1.9380000e+03  -6.3571408e+03   8.7669301e+03
   1.9390000e+03  -7.5525535e+03   4.5583880e+03
   1.9400000e+03  -1.1183303e+04   7.4104057e+03
   1.9410000e+03  -1.2233837e+04   1.2769156e+04
   1.9420000e+03  -4.5310699e+03   1.4893171e+04
   1.9430000e+03   7.5214194e+03   1.6473615e+04
   1.9440000e+03   9.0783085e+03   1.5684391e+04
   1.9450000e+03  -6.5952502e+02   9.4787119e+03
   1.9460000e+03  -7.7719329e+03   4.0256648e+03
   1.9470000e+03  -1.9752211e+03   3.3972101e+03
   1.9480000e+03   1.0216448e+04   7.1221608e+03
   1.9490000e+03   1.2481914e+04   1.2666134e+04
   1.9500000e+03   3.8660949e+03   1.3004636e+04
   1.9510000e+03  -3.0689327e+03   5.9820244e+03
   1.9520000e+03   1.1664528e+03  -1.4423761e+03
   1.9530000e+03   1.2411074e+04  -1.5041369e+03
   1.9540000e+03   1.1769948e+04   1.5331676e+03
   1.9550000e+03   3.0195340e+02  -2.1681390e+03
   1.9560000e+03   1.7350335e+02  -5.9139118e+03
   1.9570000e+03   7.8167428e+03  -9.2047162e+02
   1.9580000e+03   8.3468691e+03   2.5351723e+03
   1.9590000e+03   7.4955693e+03  -2.5714863e+03
   1.9600000e+03   8.4048430e+03  -5.8442404e+03
   1.9610000e+03   6.5216913e+03  -4.6919313e+03
   1.9620000e+03   6.5794276e+03  -7.5603828e+03
   1.9630000e+03   1.0114730e+04  -9.5170534e+03
   1.9640000e+03   1.1303064e+04  -5.3794876e+03
   1.9650000e+03   9.0061068e+03  -2.4352879e+03
   1.9660000e+03   2.5928213e+03  -2.5710875e+03
   1.9670000e+03  -4.2586105e+03  -6.6792802e+03
   1.9680000e+03  -7.9989672e+02  -1.2628684e+04
   1.9690000e+03   9.9871196e+03  -1.0175874e+04
   1.9700000e+03   1.4765385e+04  -4.8588656e+03
   1.9710000e+03   1.2150837e+04  -7.0776773e+03
   1.9720000e+03   4.9151210e+03  -9.4211156e+03
   1.9730000e+03  -4.2988201e+03  -7.1149456e+03
   1.9740000e+03  -2.7456013e+03  -6.0728882e+03
   1.9750000e+03   8.8053128e+03  -7.7918919e+03
   1.9760000e+03   1.0601427e+04  -1.0113978e+04
   1.9770000e+03   3.3992531e+03  -1.2632620e+04
   1.9780000e+03  -1.9790938e+03  -1.3828747e+04
   1.9790000e+03  -7.5440114e+03  -1.2750362e+04
   1.9800000e+03  -8.8628218e+03  -1.2627603e+04
   1.9810000e+03  -4.9027743e+03  -1.3158675e+04
   1.9820000e+03  -4.2742646e+03  -7.3914544e+03
   1.9830000e+03  -6.8060628e+03   2.5046872e+03
   1.9840000e+03  -9.1666388e+03   5.6180124e+03
   1.9850000e+03  -8.9305127e+03   3.7853536e+03
   1.9860000e+03  -8.3374345e+03   5.2678859e+03
   1.9870000e+03  -1.1288079e+04   8.7611235e+03
   1.9880000e+03  -1.1564992e+04   1.0112174e+04
   1.9890000e+03  -7.6190758e+03   8.8019375e+03
   1.9900000e+03  -5.5967866e+03   8.6017151e+03
   1.9910000e+03  -6.3025618e+03   7.0536957e+03
   1.9920000e+03  -6.0312374e+03  -1.5851206e+03
   1.9930000e+03  -3.9578425e+03  -6.1187176e+03
   1.9940000e+03  -7.2362649e+03  -3.5196605e+02
   1.9950000e+03  -1.3357516e+04   4.9700260e+03
   1.9960000e+03  -1.0594921e+04   6.7774873e+03
   1.9970000e+03  -4.9387493e+03   5.6150501e+03
   1.9980000e+03  -7.4664836e+03   4.3871336e+03
   1.9990000e+03  -1.2486009e+04   7.2504759e+03
   2.0000000e+03  -9.2109955e+03   7.4927491e+03
