   1.0274000e+02   2.5123000e+01
   9.5472339e+01   2.9909005e+01
   0.0000000e+00  -3.2662236e+04  -3.2662236e+04
   1.0000000e+00   2.5881677e+04  -4.5545896e+04
   2.0000000e+00   5.6504910e+04  -1.7417944e+04
   3.0000000e+00  -8.8303551e+03   1.4934848e+04
   4.0000000e+00  -9.6719191e+04   2.5564220e+04
   5.0000000e+00  -5.3097358e+04  -1.0114662e+04
   6.0000000e+00   7.1114351e+04  -4.3344349e+04
   7.0000000e+00   8.1363860e+04  -2.0695776e+04
   8.0000000e+00  -4.9629142e+04   3.0837008e+04
   9.0000000e+00  -1.3570150e+05   5.7155594e+04
   1.0000000e+01  -4.3071870e+04   2.0349413e+04
   1.1000000e+01   8.2331491e+04  -4.0940208e+04
   1.2000000e+01   8.2754709e+04  -5.9882510e+04
   1.3000000e+01  -1.8263920e+03  -5.7190474e+02
   1.4000000e+01  -9.6589138e+04   9.0270510e+04
   1.5000000e+01  -1.1408876e+05   7.1729221e+04
   1.6000000e+01  -3.8181264e+03  -4.8604945e+04
   1.7000000e+01   1.1591695e+05  -1.0644536e+05
   1.8000000e+01   7.0878361e+04  -3.6651431e+04
   1.9000000e+01  -7.8705960e+04   6.9221871e+04
   2.0000000e+01  -1.1068075e+05   8.2228833e+04
   2.1000000e+01  -4.2627445e+04   1.2699611e+04
   2.2000000e+01  -1.1748544e+03  -3.0208953e+04
   2.3000000e+01   2.0291309e+04  -4.1656912e+03
   2.4000000e+01   5.9022627e+03   3.6754632e+04
   2.5000000e+01  -3.0096584e+04   3.8173689e+04
   2.6000000e+01  -8.6185438e+03   4.1701604e+04
   2.7000000e+01   4.0373838e+04   4.3261191e+04
   2.8000000e+01   2.7182923e+04  -9.1549521e+03
   2.9000000e+01  -2.5310766e+04  -5.0097359e+04
   3.0000000e+01  -2.6789669e+04  -2.4336642e+04
   3.1000000e+01   2.1061490e+04   2.7641722e+04
   3.2000000e+01   6.5063384e+04   5.3653851e+04
   3.3000000e+01   5.0313833e+04   4.4187669e+04
   3.4000000e+01  -4.1488406e+04   1.5963555e+04
   3.5000000e+01  -1.0008035e+05  -2.3696836e+04
   3.6000000e+01  -4.2665784e+04  -2.8908346e+04
   3.7000000e+01   4.8453182e+04   1.3464418e+04
   3.8000000e+01   4.8865728e+04   4.9306653e+04
   3.9000000e+01  -1.8130156e+04   5.5402495e+04
   4.0000000e+01  -2.2035390e+04   2.8607221e+04
   4.1000000e+01   1.7496997e+04  -8.1490881e+03
   4.2000000e+01   1.7202633e+04  -2.9654645e+04
   4.3000000e+01   4.7774677e+03  -3.4455373e+04
   4.4000000e+01   1.2546451e+04  -1.0642334e+04
   4.5000000e+01   3.2411056e+04   2.5533666e+04
   4.6000000e+01   2.8556733e+04   2.9487035e+04
   4.7000000e+01  -6.6191323e+03  -1.8228497e+04
   4.8000000e+01  -2.9667950e+04  -4.9970197e+04
   4.9000000e+01  -1.5921580e+04  -8.2331291e+03
   5.0000000e+01   2.2376424e+04   3.6081340e+04
   5.1000000e+01   3.8435852e+04   3.7086665e+04
   5.2000000e+01   2.7448262e+04   5.7865814e+03
   5.3000000e+01   1.5762946e+04  -3.3419106e+04
   5.4000000e+01   7.5225548e+03  -2.3018874e+04
   5.5000000e+01   2.7150955e+04   1.5439956e+04
   5.6000000e+01   4.2848158e+04   2.3743547e+04
   5.7000000e+01   1.5237087e+04   1.6760535e+03
   5.8000000e+01  -2.2800503e+03  -2.9180679e+04
   5.9000000e+01   2.0114403e+04  -4.5308670e+04
   6.0000000e+01   3.7662413e+04  -3.2013060e+04
   6.1000000e+01   7.3092377e+03   9.4854940e+03
   6.2000000e+01  -2.9732739e+04   2.1883279e+04
   6.3000000e+01  -2.1615076e+04  -2.2654670e+04
   6.4000000e+01   1.3133961e+04  -4.9464176e+04
   6.5000000e+01   4.0844286e+04  -2.8687316e+04
   6.6000000e+01   2.1270572e+04  -6.3519187e+03
   6.7000000e+01  -1.6492285e+04  -1.5722384e+04
   6.8000000e+01  -1.9607367e+04  -2.7192477e+04
   6.9000000e+01  -1.9662716e+04  -8.3156349e+03
   7.0000000e+01  -1.3897135e+04   3.8830089e+03
   7.1000000e+01   5.8459316e+03  -1.1048953e+03
   7.2000000e+01   9.4955163e+03  -1.3407876e+04
   7.3000000e+01   5.0773972e+03  -3.3073116e+04
   7.4000000e+01   3.0328209e+03  -2.7811258e+04
   7.5000000e+01   3.5675974e+03   2.8174825e+03
   7.6000000e+01  -3.3833807e+03   2.0115443e+04
   7.7000000e+01  -1.3590121e+04  -1.9884965e+03
   7.8000000e+01  -9.9905940e+03  -2.7724920e+04
   7.9000000e+01  -4.5471917e+03  -2.1012806e+04
   8.0000000e+01  -1.4794550e+01  -1.6968874e+04
   8.1000000e+01  -1.2070839e+03  -1.2802902e+04
   8.2000000e+01  -5.3079963e+03   3.0061553e+03
   8.3000000e+01  -6.6750806e+03   1.5175699e+04
   8.4000000e+01  -2.2224070e+04   1.9291546e+04
   8.5000000e+01  -2.2382030e+04  -1.3668145e+04
   8.6000000e+01   1.0590436e+04  -4.2239723e+04
   8.7000000e+01   3.2911189e+04  -4.3375433e+03
   8.8000000e+01   1.8514848e+04   5.3077029e+04
   8.9000000e+01  -9.8871130e+03   5.7674615e+04
   9.0000000e+01  -1.6906719e+04  -3.5304022e+02
   9.1000000e+01  -9.7264808e+03  -4.2288719e+04
   9.2000000e+01   4.9693403e+03  -1.9803107e+04
   9.3000000e+01   1.8031673e+04   2.1252003e+04
   9.4000000e+01  -1.3464165e+04   3.7909845e+04
   9.5000000e+01  -7.4177560e+04   2.3227314e+04
   9.6000000e+01  -8.6173814e+04   1.0645911e+04
   9.7000000e+01  -1.2505897e+04   2.4091966e+03
   9.8000000e+01   4.8732039e+04  -1.4805286e+04
   9.9000000e+01  -6.5455398e+02  -6.8874760e+03
   1.0000000e+02  -7.0469020e+04   1.7627065e+04
   1.0100000e+02  -5.6197598e+04   3.3319940e+04
   1.0200000e+02   1.5496695e+04   3.3694355e+04
   1.0300000e+02   5.3480757e+04   1.4323387e+04
   1.0400000e+02   1.5299741e+04  -5.1835453e+03
   1.0500000e+02  -3.1940406e+04  -9.8180029e+03
   1.0600000e+02  -4.4933415e+04   7.8493715e+03
   1.0700000e+02  -3.2649620e+04   2.2130177e+04
   1.0800000e+02  -5.6279464e+03   2.3096679e+04
   1.0900000e+02   1.1023571e+04   3.4294842e+04
   1.1000000e+02   1.2856445e+04   1.6048898e+04
   1.1100000e+02  -1.4514820e+03  -2.7597926e+04
   1.1200000e+02  -7.9217975e+03  -2.8431257e+04
   1.1300000e+02   6.9008421e+03   1.4006709e+04
   1.1400000e+02   7.9178098e+03   4.2882621e+04
   1.1500000e+02   1.6321751e+04   1.1433441e+04
   1.1600000e+02   3.5630485e+04  -3.2982667e+04
   1.1700000e+02   1.8779933e+04  -1.8146408e+04
   1.1800000e+02  -1.6281041e+04   2.8844115e+04
   1.1900000e+02  -1.3457832e+04   3.4542131e+04
   1.2000000e+02   2.9110028e+04  -1.1746614e+04
   1.2100000e+02   3.1389869e+04  -3.3465408e+04
   1.2200000e+02  -3.0255788e+04   6.4263533e+03
   1.2300000e+02  -7.2179591e+04   5.8861692e+04
   1.2400000e+02  -3.8767713e+04   4.8920650e+04
   1.2500000e+02   3.3872913e+04  -3.0878325e+04
   1.2600000e+02   4.6095004e+04  -5.2618921e+04
   1.2700000e+02  -8.5217185e+03   1.4802197e+04
   1.2800000e+02  -2.7534697e+04   4.4213845e+04
   1.2900000e+02   2.2116270e+04  -2.8737782e+03
   1.3000000e+02   7.3405085e+04  -5.2827290e+04
   1.3100000e+02   4.4170362e+04  -3.2592557e+04
   1.3200000e+02  -2.2189384e+04   1.7630401e+04
   1.3300000e+02  -1.6585109e+04   2.1184603e+04
   1.3400000e+02   3.8707935e+04   1.2893757e+01
   1.3500000e+02   5.8947638e+04  -2.5415463e+04
   1.3600000e+02   2.3557279e+04  -4.2372204e+04
   1.3700000e+02  -7.2076411e+03  -2.3796530e+04
   1.3800000e+02   8.6872068e+03   2.0895497e+04
   1.3900000e+02   2.6121994e+04   5.0849904e+04
   1.4000000e+02   1.1419331e+04   2.0214314e+04
   1.4100000e+02  -1.6669006e+04  -3.5572552e+04
   1.4200000e+02  -3.6392400e+03  -4.8808288e+04
   1.4300000e+02   4.3971352e+04  -1.2509988e+04
   1.4400000e+02   4.2757995e+04   2.6332014e+04
   1.4500000e+02   4.3235574e+03   5.8487180e+03
   1.4600000e+02  -8.7756714e+03  -3.0756035e+04
   1.4700000e+02   1.1524932e+04  -1.6228795e+04
   1.4800000e+02   3.6296417e+04   1.0276721e+04
   1.4900000e+02   2.1399130e+04   4.9292706e+03
   1.5000000e+02  -1.8724488e+04  -1.9790247e+04
   1.5100000e+02  -2.1765041e+04  -2.5921656e+04
   1.5200000e+02   2.4197271e+04  -1.0124276e+04
   1.5300000e+02   4.1270320e+04   4.5899345e+03
   1.5400000e+02  -7.2267424e+03  -1.7634004e+03
   1.5500000e+02  -3.7351783e+04  -3.3099912e+04
   1.5600000e+02  -1.2696153e+04  -2.9007379e+04
   1.5700000e+02   2.3519496e+04   1.4585825e+04
   1.5800000e+02   1.7842906e+04   2.6646294e+04
   1.5900000e+02  -3.4880579e+04  -2.6504099e+03
   1.6000000e+02  -4.7489841e+04  -3.8823090e+04
   1.6100000e+02  -8.8252456e+03  -3.1875221e+04
   1.6200000e+02   1.0193823e+04   5.7655537e+03
   1.6300000e+02   1.2097523e+03   1.8691799e+04
   1.6400000e+02  -2.0556218e+04   1.6005339e+04
   1.6500000e+02  -4.6301112e+04  -3.0369915e+03
   1.6600000e+02  -5.0575380e+04  -3.9782622e+04
   1.6700000e+02  -1.0518893e+04  -5.1223619e+04
   1.6800000e+02   1.2320799e+04  -1.2000635e+04
   1.6900000e+02  -3.3223865e+04   3.3690076e+04
   1.7000000e+02  -5.8057178e+04   2.0941167e+04
   1.7100000e+02  -2.0858039e+04  -1.1909848e+04
   1.7200000e+02   2.2330388e+04  -1.1546069e+04
   1.7300000e+02   2.9975297e+04   6.3398487e+03
   1.7400000e+02   2.5967819e+02   1.7303266e+04
   1.7500000e+02  -1.4050373e+04  -6.4155815e+02
   1.7600000e+02  -4.1609685e+03  -1.1636004e+04
   1.7700000e+02   1.2982730e+04   1.6275177e+04
   1.7800000e+02   3.0618319e+04   3.8562406e+04
   1.7900000e+02   6.0729447e+02   2.0848179e+04
   1.8000000e+02  -4.8870200e+04  -1.5675168e+04
   1.8100000e+02  -4.8591562e+04  -1.6355209e+04
   1.8200000e+02  -2.1004750e+04   1.2344170e+04
   1.8300000e+02  -1.4414100e+04   3.5421399e+04
   1.8400000e+02  -2.6527743e+04   5.0396794e+04
   1.8500000e+02  -3.1584306e+04   2.4170293e+04
   1.8600000e+02  -3.5334065e+04  -2.7190179e+04
   1.8700000e+02  -3.1804794e+04  -3.6473370e+04
   1.8800000e+02  -1.6516405e+04   8.6617958e+03
   1.8900000e+02  -9.6388575e+03   5.4714269e+04
   1.9000000e+02   1.1682766e+04   3.5049115e+04
   1.9100000e+02   4.3261059e+04  -1.8988983e+04
   1.9200000e+02   4.3638702e+04  -3.6718748e+04
   1.9300000e+02   1.7650496e+04  -4.4655212e+03
   1.9400000e+02   1.5213124e+03   3.7855776e+04
   1.9500000e+02   1.0934901e+04   3.4496973e+04
   1.9600000e+02   1.0086573e+04   1.1886360e+04
   1.9700000e+02  -2.7254722e+03  -8.3769410e+01
   1.9800000e+02  -6.3408807e+03  -1.0271707e+03
   1.9900000e+02  -2.2516676e+04   2.6700094e+04
   2.0000000e+02  -3.8258131e+04   3.4685179e+04
   2.0100000e+02  -2.7365985e+04  -5.7600182e+03
   2.0200000e+02   7.7684492e+03  -4.4104269e+04
   2.0300000e+02   3.1136854e+04  -2.2777873e+04
   2.0400000e+02   1.4928866e+04   4.6170158e+04
   2.0500000e+02   1.3297387e+04   5.5453760e+04
   2.0600000e+02   4.1372588e+04  -3.1022566e+03
   2.0700000e+02   4.8105627e+04  -4.1368838e+04
   2.0800000e+02   2.2702693e+04  -3.1925252e+04
   2.0900000e+02  -2.0259110e+03   1.4170902e+04
   2.1000000e+02   1.1996933e+04   4.7227343e+04
   2.1100000e+02   3.8231969e+04   3.0221498e+04
   2.1200000e+02   3.4421248e+04  -1.3960924e+04
   2.1300000e+02   1.1520702e+04  -3.0938433e+04
   2.1400000e+02   6.2294196e+03   1.2008063e+03
   2.1500000e+02   3.8647211e+04   2.6812531e+04
   2.1600000e+02   5.4673124e+04   1.9821216e+04
   2.1700000e+02   2.4770154e+04  -1.8117550e+04
   2.1800000e+02  -4.2251906e+03  -6.3529121e+04
   2.1900000e+02   4.3224393e+02  -3.8720591e+04
   2.2000000e+02   3.8195077e+04   3.6209890e+04
   2.2100000e+02   5.5077127e+04   5.8641979e+04
   2.2200000e+02   1.8277601e+04  -7.9309627e+03
   2.2300000e+02  -3.6617020e+04  -7.9547425e+04
   2.2400000e+02  -6.6628350e+04  -5.5204163e+04
   2.2500000e+02  -4.0365382e+04   1.6101201e+04
   2.2600000e+02   8.5811785e+03   4.4663979e+04
   2.2700000e+02   2.7751846e+04   7.8358777e+03
   2.2800000e+02   1.0700374e+04  -5.0505562e+04
   2.2900000e+02  -1.8492753e+04  -3.6350647e+04
   2.3000000e+02  -2.5257046e+04   3.4172131e+04
   2.3100000e+02  -2.4035484e+04   5.1800878e+04
   2.3200000e+02  -1.1699606e+04  -1.9771970e+04
   2.3300000e+02   3.0023281e+04  -8.9717822e+04
   2.3400000e+02   5.9922314e+04  -6.1054697e+04
   2.3500000e+02   5.9309997e+04   1.1760291e+04
   2.3600000e+02   3.1825252e+04   4.1806382e+04
   2.3700000e+02  -5.4520511e+03   6.8022637e+03
   2.3800000e+02  -3.3954342e+04  -6.1775511e+04
   2.3900000e+02  -5.1640309e+04  -6.8288066e+04
   2.4000000e+02  -2.8362081e+04  -4.4924105e+02
   2.4100000e+02   2.9921580e+03   4.2421552e+04
   2.4200000e+02  -3.5369923e+03   7.1211322e+03
   2.4300000e+02  -9.8741676e+03  -4.0604716e+04
   2.4400000e+02  -1.5106457e+04  -2.6025276e+04
   2.4500000e+02  -4.7541452e+04   1.1102742e+04
   2.4600000e+02  -7.6845348e+04   1.9076317e+04
   2.4700000e+02  -4.7100537e+04  -2.4933676e+03
   2.4800000e+02   1.6781852e+04  -1.7808182e+04
   2.4900000e+02   3.4954571e+04   1.3042239e+04
   2.5000000e+02   4.3042466e+03   3.2703110e+04
   2.5100000e+02  -3.3843687e+04   1.3526001e+03
   2.5200000e+02  -3.7095546e+04  -1.8816044e+04
   2.5300000e+02  -9.6548644e+03  -7.3263914e+03
   2.5400000e+02   7.9212463e+02  -1.0504408e+04
   2.5500000e+02   9.4800234e+03  -2.8618152e+04
   2.5600000e+02   2.3343439e+04  -1.1492765e+04
   2.5700000e+02   1.5531028e+04   1.0044400e+04
   2.5800000e+02  -2.3303633e+04  -6.1712506e+03
   2.5900000e+02  -7.6966197e+04  -1.4445715e+04
   2.6000000e+02  -8.0632259e+04  -9.8245528e+02
   2.6100000e+02  -4.0327722e+04   1.5964710e+04
   2.6200000e+02  -1.9465489e+04   1.9133952e+04
   2.6300000e+02  -1.8687672e+04   3.4427532e+03
   2.6400000e+02  -1.8253114e+04   7.7933815e+03
   2.6500000e+02  -4.3591787e+03   3.5821859e+04
   2.6600000e+02   7.5414699e+03   4.9164405e+04
   2.6700000e+02   1.1433751e+04   2.6161576e+04
   2.6800000e+02   2.6872795e+04   5.2472097e+03
   2.6900000e+02   2.5392380e+04   2.3676970e+04
   2.7000000e+02   5.7991500e+03   3.8342910e+04
   2.7100000e+02   2.4539728e+04   3.4190368e+04
   2.7200000e+02   7.1511179e+04   2.0883662e+04
   2.7300000e+02   5.3269037e+04   7.8030812e+03
   2.7400000e+02  -2.2612749e+04   1.9654127e+04
   2.7500000e+02  -3.3321380e+04   1.3382023e+04
   2.7600000e+02   1.2899291e+04  -1.0892866e+04
   2.7700000e+02   2.7663990e+04   1.1528706e+03
   2.7800000e+02   1.1306941e+04   2.2868152e+04
   2.7900000e+02  -6.5094131e+03   2.2699914e+04
   2.8000000e+02  -2.6070031e+04   8.5067643e+03
   2.8100000e+02  -5.1471289e+04  -3.9108016e+02
   2.8200000e+02  -2.3319490e+04   6.3768178e+02
   2.8300000e+02   5.4076945e+04   3.2419091e+03
   2.8400000e+02   6.5902530e+04   9.9791820e+03
   2.8500000e+02   1.1612066e+04   1.0021780e+04
   2.8600000e+02  -3.0607415e+04   7.5812146e+03
   2.8700000e+02  -1.8342338e+04   7.4435050e+03
   2.8800000e+02   3.0850385e+04   8.2248858e+03
   2.8900000e+02   4.3208367e+04   1.7498690e+04
   2.9000000e+02   3.5078828e+04   1.1367998e+04
   2.9100000e+02   4.9412778e+04   2.3997942e+03
   2.9200000e+02   6.1480802e+04   1.8061669e+04
   2.9300000e+02   7.6076228e+04   3.2235919e+04
   2.9400000e+02   9.8944567e+04   2.8992233e+04
   2.9500000e+02   9.7106223e+04   4.7310096e+03
   2.9600000e+02   5.1366729e+04  -3.2702969e+04
   2.9700000e+02  -9.1167656e+03  -6.5546173e+04
   2.9800000e+02  -5.1917433e+04  -7.2493217e+04
   2.9900000e+02  -7.8193117e+04  -3.5349208e+04
   3.0000000e+02  -8.7972401e+04   3.8373316e+03
   3.0100000e+02  -8.8400404e+04  -9.3054664e+03
   3.0200000e+02  -8.2682748e+04  -6.2799679e+04
   3.0300000e+02  -7.2575350e+04  -7.8879610e+04
   3.0400000e+02  -6.0233771e+04  -3.1796004e+04
   3.0500000e+02  -2.7298830e+04  -2.9497957e+03
   3.0600000e+02   6.5418846e+03  -8.9290267e+03
   3.0700000e+02   1.8985988e+04  -7.7957499e+03
   3.0800000e+02   2.5613701e+04  -2.9530428e+03
   3.0900000e+02   3.9745426e+04   7.2076392e+02
   3.1000000e+02   4.9283115e+04   5.8338051e+02
   3.1100000e+02   8.8298708e+03   5.7000778e+02
   3.1200000e+02  -3.8393771e+04  -8.3266457e+03
   3.1300000e+02  -7.7686521e+03  -2.6107210e+04
   3.1400000e+02   5.0045880e+04  -1.1179405e+04
   3.1500000e+02   6.1652606e+04   2.6269040e+04
   3.1600000e+02   3.7455573e+04   3.7828592e+04
   3.1700000e+02   1.9682390e+04   6.2435261e+03
   3.1800000e+02   1.4439069e+04  -3.9584386e+04
   3.1900000e+02  -4.1759304e+02  -4.4839013e+04
   3.2000000e+02  -1.4453631e+04  -7.5548907e+02
   3.2100000e+02  -1.1799646e+04   3.7952897e+04
   3.2200000e+02   2.0555977e+04   6.9032916e+03
   3.2300000e+02   4.8977200e+04  -4.6823449e+04
   3.2400000e+02   1.2098463e+04  -3.3956584e+04
   3.2500000e+02  -5.2622873e+04   6.6429045e+02
   3.2600000e+02  -8.1838990e+04  -1.6079469e+03
   3.2700000e+02  -5.0947510e+04  -2.3065088e+04
   3.2800000e+02   1.4536135e+04  -2.5836786e+04
   3.2900000e+02   2.5789332e+04   5.9622987e+03
   3.3000000e+02  -2.8565640e+04   3.3355406e+04
   3.3100000e+02  -6.4812224e+04   2.8136490e+04
   3.3200000e+02  -4.0911329e+04  -9.7251703e+03
   3.3300000e+02  -9.9123804e+03  -3.6044454e+04
   3.3400000e+02  -1.5749849e+04   3.1666209e+03
   3.3500000e+02  -2.7137757e+04   5.1445241e+04
   3.3600000e+02  -3.0165967e+04   4.8726031e+04
   3.3700000e+02  -6.7147886e+03   1.8200686e+04
   3.3800000e+02   4.2603223e+04  -1.2598414e+02
   3.3900000e+02   4.4296390e+04   4.0257522e+03
   3.4000000e+02  -8.5000120e+03   6.0527308e+03
   3.4100000e+02  -4.8255443e+04   1.1514593e+04
   3.4200000e+02  -3.2100583e+04   1.8998093e+04
   3.4300000e+02   1.4134888e+04   9.0401936e+03
   3.4400000e+02   3.4522737e+04   2.1657059e+03
   3.4500000e+02   2.4276891e+04   1.2201761e+04
   3.4600000e+02  -4.5974921e+03   3.2214928e+04
   3.4700000e+02  -2.2086847e+04   2.5585951e+04
   3.4800000e+02  -1.2872670e+04  -1.7027333e+04
   3.4900000e+02  -8.1518291e+03  -2.7894770e+04
   3.5000000e+02  -4.4452555e+03   2.4954601e+04
   3.5100000e+02  -1.3525041e+03   8.1173537e+04
   3.5200000e+02  -4.3501313e+03   4.7514632e+04
   3.5300000e+02  -7.7984185e+03  -4.0259347e+04
   3.5400000e+02  -1.5029820e+04  -5.0912474e+04
   3.5500000e+02  -1.2069038e+03   1.5118963e+04
   3.5600000e+02   1.5908554e+04   7.0585521e+04
   3.5700000e+02   5.4280750e+03   4.8426346e+04
   3.5800000e+02  -4.8424960e+03  -2.2290963e+04
   3.5900000e+02  -5.3135847e+02  -2.9601441e+04
   3.6000000e+02   1.1863812e+04   1.7693004e+04
   3.6100000e+02   1.3573703e+04   3.4742622e+04
   3.6200000e+02   3.9046436e+03   1.0225788e+04
   3.6300000e+02  -1.4676260e+03  -1.3667704e+04
   3.6400000e+02  -6.8487749e+03  -1.0556365e+04
   3.6500000e+02   1.6732550e+02  -4.1312919e+02
   3.6600000e+02   2.2190841e+04   7.6295844e+03
   3.6700000e+02   4.5782410e+04  -1.4165687e+03
   3.6800000e+02   4.6136024e+04  -2.3295491e+04
   3.6900000e+02   1.0264165e+04  -1.2223753e+04
   3.7000000e+02  -1.0165465e+04   1.1539561e+04
   3.7100000e+02  -3.1263063e+03   1.3229723e+04
   3.7200000e+02  -1.2658567e+03  -6.2543369e+03
   3.7300000e+02   7.7544297e+02  -3.4097908e+04
   3.7400000e+02   1.4174017e+04  -3.6163925e+04
   3.7500000e+02   3.2383185e+04  -5.5870942e+03
   3.7600000e+02   2.4126607e+04   2.7162533e+04
   3.7700000e+02  -4.5045406e+03   1.3310687e+04
   3.7800000e+02  -1.5754985e+04  -3.6070560e+04
   3.7900000e+02  -6.7731823e+03  -5.4652935e+04
   3.8000000e+02   1.3474635e+04  -3.3716563e+04
   3.8100000e+02   1.8524853e+04   1.1055180e+04
   3.8200000e+02   1.1851240e+04   3.1437926e+04
   3.8300000e+02   1.7616873e+04  -6.5347026e+03
   3.8400000e+02   2.1758574e+04  -3.9522432e+04
   3.8500000e+02   1.9501783e+04  -3.1828828e+04
   3.8600000e+02  -1.9552671e+03   7.5656244e+02
   3.8700000e+02  -2.5831174e+04   2.5165570e+04
   3.8800000e+02  -4.8624623e+03   6.4526817e+03
   3.8900000e+02   2.9798934e+04  -2.7987156e+04
   3.9000000e+02   2.8540337e+04  -2.4674369e+04
   3.9100000e+02   4.5321760e+03   2.2586808e+04
   3.9200000e+02   3.8957866e+03   3.8471144e+04
   3.9300000e+02   1.7528930e+04  -1.0556000e+04
   3.9400000e+02   5.7037607e+02  -4.5439514e+04
   3.9500000e+02  -2.7073236e+04  -2.3555521e+04
   3.9600000e+02  -3.5442396e+04   2.0689794e+04
   3.9700000e+02  -1.4498131e+04   1.8760076e+04
   3.9800000e+02   1.4703962e+04  -3.1581375e+04
   3.9900000e+02   9.8194656e+03  -4.5584968e+04
   4.0000000e+02  -5.8922779e+03  -1.7821354e+04
   4.0100000e+02  -9.2782650e+03   2.7160200e+02
   4.0200000e+02  -8.7377300e+03  -4.1917652e+03
   4.0300000e+02  -2.2282813e+03  -1.2039855e+04
   4.0400000e+02   1.1844750e+04  -1.1342878e+04
   4.0500000e+02   2.1283900e+04  -1.7246226e+04
   4.0600000e+02  -1.0763880e+04  -7.2266726e+03
   4.0700000e+02  -4.6839995e+04   2.2442018e+04
   4.0800000e+02  -2.8639309e+04   2.7842217e+04
   4.0900000e+02  -5.7871093e+03   3.3519538e+03
   4.1000000e+02  -1.5129510e+04  -1.9705398e+04
   4.1100000e+02  -3.6022005e+04   5.4130706e+02
   4.1200000e+02  -3.8118093e+04   3.7626430e+04
   4.1300000e+02  -1.3298209e+04   3.2852994e+04
   4.1400000e+02   1.0795069e+04  -3.7849859e+03
   4.1500000e+02   1.6912067e+04  -3.8661190e+04
   4.1600000e+02  -1.4009940e+04  -2.9618264e+04
   4.1700000e+02  -5.0544418e+04   2.1815379e+04
   4.1800000e+02  -2.9467798e+04   5.1485205e+04
   4.1900000e+02   2.5234893e+04   1.8566754e+04
   4.2000000e+02   4.8950033e+04  -3.7236038e+04
   4.2100000e+02   1.1197486e+04  -2.6004263e+04
   4.2200000e+02  -3.7837313e+04   2.1237677e+04
   4.2300000e+02  -3.7172501e+04   2.2610612e+04
   4.2400000e+02  -1.3139455e+04   1.0684726e+04
   4.2500000e+02  -7.6498658e+03   1.2573954e+04
   4.2600000e+02  -3.3420755e+04   1.5564715e+04
   4.2700000e+02  -5.1352638e+04   1.2934390e+04
   4.2800000e+02  -2.8714630e+04   1.5080461e+04
   4.2900000e+02  -3.5592960e+02   2.3428598e+04
   4.3000000e+02   1.8963460e+04   1.5713327e+03
   4.3100000e+02   2.0941435e+04  -1.8745690e+04
   4.3200000e+02   4.1273657e+03   3.2841154e+03
   4.3300000e+02  -6.0607369e+03   3.3384762e+04
   4.3400000e+02  -5.4161894e+03   3.8090010e+04
   4.3500000e+02   1.2881105e+04   3.5501065e+03
   4.3600000e+02   3.0607573e+04  -2.9430836e+04
   4.3700000e+02   2.1747876e+04  -1.5899313e+04
   4.3800000e+02   1.7579217e+03   2.7208463e+04
   4.3900000e+02  -1.0565521e+04   4.9076202e+04
   4.4000000e+02  -1.4691335e+03   1.5153704e+04
   4.4100000e+02   1.4548337e+04  -1.7072126e+04
   4.4200000e+02   1.1286691e+04  -7.2178742e+03
   4.4300000e+02  -1.0275930e+04   1.1591373e+04
   4.4400000e+02  -1.3391511e+04   2.4716525e+04
   4.4500000e+02   2.9017349e+04   1.9015667e+04
   4.4600000e+02   5.3371052e+04   4.0744506e+03
   4.4700000e+02   2.9665919e+04  -2.2027308e+03
   4.4800000e+02   1.5507706e+04   1.9499325e+03
   4.4900000e+02   2.1840173e+04   1.5520891e+04
   4.5000000e+02   2.5225292e+04   1.6668053e+04
   4.5100000e+02   1.7275730e+04   8.3337340e+03
   4.5200000e+02   1.2835966e+04  -1.1975072e+04
   4.5300000e+02   1.7463898e+04  -3.1683343e+04
   4.5400000e+02   1.5455598e+04  -1.4877427e+04
   4.5500000e+02   7.0048477e+03  -9.4021879e+02
   4.5600000e+02  -9.1036273e+03  -4.1804392e+03
   4.5700000e+02  -6.1221678e+03  -2.9112373e+03
   4.5800000e+02   1.3888960e+04  -9.9006222e+03
   4.5900000e+02   1.8510006e+02  -1.5735243e+04
   4.6000000e+02  -1.5380764e+04  -9.3220303e+03
   4.6100000e+02   1.4144739e+03   8.5735178e+03
   4.6200000e+02   2.1611266e+04   1.3666481e+04
   4.6300000e+02   2.7194311e+04  -2.0179807e+03
   4.6400000e+02   1.9634723e+04  -9.2686644e+03
   4.6500000e+02   1.3475378e+04  -1.1617949e+04
   4.6600000e+02   9.4526812e+03  -9.1405890e+02
   4.6700000e+02   1.0499219e+04   7.3877882e+03
   4.6800000e+02   1.1404755e+04  -1.5647725e+04
   4.6900000e+02   2.8680330e+03  -3.4338072e+04
   4.7000000e+02   7.2450718e+03  -3.9044566e+04
   4.7100000e+02   8.0586769e+03  -2.7380732e+04
   4.7200000e+02  -5.9216921e+03  -5.1396033e+03
   4.7300000e+02  -1.4488691e+04  -1.1613933e+04
   4.7400000e+02  -2.0660792e+04  -3.3382000e+04
   4.7500000e+02  -1.4956317e+04  -4.1123250e+04
   4.7600000e+02  -1.6629315e+04  -2.1700571e+04
   4.7700000e+02  -3.6919550e+04   6.5401131e+03
   4.7800000e+02  -3.3243343e+04   7.0815715e+03
   4.7900000e+02  -5.9685277e+02  -7.3224205e+03
   4.8000000e+02   2.6111026e+04  -1.3587739e+04
   4.8100000e+02   1.3422908e+04  -5.1714777e+03
   4.8200000e+02  -2.1365115e+04   3.7730428e+03
   4.8300000e+02  -3.4349123e+04   3.3313033e+03
   4.8400000e+02  -1.7812852e+04  -9.5863985e+02
   4.8500000e+02   5.2268004e+03  -1.5222206e+04
   4.8600000e+02  -7.7976775e+03  -2.2082556e+04
   4.8700000e+02  -2.7942416e+04  -1.9034139e+04
   4.8800000e+02  -1.5612888e+04  -1.0344157e+04
   4.8900000e+02  -1.3264472e+04   2.0438051e+03
   4.9000000e+02  -1.5615081e+04  -1.2698419e+04
   4.9100000e+02  -3.5311846e+03  -2.2037819e+04
   4.9200000e+02  -3.9743207e+03  -6.3091315e+03
   4.9300000e+02  -1.7171186e+04   6.6674669e+03
   4.9400000e+02  -1.4483778e+04   2.5467330e+04
   4.9500000e+02   1.7424954e+04   2.5866243e+04
   4.9600000e+02   2.6371095e+04   6.5788838e+03
   4.9700000e+02  -1.0264388e+04   2.7725421e+03
   4.9800000e+02  -3.1479854e+04   1.0729981e+04
   4.9900000e+02  -9.1841545e+03   1.8915705e+04
   5.0000000e+02   2.1235675e+04   1.7213521e+04
   5.0100000e+02   1.0603998e+04   2.1216173e+04
   5.0200000e+02  -1.8090185e+04   2.3055963e+04
   5.0300000e+02  -1.5949898e+04   7.5243400e+03
   5.0400000e+02  -1.0184804e+04   7.4240265e+03
   5.0500000e+02  -2.2734951e+04   9.4994222e+03
   5.0600000e+02  -3.4327012e+04   4.7682098e+03
   5.0700000e+02  -2.1836786e+04   1.5741193e+04
   5.0800000e+02   5.8878870e+03   2.7161095e+04
   5.0900000e+02   1.5634728e+04   2.2455922e+04
   5.1000000e+02   1.2950461e+04   8.7139067e+03
   5.1100000e+02   6.5807154e+03   1.3095584e+04
   5.1200000e+02  -3.0787686e+03   2.1913148e+04
   5.1300000e+02  -4.3483117e+03   1.8777538e+04
   5.1400000e+02   1.1105458e+04   2.4317761e+04
   5.1500000e+02   2.9820977e+04   1.6726832e+04
   5.1600000e+02   1.4321786e+04   9.4412153e+03
   5.1700000e+02  -1.0069599e+04   2.5354384e+04
   5.1800000e+02  -6.9349147e+03   2.1393396e+04
   5.1900000e+02   6.0342701e+02  -3.9086152e+03
   5.2000000e+02   6.7210629e+03  -1.3218060e+04
   5.2100000e+02   4.3502694e+03   5.5321108e+03
   5.2200000e+02  -4.7262461e+03   1.6830695e+04
   5.2300000e+02  -8.8345618e+03   3.0854445e+03
   5.2400000e+02  -1.0528400e+04   3.8884100e+00
   5.2500000e+02   7.8643571e+03   6.6598896e+03
   5.2600000e+02   2.6085157e+04   7.6247119e+03
   5.2700000e+02   2.1924185e+04  -5.6098886e+02
   5.2800000e+02   1.6937961e+04  -2.0612854e+03
   5.2900000e+02   2.3313904e+04   1.5125683e+04
   5.3000000e+02   3.8053687e+04   1.2373128e+04
   5.3100000e+02   2.8860158e+04  -2.8427682e+03
   5.3200000e+02   2.9571534e+03  -1.2854286e+04
   5.3300000e+02  -5.5309300e+01  -2.3864655e+04
   5.3400000e+02   1.0322037e+04  -1.4388686e+04
   5.3500000e+02   1.8386710e+04  -6.3644349e+03
   5.3600000e+02   9.1131977e+03  -9.8363231e+03
   5.3700000e+02  -2.1252761e+02  -1.0346497e+04
   5.3800000e+02   1.1620366e+04  -1.6778092e+04
   5.3900000e+02   1.0556123e+04  -1.8328313e+04
   5.4000000e+02  -6.8373410e+03  -2.0763137e+04
   5.4100000e+02  -1.5292986e+04  -2.3164496e+04
   5.4200000e+02  -3.9105485e+03  -1.4575160e+04
   5.4300000e+02   6.0334909e+03  -6.6650803e+03
   5.4400000e+02  -5.3489046e+03  -6.4513416e+03
   5.4500000e+02  -5.2961715e+03  -1.6270720e+04
   5.4600000e+02   6.5486846e+03  -1.5896265e+04
   5.4700000e+02   1.4602005e+04  -1.4947795e+04
   5.4800000e+02   1.2598142e+04  -2.2498632e+04
   5.4900000e+02  -1.2180868e+04  -5.1306089e+03
   5.5000000e+02  -1.4370180e+04   8.6338353e+03
   5.5100000e+02   2.0147582e+04  -1.5802024e+03
   5.5200000e+02   3.9198670e+04  -1.4173257e+04
   5.5300000e+02   1.7795349e+04  -2.3929546e+04
   5.5400000e+02  -1.5100991e+04  -1.7488718e+04
   5.5500000e+02  -1.3447051e+04  -5.5992230e+03
   5.5600000e+02   2.2096333e+03  -1.5825116e+03
   5.5700000e+02  -1.4414918e+03  -1.2629282e+04
   5.5800000e+02  -2.2657777e+04  -3.0881042e+04
   5.5900000e+02  -3.9188602e+04  -2.5958658e+04
   5.6000000e+02  -1.4475895e+04  -1.5078390e+04
   5.6100000e+02   9.3476312e+03  -5.0305493e+03
   5.6200000e+02  -1.4108516e+03   3.4423617e+03
   5.6300000e+02  -8.5189650e+03  -5.9672954e+03
   5.6400000e+02  -7.1326665e+03  -5.0696214e+03
   5.6500000e+02  -1.5008495e+03   9.7048457e+03
   5.6600000e+02  -2.5357141e+03   1.9554700e+04
   5.6700000e+02  -1.0207068e+04   1.2985313e+04
   5.6800000e+02  -5.5689431e+03  -7.8750197e+03
   5.6900000e+02  -3.0354560e+02  -1.0621495e+04
   5.7000000e+02   6.7092729e+03  -1.8421127e+03
   5.7100000e+02   8.8819676e+03   4.3391522e+03
   5.7200000e+02  -2.0764318e+03   9.2758343e+03
   5.7300000e+02  -8.1678092e+03   6.0427465e+03
   5.7400000e+02  -7.8283538e+03  -1.8778661e+03
   5.7500000e+02  -6.6463213e+03  -1.1780960e+04
   5.7600000e+02  -1.5738937e+04   2.4209568e+03
   5.7700000e+02  -2.2016970e+04   2.8808019e+04
   5.7800000e+02  -1.3036232e+04   2.2321081e+04
   5.7900000e+02  -8.0922514e+03   8.7480095e+03
   5.8000000e+02  -3.6837549e+03   1.3953446e+04
   5.8100000e+02  -6.8921108e+03   2.9968433e+04
   5.8200000e+02  -1.2566193e+04   3.7543807e+04
   5.8300000e+02  -6.5983295e+03   1.8369719e+04
   5.8400000e+02  -1.2627198e+04  -7.5352988e+03
   5.8500000e+02  -2.2402754e+04  -6.6410047e+03
   5.8600000e+02  -2.2774222e+04   2.8951456e+04
   5.8700000e+02  -9.4292269e+03   4.5677597e+04
   5.8800000e+02   1.5758197e+04   1.6248037e+04
   5.8900000e+02   1.9419051e+04  -9.6319680e+03
   5.9000000e+02   1.2035291e+03  -1.0600217e+04
   5.9100000e+02  -2.0859085e+04   7.0532552e+03
   5.9200000e+02  -1.9052679e+04   1.5351198e+04
   5.9300000e+02   7.6910685e+03   4.3072878e+03
   5.9400000e+02   8.8075175e+03   4.0590683e+03
   5.9500000e+02  -2.3076664e+03   7.5036277e+03
   5.9600000e+02  -5.0174295e+03   1.5699573e+04
   5.9700000e+02  -1.3633581e+04   1.6131389e+04
   5.9800000e+02  -7.1478744e+03  -1.2368914e+04
   5.9900000e+02   1.3344717e+04  -2.6576861e+04
   6.0000000e+02   1.8033429e+04  -5.0473405e+03
   6.0100000e+02   2.6006849e+02   3.2292605e+04
   6.0200000e+02  -1.3339883e+04   3.8413447e+04
   6.0300000e+02  -1.0724783e+04   2.9264220e+01
   6.0400000e+02  -6.2152011e+03  -1.9189206e+04
   6.0500000e+02   8.3930854e+03  -1.6988576e+03
   6.0600000e+02   2.3930558e+04   2.3681793e+04
   6.0700000e+02   2.4810094e+04   2.0690041e+04
   6.0800000e+02   1.3963025e+04  -7.0881275e+03
   6.0900000e+02  -2.2699230e+03  -6.0715566e+03
   6.1000000e+02   4.7337025e+03   4.4503086e+03
   6.1100000e+02   2.6234719e+04  -1.7667690e+03
   6.1200000e+02   2.6474152e+04  -1.1249376e+04
   6.1300000e+02   7.7455444e+03  -1.9865001e+04
   6.1400000e+02  -1.4351048e+03  -1.3955416e+04
   6.1500000e+02   1.2975914e+04  -8.3049486e+03
   6.1600000e+02   1.6383518e+04  -8.7420656e+03
   6.1700000e+02   2.3917403e+03  -5.6300959e+03
   6.1800000e+02  -4.6961538e+03  -6.4079030e+03
   6.1900000e+02  -3.8276150e+03  -4.5102835e+03
   6.2000000e+02   8.6843405e+03  -2.4639894e+03
   6.2100000e+02   1.5950697e+04   1.1374253e+03
   6.2200000e+02   2.3782930e+04  -2.8292075e+03
   6.2300000e+02   3.7614344e+04  -1.5418362e+04
   6.2400000e+02   2.0372212e+04  -6.6440285e+03
   6.2500000e+02   2.0959181e+03   5.9703347e+02
   6.2600000e+02   1.5991920e+04  -1.1871837e+04
   6.2700000e+02   3.0635537e+04  -2.2994932e+04
   6.2800000e+02   2.4485099e+04  -2.1073974e+04
   6.2900000e+02   2.7048765e+03  -6.2788604e+03
   6.3000000e+02  -8.0284821e+03  -4.9345466e+03
   6.3100000e+02   1.5949916e+03  -1.4523341e+04
   6.3200000e+02   1.2700903e+04  -1.8684359e+04
   6.3300000e+02  -1.1465376e+03  -1.4540570e+04
   6.3400000e+02  -2.7238449e+04   7.0379441e+02
   6.3500000e+02  -1.6857778e+04   4.6073540e+02
   6.3600000e+02   4.7264627e+03  -1.1455056e+04
   6.3700000e+02   7.0238890e+02  -2.0920367e+04
   6.3800000e+02  -9.0577087e+03  -2.2569891e+04
   6.3900000e+02  -8.8780765e+03   3.2766863e+03
   6.4000000e+02   5.6122110e+03   1.8538859e+04
   6.4100000e+02   8.7330493e+03  -3.3033796e+03
   6.4200000e+02  -6.0793839e+03  -3.1717109e+04
   6.4300000e+02  -1.1426429e+04  -3.0764275e+04
   6.4400000e+02  -6.6853198e+03   4.7749477e+03
   6.4500000e+02   1.8573968e+03   2.0544095e+04
   6.4600000e+02   2.7341848e+03   4.3664468e+03
   6.4700000e+02  -2.4426727e+03  -1.4425470e+04
   6.4800000e+02  -1.1811924e+04  -2.2595237e+04
   6.4900000e+02  -2.7982599e+04  -1.0334734e+04
   6.5000000e+02  -2.4323144e+04  -3.0913416e+03
   6.5100000e+02  -1.2989737e+04  -5.4846076e+03
   6.5200000e+02  -1.4721032e+04  -7.0997138e+03
   6.5300000e+02  -2.1541372e+04  -7.6064332e+03
   6.5400000e+02  -3.1597245e+04   8.0496434e+03
   6.5500000e+02  -2.1757793e+04   1.9324648e+04
   6.5600000e+02   7.0529983e+03   1.9238310e+04
   6.5700000e+02   1.8813823e+04   1.9206471e+04
   6.5800000e+02  -5.0407911e+03   1.5805840e+04
   6.5900000e+02  -3.0426841e+04   1.2860447e+04
   6.6000000e+02  -1.3694923e+04   3.7705960e+03
   6.6100000e+02   1.0678405e+02   8.8765424e+03
   6.6200000e+02  -1.9968824e+04   2.2754466e+04
   6.6300000e+02  -4.1853023e+04   1.2841506e+04
   6.6400000e+02  -4.4781032e+04  -2.1544364e+03
   6.6500000e+02  -1.5785870e+04  -1.2908860e+04
   6.6600000e+02   5.1768625e+03  -4.0873831e+03
   6.6700000e+02  -1.0100183e+04   1.9075573e+04
   6.6800000e+02  -2.5670091e+04   2.0138340e+04
   6.6900000e+02  -2.0554253e+04   1.3921639e+04
   6.7000000e+02   3.0396658e+03   7.6929768e+03
   6.7100000e+02   1.4655569e+04   9.1386413e+03
   6.7200000e+02   6.1226496e+03   2.3457823e+04
   6.7300000e+02  -1.7341571e+02   2.7500646e+04
   6.7400000e+02  -2.3252392e+02   2.8490382e+04
   6.7500000e+02   1.3651724e+04   2.2278808e+04
   6.7600000e+02   2.6076906e+04   9.8382991e+03
   6.7700000e+02   1.7686424e+04   1.0185243e+04
   6.7800000e+02  -1.1045355e+04   1.3839900e+04
   6.7900000e+02  -2.6872532e+04   9.1926605e+03
   6.8000000e+02   1.2417488e+04  -2.1657109e+03
   6.8100000e+02   4.1628816e+04   4.4940398e+03
   6.8200000e+02   1.4254401e+04   1.5525451e+04
   6.8300000e+02  -1.2691289e+04  -1.3266682e+03
   6.8400000e+02  -1.0579005e+04  -1.5493236e+04
   6.8500000e+02   1.7448139e+04  -1.0230032e+04
   6.8600000e+02   3.6165332e+04   4.9044344e+03
   6.8700000e+02   2.3910341e+04   1.0386614e+04
   6.8800000e+02   7.0309277e+03  -1.6899704e+03
   6.8900000e+02  -3.4923610e+03  -1.0619908e+03
   6.9000000e+02   6.9214633e+03   6.8610863e+03
   6.9100000e+02   3.3114277e+04   1.1125211e+04
   6.9200000e+02   4.4962625e+04   1.0859698e+04
   6.9300000e+02   3.1395708e+04   8.6578725e+02
   6.9400000e+02   1.0257017e+04  -1.0976112e+03
   6.9500000e+02   1.1505538e+04  -2.7608573e+03
   6.9600000e+02   1.6841094e+04  -6.9455227e+03
   6.9700000e+02   1.3639710e+04  -5.9323847e+03
   6.9800000e+02   1.0118575e+04  -4.9120127e+03
   6.9900000e+02  -1.9388683e+02  -4.9055651e+01
   7.0000000e+02   5.5645744e+03  -1.0555182e+04
   7.0100000e+02   1.5817601e+04  -2.9772624e+04
   7.0200000e+02   3.0210722e+03  -2.8654203e+04
   7.0300000e+02  -6.8661930e+03  -9.9084598e+03
   7.0400000e+02   5.0365906e+03   1.1420095e+04
   7.0500000e+02   2.3165370e+04   9.8652885e+03
   7.0600000e+02   1.3312139e+04  -7.0132333e+03
   7.0700000e+02  -1.1211369e+04  -1.9721228e+04
   7.0800000e+02  -1.1854654e+04  -2.4326038e+04
   7.0900000e+02   4.7504298e+03  -2.0687503e+04
   7.1000000e+02   2.1595053e+04  -2.7531412e+04
   7.1100000e+02   1.5293910e+04  -2.4725718e+04
   7.1200000e+02  -5.8096409e+03  -1.2820499e+04
   7.1300000e+02  -9.6469371e+03  -2.3410042e+04
   7.1400000e+02   2.9531055e+03  -2.5644220e+04
   7.1500000e+02   1.8344943e+04  -1.8536380e+04
   7.1600000e+02   5.4775336e+03  -1.9931420e+04
   7.1700000e+02  -2.5663929e+04  -1.1648434e+04
   7.1800000e+02  -2.8776029e+04  -3.5169241e+02
   7.1900000e+02  -4.0579794e+03   1.0310746e+03
   7.2000000e+02   1.3808440e+04  -2.6280075e+03
   7.2100000e+02  -1.3123011e+04   1.1222545e+03
   7.2200000e+02  -4.6195989e+04   1.5869055e+03
   7.2300000e+02  -2.8684236e+04  -8.0116721e+03
   7.2400000e+02   7.4148483e+03  -1.0644083e+04
   7.2500000e+02   1.6434507e+04  -1.3830725e+04
   7.2600000e+02  -1.6786046e+04  -9.8981783e+03
   7.2700000e+02  -4.4734826e+04   4.6297999e+03
   7.2800000e+02  -2.7783915e+04   5.5442553e+03
   7.2900000e+02  -1.0806860e+04  -7.9654718e+03
   7.3000000e+02  -9.7897760e+03  -2.3463994e+04
   7.3100000e+02  -8.7259966e+03  -1.8921571e+04
   7.3200000e+02  -4.3303439e+03  -6.4838198e+03
   7.3300000e+02  -7.1688626e+03  -5.2970166e+03
   7.3400000e+02  -2.4387037e+04   4.9827958e+03
   7.3500000e+02  -2.6747661e+04   1.5628293e+04
   7.3600000e+02  -1.4356021e+04   2.0001247e+04
   7.3700000e+02  -9.9607134e+02   1.9287127e+04
   7.3800000e+02   2.2345142e+03   1.1213721e+04
   7.3900000e+02  -1.2963953e+04   1.3991180e+04
   7.4000000e+02  -7.9000235e+03   1.8980146e+04
   7.4100000e+02   5.2816283e+03   2.4862683e+04
   7.4200000e+02  -1.5900673e+03   3.3204871e+04
   7.4300000e+02  -4.0451033e+03   2.8540922e+04
   7.4400000e+02  -5.7504497e+03   1.7808809e+04
   7.4500000e+02  -8.5232943e+03   4.9572373e+03
   7.4600000e+02  -5.7471390e+03  -1.1039175e+03
   7.4700000e+02   1.1380888e+03  -2.7227672e+03
   7.4800000e+02   5.5028158e+03  -1.7365227e+03
   7.4900000e+02  -8.9338862e+03   2.0443332e+04
   7.5000000e+02  -1.8657961e+04   3.9205443e+04
   7.5100000e+02  -3.0478443e+03   2.9301038e+04
   7.5200000e+02   1.7217442e+04   2.7116229e+03
   7.5300000e+02   1.0691253e+04  -5.3127547e+03
   7.5400000e+02  -1.2531607e+04   1.9218570e+04
   7.5500000e+02  -1.4557321e+03   3.5691682e+04
   7.5600000e+02   2.2406517e+04   3.3569887e+04
   7.5700000e+02   1.7109032e+04   1.6701564e+04
   7.5800000e+02   2.8063812e+03  -5.3053795e+02
   7.5900000e+02   5.0259075e+03   1.0230015e+04
   7.6000000e+02   2.1772557e+04   1.4023658e+04
   7.6100000e+02   1.3871822e+04   1.8425707e+03
   7.6200000e+02  -8.7695347e+03  -4.1781295e+03
   7.6300000e+02  -2.4946437e+03  -8.4637778e+03
   7.6400000e+02   8.2512634e+03  -2.2151875e+03
   7.6500000e+02   4.8354569e+03   9.0305523e+03
   7.6600000e+02  -4.1392210e+02   1.4972045e+04
   7.6700000e+02   1.7243381e+03   2.5285824e+03
   7.6800000e+02   9.0395561e+03  -1.4501345e+04
   7.6900000e+02   1.0877672e+04  -1.6625753e+03
   7.7000000e+02   1.3156901e+04   6.7788934e+03
   7.7100000e+02   1.6986040e+04  -5.5414348e+03
   7.7200000e+02   2.5571558e+04  -1.5849859e+04
   7.7300000e+02   2.3619711e+04  -1.3516249e+04
   7.7400000e+02   4.3505924e+03   4.2739662e+03
   7.7500000e+02   1.0120469e+04  -1.8440264e+03
   7.7600000e+02   2.3648215e+04  -2.8087295e+04
   7.7700000e+02   1.2803818e+04  -2.5322934e+04
   7.7800000e+02   2.9573995e+03   4.0256617e+03
   7.7900000e+02   5.9565345e+03   1.5195151e+04
   7.8000000e+02   8.3377548e+03  -1.4808852e+04
   7.8100000e+02  -9.3703070e+03  -3.0306069e+04
   7.8200000e+02  -1.2955065e+04  -1.2984255e+04
   7.8300000e+02   2.1757441e+04  -4.2832123e+03
   7.8400000e+02   3.3264216e+04  -4.5961093e+03
   7.8500000e+02  -1.1136249e+03  -1.2138953e+04
   7.8600000e+02  -3.6574267e+04  -1.5926951e+04
   7.8700000e+02  -2.1715291e+04  -2.2283259e+04
   7.8800000e+02   2.5031850e+04  -3.3626944e+04
   7.8900000e+02   2.6316929e+04  -1.2748951e+04
   7.9000000e+02  -1.1949373e+04   2.7137857e+03
   7.9100000e+02  -2.9395780e+04  -1.6587488e+04
   7.9200000e+02  -1.3496339e+03  -3.3768886e+04
   7.9300000e+02   3.5387459e+04  -3.1256997e+04
   7.9400000e+02   2.6387579e+04  -7.5621699e+03
   7.9500000e+02  -7.8271768e+03   3.1472001e+03
   7.9600000e+02  -2.3091543e+04  -1.0915550e+04
   7.9700000e+02  -1.0713354e+04  -1.6424641e+04
   7.9800000e+02   7.2005911e+03  -8.4568830e+03
   7.9900000e+02   1.4472184e+04  -5.8953738e+03
   8.0000000e+02   1.5960326e+04  -1.2614299e+04
   8.0100000e+02  -1.7924455e+03  -2.1477316e+03
   8.0200000e+02  -1.4338111e+04   5.8402455e+03
   8.0300000e+02  -3.3469654e+03  -1.0547691e+04
   8.0400000e+02  -7.0501503e+03  -8.0050513e+03
   8.0500000e+02  -2.1829427e+04   7.2811006e+03
   8.0600000e+02  -2.4809319e+04   5.8771683e+03
   8.0700000e+02  -1.2186159e+04  -9.5046342e+03
   8.0800000e+02  -6.8811716e+03  -1.9623381e+04
   8.0900000e+02  -1.7181455e+04  -4.6980426e+03
   8.1000000e+02  -8.0395105e+03   1.0327610e+04
   8.1100000e+02  -1.5757480e+03   1.7543014e+04
   8.1200000e+02  -1.2792366e+04   1.5519879e+04
   8.1300000e+02  -1.6702965e+04   2.8118201e+02
   8.1400000e+02  -1.3464869e+04   5.4810750e+03
   8.1500000e+02   4.2093051e+03   2.0519553e+04
   8.1600000e+02   9.1609254e+03   2.7022740e+04
   8.1700000e+02  -7.5968486e+03   2.5504379e+04
   8.1800000e+02  -1.4401950e+04   1.1075830e+04
   8.1900000e+02  -1.9982463e+04   7.2625842e+03
   8.2000000e+02  -1.7764450e+04   1.3180809e+04
   8.2100000e+02  -3.4369746e+03   1.6989153e+04
   8.2200000e+02   5.5584424e+03   1.4269189e+04
   8.2300000e+02  -3.7070006e+02   5.2166558e+03
   8.2400000e+02  -2.2179266e+04   9.2325068e+03
   8.2500000e+02  -2.8575774e+04   9.9485139e+03
   8.2600000e+02  -9.4206989e+03   4.9534521e+03
   8.2700000e+02   1.4291024e+04   9.1395350e+03
   8.2800000e+02   1.2499773e+04   5.1189563e+03
   8.2900000e+02  -1.5357641e+04  -9.2716306e+02
   8.3000000e+02  -1.7850145e+04   5.9744767e+03
   8.3100000e+02  -3.3166283e+03   2.0610944e+04
   8.3200000e+02  -1.2453654e+03   2.2956335e+04
   8.3300000e+02  -2.5276893e+03   1.5198119e+04
   8.3400000e+02  -8.2024821e+03   1.5499578e+04
   8.3500000e+02  -1.0817311e+04   7.7688679e+03
   8.3600000e+02  -1.5332941e+04   8.1834984e+03
   8.3700000e+02  -1.2115091e+04   2.8733402e+04
   8.3800000e+02   1.1493104e+04   3.1083107e+04
   8.3900000e+02   2.2360172e+04   1.0677116e+04
   8.4000000e+02   1.2943097e+04  -1.1966948e+04
   8.4100000e+02   1.1388991e+03  -1.2261244e+04
   8.4200000e+02   7.1301065e+03   6.0974603e+03
   8.4300000e+02   2.1990022e+04   8.3367321e+03
   8.4400000e+02   1.8545463e+04  -1.2101924e+04
   8.4500000e+02   8.2300126e+03  -2.9461102e+04
   8.4600000e+02  -8.6494442e+03  -1.1876382e+04
   8.4700000e+02  -9.0360992e+03   6.4362187e+03
   8.4800000e+02   1.8055479e+04  -4.3972330e+03
   8.4900000e+02   1.9553460e+04  -2.8532800e+01
   8.5000000e+02  -7.3010730e+02   1.1811487e+04
   8.5100000e+02  -1.3660127e+04   2.0696444e+03
   8.5200000e+02  -5.5637286e+03  -1.3491220e+04
   8.5300000e+02   1.9082026e+04  -1.4611565e+04
   8.5400000e+02   2.5510870e+04   3.5078507e+03
   8.5500000e+02   2.5781038e+04   1.3993494e+04
   8.5600000e+02   2.4372731e+04   3.4858540e+03
   8.5700000e+02   1.3366668e+04  -1.3534286e+04
   8.5800000e+02   1.5289547e+04  -1.1863391e+04
   8.5900000e+02   2.4496163e+04   1.8289469e+03
   8.6000000e+02   3.0745575e+04  -7.7548112e+03
   8.6100000e+02   2.5006268e+04  -1.5213313e+04
   8.6200000e+02   6.9795304e+03  -1.3635833e+04
   8.6300000e+02  -5.9284594e+03  -1.9967727e+04
   8.6400000e+02  -4.3403300e+03  -1.5092785e+04
   8.6500000e+02   1.2251389e+04  -1.7595045e+04
   8.6600000e+02   1.1631974e+04  -2.3220165e+04
   8.6700000e+02  -5.9036006e+03  -1.5433173e+04
   8.6800000e+02  -8.8345475e+03  -1.5402217e+04
   8.6900000e+02  -2.9143349e+03  -1.8215152e+04
   8.7000000e+02   7.6140471e+03  -1.7293532e+04
   8.7100000e+02   8.2606269e+03  -4.9116662e+03
   8.7200000e+02  -1.7669444e+03   1.0376475e+04
   8.7300000e+02  -5.0949495e+03   7.7921466e+03
   8.7400000e+02   4.2374263e+02  -7.1728047e+03
   8.7500000e+02   2.0807617e+04  -2.3725964e+04
   8.7600000e+02   2.0307467e+04  -5.0092538e+03
   8.7700000e+02  -8.8103814e+03   2.7243584e+04
   8.7800000e+02  -1.5717072e+04   1.2772478e+04
   8.7900000e+02   4.6722856e+03  -1.6688491e+04
   8.8000000e+02   2.5215236e+04  -2.5950892e+04
   8.8100000e+02   8.7402035e+03  -1.4088814e+04
   8.8200000e+02  -2.6511065e+04  -2.2077469e+03
   8.8300000e+02  -2.2663660e+04  -1.2931328e+04
   8.8400000e+02  -5.1962227e+03  -1.9213690e+04
   8.8500000e+02  -1.0393329e+04  -1.2261582e+04
   8.8600000e+02  -1.4970334e+04  -2.2575522e+03
   8.8700000e+02  -1.4854947e+03   4.1867416e+03
   8.8800000e+02  -4.5167211e+03   3.7476350e+03
   8.8900000e+02  -3.0969950e+04   1.5760944e+03
   8.9000000e+02  -2.6796084e+04  -7.0450877e+03
   8.9100000e+02  -2.4951512e+03   2.3164443e+03
   8.9200000e+02   8.1790790e+02   2.0930730e+04
   8.9300000e+02  -1.5037348e+04   1.3426903e+04
   8.9400000e+02  -2.6162837e+04   1.8680804e+03
   8.9500000e+02  -9.6185614e+03  -3.9388974e+03
   8.9600000e+02  -3.0241407e+03   3.5267919e+03
   8.9700000e+02  -2.1460995e+04   2.0543801e+04
   8.9800000e+02  -2.9203154e+04   1.6465166e+04
   8.9900000e+02  -2.3702484e+04   3.8747950e+03
   9.0000000e+02  -1.0095920e+04   2.8311338e+02
   9.0100000e+02  -6.8608071e+03   8.6342905e+03
   9.0200000e+02  -1.5789157e+04   1.1369114e+04
   9.0300000e+02  -1.6975723e+04   1.0430124e+02
   9.0400000e+02  -1.1821487e+04   5.8830343e+02
   9.0500000e+02  -4.2918695e+03   2.6926120e+03
   9.0600000e+02  -1.3877421e+04   4.8975347e+03
   9.0700000e+02  -2.1447854e+04   9.4722977e+03
   9.0800000e+02  -3.4460003e+03   1.2614275e+03
   9.0900000e+02   7.4087984e+03   4.9738683e+03
   9.1000000e+02   1.1478314e+04   2.3133697e+04
   9.1100000e+02   7.6497713e+03   2.9902348e+04
   9.1200000e+02  -9.4678302e+03   1.3180075e+04
   9.1300000e+02  -1.1230338e+04  -5.8303815e+03
   9.1400000e+02   1.8365278e+03   7.8532213e+03
   9.1500000e+02   6.4612561e+03   2.8230589e+04
   9.1600000e+02  -2.9945004e+03   2.8669284e+04
   9.1700000e+02   5.0458428e+03   1.3515108e+04
   9.1800000e+02   2.2939696e+04  -5.2346354e+03
   9.1900000e+02   9.6578468e+03  -1.6695351e+03
   9.2000000e+02  -1.1037083e+04   1.4330448e+04
   9.2100000e+02  -1.6103644e+04   1.6006119e+04
   9.2200000e+02   8.7544440e+03  -5.6777807e+02
   9.2300000e+02   4.0488552e+04  -3.1033144e+03
   9.2400000e+02   1.8136333e+04   1.5161582e+04
   9.2500000e+02  -1.5514404e+04   4.8367343e+03
   9.2600000e+02  -8.4752404e+03  -8.3985828e+03
   9.2700000e+02   2.3472344e+04   8.7741235e+03
   9.2800000e+02   4.5594111e+04   1.5957798e+04
   9.2900000e+02   1.9533789e+04   4.7776375e+03
   9.3000000e+02  -1.3173789e+04  -5.0554602e+03
   9.3100000e+02   8.6597309e+02  -7.8836150e+02
   9.3200000e+02   3.3588565e+04   8.1405514e+02
   9.3300000e+02   3.5896759e+04  -7.4722490e+03
   9.3400000e+02   1.0825440e+04  -9.8406132e+02
   9.3500000e+02  -2.8206800e+01   9.1528086e+03
   9.3600000e+02  -3.7735897e+03   1.1993166e+04
   9.3700000e+02   3.9797219e+03  -2.9826616e+03
   9.3800000e+02   3.5071147e+04  -2.5776945e+04
   9.3900000e+02   3.4484237e+04  -1.6844862e+04
   9.4000000e+02   2.1332810e+03  -8.2833778e+02
   9.4100000e+02  -7.9771599e+03  -1.8328920e+03
   9.4200000e+02   1.2468192e+04  -1.2694085e+04
   9.4300000e+02   2.7277826e+04  -1.8855786e+04
   9.4400000e+02   1.1843994e+04  -4.5798128e+03
   9.4500000e+02  -3.4619100e+03  -3.4114223e+03
   9.4600000e+02  -1.5951273e+03  -2.2178476e+04
   9.4700000e+02   6.4780493e+03  -3.5798326e+04
   9.4800000e+02   5.8002495e+03  -2.6053776e+04
   9.4900000e+02  -2.8143552e+03   2.1069808e+03
   9.5000000e+02   6.1108650e+03  -5.0287763e+03
   9.5100000e+02   8.2819712e+03  -2.5899789e+04
   9.5200000e+02  -7.8663802e+03  -1.8003613e+04
   9.5300000e+02  -1.2684820e+04  -4.4022779e+03
   9.5400000e+02  -5.3094273e+03   6.1394020e+03
   9.5500000e+02   1.3167455e+04  -7.0196497e+03
   9.5600000e+02   1.6192643e+04  -2.7277024e+04
   9.5700000e+02  -4.3227579e+03  -1.6974209e+04
   9.5800000e+02  -1.2174300e+04  -2.2448045e+03
   9.5900000e+02  -5.2248289e+03  -3.5527461e+03
   9.6000000e+02   7.2791691e+03  -1.9155438e+04
   9.6100000e+02   9.0661739e+03  -2.5147317e+04
   9.6200000e+02  -6.3473981e+03  -1.2855225e+04
   9.6300000e+02  -1.8980203e+04  -7.0820133e+03
   9.6400000e+02  -1.6875888e+04  -1.2233061e+04
   9.6500000e+02  -3.5781749e+03  -2.3395616e+04
   9.6600000e+02  -6.7860458e+03  -9.9904839e+03
   9.6700000e+02  -2.0690880e+04   2.0817768e+04
   9.6800000e+02  -2.2397709e+04   1.9401322e+04
   9.6900000e+02  -1.7697493e+04   1.1167608e+03
   9.7000000e+02  -1.0089560e+04  -1.4146007e+04
   9.7100000e+02  -1.9637180e+04  -1.6164275e+04
   9.7200000e+02  -2.9383967e+04   5.3849975e+03
   9.7300000e+02  -1.8586432e+04   2.0969740e+04
   9.7400000e+02  -1.7327248e+04   1.1900693e+04
   9.7500000e+02  -1.1658167e+04  -3.6786996e+03
   9.7600000e+02   2.3935960e+03   3.4076553e+03
   9.7700000e+02  -1.9501278e+03   1.3699306e+04
   9.7800000e+02  -2.0572567e+04   4.3049912e+03
   9.7900000e+02  -3.0639786e+04   4.4525999e+03
   9.8000000e+02  -7.4889762e+03   1.4196498e+04
   9.8100000e+02   1.1102571e+04   1.9464754e+04
   9.8200000e+02  -6.3107866e+03   1.5845434e+04
   9.8300000e+02  -2.1973641e+04   8.8237288e+03
   9.8400000e+02  -1.5806369e+04   1.3582145e+04
   9.8500000e+02   3.1699621e+02   1.4761354e+04
   9.8600000e+02  -1.1389995e+03   1.8181446e+04
   9.8700000e+02  -1.1124444e+04   2.1495642e+04
   9.8800000e+02  -3.9854381e+03   4.2806579e+03
   9.8900000e+02  -5.0618880e+02  -1.9576879e+03
   9.9000000e+02  -7.3771866e+03   1.6984561e+04
   9.9100000e+02  -1.0278692e+04   3.3405743e+04
   9.9200000e+02   3.8703042e+03   1.8614028e+04
   9.9300000e+02   1.8976032e+04  -2.8175504e+03
   9.9400000e+02   6.9978573e+03   1.4512581e+04
   9.9500000e+02  -8.7700863e+03   3.3210980e+04
   9.9600000e+02  -1.3521285e+04   2.0569408e+04
   9.9700000e+02  -2.4078637e+03  -2.8056689e+03
   9.9800000e+02   2.2864487e+04  -1.1469748e+03
   9.9900000e+02   2.9008148e+04   3.0399372e+04
   1.0000000e+03   1.1524885e+04   2.7819087e+04
   1.0010000e+03  -1.3510997e+04  -6.1424824e+03
   1.0020000e+03  -1.4102376e+04  -1.6735259e+04
   1.0030000e+03   1.5220599e+04  -3.0218387e+03
   1.0040000e+03   2.8445272e+04   1.7616394e+04
   1.0050000e+03   1.5819006e+04   1.8034632e+04
   1.0060000e+03  -1.3739864e+03   6.8561176e+03
   1.0070000e+03   6.6724167e+03  -1.1234654e+03
   1.0080000e+03   2.7714742e+04  -1.0939636e+04
   1.0090000e+03   2.1729049e+04  -2.1529258e+03
   1.0100000e+03   1.1202496e+04   1.1158044e+04
   1.0110000e+03   5.2974628e+03   6.7831543e+03
   1.0120000e+03   4.2203679e+03  -8.2714470e+03
   1.0130000e+03   1.3761692e+04  -1.4142969e+04
   1.0140000e+03   1.0700201e+04   1.1519139e+03
   1.0150000e+03   1.3435208e+04   1.0991796e+03
   1.0160000e+03   2.2676334e+04  -1.5682878e+04
   1.0170000e+03   1.4684297e+04  -2.3542619e+04
   1.0180000e+03   3.6482525e+03  -2.4793503e+04
   1.0190000e+03  -4.2281151e+03  -1.0919769e+04
   1.0200000e+03  -3.7527927e+03   2.8937903e+03
   1.0210000e+03   3.5732929e+03  -1.9949038e+03
   1.0220000e+03   1.2444424e+04  -2.0838511e+04
   1.0230000e+03   2.0185621e+04  -3.1059683e+04
   1.0240000e+03   1.6608998e+04  -1.5227563e+04
   1.0250000e+03   5.6091138e+03  -8.0080294e+03
   1.0260000e+03  -8.8690552e+03  -1.3173755e+04
   1.0270000e+03  -5.8124199e+03  -8.1278955e+03
   1.0280000e+03   1.1889865e+04  -2.2458665e+03
   1.0290000e+03   1.2944666e+04  -2.9567750e+03
   1.0300000e+03   7.0945076e+03  -2.0429696e+04
   1.0310000e+03  -6.8328762e+03  -3.5326995e+04
   1.0320000e+03  -1.1924207e+04  -2.2887201e+04
   1.0330000e+03   1.1348690e+04   3.6151084e+03
   1.0340000e+03   1.7624094e+04   1.1157848e+04
   1.0350000e+03  -1.5598659e+03  -2.3153251e+04
   1.0360000e+03  -1.2585793e+04  -4.2399884e+04
   1.0370000e+03   1.8142465e+03  -1.1706039e+04
   1.0380000e+03   1.5584686e+04   7.8838925e+03
   1.0390000e+03   5.6392889e+01  -1.0206525e+04
   1.0400000e+03  -8.4764439e+03  -2.7859209e+04
   1.0410000e+03  -4.2592910e+03  -1.5656608e+04
   1.0420000e+03  -4.7055444e+03  -3.5036117e+02
   1.0430000e+03  -1.0354127e+03   6.5253338e+03
   1.0440000e+03  -4.3015582e+03   1.2149979e+04
   1.0450000e+03  -1.3727463e+04  -5.3971492e+03
   1.0460000e+03  -2.1982590e+04  -1.0381233e+04
   1.0470000e+03  -1.8355310e+04   5.7078664e+03
   1.0480000e+03  -5.8411336e+03   5.4787500e+02
   1.0490000e+03  -1.1896598e+04  -2.1265204e+03
   1.0500000e+03  -2.4998604e+04   5.2274417e+03
   1.0510000e+03  -2.3681895e+04   4.1726509e+03
   1.0520000e+03  -4.1868819e+03  -5.3938415e+03
   1.0530000e+03   4.2423699e+03  -4.4060349e+03
   1.0540000e+03  -1.4286354e+04   1.5703236e+04
   1.0550000e+03  -1.1925754e+04   1.1758330e+04
   1.0560000e+03  -2.3795467e+02  -2.5262418e+03
   1.0570000e+03  -1.1708278e+04   5.5079373e+03
   1.0580000e+03  -2.1664682e+04   1.6802310e+04
   1.0590000e+03  -1.8518031e+04   2.8820131e+04
   1.0600000e+03  -4.2023729e+03   2.4107520e+04
   1.0610000e+03   5.0710379e+02   1.0128537e+04
   1.0620000e+03  -7.5381571e+03   1.6606116e+04
   1.0630000e+03  -1.1172768e+04   2.2425134e+04
   1.0640000e+03  -1.5715017e+04   1.1641180e+04
   1.0650000e+03  -1.6469058e+04   5.8527624e+03
   1.0660000e+03  -1.4792364e+04   2.5865224e+04
   1.0670000e+03  -2.6407846e+03   2.9765815e+04
   1.0680000e+03   1.2338924e+04   3.0659951e+03
   1.0690000e+03  -2.4212562e+03  -1.0157124e+03
   1.0700000e+03  -1.9465314e+04   3.8318716e+03
   1.0710000e+03  -1.4407785e+04   5.8823666e+03
   1.0720000e+03   7.9643283e+02   1.3038530e+04
   1.0730000e+03   6.6602429e+03   1.0004867e+03
   1.0740000e+03  -2.2991381e+03  -7.0288966e+03
   1.0750000e+03  -1.1307542e+03   1.2029003e+04
   1.0760000e+03  -8.0776326e+03   3.4241158e+04
   1.0770000e+03  -2.1452300e+04   2.2306072e+04
   1.0780000e+03  -5.4915320e+03  -9.2831466e+03
   1.0790000e+03   1.6456578e+04  -4.7110866e+03
   1.0800000e+03   1.9289298e+04   1.9189959e+04
   1.0810000e+03   2.5290158e+03   2.6952910e+04
   1.0820000e+03  -6.4722413e+03   1.2259883e+04
   1.0830000e+03   1.4051902e+03  -9.8753657e+03
   1.0840000e+03   3.5065058e+03  -7.7491992e+03
   1.0850000e+03   1.9338664e+04  -6.0269200e+00
   1.0860000e+03   3.0864166e+04   1.4607719e+03
   1.0870000e+03   1.0175622e+04   6.0404543e+02
   1.0880000e+03  -9.4237905e+03  -6.7248381e+03
   1.0890000e+03  -2.5047374e+03  -4.2783222e+03
   1.0900000e+03   2.8923683e+04  -6.8250292e+03
   1.0910000e+03   3.6996122e+04  -1.4296293e+04
   1.0920000e+03   1.4407414e+04  -9.5701524e+03
   1.0930000e+03   1.1967469e+04  -3.4699124e+03
   1.0940000e+03   2.0609180e+04  -2.3206711e+02
   1.0950000e+03   1.7426011e+04  -7.7204618e+03
   1.0960000e+03   4.7818420e+03  -9.3095417e+03
   1.0970000e+03   3.4698367e+03  -1.9830317e+03
   1.0980000e+03   1.9444234e+04  -7.6416298e+03
   1.0990000e+03   2.0338631e+04  -1.0540985e+04
   1.1000000e+03   6.5712079e+03  -9.0628576e+03
   1.1010000e+03  -5.1414027e+03  -1.7721853e+03
   1.1020000e+03   1.6618552e+03   4.8700103e+03
   1.1030000e+03   1.9386495e+04  -8.0083255e+03
   1.1040000e+03   1.6962168e+04  -1.4184310e+04
   1.1050000e+03   1.6906637e+04  -9.2909627e+03
   1.1060000e+03   1.9148018e+04  -4.4939119e+03
   1.1070000e+03   6.0477938e+03  -2.2019457e+03
   1.1080000e+03   3.7432497e+03  -8.7899494e+03
   1.1090000e+03   1.1127711e+04  -1.1165011e+04
   1.1100000e+03   1.4606446e+04  -1.5587698e+04
   1.1110000e+03   7.2981941e+03  -2.0909274e+04
   1.1120000e+03  -7.9883192e+03  -1.5921643e+04
   1.1130000e+03  -1.1970938e+04  -9.9676267e+03
   1.1140000e+03  -2.9013660e+01  -7.0767771e+03
   1.1150000e+03   1.1569981e+04  -1.0729071e+04
   1.1160000e+03   7.7675628e+02  -7.0511420e+03
   1.1170000e+03  -6.4960748e+03  -5.4030966e+03
   1.1180000e+03   4.9761174e+03  -1.9122884e+04
   1.1190000e+03   1.1446913e+03  -1.5298702e+04
   1.1200000e+03  -9.6641058e+03  -5.0300584e+03
   1.1210000e+03  -1.1874875e+04  -7.5531169e+03
   1.1220000e+03  -6.8662445e+03  -8.4020314e+03
   1.1230000e+03  -1.4515562e+03  -5.5881063e+03
   1.1240000e+03  -5.8097904e+03   3.0494153e+03
   1.1250000e+03  -4.5533697e+03   8.1628940e+03
   1.1260000e+03  -6.1837085e+03   2.8161153e+03
   1.1270000e+03  -1.8273812e+04  -1.1125717e+04
   1.1280000e+03  -2.5069551e+04  -1.6507804e+04
   1.1290000e+03  -1.3553781e+04   1.1285285e+03
   1.1300000e+03   1.5374616e+04   1.1570814e+04
   1.1310000e+03   9.3132095e+03   7.3746323e+03
   1.1320000e+03  -2.6443453e+04  -5.7772802e+03
   1.1330000e+03  -3.5649206e+04  -1.9171087e+04
   1.1340000e+03  -2.8100567e+04  -5.9733709e+03
   1.1350000e+03  -1.7013031e+04   1.0462666e+04
   1.1360000e+03  -1.7461459e+04   1.5236775e+04
   1.1370000e+03  -3.0576580e+04   1.6435261e+04
   1.1380000e+03  -3.0806790e+04   1.0263534e+04
   1.1390000e+03  -2.3861020e+04   5.6723441e+03
   1.1400000e+03  -1.1797165e+04  -1.6815576e+03
   1.1410000e+03  -1.9381936e+03   9.4256424e+02
   1.1420000e+03  -1.1468474e+03   1.3645874e+04
   1.1430000e+03  -8.4558110e+03   1.0531274e+04
   1.1440000e+03  -2.3095655e+04   5.8487357e+03
   1.1450000e+03  -1.4352101e+04   9.4845431e+03
   1.1460000e+03   4.0027602e+03   1.5576885e+04
   1.1470000e+03  -1.3011463e+03   1.0422380e+04
   1.1480000e+03  -1.2813744e+04   9.4821306e+02
   1.1490000e+03  -1.3864030e+04   1.4200106e+04
   1.1500000e+03  -7.0124541e+03   2.2911657e+04
   1.1510000e+03  -9.7876465e+03   1.6142141e+04
   1.1520000e+03  -1.1042697e+04   1.1295937e+04
   1.1530000e+03   2.9515502e+02   1.2537543e+04
   1.1540000e+03  -1.3075332e+03   2.3329290e+04
   1.1550000e+03  -7.8621451e+03   1.2175302e+04
   1.1560000e+03  -3.0138491e+03  -1.0349363e+04
   1.1570000e+03   1.0846226e+04  -1.1988616e+03
   1.1580000e+03   1.5071549e+04   2.2000578e+04
   1.1590000e+03   3.7682966e+03   2.8353633e+04
   1.1600000e+03   5.4732961e+03   1.0086701e+04
   1.1610000e+03   1.1180696e+04  -5.9729783e+03
   1.1620000e+03   2.0226593e+04  -3.8288828e+03
   1.1630000e+03   3.1135215e+04   8.0310841e+03
   1.1640000e+03   1.6277065e+04   2.3891172e+04
   1.1650000e+03   1.2618684e+04   1.3634560e+04
   1.1660000e+03   2.5300897e+04  -8.2757439e+03
   1.1670000e+03   1.8235107e+04   1.5782506e+03
   1.1680000e+03   6.1549819e+03   2.3241787e+04
   1.1690000e+03   3.7039789e+03   1.9303772e+04
   1.1700000e+03   1.5162396e+04  -1.8601855e+03
   1.1710000e+03   2.5723134e+04  -2.2723423e+03
   1.1720000e+03   2.0996925e+04   4.8246106e+03
   1.1730000e+03   7.0303030e+03   9.0300800e+00
   1.1740000e+03  -1.2256965e+03  -2.8754143e+03
   1.1750000e+03   1.6402081e+04  -1.2088680e+04
   1.1760000e+03   2.4536325e+04  -8.3404483e+03
   1.1770000e+03   5.5428538e+03   2.2982786e+03
   1.1780000e+03   4.7961801e+03  -1.3907508e+04
   1.1790000e+03   2.6140776e+04  -2.3993540e+04
   1.1800000e+03   3.5102358e+04  -1.4476674e+04
   1.1810000e+03   1.3288109e+04  -1.9347000e+03
   1.1820000e+03  -4.3243481e+03  -1.6909661e+03
   1.1830000e+03   8.6095241e+03  -1.7636924e+04
   1.1840000e+03   2.4537570e+04  -1.4348364e+04
   1.1850000e+03   2.6442387e+04   3.7258948e+03
   1.1860000e+03   4.1303703e+03   1.1888438e+03
   1.1870000e+03  -1.4490232e+04  -2.0032853e+04
   1.1880000e+03   4.9477213e+02  -2.3901929e+04
   1.1890000e+03   1.4978917e+04  -5.6883467e+03
   1.1900000e+03   6.4035964e+03  -8.7452702e+03
   1.1910000e+03  -1.5855700e+04  -2.3177843e+04
   1.1920000e+03  -1.0729445e+04  -2.9273002e+04
   1.1930000e+03   1.6457723e+04  -3.0230884e+04
   1.1940000e+03   3.0311371e+03  -1.4118496e+04
   1.1950000e+03  -1.8739041e+04  -7.2944974e+03
   1.1960000e+03  -1.1411786e+04  -1.8778286e+04
   1.1970000e+03  -4.4966995e+03  -3.1106995e+04
   1.1980000e+03  -2.2157820e+03  -3.4928829e+04
   1.1990000e+03  -4.5875638e+03  -1.2614332e+04
   1.2000000e+03  -1.7136176e+04   7.4044944e+03
   1.2010000e+03  -2.6473583e+04  -1.1877715e+03
   1.2020000e+03  -1.3338700e+04  -1.4945591e+04
   1.2030000e+03  -7.5365416e+02  -5.2909078e+03
   1.2040000e+03  -1.0406334e+04   1.1711546e+04
   1.2050000e+03  -1.1571626e+04  -3.1637629e+03
   1.2060000e+03  -1.2589422e+04  -1.3162356e+04
   1.2070000e+03  -2.1372845e+04  -8.8945576e+02
   1.2080000e+03  -1.0043964e+04  -1.9929069e+03
   1.2090000e+03   7.7569804e+03  -1.9228926e+02
   1.2100000e+03   2.3018668e+03   5.0023241e+03
   1.2110000e+03  -2.9337840e+04  -4.8189036e+02
   1.2120000e+03  -3.6213686e+04  -1.0257767e+04
   1.2130000e+03  -5.1914899e+02  -1.4210873e+04
   1.2140000e+03   1.1873297e+04   2.9105013e+03
   1.2150000e+03  -1.7299974e+04   1.8249739e+04
   1.2160000e+03  -4.3451386e+04   1.1946726e+04
   1.2170000e+03  -2.8006364e+04  -6.2002691e+02
   1.2180000e+03   2.1302197e+03   6.1777285e+03
   1.2190000e+03  -1.1111256e+03   2.7820213e+04
   1.2200000e+03  -1.7696021e+04   2.5181544e+04
   1.2210000e+03  -2.7846775e+04   1.2442624e+04
   1.2220000e+03  -1.6574961e+04   6.8045605e+03
   1.2230000e+03   7.9359172e+03   7.9741377e+03
   1.2240000e+03   7.3444569e+02   3.0345349e+04
   1.2250000e+03  -1.4775125e+04   3.6333439e+04
   1.2260000e+03  -1.1585603e+04   1.2752691e+04
   1.2270000e+03  -2.4766962e+03  -7.2598586e+03
   1.2280000e+03   8.0587030e+03   2.8275876e+02
   1.2290000e+03   1.5156012e+04   3.5162084e+04
   1.2300000e+03   1.5270899e+04   3.6415339e+04
   1.2310000e+03  -4.0280747e+03   2.5760247e+03
   1.2320000e+03  -1.6292554e+04  -1.7121064e+03
   1.2330000e+03   1.5354811e+03   2.1579078e+04
   1.2340000e+03   1.1756457e+04   3.2702998e+04
   1.2350000e+03   4.0596406e+03   1.5888532e+04
   1.2360000e+03  -8.4029695e+03   6.4605317e+02
   1.2370000e+03  -7.6231730e+03   3.6472409e+03
   1.2380000e+03   2.0429008e+03   1.4392725e+04
   1.2390000e+03  -9.3724740e+02   2.6618335e+04
   1.2400000e+03   1.2910573e+04   1.9437619e+04
   1.2410000e+03   3.0429590e+04   7.6570146e+03
   1.2420000e+03   1.1278130e+04   4.4728425e+03
   1.2430000e+03  -1.0910700e+04  -3.8593584e+03
   1.2440000e+03   4.3795976e+03  -3.1965490e+03
   1.2450000e+03   3.8192245e+04   3.6991834e+03
   1.2460000e+03   3.2083218e+04   8.1253841e+03
   1.2470000e+03  -6.6036442e+03   5.8380447e+03
   1.2480000e+03  -2.0141388e+04  -5.8525107e+03
   1.2490000e+03   8.8104920e+01  -1.4776975e+04
   1.2500000e+03   2.2088136e+04  -1.7525802e+04
   1.2510000e+03   1.1157693e+04   6.3157761e+02
   1.2520000e+03  -2.5267602e+03   1.5905285e+04
   1.2530000e+03   8.0162857e+03  -5.5690216e+03
   1.2540000e+03   1.3937912e+04  -3.0169186e+04
   1.2550000e+03   2.0037582e+04  -2.9106184e+04
   1.2560000e+03   2.0537724e+04   4.4118244e+02
   1.2570000e+03   1.1248222e+04   1.7605095e+04
   1.2580000e+03   1.4020406e+04  -9.0519935e+03
   1.2590000e+03   2.1615503e+04  -3.0553651e+04
   1.2600000e+03   2.8138017e+04  -2.0723090e+04
   1.2610000e+03   2.2079725e+04   9.8756589e+02
   1.2620000e+03   6.5335491e+03   2.6715725e+03
   1.2630000e+03  -3.5129622e+03  -1.4625293e+04
   1.2640000e+03  -5.0725487e+03  -1.8173318e+04
   1.2650000e+03   1.7067168e+04  -1.9486723e+04
   1.2660000e+03   2.8836659e+04  -1.5472062e+04
   1.2670000e+03   5.0981954e+03  -1.0916373e+04
   1.2680000e+03  -1.1934955e+04  -2.9410609e+04
   1.2690000e+03  -3.0045505e+03  -3.3877502e+04
   1.2700000e+03   1.2094234e+04  -1.1975917e+04
   1.2710000e+03   3.3714242e+03   7.8141534e+03
   1.2720000e+03  -1.4292678e+04   2.8581000e+03
   1.2730000e+03  -1.1118627e+04  -2.4918292e+04
   1.2740000e+03   1.0700549e+03  -3.0885595e+04
   1.2750000e+03   6.3563322e+03  -2.5607114e+03
   1.2760000e+03  -3.6602439e+03   1.7598833e+04
   1.2770000e+03  -3.4266906e+03  -3.3197661e+03
   1.2780000e+03   2.5770568e+03  -1.7833230e+04
   1.2790000e+03  -1.7469069e+04   8.4625212e+03
   1.2800000e+03  -2.0094141e+04   7.0437214e+03
   1.2810000e+03   2.5049543e+03  -2.6807663e+04
   1.2820000e+03   8.8869638e+03  -3.2587299e+04
   1.2830000e+03  -5.7826329e+03  -4.4358151e+03
   1.2840000e+03  -2.2076624e+04   1.3845293e+04
   1.2850000e+03  -9.9828454e+03  -1.3125451e+04
   1.2860000e+03   6.1337614e+03  -2.6807101e+04
   1.2870000e+03  -1.0211081e+03  -1.9191910e+03
   1.2880000e+03  -1.3517740e+04   5.6881434e+03
   1.2890000e+03  -2.0277728e+04   7.3716464e+02
   1.2900000e+03  -9.1022106e+03   4.7709658e+03
   1.2910000e+03   2.9495622e+03   1.5081685e+04
   1.2920000e+03  -2.9138648e+03   1.2371027e+04
   1.2930000e+03  -1.8488672e+04  -2.5957809e+03
   1.2940000e+03  -2.6663829e+04   4.7795457e+03
   1.2950000e+03  -7.6194782e+03   2.0105515e+04
   1.2960000e+03   9.9876237e+02   2.2532354e+04
   1.2970000e+03  -2.0165892e+04   7.7016559e+03
   1.2980000e+03  -3.3469728e+04  -5.8211077e+03
   1.2990000e+03  -2.7599636e+04   1.7758573e+04
   1.3000000e+03  -9.5816980e+03   3.1678357e+04
   1.3010000e+03  -1.9109500e+02   5.1210789e+02
   1.3020000e+03   3.0962690e+01  -2.0310226e+04
   1.3030000e+03  -6.5234256e+03   1.5564861e+04
   1.3040000e+03  -2.6422569e+04   5.8300478e+04
   1.3050000e+03  -2.5404559e+04   2.6948673e+04
   1.3060000e+03  -7.2652992e+03  -2.4774215e+04
   1.3070000e+03   2.2102962e+03  -2.1576643e+04
   1.3080000e+03   2.5364463e+03   1.3999905e+04
   1.3090000e+03  -5.8350545e+03   4.0874089e+04
   1.3100000e+03  -7.3010516e+03   2.4997557e+04
   1.3110000e+03  -9.9136728e+03   1.2077174e+03
   1.3120000e+03  -5.7267842e+03   4.7921304e+03
   1.3130000e+03   1.2241577e+04   7.9429170e+03
   1.3140000e+03   4.1957561e+03   1.4122329e+04
   1.3150000e+03  -1.4594091e+04   2.5050736e+04
   1.3160000e+03  -9.5196284e+03   2.1200869e+04
   1.3170000e+03   1.1074899e+04  -5.4524455e+03
   1.3180000e+03   1.3319439e+04  -1.8671263e+04
   1.3190000e+03  -1.1767097e+04   1.4495432e+04
   1.3200000e+03  -1.5535742e+04   3.4549267e+04
   1.3210000e+03   3.3526606e+03   1.7256569e+04
   1.3220000e+03   1.9745273e+04  -2.8055332e+03
   1.3230000e+03   2.4850589e+04  -1.5384423e+04
   1.3240000e+03   5.2016566e+03  -1.3785891e+04
   1.3250000e+03  -3.2103666e+03  -6.7899396e+03
   1.3260000e+03   1.4774134e+04   1.0912268e+04
   1.3270000e+03   2.8686364e+04   2.1064589e+04
   1.3280000e+03   1.9613278e+04  -4.7971728e+03
   1.3290000e+03  -3.0046597e+03  -2.3257990e+04
   1.3300000e+03   5.1650555e+03  -1.3925634e+04
   1.3310000e+03   3.0908487e+04   5.9722676e+03
   1.3320000e+03   3.1924130e+04   1.2721472e+04
   1.3330000e+03   1.3912230e+04  -7.4826958e+03
   1.3340000e+03  -3.2352786e+03  -1.8429881e+04
   1.3350000e+03   3.9720678e+03  -3.3160043e+03
   1.3360000e+03   2.2372769e+04   1.9201421e+04
   1.3370000e+03   2.7304231e+04   1.5795294e+04
   1.3380000e+03   1.8464736e+04  -1.1157746e+04
   1.3390000e+03   7.3905951e+03  -1.9531810e+04
   1.3400000e+03   1.5318450e+04  -1.8839559e+04
   1.3410000e+03   2.3900429e+04  -1.2011253e+04
   1.3420000e+03   2.2309307e+04  -3.5392184e+03
   1.3430000e+03   1.9770977e+04  -1.4673574e+04
   1.3440000e+03   5.2334944e+03  -1.3671184e+04
   1.3450000e+03  -5.4062521e+03  -7.1534774e+03
   1.3460000e+03   6.2289955e+02  -1.7670058e+04
   1.3470000e+03   1.6410927e+04  -1.9873287e+04
   1.3480000e+03   1.9305903e+04  -7.3808393e+03
   1.3490000e+03  -2.5152797e+03   1.0512772e+03
   1.3500000e+03  -1.2390165e+04  -9.3000817e+03
   1.3510000e+03  -3.4676063e+03  -1.7043341e+04
   1.3520000e+03   8.7939029e+03  -1.0221526e+04
   1.3530000e+03   6.2571066e+03  -7.6203726e+03
   1.3540000e+03  -1.0448208e+04  -1.2575093e+04
   1.3550000e+03   3.1063541e+02  -1.7519051e+04
   1.3560000e+03   9.0137534e+03  -4.4403693e+03
   1.3570000e+03  -3.0224780e+03   4.4778986e+03
   1.3580000e+03   2.5970472e+03  -9.9500769e+03
   1.3590000e+03   2.5146281e+03  -1.5050811e+04
   1.3600000e+03  -1.0665212e+04  -1.5050112e+04
   1.3610000e+03  -1.1316956e+04  -1.0759111e+04
   1.3620000e+03  -4.7387525e+02  -4.8125960e+01
   1.3630000e+03   4.8460990e+03  -2.0514429e+03
   1.3640000e+03  -7.9885098e+03  -3.3711808e+03
   1.3650000e+03  -2.0825611e+04  -2.6094651e+03
   1.3660000e+03  -1.9554675e+04   3.4416353e+02
   1.3670000e+03  -3.7850530e+03   4.6178120e+03
   1.3680000e+03  -1.2983952e+03  -1.9860596e+03
   1.3690000e+03  -2.5487702e+04  -8.3639849e+03
   1.3700000e+03  -2.9181116e+04  -9.2787072e+03
   1.3710000e+03  -2.0203436e+04   2.1425690e+03
   1.3720000e+03  -2.4545676e+04   9.4641211e+03
   1.3730000e+03  -2.6647716e+04   1.5279573e+03
   1.3740000e+03  -2.7542786e+04   4.3065138e+03
   1.3750000e+03  -2.2475727e+04  -2.1240347e+03
   1.3760000e+03  -1.9159636e+04  -1.6368869e+04
   1.3770000e+03  -2.2003033e+04  -5.6013533e+03
   1.3780000e+03  -1.9918505e+04   1.6074838e+04
   1.3790000e+03  -1.4334749e+04   2.7866580e+04
   1.3800000e+03  -6.2103000e+03   1.8060178e+04
   1.3810000e+03  -1.6606216e+04  -1.2970078e+03
   1.3820000e+03  -2.5950231e+04  -1.0956187e+04
   1.3830000e+03  -1.2195105e+03   9.6041823e+02
   1.3840000e+03   1.9754416e+04   2.3210069e+04
   1.3850000e+03   7.6203430e+03   1.5372300e+04
   1.3860000e+03  -2.1179508e+04   8.1594920e+02
   1.3870000e+03  -1.8457472e+04   5.4650568e+03
   1.3880000e+03   9.7261113e+03   1.1047485e+04
   1.3890000e+03   7.0377798e+03   1.2296600e+04
   1.3900000e+03  -5.3196848e+03  -3.9543003e+03
   1.3910000e+03  -7.4027827e+03  -6.4069013e+03
   1.3920000e+03  -8.1279619e+03   2.2077888e+04
   1.3930000e+03  -3.9707576e+03   3.4277381e+04
   1.3940000e+03  -8.0969445e+03   2.4360256e+04
   1.3950000e+03  -1.0316325e+04   9.6615782e+03
   1.3960000e+03  -5.3702913e+02   9.6702303e+03
   1.3970000e+03   1.3326188e+04   2.3505273e+04
   1.3980000e+03   1.6069305e+04   2.5329291e+04
   1.3990000e+03   8.0473387e+03   1.3572633e+04
   1.4000000e+03   1.4736660e+04  -1.2775448e+03
   1.4010000e+03   1.1510554e+04   6.7240724e+03
   1.4020000e+03   9.5105802e+02   2.1006786e+04
   1.4030000e+03   1.8053282e+04   1.5827710e+04
   1.4040000e+03   2.9724313e+04   1.5807139e+04
   1.4050000e+03   2.1744464e+04   4.3622812e+03
   1.4060000e+03   1.2694382e+04  -1.3061353e+04
   1.4070000e+03   1.1525118e+04  -2.4725847e+03
   1.4080000e+03   1.4541477e+04   1.5423028e+04
   1.4090000e+03   1.2599267e+04   1.7673182e+04
   1.4100000e+03   1.1539187e+04  -3.6274077e+03
   1.4110000e+03   2.4225370e+03  -1.6337657e+04
   1.4120000e+03   6.3622367e+03   9.5126523e+02
   1.4130000e+03   3.3172890e+04   1.2839376e+04
   1.4140000e+03   3.6588257e+04   3.4398937e+03
   1.4150000e+03   1.9473883e+04  -1.9841189e+04
   1.4160000e+03   3.6751404e+03  -2.4459060e+04
   1.4170000e+03   5.7605491e+03  -3.8511295e+02
   1.4180000e+03   2.4257300e+04   1.3296553e+04
   1.4190000e+03   2.1719215e+04   3.8900282e+03
   1.4200000e+03   1.0220507e+04  -1.5327549e+04
   1.4210000e+03   9.5855672e+03  -1.6672857e+04
   1.4220000e+03   1.6283150e+04  -3.1820253e+03
   1.4230000e+03   1.6498644e+04  -3.7844699e+03
   1.4240000e+03  -5.1536989e+03  -8.7572618e+03
   1.4250000e+03  -1.1971883e+04  -1.4363643e+04
   1.4260000e+03   4.7202788e+03  -2.4800772e+04
   1.4270000e+03   1.2665556e+04  -2.5285689e+04
   1.4280000e+03   3.9641563e+03  -4.5473174e+03
   1.4290000e+03  -7.9520205e+03  -7.2678760e+02
   1.4300000e+03   7.9410652e+02  -4.0388035e+04
   1.4310000e+03   9.1646067e+03  -4.5499818e+04
   1.4320000e+03   1.8812367e+03  -7.9403760e+03
   1.4330000e+03  -2.3567975e+03  -2.1719894e+03
   1.4340000e+03  -5.1051018e+03  -1.6215744e+04
   1.4350000e+03  -3.4534894e+03  -2.3654279e+04
   1.4360000e+03  -4.9425384e+03  -1.6548902e+04
   1.4370000e+03  -5.9284700e+03  -2.6579610e+03
   1.4380000e+03   2.3300498e+03  -1.0308200e+03
   1.4390000e+03   2.5175890e+03  -8.3470997e+03
   1.4400000e+03  -2.5159393e+03  -2.4554304e+04
   1.4410000e+03  -1.9462769e+04  -1.7703126e+04
   1.4420000e+03  -3.6317143e+04   7.6024468e+03
   1.4430000e+03  -2.2330961e+04   5.0083437e+03
   1.4440000e+03   4.1238460e+02  -8.5979408e+03
   1.4450000e+03   3.8249929e+03  -1.7089775e+04
   1.4460000e+03  -1.8159900e+04  -1.1025908e+04
   1.4470000e+03  -3.0120122e+04   2.1400564e+02
   1.4480000e+03  -1.0282873e+04  -1.1317189e+04
   1.4490000e+03  -6.8896120e+03  -1.3417485e+04
   1.4500000e+03  -2.7598021e+04   6.1193848e+03
   1.4510000e+03  -3.0207372e+04   1.3905312e+04
   1.4520000e+03  -8.4612960e+03  -4.6736271e+03
   1.4530000e+03  -3.9194348e+03  -1.7053332e+04
   1.4540000e+03  -1.9697804e+04   5.7880675e+03
   1.4550000e+03  -1.3533610e+04   1.6832384e+04
   1.4560000e+03  -5.5738047e+03   2.8323035e+02
   1.4570000e+03  -1.3820979e+04  -9.2157028e+03
   1.4580000e+03  -2.5684152e+04   2.8907980e+03
   1.4590000e+03  -2.6196335e+04   2.8271984e+04
   1.4600000e+03   7.9630126e+03   2.2703988e+04
   1.4610000e+03   1.9355701e+04  -2.4542043e+03
   1.4620000e+03  -1.3559227e+04   1.7421808e+03
   1.4630000e+03  -2.1508294e+04   2.1355306e+04
   1.4640000e+03  -5.8444014e+03   2.3495655e+04
   1.4650000e+03   2.1217548e+03   8.1201714e+03
   1.4660000e+03  -2.3338247e+03   1.3824367e+04
   1.4670000e+03  -2.8403967e+03   2.9724239e+04
   1.4680000e+03   9.8763429e+03   2.0434919e+04
   1.4690000e+03   4.8549354e+03   1.3483028e+04
   1.4700000e+03  -1.4021045e+04   1.5488081e+04
   1.4710000e+03  -1.5312293e+04   1.6458400e+04
   1.4720000e+03   1.6165991e+02   1.5275815e+04
   1.4730000e+03   9.4795483e+02   1.1586195e+04
   1.4740000e+03  -1.6660129e+04   1.8953380e+04
   1.4750000e+03  -1.4110931e+04   2.5669131e+04
   1.4760000e+03   6.3041615e+03   2.6840339e+04
   1.4770000e+03   2.3435195e+04   2.1798884e+04
   1.4780000e+03   2.2410557e+04   1.5370040e+04
   1.4790000e+03   7.8253308e+03   2.0467220e+04
   1.4800000e+03   1.2350662e+04   1.0574098e+04
   1.4810000e+03   1.6238571e+04   2.0533278e+03
   1.4820000e+03   1.0703756e+04   1.6298082e+04
   1.4830000e+03   1.7290866e+04   1.9836729e+04
   1.4840000e+03   2.1801392e+04   7.1831464e+03
   1.4850000e+03   1.6875442e+04  -1.1321666e+04
   1.4860000e+03   5.7241765e+03  -1.0401907e+04
   1.4870000e+03   7.5353955e+03   1.0166695e+04
   1.4880000e+03   1.2536010e+04   1.2358058e+04
   1.4890000e+03   1.8153952e+03  -4.8425773e+03
   1.4900000e+03   8.9202012e+03  -2.5396568e+04
   1.4910000e+03   1.3104130e+04  -1.9524290e+04
   1.4920000e+03   2.3909366e+03   6.3006484e+03
   1.4930000e+03   1.2566998e+04   8.0994903e+03
   1.4940000e+03   1.8608735e+04  -5.9853653e+03
   1.4950000e+03   6.7798103e+03  -1.5246586e+04
   1.4960000e+03   3.7718228e+03  -8.4841011e+03
   1.4970000e+03   2.5188827e+04   1.7713087e+03
   1.4980000e+03   3.7982643e+04  -3.3611309e+03
   1.4990000e+03   9.9021556e+03  -1.1561619e+04
   1.5000000e+03  -9.9012807e+03  -1.9977382e+04
   1.5010000e+03   5.6946057e+03  -1.4644799e+04
   1.5020000e+03   2.5733783e+04  -9.1304921e+03
   1.5030000e+03   1.5477370e+04  -2.3012834e+04
   1.5040000e+03  -1.0499303e+04  -2.0089318e+04
   1.5050000e+03   1.8055659e+03  -1.1899500e+04
   1.5060000e+03   1.8075829e+04  -2.0631235e+04
   1.5070000e+03   3.0099477e+03  -3.0602495e+04
   1.5080000e+03  -1.3158938e+04  -3.0923664e+04
   1.5090000e+03  -1.8815979e+04  -1.4511356e+04
   1.5100000e+03  -7.9399654e+03  -8.6587691e+03
   1.5110000e+03   7.0157010e+02  -1.7671474e+04
   1.5120000e+03   3.1528818e+03  -2.0376734e+04
   1.5130000e+03   3.5727854e+03  -2.0337219e+04
   1.5140000e+03  -1.5056800e+04  -1.5668511e+04
   1.5150000e+03  -1.9374281e+04  -1.1888423e+04
   1.5160000e+03  -1.0331386e+03  -5.9234333e+03
   1.5170000e+03   1.9832240e+04  -2.5477848e+03
   1.5180000e+03   2.5498876e+04  -1.2665878e+04
   1.5190000e+03  -8.6699339e+03  -1.6255339e+04
   1.5200000e+03  -2.5589282e+04  -1.0534332e+04
   1.5210000e+03   5.6887512e+03   1.8279026e+03
   1.5220000e+03   2.3543920e+04   4.2516472e+03
   1.5230000e+03   1.1413574e+03  -1.4330044e+04
   1.5240000e+03  -2.6529180e+04  -2.0367570e+04
   1.5250000e+03  -1.9872357e+04  -1.2159513e+04
   1.5260000e+03  -3.0949502e+02   2.4845080e+03
   1.5270000e+03  -7.0614997e+02   1.5737712e+04
   1.5280000e+03  -2.0922152e+04   8.1231317e+03
   1.5290000e+03  -3.7788737e+04  -5.0337455e+02
   1.5300000e+03  -1.7466934e+04   6.0173683e+03
   1.5310000e+03   5.0504691e+03   1.8867618e+04
   1.5320000e+03  -4.2305964e+03   1.5233022e+04
   1.5330000e+03  -2.1460047e+04  -3.3866656e+02
   1.5340000e+03  -2.5367105e+04   3.2816521e+03
   1.5350000e+03  -4.0683774e+03   1.4150382e+04
   1.5360000e+03   9.3720360e+03   2.2369976e+04
   1.5370000e+03  -1.2838045e+03   1.5796056e+04
   1.5380000e+03  -1.2328880e+04  -6.7525090e+03
   1.5390000e+03  -1.8939484e+04  -2.8298052e+03
   1.5400000e+03  -8.1801333e+03   1.7495601e+04
   1.5410000e+03   7.6594544e+02   2.2800864e+04
   1.5420000e+03  -9.9306678e+03   1.3910992e+04
   1.5430000e+03  -2.0573018e+04   1.0896164e+04
   1.5440000e+03  -2.8843059e+04   2.3625229e+04
   1.5450000e+03  -2.3177496e+04   2.0179198e+04
   1.5460000e+03  -2.2700354e+03   7.2248492e+03
   1.5470000e+03   1.1427444e+04   4.4434817e+03
   1.5480000e+03  -4.3206779e+03   7.7583395e+03
   1.5490000e+03  -3.0126738e+04   1.6128423e+04
   1.5500000e+03  -1.4863175e+04   6.2501783e+03
   1.5510000e+03   1.1621939e+04   8.8964437e+02
   1.5520000e+03   1.4499465e+04   1.8449792e+04
   1.5530000e+03   5.2023249e+03   2.1245513e+04
   1.5540000e+03  -1.4030742e+04   8.2549478e+03
   1.5550000e+03  -1.1433246e+04  -2.5481027e+03
   1.5560000e+03   8.6357523e+03   9.8415132e+03
   1.5570000e+03   1.1394037e+04   2.8579763e+04
   1.5580000e+03   1.5790890e+02   1.4698757e+04
   1.5590000e+03  -1.1324027e+04  -5.6746929e+03
   1.5600000e+03  -3.8764379e+03  -2.6147246e+03
   1.5610000e+03   9.2458314e+03   2.2905577e+04
   1.5620000e+03   1.2631099e+04   2.9781042e+04
   1.5630000e+03   1.1143021e+04  -4.2977846e+03
   1.5640000e+03   3.3522732e+03  -2.0666522e+04
   1.5650000e+03   6.1239282e+03  -1.9310444e+03
   1.5660000e+03   1.4841184e+04   1.4880917e+04
   1.5670000e+03   1.8416783e+04   7.6477895e+03
   1.5680000e+03   1.2210726e+04  -4.3961404e+03
   1.5690000e+03  -3.2789258e+03   4.8538399e+03
   1.5700000e+03   9.6495062e+03   3.4784494e+03
   1.5710000e+03   3.5517258e+04  -1.0067437e+04
   1.5720000e+03   3.1751404e+04  -1.2722309e+04
   1.5730000e+03   9.6090975e+03  -8.9947367e+03
   1.5740000e+03  -2.5997475e+03   2.6646805e+03
   1.5750000e+03   1.4857444e+04   7.0528436e+02
   1.5760000e+03   3.3238962e+04  -1.1786729e+04
   1.5770000e+03   2.3381036e+04  -1.4967006e+04
   1.5780000e+03   4.0561514e+03  -1.3481909e+04
   1.5790000e+03   4.3105922e+03  -7.6474033e+03
   1.5800000e+03   1.8349740e+04  -1.4687566e+04
   1.5810000e+03   6.6267650e+03  -2.2253963e+04
   1.5820000e+03  -1.7473665e+02  -1.1756431e+04
   1.5830000e+03   2.1918700e+04  -2.0854932e+02
   1.5840000e+03   2.3243290e+04   3.4661251e+03
   1.5850000e+03   6.6463116e+03  -1.1722519e+04
   1.5860000e+03  -6.9515301e+03  -1.9717855e+04
   1.5870000e+03  -2.8622138e+03  -4.1566238e+03
   1.5880000e+03   2.2828878e+04  -1.6999352e+03
   1.5890000e+03   3.3240799e+04  -1.5846279e+04
   1.5900000e+03   1.9217064e+04  -2.6111530e+04
   1.5910000e+03  -3.1323153e+03  -1.6159036e+04
   1.5920000e+03  -2.2575197e+03  -3.3485026e+03
   1.5930000e+03   1.3853520e+04  -7.5329114e+03
   1.5940000e+03   3.7351090e+03  -1.5615727e+04
   1.5950000e+03  -6.3350303e+03  -3.2295643e+04
   1.5960000e+03  -1.2198685e+03  -2.7687551e+04
   1.5970000e+03   4.8712752e+03   5.7420160e+03
   1.5980000e+03  -4.2602030e+03   8.3423173e+03
   1.5990000e+03  -2.9531510e+04  -1.3253163e+04
   1.6000000e+03  -1.6486155e+04  -1.9581882e+04
   1.6010000e+03   1.1370919e+04  -1.1663043e+04
   1.6020000e+03  -6.6965390e+03  -9.2618524e+03
   1.6030000e+03  -3.8069611e+04  -6.9436762e+03
   1.6040000e+03  -3.6814811e+04   4.4369310e+03
   1.6050000e+03  -6.5962343e+03  -4.7460813e+03
   1.6060000e+03   4.6904499e+03  -1.6523896e+04
   1.6070000e+03  -1.3332233e+04  -4.4289918e+03
   1.6080000e+03  -3.1849235e+04   1.2568537e+04
   1.6090000e+03  -2.5413426e+04   2.1780645e+04
   1.6100000e+03   1.2083638e+04   6.6300550e+02
   1.6110000e+03   7.5305241e+03  -2.0977014e+04
   1.6120000e+03  -3.6403118e+04  -1.0500210e+03
   1.6130000e+03  -3.5540103e+04   2.2472481e+04
   1.6140000e+03  -1.2424090e+04   1.7521496e+04
   1.6150000e+03  -2.2253730e+02  -4.1220777e+02
   1.6160000e+03  -2.6345806e+03   2.8400204e+03
   1.6170000e+03  -2.5542271e+04   1.5806494e+04
   1.6180000e+03  -4.4329190e+04   1.1483620e+04
   1.6190000e+03  -3.6195042e+04   9.8258167e+03
   1.6200000e+03  -2.0540755e+03   7.5188863e+03
   1.6210000e+03   9.7091315e+03  -1.6119697e+03
   1.6220000e+03  -1.4561966e+04  -4.4359498e+03
   1.6230000e+03  -2.4581771e+04   8.5954091e+03
   1.6240000e+03  -7.5803673e+03   2.8524589e+04
   1.6250000e+03   1.1181030e+04   1.1663018e+04
   1.6260000e+03  -3.9735143e+03  -1.7116580e+04
   1.6270000e+03  -3.2279651e+04  -7.4104367e+03
   1.6280000e+03  -2.1000795e+04   1.7740346e+04
   1.6290000e+03   1.3178585e+04   3.2613655e+04
   1.6300000e+03   2.6143494e+04   2.8702866e+04
   1.6310000e+03  -5.9033065e+03   1.5992390e+04
   1.6320000e+03  -3.7920161e+04   6.1360192e+03
   1.6330000e+03  -1.3807878e+04   5.6126466e+03
   1.6340000e+03   2.7247163e+04   1.9159530e+04
   1.6350000e+03   3.3710187e+04   2.2350893e+04
   1.6360000e+03   7.5908697e+03   1.7947180e+04
   1.6370000e+03  -1.1499383e+04   1.6661616e+04
   1.6380000e+03  -8.4624129e+03   1.4898848e+04
   1.6390000e+03   1.6673796e+03   1.5229647e+04
   1.6400000e+03   1.8923741e+04   4.4332340e+03
   1.6410000e+03   1.9999495e+04   6.9074584e+02
   1.6420000e+03   1.1174108e+04   2.6459252e+03
   1.6430000e+03   1.3245674e+04  -3.2198869e+03
   1.6440000e+03   4.8428950e+03   9.4849826e+03
   1.6450000e+03   1.7572566e+03   1.0158102e+04
   1.6460000e+03   1.4392438e+04  -5.3201326e+03
   1.6470000e+03   2.4819218e+04   4.6405514e+03
   1.6480000e+03   2.7260689e+04   1.5528475e+04
   1.6490000e+03   2.3580561e+04   4.5196342e+03
   1.6500000e+03   2.6828229e+04  -1.4416081e+04
   1.6510000e+03   2.6625526e+04  -8.3858182e+03
   1.6520000e+03   2.2339183e+04   2.1185585e+04
   1.6530000e+03   1.5768975e+04   2.6476971e+04
   1.6540000e+03   5.2003554e+03   2.3485210e+03
   1.6550000e+03   2.2215656e+04  -1.7540363e+04
   1.6560000e+03   4.0974989e+04  -9.7258264e+03
   1.6570000e+03   2.6677986e+04  -2.3033306e+03
   1.6580000e+03   5.3860988e+02  -1.3391616e+04
   1.6590000e+03  -1.4998969e+04  -8.9958059e+03
   1.6600000e+03  -5.3859283e+02  -4.4616849e+03
   1.6610000e+03   1.4348809e+04  -1.6481249e+04
   1.6620000e+03   8.5631825e+03  -2.2426190e+04
   1.6630000e+03   1.2275899e+04  -2.0005587e+04
   1.6640000e+03   2.3490754e+04  -1.7692650e+04
   1.6650000e+03   1.3571375e+04  -2.5418096e+04
   1.6660000e+03  -1.9942421e+04  -2.9828842e+04
   1.6670000e+03  -2.1128600e+04  -1.9605592e+04
   1.6680000e+03   1.4081694e+04  -6.4325557e+03
   1.6690000e+03   2.2433402e+04  -7.1742296e+03
   1.6700000e+03   8.2838204e+03  -2.7158288e+04
   1.6710000e+03  -6.7299722e+03  -2.1570085e+04
   1.6720000e+03  -4.3499620e+03   4.5323236e+03
   1.6730000e+03   6.5607395e+03  -1.0630068e+03
   1.6740000e+03  -8.9823689e+03  -1.4829851e+04
   1.6750000e+03  -1.2028356e+04  -1.0772518e+04
   1.6760000e+03   1.1572383e+03  -6.3834545e+03
   1.6770000e+03  -6.5491740e+02  -1.8508942e+04
   1.6780000e+03  -3.2230483e+03  -2.4384909e+04
   1.6790000e+03  -1.3153948e+04  -8.2249677e+03
   1.6800000e+03  -2.6472463e+04  -1.2664080e+04
   1.6810000e+03  -3.1597801e+04  -2.5896216e+04
   1.6820000e+03  -2.7442064e+04  -1.3517498e+04
   1.6830000e+03  -1.7671994e+04   5.2921800e+03
   1.6840000e+03  -1.4756433e+04   9.2724128e+03
   1.6850000e+03  -1.1023679e+04  -1.1914450e+04
   1.6860000e+03  -1.6985708e+04  -2.0032062e+04
   1.6870000e+03  -2.5227565e+04   2.8110227e+03
   1.6880000e+03  -1.6782899e+04   1.6896964e+04
   1.6890000e+03  -1.1297442e+04   1.2818355e+04
   1.6900000e+03  -4.1972316e+03  -4.7127481e+03
   1.6910000e+03  -4.0335523e+03  -1.6527925e+04
   1.6920000e+03  -1.4183792e+04  -8.8676244e+03
   1.6930000e+03  -6.3121427e+03   8.5743222e+03
   1.6940000e+03   1.5849168e+03   2.2946620e+04
   1.6950000e+03  -1.0331251e+04   1.0790504e+04
   1.6960000e+03  -2.8138389e+04  -5.0420540e+03
   1.6970000e+03  -2.1229838e+04   9.4440986e+02
   1.6980000e+03   3.7674994e+03   1.2094488e+04
   1.6990000e+03   1.1403911e+03   1.3436705e+04
   1.7000000e+03  -1.9050287e+04   2.7881989e+03
   1.7010000e+03  -2.8435108e+04   1.2772936e+04
   1.7020000e+03  -1.6348238e+04   2.6673676e+04
   1.7030000e+03   4.3803590e+03   1.2349880e+04
   1.7040000e+03   2.0616520e+03   1.0185420e+04
   1.7050000e+03  -6.8475829e+03   1.6757251e+04
   1.7060000e+03  -4.8587423e+03   1.3631929e+04
   1.7070000e+03  -3.3647010e+02   1.1245413e+04
   1.7080000e+03   5.1802788e+02   1.3611276e+04
   1.7090000e+03   1.1745762e+03   3.0877512e+04
   1.7100000e+03   1.0025995e+04   3.5061266e+04
   1.7110000e+03   1.0046880e+04   1.5922423e+04
   1.7120000e+03   4.6554332e+03   4.9567580e+03
   1.7130000e+03  -3.0324888e+03   1.0807307e+04
   1.7140000e+03  -8.9507442e+03   2.0133042e+04
   1.7150000e+03   1.2947801e+04   1.3919342e+04
   1.7160000e+03   1.9779615e+04   8.1607884e+03
   1.7170000e+03   5.5235665e+03   1.1059157e+04
   1.7180000e+03   1.1631195e+04   1.4243912e+04
   1.7190000e+03   1.1944997e+04   2.3066632e+04
   1.7200000e+03   8.6720617e+03   1.4328370e+04
   1.7210000e+03   1.2156231e+04  -3.2986873e+03
   1.7220000e+03   1.2653133e+04  -4.9701204e+03
   1.7230000e+03   1.7311223e+04  -1.2939493e+02
   1.7240000e+03   1.6188870e+04   8.5060944e+03
   1.7250000e+03   8.9506931e+03   1.0910600e+04
   1.7260000e+03  -1.6486199e+03   8.2087420e+03
   1.7270000e+03  -2.7428957e+03   2.6093716e+02
   1.7280000e+03   1.3915886e+04  -8.0371479e+03
   1.7290000e+03   2.3001093e+04   1.6399001e+03
   1.7300000e+03   1.7362883e+04   5.3002836e+03
   1.7310000e+03   3.6140602e+03   3.9086867e+02
   1.7320000e+03   5.1678947e+03   3.2579861e+02
   1.7330000e+03   1.4618678e+04   1.7967675e+03
   1.7340000e+03   1.6374172e+03   3.6798723e+03
   1.7350000e+03   7.5826281e+02  -1.6307814e+04
   1.7360000e+03   1.1602096e+04  -2.8141789e+04
   1.7370000e+03   9.3065995e+03  -6.4232052e+03
   1.7380000e+03   1.4780939e+04  -2.0880020e+02
   1.7390000e+03   2.3834164e+04  -1.7171160e+04
   1.7400000e+03   1.5578617e+04  -2.7577722e+04
   1.7410000e+03  -8.1375104e+03  -2.1380932e+04
   1.7420000e+03  -7.2799765e+03  -1.3682501e+04
   1.7430000e+03   1.7652985e+04  -1.0219251e+04
   1.7440000e+03   1.8049233e+04  -7.2453056e+03
   1.7450000e+03   4.7747278e+03  -1.6314674e+04
   1.7460000e+03  -7.5075651e+03  -1.6527720e+04
   1.7470000e+03  -1.0540863e+04  -1.1036273e+04
   1.7480000e+03   1.7656021e+03  -1.8755500e+04
   1.7490000e+03  -2.5731152e+02  -2.1537433e+04
   1.7500000e+03  -1.3188753e+04  -2.3436278e+04
   1.7510000e+03  -1.5376028e+04  -1.3452004e+04
   1.7520000e+03   2.9124853e+03  -2.2626453e+03
   1.7530000e+03   1.7188887e+04  -1.9260669e+04
   1.7540000e+03   2.4013490e+03  -3.0156579e+04
   1.7550000e+03  -9.4234094e+03  -2.0587223e+04
   1.7560000e+03  -1.1227276e+04  -5.3768814e+03
   1.7570000e+03  -1.4116136e+02  -6.1755748e+03
   1.7580000e+03   1.4276525e+04  -2.2053410e+04
   1.7590000e+03  -9.4149684e+02  -1.5857966e+04
   1.7600000e+03  -8.6181085e+03   7.9520190e+02
   1.7610000e+03  -1.3913414e+03   1.1812989e+04
   1.7620000e+03  -4.0856643e+03   1.7136475e+03
   1.7630000e+03  -9.7416725e+03  -2.6853937e+04
   1.7640000e+03  -1.9136396e+04  -1.7939054e+04
   1.7650000e+03  -1.2059431e+04   6.7829169e+03
   1.7660000e+03  -4.1810758e+02   8.7478873e+03
   1.7670000e+03  -9.6794086e+02   7.3328327e+03
   1.7680000e+03  -2.9844911e+02   4.1199263e+03
   1.7690000e+03  -1.5999899e+04  -1.7729153e+03
   1.7700000e+03  -3.0866563e+04  -3.9441342e+03
   1.7710000e+03  -2.0261911e+04   7.1745866e+03
   1.7720000e+03  -1.2903991e+03   1.6678283e+04
   1.7730000e+03   5.6663194e+03   9.3225931e+03
   1.7740000e+03  -5.8355304e+03   3.8489560e+03
   1.7750000e+03  -1.7880958e+04   7.3716161e+03
   1.7760000e+03  -3.1434254e+04   2.6454010e+04
   1.7770000e+03  -3.0865065e+04   2.7157329e+04
   1.7780000e+03   8.8699780e+02  -9.3395662e+03
   1.7790000e+03   1.8302648e+04  -1.8957505e+04
   1.7800000e+03   6.1384370e+02   7.0218924e+03
   1.7810000e+03  -2.6528163e+04   3.2369869e+04
   1.7820000e+03  -2.2013613e+04   3.3128159e+04
   1.7830000e+03   8.8956731e+03   1.3722602e+04
   1.7840000e+03   8.3951780e+03   1.2427994e+04
   1.7850000e+03  -1.2519840e+04   1.2093377e+04
   1.7860000e+03  -1.3219535e+04   4.5468222e+03
   1.7870000e+03   6.9229641e+03   1.4006067e+04
   1.7880000e+03   1.4913732e+04   3.1367685e+04
   1.7890000e+03  -7.3300028e+03   4.0051498e+04
   1.7900000e+03  -1.8035458e+04   1.9895590e+04
   1.7910000e+03  -1.1404252e+04  -6.9141058e+03
   1.7920000e+03  -2.1461524e+03  -1.0513590e+04
   1.7930000e+03   1.1942989e+04   3.8389423e+03
   1.7940000e+03   7.5034781e+03   2.6152872e+04
   1.7950000e+03  -9.9516203e+03   2.0453566e+04
   1.7960000e+03  -1.8792359e+04  -4.1532810e+01
   1.7970000e+03  -7.6256352e+03  -2.6121240e+03
   1.7980000e+03   1.2851564e+04  -6.6996734e+03
   1.7990000e+03   1.4778499e+04  -1.4688433e+03
   1.8000000e+03   5.3473246e+03   2.0257399e+04
   1.8010000e+03  -8.8830694e+03   2.4979543e+04
   1.8020000e+03  -8.6172999e+03  -4.0002608e+03
   1.8030000e+03   1.3851360e+04  -2.7757381e+04
   1.8040000e+03   2.0257016e+04  -8.1852466e+03
   1.8050000e+03   1.2275163e+04   2.1180678e+04
   1.8060000e+03   5.7072901e+03   2.4791807e+04
   1.8070000e+03   9.3912942e+03  -5.4530610e+03
   1.8080000e+03   1.9913054e+04  -2.5559817e+04
   1.8090000e+03   1.1250235e+04   7.8701145e+03
   1.8100000e+03  -4.4092196e+02   2.4912572e+04
   1.8110000e+03   5.1640686e+03  -1.5187376e+03
   1.8120000e+03   2.2456633e+04  -1.5458018e+04
   1.8130000e+03   2.6386294e+04  -4.7689860e+03
   1.8140000e+03   5.1958942e+03   7.7208797e+03
   1.8150000e+03  -4.8671204e+03  -6.4592496e+02
   1.8160000e+03   4.0856740e+03  -9.9760120e+03
   1.8170000e+03   2.3875389e+04  -1.7226855e+04
   1.8180000e+03   3.0623513e+04  -2.6318241e+04
   1.8190000e+03   3.8324985e+03  -8.8145823e+03
   1.8200000e+03  -5.9977283e+03   8.4572171e+02
   1.8210000e+03   7.5553004e+03  -7.6544833e+03
   1.8220000e+03   1.8967911e+04  -1.0441464e+04
   1.8230000e+03   2.2734099e+04  -2.1091771e+04
   1.8240000e+03   1.8578876e+03  -2.1578740e+04
   1.8250000e+03  -7.5585330e+03  -1.2444671e+04
   1.8260000e+03   1.4486684e+04  -9.1487945e+03
   1.8270000e+03   3.0877622e+04  -8.4211620e+03
   1.8280000e+03   1.9245772e+04  -1.2427338e+04
   1.8290000e+03  -3.4681656e+03  -8.4740263e+03
   1.8300000e+03  -1.3190462e+03  -6.2381200e+03
   1.8310000e+03   5.7438183e+03  -1.2158063e+04
   1.8320000e+03   3.2743287e+03  -1.7571974e+04
   1.8330000e+03   4.1566235e+03  -1.9414718e+04
   1.8340000e+03  -2.8906695e+03  -6.9099742e+03
   1.8350000e+03  -3.6730112e+03  -2.4748075e+02
   1.8360000e+03  -9.8987943e+02  -7.0546639e+03
   1.8370000e+03  -2.1423185e+03  -1.6050577e+04
   1.8380000e+03   2.6576577e+03  -2.0224173e+04
   1.8390000e+03  -2.5714010e+03  -6.7040876e+03
   1.8400000e+03  -1.2424847e+04  -4.0049599e+03
   1.8410000e+03  -1.7385461e+04  -1.3487312e+04
   1.8420000e+03  -6.5821002e+03  -7.1772846e+03
   1.8430000e+03   1.2153406e+04   2.9832817e+03
   1.8440000e+03  -1.1060775e+03   8.9464737e+03
   1.8450000e+03  -2.5825389e+04   2.9299418e+03
   1.8460000e+03  -3.0628356e+04  -7.8561502e+03
   1.8470000e+03  -1.2605496e+04  -6.8389733e+03
   1.8480000e+03   1.3734000e+04  -3.2757991e+02
   1.8490000e+03   9.2418343e+03   8.5265410e+02
   1.8500000e+03  -1.8379891e+04  -8.2774487e+03
   1.8510000e+03  -3.2566265e+04  -1.3259877e+03
   1.8520000e+03  -2.0155300e+04   1.5100299e+04
   1.8530000e+03  -1.0905524e+04   6.9006353e+03
   1.8540000e+03  -2.0668635e+04  -7.0355401e+03
   1.8550000e+03  -1.3723969e+04  -1.1743107e+04
   1.8560000e+03  -1.3691748e+04  -1.6967516e+03
   1.8570000e+03  -3.2370048e+04   1.5795077e+04
   1.8580000e+03  -2.2892289e+04   1.9754486e+04
   1.8590000e+03  -2.6253403e+02   1.4458902e+04
   1.8600000e+03  -3.7596182e+02   2.5280902e+03
   1.8610000e+03  -2.1586245e+04   6.2778280e+02
   1.8620000e+03  -2.5891775e+04   1.0445178e+04
   1.8630000e+03  -4.4652296e+03   1.6824670e+04
   1.8640000e+03   5.9072134e+03   1.9935698e+04
   1.8650000e+03   8.7319266e+02   8.4336581e+03
   1.8660000e+03  -1.4746834e+04   7.0292232e+03
   1.8670000e+03  -1.3386909e+04   1.8892481e+04
   1.8680000e+03   4.0920889e+03   1.4762842e+04
   1.8690000e+03  -8.9177589e+03   1.2797990e+04
   1.8700000e+03  -1.7392354e+04   6.0683113e+03
   1.8710000e+03  -5.7086067e+03  -1.7838385e+03
   1.8720000e+03  -8.7002722e+03   1.3067482e+04
   1.8730000e+03  -9.2584876e+03   2.7103275e+04
   1.8740000e+03   5.0118753e+03   2.3861528e+04
   1.8750000e+03   1.7152156e+04   6.6943742e+03
   1.8760000e+03   5.8157899e+03  -1.3187156e+03
   1.8770000e+03  -1.3776646e+04   9.0544361e+03
   1.8780000e+03  -1.5438363e+04   2.1403458e+04
   1.8790000e+03  -7.0424805e+02   2.5585852e+04
   1.8800000e+03   2.6738272e+04   7.6091677e+03
   1.8810000e+03   3.1732718e+04  -2.7915727e+03
   1.8820000e+03   1.3705984e+04   7.8363183e+03
   1.8830000e+03   9.4390409e+03   9.1879307e+03
   1.8840000e+03   9.6979369e+03   8.6245299e+03
   1.8850000e+03   1.1267466e+04   2.9188133e+03
   1.8860000e+03   1.5937242e+04  -1.3506053e+03
   1.8870000e+03   2.4947712e+04   1.1935034e+04
   1.8880000e+03   2.8974354e+04   1.6847036e+04
   1.8890000e+03   1.0932757e+04   6.0583914e+03
   1.8900000e+03   2.9279130e+03  -4.5543068e+03
   1.8910000e+03   1.1820461e+04  -4.6556655e+03
   1.8920000e+03   1.8280139e+04  -4.0520131e+03
   1.8930000e+03   2.0042539e+04  -2.9940816e+03
   1.8940000e+03   1.4898199e+04   4.4682494e+03
   1.8950000e+03   1.5295933e+04  -3.3854228e+03
   1.8960000e+03   1.0762733e+04  -1.0082848e+04
   1.8970000e+03   2.9201610e+03  -1.0735579e+04
   1.8980000e+03   5.1548192e+03  -1.9300544e+04
   1.8990000e+03   7.9526358e+03  -1.1113681e+04
   1.9000000e+03   2.2700245e+04  -1.6373824e+02
   1.9010000e+03   3.1661758e+04   4.1039537e+02
   1.9020000e+03   1.9529602e+04  -1.2088842e+04
   1.9030000e+03   6.7059753e+03  -3.6634189e+04
   1.9040000e+03   1.6976877e+03  -2.9314461e+04
   1.9050000e+03   1.3330828e+04  -8.4731845e+03
   1.9060000e+03   2.0748664e+04  -8.8751540e+03
   1.9070000e+03   1.5939709e+04  -1.0027233e+04
   1.9080000e+03   5.9626160e+03  -6.6575039e+03
   1.9090000e+03  -1.4903028e+04  -1.1463939e+04
   1.9100000e+03  -1.4353339e+04  -2.8618812e+04
   1.9110000e+03  -3.6721730e+02  -2.2877458e+04
   1.9120000e+03  -5.7706840e+02   9.6448249e+03
   1.9130000e+03  -6.4640403e+03   1.4378830e+04
   1.9140000e+03  -1.4259846e+04  -1.4028125e+04
   1.9150000e+03  -8.0980859e+03  -3.4187750e+04
   1.9160000e+03  -3.5506454e+03  -1.7899671e+04
   1.9170000e+03  -9.1628683e+03  -5.8123511e+02
   1.9180000e+03  -6.3506819e+03  -1.4427071e+04
   1.9190000e+03  -1.0777122e+04  -2.5215774e+04
   1.9200000e+03  -1.4400409e+04  -2.1082639e+04
   1.9210000e+03  -8.2823181e+03  -8.2375434e+03
   1.9220000e+03  -1.0695662e+02  -5.9478399e+03
   1.9230000e+03   5.3750093e+03  -2.2224965e+04
   1.9240000e+03  -4.5101049e+03  -2.0749206e+04
   1.9250000e+03  -1.6597471e+04  -8.9742310e+03
   1.9260000e+03  -2.6044606e+04  -2.5087172e+03
   1.9270000e+03  -2.0409548e+04  -1.7329829e+03
   1.9280000e+03   4.4295284e+03  -6.5074940e+03
   1.9290000e+03   3.0049660e+03   3.6197043e+03
   1.9300000e+03  -2.2274433e+04   7.1391466e+03
   1.9310000e+03  -3.7257719e+04  -4.0846873e+03
   1.9320000e+03  -3.1696012e+04  -2.1754132e+03
   1.9330000e+03  -1.7706092e+04   8.5335312e+03
   1.9340000e+03  -1.0869518e+04   1.1927844e+04
   1.9350000e+03  -4.6645469e+03   5.3283763e+03
   1.9360000e+03  -1.0653822e+04   1.1864505e+04
   1.9370000e+03  -1.6413573e+04   1.9977328e+04
   1.9380000e+03  -1.1124654e+04   1.1814382e+04
   1.9390000e+03  -1.8422637e+04   1.2963717e+04
   1.9400000e+03  -1.0337813e+04   8.2949099e+03
   1.9410000e+03   1.2185889e+04  -1.5007700e+00
   1.9420000e+03   1.1818068e+04   1.4905965e+04
   1.9430000e+03  -7.3272925e+03   3.6353164e+04
   1.9440000e+03  -2.3329938e+04   3.7806508e+04
   1.9450000e+03  -7.5828461e+03   4.2186913e+03
   1.9460000e+03   1.0883386e+04  -1.2672176e+04
   1.9470000e+03  -4.3808183e+03   1.4283719e+04
   1.9480000e+03  -2.2264052e+04   2.6801338e+04
   1.9490000e+03  -1.3283886e+04   1.9073666e+04
   1.9500000e+03   1.1116116e+04   1.5998729e+04
   1.9510000e+03   5.8042395e+03   1.8906964e+04
   1.9520000e+03  -1.8464909e+04   1.8336739e+04
   1.9530000e+03  -1.6532115e+04   1.6375113e+04
   1.9540000e+03   1.2221401e+03   2.4324890e+04
   1.9550000e+03   1.8034414e+04   1.6368820e+04
   1.9560000e+03   1.4371633e+04   6.2330934e+03
   1.9570000e+03   9.6629617e+02   2.0450713e+04
   1.9580000e+03   5.6736255e+03   2.5045670e+04
   1.9590000e+03   1.4574976e+04   1.2993502e+04
   1.9600000e+03   2.5073326e+04   3.0405288e+03
   1.9610000e+03   2.3377272e+04   4.4367728e+03
   1.9620000e+03   9.6764706e+03   9.1918916e+03
   1.9630000e+03   1.0995064e+04   5.4085707e+03
   1.9640000e+03   1.4801855e+04  -8.0530822e+02
   1.9650000e+03   1.5359137e+04  -9.0551503e+03
   1.9660000e+03   1.1628168e+04  -3.6201847e+03
   1.9670000e+03   5.6046933e+03   1.0260193e+04
   1.9680000e+03   6.6771884e+03   9.0401718e+03
   1.9690000e+03   7.0452514e+03  -9.4002855e+02
   1.9700000e+03   1.1764146e+04  -1.9312759e+04
   1.9710000e+03   1.2049580e+04  -2.3358113e+04
   1.9720000e+03   7.7692960e+03  -4.5180338e+03
   1.9730000e+03   1.0395056e+04   1.0654375e+04
   1.9740000e+03   9.1077690e+03   1.2606256e+04
   1.9750000e+03   1.6219645e+04  -1.2178089e+04
   1.9760000e+03   2.6657532e+04  -3.1921125e+04
   1.9770000e+03   1.9657018e+04  -1.4134044e+04
   1.9780000e+03   3.5494018e+03   1.0006226e+04
   1.9790000e+03  -1.7729998e+03   7.7898226e+03
   1.9800000e+03   1.1227919e+04  -2.8413297e+04
   1.9810000e+03   1.2240012e+04  -4.0100268e+04
   1.9820000e+03   2.0700142e+03  -7.9308957e+03
   1.9830000e+03  -2.4752999e+03  -1.1116643e+02
   1.9840000e+03  -5.0278589e+03  -1.8681470e+04
   1.9850000e+03   7.9300384e+03  -3.1170297e+04
   1.9860000e+03   6.3542353e+03  -2.7667818e+04
   1.9870000e+03  -1.0962101e+04  -1.4107564e+04
   1.9880000e+03  -1.5454204e+03  -6.7843916e+03
   1.9890000e+03   9.6926516e+03  -4.5084231e+03
   1.9900000e+03   6.1716085e+03  -1.9596907e+04
   1.9910000e+03  -3.1375851e+03  -3.4534544e+04
   1.9920000e+03  -6.5195252e+03  -1.5186729e+04
   1.9930000e+03   3.7748726e+03   9.5156712e+03
   1.9940000e+03   1.9131073e+03   7.0147085e+02
   1.9950000e+03  -1.0459527e+04  -2.9220443e+04
   1.9960000e+03  -1.0658911e+04  -3.2603790e+04
   1.9970000e+03   5.7023485e+03  -1.5058624e+04
   1.9980000e+03   1.0407240e+04  -6.2036400e+03
   1.9990000e+03  -1.2280450e+04   4.1025547e+03
   2.0000000e+03  -1.6801897e+04   9.5567938e+02
