   1.0274000e+02   2.5123000e+01
   1.0363300e+02   2.7182400e+01
   0.0000000e+00  -4.4279563e+03  -4.4279563e+03
   1.0000000e+00   1.9319337e+04  -6.4203562e+03
   2.0000000e+00  -1.9119703e+05   3.7038436e+05
   3.0000000e+00  -1.0880529e+05   4.8798247e+05
   4.0000000e+00   2.8753250e+05  -1.3117233e+05
   5.0000000e+00   3.0092186e+05  -6.8055274e+05
   6.0000000e+00  -5.9120641e+03  -3.2177612e+05
   7.0000000e+00  -9.2515791e+04   4.8579233e+05
   8.0000000e+00  -8.8749010e+04   6.7132601e+05
   9.0000000e+00  -7.8872438e+04   5.7556553e+04
   1.0000000e+01   1.5825095e+05  -5.5996756e+05
   1.1000000e+01   2.9253457e+05  -5.7769020e+05
   1.2000000e+01   1.2633255e+04  -7.4844545e+04
   1.3000000e+01  -1.7517963e+05   3.8347014e+05
   1.4000000e+01   6.5658823e+04   2.8603359e+05
   1.5000000e+01   1.9698161e+05  -1.7242456e+05
   1.6000000e+01  -1.8141809e+04  -4.2937173e+05
   1.7000000e+01  -7.0811774e+04  -2.9012729e+05
   1.8000000e+01   6.8844351e+04   6.0648215e+04
   1.9000000e+01  -3.1498347e+04   3.2648435e+05
   2.0000000e+01  -1.6817503e+05   2.1337430e+05
   2.1000000e+01   6.0484613e+04  -2.4623198e+05
   2.2000000e+01   2.9000244e+05  -4.6053294e+05
   2.3000000e+01   8.1625098e+04  -1.0314959e+05
   2.4000000e+01  -1.8066800e+05   2.7578622e+05
   2.5000000e+01  -1.0231195e+05   1.7811403e+05
   2.6000000e+01   4.1164667e+04  -1.8863082e+05
   2.7000000e+01   5.6646074e+04  -3.6317268e+05
   2.8000000e+01   8.2457638e+04  -1.0772360e+05
   2.9000000e+01   9.1104885e+04   2.9334371e+05
   3.0000000e+01   1.8853015e+04   2.3541690e+05
   3.1000000e+01  -2.5571466e+04  -2.9502242e+05
   3.2000000e+01   9.1175122e+03  -5.2161955e+05
   3.3000000e+01   5.2029558e+04  -5.7132166e+04
   3.4000000e+01   2.8149007e+04   4.5991169e+05
   3.5000000e+01  -5.8233041e+04   3.1700819e+05
   3.6000000e+01  -1.0833767e+05  -2.7748210e+05
   3.7000000e+01  -4.7165719e+04  -4.7735089e+05
   3.8000000e+01   5.7148768e+04   1.5966225e+03
   3.9000000e+01   4.3445404e+04   4.2944482e+05
   4.0000000e+01  -6.4626672e+04   1.8817303e+05
   4.1000000e+01  -5.2213517e+04  -2.9021026e+05
   4.2000000e+01   4.9294871e+04  -3.1022162e+05
   4.3000000e+01   5.2292482e+04   4.2453970e+04
   4.4000000e+01   1.5579043e+04   2.9841814e+05
   4.5000000e+01   3.2005863e+04   2.6594090e+05
   4.6000000e+01   1.7007037e+04  -3.8884011e+04
   4.7000000e+01  -7.4876017e+04  -3.2394316e+05
   4.8000000e+01  -1.0536530e+05  -1.8020926e+05
   4.9000000e+01   2.4060075e+04   2.3285492e+05
   5.0000000e+01   8.8639944e+04   3.2737496e+05
   5.1000000e+01  -1.0416887e+05   1.9770978e+03
   5.2000000e+01  -2.6337996e+05  -2.4677878e+05
   5.3000000e+01  -1.3520381e+05  -1.0504951e+05
   5.4000000e+01   1.4417652e+04   2.1242388e+05
   5.5000000e+01  -1.2624754e+04   3.0748637e+05
   5.6000000e+01  -4.6774044e+04   7.2020725e+04
   5.7000000e+01  -1.7777252e+04  -1.5749481e+05
   5.8000000e+01   3.7722839e+04  -9.8296218e+04
   5.9000000e+01   1.1721257e+05   1.3011241e+05
   6.0000000e+01   1.1860223e+05   2.6136065e+05
   6.1000000e+01   1.0380859e+04   1.1674611e+05
   6.2000000e+01  -6.0709570e+04  -1.6525880e+05
   6.3000000e+01  -5.3721857e+03  -2.1170967e+05
   6.4000000e+01   5.3580874e+04   2.6448638e+04
   6.5000000e+01  -3.7228701e+04   2.3673665e+05
   6.6000000e+01  -2.0922512e+05   2.3190136e+05
   6.7000000e+01  -2.9479031e+05   3.2554331e+04
   6.8000000e+01  -1.8371001e+05  -2.4347242e+05
   6.9000000e+01   4.5277932e+04  -2.5184036e+05
   7.0000000e+01   6.0466742e+04   1.8341325e+05
   7.1000000e+01  -1.6600402e+05   5.1850040e+05
   7.2000000e+01  -1.8764276e+05   1.9918453e+05
   7.3000000e+01   1.1948980e+05  -3.7322825e+05
   7.4000000e+01   3.4180640e+05  -3.2292079e+05
   7.5000000e+01   2.5891938e+05   3.6579076e+05
   7.6000000e+01   1.1489718e+05   6.8161236e+05
   7.7000000e+01   1.0867689e+05   1.4366223e+05
   7.8000000e+01   1.5164256e+05  -4.1860863e+05
   7.9000000e+01   8.0190116e+04  -2.7192500e+05
   8.0000000e+01  -1.2640716e+05   9.9071534e+04
   8.1000000e+01  -2.9287643e+05   2.8125758e+04
   8.2000000e+01  -3.2607072e+05  -2.1977696e+05
   8.3000000e+01  -2.7134782e+05  -2.2556623e+05
   8.4000000e+01  -1.1036102e+05  -1.2537272e+05
   8.5000000e+01   5.2853910e+04  -7.8736508e+04
   8.6000000e+01   2.2187899e+04  -5.2445953e+04
   8.7000000e+01  -1.0224268e+05   6.8612085e+03
   8.8000000e+01  -3.7059573e+04   7.2340919e+04
   8.9000000e+01   2.1036761e+05   1.7081846e+04
   9.0000000e+01   3.2487250e+05  -5.0195908e+04
   9.1000000e+01   1.9796874e+05   7.8761704e+04
   9.2000000e+01   8.1339368e+04   1.6963728e+05
   9.3000000e+01   1.3465503e+05  -1.0338864e+04
   9.4000000e+01   1.9923807e+05  -1.3264423e+05
   9.5000000e+01   1.1408708e+05   1.7617514e+04
   9.6000000e+01  -3.7854066e+04   1.2204288e+05
   9.7000000e+01  -1.2439018e+05   5.9760631e+03
   9.8000000e+01  -1.0181658e+05  -1.2866563e+05
   9.9000000e+01   4.7551113e+03  -1.0209464e+05
   1.0000000e+02   4.4953395e+04   2.7698804e+04
   1.0100000e+02  -5.7978301e+04   3.4920898e+04
   1.0200000e+02  -1.1510150e+05  -1.1442230e+05
   1.0300000e+02   1.3504489e+04  -1.8579817e+05
   1.0400000e+02   1.3493082e+05  -6.5963543e+04
   1.0500000e+02   6.3269140e+04   7.5170412e+04
   1.0600000e+02  -4.0123034e+04   4.6140691e+04
   1.0700000e+02  -4.1004504e+03  -9.3430304e+04
   1.0800000e+02   8.9403220e+04  -1.5938763e+05
   1.0900000e+02   1.2823767e+05  -8.2564141e+04
   1.1000000e+02   9.1323349e+04   4.2739620e+04
   1.1100000e+02   1.5430154e+04   5.6031793e+04
   1.1200000e+02  -3.6435635e+04  -4.0969671e+04
   1.1300000e+02  -1.1275897e+04  -1.1347646e+05
   1.1400000e+02   4.9156108e+04  -6.3786074e+04
   1.1500000e+02   3.2993107e+04   7.3458451e+04
   1.1600000e+02  -2.6302704e+04   7.6883578e+04
   1.1700000e+02  -3.3333897e+04  -8.1998611e+04
   1.1800000e+02  -1.9869931e+04  -1.2337857e+05
   1.1900000e+02  -1.2988791e+04   1.3972757e+04
   1.2000000e+02   1.8061812e+04   1.0547499e+05
   1.2100000e+02   4.0792597e+04   2.7893446e+04
   1.2200000e+02  -9.7386653e+03  -7.1375371e+04
   1.2300000e+02  -6.4693061e+04  -1.2249153e+04
   1.2400000e+02  -2.7441916e+04   8.7548023e+04
   1.2500000e+02   2.8170167e+04   5.0712300e+04
   1.2600000e+02   3.2181679e+04  -3.0157821e+04
   1.2700000e+02   3.3773139e+03  -4.0928809e+04
   1.2800000e+02  -4.4472768e+04  -1.2970620e+04
   1.2900000e+02  -6.7649387e+04   3.9211351e+04
   1.3000000e+02  -4.6965150e+04   7.2579482e+04
   1.3100000e+02  -2.1597636e+04   3.4301001e+04
   1.3200000e+02  -7.2149226e+03   9.2840439e+03
   1.3300000e+02  -3.8920854e+03   1.1375776e+04
   1.3400000e+02  -4.0500254e+04  -2.1545623e+04
   1.3500000e+02  -8.9285710e+04   1.1748976e+04
   1.3600000e+02  -7.0032113e+04   1.2089402e+05
   1.3700000e+02  -3.6288247e+04   1.0808187e+05
   1.3800000e+02  -3.9649559e+04  -2.3426186e+04
   1.3900000e+02  -1.6803892e+04  -3.4465718e+04
   1.4000000e+02  -6.9538780e+02   8.9253572e+04
   1.4100000e+02  -1.7868849e+04   1.0343812e+05
   1.4200000e+02  -2.8635739e+04  -3.2008560e+04
   1.4300000e+02  -6.0587846e+04  -9.6831600e+04
   1.4400000e+02  -8.0803755e+04   2.5913734e+04
   1.4500000e+02  -2.8403378e+04   1.7240957e+05
   1.4600000e+02   3.2670727e+04   1.3109724e+05
   1.4700000e+02   2.2765816e+04  -1.9911595e+04
   1.4800000e+02  -3.6793572e+04  -6.8744595e+04
   1.4900000e+02  -8.6315414e+04   1.7661009e+04
   1.5000000e+02  -9.5509609e+04   1.1211517e+05
   1.5100000e+02  -4.7279839e+04   8.9604152e+04
   1.5200000e+02   1.3460854e+04   7.1244364e+03
   1.5300000e+02   2.2928663e+04  -3.9154555e+03
   1.5400000e+02   6.3633034e+03   3.4721728e+04
   1.5500000e+02  -6.5067283e+03   4.2534885e+04
   1.5600000e+02  -9.2324157e+03   1.4911358e+04
   1.5700000e+02   5.6169875e+03  -4.0580511e+02
   1.5800000e+02   5.9018214e+03   8.1801176e+03
   1.5900000e+02  -1.1222103e+04   4.9043096e+03
   1.6000000e+02   1.0575941e+04  -1.6316321e+04
   1.6100000e+02   5.9152384e+04  -1.3435119e+04
   1.6200000e+02   4.9961468e+04   3.1702223e+04
   1.6300000e+02  -8.8571063e+03   2.8291293e+04
   1.6400000e+02  -5.0593172e+04  -4.4786651e+04
   1.6500000e+02  -4.6065536e+04  -4.2358552e+04
   1.6600000e+02   1.2469969e+04   2.5435282e+04
   1.6700000e+02   4.9364767e+04   1.1376342e+04
   1.6800000e+02   3.2084016e+04  -4.4421398e+04
   1.6900000e+02   2.9667967e+04  -3.3595698e+04
   1.7000000e+02   2.2863523e+04  -1.3162646e+04
   1.7100000e+02   1.4071630e+04  -3.2934624e+04
   1.7200000e+02   4.6067599e+04  -2.0345950e+04
   1.7300000e+02   5.5626295e+04   7.8110600e+00
   1.7400000e+02   2.6903930e+04  -3.0427402e+04
   1.7500000e+02   2.5472743e+04  -5.3182706e+04
   1.7600000e+02   4.9504272e+04  -5.1013699e+04
   1.7700000e+02   5.3738355e+04  -4.2963957e+04
   1.7800000e+02   4.6640223e+04  -3.2025083e+04
   1.7900000e+02   4.2712393e+04  -2.6666289e+04
   1.8000000e+02   2.7051323e+04  -1.1123751e+04
   1.8100000e+02   2.7880132e+04  -1.7251465e+04
   1.8200000e+02   3.8118762e+04  -6.3370876e+04
   1.8300000e+02   2.4681179e+04  -7.6848320e+04
   1.8400000e+02   2.2651622e+04  -3.7469424e+04
   1.8500000e+02   2.7404049e+04  -1.4197392e+04
   1.8600000e+02   1.7154985e+04  -2.4716267e+04
   1.8700000e+02   1.2245507e+04  -2.4124666e+04
   1.8800000e+02   2.0888319e+04  -3.6731148e+04
   1.8900000e+02   4.7041084e+04  -7.3104823e+04
   1.9000000e+02   6.2069671e+04  -6.7566497e+04
   1.9100000e+02   3.1474705e+04  -3.0265691e+04
   1.9200000e+02  -1.1084120e+04  -9.2081605e+03
   1.9300000e+02  -8.7207787e+03  -2.5531013e+04
   1.9400000e+02   2.5315627e+04  -5.7253539e+04
   1.9500000e+02   4.1785435e+04  -3.5209735e+04
   1.9600000e+02   4.6830914e+04   1.2637683e+04
   1.9700000e+02   2.9597426e+04   1.7411441e+04
   1.9800000e+02  -1.6366245e+04  -7.7748763e+03
   1.9900000e+02  -2.9082755e+04  -2.8375022e+04
   2.0000000e+02  -5.5018168e+03  -1.9996835e+04
   2.0100000e+02   6.3345583e+03   1.3285687e+04
   2.0200000e+02  -1.6458946e+04   3.7535281e+04
   2.0300000e+02  -5.1643164e+04   2.2891608e+04
   2.0400000e+02  -3.8111837e+04  -6.5776407e+03
   2.0500000e+02   8.4258983e+03  -1.3742740e+04
   2.0600000e+02   9.6171903e+03  -1.3861476e+04
   2.0700000e+02  -3.6093594e+04   7.0465859e+03
   2.0800000e+02  -4.6214459e+04   3.6096456e+04
   2.0900000e+02  -1.6104108e+04   2.0625567e+04
   2.1000000e+02  -3.0571691e+04   5.4555661e+03
   2.1100000e+02  -5.7684763e+04   1.9709643e+04
   2.1200000e+02  -3.4658219e+04   3.2189954e+04
   2.1300000e+02  -7.3317444e+03   4.0627326e+04
   2.1400000e+02  -1.6064157e+04   2.6749144e+04
   2.1500000e+02  -5.2683646e+04   8.1823316e+02
   2.1600000e+02  -6.8261055e+04   3.4270665e+04
   2.1700000e+02  -4.3742516e+04   9.5892522e+04
   2.1800000e+02  -1.7717788e+04   7.0669442e+04
   2.1900000e+02   1.3535614e+03   1.3483144e+04
   2.2000000e+02  -2.4222537e+03   2.2149505e+04
   2.2100000e+02  -4.5536152e+04   3.8738369e+04
   2.2200000e+02  -7.5990146e+04   5.1225855e+04
   2.2300000e+02  -4.6295956e+04   5.9020597e+04
   2.2400000e+02  -5.9497013e+03   2.5060320e+04
   2.2500000e+02  -1.1408034e+04   2.6410444e+04
   2.2600000e+02  -3.0493118e+04   6.5909710e+04
   2.2700000e+02  -5.4760676e+04   5.5033182e+04
   2.2800000e+02  -7.1266752e+04   2.4407632e+04
   2.2900000e+02  -3.8232865e+04   2.6572808e+04
   2.3000000e+02  -1.4511781e+04   3.9195621e+04
   2.3100000e+02  -2.3765821e+04   3.6749273e+04
   2.3200000e+02  -2.2362429e+04   2.9893712e+04
   2.3300000e+02  -1.8245330e+04   3.1334939e+04
   2.3400000e+02  -5.0664098e+03   4.2783884e+04
   2.3500000e+02   5.3642408e+03   3.3456881e+04
   2.3600000e+02  -1.3774411e+04  -1.6426825e+04
   2.3700000e+02  -1.7977758e+04  -2.2624027e+04
   2.3800000e+02   1.6941278e+04   2.5039783e+04
   2.3900000e+02   2.1944511e+04   2.3335399e+04
   2.4000000e+02  -1.7247599e+04  -9.3190611e+03
   2.4100000e+02  -3.3152004e+03  -4.1854255e+03
   2.4200000e+02   4.3787775e+04   1.7311340e+04
   2.4300000e+02   2.9842250e+04   1.8260970e+02
   2.4400000e+02  -5.9894972e+03  -4.9470619e+04
   2.4500000e+02  -7.4106013e+03  -5.6907621e+04
   2.4600000e+02   2.8445501e+04  -1.9151685e+03
   2.4700000e+02   5.9139083e+04   4.6211275e+04
   2.4800000e+02   3.8838399e+04   2.0602237e+04
   2.4900000e+02   1.5788526e+04  -4.1756740e+04
   2.5000000e+02   2.1582573e+04  -6.9484994e+04
   2.5100000e+02   2.7876372e+04  -6.7155157e+04
   2.5200000e+02   3.0190889e+04  -2.5025509e+04
   2.5300000e+02   3.8509680e+04   2.3851208e+04
   2.5400000e+02   5.2928865e+04  -3.9327350e+03
   2.5500000e+02   5.3075649e+04  -5.9108253e+04
   2.5600000e+02   3.0149971e+04  -6.8361529e+04
   2.5700000e+02   1.5170137e+03  -4.3380835e+04
   2.5800000e+02   6.5609952e+03  -1.1696844e+04
   2.5900000e+02   4.8043633e+04  -7.2148436e+03
   2.6000000e+02   4.9568596e+04  -4.9289698e+04
   2.6100000e+02   1.3898048e+04  -9.5050078e+04
   2.6200000e+02   1.6862619e+04  -7.2678934e+04
   2.6300000e+02   4.7724219e+04  -1.0886710e+04
   2.6400000e+02   6.1550112e+04   1.0228350e+04
   2.6500000e+02   5.0381905e+04  -2.1253520e+04
   2.6600000e+02   2.9306785e+04  -7.0744426e+04
   2.6700000e+02   2.0593247e+04  -6.2857186e+04
   2.6800000e+02   3.5322832e+04  -1.4485437e+04
   2.6900000e+02   3.3610475e+04  -2.0907970e+04
   2.7000000e+02  -9.0925200e+00  -4.5579562e+04
   2.7100000e+02   1.6345308e+04  -3.4511677e+04
   2.7200000e+02   5.9685127e+04  -1.8838716e+04
   2.7300000e+02   3.2104466e+04  -2.2893326e+04
   2.7400000e+02  -2.1595583e+04  -3.3360540e+04
   2.7500000e+02  -3.3719026e+04  -2.9079129e+04
   2.7600000e+02   2.0905945e+03  -2.3059507e+04
   2.7700000e+02   4.0428133e+04  -1.6924930e+04
   2.7800000e+02   1.4038865e+04  -8.0441861e+03
   2.7900000e+02  -3.2870925e+04  -1.6372971e+03
   2.8000000e+02  -1.8979885e+04   9.4438706e+03
   2.8100000e+02   2.1228371e+04  -2.7375470e+02
   2.8200000e+02   9.4963665e+03  -1.2376355e+04
   2.8300000e+02  -2.6296332e+04   3.0032514e+03
   2.8400000e+02  -2.5921931e+04   1.2066535e+04
   2.8500000e+02  -1.4397937e+04   2.4228288e+04
   2.8600000e+02  -9.9474472e+03   4.0012703e+04
   2.8700000e+02  -1.8815389e+04   2.8730386e+04
   2.8800000e+02  -3.0607272e+04   1.2447776e+04
   2.8900000e+02  -1.6181073e+04   3.9505592e+03
   2.9000000e+02  -2.9076768e+04  -4.6360265e+03
   2.9100000e+02  -6.1785135e+04   1.4543268e+04
   2.9200000e+02  -4.0211387e+04   6.5162865e+04
   2.9300000e+02  -1.4178350e+04   6.8411270e+04
   2.9400000e+02  -3.5415294e+04   1.5033871e+04
   2.9500000e+02  -5.7870794e+04  -2.7685107e+03
   2.9600000e+02  -4.0412020e+04   2.3784933e+04
   2.9700000e+02  -9.5649677e+03   5.6890761e+04
   2.9800000e+02  -1.5191243e+04   6.6126635e+04
   2.9900000e+02  -5.7917276e+04   3.7744579e+04
   3.0000000e+02  -8.3186341e+04   3.3532322e+04
   3.0100000e+02  -4.6879138e+04   5.7935354e+04
   3.0200000e+02  -4.0276802e+03   5.2928779e+04
   3.0300000e+02  -1.0301836e+04   3.4113348e+04
   3.0400000e+02  -3.7035406e+04   2.8643713e+04
   3.0500000e+02  -6.2295613e+04   2.2272319e+04
   3.0600000e+02  -5.1446766e+04   2.7506339e+04
   3.0700000e+02  -6.0539872e+03   6.0831400e+04
   3.0800000e+02   1.0320285e+03   6.1930080e+04
   3.0900000e+02  -2.6229158e+04   2.6709842e+04
   3.1000000e+02  -3.1281683e+04   2.5148918e+04
   3.1100000e+02  -1.1360108e+04   1.9725368e+04
   3.1200000e+02  -4.2419691e+02  -2.6099647e+03
   3.1300000e+02  -5.7296809e+03   1.4502642e+04
   3.1400000e+02  -1.6391372e+04   3.6817170e+04
   3.1500000e+02  -2.4277652e+04   3.0424198e+04
   3.1600000e+02  -4.3053854e+03   1.1273975e+04
   3.1700000e+02   7.5304261e+03  -1.0596850e+04
   3.1800000e+02  -1.4631692e+04  -1.6158376e+04
   3.1900000e+02  -1.3981271e+04  -3.5233653e+02
   3.2000000e+02   4.5965360e+01   5.4139306e+03
   3.2100000e+02   1.1405070e+04  -2.9111037e+03
   3.2200000e+02   3.2455953e+04   6.5313998e+03
   3.2300000e+02   2.4472506e+04   9.4824616e+03
   3.2400000e+02   5.1225370e+03  -2.3359594e+03
   3.2500000e+02   2.2602023e+04   2.7100018e+02
   3.2600000e+02   3.7334136e+04  -9.7495706e+03
   3.2700000e+02   8.6029009e+03  -1.3433935e+04
   3.2800000e+02  -3.3420827e+03   2.0037570e+03
   3.2900000e+02   3.2069666e+04  -1.6883916e+04
   3.3000000e+02   4.3555237e+04  -4.0853321e+04
   3.3100000e+02   2.0794510e+04  -3.8395940e+04
   3.3200000e+02   5.4110593e+03  -3.8214130e+04
   3.3300000e+02   2.4385822e+04  -4.0315333e+04
   3.3400000e+02   6.2325620e+04  -3.4199007e+04
   3.3500000e+02   4.1224222e+04  -3.1207893e+04
   3.3600000e+02   6.4822602e+03  -3.6232353e+04
   3.3700000e+02   3.7040539e+04  -2.9639242e+04
   3.3800000e+02   6.0709142e+04  -2.6699714e+04
   3.3900000e+02   5.3738887e+04  -3.7879480e+04
   3.4000000e+02   5.3440826e+04  -3.7969085e+04
   3.4100000e+02   3.8304622e+04  -4.2986385e+04
   3.4200000e+02   1.8177854e+04  -4.5125019e+04
   3.4300000e+02   3.6502739e+04  -3.8505877e+04
   3.4400000e+02   5.5355602e+04  -4.7033990e+04
   3.4500000e+02   2.3409316e+04  -3.7279947e+04
   3.4600000e+02  -1.4315981e+03  -2.1377170e+04
   3.4700000e+02   1.0312037e+04  -3.9686295e+04
   3.4800000e+02   2.1884444e+04  -5.0482635e+04
   3.4900000e+02   3.0294023e+04  -2.5435881e+04
   3.5000000e+02   1.7441665e+04  -5.6502564e+03
   3.5100000e+02   2.7762257e+03  -2.0801909e+04
   3.5200000e+02   2.3016516e+04  -3.4800854e+04
   3.5300000e+02   3.3350816e+04  -2.7675692e+04
   3.5400000e+02   1.6521249e+04  -1.4520152e+04
   3.5500000e+02   2.1878828e+03  -9.3141583e+03
   3.5600000e+02  -4.9515220e+03  -2.7858647e+04
   3.5700000e+02   1.2512011e+03  -2.2539275e+04
   3.5800000e+02   2.8159060e+04   6.9102427e+03
   3.5900000e+02   2.2656892e+04  -9.9158307e+03
   3.6000000e+02  -3.7585957e+04  -2.4125333e+04
   3.6100000e+02  -4.5268540e+04   2.9529427e+03
   3.6200000e+02   1.0502243e+04   1.2777467e+04
   3.6300000e+02   2.0661110e+04   4.9201827e+03
   3.6400000e+02  -1.2126381e+04   1.1044995e+04
   3.6500000e+02  -3.9017606e+04   2.0652871e+04
   3.6600000e+02  -3.7798302e+04   2.1880776e+04
   3.6700000e+02  -8.8725099e+03   1.5221594e+04
   3.6800000e+02   7.0119144e+03  -5.0054513e+03
   3.6900000e+02  -2.2921429e+03  -6.3333599e+02
   3.7000000e+02  -2.2168024e+04   4.2147679e+04
   3.7100000e+02  -3.9473586e+04   4.7707364e+04
   3.7200000e+02  -4.1670394e+04   2.0493319e+04
   3.7300000e+02  -2.4491183e+04   1.7172400e+04
   3.7400000e+02  -1.3123065e+04   3.1894761e+04
   3.7500000e+02  -3.1076604e+04   4.9404308e+04
   3.7600000e+02  -4.0550964e+04   3.8922206e+04
   3.7700000e+02  -4.6377669e+04   1.1916356e+04
   3.7800000e+02  -6.6911583e+04   2.0561568e+04
   3.7900000e+02  -4.8162470e+04   4.9776859e+04
   3.8000000e+02  -1.2060870e+04   5.0203261e+04
   3.8100000e+02  -1.4679243e+04   2.0384774e+04
   3.8200000e+02  -4.2132598e+04   1.6302511e+04
   3.8300000e+02  -6.3019632e+04   4.2066961e+04
   3.8400000e+02  -4.5100703e+04   5.4177556e+04
   3.8500000e+02  -1.0997396e+04   5.1379305e+04
   3.8600000e+02  -1.3362721e+04   3.3186725e+04
   3.8700000e+02  -3.6916674e+04   2.2162426e+04
   3.8800000e+02  -3.4014280e+04   2.8445438e+04
   3.8900000e+02  -1.7994636e+04   2.4662897e+04
   3.9000000e+02  -1.6899801e+04   3.4657539e+04
   3.9100000e+02  -5.9035470e+03   4.7764760e+04
   3.9200000e+02  -1.0987467e+04   2.1296800e+04
   3.9300000e+02  -4.3421517e+04  -1.3705487e+03
   3.9400000e+02  -3.8286097e+04   2.1074075e+04
   3.9500000e+02  -2.0335711e+04   3.3590688e+04
   3.9600000e+02  -2.0678264e+04   4.2122155e+03
   3.9700000e+02  -1.6497675e+04  -1.7989918e+02
   3.9800000e+02  -1.8368327e+04   2.5247542e+04
   3.9900000e+02  -1.0461745e+04   3.3962069e+04
   4.0000000e+02   9.7733923e+03   3.0674552e+04
   4.0100000e+02   1.2540473e+04   3.2936303e+03
   4.0200000e+02   1.5671544e+04  -2.1230364e+04
   4.0300000e+02   3.7859397e+04  -6.5935282e+03
   4.0400000e+02   4.4172734e+04   1.1138647e+04
   4.0500000e+02   2.2069042e+04   1.2755928e+04
   4.0600000e+02   1.8297445e+04  -1.0914375e+04
   4.0700000e+02   2.3300951e+04  -4.1790363e+04
   4.0800000e+02   1.8303454e+04  -3.7160929e+04
   4.0900000e+02   3.3959550e+04  -1.4176542e+04
   4.1000000e+02   3.3303663e+04  -4.6498985e+03
   4.1100000e+02   8.0691435e+03  -1.6440749e+04
   4.1200000e+02   1.4771346e+04  -3.9709543e+04
   4.1300000e+02   3.5708015e+04  -5.2624834e+04
   4.1400000e+02   3.4637515e+04  -2.9949207e+04
   4.1500000e+02   2.0825129e+04   6.5832972e+02
   4.1600000e+02   1.6886374e+04  -3.0695255e+04
   4.1700000e+02   3.4108795e+04  -6.8011792e+04
   4.1800000e+02   6.2646098e+04  -3.9945332e+04
   4.1900000e+02   6.3836009e+04  -1.3213121e+04
   4.2000000e+02   3.3869122e+04  -2.0070251e+04
   4.2100000e+02   3.6883958e+04  -3.5371409e+04
   4.2200000e+02   4.9026643e+04  -5.3563790e+04
   4.2300000e+02   2.1242565e+04  -5.3199248e+04
   4.2400000e+02   1.2101223e+04  -3.0064095e+04
   4.2500000e+02   3.4946805e+04  -2.8850220e+04
   4.2600000e+02   5.5944188e+04  -5.2817335e+04
   4.2700000e+02   5.2576401e+04  -4.8557388e+04
   4.2800000e+02   1.3100713e+04  -3.5543006e+04
   4.2900000e+02  -7.6952326e+03  -3.4901824e+04
   4.3000000e+02   1.1367017e+04  -1.5606738e+04
   4.3100000e+02   2.5835449e+04  -1.3444176e+04
   4.3200000e+02   3.0420485e+04  -3.4017474e+04
   4.3300000e+02   3.9537288e+04  -4.2254924e+04
   4.3400000e+02   2.6859369e+04  -4.4411369e+04
   4.3500000e+02  -5.3896573e+03  -2.0812786e+04
   4.3600000e+02   5.4961878e+03   1.1030872e+04
   4.3700000e+02   2.9475235e+04  -2.4202335e+03
   4.3800000e+02   9.0237699e+03  -3.8671385e+04
   4.3900000e+02  -8.2126195e+03  -4.0504598e+04
   4.4000000e+02  -9.5970481e+03  -1.1848078e+04
   4.4100000e+02  -1.2818456e+04   1.8589595e+03
   4.4200000e+02  -5.0942153e+03   2.6383104e+03
   4.4300000e+02   3.4296196e+02   2.6494761e+03
   4.4400000e+02  -1.2022489e+04   7.9484371e+03
   4.4500000e+02  -3.1728494e+04   2.0747837e+04
   4.4600000e+02  -3.6482656e+04   8.7175745e+03
   4.4700000e+02  -3.0719983e+04   9.2583805e+02
   4.4800000e+02  -2.0540525e+04   1.8409448e+04
   4.4900000e+02  -1.2507387e+04   2.0409180e+04
   4.5000000e+02  -3.2066244e+04   2.9963850e+04
   4.5100000e+02  -4.5793927e+04   4.8518408e+04
   4.5200000e+02  -3.2686852e+04   3.7070247e+04
   4.5300000e+02  -1.4622368e+04   1.8378466e+04
   4.5400000e+02  -1.7963652e+03   2.1055999e+04
   4.5500000e+02  -2.9221774e+04   2.9345859e+04
   4.5600000e+02  -6.0078918e+04   3.1470425e+04
   4.5700000e+02  -4.5101534e+04   4.5505103e+04
   4.5800000e+02  -3.5780522e+04   4.9583983e+04
   4.5900000e+02  -3.8800589e+04   3.7592170e+04
   4.6000000e+02  -3.0453486e+04   5.0350682e+04
   4.6100000e+02  -3.6144558e+04   4.9691193e+04
   4.6200000e+02  -5.9479244e+04   2.0931005e+04
   4.6300000e+02  -6.1598680e+04   2.5418147e+04
   4.6400000e+02  -3.7922066e+04   6.3353481e+04
   4.6500000e+02  -2.6988028e+04   7.9594533e+04
   4.6600000e+02  -2.7502741e+04   3.9221988e+04
   4.6700000e+02  -3.5332666e+04  -1.8019309e+02
   4.6800000e+02  -4.0974096e+04   2.7372656e+04
   4.6900000e+02  -1.8401584e+04   6.6781744e+04
   4.7000000e+02  -3.3051142e+03   4.6056164e+04
   4.7100000e+02  -6.3858110e+03   5.3982046e+03
   4.7200000e+02  -1.4161115e+04   2.0061289e+04
   4.7300000e+02  -3.2266232e+04   4.5206505e+04
   4.7400000e+02  -2.0683297e+04   2.5879939e+04
   4.7500000e+02   1.3705848e+04   4.4846140e+03
   4.7600000e+02   1.4455703e+04   1.2879219e+02
   4.7700000e+02  -1.5936667e+04   2.2998486e+04
   4.7800000e+02  -3.0428657e+04   4.7432898e+04
   4.7900000e+02  -1.0569111e+04   1.6181226e+04
   4.8000000e+02   1.1057305e+04  -1.7406959e+04
   4.8100000e+02   1.8916987e+04  -8.6039078e+03
   4.8200000e+02   4.2993568e+03   1.5382124e+03
   4.8300000e+02  -1.4053718e+04  -8.7903499e+02
   4.8400000e+02   1.0728890e+04  -4.4113766e+03
   4.8500000e+02   3.4728092e+04  -1.8935959e+04
   4.8600000e+02   2.6366188e+04  -3.5634636e+04
   4.8700000e+02   2.1403541e+04  -1.7269904e+04
   4.8800000e+02   1.8768713e+04  -3.2191386e+03
   4.8900000e+02   2.0281425e+04  -2.0689041e+04
   4.9000000e+02   3.2854305e+04  -2.2232603e+04
   4.9100000e+02   4.2756053e+04  -3.1312963e+04
   4.9200000e+02   4.1209686e+04  -4.0925453e+04
   4.9300000e+02   3.5664129e+04  -2.0048843e+04
   4.9400000e+02   3.0104102e+04  -2.7062328e+04
   4.9500000e+02   2.4499255e+04  -5.0787510e+04
   4.9600000e+02   4.0282730e+04  -5.0013973e+04
   4.9700000e+02   4.4939271e+04  -4.8414972e+04
   4.9800000e+02   2.3891059e+04  -4.1941211e+04
   4.9900000e+02   4.2381773e+04  -3.2652922e+04
   5.0000000e+02   6.1678540e+04  -5.1494445e+04
   5.0100000e+02   3.3392105e+04  -6.4202583e+04
   5.0200000e+02   1.7923823e+04  -3.1606465e+04
   5.0300000e+02   2.6845622e+04  -1.9980623e+04
   5.0400000e+02   3.6597091e+04  -4.1457697e+04
   5.0500000e+02   5.2830245e+04  -3.0176261e+04
   5.0600000e+02   5.5244903e+04  -1.7642211e+04
   5.0700000e+02   2.6063010e+04  -2.4830266e+04
   5.0800000e+02   1.2609050e+04  -3.1217251e+04
   5.0900000e+02   3.2159003e+04  -4.3200839e+04
   5.1000000e+02   3.4983280e+04  -3.6487713e+04
   5.1100000e+02   2.4048728e+04  -2.2431504e+04
   5.1200000e+02   1.2798214e+04  -2.7969196e+04
   5.1300000e+02   3.7336078e+03  -3.1364541e+04
   5.1400000e+02   1.5285658e+04  -2.7243828e+04
   5.1500000e+02   1.7090081e+04  -2.8161387e+04
   5.1600000e+02   6.5296337e+03  -2.4809232e+04
   5.1700000e+02   4.3474896e+03  -3.8422371e+03
   5.1800000e+02  -3.6905758e+03  -4.6922136e+03
   5.1900000e+02  -8.3839189e+03  -2.2874770e+04
   5.2000000e+02  -1.1078108e+04  -2.9026504e+03
   5.2100000e+02  -1.8811269e+04   6.2265148e+03
   5.2200000e+02  -2.0756571e+04  -7.5097094e+03
   5.2300000e+02  -1.7680434e+04   9.8720978e+03
   5.2400000e+02  -1.5979781e+04   2.4865513e+04
   5.2500000e+02  -1.3070112e+04   1.7612672e+04
   5.2600000e+02  -3.2414380e+02   6.0373774e+03
   5.2700000e+02  -1.4801940e+04  -1.0666831e+03
   5.2800000e+02  -4.6752841e+04   1.3390138e+04
   5.2900000e+02  -2.9462452e+04   3.5898930e+04
   5.3000000e+02  -1.2419667e+04   3.7441661e+04
   5.3100000e+02  -2.8344403e+04   2.9307993e+04
   5.3200000e+02  -2.7557059e+04   3.8326916e+04
   5.3300000e+02  -2.5186264e+04   4.1276205e+04
   5.3400000e+02  -3.2264665e+04   3.4234462e+04
   5.3500000e+02  -3.3735118e+04   4.3197838e+04
   5.3600000e+02  -4.6719123e+04   3.9616182e+04
   5.3700000e+02  -5.9620238e+04   3.0238414e+04
   5.3800000e+02  -3.3878339e+04   3.5073362e+04
   5.3900000e+02  -1.5219608e+04   3.6611855e+04
   5.4000000e+02  -5.4671474e+04   4.5920482e+04
   5.4100000e+02  -7.1609905e+04   4.1754890e+04
   5.4200000e+02  -3.6370644e+04   1.8638860e+04
   5.4300000e+02  -1.1903118e+04   2.7695332e+04
   5.4400000e+02  -1.3281973e+04   5.9677893e+04
   5.4500000e+02  -4.5488731e+04   5.9037841e+04
   5.4600000e+02  -5.8466536e+04   2.2182926e+04
   5.4700000e+02  -1.5347708e+04   8.5539662e+03
   5.4800000e+02   4.9135085e+03   3.0960420e+04
   5.4900000e+02  -1.4877596e+04   5.5652309e+04
   5.5000000e+02  -1.8140698e+04   5.9657890e+04
   5.5100000e+02  -8.0274857e+03   1.7755500e+04
   5.5200000e+02  -1.2577604e+04  -7.8450665e+03
   5.5300000e+02  -1.8624879e+04   2.9479432e+04
   5.5400000e+02  -2.1414292e+04   4.7361814e+04
   5.5500000e+02  -3.1154650e+04   1.8428580e+04
   5.5600000e+02  -1.3344197e+04  -1.3464743e+04
   5.5700000e+02   1.3702238e+04  -1.8794636e+04
   5.5800000e+02   4.1930539e+03   8.3232143e+03
   5.5900000e+02  -1.0395635e+04   3.0241459e+04
   5.6000000e+02  -1.6250008e+04   1.8391208e+04
   5.6100000e+02  -4.7230444e+03  -6.1119691e+03
   5.6200000e+02   2.6543834e+04  -1.3190677e+04
   5.6300000e+02   2.6423354e+04  -1.3787436e+04
   5.6400000e+02   2.2518600e+03  -7.8034178e+03
   5.6500000e+02   1.2084239e+04   1.0478880e+04
   5.6600000e+02   4.2312233e+04  -7.8569104e+02
   5.6700000e+02   3.1142184e+04  -2.3047963e+04
   5.6800000e+02   7.5371595e+03  -2.2442696e+04
   5.6900000e+02   2.8343915e+04  -2.3097993e+04
   5.7000000e+02   4.7971978e+04  -2.2092292e+04
   5.7100000e+02   3.2905800e+04  -3.1030060e+04
   5.7200000e+02   4.2417487e+02  -5.4389471e+04
   5.7300000e+02  -2.4087546e+03  -4.7367922e+04
   5.7400000e+02   4.8494352e+04  -1.3656374e+04
   5.7500000e+02   5.8233215e+04  -1.2203844e+04
   5.7600000e+02   1.6503323e+04  -4.7182788e+04
   5.7700000e+02   2.0118558e+04  -5.2745574e+04
   5.7800000e+02   4.3143056e+04  -3.7232855e+04
   5.7900000e+02   3.6635169e+04  -3.5645200e+04
   5.8000000e+02   3.4166166e+04  -2.7061827e+04
   5.8100000e+02   4.8726465e+04  -3.6041432e+04
   5.8200000e+02   5.1363976e+04  -4.9813264e+04
   5.8300000e+02   4.1685102e+04  -3.6344195e+04
   5.8400000e+02   2.7193249e+04  -3.9372010e+04
   5.8500000e+02   1.2089061e+04  -4.6881188e+04
   5.8600000e+02   3.0166937e+04  -3.6946343e+04
   5.8700000e+02   4.8599114e+04  -3.4523343e+04
   5.8800000e+02   2.6302775e+04  -2.7032661e+04
   5.8900000e+02   5.6729534e+03  -1.6239840e+04
   5.9000000e+02   3.7951826e+03  -3.2729649e+04
   5.9100000e+02   2.4737485e+04  -4.5529564e+04
   5.9200000e+02   4.2467309e+04  -1.1886998e+04
   5.9300000e+02   1.1450951e+04   1.0404247e+04
   5.9400000e+02  -1.5985857e+04  -1.1800098e+04
   5.9500000e+02   7.3663253e+03  -2.5729650e+04
   5.9600000e+02   4.1419166e+04  -2.5128844e+04
   5.9700000e+02   3.3693068e+04  -1.0696355e+04
   5.9800000e+02  -6.2568936e+03   5.5684398e+03
   5.9900000e+02  -2.6649623e+04  -8.6604285e+03
   6.0000000e+02  -7.5743522e+03  -1.5702917e+04
   6.0100000e+02   3.1614494e+04   3.7171331e+02
   6.0200000e+02   1.9835519e+04   1.1997038e+04
   6.0300000e+02  -3.2878158e+04   1.3870052e+04
   6.0400000e+02  -2.8221070e+04  -8.1903056e+02
   6.0500000e+02  -7.9996108e+03  -2.0628097e+04
   6.0600000e+02  -1.9791321e+04  -2.2886593e+03
   6.0700000e+02  -1.8571334e+04   4.9232794e+04
   6.0800000e+02  -2.1578936e+04   4.3321926e+04
   6.0900000e+02  -3.9794481e+04  -8.9271347e+03
   6.1000000e+02  -3.6807050e+04  -3.7339805e+02
   6.1100000e+02  -1.7097155e+04   3.7703741e+04
   6.1200000e+02  -1.7317236e+04   4.6759640e+04
   6.1300000e+02  -3.1542819e+04   3.2710030e+04
   6.1400000e+02  -4.0704302e+04   8.0982326e+03
   6.1500000e+02  -5.0497510e+04   2.2806556e+04
   6.1600000e+02  -3.4218812e+04   6.1106783e+04
   6.1700000e+02  -1.0590464e+04   5.8339635e+04
   6.1800000e+02  -2.1425447e+04   3.1097213e+04
   6.1900000e+02  -4.1872883e+04   1.9121800e+04
   6.2000000e+02  -6.6602943e+04   2.0315505e+04
   6.2100000e+02  -6.2886321e+04   3.2547331e+04
   6.2200000e+02  -1.5760342e+04   6.1783417e+04
   6.2300000e+02  -7.9415694e+03   6.1359093e+04
   6.2400000e+02  -4.0223051e+04   2.7396077e+04
   6.2500000e+02  -4.1862334e+04   1.8453834e+04
   6.2600000e+02  -2.0625348e+04   1.7138307e+04
   6.2700000e+02  -2.6081699e+04   2.1740238e+04
   6.2800000e+02  -4.5064730e+04   4.3945237e+04
   6.2900000e+02  -3.9821768e+04   3.9746625e+04
   6.3000000e+02  -2.1730196e+04   2.0571226e+04
   6.3100000e+02  -1.9298309e+03   1.4313870e+04
   6.3200000e+02  -8.5836118e+03   2.1657633e+04
   6.3300000e+02  -3.4237198e+04   3.8506082e+04
   6.3400000e+02  -2.1364624e+04   4.0551954e+04
   6.3500000e+02  -1.0886092e+04   1.6325518e+04
   6.3600000e+02  -2.0700551e+04  -9.6333917e+03
   6.3700000e+02  -6.3865657e+03   2.5916620e+03
   6.3800000e+02   1.8675456e+03   2.6589253e+04
   6.3900000e+02  -2.2071553e+03   2.4830199e+04
   6.4000000e+02   6.5352545e+03   1.6784879e+04
   6.4100000e+02   6.7510939e+03  -8.0195849e+03
   6.4200000e+02  -9.0353251e+03  -2.5104136e+04
   6.4300000e+02  -5.9277191e+03   1.2542296e+02
   6.4400000e+02   1.6306068e+04   1.6909222e+04
   6.4500000e+02   2.3466338e+04   4.4957560e+03
   6.4600000e+02   3.0144171e+04  -1.4592807e+04
   6.4700000e+02   2.9903081e+04  -2.2960672e+04
   6.4800000e+02   1.5849183e+04  -1.4826568e+04
   6.4900000e+02   2.5228977e+04  -7.9079521e+03
   6.5000000e+02   2.5079276e+04  -1.6981400e+04
   6.5100000e+02   1.9514254e+04  -3.1240426e+04
   6.5200000e+02   4.8967965e+04  -2.3107302e+04
   6.5300000e+02   5.0276634e+04  -2.0317686e+04
   6.5400000e+02   1.9810524e+04  -3.8659837e+04
   6.5500000e+02   2.6584033e+04  -4.2207415e+04
   6.5600000e+02   4.3586647e+04  -5.2369125e+04
   6.5700000e+02   2.5183956e+04  -5.1965968e+04
   6.5800000e+02   1.4019163e+04  -2.2936533e+04
   6.5900000e+02   3.5114206e+04  -3.1193498e+04
   6.6000000e+02   5.0990593e+04  -5.2720414e+04
   6.6100000e+02   5.2884688e+04  -4.1023770e+04
   6.6200000e+02   3.5353479e+04  -2.8917492e+04
   6.6300000e+02   1.7664223e+04  -2.8748855e+04
   6.6400000e+02   3.1212320e+04  -3.4127271e+04
   6.6500000e+02   3.5179948e+04  -4.1770167e+04
   6.6600000e+02   4.2539643e+04  -3.5952587e+04
   6.6700000e+02   6.8160673e+04  -1.8889802e+04
   6.6800000e+02   3.8074521e+04  -2.6341469e+04
   6.6900000e+02  -1.4692982e+04  -4.0134281e+04
   6.7000000e+02   3.5656706e+03  -2.9226215e+04
   6.7100000e+02   5.2571292e+04  -4.1799741e+04
   6.7200000e+02   4.3582627e+04  -5.6157136e+04
   6.7300000e+02   5.8159276e+03  -2.5801139e+04
   6.7400000e+02   3.9192746e+03  -4.0960361e+03
   6.7500000e+02   2.0221607e+04  -6.9490276e+03
   6.7600000e+02   3.4977729e+04  -1.6282420e+04
   6.7700000e+02   2.2660928e+04  -3.0523696e+04
   6.7800000e+02  -1.2891431e+04  -2.5108905e+04
   6.7900000e+02  -1.0389973e+04   3.0267599e+03
   6.8000000e+02   7.1199349e+03   1.9209179e+04
   6.8100000e+02   9.5617495e+03   1.4326204e+04
   6.8200000e+02   6.0731010e+03   6.1045256e+03
   6.8300000e+02  -2.2699103e+04  -1.8532263e+04
   6.8400000e+02  -3.7004998e+04  -2.4383953e+04
   6.8500000e+02  -7.4468127e+03   2.5496420e+04
   6.8600000e+02   9.2754114e+02   4.1572593e+04
   6.8700000e+02  -3.5662016e+04   1.0025804e+04
   6.8800000e+02  -4.8852192e+04   3.8568324e+03
   6.8900000e+02  -2.2720954e+04   8.2944239e+03
   6.9000000e+02  -1.7405493e+04   1.3537766e+04
   6.9100000e+02  -3.1110697e+04   2.8206798e+04
   6.9200000e+02  -4.0983870e+04   3.5262323e+04
   6.9300000e+02  -4.2010820e+04   3.1781419e+04
   6.9400000e+02  -2.9795477e+04   2.7174018e+04
   6.9500000e+02  -3.7848894e+04   2.8196280e+04
   6.9600000e+02  -4.6518857e+04   3.8897866e+04
   6.9700000e+02  -3.4181047e+04   5.7415833e+04
   6.9800000e+02  -4.4496621e+04   4.4843367e+04
   6.9900000e+02  -5.2939327e+04   1.3111626e+04
   7.0000000e+02  -2.7286278e+04   2.4523659e+04
   7.0100000e+02  -1.8564419e+04   4.5579423e+04
   7.0200000e+02  -5.2232631e+04   4.7354332e+04
   7.0300000e+02  -6.6001840e+04   4.0563631e+04
   7.0400000e+02  -3.3982831e+04   1.2642849e+04
   7.0500000e+02  -1.5336499e+04   6.6023268e+03
   7.0600000e+02  -2.2146236e+04   4.2219297e+04
   7.0700000e+02  -3.9245931e+04   5.8062582e+04
   7.0800000e+02  -4.6558753e+04   2.8792001e+04
   7.0900000e+02  -2.1556914e+04   6.5212269e+03
   7.1000000e+02  -1.5500233e+04   3.0481900e+04
   7.1100000e+02  -2.7592459e+04   6.5946889e+04
   7.1200000e+02  -1.7407302e+04   6.8592745e+04
   7.1300000e+02  -1.7637126e+04   2.9038129e+04
   7.1400000e+02  -1.9970070e+04   5.8526970e+03
   7.1500000e+02   4.8164865e+03   3.3563670e+04
   7.1600000e+02   1.9948707e+04   3.4144803e+04
   7.1700000e+02  -5.2581477e+03   8.6694605e+03
   7.1800000e+02  -2.7955897e+04   1.2351173e+04
   7.1900000e+02  -1.3379896e+04   1.6867564e+04
   7.2000000e+02   5.6142105e+03   7.7312909e+03
   7.2100000e+02   1.8765289e+04  -1.2904044e+04
   7.2200000e+02   1.5487384e+04  -2.4156692e+04
   7.2300000e+02  -5.1213651e+03   1.1160062e+03
   7.2400000e+02   5.7124724e+03   1.7661319e+04
   7.2500000e+02   2.8481054e+04  -1.1258776e+04
   7.2600000e+02   2.2785055e+04  -3.6365099e+04
   7.2700000e+02   2.2754958e+03  -1.4347783e+04
   7.2800000e+02  -2.2336990e+02  -9.7970362e+02
   7.2900000e+02   4.0150280e+04  -1.8736543e+04
   7.3000000e+02   7.2863666e+04  -2.2584113e+04
   7.3100000e+02   4.5898721e+04  -3.2708418e+04
   7.3200000e+02   4.0280279e+03  -4.2096619e+04
   7.3300000e+02   1.1571905e+04  -3.1747500e+04
   7.3400000e+02   4.1133158e+04  -3.2933166e+04
   7.3500000e+02   4.1462213e+04  -2.6242796e+04
   7.3600000e+02   5.1349528e+04  -2.1579396e+04
   7.3700000e+02   5.8791281e+04  -5.4909141e+04
   7.3800000e+02   2.5889414e+04  -7.8765629e+04
   7.3900000e+02   1.5725537e+04  -4.8885638e+04
   7.4000000e+02   3.6797152e+04  -1.0669171e+04
   7.4100000e+02   5.8793180e+04  -2.1951606e+04
   7.4200000e+02   6.9904611e+04  -5.4688955e+04
   7.4300000e+02   4.1149599e+04  -6.6381877e+04
   7.4400000e+02   1.5821143e+04  -4.2039490e+04
   7.4500000e+02   3.1905253e+04  -5.3547125e+03
   7.4600000e+02   4.1473323e+04  -2.3943366e+04
   7.4700000e+02   2.6529299e+04  -5.2023630e+04
   7.4800000e+02   2.6304111e+04  -2.7734344e+04
   7.4900000e+02   3.6150064e+04  -1.3852337e+04
   7.5000000e+02   2.2758192e+04  -2.7626195e+04
   7.5100000e+02   1.2754299e+04  -3.2546111e+04
   7.5200000e+02   1.1875183e+04  -3.0115296e+04
   7.5300000e+02   1.1374492e+04  -4.0048051e+04
   7.5400000e+02   2.6249100e+04  -4.8475567e+04
   7.5500000e+02   1.3696153e+04  -2.6442711e+04
   7.5600000e+02  -1.3512195e+04  -6.2447456e+03
   7.5700000e+02   2.2495740e+02  -9.9866021e+03
   7.5800000e+02   9.9893069e+03  -2.1181889e+04
   7.5900000e+02  -1.0212885e+04  -2.2431713e+04
   7.6000000e+02  -1.7615434e+04  -2.9671064e+03
   7.6100000e+02  -5.9801302e+03   1.0087543e+04
   7.6200000e+02  -4.2941200e+03   1.9597912e+04
   7.6300000e+02  -5.3853778e+03   2.5766661e+04
   7.6400000e+02  -1.0059720e+04   6.1912311e+03
   7.6500000e+02  -3.6211326e+04   5.1707386e+03
   7.6600000e+02  -3.7064050e+04   2.9901793e+04
   7.6700000e+02  -1.5182959e+04   3.5156166e+04
   7.6800000e+02  -1.7879629e+04   1.9641436e+04
   7.6900000e+02  -2.2574276e+04   9.8506572e+03
   7.7000000e+02  -2.6691793e+04   2.5257773e+04
   7.7100000e+02  -2.9413102e+04   4.6680029e+04
   7.7200000e+02  -2.3172871e+04   4.3085929e+04
   7.7300000e+02  -3.1167433e+04   7.5523653e+03
   7.7400000e+02  -3.7210506e+04  -4.1657217e+03
   7.7500000e+02  -3.1630452e+04   4.4139827e+04
   7.7600000e+02  -3.3831376e+04   6.0529473e+04
   7.7700000e+02  -3.8461351e+04   2.6607011e+04
   7.7800000e+02  -3.5498539e+04   2.1737901e+04
   7.7900000e+02  -4.6743772e+04   3.5922344e+04
   7.8000000e+02  -5.9985730e+04   4.3159603e+04
   7.8100000e+02  -2.0953281e+04   4.5034060e+04
   7.8200000e+02   2.1206219e+03   3.4215050e+04
   7.8300000e+02  -4.3600968e+04   2.6024751e+04
   7.8400000e+02  -6.0032973e+04   4.4618635e+04
   7.8500000e+02  -3.3367427e+04   5.8251165e+04
   7.8600000e+02  -1.2540916e+04   3.1583873e+04
   7.8700000e+02  -4.9091655e+03   2.0697603e+04
   7.8800000e+02  -1.9944664e+04   3.5693191e+04
   7.8900000e+02  -3.7651880e+04   3.2385132e+04
   7.9000000e+02  -4.0521524e+04   3.2328945e+04
   7.9100000e+02  -2.9770250e+04   3.3712721e+04
   7.9200000e+02  -2.1172570e+04   3.0233284e+04
   7.9300000e+02  -2.3991377e+04   2.4617078e+04
   7.9400000e+02  -2.2202799e+04   6.3039976e+02
   7.9500000e+02  -1.9858435e+04  -7.0237074e+03
   7.9600000e+02  -8.4475154e+03   7.6034882e+03
   7.9700000e+02   1.6502973e+03   1.4233373e+04
   7.9800000e+02  -6.9307431e+02   1.7052365e+04
   7.9900000e+02   1.5550305e+04   1.4488408e+04
   8.0000000e+02   1.6796326e+04   2.3286175e+03
   8.0100000e+02  -7.8058112e+02  -2.8210368e+03
   8.0200000e+02   1.2578031e+04   9.0665215e+03
   8.0300000e+02   2.0987805e+04   1.7617216e+03
   8.0400000e+02   4.3212137e+03  -1.6886808e+04
   8.0500000e+02   4.8058332e+03  -1.7554992e+03
   8.0600000e+02   2.6381521e+04   1.2152513e+02
   8.0700000e+02   3.5498143e+04  -1.7966993e+04
   8.0800000e+02   2.9493527e+04  -1.9765766e+04
   8.0900000e+02   1.6218544e+04  -3.4682702e+04
   8.1000000e+02  -2.0874304e+03  -4.2411163e+04
   8.1100000e+02   1.5961436e+04  -2.1678611e+04
   8.1200000e+02   4.9567232e+04  -1.3846592e+04
   8.1300000e+02   4.6330848e+04  -2.8069678e+04
   8.1400000e+02   3.6641115e+04  -3.9050720e+04
   8.1500000e+02   3.1725158e+04  -3.5294186e+04
   8.1600000e+02   3.0583375e+04  -2.7407421e+04
   8.1700000e+02   3.6469184e+04  -2.3170549e+04
   8.1800000e+02   3.1584719e+04  -3.3384674e+04
   8.1900000e+02   3.2850542e+04  -4.3698017e+04
   8.2000000e+02   3.9784159e+04  -3.1581291e+04
   8.2100000e+02   3.9943906e+04  -2.8726642e+04
   8.2200000e+02   4.4595345e+04  -3.6867060e+04
   8.2300000e+02   4.3681904e+04  -4.3791923e+04
   8.2400000e+02   1.8809145e+04  -5.7895626e+04
   8.2500000e+02   1.3048590e+03  -4.9125993e+04
   8.2600000e+02   3.9469103e+04  -2.4562198e+04
   8.2700000e+02   6.4848197e+04  -1.7884805e+04
   8.2800000e+02   2.6368087e+04  -2.8999962e+04
   8.2900000e+02   1.0429824e+04  -4.4882355e+04
   8.3000000e+02   2.3569280e+04  -3.5464449e+04
   8.3100000e+02   1.9754880e+04   7.6531810e+02
   8.3200000e+02   1.8849792e+04   1.2326616e+04
   8.3300000e+02   2.7357522e+04  -2.9860474e+04
   8.3400000e+02   3.1179004e+04  -5.5277695e+04
   8.3500000e+02   1.4957330e+04  -1.9379982e+04
   8.3600000e+02  -9.8590008e+03   5.4861474e+03
   8.3700000e+02  -8.5691993e+03   2.8821955e+03
   8.3800000e+02   2.1181339e+04  -8.7839385e+03
   8.3900000e+02   2.4853609e+04  -2.9558702e+04
   8.4000000e+02  -1.9076589e+04  -1.5153657e+04
   8.4100000e+02  -2.9486455e+04   9.9494617e+03
   8.4200000e+02  -9.7710461e+03  -3.9342533e+03
   8.4300000e+02  -1.8051924e+04  -1.9278382e+04
   8.4400000e+02  -1.1967504e+04  -6.0599646e+02
   8.4500000e+02  -4.3796157e+03   2.0084606e+04
   8.4600000e+02  -2.0186499e+04   9.3204165e+03
   8.4700000e+02  -1.7115629e+04   4.9127999e+03
   8.4800000e+02  -8.5867194e+03   1.7705436e+04
   8.4900000e+02  -1.3340853e+04   2.4604284e+04
   8.5000000e+02  -2.0797343e+04   2.9790627e+04
   8.5100000e+02  -3.4713017e+04   1.7335770e+04
   8.5200000e+02  -4.7799623e+04   2.6560863e+04
   8.5300000e+02  -3.5998106e+04   6.8064617e+04
   8.5400000e+02  -1.4086911e+04   4.8086238e+04
   8.5500000e+02  -1.9237249e+04  -9.4385250e+03
   8.5600000e+02  -3.7936549e+04  -3.7844073e+03
   8.5700000e+02  -6.4088521e+04   4.7378808e+04
   8.5800000e+02  -7.6545389e+04   5.7796619e+04
   8.5900000e+02  -3.9483149e+04   1.8701522e+04
   8.6000000e+02  -1.2332865e+04   3.0567760e+02
   8.6100000e+02  -1.9907791e+04   2.8383664e+04
   8.6200000e+02  -2.7166124e+04   5.9650435e+04
   8.6300000e+02  -3.8740794e+04   4.1355522e+04
   8.6400000e+02  -3.7489697e+04   1.1468746e+04
   8.6500000e+02  -2.2797530e+04   3.0944672e+04
   8.6600000e+02  -2.9392957e+04   4.9526612e+04
   8.6700000e+02  -4.5542780e+04   4.8136581e+04
   8.6800000e+02  -3.0769847e+04   4.5879288e+04
   8.6900000e+02  -7.9051619e+03   3.2326691e+04
   8.7000000e+02  -1.8915351e+04   3.5583037e+04
   8.7100000e+02  -2.9036929e+04   4.1669558e+04
   8.7200000e+02  -3.7038715e+04   2.3860140e+04
   8.7300000e+02  -4.4268661e+04   1.6494795e+04
   8.7400000e+02  -1.3365114e+04   2.9322583e+04
   8.7500000e+02  -1.6939717e+03   3.3726758e+04
   8.7600000e+02  -1.5002999e+04   2.1119800e+04
   8.7700000e+02  -4.2265512e+02   1.2531458e+04
   8.7800000e+02   2.0501902e+03  -3.1452842e+03
   8.7900000e+02  -9.4928078e+03  -1.1484182e+04
   8.8000000e+02  -9.7392629e+02   1.4397938e+04
   8.8100000e+02   9.9092526e+03   1.3900570e+04
   8.8200000e+02   8.7999434e+03  -3.0055434e+03
   8.8300000e+02   1.3431498e+04  -8.1076528e+02
   8.8400000e+02   2.1237848e+04  -1.6323545e+04
   8.8500000e+02   8.3042212e+03  -6.6488642e+03
   8.8600000e+02   6.9984905e+03   2.9852617e+04
   8.8700000e+02   1.9181375e+04   1.3560721e+04
   8.8800000e+02   1.8561770e+04  -3.1114744e+04
   8.8900000e+02   3.8897721e+04  -3.9412151e+04
   8.9000000e+02   4.7182476e+04  -2.0733678e+04
   8.9100000e+02   8.1779718e+03  -1.3425112e+04
   8.9200000e+02  -1.0711235e+04  -2.1875933e+04
   8.9300000e+02   2.4506398e+04  -4.2579214e+04
   8.9400000e+02   7.0226627e+04  -5.0390009e+04
   8.9500000e+02   7.1405508e+04  -2.9167143e+04
   8.9600000e+02   3.1343747e+04  -2.5854541e+04
   8.9700000e+02   6.4950447e+03  -3.2835766e+04
   8.9800000e+02   3.5823112e+04  -3.8020705e+04
   8.9900000e+02   7.6655628e+04  -5.9619797e+04
   9.0000000e+02   5.9660281e+04  -4.1771049e+04
   9.0100000e+02   2.3492976e+04  -1.6818195e+03
   9.0200000e+02   1.7314594e+04  -1.7624904e+04
   9.0300000e+02   3.5188890e+04  -5.7457049e+04
   9.0400000e+02   6.2939134e+04  -5.8066035e+04
   9.0500000e+02   4.4141332e+04  -3.2286418e+04
   9.0600000e+02  -1.1686277e+03  -2.7212603e+04
   9.0700000e+02   2.9861856e+03  -3.2438643e+04
   9.0800000e+02   3.5179163e+04  -3.5205991e+04
   9.0900000e+02   5.0446717e+04  -4.6410720e+04
   9.1000000e+02   3.5631146e+04  -4.3619274e+04
   9.1100000e+02   8.1521215e+03  -3.0414495e+04
   9.1200000e+02   1.4717105e+03  -1.9545430e+04
   9.1300000e+02   2.4519005e+04  -1.8991719e+04
   9.1400000e+02   4.1151283e+04  -3.3675728e+04
   9.1500000e+02   1.3207251e+04  -2.3662747e+04
   9.1600000e+02  -1.4467836e+04   1.2402956e+03
   9.1700000e+02  -1.4439673e+04  -6.6048180e+03
   9.1800000e+02  -1.2379805e+03  -3.2694716e+04
   9.1900000e+02   2.9436888e+04  -3.5150613e+04
   9.2000000e+02   2.0450856e+04  -1.1690270e+04
   9.2100000e+02  -2.8537299e+04   5.0289993e+03
   9.2200000e+02  -3.2239791e+04   6.3589835e+03
   9.2300000e+02  -2.8710487e+02  -1.0179623e+04
   9.2400000e+02   1.1217554e+04  -2.1165659e+04
   9.2500000e+02  -6.1258661e+03   1.9271554e+03
   9.2600000e+02  -2.0191399e+04   2.0468765e+04
   9.2700000e+02  -1.5451160e+04   3.3418542e+04
   9.2800000e+02  -1.5001400e+04   3.5101419e+04
   9.2900000e+02  -3.0939347e+04  -2.7138210e+03
   9.3000000e+02  -4.3848749e+04  -5.5801047e+03
   9.3100000e+02  -2.3330665e+04   4.5841940e+04
   9.3200000e+02  -9.6660261e+03   6.9158554e+04
   9.3300000e+02  -3.6833860e+04   4.1156754e+04
   9.3400000e+02  -4.7061576e+04   9.3123884e+03
   9.3500000e+02  -3.6035214e+04   1.6601911e+04
   9.3600000e+02  -3.4921433e+04   4.5450984e+04
   9.3700000e+02  -3.8434805e+04   5.8509442e+04
   9.3800000e+02  -4.4861813e+04   3.5149341e+04
   9.3900000e+02  -4.2341187e+04   1.3812782e+04
   9.4000000e+02  -3.3405642e+04   3.9550909e+04
   9.4100000e+02  -3.7928772e+04   5.3804257e+04
   9.4200000e+02  -5.6387473e+04   4.3921750e+04
   9.4300000e+02  -5.6803121e+04   4.0863646e+04
   9.4400000e+02  -3.2632371e+04   2.3921665e+04
   9.4500000e+02  -2.3192193e+04   2.6989456e+04
   9.4600000e+02  -1.9218986e+04   5.0960285e+04
   9.4700000e+02  -2.3334003e+04   4.9266580e+04
   9.4800000e+02  -4.5538682e+04   4.1795291e+04
   9.4900000e+02  -3.7438061e+04   3.8137448e+04
   9.5000000e+02  -1.9708445e+04   2.7992620e+04
   9.5100000e+02  -2.0121600e+04   2.9702089e+04
   9.5200000e+02  -1.1340357e+04   4.4754553e+04
   9.5300000e+02  -1.2217929e+04   3.3110771e+04
   9.5400000e+02  -2.8884300e+04   7.1548391e+03
   9.5500000e+02  -2.5444513e+04   2.0761828e+04
   9.5600000e+02  -1.4135980e+03   3.4078132e+04
   9.5700000e+02   4.1580389e+03   1.1263726e+04
   9.5800000e+02  -8.3144226e+03  -6.1855693e+03
   9.5900000e+02  -1.4252327e+04   2.0225185e+03
   9.6000000e+02  -1.5118990e+04   2.1764973e+04
   9.6100000e+02   9.7439199e+03   2.1951098e+04
   9.6200000e+02   3.4351833e+04  -1.7243732e+03
   9.6300000e+02   1.7883563e+04  -1.9681605e+04
   9.6400000e+02   7.9741335e+03  -1.2897945e+04
   9.6500000e+02   1.4218447e+04   3.9014129e+03
   9.6600000e+02   1.4271985e+04  -2.2710278e+03
   9.6700000e+02   2.2079704e+04  -1.9637676e+04
   9.6800000e+02   3.6463064e+04  -3.3031849e+04
   9.6900000e+02   4.1257898e+04  -3.4740881e+04
   9.7000000e+02   2.1710508e+04  -1.8555318e+04
   9.7100000e+02   4.9493359e+03  -2.8672108e+04
   9.7200000e+02   2.7923061e+04  -4.7408125e+04
   9.7300000e+02   6.5380165e+04  -3.3999568e+04
   9.7400000e+02   5.7256821e+04  -3.0968405e+04
   9.7500000e+02   9.8009534e+03  -4.3656144e+04
   9.7600000e+02   5.3823218e+03  -4.3497666e+04
   9.7700000e+02   3.2470128e+04  -3.3037188e+04
   9.7800000e+02   4.6226264e+04  -2.7472675e+04
   9.7900000e+02   6.6149005e+04  -3.7393967e+04
   9.8000000e+02   5.1536248e+04  -5.1314829e+04
   9.8100000e+02   1.4610435e+04  -4.3991008e+04
   9.8200000e+02   2.9764497e+04  -1.1319552e+04
   9.8300000e+02   6.0563424e+04  -1.4689316e+04
   9.8400000e+02   5.7400869e+04  -6.0062423e+04
   9.8500000e+02   2.9597261e+04  -6.4205739e+04
   9.8600000e+02   4.8963282e+03  -3.6822574e+04
   9.8700000e+02   1.1851297e+04  -2.2238024e+04
   9.8800000e+02   5.0059956e+04  -2.5160082e+04
   9.8900000e+02   6.6953375e+04  -4.4974949e+04
   9.9000000e+02   2.8927258e+04  -4.3210589e+04
   9.9100000e+02   1.1567254e+03  -1.8012004e+04
   9.9200000e+02   6.3895433e+03  -1.1967485e+04
   9.9300000e+02   8.6377006e+03  -2.9768373e+04
   9.9400000e+02   1.9266497e+04  -3.8832657e+04
   9.9500000e+02   2.2474047e+04  -2.3058546e+04
   9.9600000e+02   1.1034391e+04  -4.2624123e+03
   9.9700000e+02   1.5112086e+03   5.2919621e+03
   9.9800000e+02  -1.2568474e+04  -1.1033076e+04
   9.9900000e+02  -1.1698763e+04  -2.8641844e+04
   1.0000000e+03  -1.1811506e+03  -4.6354650e+03
   1.0010000e+03  -6.4510541e+03   5.0058973e+03
   1.0020000e+03  -1.3730267e+04  -6.4173624e+03
   1.0030000e+03  -5.5596466e+03   5.8797832e+03
   1.0040000e+03   4.3539438e+02   1.3596083e+04
   1.0050000e+03  -1.4158407e+04   1.6714042e+04
   1.0060000e+03  -2.0401392e+04   2.1824807e+04
   1.0070000e+03  -2.1857358e+04   1.2588683e+04
   1.0080000e+03  -2.9074779e+04   1.1554048e+04
   1.0090000e+03  -1.9640663e+04   3.5568659e+04
   1.0100000e+03  -2.7615106e+04   4.7711817e+04
   1.0110000e+03  -4.5940098e+04   2.0768425e+04
   1.0120000e+03  -3.5799853e+04   7.2552274e+03
   1.0130000e+03  -3.1919169e+04   2.0873132e+04
   1.0140000e+03  -4.1930555e+04   2.4551353e+04
   1.0150000e+03  -4.3526216e+04   3.0578862e+04
   1.0160000e+03  -3.8972156e+04   3.6096777e+04
   1.0170000e+03  -3.5598817e+04   4.2297720e+04
   1.0180000e+03  -2.9131796e+04   4.6745424e+04
   1.0190000e+03  -2.4179425e+04   2.7001602e+04
   1.0200000e+03  -3.7137024e+04   2.5408087e+04
   1.0210000e+03  -4.1374158e+04   5.1868314e+04
   1.0220000e+03  -3.0812980e+04   5.8628028e+04
   1.0230000e+03  -2.6333501e+04   4.4669612e+04
   1.0240000e+03  -2.2899070e+04   3.5894867e+04
   1.0250000e+03  -3.8278287e+04   3.5477542e+04
   1.0260000e+03  -5.3482840e+04   3.0865111e+04
   1.0270000e+03  -3.6920688e+04   3.2333608e+04
   1.0280000e+03  -2.1358145e+04   3.8218590e+04
   1.0290000e+03  -2.3880018e+04   3.9412985e+04
   1.0300000e+03  -2.9081087e+04   3.5390410e+04
   1.0310000e+03  -2.6425340e+04   1.1329763e+04
   1.0320000e+03  -2.3222415e+04   9.1871065e+03
   1.0330000e+03  -1.6685521e+04   3.7390117e+04
   1.0340000e+03  -9.2270658e+03   3.0995575e+04
   1.0350000e+03  -1.4504140e+04   7.6050451e+03
   1.0360000e+03  -2.1143599e+03   1.1496560e+03
   1.0370000e+03   8.5824220e+03   4.3223560e+03
   1.0380000e+03  -2.6531363e+03   1.3240409e+04
   1.0390000e+03   5.3742258e+03   1.2862702e+04
   1.0400000e+03  -1.4538850e+03   3.4719619e+03
   1.0410000e+03  -1.4408767e+04   5.3488055e+02
   1.0420000e+03   1.5131950e+04   4.1285122e+03
   1.0430000e+03   2.9412891e+04  -3.5293064e+03
   1.0440000e+03   1.0456236e+04  -6.6415307e+03
   1.0450000e+03   3.2414712e+02   4.3583370e+03
   1.0460000e+03   6.6455466e+03  -1.3748783e+04
   1.0470000e+03   2.2696261e+04  -2.8893881e+04
   1.0480000e+03   3.9680192e+04  -1.0887718e+04
   1.0490000e+03   3.3708480e+04  -1.4059766e+04
   1.0500000e+03   6.4019737e+03  -3.2893509e+04
   1.0510000e+03   1.8956262e+04  -4.1135520e+04
   1.0520000e+03   5.5634224e+04  -4.1710864e+04
   1.0530000e+03   5.4684036e+04  -2.6458254e+04
   1.0540000e+03   4.3903488e+04  -9.5024357e+03
   1.0550000e+03   2.9725521e+04  -2.4040939e+04
   1.0560000e+03   1.1188674e+04  -5.6062217e+04
   1.0570000e+03   2.7479304e+04  -4.8126332e+04
   1.0580000e+03   6.0277762e+04  -1.9653886e+04
   1.0590000e+03   6.1086051e+04  -1.5607134e+04
   1.0600000e+03   2.9209164e+04  -2.5167444e+04
   1.0610000e+03   7.6715878e+03  -4.4390425e+04
   1.0620000e+03   1.3776739e+04  -3.6651019e+04
   1.0630000e+03   3.7926232e+04  -9.5916980e+03
   1.0640000e+03   5.4186822e+04  -2.9469353e+04
   1.0650000e+03   3.2172990e+04  -5.7260556e+04
   1.0660000e+03   1.3984197e+04  -4.8705045e+04
   1.0670000e+03   2.1215722e+04  -3.4040449e+04
   1.0680000e+03   2.9423831e+04  -3.3013397e+04
   1.0690000e+03   3.9550720e+04  -3.3699755e+04
   1.0700000e+03   2.5060080e+04  -2.8668851e+04
   1.0710000e+03   5.0540774e+03  -3.5331485e+04
   1.0720000e+03   1.9507970e+04  -3.9486692e+04
   1.0730000e+03   3.2331233e+04  -3.2304702e+04
   1.0740000e+03   2.8099766e+04  -2.3317821e+04
   1.0750000e+03   2.1572303e+04  -9.2459523e+03
   1.0760000e+03   1.0408427e+04  -1.5164648e+04
   1.0770000e+03  -5.4392279e+03  -1.6261233e+04
   1.0780000e+03  -2.3854335e+03   6.2270157e+03
   1.0790000e+03   1.0393713e+04  -1.5091310e+03
   1.0800000e+03  -4.2656384e+03  -1.9182855e+04
   1.0810000e+03  -9.2269079e+03  -6.9147926e+03
   1.0820000e+03  -4.8219627e+03   1.1213403e+04
   1.0830000e+03  -2.6025499e+04   1.2635342e+04
   1.0840000e+03  -3.2190583e+04   2.3220138e+03
   1.0850000e+03  -2.2460260e+04  -2.1751125e+03
   1.0860000e+03  -7.2784133e+03   3.8653567e+03
   1.0870000e+03   6.2404115e+03   1.7842236e+04
   1.0880000e+03  -1.7296073e+04   1.8329538e+04
   1.0890000e+03  -3.4594757e+04   1.1143307e+04
   1.0900000e+03  -1.4649870e+04   2.1797294e+04
   1.0910000e+03  -9.2500803e+03   2.1608683e+04
   1.0920000e+03  -3.4951153e+04   2.5751879e+04
   1.0930000e+03  -4.4067977e+04   4.6298223e+04
   1.0940000e+03  -2.9540489e+04   3.4202587e+04
   1.0950000e+03  -3.0477546e+04   1.6723669e+04
   1.0960000e+03  -2.6521861e+04   2.8289860e+04
   1.0970000e+03  -3.1102366e+04   4.5562656e+04
   1.0980000e+03  -6.7316029e+04   4.9922768e+04
   1.0990000e+03  -6.0478777e+04   3.5054118e+04
   1.1000000e+03  -2.5397826e+04   2.1541897e+04
   1.1010000e+03  -3.2917792e+04   3.1998456e+04
   1.1020000e+03  -4.8889852e+04   4.8143921e+04
   1.1030000e+03  -3.5603892e+04   3.4310307e+04
   1.1040000e+03  -1.5769133e+04   2.6946381e+04
   1.1050000e+03  -1.9309619e+04   5.2381079e+04
   1.1060000e+03  -3.4447401e+04   3.5927969e+04
   1.1070000e+03  -3.9307920e+04   3.7648522e+03
   1.1080000e+03  -2.6436276e+04   3.1243156e+04
   1.1090000e+03  -9.0154732e+03   6.0317364e+04
   1.1100000e+03  -1.2025182e+04   4.4121092e+04
   1.1110000e+03  -1.5153752e+04   1.4617653e+04
   1.1120000e+03  -2.4453463e+04   1.1278721e+04
   1.1130000e+03  -4.2555648e+04   2.9017397e+04
   1.1140000e+03  -1.7404347e+04   3.7661108e+04
   1.1150000e+03   1.1066222e+04   3.3064432e+04
   1.1160000e+03  -9.8302222e+03   1.3981501e+04
   1.1170000e+03  -3.9815893e+04   1.4362954e+03
   1.1180000e+03  -3.6228401e+04   5.4324306e+03
   1.1190000e+03  -1.8697055e+03   1.3639786e+04
   1.1200000e+03   1.4095698e+04   3.1893946e+04
   1.1210000e+03  -4.8237915e+03   2.9010743e+04
   1.1220000e+03  -2.0323853e+04  -2.0330638e+03
   1.1230000e+03  -3.6692155e+03  -2.2843300e+04
   1.1240000e+03   2.2655957e+04  -2.6132428e+04
   1.1250000e+03   2.6319969e+04  -7.8010773e+03
   1.1260000e+03   3.3862131e+04   1.3288857e+04
   1.1270000e+03   3.0767014e+04  -1.1611236e+03
   1.1280000e+03   1.2001583e+04  -3.5896201e+04
   1.1290000e+03   3.7902229e+04  -4.0101887e+04
   1.1300000e+03   5.9798892e+04  -2.5012852e+04
   1.1310000e+03   3.4808300e+04  -3.0681368e+04
   1.1320000e+03   1.6243876e+04  -3.1498984e+04
   1.1330000e+03   2.3732445e+04  -3.3067685e+04
   1.1340000e+03   4.9856739e+04  -4.3896147e+04
   1.1350000e+03   5.6103603e+04  -2.8625708e+04
   1.1360000e+03   2.0244152e+04  -2.2619196e+04
   1.1370000e+03  -4.4418241e+03  -2.8634984e+04
   1.1380000e+03   2.9486812e+04  -2.0714066e+04
   1.1390000e+03   7.1045039e+04  -3.1454608e+04
   1.1400000e+03   4.2651606e+04  -4.0706585e+04
   1.1410000e+03   1.0151167e+03  -2.7062818e+04
   1.1420000e+03   8.3057207e+03  -2.0567572e+04
   1.1430000e+03   3.4220464e+04  -3.4996738e+04
   1.1440000e+03   6.2196956e+04  -4.9587340e+04
   1.1450000e+03   5.6949709e+04  -3.9093582e+04
   1.1460000e+03   2.2745547e+04  -2.8552875e+04
   1.1470000e+03   1.9848467e+04  -4.0809710e+04
   1.1480000e+03   3.9067673e+04  -5.9172985e+04
   1.1490000e+03   4.8524410e+04  -5.1979099e+04
   1.1500000e+03   4.4810884e+04  -2.3469662e+04
   1.1510000e+03   2.8286371e+04  -2.8274462e+04
   1.1520000e+03   7.0283690e+03  -3.7928428e+04
   1.1530000e+03   9.1751835e+03  -1.7289750e+04
   1.1540000e+03   2.2386066e+04  -2.0664816e+04
   1.1550000e+03   1.0663373e+04  -3.4233265e+04
   1.1560000e+03   1.3850150e+04  -1.9165780e+04
   1.1570000e+03   1.9333274e+04  -4.7368678e+03
   1.1580000e+03  -1.1957971e+04  -3.1133942e+03
   1.1590000e+03  -1.6575283e+04   6.4767338e+02
   1.1600000e+03   6.1422055e+03  -3.6110546e+03
   1.1610000e+03   1.5472675e+04  -1.1758292e+04
   1.1620000e+03   9.9999083e+03   5.3873109e+03
   1.1630000e+03  -2.1962457e+04   1.7022138e+04
   1.1640000e+03  -3.7037825e+04   5.2443486e+03
   1.1650000e+03  -4.1965898e+03  -4.4454086e+03
   1.1660000e+03   1.3168425e+04  -1.1055869e+04
   1.1670000e+03  -2.0437322e+04   1.7312783e+04
   1.1680000e+03  -4.1558158e+04   4.0953410e+04
   1.1690000e+03  -2.3948630e+04   4.1181142e+02
   1.1700000e+03  -2.3694459e+04  -9.5247349e+03
   1.1710000e+03  -3.5860564e+04   3.2532917e+04
   1.1720000e+03  -4.2880343e+04   3.9417080e+04
   1.1730000e+03  -4.8480964e+04   2.1794343e+04
   1.1740000e+03  -3.3510820e+04   2.4314444e+04
   1.1750000e+03  -2.7569865e+04   3.4179101e+04
   1.1760000e+03  -3.3450290e+04   3.7213107e+04
   1.1770000e+03  -3.3911409e+04   4.7919517e+04
   1.1780000e+03  -5.4047928e+04   4.8101707e+04
   1.1790000e+03  -6.1414862e+04   3.7371252e+04
   1.1800000e+03  -2.8787518e+04   3.8465716e+04
   1.1810000e+03  -4.8958651e+03   2.5948690e+04
   1.1820000e+03  -2.6056038e+04   3.3610376e+04
   1.1830000e+03  -5.3260228e+04   6.7855365e+04
   1.1840000e+03  -4.7608650e+04   4.5800108e+04
   1.1850000e+03  -3.9441200e+04   9.9154410e+03
   1.1860000e+03  -3.3396030e+04   3.4531212e+04
   1.1870000e+03  -2.1750481e+04   6.1078360e+04
   1.1880000e+03  -1.9654357e+04   3.4014524e+04
   1.1890000e+03  -2.6369759e+04   4.5520014e+03
   1.1900000e+03  -4.5305476e+04   1.9366342e+04
   1.1910000e+03  -3.9661569e+04   4.4618666e+04
   1.1920000e+03  -3.5618752e+03   5.2021961e+04
   1.1930000e+03  -3.7107279e+03   2.8972345e+04
   1.1940000e+03  -3.3168647e+04   4.5731017e+03
   1.1950000e+03  -3.2013070e+04   2.1605816e+04
   1.1960000e+03   1.0396235e+03   3.0523045e+04
   1.1970000e+03   9.4299796e+03   2.0169955e+04
   1.1980000e+03  -7.9923770e+03   2.0801762e+04
   1.1990000e+03  -1.1602438e+04   1.0432582e+04
   1.2000000e+03  -1.3453457e+04   2.5570083e+03
   1.2010000e+03   8.3555622e+02   7.4798366e+03
   1.2020000e+03   1.9973535e+04   3.2667824e+03
   1.2030000e+03   1.1648186e+04  -4.1447340e+03
   1.2040000e+03   1.2189950e+04  -1.4399345e+03
   1.2050000e+03   1.2998189e+04  -8.0511195e+03
   1.2060000e+03   1.6767159e+04  -2.8128714e+04
   1.2070000e+03   4.3817101e+04  -1.4905213e+04
   1.2080000e+03   4.0027590e+04   1.9145819e+03
   1.2090000e+03   1.0789839e+04  -1.5992641e+04
   1.2100000e+03   5.9061064e+03  -2.2872885e+04
   1.2110000e+03   2.1407289e+04  -3.1813719e+04
   1.2120000e+03   4.0210442e+04  -4.0812826e+04
   1.2130000e+03   5.5424801e+04  -2.0357061e+04
   1.2140000e+03   4.6040307e+04  -1.6632770e+04
   1.2150000e+03   1.8155027e+04  -4.0922253e+04
   1.2160000e+03   3.4110206e+04  -5.9694786e+04
   1.2170000e+03   5.7096006e+04  -5.1562942e+04
   1.2180000e+03   3.2610007e+04  -2.9127044e+04
   1.2190000e+03   3.6664475e+04  -3.1262981e+04
   1.2200000e+03   6.4037400e+04  -5.4912374e+04
   1.2210000e+03   5.3656068e+04  -6.4474422e+04
   1.2220000e+03   3.0594665e+04  -3.8965511e+04
   1.2230000e+03   1.9046418e+04  -2.0276514e+04
   1.2240000e+03   2.8985747e+04  -3.6734243e+04
   1.2250000e+03   4.6184301e+04  -4.7920732e+04
   1.2260000e+03   3.7858660e+04  -4.7348594e+04
   1.2270000e+03   1.3756941e+04  -3.2081762e+04
   1.2280000e+03   1.7813566e+04  -1.3421494e+04
   1.2290000e+03   4.4142190e+04  -2.6438335e+04
   1.2300000e+03   3.6011156e+04  -3.9323647e+04
   1.2310000e+03   1.1722819e+04  -3.6921918e+04
   1.2320000e+03   9.4234886e+03  -3.2019812e+04
   1.2330000e+03   2.0108172e+04  -1.7088834e+04
   1.2340000e+03   3.0693092e+04  -1.0928174e+04
   1.2350000e+03   1.2984671e+04  -2.7484268e+04
   1.2360000e+03  -1.1855062e+03  -3.7117072e+04
   1.2370000e+03   2.1299339e+04  -1.3504648e+04
   1.2380000e+03   2.6638483e+04   3.2030981e+03
   1.2390000e+03  -9.6973392e+02  -3.0815512e+03
   1.2400000e+03  -2.8157985e+04  -1.2456263e+03
   1.2410000e+03  -2.8387049e+04  -7.2063242e+03
   1.2420000e+03  -6.3816680e+03  -8.5510165e+02
   1.2430000e+03   3.5579125e+03   2.0119217e+04
   1.2440000e+03  -1.2405058e+04   9.2463468e+02
   1.2450000e+03  -3.6736580e+04  -1.7804644e+04
   1.2460000e+03  -3.7972610e+04   4.5968430e+03
   1.2470000e+03  -3.2824113e+04   3.1421218e+04
   1.2480000e+03  -3.1109410e+04   3.3496370e+04
   1.2490000e+03  -1.0553148e+04   1.3306445e+04
   1.2500000e+03  -1.8731473e+04   5.0632888e+03
   1.2510000e+03  -5.1359219e+04   2.9224608e+04
   1.2520000e+03  -3.8300009e+04   5.4807542e+04
   1.2530000e+03  -4.9163631e+03   3.8696940e+04
   1.2540000e+03  -8.8725637e+03   2.1902355e+04
   1.2550000e+03  -3.9764867e+04   4.3487122e+04
   1.2560000e+03  -4.9528933e+04   3.9204540e+04
   1.2570000e+03  -3.8298641e+04   2.5134932e+04
   1.2580000e+03  -2.6723752e+04   5.0739741e+04
   1.2590000e+03  -2.4517505e+04   5.9932486e+04
   1.2600000e+03  -4.8233221e+04   3.7283541e+04
   1.2610000e+03  -5.3806959e+04   2.3137186e+04
   1.2620000e+03  -3.3298865e+04   3.3334284e+04
   1.2630000e+03  -3.0390430e+04   5.0408018e+04
   1.2640000e+03  -2.4948689e+04   4.5875386e+04
   1.2650000e+03  -2.9119496e+04   2.0999943e+04
   1.2660000e+03  -4.8340459e+04   1.4520879e+04
   1.2670000e+03  -3.7998885e+04   4.7344914e+04
   1.2680000e+03  -1.6299325e+04   4.7172101e+04
   1.2690000e+03  -2.0355580e+04   9.4046361e+03
   1.2700000e+03  -3.6470559e+04   1.9612655e+04
   1.2710000e+03  -2.7042331e+04   3.4713073e+04
   1.2720000e+03  -7.7155186e+03   2.4519228e+04
   1.2730000e+03  -1.2151491e+04   3.2676440e+04
   1.2740000e+03  -2.5893874e+04   3.6188394e+04
   1.2750000e+03  -3.2652432e+04   2.2428119e+04
   1.2760000e+03  -1.0998118e+04   6.2595196e+03
   1.2770000e+03   1.3254704e+04   4.4222301e+03
   1.2780000e+03   6.4308788e+03   1.7929263e+04
   1.2790000e+03   7.7770602e+03   1.6436809e+04
   1.2800000e+03   7.2178385e+03  -2.8726446e+02
   1.2810000e+03  -2.3514017e+02  -5.7421599e+03
   1.2820000e+03   1.7319736e+04   7.3186375e+03
   1.2830000e+03   2.1297842e+04  -4.2261703e+03
   1.2840000e+03   4.9025218e+03  -3.5004822e+04
   1.2850000e+03   7.4083571e+03  -2.6011433e+04
   1.2860000e+03   1.5696133e+04  -9.9989631e+03
   1.2870000e+03   9.5659031e+03  -6.5006196e+03
   1.2880000e+03   1.1850308e+04  -8.4587804e+03
   1.2890000e+03   2.1710609e+04  -4.1971509e+04
   1.2900000e+03   1.8583538e+04  -5.3104315e+04
   1.2910000e+03   3.0168893e+04  -1.5273867e+04
   1.2920000e+03   3.8690980e+04   3.0396431e+03
   1.2930000e+03   2.3896393e+04  -2.1492325e+04
   1.2940000e+03   3.6564559e+04  -4.3268896e+04
   1.2950000e+03   5.5856452e+04  -3.1618951e+04
   1.2960000e+03   5.0150105e+04  -1.5236663e+04
   1.2970000e+03   4.1027171e+04  -2.0328216e+04
   1.2980000e+03   3.0501272e+04  -4.0673054e+04
   1.2990000e+03   3.3659157e+04  -3.9784046e+04
   1.3000000e+03   4.9160686e+04  -1.2893624e+04
   1.3010000e+03   4.3437076e+04  -2.0945258e+04
   1.3020000e+03   1.9880955e+04  -4.2749290e+04
   1.3030000e+03   2.1640201e+04  -4.1002428e+04
   1.3040000e+03   3.6531358e+04  -5.1037345e+04
   1.3050000e+03   2.0752248e+04  -5.2984602e+04
   1.3060000e+03   1.8807737e+04  -3.1590509e+04
   1.3070000e+03   3.6113778e+04  -2.3796641e+04
   1.3080000e+03   2.9664503e+04  -3.5667024e+04
   1.3090000e+03   3.1044207e+04  -4.1961049e+04
   1.3100000e+03   3.4938167e+04  -3.8282654e+04
   1.3110000e+03   2.5212146e+04  -3.7105467e+04
   1.3120000e+03   2.3833768e+04  -1.8673597e+04
   1.3130000e+03   2.0298988e+04  -1.0015516e+03
   1.3140000e+03   1.4720602e+04  -1.0856126e+04
   1.3150000e+03   2.0848836e+04  -2.3812520e+04
   1.3160000e+03   2.6031532e+04  -4.1884270e+04
   1.3170000e+03   3.7830919e+03  -3.0680160e+04
   1.3180000e+03  -1.7604392e+04   1.6556037e+04
   1.3190000e+03  -4.0063491e+03   1.4862542e+04
   1.3200000e+03   3.2266115e+03  -2.0974175e+04
   1.3210000e+03   3.0738174e+03  -2.2826036e+04
   1.3220000e+03   2.7564273e+03  -2.9136321e+02
   1.3230000e+03  -1.7042927e+04   1.5696238e+04
   1.3240000e+03  -2.1737704e+04   1.7568676e+04
   1.3250000e+03  -1.4103017e+04   6.7198398e+03
   1.3260000e+03  -1.5486252e+04  -3.9143627e+03
   1.3270000e+03  -2.0863790e+04   1.2923797e+04
   1.3280000e+03  -3.5321128e+04   2.8418456e+04
   1.3290000e+03  -3.9985349e+04   2.0432624e+04
   1.3300000e+03  -3.1924444e+04   1.7730468e+04
   1.3310000e+03  -2.9141090e+04   1.1572173e+04
   1.3320000e+03  -3.0655541e+04   1.8037938e+04
   1.3330000e+03  -2.4530377e+04   3.0903157e+04
   1.3340000e+03  -2.2443199e+04   1.0552058e+04
   1.3350000e+03  -3.8325844e+04   1.6128553e+04
   1.3360000e+03  -2.9874196e+04   5.5546904e+04
   1.3370000e+03  -1.4509590e+04   4.6555943e+04
   1.3380000e+03  -3.0341163e+04   5.8489697e+03
   1.3390000e+03  -3.0731400e+04   1.7586492e+04
   1.3400000e+03  -3.0096670e+04   6.7356919e+04
   1.3410000e+03  -4.5473727e+04   7.0038779e+04
   1.3420000e+03  -4.2097034e+04   3.4101289e+04
   1.3430000e+03  -3.8552734e+04   1.2427569e+04
   1.3440000e+03  -4.0281939e+04   2.3908642e+04
   1.3450000e+03  -3.4462725e+04   5.5184317e+04
   1.3460000e+03  -3.8510177e+04   5.2892293e+04
   1.3470000e+03  -5.2565914e+04   3.3818031e+04
   1.3480000e+03  -3.7950883e+04   3.2583268e+04
   1.3490000e+03  -4.1907760e+03   2.7410741e+04
   1.3500000e+03  -1.0038884e+04   3.0620371e+04
   1.3510000e+03  -3.0154234e+04   3.7995411e+04
   1.3520000e+03  -3.4329930e+04   2.9141669e+04
   1.3530000e+03  -2.8520519e+04   2.3029024e+04
   1.3540000e+03  -4.3269697e+03   3.0325068e+04
   1.3550000e+03  -6.1071197e+03   2.9036805e+04
   1.3560000e+03  -2.1521909e+04   8.6999781e+03
   1.3570000e+03  -4.0631519e+03   3.3069030e+03
   1.3580000e+03   2.6388135e+03   6.3662945e+03
   1.3590000e+03  -5.3944493e+03   5.4299070e+03
   1.3600000e+03  -9.7574337e+02   1.6524525e+04
   1.3610000e+03   1.8876796e+03   5.2034124e+03
   1.3620000e+03   1.7801809e+03  -7.5462749e+03
   1.3630000e+03   1.3751067e+04   6.6491646e+03
   1.3640000e+03   2.2764119e+04  -2.1314244e+03
   1.3650000e+03   7.6545373e+03  -2.2197153e+04
   1.3660000e+03   6.5674996e+03  -1.9301445e+04
   1.3670000e+03   2.2276808e+04  -1.8552389e+03
   1.3680000e+03   2.5366869e+04   6.1982056e+03
   1.3690000e+03   3.5066158e+04  -7.8509832e+03
   1.3700000e+03   2.9065223e+04  -1.8335717e+04
   1.3710000e+03   8.8574141e+03  -1.9817893e+04
   1.3720000e+03   2.4417127e+04  -2.6379228e+04
   1.3730000e+03   4.7352169e+04  -3.7820888e+04
   1.3740000e+03   3.9954015e+04  -3.3154888e+04
   1.3750000e+03   2.8870408e+04  -1.7639744e+04
   1.3760000e+03   3.9367612e+04  -3.5931323e+04
   1.3770000e+03   4.6263388e+04  -5.2170252e+04
   1.3780000e+03   4.1519797e+04  -3.9583405e+04
   1.3790000e+03   3.9631250e+04  -4.2752416e+04
   1.3800000e+03   2.6420906e+04  -4.8720169e+04
   1.3810000e+03   2.2390032e+04  -4.0918388e+04
   1.3820000e+03   3.4816807e+04  -2.9598680e+04
   1.3830000e+03   4.3242675e+04  -2.7140247e+04
   1.3840000e+03   4.9599843e+04  -4.4000842e+04
   1.3850000e+03   2.8688388e+04  -5.3761171e+04
   1.3860000e+03   8.9345190e+03  -3.6252021e+04
   1.3870000e+03   3.2004779e+04  -8.8519733e+03
   1.3880000e+03   4.7285460e+04  -2.0464243e+04
   1.3890000e+03   3.2807183e+04  -4.8339340e+04
   1.3900000e+03   2.2085910e+04  -2.8532427e+04
   1.3910000e+03   2.6269655e+04  -1.9416816e+04
   1.3920000e+03   2.1141693e+04  -3.7565025e+04
   1.3930000e+03   1.3982878e+04  -2.9808016e+04
   1.3940000e+03   2.7074723e+04  -2.9857602e+04
   1.3950000e+03   2.6160043e+04  -3.8380450e+04
   1.3960000e+03   1.1156817e+04  -2.1527793e+04
   1.3970000e+03  -1.8584670e+02  -9.4122075e+03
   1.3980000e+03  -5.8134422e+03  -1.9002178e+04
   1.3990000e+03   1.6493329e+04  -1.5836969e+04
   1.4000000e+03   2.6707039e+04  -5.9528968e+03
   1.4010000e+03  -3.0178839e+03  -1.6127377e+04
   1.4020000e+03  -2.6320549e+04  -9.3960056e+03
   1.4030000e+03  -1.8978550e+04   9.3583403e+03
   1.4040000e+03  -2.4165979e+03   2.0206430e+04
   1.4050000e+03  -1.3069012e+04   3.1941273e+04
   1.4060000e+03  -3.1259967e+04   1.0878311e+03
   1.4070000e+03  -2.4389779e+04  -2.0763217e+04
   1.4080000e+03  -1.6876252e+04   2.4178675e+04
   1.4090000e+03  -3.2727769e+04   4.3249529e+04
   1.4100000e+03  -4.6547110e+04   1.8351431e+04
   1.4110000e+03  -1.6294930e+04   1.2247477e+04
   1.4120000e+03   1.5807853e+03   2.8937322e+04
   1.4130000e+03  -4.0357021e+04   4.1893260e+04
   1.4140000e+03  -6.2547233e+04   3.7835092e+04
   1.4150000e+03  -3.8646398e+04   2.6255984e+04
   1.4160000e+03  -1.0441494e+04   2.0371988e+04
   1.4170000e+03  -9.7525481e+03   3.3307453e+04
   1.4180000e+03  -4.4288873e+04   4.4690556e+04
   1.4190000e+03  -6.5808147e+04   4.6298613e+04
   1.4200000e+03  -5.1633613e+04   5.1206519e+04
   1.4210000e+03  -3.1129421e+04   2.7640790e+04
   1.4220000e+03  -3.7366039e+04   1.1671655e+04
   1.4230000e+03  -5.7236268e+04   4.3582035e+04
   1.4240000e+03  -5.1876808e+04   6.1217616e+04
   1.4250000e+03  -3.3338972e+04   4.8516306e+04
   1.4260000e+03  -2.0752054e+04   3.1792528e+04
   1.4270000e+03  -3.1801307e+04   2.3319949e+04
   1.4280000e+03  -4.5890766e+04   3.3713518e+04
   1.4290000e+03  -2.0228538e+04   4.9037271e+04
   1.4300000e+03  -5.5206280e+03   4.4449389e+04
   1.4310000e+03  -1.6215148e+04   2.6585204e+04
   1.4320000e+03  -1.5569766e+04   3.0292522e+04
   1.4330000e+03  -1.7160109e+04   2.9722851e+04
   1.4340000e+03  -1.4651641e+04   1.3164401e+04
   1.4350000e+03  -7.6747290e+03   2.2921117e+04
   1.4360000e+03  -1.0926911e+04   2.2328125e+04
   1.4370000e+03  -2.1296403e+04   5.5221218e+03
   1.4380000e+03  -2.4774352e+04   1.6633795e+04
   1.4390000e+03  -1.5488973e+04   2.8092963e+04
   1.4400000e+03  -1.0176318e+04   1.4147839e+04
   1.4410000e+03   8.9379144e+03  -1.3174524e+04
   1.4420000e+03   2.0872092e+04  -1.4647798e+04
   1.4430000e+03  -4.4628407e+03   1.1455659e+04
   1.4440000e+03   1.1346155e+03   7.7937220e+03
   1.4450000e+03   3.7217062e+04  -2.5624832e+04
   1.4460000e+03   4.1995653e+04  -3.1330918e+04
   1.4470000e+03   2.1174136e+04   1.8298621e+03
   1.4480000e+03   1.1140005e+04   1.3269294e+03
   1.4490000e+03   3.5758564e+04  -3.6452471e+04
   1.4500000e+03   5.8247987e+04  -3.8178004e+04
   1.4510000e+03   4.4756266e+04  -2.5271764e+04
   1.4520000e+03   2.1057348e+04  -1.5028138e+04
   1.4530000e+03   1.5061280e+04  -1.0135336e+04
   1.4540000e+03   2.4083563e+04  -3.6054398e+04
   1.4550000e+03   3.4994439e+04  -4.2022218e+04
   1.4560000e+03   5.4227087e+04  -2.7077108e+04
   1.4570000e+03   4.9566519e+04  -3.6350997e+04
   1.4580000e+03   1.6643168e+04  -4.5466472e+04
   1.4590000e+03   1.8875981e+04  -4.2779947e+04
   1.4600000e+03   3.9560066e+04  -4.3553765e+04
   1.4610000e+03   5.0972903e+04  -4.4687677e+04
   1.4620000e+03   5.6934421e+04  -4.2630535e+04
   1.4630000e+03   4.5580368e+04  -5.3940175e+04
   1.4640000e+03   4.3001184e+04  -5.1086239e+04
   1.4650000e+03   4.4043291e+04  -1.8634164e+04
   1.4660000e+03   2.5378179e+04  -3.3801375e+04
   1.4670000e+03   1.7099093e+04  -6.8286176e+04
   1.4680000e+03   3.7434884e+04  -3.8801405e+04
   1.4690000e+03   4.4161731e+04  -2.7990841e+03
   1.4700000e+03   1.1158180e+04  -1.2302630e+04
   1.4710000e+03   1.3952567e+03  -3.3805455e+04
   1.4720000e+03   1.3180121e+04  -3.0202131e+04
   1.4730000e+03   1.5559141e+03  -1.8405923e+04
   1.4740000e+03   1.3011829e+04  -2.7558738e+04
   1.4750000e+03   2.4336789e+04  -3.2672564e+04
   1.4760000e+03  -3.0160137e+03  -1.4906588e+04
   1.4770000e+03  -1.0585241e+04   4.6133498e+02
   1.4780000e+03   7.9135824e+03  -2.0512889e+04
   1.4790000e+03   1.5084183e+04  -3.3881546e+04
   1.4800000e+03   8.4211416e+03  -5.0411030e+02
   1.4810000e+03   1.9837433e+03   2.2318870e+03
   1.4820000e+03  -5.8398113e+02  -1.2381846e+04
   1.4830000e+03  -2.0972024e+03   1.3433498e+04
   1.4840000e+03  -1.1767713e+04   1.9388525e+04
   1.4850000e+03  -2.8918637e+04   5.2734544e+03
   1.4860000e+03  -2.3388598e+04   1.7736245e+04
   1.4870000e+03  -2.2751320e+04   2.9997516e+04
   1.4880000e+03  -3.9111535e+04   1.3739599e+04
   1.4890000e+03  -2.1175956e+04   1.2125479e+02
   1.4900000e+03  -1.3576069e+04   1.9563510e+04
   1.4910000e+03  -4.3884118e+04   3.9385394e+04
   1.4920000e+03  -5.5049672e+04   3.6602649e+04
   1.4930000e+03  -3.9042682e+04   2.1418829e+04
   1.4940000e+03  -1.4395916e+04   2.3328323e+04
   1.4950000e+03  -9.2867272e+03   4.8584082e+04
   1.4960000e+03  -3.4159922e+04   4.2812075e+04
   1.4970000e+03  -5.3817010e+04   2.9525065e+04
   1.4980000e+03  -3.8500387e+04   4.8205609e+04
   1.4990000e+03  -1.4723006e+04   4.9770368e+04
   1.5000000e+03  -2.8995096e+04   3.3614689e+04
   1.5010000e+03  -4.6085009e+04   2.7084919e+04
   1.5020000e+03  -4.4689523e+04   2.7624288e+04
   1.5030000e+03  -4.4878990e+04   3.9305546e+04
   1.5040000e+03  -2.4228066e+04   5.4691765e+04
   1.5050000e+03  -1.8789401e+04   4.3292517e+04
   1.5060000e+03  -4.9977161e+04   1.4517543e+04
   1.5070000e+03  -5.3485353e+04   2.2702251e+04
   1.5080000e+03  -2.8500103e+04   3.6090978e+04
   1.5090000e+03  -1.4055119e+04   2.8287477e+04
   1.5100000e+03  -5.7685967e+03   4.3343421e+04
   1.5110000e+03  -6.6048923e+03   4.2986590e+04
   1.5120000e+03  -3.5412664e+04   2.1195444e+04
   1.5130000e+03  -4.1934257e+04   2.3418206e+04
   1.5140000e+03   2.4506687e+02   2.8173164e+04
   1.5150000e+03   1.2134717e+04   2.5746419e+04
   1.5160000e+03  -1.1138828e+04   8.7206628e+03
   1.5170000e+03  -2.5624524e+04  -7.4473993e+03
   1.5180000e+03  -2.6970161e+04   1.7343961e+04
   1.5190000e+03  -6.9819413e+03   3.9624765e+04
   1.5200000e+03   3.8449597e+03   4.9931083e+03
   1.5210000e+03   3.8085360e+03  -3.5241371e+04
   1.5220000e+03   1.2353978e+04  -1.2401220e+04
   1.5230000e+03   9.4361792e+03   1.1129716e+04
   1.5240000e+03   1.3933185e+04  -1.3634413e+04
   1.5250000e+03   3.0587128e+04  -2.0958137e+04
   1.5260000e+03   2.7858134e+04  -1.0054264e+04
   1.5270000e+03   1.1231028e+04  -6.6576084e+03
   1.5280000e+03   1.6254176e+04  -5.4838245e+03
   1.5290000e+03   4.3179134e+04  -1.9101659e+04
   1.5300000e+03   4.6736267e+04  -3.0763268e+04
   1.5310000e+03   2.7123756e+04  -3.2042969e+04
   1.5320000e+03   8.7963941e+03  -2.9763920e+04
   1.5330000e+03   1.5012902e+04  -2.1111232e+04
   1.5340000e+03   4.7225228e+04  -1.2808431e+04
   1.5350000e+03   4.3220671e+04  -1.5657979e+04
   1.5360000e+03   2.1603699e+04  -2.9294644e+04
   1.5370000e+03   3.6220074e+04  -3.0919959e+04
   1.5380000e+03   4.6277950e+04  -3.5140863e+04
   1.5390000e+03   3.2158278e+04  -4.2180832e+04
   1.5400000e+03   2.4369886e+04  -2.7612112e+04
   1.5410000e+03   4.0057588e+04  -3.6355409e+04
   1.5420000e+03   4.9322577e+04  -5.4219253e+04
   1.5430000e+03   3.6178894e+04  -4.0858566e+04
   1.5440000e+03   2.6184404e+04  -3.3348095e+04
   1.5450000e+03   1.6643669e+04  -3.7029372e+04
   1.5460000e+03   2.5999450e+04  -4.9917684e+04
   1.5470000e+03   4.2896265e+04  -6.3629477e+04
   1.5480000e+03   2.6980668e+04  -4.4073406e+04
   1.5490000e+03   1.6738749e+04  -5.6555861e+03
   1.5500000e+03   2.0457522e+04   6.9429241e+02
   1.5510000e+03   2.5590610e+04  -3.7702354e+04
   1.5520000e+03   3.7245242e+04  -5.6647939e+04
   1.5530000e+03   2.8729849e+04  -3.3296904e+04
   1.5540000e+03   1.5801685e+04  -7.4825359e+03
   1.5550000e+03   1.7404129e+04   2.2036074e+03
   1.5560000e+03   1.3769858e+04  -1.5882612e+04
   1.5570000e+03   3.8060260e+03  -2.1018353e+04
   1.5580000e+03   1.9768965e+02  -6.7193224e+03
   1.5590000e+03  -1.0700328e+03  -2.3207550e+04
   1.5600000e+03  -5.1663685e+03  -2.8096307e+04
   1.5610000e+03   4.1067149e+03   7.4627635e+02
   1.5620000e+03  -5.3976326e+03   1.3783267e+04
   1.5630000e+03  -3.7768485e+04   6.3695011e+03
   1.5640000e+03  -2.3638152e+04   5.4900618e+03
   1.5650000e+03  -3.5864060e+01   8.8524454e+03
   1.5660000e+03  -1.2382374e+04   2.3435804e+03
   1.5670000e+03  -1.7064173e+04   9.9372947e+03
   1.5680000e+03  -1.8458072e+04   1.9139578e+04
   1.5690000e+03  -2.7280871e+04   1.2265792e+04
   1.5700000e+03  -1.7787614e+04   2.2900716e+04
   1.5710000e+03  -6.4411031e+03   3.2171612e+04
   1.5720000e+03  -2.9455073e+04   3.1061789e+04
   1.5730000e+03  -4.5045972e+04   3.0367039e+04
   1.5740000e+03  -1.9872881e+04   1.8550233e+04
   1.5750000e+03  -1.6814523e+04   2.5908776e+04
   1.5760000e+03  -3.9253161e+04   4.4671908e+04
   1.5770000e+03  -4.3500938e+04   4.3932615e+04
   1.5780000e+03  -3.4098984e+04   3.9901751e+04
   1.5790000e+03  -2.8789911e+04   3.8117347e+04
   1.5800000e+03  -5.0427022e+04   2.9477024e+04
   1.5810000e+03  -6.0742936e+04   2.4818218e+04
   1.5820000e+03  -3.0823976e+04   4.0106319e+04
   1.5830000e+03  -1.8823482e+04   4.0108414e+04
   1.5840000e+03  -3.8762138e+04   2.6240079e+04
   1.5850000e+03  -5.4315203e+04   3.9439933e+04
   1.5860000e+03  -4.6984958e+04   3.6526355e+04
   1.5870000e+03  -2.7034597e+04   2.4512967e+04
   1.5880000e+03  -1.5308081e+04   4.1963834e+04
   1.5890000e+03  -2.7035054e+04   4.7886150e+04
   1.5900000e+03  -4.5355937e+04   3.8089748e+04
   1.5910000e+03  -1.8503620e+04   2.6679666e+04
   1.5920000e+03   3.4415970e+03   2.0698784e+04
   1.5930000e+03  -2.7149108e+04   3.2685033e+04
   1.5940000e+03  -2.7332125e+04   4.1382094e+04
   1.5950000e+03  -2.9258629e+03   2.6869641e+04
   1.5960000e+03  -6.1858022e+03   5.5097873e+03
   1.5970000e+03  -6.7770623e+03   1.5621441e+04
   1.5980000e+03  -2.9983204e+03   2.7552923e+04
   1.5990000e+03  -1.1433876e+04   6.4884135e+03
   1.6000000e+03  -1.5254208e+04  -6.7724640e+03
   1.6010000e+03   2.9719851e+03  -8.2063842e+03
   1.6020000e+03   1.8368162e+04   6.5954333e+03
   1.6030000e+03   9.7857209e+03   2.6083799e+04
   1.6040000e+03  -4.1069938e+03  -1.9742038e+03
   1.6050000e+03  -1.3646227e+03  -3.2715100e+04
   1.6060000e+03   3.6383541e+04  -2.4816596e+04
   1.6070000e+03   4.7472214e+04  -1.1923360e+04
   1.6080000e+03  -3.7429827e+03  -4.3264851e+03
   1.6090000e+03  -1.3651227e+04  -2.8467564e+03
   1.6100000e+03   3.2123073e+04  -1.9254865e+04
   1.6110000e+03   5.7095347e+04  -3.6536004e+04
   1.6120000e+03   4.8591434e+04  -2.7800817e+04
   1.6130000e+03   2.1046692e+04  -2.9761199e+04
   1.6140000e+03   4.6708060e+03  -4.3650306e+04
   1.6150000e+03   2.2641493e+04  -2.3826877e+04
   1.6160000e+03   5.2685816e+04  -1.8440903e+04
   1.6170000e+03   5.5867839e+04  -4.0785033e+04
   1.6180000e+03   3.8718824e+04  -4.7582217e+04
   1.6190000e+03   2.2284907e+04  -4.1296777e+04
   1.6200000e+03   1.6328628e+04  -2.1267326e+04
   1.6210000e+03   5.4961891e+04  -2.2692331e+04
   1.6220000e+03   8.1164816e+04  -5.7926114e+04
   1.6230000e+03   3.3607881e+04  -6.1287650e+04
   1.6240000e+03   1.3335278e+03  -2.5485718e+04
   1.6250000e+03   2.7169084e+04  -1.8783788e+04
   1.6260000e+03   5.9422180e+04  -5.3562224e+04
   1.6270000e+03   5.7745978e+04  -6.0179755e+04
   1.6280000e+03   2.7405810e+04  -3.6702037e+04
   1.6290000e+03   1.7558827e+04  -2.6567169e+04
   1.6300000e+03   2.7243806e+04  -2.7796828e+04
   1.6310000e+03   2.9677624e+04  -4.3058527e+04
   1.6320000e+03   2.8558936e+04  -3.5490093e+04
   1.6330000e+03   3.1253899e+04  -6.6889173e+03
   1.6340000e+03   2.0733896e+04  -2.0297307e+04
   1.6350000e+03  -1.0548294e+04  -3.8947815e+04
   1.6360000e+03  -2.8346033e+03  -2.2718010e+04
   1.6370000e+03   2.6416619e+04  -6.7061716e+03
   1.6380000e+03   1.0935555e+04  -7.9643690e+03
   1.6390000e+03  -1.6237820e+03  -1.0172828e+04
   1.6400000e+03   4.5237151e+03  -4.1844440e+03
   1.6410000e+03  -4.5999276e+03   1.4405721e+03
   1.6420000e+03  -1.8350490e+04   8.9830194e+03
   1.6430000e+03  -1.8716736e+04  -1.7248721e+02
   1.6440000e+03  -2.5051986e+03  -5.7975192e+03
   1.6450000e+03  -1.1666993e+03   2.7862832e+04
   1.6460000e+03  -2.1940650e+04   2.8929161e+04
   1.6470000e+03  -3.2636833e+04  -1.3907469e+03
   1.6480000e+03  -2.4560065e+04   7.2913022e+03
   1.6490000e+03  -2.4671232e+04   2.0911757e+04
   1.6500000e+03  -3.8549124e+04   1.8083343e+04
   1.6510000e+03  -2.1512936e+04   1.6435279e+04
   1.6520000e+03  -1.3227074e+04   1.4621269e+04
   1.6530000e+03  -4.8210399e+04   1.7704366e+04
   1.6540000e+03  -5.1536503e+04   3.3219591e+04
   1.6550000e+03  -3.7211009e+04   3.8371162e+04
   1.6560000e+03  -3.6341169e+04   2.0975901e+04
   1.6570000e+03  -2.7908737e+04   3.3066210e+04
   1.6580000e+03  -3.7450661e+04   5.7815296e+04
   1.6590000e+03  -4.7896297e+04   4.8239263e+04
   1.6600000e+03  -3.1720624e+04   4.2219148e+04
   1.6610000e+03  -2.2166023e+04   3.9961335e+04
   1.6620000e+03  -3.6222274e+04   3.8047825e+04
   1.6630000e+03  -4.1890264e+04   4.3842861e+04
   1.6640000e+03  -3.6635201e+04   3.6518846e+04
   1.6650000e+03  -4.9863201e+04   4.1067812e+04
   1.6660000e+03  -3.7874712e+04   5.4939776e+04
   1.6670000e+03  -8.1488063e+03   5.1948178e+04
   1.6680000e+03  -2.5202953e+04   3.5843266e+04
   1.6690000e+03  -4.1118731e+04   1.3262106e+04
   1.6700000e+03  -3.2610466e+04   1.1313300e+04
   1.6710000e+03  -2.9408523e+04   3.6572912e+04
   1.6720000e+03  -2.3363338e+04   5.6122411e+04
   1.6730000e+03  -1.9452787e+04   3.3986883e+04
   1.6740000e+03  -1.3314541e+04   2.6354494e+03
   1.6750000e+03  -2.3618641e+03   1.5698570e+04
   1.6760000e+03  -8.6433254e+03   2.7004460e+04
   1.6770000e+03  -2.6133578e+04   1.4357544e+04
   1.6780000e+03  -1.3961979e+04   3.5803774e+03
   1.6790000e+03   1.2801366e+04  -9.5448887e+02
   1.6800000e+03  -3.4816600e+00   2.0600949e+04
   1.6810000e+03  -9.0573889e+03   3.2622820e+04
   1.6820000e+03   9.8240895e+03   3.7866990e+02
   1.6830000e+03   1.7645686e+04  -2.6968897e+04
   1.6840000e+03   2.8225188e+04  -1.4524449e+04
   1.6850000e+03   2.2756639e+04   2.5250749e+03
   1.6860000e+03  -7.3083474e+02  -1.2861860e+04
   1.6870000e+03   8.5844524e+03  -2.0388114e+04
   1.6880000e+03   3.1264905e+04  -1.3531694e+04
   1.6890000e+03   3.6675953e+04  -2.7236446e+04
   1.6900000e+03   3.2349402e+04  -3.2997266e+04
   1.6910000e+03   2.6129124e+04  -3.0755650e+04
   1.6920000e+03   1.8471313e+04  -3.2820821e+04
   1.6930000e+03   2.2003142e+04  -2.9410987e+04
   1.6940000e+03   4.0997079e+04  -2.9126136e+04
   1.6950000e+03   4.5846410e+04  -2.9333547e+04
   1.6960000e+03   4.2259025e+04  -3.8593708e+04
   1.6970000e+03   4.0740690e+04  -4.4400801e+04
   1.6980000e+03   3.7003067e+04  -2.7816410e+04
   1.6990000e+03   4.0430273e+04  -1.7617267e+04
   1.7000000e+03   3.0178763e+04  -3.4484474e+04
   1.7010000e+03   2.6888296e+04  -6.3994220e+04
   1.7020000e+03   5.2548968e+04  -6.0387422e+04
   1.7030000e+03   5.5143560e+04  -2.6955633e+04
   1.7040000e+03   3.5163282e+04  -1.7957426e+04
   1.7050000e+03   3.4574890e+04  -4.1819490e+04
   1.7060000e+03   4.3272319e+04  -6.7436078e+04
   1.7070000e+03   3.2903437e+04  -4.6603167e+04
   1.7080000e+03   2.4308612e+04  -1.0308724e+04
   1.7090000e+03   3.0031837e+04  -2.2588539e+04
   1.7100000e+03   1.7340864e+04  -3.4895247e+04
   1.7110000e+03   1.0366299e+04  -2.0670810e+04
   1.7120000e+03   1.8806064e+04  -2.4975260e+04
   1.7130000e+03   1.3990743e+04  -4.5763040e+04
   1.7140000e+03   1.4484907e+04  -3.5146034e+04
   1.7150000e+03   1.0995280e+04   1.7117981e+02
   1.7160000e+03   2.9152803e+03  -4.6179719e+02
   1.7170000e+03   9.7546523e+03  -2.1233524e+04
   1.7180000e+03   9.5503297e+03  -2.5213870e+04
   1.7190000e+03   3.0330288e+03  -1.0797764e+04
   1.7200000e+03   1.7696011e+03   1.1295492e+04
   1.7210000e+03   1.8248128e+03  -1.8594820e+03
   1.7220000e+03  -1.4185956e+03  -1.7001278e+04
   1.7230000e+03  -3.0981260e+03   7.1530821e+03
   1.7240000e+03  -7.7581773e+03   2.6647761e+04
   1.7250000e+03  -3.0026445e+04   2.3363244e+04
   1.7260000e+03  -3.4432288e+04   5.3704400e+02
   1.7270000e+03  -2.3578134e+04  -8.2187916e+03
   1.7280000e+03  -2.7046276e+04   1.8047705e+04
   1.7290000e+03  -1.5088486e+04   3.3724797e+04
   1.7300000e+03  -9.6716750e+03   2.5415544e+04
   1.7310000e+03  -3.3736123e+04   1.6785165e+04
   1.7320000e+03  -4.7977801e+04   2.6174454e+04
   1.7330000e+03  -3.8928104e+04   3.4246705e+04
   1.7340000e+03  -2.5167536e+04   3.5710096e+04
   1.7350000e+03  -3.0935684e+04   5.2958875e+04
   1.7360000e+03  -4.0494795e+04   4.2294440e+04
   1.7370000e+03  -3.0439300e+04   1.5287420e+04
   1.7380000e+03  -1.5744174e+04   3.0218398e+04
   1.7390000e+03  -2.5306769e+04   5.5517742e+04
   1.7400000e+03  -5.7584999e+04   5.8142155e+04
   1.7410000e+03  -5.3340329e+04   3.4730915e+04
   1.7420000e+03  -3.0341101e+04   1.3273823e+04
   1.7430000e+03  -3.8450391e+04   2.7859849e+04
   1.7440000e+03  -3.4118323e+04   4.7804004e+04
   1.7450000e+03  -2.9814026e+04   3.6560073e+04
   1.7460000e+03  -5.1200360e+04   1.8089239e+04
   1.7470000e+03  -5.2620338e+04   3.1360191e+04
   1.7480000e+03  -3.1493350e+04   3.5753845e+04
   1.7490000e+03  -1.7367787e+04   1.8400804e+04
   1.7500000e+03  -1.6931649e+04   3.4925830e+04
   1.7510000e+03  -2.2163909e+04   4.6606230e+04
   1.7520000e+03  -3.1871440e+04   3.0189818e+04
   1.7530000e+03  -2.3584360e+04   2.2854386e+04
   1.7540000e+03   5.2366842e+03   1.8792859e+04
   1.7550000e+03   4.3101183e+03   2.5926456e+04
   1.7560000e+03  -7.6608538e+03   3.1614649e+04
   1.7570000e+03  -9.4087356e+03   1.4129605e+04
   1.7580000e+03  -1.3416945e+04   4.3125856e+02
   1.7590000e+03   3.1374464e+03   4.3960948e+03
   1.7600000e+03   6.7084444e+03   5.9753572e+03
   1.7610000e+03  -7.7735322e+03  -7.0068961e+03
   1.7620000e+03   5.7729755e+03  -1.3717765e+04
   1.7630000e+03   1.7725283e+04  -1.4681503e+04
   1.7640000e+03   1.1833253e+04  -4.9002314e+03
   1.7650000e+03   1.1548196e+04   1.9270632e+04
   1.7660000e+03   1.2998654e+04   4.1252476e+02
   1.7670000e+03   1.2790919e+04  -3.7375708e+04
   1.7680000e+03   3.2703513e+04  -3.8262614e+04
   1.7690000e+03   4.9958093e+04  -2.6422743e+04
   1.7700000e+03   2.4870363e+04  -6.2058523e+03
   1.7710000e+03   1.0271393e+04   5.6962125e+03
   1.7720000e+03   2.0243527e+04  -1.2918565e+04
   1.7730000e+03   2.7816597e+04  -3.9198787e+04
   1.7740000e+03   5.2226125e+04  -4.5763378e+04
   1.7750000e+03   4.6394215e+04  -3.1277333e+04
   1.7760000e+03   1.6057905e+04  -2.8227748e+04
   1.7770000e+03   3.2668810e+04  -3.7803916e+04
   1.7780000e+03   5.1777706e+04  -4.9704256e+04
   1.7790000e+03   3.4581020e+04  -4.8612027e+04
   1.7800000e+03   2.5330972e+04  -2.2003665e+04
   1.7810000e+03   3.9178021e+04  -2.8824351e+04
   1.7820000e+03   4.0016446e+04  -5.4410822e+04
   1.7830000e+03   3.2130203e+04  -4.2587511e+04
   1.7840000e+03   3.7951223e+04  -3.3640413e+04
   1.7850000e+03   3.3323000e+04  -3.2547544e+04
   1.7860000e+03   3.3057781e+04  -1.8481620e+04
   1.7870000e+03   3.4636717e+04  -1.1878786e+04
   1.7880000e+03   1.3239451e+04  -2.3038660e+04
   1.7890000e+03   1.6279458e+04  -3.5504840e+04
   1.7900000e+03   3.6655726e+04  -3.4696407e+04
   1.7910000e+03   3.2519574e+04  -3.0622970e+04
   1.7920000e+03   1.8074605e+04  -2.2042065e+04
   1.7930000e+03   9.1590180e+03  -2.5430170e+04
   1.7940000e+03   1.3788368e+04  -3.7906123e+04
   1.7950000e+03   2.2189735e+04  -2.0104727e+04
   1.7960000e+03   2.1256393e+04  -1.0158769e+04
   1.7970000e+03   1.0012888e+04  -2.2793523e+04
   1.7980000e+03   5.4900235e+03  -1.9853987e+04
   1.7990000e+03   7.6671476e+03  -1.0054715e+04
   1.8000000e+03  -7.1542605e+03  -2.6312172e+03
   1.8010000e+03  -6.1949622e+03  -5.9678261e+03
   1.8020000e+03  -3.1112787e+03  -7.6977235e+03
   1.8030000e+03  -2.8186276e+04   7.8012101e+03
   1.8040000e+03  -1.8052135e+04   1.6591719e+04
   1.8050000e+03   6.0951648e+03   1.3160545e+04
   1.8060000e+03  -1.0906347e+04   6.1904487e+03
   1.8070000e+03  -3.6762380e+04   6.7312059e+03
   1.8080000e+03  -4.6008274e+04   9.8684720e+03
   1.8090000e+03  -2.6137295e+04   1.1269659e+04
   1.8100000e+03   4.6261362e+03   2.7154165e+04
   1.8110000e+03  -6.7893770e+02   3.9723882e+04
   1.8120000e+03  -3.9738498e+04   3.9131627e+04
   1.8130000e+03  -4.8535570e+04   2.3044089e+04
   1.8140000e+03  -1.8652244e+04   2.3664860e+03
   1.8150000e+03  -1.9550021e+04   1.8653128e+04
   1.8160000e+03  -3.3264040e+04   4.4308962e+04
   1.8170000e+03  -2.9567157e+04   4.5990757e+04
   1.8180000e+03  -3.4613268e+04   3.7702454e+04
   1.8190000e+03  -3.5395270e+04   2.4160318e+04
   1.8200000e+03  -4.5492062e+04   1.6483213e+04
   1.8210000e+03  -5.9705557e+04   2.8701321e+04
   1.8220000e+03  -4.1493883e+04   5.4651681e+04
   1.8230000e+03  -2.2050482e+04   4.2845165e+04
   1.8240000e+03  -2.2941439e+04   9.6536299e+03
   1.8250000e+03  -3.6228137e+04   3.1769456e+04
   1.8260000e+03  -5.5726933e+04   5.6625556e+04
   1.8270000e+03  -6.0103282e+04   4.4065116e+04
   1.8280000e+03  -2.9692502e+04   3.6739004e+04
   1.8290000e+03   2.1583961e+03   3.4115344e+04
   1.8300000e+03  -1.6439267e+04   3.1964813e+04
   1.8310000e+03  -4.2704577e+04   2.3380908e+04
   1.8320000e+03  -3.6707871e+04   2.0411518e+04
   1.8330000e+03  -1.9469192e+04   3.6572980e+04
   1.8340000e+03  -2.3523463e+03   3.4879327e+04
   1.8350000e+03  -1.1865014e+04   1.2319116e+04
   1.8360000e+03  -2.2743890e+04   4.2627214e+03
   1.8370000e+03  -2.7954826e+03   1.6333031e+04
   1.8380000e+03   4.1433906e+03   1.0658029e+04
   1.8390000e+03  -8.0281966e+03  -1.9478921e+03
   1.8400000e+03  -9.8548119e+03   1.8050082e+04
   1.8410000e+03   4.8676352e+03   2.1499054e+04
   1.8420000e+03   1.7718502e+04   2.5917109e+03
   1.8430000e+03   1.4525013e+04  -9.0861300e+01
   1.8440000e+03   2.1943651e+03  -3.6923324e+03
   1.8450000e+03  -2.2781614e+03   1.0391742e+03
   1.8460000e+03   2.6258958e+04   6.9255454e+03
   1.8470000e+03   3.5504740e+04  -7.1644848e+03
   1.8480000e+03   4.4547362e+03  -1.5254693e+04
   1.8490000e+03   1.6458315e+04  -1.1422595e+04
   1.8500000e+03   4.0277905e+04  -2.1757405e+04
   1.8510000e+03   2.7312209e+04  -4.0081346e+04
   1.8520000e+03   2.7443700e+04  -3.0334482e+04
   1.8530000e+03   4.1584758e+04  -2.3261627e+04
   1.8540000e+03   4.1332000e+04  -3.8431407e+04
   1.8550000e+03   2.7511307e+04  -2.8513561e+04
   1.8560000e+03   2.2986956e+04  -1.9956670e+04
   1.8570000e+03   3.5796543e+04  -3.6330401e+04
   1.8580000e+03   5.1018412e+04  -4.4490982e+04
   1.8590000e+03   5.0894345e+04  -3.5613179e+04
   1.8600000e+03   2.6928246e+04  -1.6074043e+04
   1.8610000e+03   2.4175302e+04  -1.9491161e+04
   1.8620000e+03   3.7203458e+04  -4.9294413e+04
   1.8630000e+03   2.6533226e+04  -6.0226575e+04
   1.8640000e+03   3.2362665e+04  -3.4995819e+04
   1.8650000e+03   4.5865065e+04  -1.4816950e+04
   1.8660000e+03   3.6425415e+04  -4.2832888e+04
   1.8670000e+03   2.2941082e+04  -6.7747271e+04
   1.8680000e+03   1.6049382e+04  -5.3349165e+04
   1.8690000e+03   3.6987626e+04  -3.1022799e+04
   1.8700000e+03   6.1735420e+04  -2.0834496e+04
   1.8710000e+03   4.2258119e+04  -4.3941946e+04
   1.8720000e+03   3.6607530e+03  -5.4390462e+04
   1.8730000e+03   1.8586173e+03  -1.8967172e+04
   1.8740000e+03   3.3312731e+04   8.7595760e+02
   1.8750000e+03   4.0906856e+04  -1.0658729e+04
   1.8760000e+03   1.8202682e+04  -3.0592504e+04
   1.8770000e+03  -1.1711096e+04  -3.3137076e+04
   1.8780000e+03  -2.2004207e+04  -9.4109163e+03
   1.8790000e+03   8.9642387e+03   3.2694925e+03
   1.8800000e+03   2.3244859e+04  -8.7588850e+03
   1.8810000e+03  -1.1746276e+03  -1.4956771e+04
   1.8820000e+03  -2.0309027e+04  -2.7324440e+01
   1.8830000e+03  -2.2136818e+04  -9.9192176e+03
   1.8840000e+03  -4.9293866e+03  -2.4813702e+04
   1.8850000e+03   2.2543124e+03   1.4386885e+04
   1.8860000e+03  -2.2920779e+04   3.0964495e+04
   1.8870000e+03  -4.2013160e+04   8.1295851e+03
   1.8880000e+03  -1.9265707e+04   1.3904309e+04
   1.8890000e+03   7.2924463e+03   2.2089067e+04
   1.8900000e+03  -1.8257094e+04   2.2408952e+04
   1.8910000e+03  -4.8747611e+04   3.2757043e+04
   1.8920000e+03  -4.5862623e+04   3.9253981e+04
   1.8930000e+03  -3.7219282e+04   3.1749201e+04
   1.8940000e+03  -2.5746148e+04   2.2583588e+04
   1.8950000e+03  -2.9463204e+04   2.8877020e+04
   1.8960000e+03  -3.8274239e+04   3.8799726e+04
   1.8970000e+03  -3.0386740e+04   4.1798443e+04
   1.8980000e+03  -3.5245794e+04   2.6716664e+04
   1.8990000e+03  -4.8368079e+04   2.2279555e+04
   1.9000000e+03  -4.9574048e+04   5.4188128e+04
   1.9010000e+03  -4.2905430e+04   4.9966545e+04
   1.9020000e+03  -3.7209078e+04   2.2131527e+04
   1.9030000e+03  -2.8113205e+04   3.5884713e+04
   1.9040000e+03  -2.2432595e+04   5.3085323e+04
   1.9050000e+03  -4.3693670e+04   5.5636266e+04
   1.9060000e+03  -5.3078855e+04   4.9418386e+04
   1.9070000e+03  -4.1324907e+04   3.5425606e+04
   1.9080000e+03  -3.9650470e+04   2.6190943e+04
   1.9090000e+03  -2.2462836e+04   2.7048974e+04
   1.9100000e+03  -8.9024855e+03   4.1140252e+04
   1.9110000e+03  -1.7454833e+04   4.1863441e+04
   1.9120000e+03  -2.1038875e+04   2.4580032e+04
   1.9130000e+03  -2.5142582e+04   1.0365749e+04
   1.9140000e+03  -2.1993160e+04   1.7069441e+04
   1.9150000e+03  -7.9580451e+03   4.2873280e+04
   1.9160000e+03  -2.3417517e+03   2.5730960e+04
   1.9170000e+03  -1.0444675e+04  -1.3393246e+04
   1.9180000e+03  -1.4323187e+04  -2.6497122e+03
   1.9190000e+03  -7.2289581e+02   2.0077243e+04
   1.9200000e+03   9.1015231e+03   2.0622885e+04
   1.9210000e+03   1.1472586e+04   1.2188581e+04
   1.9220000e+03  -1.2354543e+03   2.2343356e+03
   1.9230000e+03  -1.8544452e+04  -2.1987994e+03
   1.9240000e+03   4.1660126e+03   9.6816805e+02
   1.9250000e+03   2.9006415e+04  -1.9472656e+03
   1.9260000e+03   2.5969460e+04  -1.5625655e+04
   1.9270000e+03   2.3471897e+04  -1.1725596e+04
   1.9280000e+03   2.2221097e+04  -1.1251708e+04
   1.9290000e+03   2.8146007e+04  -2.5038002e+04
   1.9300000e+03   3.6327358e+04  -1.3194600e+04
   1.9310000e+03   3.3043330e+04  -1.4746382e+04
   1.9320000e+03   2.6697376e+04  -4.1366306e+04
   1.9330000e+03   3.0147932e+04  -4.9232891e+04
   1.9340000e+03   3.7773756e+04  -4.0293329e+04
   1.9350000e+03   3.4331824e+04  -1.9258103e+04
   1.9360000e+03   3.7986333e+04  -1.8524603e+04
   1.9370000e+03   3.4687464e+04  -5.0552200e+04
   1.9380000e+03   2.0214173e+04  -6.5486730e+04
   1.9390000e+03   3.7352566e+04  -4.5708746e+04
   1.9400000e+03   4.1131449e+04  -2.8818973e+04
   1.9410000e+03   1.8286993e+04  -3.6945745e+04
   1.9420000e+03   3.1852728e+04  -3.4094408e+04
   1.9430000e+03   5.5595056e+04  -3.3430980e+04
   1.9440000e+03   4.6720662e+04  -5.6274493e+04
   1.9450000e+03   3.0575444e+04  -5.2416534e+04
   1.9460000e+03   3.6957927e+04  -3.4346455e+04
   1.9470000e+03   4.8095658e+04  -2.6447479e+04
   1.9480000e+03   4.7327025e+04  -2.7059615e+04
   1.9490000e+03   3.5353434e+04  -4.8157706e+04
   1.9500000e+03   1.0217139e+04  -4.7037015e+04
   1.9510000e+03   1.6715597e+04  -1.9659761e+04
   1.9520000e+03   4.3531125e+04  -1.5851552e+04
   1.9530000e+03   3.0444501e+04  -3.0492141e+04
   1.9540000e+03   4.9186018e+03  -2.9802732e+04
   1.9550000e+03  -1.0927708e+04  -1.3991927e+04
   1.9560000e+03  -4.4650266e+03  -6.1645406e+03
   1.9570000e+03   3.0898336e+04  -1.3307604e+03
   1.9580000e+03   3.0232879e+04  -1.1889772e+04
   1.9590000e+03  -1.3066319e+04  -2.9661465e+04
   1.9600000e+03  -2.0905443e+04  -1.0272236e+04
   1.9610000e+03   1.2320237e+04   7.3749892e+03
   1.9620000e+03   8.2507457e+03   6.4023895e+03
   1.9630000e+03  -2.8515441e+04   9.6286866e+03
   1.9640000e+03  -3.5832213e+04  -5.2092666e+03
   1.9650000e+03  -2.0819975e+04  -9.6302854e+03
   1.9660000e+03   3.8286587e+03   1.7303239e+04
   1.9670000e+03   1.5168394e+03   3.1054027e+04
   1.9680000e+03  -3.6705824e+04   2.2233283e+04
   1.9690000e+03  -3.9704132e+04   2.1854029e+04
   1.9700000e+03  -2.9102109e+04   2.2049800e+04
   1.9710000e+03  -3.9762921e+04   1.1842167e+04
   1.9720000e+03  -3.4584687e+04   3.0038708e+04
   1.9730000e+03  -1.9388391e+04   4.4945241e+04
   1.9740000e+03  -1.8111120e+04   2.8264869e+04
   1.9750000e+03  -3.5263043e+04   3.5535477e+04
   1.9760000e+03  -5.4172947e+04   4.0024331e+04
   1.9770000e+03  -5.9346202e+04   2.3794125e+04
   1.9780000e+03  -4.3270639e+04   2.9056323e+04
   1.9790000e+03  -1.7628317e+04   4.2597610e+04
   1.9800000e+03  -2.3364857e+04   5.0495856e+04
   1.9810000e+03  -3.9288739e+04   4.5104863e+04
   1.9820000e+03  -4.8800019e+04   3.0603415e+04
   1.9830000e+03  -6.1432690e+04   2.9359095e+04
   1.9840000e+03  -3.8429176e+04   3.8300794e+04
   1.9850000e+03  -1.2615432e+04   4.3415594e+04
   1.9860000e+03  -2.5151864e+04   4.1082247e+04
   1.9870000e+03  -3.7148719e+04   4.1660476e+04
   1.9880000e+03  -3.6963635e+04   2.9120521e+04
   1.9890000e+03  -2.7545147e+04   2.1314961e+04
   1.9900000e+03  -1.1639608e+04   4.6712676e+04
   1.9910000e+03  -1.4105142e+04   4.0833943e+04
   1.9920000e+03  -3.3437809e+04   1.4798702e+04
   1.9930000e+03  -2.3935385e+04   2.1907622e+04
   1.9940000e+03  -2.0733171e+03   2.3536362e+04
   1.9950000e+03  -2.0087244e+04   2.0757705e+04
   1.9960000e+03  -2.2337261e+04   2.2538657e+04
   1.9970000e+03  -6.9675072e+02   7.6931850e+03
   1.9980000e+03  -5.9859870e+03  -6.8531835e+03
   1.9990000e+03  -1.8077200e+03  -2.3113654e+03
   2.0000000e+03   4.6434296e+03   6.5461389e+03
