   1.0274000e+02   2.5123000e+01
   9.2858778e+01   3.0752545e+01
   0.0000000e+00  -4.7506992e+04  -4.7506992e+04
   1.0000000e+00  -4.4458906e+04  -1.7685437e+04
   2.0000000e+00  -1.5149569e+04   1.9189123e+04
   3.0000000e+00   1.3006909e+04   2.1314866e+04
   4.0000000e+00   1.5070854e+04  -8.1760358e+03
   5.0000000e+00   1.5293059e+03  -3.3543685e+04
   6.0000000e+00   6.2208813e+02  -3.2824181e+04
   7.0000000e+00   1.0398020e+04  -8.9627265e+03
   8.0000000e+00   5.5885702e+03   8.7087079e+03
   9.0000000e+00  -7.7841772e+03   1.0741124e+04
   1.0000000e+01  -7.8701185e+03   9.8376497e+03
   1.1000000e+01   5.5374068e+03   6.4691448e+03
   1.2000000e+01   2.1662063e+04   4.3076170e+03
   1.3000000e+01   2.1763236e+04  -1.9480893e+03
   1.4000000e+01   2.6230518e+03  -1.8920281e+04
   1.5000000e+01  -1.9402421e+04  -2.7002902e+04
   1.6000000e+01  -3.0439285e+04  -1.2513955e+04
   1.7000000e+01  -1.4857974e+04   1.2007063e+04
   1.8000000e+01   1.3632122e+04   1.8521914e+04
   1.9000000e+01   2.1345267e+04  -8.9895660e+03
   2.0000000e+01   1.5469347e+04  -4.0053169e+04
   2.1000000e+01   1.8265557e+04  -2.9201149e+04
   2.2000000e+01   1.8289053e+04   7.3828429e+03
   2.3000000e+01  -1.1582534e+03   1.5279818e+04
   2.4000000e+01  -1.5645095e+04  -1.0732238e+03
   2.5000000e+01   2.6775018e+03   2.3778760e+02
   2.6000000e+01   3.0883196e+04   2.0202090e+04
   2.7000000e+01   3.6739186e+04   2.6562165e+04
   2.8000000e+01   1.7143472e+04   5.3473836e+03
   2.9000000e+01  -1.2544395e+04  -1.1296251e+04
   3.0000000e+01  -2.2801214e+04   4.4824666e+03
   3.1000000e+01  -4.7520220e+03   2.7826960e+04
   3.2000000e+01   8.8649380e+03   2.7495618e+04
   3.3000000e+01   8.8975572e+03   1.0337564e+04
   3.4000000e+01   1.7527388e+04  -4.8358556e+03
   3.5000000e+01   1.2526366e+04  -1.4523647e+04
   3.6000000e+01  -1.5193826e+04  -6.5497798e+03
   3.7000000e+01  -5.0951089e+03   1.7650941e+04
   3.8000000e+01   3.8540169e+04   2.1430215e+04
   3.9000000e+01   2.7575590e+04   9.3044112e+03
   4.0000000e+01  -3.5028030e+04   8.6447294e+03
   4.1000000e+01  -4.3719534e+04   1.1679255e+04
   4.2000000e+01   2.2523928e+04   1.6066623e+04
   4.3000000e+01   5.9526021e+04   1.2970232e+04
   4.4000000e+01   1.5599641e+04  -5.5149595e+03
   4.5000000e+01  -4.3923916e+04  -4.5909718e+03
   4.6000000e+01  -5.6098853e+04   2.2757716e+04
   4.7000000e+01  -2.4496228e+04   2.4119057e+04
   4.8000000e+01   1.1391528e+04  -1.3150540e+04
   4.9000000e+01   1.5953801e+04  -3.0101047e+04
   5.0000000e+01  -6.9890503e+03  -6.7378057e+03
   5.1000000e+01  -1.1625685e+04   8.8609285e+03
   5.2000000e+01   1.0507198e+04   3.2394068e+01
   5.3000000e+01   5.5039207e+03  -8.0366924e+03
   5.4000000e+01  -2.9727776e+04  -2.9306640e+03
   5.5000000e+01  -3.9073947e+04   5.8454170e+03
   5.6000000e+01  -1.5875153e+04   5.1208926e+02
   5.7000000e+01   5.3164210e+03  -1.5436019e+04
   5.8000000e+01   1.5519744e+04  -1.2029358e+04
   5.9000000e+01   1.4989250e+04   1.6178418e+04
   6.0000000e+01  -1.3353120e+04   2.4359317e+04
   6.1000000e+01  -5.0516017e+04  -8.3917805e+03
   6.2000000e+01  -3.9846652e+04  -3.4491082e+04
   6.3000000e+01   1.7718197e+04  -2.3281827e+04
   6.4000000e+01   5.4924909e+04  -7.4996656e+03
   6.5000000e+01   2.6122430e+04  -1.2242293e+04
   6.6000000e+01  -2.6446204e+04  -1.2911133e+04
   6.7000000e+01  -2.9779746e+04   2.9494361e+03
   6.8000000e+01   5.0903518e+03   6.6112002e+03
   6.9000000e+01   2.1053932e+04  -8.1311866e+03
   7.0000000e+01   5.4333357e+03  -1.7911344e+04
   7.1000000e+01  -1.3863064e+04  -1.0476972e+04
   7.2000000e+01  -1.3583269e+04   2.8464665e+03
   7.3000000e+01  -7.8786418e+03   1.2536435e+03
   7.4000000e+01  -8.3620209e+03  -4.8090601e+03
   7.5000000e+01  -5.7175703e+03  -1.0474987e+03
   7.6000000e+01  -1.4186970e+03  -3.3704309e+03
   7.7000000e+01   1.2409682e+04  -1.2049739e+04
   7.8000000e+01   3.4826085e+04  -1.0754487e+04
   7.9000000e+01   2.6275308e+04  -3.4504789e+03
   8.0000000e+01  -1.6894002e+04  -7.6224527e+03
   8.1000000e+01  -2.9236534e+04  -1.7504198e+04
   8.2000000e+01   1.2360997e+04  -1.3801496e+04
   8.3000000e+01   4.3704239e+04  -6.7964789e+03
   8.4000000e+01   3.3617076e+04  -1.2670393e+03
   8.5000000e+01   1.3702716e+04   1.2193288e+04
   8.6000000e+01  -5.8711463e+01   1.3981572e+04
   8.7000000e+01  -6.5037164e+03  -5.5983174e+02
   8.8000000e+01  -4.0932134e+03   1.7658936e+03
   8.9000000e+01   3.7037455e+03   2.3234631e+04
   9.0000000e+01   1.0054115e+04   2.4769848e+04
   9.1000000e+01   6.8897282e+03   6.5741937e+03
   9.2000000e+01   4.9310564e+03   7.2383472e+03
   9.3000000e+01   1.6144799e+04   2.1117029e+04
   9.4000000e+01   2.1332939e+04   2.0578015e+04
   9.5000000e+01   1.6551999e+03   6.1248771e+03
   9.6000000e+01  -1.8157201e+04  -9.9038049e+03
   9.7000000e+01  -5.6395643e+03  -1.1838816e+04
   9.8000000e+01   1.6754785e+04   4.9805737e+03
   9.9000000e+01   1.0581700e+04   2.1747301e+04
   1.0000000e+02  -1.5809171e+04   1.6682731e+04
   1.0100000e+02  -2.8971825e+04  -2.7247314e+03
   1.0200000e+02  -1.2606808e+04  -7.3731917e+03
   1.0300000e+02   1.5246217e+04   7.5751875e+03
   1.0400000e+02   2.1768716e+04   2.2900097e+04
   1.0500000e+02  -4.9745024e+03   2.1096925e+04
   1.0600000e+02  -3.9477099e+04   3.9203543e+03
   1.0700000e+02  -3.3087703e+04  -6.2969765e+03
   1.0800000e+02   1.9005600e+04   1.2523373e+03
   1.0900000e+02   4.7337340e+04   1.3224784e+04
   1.1000000e+02   8.1497846e+03   7.1884044e+03
   1.1100000e+02  -3.8080947e+04  -8.9279583e+03
   1.1200000e+02  -2.8030088e+04  -2.5110857e+03
   1.1300000e+02   7.9850761e+03   1.0206829e+04
   1.1400000e+02   1.9754785e+04  -5.6730703e+03
   1.1500000e+02  -1.2793081e+03  -2.7503186e+04
   1.1600000e+02  -3.7338624e+04  -1.2290942e+04
   1.1700000e+02  -4.5527711e+04   2.2484242e+04
   1.1800000e+02  -3.8918123e+03   1.4509706e+04
   1.1900000e+02   3.6120980e+04  -2.7005449e+04
   1.2000000e+02   1.6849816e+04  -3.3544665e+04
   1.2100000e+02  -3.1511003e+04  -3.6534611e+03
   1.2200000e+02  -4.0496907e+04   1.0223930e+04
   1.2300000e+02  -1.1196816e+04  -5.8869826e+03
   1.2400000e+02   4.9014857e+03  -1.5658429e+04
   1.2500000e+02  -5.1335754e+03  -2.4454851e+03
   1.2600000e+02  -7.9715686e+03   6.7522883e+03
   1.2700000e+02   2.8647741e+03  -3.0852736e+03
   1.2800000e+02  -1.1224791e+03  -2.1764190e+04
   1.2900000e+02  -1.3984347e+04  -2.5138437e+04
   1.3000000e+02  -1.0646454e+04  -7.7665652e+03
   1.3100000e+02   6.3717306e+03  -3.0207990e+03
   1.3200000e+02   2.2972679e+04  -1.3182962e+04
   1.3300000e+02   2.6529101e+04  -1.5532037e+04
   1.3400000e+02   1.5734613e+04  -1.7377682e+04
   1.3500000e+02   2.6080070e+03  -9.9462775e+03
   1.3600000e+02  -2.3186302e+03   1.9629182e+04
   1.3700000e+02  -7.2867186e+02   3.3988741e+04
   1.3800000e+02  -5.7313483e+02   1.3521897e+04
   1.3900000e+02   2.9817780e+03  -1.0767638e+04
   1.4000000e+02   8.9633439e+03  -2.2419086e+04
   1.4100000e+02   7.9510273e+03  -1.2691144e+04
   1.4200000e+02   6.7392624e+03   1.7579560e+04
   1.4300000e+02   5.8571959e+03   2.3761432e+04
   1.4400000e+02   1.1377574e+02  -4.5772624e+03
   1.4500000e+02  -1.1695774e+03  -2.2540485e+04
   1.4600000e+02   4.0752902e+03  -1.7195745e+04
   1.4700000e+02   3.8487159e+03  -3.6129715e+03
   1.4800000e+02  -1.9441152e+02   1.0054174e+04
   1.4900000e+02   9.5402708e+03   1.2830370e+04
   1.5000000e+02   2.4828640e+04   2.8520812e+03
   1.5100000e+02   1.8964879e+04  -3.6317055e+03
   1.5200000e+02   7.8426778e+02  -1.3586972e+02
   1.5300000e+02   1.0453641e+03   8.2532743e+03
   1.5400000e+02   1.8189313e+04   2.0595090e+04
   1.5500000e+02   2.3276896e+04   2.1388478e+04
   1.5600000e+02   1.4864501e+04   5.4344018e+03
   1.5700000e+02   8.7954614e+03  -6.4957378e+02
   1.5800000e+02   6.2409535e+02   8.7254689e+03
   1.5900000e+02  -5.7924384e+03   1.5921429e+04
   1.6000000e+02  -1.1561906e+03   1.5062266e+04
   1.6100000e+02   7.1744868e+03   1.0919608e+04
   1.6200000e+02   4.2008450e+03   2.8599842e+03
   1.6300000e+02  -2.0635337e+04  -9.3842587e+03
   1.6400000e+02  -4.2842852e+04  -2.8812496e+03
   1.6500000e+02  -3.0237503e+04   2.0072993e+04
   1.6600000e+02   8.3656746e+03   1.8484536e+04
   1.6700000e+02   3.2475676e+04  -1.8345344e+03
   1.6800000e+02   2.7900953e+03   1.4437125e+03
   1.6900000e+02  -4.6911782e+04   2.3770442e+04
   1.7000000e+02  -3.6439708e+04   2.1251267e+04
   1.7100000e+02   2.2823943e+04  -6.6693905e+03
   1.7200000e+02   4.3148436e+04  -1.5444318e+04
   1.7300000e+02  -2.3246560e+02   3.7103918e+03
   1.7400000e+02  -4.0494319e+04   2.0430999e+04
   1.7500000e+02  -2.2340602e+04   7.1974528e+03
   1.7600000e+02   2.6059486e+04  -2.1866332e+04
   1.7700000e+02   3.4511735e+04  -2.4909534e+04
   1.7800000e+02  -1.5349102e+04  -1.2442727e+04
   1.7900000e+02  -5.8757500e+04  -1.0249474e+04
   1.8000000e+02  -4.3041899e+04  -9.6876291e+03
   1.8100000e+02   5.7039476e+03  -1.6502964e+04
   1.8200000e+02   2.7225311e+04  -3.0900978e+04
   1.8300000e+02  -6.4195232e+03  -2.3491335e+04
   1.8400000e+02  -4.4291708e+04   8.1549438e+03
   1.8500000e+02  -2.8493973e+04   1.8025969e+04
   1.8600000e+02   7.2368693e+03  -9.7148560e+03
   1.8700000e+02   5.5136859e+03  -2.4755204e+04
   1.8800000e+02  -1.7936889e+04  -6.2500846e+03
   1.8900000e+02  -1.3223932e+04   1.1793820e+04
   1.9000000e+02   1.1871504e+04   5.0863726e+03
   1.9100000e+02   1.9583838e+04  -1.4640612e+04
   1.9200000e+02   1.8387119e+04  -1.5458937e+04
   1.9300000e+02   2.1296585e+04  -1.3378618e+03
   1.9400000e+02   1.3702049e+04   4.0099748e+02
   1.9500000e+02  -4.9896519e+03  -5.1818654e+03
   1.9600000e+02  -1.1864515e+04  -4.7721112e+03
   1.9700000e+02   5.2337446e+03  -5.6765577e+03
   1.9800000e+02   2.2619472e+04  -1.6848152e+04
   1.9900000e+02   1.6269541e+04  -1.5912741e+04
   2.0000000e+02  -7.3539066e+03   8.9330239e+03
   2.0100000e+02  -2.6695923e+04   1.5420700e+04
   2.0200000e+02  -2.1570914e+04  -6.8184233e+03
   2.0300000e+02   4.4895989e+03  -1.7114476e+04
   2.0400000e+02   2.2710346e+04  -7.2657031e+03
   2.0500000e+02   1.3879622e+04   4.6726952e+02
   2.0600000e+02  -1.2202170e+03   3.4709729e+03
   2.0700000e+02   7.0681389e+03   1.7436966e+04
   2.0800000e+02   2.6009365e+04   2.9042761e+04
   2.0900000e+02   3.1882285e+04   1.4028258e+04
   2.1000000e+02   2.6802454e+04  -4.4553847e+03
   2.1100000e+02   2.2165695e+04   8.2897990e+01
   2.1200000e+02   1.7230535e+04   1.3197385e+04
   2.1300000e+02   2.5826486e+03   1.7168267e+04
   2.1400000e+02  -1.1665157e+04   1.4290649e+04
   2.1500000e+02  -1.2049640e+04   1.2787395e+04
   2.1600000e+02   2.7979971e+03   9.0059914e+03
   2.1700000e+02   2.4687723e+04  -1.5872172e+03
   2.1800000e+02   2.0433537e+04  -4.8424754e+03
   2.1900000e+02  -1.5541347e+04   7.3466474e+03
   2.2000000e+02  -4.2977650e+04   1.9397050e+04
   2.2100000e+02  -3.3967741e+04   2.1521039e+04
   2.2200000e+02   8.0671830e+03   1.6563542e+04
   2.2300000e+02   3.8422802e+04   5.7371455e+03
   2.2400000e+02   2.2042385e+04  -6.0167616e+03
   2.2500000e+02  -7.9235536e+03  -1.0463573e+04
   2.2600000e+02  -1.3093476e+04  -2.5841747e+03
   2.2700000e+02  -5.3016072e+03   9.5507506e+03
   2.2800000e+02  -1.0149686e+04   1.6723263e+04
   2.2900000e+02  -1.7765732e+04   2.2321086e+04
   2.3000000e+02  -9.2951004e+03   9.9323411e+03
   2.3100000e+02   7.3941977e+02  -2.1571647e+04
   2.3200000e+02  -3.5308694e+03  -2.2605043e+04
   2.3300000e+02  -1.5480618e+04   1.0204859e+04
   2.3400000e+02  -1.8576678e+04   1.9755464e+04
   2.3500000e+02  -9.1956423e+03  -7.2159346e+03
   2.3600000e+02  -4.0407287e+03  -2.5118511e+04
   2.3700000e+02  -1.0874572e+04  -7.6096129e+03
   2.3800000e+02  -1.9640255e+04   9.1645562e+03
   2.3900000e+02  -6.4407886e+03  -5.5463647e+03
   2.4000000e+02   3.0561749e+04  -2.0184013e+04
   2.4100000e+02   3.7452285e+04  -9.8724435e+03
   2.4200000e+02  -8.6575552e+03  -2.3900474e+03
   2.4300000e+02  -4.7423132e+04  -7.8701898e+03
   2.4400000e+02  -3.3961767e+04  -5.2257256e+03
   2.4500000e+02   8.3861812e+02  -8.8129443e+03
   2.4600000e+02   1.6452903e+04  -2.6167597e+04
   2.4700000e+02   1.3745409e+04  -2.5136603e+04
   2.4800000e+02  -3.6226945e+02  -7.1436136e+03
   2.4900000e+02  -1.9424721e+04   3.3583978e+03
   2.5000000e+02  -1.7677394e+04  -9.7907231e+02
   2.5100000e+02   4.4222437e+03  -1.2460144e+04
   2.5200000e+02   1.0286018e+04  -1.1395881e+04
   2.5300000e+02  -3.0574672e+03  -5.3427360e+03
   2.5400000e+02  -4.0178578e+03  -1.4094482e+04
   2.5500000e+02   9.2217401e+03  -1.9585666e+04
   2.5600000e+02   1.5082927e+04   3.5140332e+01
   2.5700000e+02   4.4652786e+03   2.3035935e+04
   2.5800000e+02  -1.3250744e+04   1.5807343e+04
   2.5900000e+02  -1.3218558e+04  -1.2565738e+04
   2.6000000e+02   6.3597045e+03  -3.1904070e+04
   2.6100000e+02   1.8164948e+04  -2.0280662e+04
   2.6200000e+02   1.2206154e+04   1.6031628e+04
   2.6300000e+02   3.7989764e+02   2.6449449e+04
   2.6400000e+02  -1.1154901e+03   3.6039425e+03
   2.6500000e+02   9.8978493e+03  -5.9679955e+03
   2.6600000e+02   1.8018703e+04  -1.3997725e+03
   2.6700000e+02   1.3248955e+04  -4.3951592e+03
   2.6800000e+02   8.4629444e+02  -1.1099058e+04
   2.6900000e+02  -3.0169648e+03  -6.0710105e+03
   2.7000000e+02   3.4289618e+03   1.6047440e+04
   2.7100000e+02   9.6678912e+03   3.2171177e+04
   2.7200000e+02   1.8531879e+04   2.3986115e+04
   2.7300000e+02   2.2752661e+04   6.6961607e+03
   2.7400000e+02   9.5653718e+03   3.0490899e+03
   2.7500000e+02  -9.3680085e+03   1.5366624e+04
   2.7600000e+02  -1.5407031e+04   2.6709100e+04
   2.7700000e+02  -2.5849391e+03   2.1124603e+04
   2.7800000e+02   1.7881103e+04   4.2776258e+03
   2.7900000e+02   2.6233768e+04   1.5260196e+03
   2.8000000e+02   1.2835181e+04   1.0944049e+04
   2.8100000e+02  -1.2680472e+04   7.0551911e+03
   2.8200000e+02  -2.8277756e+04  -1.5476645e+03
   2.8300000e+02  -1.6933112e+04   3.9529220e+03
   2.8400000e+02   1.0906691e+04   1.4100849e+04
   2.8500000e+02   1.6943730e+04   1.2372553e+04
   2.8600000e+02  -2.9712381e+03   3.9888259e+03
   2.8700000e+02  -1.0992117e+04   6.7695456e+03
   2.8800000e+02  -4.3267510e+03   1.4302193e+04
   2.8900000e+02  -7.5668720e+03   8.4518719e+03
   2.9000000e+02  -1.9118998e+04  -9.7696868e+03
   2.9100000e+02  -1.3656760e+04  -1.9364283e+04
   2.9200000e+02   1.3386553e+04  -8.1746150e+03
   2.9300000e+02   2.7231129e+04   2.6076906e+03
   2.9400000e+02   1.2181323e+04   3.2705654e+03
   2.9500000e+02  -1.4477229e+04   9.2984562e+02
   2.9600000e+02  -3.4053876e+04  -8.4946538e+03
   2.9700000e+02  -3.2290290e+04  -1.3601790e+04
   2.9800000e+02  -1.8355924e+04  -6.7746132e+03
   2.9900000e+02  -5.0094465e+03   7.6815986e+02
   3.0000000e+02   7.4677831e+03   3.8501243e+03
   3.0100000e+02   1.1127412e+04   2.1441482e+03
   3.0200000e+02   1.9367945e+03  -2.4805954e+03
   3.0300000e+02  -1.3612049e+04  -1.4025230e+04
   3.0400000e+02  -1.7714765e+04  -2.3217027e+04
   3.0500000e+02  -3.7534284e+03  -1.1971685e+04
   3.0600000e+02   1.0364222e+03   1.8781346e+03
   3.0700000e+02  -1.8855546e+04  -2.7491174e+03
   3.0800000e+02  -3.1948735e+04  -1.5677840e+04
   3.0900000e+02   3.8634490e+03  -1.7392589e+04
   3.1000000e+02   5.6762777e+04  -8.7585805e+03
   3.1100000e+02   4.8969172e+04  -8.3338136e+03
   3.1200000e+02  -2.8136022e+03  -9.4213658e+03
   3.1300000e+02  -3.2519655e+04  -5.1569110e+03
   3.1400000e+02  -4.3443855e+04  -1.0708752e+04
   3.1500000e+02  -4.5263762e+04  -1.6068940e+04
   3.1600000e+02  -1.1319395e+04  -9.0004487e+03
   3.1700000e+02   4.0732364e+04  -3.9716660e+03
   3.1800000e+02   5.2579127e+04  -8.3958584e+03
   3.1900000e+02   2.1275372e+04  -1.7292681e+04
   3.2000000e+02  -5.5274314e+03  -1.8520789e+04
   3.2100000e+02  -3.8340735e+03   2.6913699e+03
   3.2200000e+02   7.0856309e+03   2.6946301e+04
   3.2300000e+02   2.1768157e+03   1.5628185e+04
   3.2400000e+02   6.0628863e+02  -1.6028724e+04
   3.2500000e+02   2.0479559e+04  -2.0397049e+04
   3.2600000e+02   2.9834307e+04   4.7653718e+03
   3.2700000e+02   1.2522959e+04   2.2432942e+04
   3.2800000e+02  -1.1341907e+04   1.2870569e+04
   3.2900000e+02  -1.9201616e+04  -8.6525614e+01
   3.3000000e+02  -2.9794183e+03   4.3051090e+03
   3.3100000e+02   1.3238425e+04   1.1216053e+04
   3.3200000e+02   9.7928515e+03   1.3738908e+04
   3.3300000e+02  -1.1523702e+03   1.9521762e+04
   3.3400000e+02  -8.0447948e+03   2.3904307e+04
   3.3500000e+02  -4.6722226e+03   1.7802120e+04
   3.3600000e+02   1.4542723e+04   9.3973077e+03
   3.3700000e+02   3.0802110e+04   1.2109262e+04
   3.3800000e+02   2.0912822e+04   1.1155690e+04
   3.3900000e+02   1.9197760e+03  -3.5554295e+03
   3.4000000e+02   3.6312446e+02  -1.0869694e+04
   3.4100000e+02   1.2840944e+04   1.0380636e+03
   3.4200000e+02   1.7759823e+04   2.1012058e+04
   3.4300000e+02  -2.8377433e+03   2.5999538e+04
   3.4400000e+02  -3.4264546e+04   8.7966317e+03
   3.4500000e+02  -4.6079625e+04  -9.5900611e+03
   3.4600000e+02  -3.2374363e+04  -1.1436095e+04
   3.4700000e+02  -6.3911804e+03   8.4833160e+03
   3.4800000e+02   1.4692121e+04   2.9479813e+04
   3.4900000e+02   1.9994915e+04   1.6633270e+04
   3.5000000e+02   2.5326298e+03  -1.4060339e+04
   3.5100000e+02  -2.4443213e+04  -1.7181538e+04
   3.5200000e+02  -2.6578481e+04   2.6976370e+03
   3.5300000e+02  -7.1742304e+03   5.4685590e+03
   3.5400000e+02   1.0743767e+04  -1.4045697e+04
   3.5500000e+02   2.4395729e+04  -1.9375488e+04
   3.5600000e+02   2.2870040e+04   4.6491179e+03
   3.5700000e+02   2.8856732e+03   2.0905273e+04
   3.5800000e+02  -1.6211640e+04   2.4415001e+03
   3.5900000e+02  -2.1202679e+04  -1.9948977e+04
   3.6000000e+02  -1.4550460e+04  -1.6509834e+04
   3.6100000e+02  -6.2489778e+03  -9.9544748e+02
   3.6200000e+02  -3.5208206e+03   3.3102407e+02
   3.6300000e+02  -9.9278641e+03  -1.7105396e+04
   3.6400000e+02  -2.0910766e+04  -2.5053897e+04
   3.6500000e+02  -2.6320271e+04  -7.5857489e+03
   3.6600000e+02  -2.2840435e+04   9.1816445e+03
   3.6700000e+02  -1.5640368e+04   2.5525330e+03
   3.6800000e+02  -1.1708477e+04  -1.5072963e+04
   3.6900000e+02  -3.2784331e+03  -1.6191552e+04
   3.7000000e+02   9.7215748e+03  -6.1518522e+03
   3.7100000e+02   7.7110018e+03  -9.7160714e+03
   3.7200000e+02  -1.6055430e+03  -1.7058823e+04
   3.7300000e+02   5.3178469e+02  -1.3553095e+04
   3.7400000e+02   1.3719005e+04  -2.9640051e+03
   3.7500000e+02   4.0257300e+04   8.9277770e+03
   3.7600000e+02   6.3160861e+04   5.2678908e+03
   3.7700000e+02   4.7979205e+04  -1.6861615e+04
   3.7800000e+02   1.1089688e+04  -2.4136463e+04
   3.7900000e+02  -1.7415322e+03   2.3487294e+03
   3.8000000e+02   3.9974478e+02   2.7495122e+04
   3.8100000e+02  -1.3891409e+04   1.6517695e+04
   3.8200000e+02  -3.6318789e+04  -1.2834195e+04
   3.8300000e+02  -4.7841663e+04  -2.5635556e+04
   3.8400000e+02  -4.1261800e+04  -1.1450359e+04
   3.8500000e+02  -2.1254783e+04   6.6797426e+03
   3.8600000e+02  -1.6479403e+03   3.9014333e+03
   3.8700000e+02   7.7345870e+03  -7.3871999e+03
   3.8800000e+02   4.5545274e+03  -3.3083371e+03
   3.8900000e+02   5.5973826e+03   1.3985079e+04
   3.9000000e+02   2.6066164e+04   1.9656471e+04
   3.9100000e+02   5.3662232e+04   1.2137620e+04
   3.9200000e+02   6.8319409e+04   1.4419349e+04
   3.9300000e+02   5.8419065e+04   1.7104182e+04
   3.9400000e+02   3.5414446e+04   1.2879923e+04
   3.9500000e+02   1.5373799e+04   1.5672223e+04
   3.9600000e+02   1.2128183e+03   1.4629102e+04
   3.9700000e+02   2.3526074e+03   5.9707379e+03
   3.9800000e+02   7.6638217e+03   2.9969709e+03
   3.9900000e+02  -4.7792758e+03   8.6603801e+03
   4.0000000e+02  -1.9977704e+04   1.8720639e+04
   4.0100000e+02  -1.9637345e+04   1.9633659e+04
   4.0200000e+02  -1.1312425e+04   8.5496482e+03
   4.0300000e+02  -1.0713671e+04  -5.0268312e+02
   4.0400000e+02  -2.3013535e+04  -7.4491627e+02
   4.0500000e+02  -3.1194519e+04   1.4524440e+03
   4.0600000e+02  -1.4402070e+04   7.2799159e+02
   4.0700000e+02   1.2087591e+04   3.7462928e+03
   4.0800000e+02   6.7325882e+03   6.1743892e+03
   4.0900000e+02  -2.7312670e+04  -6.4218882e+03
   4.1000000e+02  -4.0789413e+04  -2.5341846e+04
   4.1100000e+02  -1.5965352e+04  -2.5435122e+04
   4.1200000e+02   1.0249865e+04  -4.7300650e+02
   4.1300000e+02   6.0515128e+03   2.0425619e+04
   4.1400000e+02  -5.9230888e+03   1.5125628e+04
   4.1500000e+02  -7.0519691e+03  -2.6844989e+03
   4.1600000e+02  -1.8895523e+04  -1.4900797e+04
   4.1700000e+02  -3.5520896e+04  -1.0022901e+04
   4.1800000e+02  -2.8210448e+04   6.9807790e+03
   4.1900000e+02  -2.7683431e+03   1.1381583e+04
   4.2000000e+02   9.1151052e+03  -4.2652872e+03
   4.2100000e+02  -4.1050369e+02  -2.3637031e+04
   4.2200000e+02  -3.0280222e+03  -2.7684757e+04
   4.2300000e+02   7.6717682e+03  -1.0356192e+04
   4.2400000e+02   1.0114294e+04   4.6935239e+03
   4.2500000e+02   2.2258254e+03  -8.2948658e+03
   4.2600000e+02  -2.2193817e+03  -2.7389233e+04
   4.2700000e+02   3.7721026e+03  -2.1580914e+04
   4.2800000e+02   9.2941609e+03  -6.0850109e+03
   4.2900000e+02   4.2255884e+03   7.6849290e+02
   4.3000000e+02  -4.0431800e+03   2.4966824e+03
   4.3100000e+02  -4.0932836e+03  -1.5073028e+02
   4.3200000e+02   6.2770596e+03  -6.0583480e+03
   4.3300000e+02   2.5418467e+03  -1.1852945e+04
   4.3400000e+02  -2.4871124e+04  -1.1400477e+04
   4.3500000e+02  -3.0218038e+04  -1.3679773e+03
   4.3600000e+02   7.9314058e+03   8.7945373e+03
   4.3700000e+02   4.4484684e+04   7.7929123e+03
   4.3800000e+02   4.0004737e+04  -1.3267426e+03
   4.3900000e+02   6.1844246e+03   4.1747843e+02
   4.4000000e+02  -2.0722800e+04   8.2137748e+03
   4.4100000e+02  -1.8047722e+04   3.2291844e+02
   4.4200000e+02   6.7808271e+03  -6.6345985e+03
   4.4300000e+02   2.8343258e+04   3.4181418e+03
   4.4400000e+02   3.4271612e+04   1.0424458e+04
   4.4500000e+02   2.3338861e+04   2.7216147e+03
   4.4600000e+02   1.3266294e+03  -4.1216914e+03
   4.4700000e+02  -8.6013275e+03   2.1462253e+03
   4.4800000e+02  -1.3066210e+03   6.2409881e+03
   4.4900000e+02   6.2181443e+03   2.4429326e+02
   4.5000000e+02   9.2496694e+03   3.7154272e+03
   4.5100000e+02   8.2624034e+03   2.2752436e+04
   4.5200000e+02   8.3566180e+03   3.0821140e+04
   4.5300000e+02   1.4906073e+04   8.8374701e+03
   4.5400000e+02   1.3481385e+04  -9.1439968e+03
   4.5500000e+02  -4.6067299e+03   4.2938405e+03
   4.5600000e+02  -1.2605610e+04   1.8105092e+04
   4.5700000e+02   8.4898966e+03   1.5431947e+04
   4.5800000e+02   2.3829892e+04   9.0599614e+03
   4.5900000e+02   5.4412888e+03   4.7477864e+03
   4.6000000e+02  -1.4535333e+04   3.3950404e+03
   4.6100000e+02  -7.0778478e+03   3.1292007e+02
   4.6200000e+02   5.9215151e+03  -1.6559048e+03
   4.6300000e+02  -1.8470621e+03  -2.3539363e+02
   4.6400000e+02  -1.3413782e+04  -1.1566013e+03
   4.6500000e+02  -6.5199973e+03   3.7676997e+03
   4.6600000e+02  -3.9284676e+01   1.4725030e+04
   4.6700000e+02  -1.3762567e+04   8.5294886e+03
   4.6800000e+02  -3.1297271e+04  -1.7515992e+04
   4.6900000e+02  -2.6286861e+04  -2.3921364e+04
   4.7000000e+02   1.2481772e+03   6.5966466e+03
   4.7100000e+02   2.0980412e+04   2.8145135e+04
   4.7200000e+02   1.1929979e+04   9.0019810e+03
   4.7300000e+02  -1.0411296e+04  -1.7017110e+04
   4.7400000e+02  -1.9708485e+04  -9.5671643e+03
   4.7500000e+02  -1.0999346e+04   1.1599497e+04
   4.7600000e+02  -8.4097950e+02   3.4151318e+03
   4.7700000e+02  -4.1620704e+03  -1.5963201e+04
   4.7800000e+02  -1.2167415e+04  -1.1502997e+04
   4.7900000e+02  -9.3936382e+03  -3.1895192e+03
   4.8000000e+02  -3.8186396e+03  -7.7485777e+03
   4.8100000e+02  -6.4600387e+03  -8.0630786e+03
   4.8200000e+02  -1.6821725e+04  -8.4085556e+03
   4.8300000e+02  -2.5311373e+04  -1.8885297e+04
   4.8400000e+02  -1.1837985e+04  -1.6335079e+04
   4.8500000e+02   9.8595957e+03  -9.6976315e+02
   4.8600000e+02   7.6038038e+03  -1.8672474e+03
   4.8700000e+02  -7.0746014e+03  -1.0356260e+04
   4.8800000e+02  -1.1441851e+04  -8.9742426e+03
   4.8900000e+02  -3.1101638e+03  -6.3906254e+03
   4.9000000e+02   7.6547731e+03  -1.0986899e+04
   4.9100000e+02   9.8391573e+03  -1.6560464e+04
   4.9200000e+02   5.8736244e+03  -9.5042519e+03
   4.9300000e+02  -5.9637170e+03  -2.2606983e+03
   4.9400000e+02  -1.7840107e+04  -1.2850964e+04
   4.9500000e+02  -5.7176546e+03  -1.8069483e+04
   4.9600000e+02   2.2582877e+04   3.2477157e+02
   4.9700000e+02   3.1155084e+04   1.7603150e+04
   4.9800000e+02   7.4362855e+03   9.0794770e+03
   4.9900000e+02  -1.4650217e+04  -9.6056192e+03
   5.0000000e+02  -2.3166077e+03  -7.8892640e+03
   5.0100000e+02   2.5200439e+04   1.2909002e+04
   5.0200000e+02   3.2655523e+04   2.5267429e+04
   5.0300000e+02   1.4672603e+04   9.6154525e+03
   5.0400000e+02  -3.8039338e+03  -1.5374691e+04
   5.0500000e+02  -1.2923784e+03  -1.4593302e+04
   5.0600000e+02   1.3238153e+04   5.9104060e+03
   5.0700000e+02   2.2708222e+04   1.7543101e+04
   5.0800000e+02   2.0281723e+04   1.2563284e+04
   5.0900000e+02   8.2143148e+03   3.5451999e+03
   5.1000000e+02  -4.8236445e+03   7.2764704e+03
   5.1100000e+02  -7.9866429e+03   1.5719969e+04
   5.1200000e+02   2.3817611e+03   7.4116012e+03
   5.1300000e+02   1.2111527e+04  -6.0971235e+03
   5.1400000e+02   1.0332404e+04   1.3727838e+03
   5.1500000e+02  -5.4044583e+02   2.0206595e+04
   5.1600000e+02  -8.2184076e+03   2.4020177e+04
   5.1700000e+02   3.1166395e+03   1.2937051e+04
   5.1800000e+02   1.3905034e+04   3.7754900e+03
   5.1900000e+02   3.2949425e+03   2.1988060e+03
   5.2000000e+02  -4.8796019e+03   1.1135584e+02
   5.2100000e+02  -4.5723768e+02   1.0596697e+03
   5.2200000e+02  -3.1850309e+02   1.5765719e+04
   5.2300000e+02  -6.4470914e+03   2.4330219e+04
   5.2400000e+02  -1.0032990e+04   8.9566307e+03
   5.2500000e+02  -8.4211909e+03  -6.7036873e+03
   5.2600000e+02  -4.9185527e+03  -4.2643207e+03
   5.2700000e+02  -2.7124680e+03  -1.4351907e+03
   5.2800000e+02  -6.7959578e+03  -8.7785206e+03
   5.2900000e+02  -1.5998407e+04  -4.2560600e+03
   5.3000000e+02  -2.0531390e+04   1.2052422e+04
   5.3100000e+02  -1.6934945e+04   1.0146686e+04
   5.3200000e+02  -5.7928404e+03  -4.5875405e+03
   5.3300000e+02   3.5638638e+03  -1.1311548e+04
   5.3400000e+02  -4.1790579e+03  -1.0734171e+04
   5.3500000e+02  -2.1873732e+04  -2.5957867e+03
   5.3600000e+02  -2.3205109e+04   7.2807032e+03
   5.3700000e+02   1.6949943e+03   5.4891697e+03
   5.3800000e+02   2.3517786e+04  -3.2499746e+03
   5.3900000e+02   1.0937939e+04  -7.3094705e+03
   5.4000000e+02  -1.4464420e+04  -9.2584284e+03
   5.4100000e+02  -1.8022718e+04  -1.1498181e+04
   5.4200000e+02  -9.7510366e+03  -1.0802243e+04
   5.4300000e+02  -4.0324192e+03  -1.1248062e+04
   5.4400000e+02   2.8135003e+03  -1.1731681e+04
   5.4500000e+02   1.0816718e+03  -6.4908139e+03
   5.4600000e+02  -6.6868215e+03  -1.4496979e+03
   5.4700000e+02  -4.3791101e+03  -6.6251172e+03
   5.4800000e+02  -2.5376718e+03  -1.9757971e+04
   5.4900000e+02  -8.1615716e+03  -2.2169383e+04
   5.5000000e+02  -1.0796633e+04  -1.1329804e+04
   5.5100000e+02  -4.7096107e+03  -4.5740721e+03
   5.5200000e+02   1.0761175e+04  -1.8280559e+03
   5.5300000e+02   2.0475235e+04  -1.1064315e+03
   5.5400000e+02   1.2736412e+04  -6.6514565e+03
   5.5500000e+02   2.8143706e+03  -9.3115306e+03
   5.5600000e+02   8.2810294e+03  -3.6146997e+03
   5.5700000e+02   2.2442130e+04   1.0689070e+03
   5.5800000e+02   2.1899154e+04   6.8390727e+02
   5.5900000e+02   1.8668940e+03   5.3644830e+03
   5.6000000e+02  -1.9744529e+04   1.0078891e+04
   5.6100000e+02  -1.4786480e+04   1.2441324e+03
   5.6200000e+02   2.4908559e+04  -5.9578501e+03
   5.6300000e+02   4.8300690e+04   6.8968811e+02
   5.6400000e+02   1.9771613e+04   6.1682479e+03
   5.6500000e+02  -2.3062094e+04  -9.5532181e+02
   5.6600000e+02  -3.4849603e+04  -6.4066845e+03
   5.6700000e+02  -9.1402663e+03   2.8431930e+03
   5.6800000e+02   1.4090438e+04   1.2121057e+03
   5.6900000e+02   5.9979627e+03  -1.4391612e+04
   5.7000000e+02  -2.9324493e+03  -3.9742087e+03
   5.7100000e+02   8.4115226e+03   2.1513492e+04
   5.7200000e+02   2.2583022e+04   2.0160677e+04
   5.7300000e+02   1.8876832e+04   2.4589048e+03
   5.7400000e+02  -2.0817336e+03   2.8670167e+03
   5.7500000e+02  -7.6882350e+03   1.7089382e+04
   5.7600000e+02   1.6792714e+04   1.9450175e+04
   5.7700000e+02   3.6276854e+04   1.4716299e+04
   5.7800000e+02   1.8399039e+04   1.3402562e+04
   5.7900000e+02  -1.7413942e+04   7.3587787e+03
   5.8000000e+02  -2.7343210e+04  -3.5742810e+02
   5.8100000e+02  -9.1097211e+03   1.0223364e+01
   5.8200000e+02   5.1181174e+03   8.3417083e+03
   5.8300000e+02   2.3541027e+03   1.5916662e+04
   5.8400000e+02  -7.3279376e+03   1.3427056e+04
   5.8500000e+02  -1.0105556e+04   3.8300070e+03
   5.8600000e+02  -4.1546045e+03  -2.7589482e+03
   5.8700000e+02  -2.0293997e+03  -1.5751315e+03
   5.8800000e+02  -6.1485416e+03   3.3065625e+03
   5.8900000e+02  -9.8700013e+03   7.3150929e+03
   5.9000000e+02  -1.4226672e+04   8.1607283e+03
   5.9100000e+02  -9.9012053e+03   5.0185287e+03
   5.9200000e+02   7.0907630e+03   3.0998137e+03
   5.9300000e+02   8.7163311e+03   1.4880276e+03
   5.9400000e+02  -1.3041279e+04  -2.4043630e+03
   5.9500000e+02  -2.5938257e+04  -2.5275111e+03
   5.9600000e+02  -1.4096919e+04   2.1461714e+02
   5.9700000e+02   4.1347182e+02  -9.2651577e+02
   5.9800000e+02  -4.5165941e+03  -1.0474970e+04
   5.9900000e+02  -1.3644956e+04  -2.1819654e+04
   6.0000000e+02  -9.3995166e+03  -1.7681575e+04
   6.0100000e+02  -8.0723708e+03  -1.8800038e+03
   6.0200000e+02  -1.3154357e+04   1.2922287e+03
   6.0300000e+02  -6.0680732e+03  -1.3608899e+04
   6.0400000e+02   4.8788638e+03  -2.2635093e+04
   6.0500000e+02   2.0642833e+02  -1.1549066e+04
   6.0600000e+02  -5.1479043e+03  -1.9399919e+03
   6.0700000e+02   4.9120530e+03  -7.5313014e+03
   6.0800000e+02   7.7214582e+03  -9.5973739e+03
   6.0900000e+02  -8.4947327e+03  -3.1746552e+03
   6.1000000e+02  -1.9499031e+04  -7.6167687e+03
   6.1100000e+02  -8.9654254e+03  -1.6885727e+04
   6.1200000e+02   1.2438039e+04  -5.0493314e+03
   6.1300000e+02   1.8887918e+04   1.3897633e+04
   6.1400000e+02   1.3630587e+03   5.8867934e+03
   6.1500000e+02  -1.4555036e+04  -1.6967311e+04
   6.1600000e+02  -2.2011681e+03  -1.9691285e+04
   6.1700000e+02   2.3277475e+04  -5.7059487e+03
   6.1800000e+02   1.9968855e+04   1.7493007e+03
   6.1900000e+02  -5.3819723e+03   3.1819719e+02
   6.2000000e+02  -4.6560714e+03  -3.8759628e+03
   6.2100000e+02   2.2330485e+04  -2.3867169e+03
   6.2200000e+02   3.4653017e+04   6.2877912e+03
   6.2300000e+02   1.8154052e+04   6.7660679e+03
   6.2400000e+02   7.9131087e+02   2.9399557e+03
   6.2500000e+02   6.1482492e+03   3.9760042e+03
   6.2600000e+02   1.3670835e+04   2.1017255e+03
   6.2700000e+02   6.9158567e+03   4.0620696e+03
   6.2800000e+02   3.7065962e+03   8.4299732e+03
   6.2900000e+02   9.5838648e+03   4.6386333e+03
   6.3000000e+02   1.4362418e+04   5.9245246e+03
   6.3100000e+02   1.0789111e+04   9.7225114e+03
   6.3200000e+02  -5.1366728e+03  -7.9651148e+02
   6.3300000e+02  -1.4436881e+04  -4.9074318e+03
   6.3400000e+02  -1.1627444e+03   1.5855230e+04
   6.3500000e+02   1.0979096e+04   2.6222082e+04
   6.3600000e+02   5.8238841e+03   5.1577383e+03
   6.3700000e+02  -4.5630974e+03  -8.0920266e+03
   6.3800000e+02  -9.6044489e+03   8.2088604e+03
   6.3900000e+02  -1.3810111e+03   2.4424862e+04
   6.4000000e+02   1.0696018e+04   1.2390173e+04
   6.4100000e+02   7.9020932e+03  -1.1133334e+04
   6.4200000e+02  -1.3865347e+03  -5.6563316e+03
   6.4300000e+02  -3.9308089e+03   1.7782501e+04
   6.4400000e+02  -3.6626781e+03   1.4599027e+04
   6.4500000e+02  -4.3538324e+03  -8.5059511e+03
   6.4600000e+02  -5.4537907e+03  -1.1993820e+04
   6.4700000e+02  -9.1930962e+03   6.0935680e+03
   6.4800000e+02  -1.1744528e+04   1.2002017e+04
   6.4900000e+02  -4.5435039e+03  -1.0837280e+03
   6.5000000e+02  -1.7236865e+03  -7.1871404e+03
   6.5100000e+02  -1.3496929e+04   2.5821615e+03
   6.5200000e+02  -1.6656800e+04   1.0897128e+04
   6.5300000e+02  -6.1411847e+03   7.5925704e+02
   6.5400000e+02   1.0307577e+03  -7.1484510e+03
   6.5500000e+02   4.7590152e+02   1.2032782e+04
   6.5600000e+02  -1.1358703e+04   2.2423534e+04
   6.5700000e+02  -2.3350414e+04  -3.0671976e+03
   6.5800000e+02  -1.2242392e+04  -2.4875012e+04
   6.5900000e+02   4.2670013e+03  -1.4387120e+04
   6.6000000e+02  -7.5939868e+03   5.0350063e+03
   6.6100000e+02  -2.4863848e+04   4.8409295e+03
   6.6200000e+02  -9.7875962e+03  -1.1987180e+04
   6.6300000e+02   1.3180634e+04  -2.3638711e+04
   6.6400000e+02   8.7955650e+03  -1.9365267e+04
   6.6500000e+02  -6.1624985e+03  -1.1658713e+04
   6.6600000e+02  -8.6927403e+03  -1.3342641e+04
   6.6700000e+02  -8.2695239e+03  -1.3600782e+04
   6.6800000e+02  -1.0351617e+04  -7.8351975e+03
   6.6900000e+02  -1.6354211e+03  -6.7671776e+03
   6.7000000e+02   1.0014369e+04  -1.9240386e+03
   6.7100000e+02   4.0540761e+03   1.0987290e+04
   6.7200000e+02  -7.6579871e+03   8.5345172e+03
   6.7300000e+02  -4.3182218e+03  -1.0922641e+04
   6.7400000e+02   4.1119769e+03  -1.6010212e+04
   6.7500000e+02   4.3769552e+03  -1.8151371e+03
   6.7600000e+02   3.5328182e+03   2.9216713e+03
   6.7700000e+02  -1.8830970e+01  -1.0299697e+04
   6.7800000e+02  -5.2815282e+03  -1.7362743e+04
   6.7900000e+02   8.7064870e+03  -5.4868120e+03
   6.8000000e+02   3.2082280e+04   4.5881280e+03
   6.8100000e+02   3.2487601e+04   1.9436181e+02
   6.8200000e+02   9.5714508e+03  -6.9474915e+03
   6.8300000e+02  -8.5087365e+03  -8.2251589e+03
   6.8400000e+02   3.6921387e+03   5.2289303e+03
   6.8500000e+02   2.6032492e+04   2.3803448e+04
   6.8600000e+02   1.9193678e+04   1.7631844e+04
   6.8700000e+02  -3.3144676e+03  -1.7330146e+03
   6.8800000e+02  -3.3253144e+03  -1.2084348e+03
   6.8900000e+02   1.6039720e+04   1.2260877e+04
   6.9000000e+02   1.7908656e+04   1.3984080e+04
   6.9100000e+02  -1.8231930e+03   2.4398084e+03
   6.9200000e+02  -9.3857957e+03  -4.1228740e+03
   6.9300000e+02   1.1346291e+03   2.8093436e+03
   6.9400000e+02   1.2211980e+04   1.1520176e+04
   6.9500000e+02   1.2941726e+04   1.1182409e+04
   6.9600000e+02   1.5283291e+03   6.8838456e+03
   6.9700000e+02  -7.3675989e+03   5.0240962e+03
   6.9800000e+02  -1.5112657e+03   4.8158234e+03
   6.9900000e+02   1.3527826e+04   6.9449572e+03
   7.0000000e+02   1.7841346e+04   6.2192588e+03
   7.0100000e+02   2.0349117e+03   5.7570946e+03
   7.0200000e+02  -1.1099926e+04   1.7421505e+04
   7.0300000e+02  -6.5565594e+03   2.5490739e+04
   7.0400000e+02   2.0159934e+03   1.6648181e+04
   7.0500000e+02   2.1446032e+03   2.1291232e+03
   7.0600000e+02  -3.4475622e+03  -8.3202403e+03
   7.0700000e+02  -1.0158958e+04  -4.1104793e+03
   7.0800000e+02  -1.9450581e+04   8.1028013e+03
   7.0900000e+02  -2.0918168e+04   6.8561032e+03
   7.1000000e+02  -1.0738963e+04  -4.7108372e+03
   7.1100000e+02  -9.4614962e+03  -7.5210035e+03
   7.1200000e+02  -1.6737064e+04   1.8026101e+03
   7.1300000e+02  -1.0705316e+04   2.9113522e+03
   7.1400000e+02   1.5702573e+03  -1.2387528e+04
   7.1500000e+02  -3.5679238e+03  -2.4046323e+04
   7.1600000e+02  -1.0502531e+04  -1.6437379e+04
   7.1700000e+02   2.9282756e+03   9.8310507e+03
   7.1800000e+02   5.3790290e+03   2.6941953e+04
   7.1900000e+02  -1.6230668e+04   6.6564486e+03
   7.2000000e+02  -2.0340062e+04  -2.3872492e+04
   7.2100000e+02   2.8337904e+02  -2.5374136e+04
   7.2200000e+02   1.1754968e+04  -5.0012226e+03
   7.2300000e+02   1.3205968e+03   8.1716767e+03
   7.2400000e+02  -1.9801615e+04  -1.0154809e+03
   7.2500000e+02  -3.1923747e+04  -1.9479213e+04
   7.2600000e+02  -1.4959777e+04  -1.8786869e+04
   7.2700000e+02   1.2858016e+04  -3.6909584e+02
   7.2800000e+02   8.1044065e+03   5.6977570e+02
   7.2900000e+02  -1.5509465e+04  -1.9506334e+04
   7.3000000e+02  -1.6767690e+04  -2.4895873e+04
   7.3100000e+02  -3.3408349e+03  -1.0572104e+04
   7.3200000e+02   7.6796972e+03  -4.5234004e+03
   7.3300000e+02   1.8892261e+04  -1.2932559e+04
   7.3400000e+02   1.9383840e+04  -1.6301425e+04
   7.3500000e+02   3.0283531e+02  -3.7480462e+03
   7.3600000e+02  -8.8687184e+03   9.5415092e+03
   7.3700000e+02   9.8082528e+03   5.2003754e+02
   7.3800000e+02   2.3071488e+04  -1.8548593e+04
   7.3900000e+02   1.2035028e+04  -1.1225948e+04
   7.4000000e+02  -4.6412329e+03   1.2275567e+04
   7.4100000e+02  -3.4447285e+03   1.5385339e+04
   7.4200000e+02   1.8523568e+04   4.5713918e+03
   7.4300000e+02   2.7357027e+04  -1.3028786e+03
   7.4400000e+02   1.0911879e+04  -2.8742582e+03
   7.4500000e+02  -2.3201339e+03   4.2171322e+02
   7.4600000e+02   1.4785936e+03   5.7134807e+03
   7.4700000e+02   1.7307199e+04   3.8892297e+03
   7.4800000e+02   2.2256252e+04   1.6474637e+03
   7.4900000e+02   1.4555906e+03   1.4534516e+04
   7.5000000e+02  -1.3045292e+04   3.0254592e+04
   7.5100000e+02   5.0544577e+03   2.2516704e+04
   7.5200000e+02   2.4296952e+04  -6.6018723e+02
   7.5300000e+02   6.8824029e+03  -5.9313961e+03
   7.5400000e+02  -1.7946611e+04   1.4857069e+04
   7.5500000e+02  -5.7032707e+03   2.8125885e+04
   7.5600000e+02   1.7721901e+04   1.3182463e+04
   7.5700000e+02   1.4710102e+04  -2.6450697e+03
   7.5800000e+02   1.1930560e+02   1.9658168e+03
   7.5900000e+02  -3.5327733e+03   1.0914001e+04
   7.6000000e+02   1.6919268e+03   7.3559644e+03
   7.6100000e+02   7.3588621e+03   9.5392436e+02
   7.6200000e+02   3.1740645e+03   3.4089931e+03
   7.6300000e+02  -1.0380226e+04   6.1360090e+03
   7.6400000e+02  -5.5734058e+03   4.4539991e+03
   7.6500000e+02   1.3108769e+04   2.7616296e+03
   7.6600000e+02   8.7112558e+02   2.9373563e+03
   7.6700000e+02  -2.8789479e+04   1.7252522e+03
   7.6800000e+02  -2.3495791e+04  -4.8959091e+03
   7.6900000e+02   6.2860525e+03  -3.7493340e+03
   7.7000000e+02   9.2118916e+03   4.6298392e+03
   7.7100000e+02  -1.6311883e+04   1.7676228e+03
   7.7200000e+02  -2.8995482e+04  -1.2505869e+03
   7.7300000e+02  -2.0056052e+04   4.2633106e+03
   7.7400000e+02  -7.8864641e+03   5.8743831e+03
   7.7500000e+02  -3.0991884e+03   1.8542494e+03
   7.7600000e+02  -6.6342698e+03  -3.3672840e+03
   7.7700000e+02  -4.8822935e+03  -2.5439720e+03
   7.7800000e+02   1.8996655e+03   9.4268115e+02
   7.7900000e+02  -2.9407203e+03  -9.7320587e+03
   7.8000000e+02  -1.1308129e+04  -2.2246642e+04
   7.8100000e+02  -8.1651637e+03  -8.5220111e+03
   7.8200000e+02  -5.0465151e+03   8.7129953e+03
   7.8300000e+02  -1.4147164e+04  -9.5064189e+03
   7.8400000e+02  -1.5204290e+04  -3.6988442e+04
   7.8500000e+02   4.5657394e+03  -3.3014190e+04
   7.8600000e+02   1.3151790e+04  -5.6611758e+03
   7.8700000e+02  -7.4571611e+03   1.4572919e+04
   7.8800000e+02  -2.7177248e+04   4.8292890e+03
   7.8900000e+02  -1.6438767e+04  -1.7350321e+04
   7.9000000e+02   1.7305690e+04  -1.9026548e+04
   7.9100000e+02   3.6006053e+04  -3.9510281e+03
   7.9200000e+02   1.6218296e+04   8.4783318e+03
   7.9300000e+02  -1.1454873e+04   2.5660516e+03
   7.9400000e+02  -9.1306349e+03  -1.3281569e+04
   7.9500000e+02   7.7875959e+03  -1.0446429e+04
   7.9600000e+02   1.1353759e+04   2.8703295e+03
   7.9700000e+02   3.0366203e+03  -1.3793858e+03
   7.9800000e+02  -4.5965029e+03  -1.4949202e+04
   7.9900000e+02   1.9410744e+03  -1.3111565e+04
   8.0000000e+02   1.3975914e+04  -9.9120732e+02
   8.0100000e+02   8.5302310e+03   6.5896582e+03
   8.0200000e+02  -5.3371812e+03   8.8095233e+03
   8.0300000e+02  -3.7669636e+03  -1.8209619e+03
   8.0400000e+02   1.5085457e+04  -1.1852514e+04
   8.0500000e+02   2.8226851e+04   1.9129903e+03
   8.0600000e+02   1.9526783e+04   1.5607429e+04
   8.0700000e+02   5.6839060e+03   9.1437343e+03
   8.0800000e+02   2.0183030e+03   2.6106671e+03
   8.0900000e+02   7.2845013e+03   7.7763824e+03
   8.1000000e+02   1.6318023e+04   1.1962617e+04
   8.1100000e+02   1.7834381e+04   9.5562905e+03
   8.1200000e+02   7.8019020e+03   9.9167139e+03
   8.1300000e+02  -3.6850796e+03   6.7785495e+03
   8.1400000e+02  -1.7912042e+03  -1.0917330e+03
   8.1500000e+02   1.1296605e+04   4.1031217e+03
   8.1600000e+02   1.1927846e+04   1.5299716e+04
   8.1700000e+02  -5.2606537e+03   1.3943185e+04
   8.1800000e+02  -1.6986430e+04   2.7247207e+03
   8.1900000e+02  -9.2780569e+03  -1.7562214e+01
   8.2000000e+02   7.7070765e+02   1.2733747e+04
   8.2100000e+02  -2.0722253e+03   1.8531336e+04
   8.2200000e+02  -4.5137099e+03   6.0061489e+03
   8.2300000e+02   2.7513853e+03  -5.0710123e+03
   8.2400000e+02   1.1084898e+04   2.4989128e+03
   8.2500000e+02   9.7000274e+03   1.8404914e+04
   8.2600000e+02  -2.0002603e+03   1.7751490e+04
   8.2700000e+02  -9.0971338e+03   4.4400911e+03
   8.2800000e+02  -4.9053082e+03   1.8120677e+02
   8.2900000e+02  -2.4766746e+02   4.6559466e+03
   8.3000000e+02  -5.4640433e+03   6.3888838e+03
   8.3100000e+02  -1.2384582e+04   1.2598733e+03
   8.3200000e+02  -6.1247675e+03  -5.8245900e+03
   8.3300000e+02  -3.4935875e+03  -9.2581855e+03
   8.3400000e+02  -2.0220196e+04  -5.3657250e+03
   8.3500000e+02  -3.1915268e+04   3.9926077e+03
   8.3600000e+02  -2.2474567e+04   1.2471144e+03
   8.3700000e+02  -8.7847406e+03  -1.9217059e+04
   8.3800000e+02  -7.0139446e+03  -3.0269961e+04
   8.3900000e+02  -1.0279422e+04  -1.4903126e+04
   8.4000000e+02  -9.7176116e+03   2.8265557e+03
   8.4100000e+02  -1.1482540e+04   8.0222548e+02
   8.4200000e+02  -1.1392792e+04  -9.2103564e+03
   8.4300000e+02  -2.1902574e+03  -1.1059651e+04
   8.4400000e+02   1.7014461e+03  -4.2944932e+03
   8.4500000e+02  -4.4813622e+03  -4.3938940e+03
   8.4600000e+02   1.7912210e+02  -1.3358444e+04
   8.4700000e+02   1.5691097e+04  -6.9832155e+03
   8.4800000e+02   1.3305151e+04   5.3000145e+03
   8.4900000e+02  -8.5786743e+03  -2.6959022e+03
   8.5000000e+02  -2.0796101e+04  -1.5263033e+04
   8.5100000e+02  -9.7965437e+03  -1.2611434e+04
   8.5200000e+02   1.0272757e+04  -1.7850062e+03
   8.5300000e+02   1.7574109e+04  -3.0147437e+03
   8.5400000e+02   5.7715880e+03  -1.6193960e+04
   8.5500000e+02  -8.0317246e+03  -1.3137147e+04
   8.5600000e+02   2.9149191e+01   4.3722572e+03
   8.5700000e+02   1.9032821e+04   5.7417678e+03
   8.5800000e+02   1.7547517e+04  -6.0048402e+03
   8.5900000e+02   5.8665527e+03  -3.6536004e+03
   8.6000000e+02   4.2248259e+03   6.7868582e+03
   8.6100000e+02   1.0889837e+04   3.0900519e+03
   8.6200000e+02   2.1425015e+04  -3.0510582e+03
   8.6300000e+02   1.6626473e+04  -1.7359215e+03
   8.6400000e+02  -9.9701020e+02   2.4637331e+02
   8.6500000e+02  -5.7031713e+03   6.7480658e+03
   8.6600000e+02  -8.0802134e+02   6.6379313e+03
   8.6700000e+02   1.1465081e+04  -4.5368574e+03
   8.6800000e+02   2.4287751e+04  -2.6121084e+03
   8.6900000e+02   1.1268030e+04   8.6398305e+03
   8.7000000e+02  -1.0739525e+04   9.3735997e+03
   8.7100000e+02  -4.5054155e+03   1.0580484e+04
   8.7200000e+02   1.2615588e+04   1.6827499e+04
   8.7300000e+02   5.5871622e+03   1.0317372e+04
   8.7400000e+02  -7.7448789e+03   3.1247195e+03
   8.7500000e+02   6.7240063e+03   1.6919846e+04
   8.7600000e+02   3.0923767e+04   2.7428349e+04
   8.7700000e+02   2.1355871e+04   1.4770269e+04
   8.7800000e+02  -1.2837366e+04   2.5718820e+03
   8.7900000e+02  -1.3551867e+04   6.0605691e+03
   8.8000000e+02   1.6742323e+04   1.1457483e+04
   8.8100000e+02   1.7720291e+04   5.9812852e+03
   8.8200000e+02  -4.9733474e+03  -5.2973069e+03
   8.8300000e+02  -1.2645883e+04  -9.0075383e+03
   8.8400000e+02  -1.1171523e+04  -2.4023207e+03
   8.8500000e+02  -7.1148150e+03   4.1014097e+03
   8.8600000e+02  -4.0875546e+02   4.5406280e+03
   8.8700000e+02  -5.2652059e+03  -4.7679331e+01
   8.8800000e+02  -1.8263502e+04  -9.0972486e+03
   8.8900000e+02  -1.6543933e+04  -1.0956931e+04
   8.9000000e+02  -1.8643401e+01   2.3035508e+03
   8.9100000e+02   9.3040140e+03   1.3743216e+04
   8.9200000e+02   8.2344680e+02   8.7547399e+03
   8.9300000e+02  -1.9571264e+04  -3.5563189e+03
   8.9400000e+02  -3.2429561e+04  -1.6596043e+03
   8.9500000e+02  -2.4174006e+04   1.4759371e+04
   8.9600000e+02  -8.7463939e+03   1.4790920e+04
   8.9700000e+02  -2.4204621e+03  -1.0267592e+04
   8.9800000e+02  -7.5597897e+03  -2.5482310e+04
   8.9900000e+02  -1.6119245e+04  -9.9002971e+03
   9.0000000e+02  -1.2659242e+04   5.2610227e+03
   9.0100000e+02  -2.8631037e+01  -8.9055136e+03
   9.0200000e+02   1.4033669e+03  -2.7560158e+04
   9.0300000e+02  -8.1056009e+03  -2.2805087e+04
   9.0400000e+02  -8.6229271e+03  -6.6857600e+03
   9.0500000e+02   2.8203057e+03  -3.3349381e+03
   9.0600000e+02   1.0476332e+04  -1.3334395e+04
   9.0700000e+02   3.8789270e+03  -1.5511654e+04
   9.0800000e+02  -9.1679447e+03  -9.1967353e+03
   9.0900000e+02  -8.2186764e+03  -7.4735954e+03
   9.1000000e+02   4.5425169e+03  -5.2924492e+03
   9.1100000e+02   5.7404886e+03  -1.3591188e+03
   9.1200000e+02  -2.8953498e+03  -1.6828191e+03
   9.1300000e+02  -4.6296648e+03  -4.0042704e+03
   9.1400000e+02  -6.9415041e+02  -3.7453687e+03
   9.1500000e+02   2.8779843e+03   9.7447944e+02
   9.1600000e+02   8.5892791e+03   7.2623563e+03
   9.1700000e+02   1.2452310e+04   7.1133413e+03
   9.1800000e+02   1.0488823e+04  -4.0925883e+03
   9.1900000e+02   1.2966390e+04  -1.0420090e+04
   9.2000000e+02   1.6151107e+04  -2.5724567e+02
   9.2100000e+02   1.0791309e+04   7.4747184e+03
   9.2200000e+02   8.9301265e+03   4.5878678e+03
   9.2300000e+02   1.2143129e+04  -3.0379849e+03
   9.2400000e+02   1.1291259e+04  -1.2906975e+04
   9.2500000e+02   7.5179883e+03  -1.0237514e+04
   9.2600000e+02   4.9971403e+03   1.7876031e+03
   9.2700000e+02   6.1100918e+03   4.4248443e+03
   9.2800000e+02   3.6841108e+03   3.7343384e+03
   9.2900000e+02  -2.5342736e+03   5.8161875e+03
   9.3000000e+02  -2.8752035e+03   8.9939954e+03
   9.3100000e+02  -2.2561848e+02   1.6908890e+04
   9.3200000e+02   4.6058141e+03   1.8396019e+04
   9.3300000e+02   1.1082836e+04   8.0585080e+03
   9.3400000e+02   8.5781979e+03   8.6654961e+03
   9.3500000e+02  -3.6411175e+02   2.5614043e+04
   9.3600000e+02  -2.0888086e+03   2.9116327e+04
   9.3700000e+02   4.6293077e+03   6.6462230e+03
   9.3800000e+02   9.4511078e+03  -7.7573848e+03
   9.3900000e+02   7.5079828e+03   1.1595406e+04
   9.4000000e+02   1.6551174e+03   2.7784591e+04
   9.4100000e+02  -2.1683331e+03   6.4838327e+03
   9.4200000e+02   6.0596690e+02  -1.5533116e+04
   9.4300000e+02   1.0862063e+03  -1.1137629e+03
   9.4400000e+02  -8.3528043e+03   2.1433634e+04
   9.4500000e+02  -1.2724035e+04   1.5239465e+04
   9.4600000e+02  -5.8512981e+02  -4.9590318e+03
   9.4700000e+02   5.7097753e+03  -1.0816982e+04
   9.4800000e+02  -1.1467989e+04  -4.6174856e+03
   9.4900000e+02  -2.3147300e+04   5.1147751e+03
   9.5000000e+02  -7.9820958e+03   1.0664329e+04
   9.5100000e+02   7.9517921e+03   1.1006718e+03
   9.5200000e+02   8.2739619e+01  -1.2565689e+04
   9.5300000e+02  -1.8168790e+04  -1.0677780e+04
   9.5400000e+02  -1.2826697e+04   1.3395082e+03
   9.5500000e+02   1.1712511e+04  -9.0978548e+02
   9.5600000e+02   1.0453768e+04  -1.6824242e+04
   9.5700000e+02  -1.7052540e+04  -1.3449440e+04
   9.5800000e+02  -2.7343394e+04   8.1409129e+03
   9.5900000e+02  -1.3041990e+04   7.7675396e+03
   9.6000000e+02  -3.7228945e+02  -1.5961439e+04
   9.6100000e+02   1.1259179e+03  -2.4048649e+04
   9.6200000e+02  -7.6364405e+03  -1.0401036e+04
   9.6300000e+02  -2.3942103e+04  -2.7221902e+03
   9.6400000e+02  -2.4728857e+04  -6.5235307e+03
   9.6500000e+02  -2.7304416e+03  -1.3643047e+04
   9.6600000e+02   1.2008296e+04  -1.9633225e+04
   9.6700000e+02   2.6597034e+03  -1.5900613e+04
   9.6800000e+02  -1.2358364e+04  -8.9999884e+03
   9.6900000e+02  -6.8740518e+03  -9.1879405e+03
   9.7000000e+02   1.1647792e+04  -1.0541044e+04
   9.7100000e+02   1.3568639e+04  -5.7019386e+03
   9.7200000e+02   4.3681453e+03   3.6142784e+03
   9.7300000e+02   6.0042816e+03   4.4299240e+03
   9.7400000e+02   8.3166267e+03  -4.1943638e+03
   9.7500000e+02  -4.1633894e+03  -7.7577588e+03
   9.7600000e+02  -1.3918281e+04  -4.1215834e+03
   9.7700000e+02  -4.9252050e+03   5.9981946e+02
   9.7800000e+02   8.0412204e+03  -9.8309437e+02
   9.7900000e+02   1.4059600e+04  -7.9628802e+03
   9.8000000e+02   1.0043093e+04  -4.7971942e+03
   9.8100000e+02   3.9275855e+02   1.0410298e+04
   9.8200000e+02   7.5597345e+03   1.5199329e+04
   9.8300000e+02   2.6905834e+04  -2.9212046e+03
   9.8400000e+02   2.9649550e+04  -1.7724005e+04
   9.8500000e+02   1.4404416e+04  -4.5840460e+03
   9.8600000e+02   4.9992520e+03   1.8351261e+04
   9.8700000e+02   1.4872122e+04   2.3499431e+04
   9.8800000e+02   2.3799216e+04   5.5590055e+03
   9.8900000e+02   1.2954509e+04  -1.2897804e+04
   9.9000000e+02  -3.6861938e+03  -5.0861339e+03
   9.9100000e+02  -9.9618131e+03   1.4854976e+04
   9.9200000e+02  -6.5998613e+03   1.5059259e+04
   9.9300000e+02  -1.2816269e+03   4.7760386e+03
   9.9400000e+02   2.4917201e+02   1.0938041e+04
   9.9500000e+02  -5.3948666e+03   1.7226898e+04
   9.9600000e+02  -1.1813404e+04   6.7756436e+03
   9.9700000e+02  -6.4627208e+03   8.4032137e+03
   9.9800000e+02   6.3498702e+03   2.1978318e+04
   9.9900000e+02   1.6552331e+04   1.2895009e+04
   1.0000000e+03   1.5361785e+04  -7.7713363e+03
   1.0010000e+03  -2.2327742e+03  -3.5948672e+03
   1.0020000e+03  -1.5384170e+04   2.0420042e+04
   1.0030000e+03  -9.6801589e+03   2.4012096e+04
   1.0040000e+03  -2.0902417e+03  -5.6039337e+01
   1.0050000e+03  -1.8955152e+03  -1.3415895e+04
   1.0060000e+03   8.2621910e+02  -1.1971357e+03
   1.0070000e+03   1.9982984e+03   1.2124888e+04
   1.0080000e+03  -1.0522524e+04   9.9735981e+03
   1.0090000e+03  -1.7111273e+04   1.1688674e+02
   1.0100000e+03  -4.4478118e+03  -4.0214353e+03
   1.0110000e+03   6.9875574e+02   5.0776318e+03
   1.0120000e+03  -1.1353879e+04   1.7997147e+04
   1.0130000e+03  -2.0570247e+04   1.0280404e+04
   1.0140000e+03  -1.1615138e+04  -1.4403878e+04
   1.0150000e+03   2.9923332e+03  -2.0639212e+04
   1.0160000e+03  -3.9149100e+03   3.0191338e+03
   1.0170000e+03  -1.5745929e+04   1.9960246e+04
   1.0180000e+03  -5.4459838e+03   1.7138041e+03
   1.0190000e+03   1.2493588e+03  -1.6698601e+04
   1.0200000e+03  -1.1728038e+04  -1.0125612e+04
   1.0210000e+03  -1.2187672e+04  -6.4769810e+03
   1.0220000e+03   7.8224300e+03  -1.0729998e+04
   1.0230000e+03   1.0412198e+04  -1.2153502e+04
   1.0240000e+03  -1.3492073e+04  -1.6574443e+04
   1.0250000e+03  -2.5497219e+04  -1.9235937e+04
   1.0260000e+03  -5.4289728e+03  -1.1354180e+04
   1.0270000e+03   1.8197100e+04  -2.1428503e+03
   1.0280000e+03   8.5641772e+03  -9.0807900e+03
   1.0290000e+03  -1.7121807e+04  -1.9500685e+04
   1.0300000e+03  -1.1222763e+04  -1.4863785e+04
   1.0310000e+03   1.5421609e+04  -1.0927775e+04
   1.0320000e+03   1.7432842e+04  -7.7371206e+03
   1.0330000e+03  -2.8019122e+03   3.9243181e+03
   1.0340000e+03  -1.1101505e+04   6.5744371e+03
   1.0350000e+03   3.7917156e+03  -3.5990885e+03
   1.0360000e+03   1.9717095e+04  -1.3654476e+04
   1.0370000e+03   1.4488116e+04  -1.8547448e+04
   1.0380000e+03   1.3771949e+03  -1.4336548e+04
   1.0390000e+03   2.0532589e+02   2.4848465e+03
   1.0400000e+03   3.2852742e+03   1.3689658e+04
   1.0410000e+03   7.4062878e+03  -2.3980730e+03
   1.0420000e+03   1.5353309e+04  -2.0471613e+04
   1.0430000e+03   1.3935757e+04  -1.0103429e+04
   1.0440000e+03   4.9868004e+03   1.1255331e+04
   1.0450000e+03   6.0427893e+03   1.6998220e+04
   1.0460000e+03   1.6355273e+04   6.6056421e+03
   1.0470000e+03   1.8668290e+04  -1.8500458e+03
   1.0480000e+03   4.4766275e+03   2.0204791e+02
   1.0490000e+03  -7.9314296e+03   7.9515298e+03
   1.0500000e+03   1.2202478e+03   1.4817800e+04
   1.0510000e+03   1.9085548e+04   1.4849914e+04
   1.0520000e+03   1.7611581e+04   1.6301715e+04
   1.0530000e+03  -1.4365588e+03   1.4769158e+04
   1.0540000e+03  -9.6361661e+03  -5.3441794e+03
   1.0550000e+03  -4.7675321e+03  -1.6144085e+04
   1.0560000e+03  -1.2442774e+03   9.0077572e+03
   1.0570000e+03   4.1574254e+03   3.4641060e+04
   1.0580000e+03   9.1296971e+03   2.1424961e+04
   1.0590000e+03   4.8623651e+03  -4.6331716e+03
   1.0600000e+03  -5.0078915e+03  -1.9120800e+03
   1.0610000e+03  -7.9838298e+03   1.2848241e+04
   1.0620000e+03  -7.3822296e+01   1.2034011e+04
   1.0630000e+03   4.0585835e+03   2.8884358e+03
   1.0640000e+03  -3.5138135e+03   1.5513423e+03
   1.0650000e+03  -1.2617842e+04   1.5888699e+04
   1.0660000e+03  -9.3272550e+03   2.3192879e+04
   1.0670000e+03   2.2043640e+03   2.3631542e+03
   1.0680000e+03  -2.0838136e+03  -1.3764849e+04
   1.0690000e+03  -1.7772149e+04  -1.5156248e+03
   1.0700000e+03  -2.0520697e+04   1.0073303e+04
   1.0710000e+03  -1.3249437e+04   7.4506928e+03
   1.0720000e+03  -7.2071257e+03   5.2019352e+03
   1.0730000e+03  -3.1679748e+03  -2.6796569e+03
   1.0740000e+03  -1.5749861e+03  -1.6104196e+04
   1.0750000e+03  -8.1863838e+03  -1.0120931e+04
   1.0760000e+03  -1.6154535e+04   9.5216070e+03
   1.0770000e+03  -5.4787796e+03   1.1580830e+04
   1.0780000e+03   1.1720480e+04  -3.8408648e+03
   1.0790000e+03   5.7849656e+03  -1.2947532e+04
   1.0800000e+03  -1.4655464e+04  -1.1560447e+04
   1.0810000e+03  -1.9240348e+04  -1.2013646e+04
   1.0820000e+03  -7.9636966e+03  -1.1589591e+04
   1.0830000e+03  -2.8083050e+03  -3.1966347e+03
   1.0840000e+03  -4.5041320e+03   1.1616711e+03
   1.0850000e+03  -8.6000153e+03  -9.7566405e+03
   1.0860000e+03  -1.5565750e+04  -1.9793158e+04
   1.0870000e+03  -1.2432176e+04  -1.5270146e+04
   1.0880000e+03   6.3222679e+02  -1.5477750e+04
   1.0890000e+03   6.6483212e+03  -1.8067439e+04
   1.0900000e+03  -2.3579951e+03  -2.0316886e+03
   1.0910000e+03  -1.1527078e+04   3.9620179e+03
   1.0920000e+03   2.7142958e+03  -1.3702462e+04
   1.0930000e+03   2.6149369e+04  -1.4917924e+04
   1.0940000e+03   2.8752865e+04   1.7956928e+03
   1.0950000e+03   1.1752071e+04   4.6858711e+03
   1.0960000e+03  -6.1967879e+03  -3.4109776e+03
   1.0970000e+03  -5.8783390e+03  -5.9582188e+03
   1.0980000e+03   1.0701414e+04  -1.7615724e+03
   1.0990000e+03   1.6684289e+04   5.7418306e+03
   1.1000000e+03   5.6679391e+03   7.7737481e+03
   1.1010000e+03   2.8477614e+03  -1.9066995e+02
   1.1020000e+03   1.1671547e+04  -5.1734893e+03
   1.1030000e+03   7.8116391e+03  -5.0014760e+03
   1.1040000e+03  -2.9819684e+02  -5.6658888e+03
   1.1050000e+03   1.0490203e+04   6.8376441e+02
   1.1060000e+03   2.5513328e+04   6.1413738e+03
   1.1070000e+03   2.2020807e+04  -3.7301100e+03
   1.1080000e+03   6.9940249e+03  -1.1743408e+04
   1.1090000e+03   1.8391613e+03   1.3748239e+03
   1.1100000e+03   5.1828156e+03   2.1430331e+04
   1.1110000e+03   5.0357387e+03   2.3264717e+04
   1.1120000e+03   2.5006352e+03   7.3699800e+03
   1.1130000e+03  -2.4557897e+03  -3.0267369e+03
   1.1140000e+03  -1.9078355e+03   6.8700817e+03
   1.1150000e+03   4.7594738e+03   2.2908221e+04
   1.1160000e+03   3.1873933e+03   2.0527041e+04
   1.1170000e+03   1.1362859e+03   7.1150952e+03
   1.1180000e+03   2.7711287e+03   8.9143647e+03
   1.1190000e+03   7.3580690e+00   1.9237682e+04
   1.1200000e+03   1.9622549e+02   1.2479782e+04
   1.1210000e+03   5.8973392e+03  -3.2090945e+03
   1.1220000e+03   7.3593594e+03  -6.0129034e+02
   1.1230000e+03  -1.8453325e+03   1.4194001e+04
   1.1240000e+03  -1.1256711e+04   1.5851777e+04
   1.1250000e+03  -8.7694302e+03   4.3474455e+03
   1.1260000e+03  -1.4449506e+03  -3.8371416e+03
   1.1270000e+03   2.6387617e+03  -6.4782249e+03
   1.1280000e+03  -4.8490799e+03  -7.5741556e+03
   1.1290000e+03  -2.2856830e+04  -9.9842444e+02
   1.1300000e+03  -2.7601872e+04   4.5257834e+03
   1.1310000e+03  -1.3196860e+04  -4.2839328e+03
   1.1320000e+03  -1.7218159e+03  -1.1279655e+04
   1.1330000e+03  -4.3269717e+03  -8.5790493e+03
   1.1340000e+03  -1.3199928e+04  -4.6888238e+03
   1.1350000e+03  -2.2784966e+04   5.6668532e+02
   1.1360000e+03  -2.1892969e+04   4.6990303e+02
   1.1370000e+03  -3.5003632e+02  -3.0826509e+03
   1.1380000e+03   1.2060378e+04  -3.6674151e+03
   1.1390000e+03  -4.8586045e+03  -1.0898511e+04
   1.1400000e+03  -1.7258719e+04  -1.5061598e+04
   1.1410000e+03  -6.5916888e+03  -3.8724217e+03
   1.1420000e+03   4.5628555e+03   2.6637771e+03
   1.1430000e+03   4.7128757e+02  -5.4023815e+03
   1.1440000e+03  -6.9098364e+03  -1.3336057e+04
   1.1450000e+03  -3.9206305e+03  -1.5525871e+04
   1.1460000e+03   3.8641790e+03  -1.3324030e+04
   1.1470000e+03   7.5379485e+03  -4.8227340e+03
   1.1480000e+03   6.1292201e+02   7.5027023e+01
   1.1490000e+03  -1.2845997e+04  -8.5471661e+03
   1.1500000e+03  -1.3210631e+04  -1.9161504e+04
   1.1510000e+03   4.2789499e+02  -1.6757616e+04
   1.1520000e+03   8.1923513e+03  -1.7988858e+03
   1.1530000e+03   4.0631987e+03   1.0430974e+04
   1.1540000e+03  -1.4595258e+03   5.4320683e+03
   1.1550000e+03   1.7416433e+03  -8.4411916e+03
   1.1560000e+03   1.1695611e+04  -1.0601948e+04
   1.1570000e+03   1.2685622e+04   9.7319357e+02
   1.1580000e+03   4.6489417e+03   8.6543716e+03
   1.1590000e+03   7.9365057e+03   2.9092707e+03
   1.1600000e+03   1.4493354e+04  -4.3108943e+03
   1.1610000e+03   9.0210539e+03   2.6984401e+03
   1.1620000e+03   8.3952369e+03   1.5913775e+04
   1.1630000e+03   1.7620737e+04   7.3307078e+03
   1.1640000e+03   2.2066024e+04  -1.6443521e+04
   1.1650000e+03   1.0475085e+04  -1.0244887e+04
   1.1660000e+03  -1.0553241e+04   2.3549025e+04
   1.1670000e+03  -7.1631564e+03   3.0733347e+04
   1.1680000e+03   1.7323547e+04   2.2350468e+03
   1.1690000e+03   1.5226778e+04  -1.6605054e+04
   1.1700000e+03  -1.1888965e+04  -1.6395823e+03
   1.1710000e+03  -1.6786183e+04   2.4076629e+04
   1.1720000e+03   7.6993522e+03   2.2432761e+04
   1.1730000e+03   2.2673240e+04  -4.6307804e+03
   1.1740000e+03   1.1667693e+04  -9.3911063e+03
   1.1750000e+03  -5.8826366e+03   1.6351943e+04
   1.1760000e+03  -9.9630682e+03   2.7344843e+04
   1.1770000e+03   5.8430503e+03   1.0881999e+04
   1.1780000e+03   2.0161716e+04  -6.0589886e+03
   1.1790000e+03   1.0251388e+04  -2.3019250e+03
   1.1800000e+03  -5.4453216e+03   1.7580718e+04
   1.1810000e+03  -2.1125540e+03   2.1240799e+04
   1.1820000e+03   8.1731163e+03  -2.0925268e+03
   1.1830000e+03   2.4665400e+03  -1.8424787e+04
   1.1840000e+03  -9.0582554e+03  -9.6861313e+03
   1.1850000e+03  -4.8813677e+03   5.5006913e+03
   1.1860000e+03   1.9173986e+03   1.1098346e+04
   1.1870000e+03  -8.6011031e+03   5.1508965e+03
   1.1880000e+03  -2.0942599e+04  -2.9452761e+03
   1.1890000e+03  -1.2566030e+04  -2.4706919e+03
   1.1900000e+03   3.1043139e+03   3.4722347e+03
   1.1910000e+03  -1.1156518e+03   1.2474211e+04
   1.1920000e+03  -2.2495863e+04   1.4841084e+04
   1.1930000e+03  -3.2263399e+04  -3.5197542e+03
   1.1940000e+03  -1.2294581e+04  -1.7263025e+04
   1.1950000e+03   1.1861936e+04  -4.2019845e+03
   1.1960000e+03   2.7722880e+03   9.4668760e+03
   1.1970000e+03  -2.5332574e+04   1.1945598e+03
   1.1980000e+03  -2.7035475e+04  -1.8574199e+04
   1.1990000e+03   5.1331148e+03  -2.0712338e+04
   1.2000000e+03   2.8004314e+04  -1.1497285e+03
   1.2010000e+03   1.0558260e+04   1.4856463e+03
   1.2020000e+03  -2.0720609e+04  -2.2358074e+04
   1.2030000e+03  -2.2589919e+04  -3.0077821e+04
   1.2040000e+03   4.2480244e+03  -4.8387448e+03
   1.2050000e+03   1.5442322e+04   8.6177909e+03
   1.2060000e+03  -1.1114576e+03  -1.3564669e+04
   1.2070000e+03  -1.1506901e+04  -2.3117043e+04
   1.2080000e+03  -1.2798207e+04  -4.5768816e+01
   1.2090000e+03  -1.5327144e+04   8.0509913e+03
   1.2100000e+03  -8.5962103e+03  -1.2258580e+04
   1.2110000e+03  -3.0180291e+03  -2.0563894e+04
   1.2120000e+03  -8.7735653e+03  -4.7513948e+03
   1.2130000e+03  -3.0250469e+03   2.3880764e+03
   1.2140000e+03   2.0938615e+04  -8.2568772e+03
   1.2150000e+03   2.7634457e+04  -1.0644985e+04
   1.2160000e+03   3.2200960e+03  -2.8022666e+03
   1.2170000e+03  -1.1300965e+04  -3.9074674e+03
   1.2180000e+03   9.9520007e+03  -9.2064612e+03
   1.2190000e+03   3.3917888e+04  -1.5914606e+03
   1.2200000e+03   2.3019283e+04   9.2637215e+03
   1.2210000e+03   1.5189355e+03   5.0518581e+03
   1.2220000e+03   9.0571834e+03  -2.5484988e+03
   1.2230000e+03   1.9098612e+04   5.3954547e+03
   1.2240000e+03   3.4071740e+03   1.8109369e+04
   1.2250000e+03  -1.1881637e+04   9.0646340e+03
   1.2260000e+03  -8.3893527e+03  -1.1414736e+04
   1.2270000e+03   4.9783516e+03  -6.9757759e+03
   1.2280000e+03   1.2505091e+04   1.0950923e+04
   1.2290000e+03   5.0424883e+03   1.1053442e+04
   1.2300000e+03  -4.0260239e+03   1.4939251e+03
   1.2310000e+03   1.7779492e+03   7.1238253e+02
   1.2320000e+03   1.2316544e+04   1.0712754e+04
   1.2330000e+03   1.0774792e+04   1.7819664e+04
   1.2340000e+03   5.6652686e+03   1.1226417e+04
   1.2350000e+03   7.2566634e+03   1.0149757e+03
   1.2360000e+03   1.3813999e+04   6.5037271e+03
   1.2370000e+03   2.2421550e+04   2.9322337e+04
   1.2380000e+03   1.5726230e+04   3.3522650e+04
   1.2390000e+03  -8.8955936e+03   4.6266364e+03
   1.2400000e+03  -1.9012493e+04  -1.1087292e+04
   1.2410000e+03  -1.1569251e+03   7.0078711e+03
   1.2420000e+03   1.4216214e+04   2.1728412e+04
   1.2430000e+03   2.5346129e+02   9.2635013e+03
   1.2440000e+03  -2.3691840e+04  -5.7176379e+03
   1.2450000e+03  -3.0264210e+04   2.7951683e+03
   1.2460000e+03  -2.1369189e+04   1.5454662e+04
   1.2470000e+03  -7.4658291e+03   1.0697635e+04
   1.2480000e+03  -2.1694773e+03   9.7480831e+02
   1.2490000e+03  -9.8162671e+03  -2.6263052e+03
   1.2500000e+03  -1.6481634e+04  -5.0556810e+03
   1.2510000e+03  -1.1370092e+04  -4.7633649e+03
   1.2520000e+03   1.0843255e+03   4.6709781e+03
   1.2530000e+03   2.9737589e+03   1.0589904e+04
   1.2540000e+03  -4.7358694e+03   2.0880774e+03
   1.2550000e+03  -2.6334480e+03  -1.0296627e+04
   1.2560000e+03   5.1865129e+03  -1.8109320e+04
   1.2570000e+03   3.5849781e+03  -1.3400070e+04
   1.2580000e+03  -7.3424795e+03  -2.0816479e+03
   1.2590000e+03  -1.1944393e+04  -7.3010935e+03
   1.2600000e+03  -9.5649671e+02  -1.8664972e+04
   1.2610000e+03   6.3618451e+03  -1.5060650e+04
   1.2620000e+03  -7.7518955e+03  -8.2915193e+03
   1.2630000e+03  -2.6773679e+04  -7.0840486e+03
   1.2640000e+03  -2.2046917e+04  -6.0485025e+03
   1.2650000e+03  -1.6737487e+03  -8.1832325e+03
   1.2660000e+03   2.6093046e+03  -1.3335928e+04
   1.2670000e+03  -7.5287386e+03  -1.1086479e+04
   1.2680000e+03  -1.3292844e+04  -2.5667498e+03
   1.2690000e+03  -9.4998554e+03  -2.9830414e+03
   1.2700000e+03   2.4248434e+03  -1.1720578e+04
   1.2710000e+03   1.2700717e+04  -8.9601130e+03
   1.2720000e+03   1.3128658e+04   1.8741409e+03
   1.2730000e+03   9.3973170e+03  -6.5799346e+03
   1.2740000e+03   1.3002129e+04  -2.5077393e+04
   1.2750000e+03   1.9685290e+04  -1.6773345e+04
   1.2760000e+03   1.3390069e+04   8.8569617e+03
   1.2770000e+03   2.3379025e+03   9.0763912e+03
   1.2780000e+03   3.8417017e+03  -1.2142315e+04
   1.2790000e+03   9.2251179e+03  -1.1081893e+04
   1.2800000e+03   7.9549023e+03   7.8821325e+03
   1.2810000e+03   7.7619675e+03   4.5536310e+03
   1.2820000e+03   6.7832777e+03  -1.0076293e+04
   1.2830000e+03  -3.2150021e+03  -4.3118194e+03
   1.2840000e+03  -4.3070656e+03   1.2015683e+04
   1.2850000e+03   9.6208216e+03   1.6677183e+04
   1.2860000e+03   1.2389463e+04   6.6188950e+03
   1.2870000e+03   2.0455273e+03  -4.4893216e+03
   1.2880000e+03  -2.3934733e+03  -1.3492060e+03
   1.2890000e+03   3.2024650e+03   1.1145400e+04
   1.2900000e+03   1.2271826e+04   1.3104382e+04
   1.2910000e+03   1.4475993e+04   2.7274466e+03
   1.2920000e+03   7.8377919e+03  -1.8082746e+03
   1.2930000e+03   2.2928472e+03   5.8203266e+03
   1.2940000e+03   3.2810968e+03   1.4573953e+04
   1.2950000e+03   4.6555838e+03   1.2490196e+04
   1.2960000e+03   5.1429453e+03   6.2040106e+03
   1.2970000e+03   1.1502542e+04   1.0175542e+04
   1.2980000e+03   1.3896189e+04   1.2505027e+04
   1.2990000e+03   2.0921253e+03   7.2808988e+03
   1.3000000e+03  -6.9594688e+03   1.1869472e+04
   1.3010000e+03  -2.2008450e+03   1.8591996e+04
   1.3020000e+03   6.8985678e+02   9.6526106e+03
   1.3030000e+03  -4.2783092e+03  -2.6976748e+03
   1.3040000e+03  -5.5882588e+03   2.9135900e+03
   1.3050000e+03  -5.0452261e+03   1.6277191e+04
   1.3060000e+03  -7.5708967e+03   1.2132979e+04
   1.3070000e+03  -1.0913145e+04   1.8870823e+03
   1.3080000e+03  -1.6451671e+04   3.8520562e+03
   1.3090000e+03  -1.6473833e+04   5.5614168e+03
   1.3100000e+03  -8.2408976e+03  -3.0280847e+03
   1.3110000e+03  -3.6589231e+03  -1.4744225e+04
   1.3120000e+03  -4.6176590e+03  -1.5298626e+04
   1.3130000e+03  -6.6047769e+03  -1.6374102e+03
   1.3140000e+03  -9.5508042e+03   9.6261303e+03
   1.3150000e+03  -1.6110568e+04   3.7263520e+03
   1.3160000e+03  -1.8915222e+04  -1.2414565e+04
   1.3170000e+03  -9.7042797e+03  -1.1271891e+04
   1.3180000e+03  -3.6324081e+03   5.4074821e+03
   1.3190000e+03  -6.2663117e+03   3.1634114e+03
   1.3200000e+03  -3.5896795e+03  -9.5653144e+03
   1.3210000e+03   9.4866199e+02  -4.6024793e+03
   1.3220000e+03  -4.9746999e+03   5.0142722e+03
   1.3230000e+03  -1.1508853e+04   8.9084864e+02
   1.3240000e+03  -7.8424374e+02  -8.5058522e+03
   1.3250000e+03   7.1476792e+03  -8.7773307e+03
   1.3260000e+03  -7.4825363e+03  -1.0825898e+04
   1.3270000e+03  -1.6496759e+04  -2.9282604e+04
   1.3280000e+03  -6.1229342e+03  -3.3228109e+04
   1.3290000e+03   6.4855001e+03  -3.8691061e+03
   1.3300000e+03   9.8863021e+03   1.1067916e+04
   1.3310000e+03   3.4147739e+03  -9.7763590e+03
   1.3320000e+03  -1.2463840e+03  -2.4357425e+04
   1.3330000e+03  -1.9511464e+03  -1.3372606e+04
   1.3340000e+03  -2.4038923e+03   1.7522978e+03
   1.3350000e+03   5.2470261e+03   2.6894726e+03
   1.3360000e+03   1.5208163e+04  -4.5345510e+03
   1.3370000e+03   8.5831483e+03  -2.9974115e+03
   1.3380000e+03  -7.5789353e+03   2.4687386e+03
   1.3390000e+03  -3.0692899e+03   3.5068672e+03
   1.3400000e+03   1.6591678e+04   6.1503696e+03
   1.3410000e+03   2.1370440e+04   4.3016209e+03
   1.3420000e+03   1.1439272e+04  -8.2010147e+03
   1.3430000e+03  -4.7881033e+02  -1.7681649e+04
   1.3440000e+03   1.0516194e+03  -7.1296580e+03
   1.3450000e+03   1.8929017e+04   1.7276200e+04
   1.3460000e+03   2.7622685e+04   2.3961840e+04
   1.3470000e+03   1.6118294e+04   5.0562411e+03
   1.3480000e+03  -1.5051698e+03  -8.9805559e+03
   1.3490000e+03  -5.1684579e+02   2.6512767e+02
   1.3500000e+03   2.0741615e+04   1.5324208e+04
   1.3510000e+03   2.4819961e+04   1.1930662e+04
   1.3520000e+03   4.4380709e+03  -1.7080084e+03
   1.3530000e+03  -5.4394989e+03  -1.1317372e+03
   1.3540000e+03   8.9392246e+03   1.2241204e+04
   1.3550000e+03   1.6481581e+04   2.1354781e+04
   1.3560000e+03  -4.5291775e+03   1.7134037e+04
   1.3570000e+03  -1.8853008e+04   2.1861499e+03
   1.3580000e+03  -5.0791062e+03  -6.5650720e+03
   1.3590000e+03   1.1212873e+04   7.5273020e+03
   1.3600000e+03   1.0439095e+04   2.5624466e+04
   1.3610000e+03  -6.0096877e+03   1.2560927e+04
   1.3620000e+03  -1.4259530e+04  -1.2369122e+04
   1.3630000e+03  -5.6671993e+03  -6.8964084e+03
   1.3640000e+03  -2.3319309e+03   1.4895317e+04
   1.3650000e+03  -6.3971506e+03   2.0088390e+04
   1.3660000e+03  -6.7666597e+03   4.7935904e+03
   1.3670000e+03  -3.4844584e+03  -1.3399908e+04
   1.3680000e+03  -3.9130567e+03  -7.2513363e+03
   1.3690000e+03  -1.1779866e+04   1.4569171e+04
   1.3700000e+03  -1.5164331e+04   1.2564274e+04
   1.3710000e+03  -8.6716390e+03  -8.2124842e+03
   1.3720000e+03  -2.4381968e+03  -1.3793184e+04
   1.3730000e+03  -4.6430907e+03  -2.1675574e+03
   1.3740000e+03  -1.2010745e+04   1.0316802e+04
   1.3750000e+03  -1.1029137e+04   1.1124428e+04
   1.3760000e+03  -1.0196290e+03  -3.9188526e+03
   1.3770000e+03   3.2468893e+03  -1.7144500e+04
   1.3780000e+03  -3.5548187e+03  -1.1412620e+04
   1.3790000e+03  -1.1515317e+04  -6.7413619e+03
   1.3800000e+03  -1.0403069e+04  -1.8451754e+04
   1.3810000e+03  -7.3884539e+03  -1.3919494e+04
   1.3820000e+03  -1.4407419e+04   1.0278122e+04
   1.3830000e+03  -1.7625829e+04   5.6761588e+03
   1.3840000e+03  -3.2299335e+03  -2.0259822e+04
   1.3850000e+03   9.1714257e+02  -2.1153726e+04
   1.3860000e+03  -1.9287535e+04  -6.9971523e+03
   1.3870000e+03  -2.1872885e+04  -5.5814809e+03
   1.3880000e+03   5.7010740e+03  -1.1401313e+04
   1.3890000e+03   1.8328851e+04  -1.0963208e+04
   1.3900000e+03   4.8285290e+02  -4.6831515e+03
   1.3910000e+03  -1.3334766e+04   1.9948108e+02
   1.3920000e+03  -3.2726450e+03   3.8603710e+03
   1.3930000e+03   7.6869465e+03   4.4535214e+03
   1.3940000e+03   2.6272174e+03  -5.7331088e+03
   1.3950000e+03   3.8354347e+03  -1.6847474e+04
   1.3960000e+03   1.8786390e+04  -1.0883583e+04
   1.3970000e+03   1.3679876e+04   3.3282678e+03
   1.3980000e+03  -8.3862149e+03   6.0084790e+03
   1.3990000e+03   1.3494777e+01   1.6809868e+03
   1.4000000e+03   2.8170999e+04  -2.2738094e+03
   1.4010000e+03   2.7510315e+04  -9.6728056e+03
   1.4020000e+03   3.0911457e+03  -1.0018376e+04
   1.4030000e+03  -8.0865513e+03   2.5567175e+03
   1.4040000e+03   8.9800550e+03   8.2385356e+03
   1.4050000e+03   2.5948019e+04   1.3199541e+02
   1.4060000e+03   1.3241041e+04  -2.9662964e+02
   1.4070000e+03  -3.8008239e+03   1.4166210e+04
   1.4080000e+03   2.5640927e+03   2.1052225e+04
   1.4090000e+03   1.6708831e+04   1.0270995e+04
   1.4100000e+03   1.5237041e+04   2.6886432e+03
   1.4110000e+03  -1.5419140e+03   1.5428958e+04
   1.4120000e+03  -8.7206871e+03   2.8860589e+04
   1.4130000e+03   5.7744968e+03   1.3499792e+04
   1.4140000e+03   2.1242149e+04  -9.1463016e+03
   1.4150000e+03   1.7103527e+04  -7.8530607e+02
   1.4160000e+03  -1.0070238e+03   2.0381586e+04
   1.4170000e+03  -1.3273984e+04   2.1448633e+04
   1.4180000e+03  -9.5650250e+03   5.3335106e+03
   1.4190000e+03   1.7180843e+03  -1.0914323e+04
   1.4200000e+03   2.7998370e+03  -1.1652929e+04
   1.4210000e+03  -1.9697904e+03  -1.4463005e+01
   1.4220000e+03   1.7405995e+03   1.3531049e+03
   1.4230000e+03   2.4192907e+03  -2.4604623e+03
   1.4240000e+03  -2.1805028e+03   9.3438326e+03
   1.4250000e+03  -3.6129573e+03   1.4973879e+04
   1.4260000e+03  -7.0526401e+03  -2.9150554e+03
   1.4270000e+03  -7.1715556e+03  -7.7736604e+03
   1.4280000e+03  -2.7549529e+03   1.1865784e+04
   1.4290000e+03  -2.1049246e+03   1.6479939e+04
   1.4300000e+03  -4.3044662e+03  -1.4322966e+03
   1.4310000e+03  -5.9391524e+03  -7.1536652e+03
   1.4320000e+03  -3.8767106e+03   6.9647351e+03
   1.4330000e+03  -8.7080876e+03   7.9881688e+03
   1.4340000e+03  -2.3543908e+04  -1.2884784e+04
   1.4350000e+03  -2.1486979e+04  -1.9544548e+04
   1.4360000e+03   3.3634481e+03   2.9170881e+02
   1.4370000e+03   1.5440948e+04   1.0459476e+04
   1.4380000e+03  -6.1234387e+03  -7.6923626e+03
   1.4390000e+03  -2.8024735e+04  -2.2152650e+04
   1.4400000e+03  -1.7527706e+04  -8.2243661e+03
   1.4410000e+03   1.7996001e+03   9.9346446e+03
   1.4420000e+03  -7.4646680e+02   7.1407352e+03
   1.4430000e+03  -1.3960989e+04  -1.0447017e+04
   1.4440000e+03  -1.3721492e+04  -2.9522159e+04
   1.4450000e+03  -5.4533685e+03  -3.1519355e+04
   1.4460000e+03  -1.1947293e+03  -7.5226507e+03
   1.4470000e+03   2.5632683e+03   1.1547310e+04
   1.4480000e+03  -3.2171251e+03   2.2519358e+02
   1.4490000e+03  -1.0488384e+04  -1.8611700e+04
   1.4500000e+03   1.1252291e+03  -1.4325450e+04
   1.4510000e+03   1.1979703e+04   3.9522436e+03
   1.4520000e+03   1.2415587e+04  -5.3814316e+02
   1.4530000e+03   1.0149009e+04  -2.2083445e+04
   1.4540000e+03  -3.4015669e+03  -1.5343824e+04
   1.4550000e+03  -1.0691470e+04   1.0818753e+04
   1.4560000e+03   7.2544574e+03   1.2617385e+04
   1.4570000e+03   2.1413051e+04  -6.4745951e+03
   1.4580000e+03   1.0959512e+04  -1.3060224e+04
   1.4590000e+03  -5.8875192e+02   3.5153514e+02
   1.4600000e+03   1.6954865e+03   6.6484651e+03
   1.4610000e+03   7.7405746e+03  -2.2806711e+03
   1.4620000e+03   1.1258761e+04  -6.5970630e+03
   1.4630000e+03   6.5552144e+03  -4.8824843e+03
   1.4640000e+03  -1.4124165e+03   5.7241309e+02
   1.4650000e+03   1.4641107e+03   5.4520867e+03
   1.4660000e+03   9.4436403e+03   5.0376769e+02
   1.4670000e+03   8.8991381e+03   2.0346178e+03
   1.4680000e+03  -3.4516145e+03   1.0844862e+04
   1.4690000e+03  -7.4851049e+03   5.8774385e+03
   1.4700000e+03   1.4543512e+04  -6.8033008e+02
   1.4710000e+03   2.9064291e+04   6.6649860e+03
   1.4720000e+03   9.5112395e+03   1.7819816e+04
   1.4730000e+03  -9.0229773e+03   2.6348739e+04
   1.4740000e+03   4.3520202e+03   2.5307835e+04
   1.4750000e+03   2.3523819e+04   6.0914895e+03
   1.4760000e+03   1.2872747e+04  -8.0570494e+03
   1.4770000e+03  -7.2982577e+03   8.2073120e+03
   1.4780000e+03  -1.9193787e+03   2.9278479e+04
   1.4790000e+03   1.2711865e+04   2.1134886e+04
   1.4800000e+03   9.8592779e+03  -4.6659607e+03
   1.4810000e+03  -3.6743787e+03  -1.1216302e+04
   1.4820000e+03  -1.3788095e+04   8.8758970e+03
   1.4830000e+03  -1.7147896e+04   1.7528064e+04
   1.4840000e+03  -8.4867212e+03  -3.0675540e+03
   1.4850000e+03   1.1831757e+04  -1.7425546e+04
   1.4860000e+03   1.5868284e+04  -1.2498468e+03
   1.4870000e+03  -1.4679044e+04   1.8269071e+04
   1.4880000e+03  -3.7990779e+04   1.3682682e+04
   1.4890000e+03  -1.6581659e+04   7.5388401e+02
   1.4900000e+03   1.1144771e+04  -4.5631460e+03
   1.4910000e+03   5.6613498e+03  -3.0514317e+03
   1.4920000e+03  -1.5993211e+04   6.9533139e+03
   1.4930000e+03  -2.6647847e+04   9.7183925e+03
   1.4940000e+03  -1.4859433e+04  -1.2824395e+03
   1.4950000e+03   1.7839207e+03  -7.9613357e+03
   1.4960000e+03  -3.3153815e+03  -6.8850345e+03
   1.4970000e+03  -1.5223730e+04  -3.3867959e+02
   1.4980000e+03  -9.6967505e+03   2.6779549e+03
   1.4990000e+03   4.2323325e+03  -1.0392074e+04
   1.5000000e+03   8.9500311e+03  -2.0485510e+04
   1.5010000e+03   4.3513940e+03  -1.2999432e+04
   1.5020000e+03  -2.2178793e+03  -7.4621918e+03
   1.5030000e+03  -8.8175295e+03  -1.2124639e+04
   1.5040000e+03  -9.8886639e+03  -1.3526125e+04
   1.5050000e+03  -5.9102660e+03  -1.0941210e+04
   1.5060000e+03  -3.0969380e+03  -1.1882808e+04
   1.5070000e+03  -6.6028390e+02  -1.1694648e+04
   1.5080000e+03  -4.3969171e+03  -4.2511908e+03
   1.5090000e+03  -1.1414368e+04   5.4153063e+03
   1.5100000e+03  -9.8384683e+03   2.3733017e+03
   1.5110000e+03  -1.7623402e+03  -8.5158803e+03
   1.5120000e+03   8.5510959e+03  -3.9207735e+02
   1.5130000e+03   1.3896569e+04   1.0240567e+04
   1.5140000e+03   1.1040402e+04  -9.8418641e+03
   1.5150000e+03   4.9324706e+03  -2.7290107e+04
   1.5160000e+03  -1.7431580e+03  -7.7146495e+03
   1.5170000e+03   2.8683401e+03   9.3699317e+03
   1.5180000e+03   1.4696150e+04  -5.8758806e+03
   1.5190000e+03   1.0630830e+04  -1.8733065e+04
   1.5200000e+03  -3.0621723e+02  -1.0292036e+04
   1.5210000e+03   5.4619976e+03  -9.4879238e+02
   1.5220000e+03   1.5741050e+04  -5.1415146e+02
   1.5230000e+03   7.5290970e+03  -8.2598244e+03
   1.5240000e+03  -5.6085821e+03  -6.6685822e+03
   1.5250000e+03  -5.2579351e+02   1.6593428e+04
   1.5260000e+03   1.6779306e+04   2.5516430e+04
   1.5270000e+03   2.3703332e+04   5.3655427e+03
   1.5280000e+03   8.0570360e+03  -4.1716743e+03
   1.5290000e+03  -6.0276543e+03   5.3963278e+03
   1.5300000e+03   3.1974739e+03   5.2232914e+03
   1.5310000e+03   1.3225138e+04  -2.9455018e+02
   1.5320000e+03   1.0389238e+04   1.0844811e+04
   1.5330000e+03   6.3429200e+03   1.9580692e+04
   1.5340000e+03   1.9630546e+03   4.9734563e+03
   1.5350000e+03  -6.0782668e+03  -8.0589521e+03
   1.5360000e+03  -8.4626330e+03   1.4148163e+02
   1.5370000e+03  -2.6318979e+02   1.3505063e+04
   1.5380000e+03   5.2133380e+03   1.5062897e+04
   1.5390000e+03   7.9719303e+03   9.0142849e+03
   1.5400000e+03   1.1273594e+04   8.1602095e+03
   1.5410000e+03   1.9284647e+03   1.0427342e+04
   1.5420000e+03  -5.9356753e+03   7.6561027e+03
   1.5430000e+03   1.0539704e+03   8.2753243e+03
   1.5440000e+03   3.3976609e+03   1.7148861e+04
   1.5450000e+03  -1.2678525e+03   1.4867995e+04
   1.5460000e+03  -4.8063469e+03  -1.4714676e+03
   1.5470000e+03  -9.8381670e+03  -1.8904453e+03
   1.5480000e+03  -1.2483652e+04   1.5859086e+04
   1.5490000e+03  -1.1155780e+04   2.0623422e+04
   1.5500000e+03  -1.1048081e+04   4.7603864e+03
   1.5510000e+03  -1.0311515e+04  -1.2593710e+04
   1.5520000e+03  -7.0702606e+03  -1.4241051e+04
   1.5530000e+03  -6.7340420e+03  -3.1890940e+03
   1.5540000e+03  -7.6651495e+03   9.1170182e+02
   1.5550000e+03  -7.6823524e+03  -6.4008675e+03
   1.5560000e+03  -1.2034778e+04  -9.7537556e+03
   1.5570000e+03  -1.3594246e+04  -3.4637407e+03
   1.5580000e+03  -5.6963694e+03   2.4527062e+02
   1.5590000e+03  -3.7522032e+03  -8.1366197e+03
   1.5600000e+03  -1.4091147e+04  -1.6055217e+04
   1.5610000e+03  -1.2056333e+04  -9.8752812e+03
   1.5620000e+03   5.9099468e+03  -3.6995780e+03
   1.5630000e+03   3.6813761e+03  -4.5897445e+03
   1.5640000e+03  -1.5834027e+04  -2.4051157e+03
   1.5650000e+03  -1.2921508e+04  -7.5155973e+03
   1.5660000e+03   5.8879421e+03  -1.5548506e+04
   1.5670000e+03   3.5726366e+03  -5.9985456e+03
   1.5680000e+03  -1.5188295e+04   1.8319274e+03
   1.5690000e+03  -8.4801947e+03  -5.6997091e+03
   1.5700000e+03   1.5633011e+04  -9.0750902e+03
   1.5710000e+03   9.0947666e+03  -4.3805726e+03
   1.5720000e+03  -1.0289633e+04  -3.5702977e+03
   1.5730000e+03  -3.8568484e+03  -9.4435986e+03
   1.5740000e+03   9.8218495e+03  -1.1188447e+04
   1.5750000e+03   1.1284309e+04  -7.2096082e+03
   1.5760000e+03   9.7885101e+03  -6.9928929e+03
   1.5770000e+03   9.7933070e+03  -7.2151033e+03
   1.5780000e+03   5.0284771e+03  -7.0197533e+03
   1.5790000e+03  -3.8617623e+01  -5.9950456e+03
   1.5800000e+03   6.6701718e+03   1.1682709e+03
   1.5810000e+03   1.7982755e+04   4.1890905e+03
   1.5820000e+03   1.4717050e+04   4.9453725e+02
   1.5830000e+03  -3.7137480e+02   4.0220529e+03
   1.5840000e+03   5.7498287e+02   1.4111380e+04
   1.5850000e+03   1.7948886e+04   1.2051209e+04
   1.5860000e+03   1.6681915e+04  -3.6272093e+03
   1.5870000e+03   1.7725510e+02  -2.4680815e+03
   1.5880000e+03   1.9725049e+03   1.5873363e+04
   1.5890000e+03   1.5510120e+04   1.2379281e+04
   1.5900000e+03   1.5312066e+04  -6.7668907e+03
   1.5910000e+03   4.4689648e+03  -2.3812673e+03
   1.5920000e+03  -3.6640859e+03   1.5461123e+04
   1.5930000e+03  -5.6841291e+03   9.3008494e+03
   1.5940000e+03   9.0963500e-01  -1.1402218e+04
   1.5950000e+03   4.6990392e+03  -7.1353888e+03
   1.5960000e+03   4.0839158e+03   1.8179421e+04
   1.5970000e+03   9.2550005e+03   2.2520884e+04
   1.5980000e+03   9.2450838e+03   2.1883234e+03
   1.5990000e+03  -4.9467560e+03  -2.7351844e+03
   1.6000000e+03  -8.8485799e+03   1.3993782e+04
   1.6010000e+03   4.3784045e+03   1.9587239e+04
   1.6020000e+03   1.0146126e+04   3.6624667e+03
   1.6030000e+03   1.4684186e+03  -1.3101058e+04
   1.6040000e+03  -2.1074000e+03  -3.8476420e+03
   1.6050000e+03  -1.5876962e+03   2.4801932e+04
   1.6060000e+03  -1.0151422e+04   2.7886391e+04
   1.6070000e+03  -1.3335653e+04  -4.8719571e+02
   1.6080000e+03  -5.1741221e+03  -1.3464210e+04
   1.6090000e+03   1.9874225e+03  -1.8665276e+03
   1.6100000e+03   2.1816020e+03  -1.9717907e+03
   1.6110000e+03  -7.8416252e+03  -7.2856272e+03
   1.6120000e+03  -1.7000422e+04   1.0006512e+04
   1.6130000e+03  -1.4449510e+04   1.9493568e+04
   1.6140000e+03  -5.8147729e+03  -1.9813445e+03
   1.6150000e+03  -2.8280449e+03  -1.5545248e+04
   1.6160000e+03  -1.4452162e+04  -2.7092968e+03
   1.6170000e+03  -2.2016971e+04   1.4305277e+03
   1.6180000e+03  -9.4361463e+03  -1.8047398e+04
   1.6190000e+03  -1.8208483e+03  -2.2056201e+04
   1.6200000e+03  -1.3409705e+04   2.4668670e+03
   1.6210000e+03  -1.8785567e+04   1.3228424e+04
   1.6220000e+03  -2.8075565e+03  -4.3172911e+03
   1.6230000e+03   1.2274518e+04  -2.6221519e+04
   1.6240000e+03   6.8278814e+03  -3.0814253e+04
   1.6250000e+03  -1.0606224e+04  -1.1743025e+04
   1.6260000e+03  -1.8385446e+04   8.0566732e+03
   1.6270000e+03  -4.7846062e+03   5.8520061e+03
   1.6280000e+03   5.5727866e+03  -9.3361403e+03
   1.6290000e+03  -4.5043474e+03  -1.5493762e+04
   1.6300000e+03  -6.4940316e+03  -6.8825562e+03
   1.6310000e+03   5.8036583e+03  -3.0219122e+02
   1.6320000e+03   5.8633099e+03  -4.6300697e+03
   1.6330000e+03  -4.9136487e+03  -9.7008911e+03
   1.6340000e+03  -3.1345403e+03  -6.5264820e+03
   1.6350000e+03   1.2523276e+04   4.5354134e+03
   1.6360000e+03   1.6063603e+04   1.0693071e+04
   1.6370000e+03   2.0682146e+03  -1.1474160e+02
   1.6380000e+03  -3.8415343e+02  -1.5423735e+04
   1.6390000e+03   1.2565401e+04  -1.4038851e+04
   1.6400000e+03   9.6279862e+03  -2.1423764e+03
   1.6410000e+03  -5.3954569e+03   5.4270901e+03
   1.6420000e+03   3.2571159e+03   8.8387044e+03
   1.6430000e+03   2.4171586e+04   1.1303318e+03
   1.6440000e+03   2.1273764e+04  -9.8002702e+03
   1.6450000e+03   1.5398185e+03   3.8860823e+02
   1.6460000e+03  -9.1586265e+03   1.4040202e+04
   1.6470000e+03   1.7505379e+03   8.3894987e+03
   1.6480000e+03   2.5969549e+04   2.5829615e+03
   1.6490000e+03   2.9167618e+04   5.8777406e+03
   1.6500000e+03  -8.7180084e+02   5.1155578e+03
   1.6510000e+03  -1.8367584e+04   3.5685854e+03
   1.6520000e+03   6.6563604e+03   1.1419242e+04
   1.6530000e+03   3.0309531e+04   1.8774640e+04
   1.6540000e+03   1.5181295e+04   1.3082225e+04
   1.6550000e+03  -8.9753713e+03   2.8222730e+03
   1.6560000e+03  -9.1053635e+03   4.3282680e+03
   1.6570000e+03   6.9513854e+02   1.6155106e+04
   1.6580000e+03   2.2192529e+02   1.9164897e+04
   1.6590000e+03   1.8630274e+03   9.0371431e+03
   1.6600000e+03   9.8229371e+03   8.9352357e+02
   1.6610000e+03   6.0888599e+03   1.7399401e+03
   1.6620000e+03  -3.7048798e+03   9.1215887e+03
   1.6630000e+03  -8.2534938e+03   1.3605887e+04
   1.6640000e+03  -1.1731606e+04   7.7941905e+03
   1.6650000e+03  -7.6403510e+03   2.4817046e+03
   1.6660000e+03   3.6933284e+03   1.7054947e+03
   1.6670000e+03   2.4022486e+03  -4.9004005e+03
   1.6680000e+03  -1.1950540e+04  -8.9028672e+03
   1.6690000e+03  -1.6560037e+04  -2.4434665e+02
   1.6700000e+03  -7.6484571e+03   4.3989962e+03
   1.6710000e+03  -1.8814747e+03   5.2985514e+02
   1.6720000e+03  -8.3792693e+03   7.4057525e+02
   1.6730000e+03  -1.7396341e+04  -3.1341289e+03
   1.6740000e+03  -7.4137080e+03  -1.1930460e+04
   1.6750000e+03   7.0718957e+03  -1.1045885e+04
   1.6760000e+03  -7.5119465e+03  -3.8706541e+03
   1.6770000e+03  -2.6060020e+04   2.9263029e+03
   1.6780000e+03  -1.5065213e+04  -5.5209130e+02
   1.6790000e+03   6.6056989e+03  -1.9091995e+04
   1.6800000e+03   1.3435346e+04  -1.8529657e+04
   1.6810000e+03   6.8642942e+02   1.1689636e+04
   1.6820000e+03  -1.3010147e+04   1.4997561e+04
   1.6830000e+03  -7.6636667e+03  -2.3997379e+04
   1.6840000e+03   1.3098802e+03  -3.9267251e+04
   1.6850000e+03  -6.1099928e+03  -8.5294882e+03
   1.6860000e+03  -1.5698669e+04   1.3244650e+04
   1.6870000e+03  -9.1550396e+03  -1.7824135e+03
   1.6880000e+03   3.8791883e+03  -2.3187200e+04
   1.6890000e+03   7.9427915e+03  -1.9896254e+04
   1.6900000e+03   2.0551302e+03  -3.0214863e+03
   1.6910000e+03  -7.7589962e+03  -5.3106860e+02
   1.6920000e+03  -1.1584753e+04  -6.1179568e+03
   1.6930000e+03  -1.9753195e+03  -5.1667004e+03
   1.6940000e+03   1.2761497e+04  -7.8354922e+03
   1.6950000e+03   1.2584751e+04  -1.3992562e+04
   1.6960000e+03  -3.0754577e+02  -7.1191783e+03
   1.6970000e+03  -1.0546873e+03   1.0740962e+04
   1.6980000e+03   8.3896925e+03   1.8046427e+04
   1.6990000e+03   1.0545989e+04   1.3607496e+03
   1.7000000e+03   8.5761307e+03  -2.1912094e+04
   1.7010000e+03   5.6934520e+03  -1.7219401e+04
   1.7020000e+03  -1.0202402e+03   9.4847983e+03
   1.7030000e+03   8.7536740e+00   1.8183937e+04
   1.7040000e+03   1.8504454e+04   7.9748074e+03
   1.7050000e+03   2.7476782e+04  -3.0303840e+02
   1.7060000e+03   6.9696072e+03  -3.6611932e+03
   1.7070000e+03  -3.3616710e+03   2.1149196e+03
   1.7080000e+03   1.6580593e+04   1.0157961e+04
   1.7090000e+03   2.3477751e+04   9.1196717e+03
   1.7100000e+03   2.0207259e+03   7.5488278e+03
   1.7110000e+03  -8.8971833e+03   1.1479696e+04
   1.7120000e+03   7.7762655e+03   1.5899997e+04
   1.7130000e+03   2.1770193e+04   1.1868753e+04
   1.7140000e+03   9.8992755e+03   2.2168073e+03
   1.7150000e+03  -1.4242587e+04   4.2824219e+03
   1.7160000e+03  -2.2769014e+04   1.1039159e+04
   1.7170000e+03  -4.2461301e+03   5.7992837e+03
   1.7180000e+03   1.8606948e+04   4.9508974e+03
   1.7190000e+03   1.9451695e+04   1.9451542e+04
   1.7200000e+03   2.3149371e+03   2.4778326e+04
   1.7210000e+03  -1.2272301e+04   1.0081972e+04
   1.7220000e+03  -1.2002539e+04  -4.9239156e+03
   1.7230000e+03  -5.5190861e+03  -4.6956161e+03
   1.7240000e+03  -2.4295136e+03   9.6151050e+03
   1.7250000e+03   8.1061366e+02   1.7890353e+04
   1.7260000e+03   5.5213244e+02   8.3164597e+03
   1.7270000e+03  -7.6567711e+03  -1.1002332e+03
   1.7280000e+03  -1.3377959e+04  -3.1136079e+03
   1.7290000e+03  -8.0587633e+03  -3.6123912e+03
   1.7300000e+03  -2.3311353e+03  -3.1092923e+03
   1.7310000e+03  -8.1344181e+03  -3.2601673e+03
   1.7320000e+03  -1.5705671e+04   3.7728703e+03
   1.7330000e+03  -1.0845892e+04   1.2260641e+04
   1.7340000e+03   2.7144468e+03   5.2459650e+03
   1.7350000e+03   4.0204714e+03  -5.6338189e+03
   1.7360000e+03  -1.6536533e+04  -1.0735308e+04
   1.7370000e+03  -3.3533804e+04  -1.4750775e+04
   1.7380000e+03  -2.4930945e+04  -1.0918507e+04
   1.7390000e+03  -1.9831974e+03   2.2642890e+02
   1.7400000e+03   1.3384361e+04   2.0092492e+03
   1.7410000e+03   8.9395729e+03  -1.3120136e+04
   1.7420000e+03  -8.1822451e+03  -2.6104916e+04
   1.7430000e+03  -1.4755987e+04  -1.5531686e+04
   1.7440000e+03  -5.8812268e+02  -2.4093087e+02
   1.7450000e+03   6.9099388e+03  -9.6265082e+03
   1.7460000e+03  -9.0981772e+03  -2.1962014e+04
   1.7470000e+03  -1.2958099e+04  -8.8237873e+03
   1.7480000e+03   8.1960497e+03   2.8535028e+03
   1.7490000e+03   1.5127934e+04  -5.8752308e+03
   1.7500000e+03  -2.9778677e+03  -1.0938920e+04
   1.7510000e+03  -1.1773343e+04  -8.3810161e+03
   1.7520000e+03   3.1142737e+03  -1.1348146e+04
   1.7530000e+03   1.1566548e+04  -1.1018511e+04
   1.7540000e+03   3.5797659e+03  -1.7907216e+02
   1.7550000e+03   8.0146273e+03   3.0478634e+03
   1.7560000e+03   1.8590181e+04  -9.5541269e+03
   1.7570000e+03   8.3063909e+03  -8.8798333e+03
   1.7580000e+03  -4.1400093e+03   1.0143311e+04
   1.7590000e+03   4.7794895e+03   6.8405537e+03
   1.7600000e+03   1.3316300e+04  -1.6650944e+04
   1.7610000e+03   2.0339321e+03  -1.5452604e+04
   1.7620000e+03  -6.3884897e+03   6.8829446e+03
   1.7630000e+03   4.0755158e+03   1.2851353e+04
   1.7640000e+03   1.5782124e+04   1.2876797e+03
   1.7650000e+03   1.6488514e+04  -3.8014305e+03
   1.7660000e+03   8.3148697e+03   4.2933441e+03
   1.7670000e+03  -6.0439813e+02   1.1412700e+04
   1.7680000e+03   5.4695018e+03   7.6164420e+03
   1.7690000e+03   1.9307240e+04   4.1765214e+03
   1.7700000e+03   1.5207375e+04   8.1234500e+03
   1.7710000e+03   2.3611861e+03   1.0117045e+04
   1.7720000e+03   3.4190228e+03   8.8273044e+03
   1.7730000e+03   1.1453154e+04   7.2408807e+03
   1.7740000e+03   1.3386308e+04   9.1020344e+03
   1.7750000e+03   4.3271498e+03   1.6361055e+04
   1.7760000e+03  -7.0171782e+03   1.2843180e+04
   1.7770000e+03  -5.0083532e+03  -3.0480946e+03
   1.7780000e+03   1.8735316e+03  -7.4301951e+03
   1.7790000e+03   1.5208111e+03   4.0558933e+03
   1.7800000e+03  -3.1242772e+03   1.8106323e+04
   1.7810000e+03  -8.6771431e+03   2.1283276e+04
   1.7820000e+03  -7.3668596e+03   6.1411326e+03
   1.7830000e+03   1.0227575e+03  -8.6893289e+03
   1.7840000e+03   4.1061770e+03  -4.1691668e+03
   1.7850000e+03  -2.6666499e+03   1.0694284e+04
   1.7860000e+03  -1.2148604e+04   2.1958486e+04
   1.7870000e+03  -1.4409681e+04   1.7677842e+04
   1.7880000e+03  -8.0054364e+03   1.2605196e+02
   1.7890000e+03  -3.5333606e+02  -4.7873415e+03
   1.7900000e+03   1.8817730e+03   6.2773071e+03
   1.7910000e+03  -1.5180608e+03   1.0603668e+04
   1.7920000e+03  -8.9919656e+03   2.0601991e+03
   1.7930000e+03  -1.6612224e+04  -7.8740248e+03
   1.7940000e+03  -1.4522593e+04  -9.8511803e+03
   1.7950000e+03  -1.0701850e+04  -1.1283932e+04
   1.7960000e+03  -1.5943358e+04  -1.5756294e+04
   1.7970000e+03  -1.6539197e+04  -6.2157879e+03
   1.7980000e+03  -1.1951243e+04   1.1794324e+04
   1.7990000e+03  -8.5533974e+03   8.2328841e+03
   1.8000000e+03  -1.7672501e+03  -1.4241222e+04
   1.8010000e+03  -3.5284745e+03  -2.3278281e+04
   1.8020000e+03  -1.3656339e+04  -1.1885518e+04
   1.8030000e+03  -1.1744609e+04   1.7030366e+02
   1.8040000e+03  -1.4602415e+03   3.6498654e+03
   1.8050000e+03   5.3199796e+03  -1.6254324e+03
   1.8060000e+03   1.3065881e+04  -1.2216171e+04
   1.8070000e+03   1.5320851e+04  -1.7319576e+04
   1.8080000e+03  -2.4603651e+03  -1.1189900e+04
   1.8090000e+03  -2.0196919e+04  -2.9916570e+03
   1.8100000e+03  -1.0938111e+04  -1.1400965e+04
   1.8110000e+03   6.8762033e+03  -2.5186630e+04
   1.8120000e+03   6.4505533e+03  -1.4898247e+04
   1.8130000e+03  -4.5683892e+03   1.8580781e+03
   1.8140000e+03  -4.5978210e+03  -9.8016533e+02
   1.8150000e+03   8.1710607e+03  -5.7232415e+03
   1.8160000e+03   1.4646041e+04   4.6227114e+03
   1.8170000e+03   8.0618227e+03   1.1958003e+04
   1.8180000e+03   2.1623839e+03  -4.2638537e+03
   1.8190000e+03   4.1235556e+03  -2.1498474e+04
   1.8200000e+03   1.1762327e+04  -9.5913372e+03
   1.8210000e+03   2.5586870e+04   1.6281281e+04
   1.8220000e+03   3.0954405e+04   2.2213354e+04
   1.8230000e+03   8.9492058e+03   1.3193283e+03
   1.8240000e+03  -1.3834993e+04  -9.0340827e+03
   1.8250000e+03  -2.6737174e+03   9.4079351e+03
   1.8260000e+03   1.9023548e+04   1.0606138e+04
   1.8270000e+03   1.6619120e+04  -1.6628246e+04
   1.8280000e+03   3.6889541e+03  -1.8689387e+04
   1.8290000e+03   4.0709125e+03   1.3809241e+04
   1.8300000e+03   6.8124412e+03   2.7902998e+04
   1.8310000e+03  -4.6708839e+02   3.4494566e+03
   1.8320000e+03  -6.3975535e+03  -1.7492173e+04
   1.8330000e+03  -1.0919647e+03  -6.4842540e+03
   1.8340000e+03   1.2660978e+04   1.7163177e+04
   1.8350000e+03   1.6572799e+04   2.7004371e+04
   1.8360000e+03   4.9732149e+03   1.4400591e+04
   1.8370000e+03  -3.5092776e+02  -5.5354856e+03
   1.8380000e+03  -1.3062880e+03  -2.9955333e+03
   1.8390000e+03  -6.9232907e+03   2.5412233e+04
   1.8400000e+03   2.2363689e+02   3.9711902e+04
   1.8410000e+03   1.5425806e+04   1.6260768e+04
   1.8420000e+03   1.3154159e+04  -1.2681210e+04
   1.8430000e+03  -5.6664708e+03  -1.2706466e+04
   1.8440000e+03  -1.7591566e+04   8.2618868e+03
   1.8450000e+03  -1.1942084e+04   1.9630437e+04
   1.8460000e+03  -3.9484224e+03   9.7472135e+03
   1.8470000e+03  -4.8098085e+03  -6.0205802e+03
   1.8480000e+03  -3.6172372e+03  -9.6859735e+03
   1.8490000e+03   1.9683636e+03   4.4928599e+03
   1.8500000e+03  -4.5442999e+03   1.1353095e+04
   1.8510000e+03  -1.5115185e+04  -7.7209396e+03
   1.8520000e+03  -8.4901832e+03  -1.6997026e+04
   1.8530000e+03  -7.1440653e+02   1.0626354e+03
   1.8540000e+03  -5.1810165e+03   1.1912335e+04
   1.8550000e+03  -6.9267289e+03   5.8299959e+02
   1.8560000e+03  -4.1489546e+03  -9.6163346e+03
   1.8570000e+03  -2.2863924e+03  -3.6939469e+03
   1.8580000e+03  -2.9614788e+03   1.5297751e+03
   1.8590000e+03  -1.1042286e+04  -3.1962864e+03
   1.8600000e+03  -2.0588482e+04  -7.0927388e+03
   1.8610000e+03  -2.0933960e+04  -1.1726872e+04
   1.8620000e+03  -1.3508502e+04  -1.8412250e+04
   1.8630000e+03  -5.0310852e+03  -1.6640367e+04
   1.8640000e+03  -2.8425657e+03  -4.5568543e+03
   1.8650000e+03  -1.0560158e+04   1.0569021e+03
   1.8660000e+03  -1.2469761e+04  -8.8674416e+03
   1.8670000e+03  -3.3415845e+02  -1.6566536e+04
   1.8680000e+03   3.9680187e+03  -1.5127512e+04
   1.8690000e+03  -6.0080705e+03  -1.1238549e+04
   1.8700000e+03  -1.3087322e+04  -6.4441277e+03
   1.8710000e+03  -5.0439040e+03  -6.4735923e+03
   1.8720000e+03   1.5543990e+04  -3.2552614e+03
   1.8730000e+03   2.2451779e+04   8.1092167e+03
   1.8740000e+03   4.1451495e+03   7.3714044e+03
   1.8750000e+03  -1.1683573e+04  -8.7822577e+03
   1.8760000e+03  -1.1911131e+03  -1.9072104e+04
   1.8770000e+03   2.2341515e+04  -1.2462953e+04
   1.8780000e+03   1.8996949e+04   1.9985280e+03
   1.8790000e+03  -1.3141725e+04   1.0389457e+04
   1.8800000e+03  -2.0579069e+04   2.6369671e+03
   1.8810000e+03   1.3848423e+04  -1.3728443e+04
   1.8820000e+03   3.5687775e+04  -1.0642261e+04
   1.8830000e+03   1.0057280e+04   6.6658961e+03
   1.8840000e+03  -1.6731406e+04   3.3953188e+03
   1.8850000e+03  -1.2240834e+03  -9.5304337e+03
   1.8860000e+03   2.3917837e+04   4.8500400e+03
   1.8870000e+03   2.3948709e+04   3.0831387e+04
   1.8880000e+03   1.1429806e+04   2.2129405e+04
   1.8890000e+03   3.3486272e+03  -5.5168763e+03
   1.8900000e+03   7.1237131e+03  -4.1411858e+03
   1.8910000e+03   1.8016609e+04   1.3526595e+04
   1.8920000e+03   1.4159264e+04   1.8078207e+04
   1.8930000e+03  -8.9383645e+02   1.3917684e+04
   1.8940000e+03  -2.6350615e+03   8.8166551e+03
   1.8950000e+03   6.0143487e+02   6.9892469e+03
   1.8960000e+03   5.4065151e+02   8.4319315e+03
   1.8970000e+03   4.1770553e+03   7.5283876e+03
   1.8980000e+03   3.1017085e+02   6.3067129e+03
   1.8990000e+03  -2.7921585e+03   1.2015335e+04
   1.9000000e+03   9.4855560e+03   1.8094536e+04
   1.9010000e+03   1.3912072e+04   9.2132184e+03
   1.9020000e+03  -3.4618648e+03  -4.5108536e+03
   1.9030000e+03  -1.7955704e+04  -5.2106039e+02
   1.9040000e+03  -3.3113647e+03   1.5975586e+04
   1.9050000e+03   1.6609917e+04   2.0916066e+04
   1.9060000e+03   2.3885815e+03   5.5446067e+03
   1.9070000e+03  -2.1754808e+04  -1.2953289e+04
   1.9080000e+03  -1.6550102e+04  -1.5542399e+04
   1.9090000e+03   6.3095479e+03   1.7285962e+02
   1.9100000e+03   1.0898849e+04   1.4169655e+04
   1.9110000e+03  -1.0815438e+04   2.4524659e+03
   1.9120000e+03  -2.3561316e+04  -1.8333920e+04
   1.9130000e+03  -1.0996343e+04  -1.8535544e+04
   1.9140000e+03   6.9124329e+02  -3.1231115e+03
   1.9150000e+03  -5.1481402e+03   9.1316431e+03
   1.9160000e+03  -1.7553164e+04   6.0492495e+03
   1.9170000e+03  -1.6500297e+04  -5.9930485e+03
   1.9180000e+03  -4.4558126e+03  -1.0099444e+04
   1.9190000e+03  -2.6561369e+03  -5.8343732e+03
   1.9200000e+03  -1.1821124e+04  -2.6148288e+03
   1.9210000e+03  -1.3806488e+04  -9.4663676e+03
   1.9220000e+03  -5.2320009e+03  -1.9023071e+04
   1.9230000e+03  -3.5740059e+03  -9.5594425e+03
   1.9240000e+03  -9.0894820e+03   4.5216622e+03
   1.9250000e+03  -4.3499484e+03  -6.5837533e+03
   1.9260000e+03   3.9638823e+03  -2.1247660e+04
   1.9270000e+03   2.7239508e+02  -1.3738820e+04
   1.9280000e+03  -7.2120469e+03  -8.8377377e+03
   1.9290000e+03  -2.0804420e+03  -1.8542868e+04
   1.9300000e+03   7.0975216e+03  -1.7665876e+04
   1.9310000e+03   7.7091032e+02  -1.4602880e+03
   1.9320000e+03  -9.2278627e+03   6.9247613e+03
   1.9330000e+03  -1.4124319e+03  -6.3696419e+03
   1.9340000e+03   1.5466977e+04  -2.1695733e+04
   1.9350000e+03   1.6608341e+04  -1.3779419e+04
   1.9360000e+03   9.3531789e+02   3.9339610e+03
   1.9370000e+03  -5.0905189e+03   1.0025024e+04
   1.9380000e+03   3.9098459e+03   7.6794369e+03
   1.9390000e+03   9.0098245e+03   3.3055754e+03
   1.9400000e+03   6.1501134e+03  -6.1781802e+02
   1.9410000e+03   5.4707951e+03  -2.5540865e+03
   1.9420000e+03   1.1756362e+04  -2.9461345e+03
   1.9430000e+03   1.2062637e+04   7.4898362e+02
   1.9440000e+03   4.5590329e+02   8.3659179e+03
   1.9450000e+03  -3.5796488e+03   8.1149359e+03
   1.9460000e+03   6.9974949e+03  -4.2422715e+03
   1.9470000e+03   1.7361932e+04  -6.4095406e+03
   1.9480000e+03   1.5290808e+04   1.2292786e+04
   1.9490000e+03   5.3752484e+03   2.2755600e+04
   1.9500000e+03   6.3642671e+03   8.6235066e+03
   1.9510000e+03   1.4014974e+04  -9.3338308e+02
   1.9520000e+03   6.5202049e+03   1.1678743e+04
   1.9530000e+03  -8.8401552e+02   2.2033776e+04
   1.9540000e+03   1.0555902e+04   1.5419816e+04
   1.9550000e+03   1.1895084e+04   4.0745266e+03
   1.9560000e+03  -4.9408452e+03  -1.9426113e+02
   1.9570000e+03  -4.3607445e+03   5.5444882e+03
   1.9580000e+03   8.7276419e+03   1.0975988e+04
   1.9590000e+03   2.2335823e+03   8.0102239e+03
   1.9600000e+03  -1.3945594e+04   2.9619448e+03
   1.9610000e+03  -1.2116800e+04   1.7438822e+03
   1.9620000e+03   1.5585382e+03   4.7024239e+03
   1.9630000e+03   1.9767067e+03   4.6055006e+03
   1.9640000e+03  -3.8619675e+03   1.8479248e+03
   1.9650000e+03   1.0252237e+03   5.1226268e+03
   1.9660000e+03  -1.0345147e+03   5.0161713e+03
   1.9670000e+03  -1.6875850e+04   4.1757732e+02
   1.9680000e+03  -1.8314628e+04   9.5236349e+03
   1.9690000e+03   4.7370705e+02   2.3075474e+04
   1.9700000e+03   9.5731099e+03   1.2273190e+04
   1.9710000e+03  -4.2051070e+03  -1.4206946e+04
   1.9720000e+03  -2.1313983e+04  -1.6479767e+04
   1.9730000e+03  -2.0795533e+04   5.7532493e+03
   1.9740000e+03  -1.0196203e+03   1.4617066e+04
   1.9750000e+03   1.2972860e+04   4.1205703e+02
   1.9760000e+03  -1.7234479e+03  -1.8851774e+04
   1.9770000e+03  -2.5349495e+04  -2.5208461e+04
   1.9780000e+03  -2.5435029e+04  -1.1696959e+04
   1.9790000e+03  -5.6731757e+03   2.6255888e+03
   1.9800000e+03   5.1313328e+03  -3.7727742e+03
   1.9810000e+03  -4.6154574e+03  -1.9157360e+04
   1.9820000e+03  -1.8000960e+04  -1.6245366e+04
   1.9830000e+03  -1.3925807e+04   6.9015021e+03
   1.9840000e+03   6.0410770e+03   2.1472118e+04
   1.9850000e+03   1.3279156e+04   4.1290428e+03
   1.9860000e+03  -2.3426536e+03  -2.5294948e+04
   1.9870000e+03  -1.4812331e+04  -2.3943445e+04
   1.9880000e+03  -7.9835109e+03   6.0129367e+03
   1.9890000e+03   1.1789498e+04   1.4887323e+04
   1.9900000e+03   2.0606030e+04  -1.3346941e+04
   1.9910000e+03   3.1117145e+03  -3.2093821e+04
   1.9920000e+03  -1.0357146e+04  -1.1547336e+04
   1.9930000e+03   1.3942236e+02   9.3203647e+03
   1.9940000e+03   9.1666127e+03  -3.1704959e+03
   1.9950000e+03   7.8108465e+03  -2.2581903e+04
   1.9960000e+03   7.7084005e+03  -1.9308769e+04
   1.9970000e+03   1.7652419e+03  -2.0164187e+03
   1.9980000e+03  -6.1631621e+03   5.6507592e+03
   1.9990000e+03   4.0137638e+03  -2.6795929e+02
   2.0000000e+03   1.5181439e+04  -5.0469323e+02
