   1.0274000e+02   2.5123000e+01
   1.0024070e+02   2.4532000e+01
   0.0000000e+00   4.8672323e+04   4.8672323e+04
   1.0000000e+00  -2.5555529e+05   3.8481643e+05
   2.0000000e+00  -2.1626739e+05   2.8511211e+05
   3.0000000e+00   4.1890765e+04  -2.1981417e+05
   4.0000000e+00   1.8275967e+05  -4.7620679e+05
   5.0000000e+00   8.2453800e+04  -1.4773893e+05
   6.0000000e+00  -6.7081555e+04   2.6911559e+05
   7.0000000e+00  -5.3068615e+04   2.9324968e+05
   8.0000000e+00   8.2496608e+04   6.7317981e+04
   9.0000000e+00   9.5984616e+04  -1.0093444e+05
   1.0000000e+01  -6.9550189e+04  -1.3147660e+05
   1.1000000e+01  -1.2941056e+05  -6.5038257e+04
   1.2000000e+01   1.6384640e+04   4.7537064e+04
   1.3000000e+01   7.8498886e+04   1.4892342e+05
   1.4000000e+01  -2.1566856e+04   1.5030067e+05
   1.5000000e+01  -9.1336758e+04   2.3292477e+02
   1.6000000e+01  -1.0075436e+05  -1.4511279e+05
   1.7000000e+01  -5.9436627e+04  -1.0863764e+05
   1.8000000e+01   5.3581500e+04   2.7649103e+02
   1.9000000e+01   1.0927890e+05   4.0444733e+04
   2.0000000e+01   2.7107931e+04   6.4201084e+04
   2.1000000e+01  -7.7137328e+04   7.5511618e+04
   2.2000000e+01  -9.1217429e+04   1.5143997e+04
   2.3000000e+01  -2.2895918e+04  -5.6982453e+04
   2.4000000e+01   4.5016241e+04  -6.0696634e+04
   2.5000000e+01   3.3461331e+04  -7.1654333e+03
   2.6000000e+01  -2.5071844e+04   5.8568697e+04
   2.7000000e+01  -1.6860100e+04   8.9946641e+04
   2.8000000e+01   4.1561598e+04   5.8494254e+04
   2.9000000e+01   2.7745182e+04  -2.4159747e+04
   3.0000000e+01  -3.8923627e+04  -9.8192509e+04
   3.1000000e+01  -6.5379800e+04  -6.3723790e+04
   3.2000000e+01  -6.6813114e+04   5.7561684e+04
   3.3000000e+01  -4.3521849e+04   9.0628717e+04
   3.4000000e+01   4.5693436e+04   2.7366686e+03
   3.5000000e+01   9.6055251e+04  -5.9208464e+04
   3.6000000e+01  -7.5509916e+03  -3.9897358e+04
   3.7000000e+01  -1.1795779e+05  -7.6508760e+03
   3.8000000e+01  -4.9926141e+04   1.4607016e+03
   3.9000000e+01   6.8912653e+04   2.2254797e+04
   4.0000000e+01   4.4704088e+04   5.5891456e+04
   4.1000000e+01  -2.6468262e+04   3.1454467e+04
   4.2000000e+01  -2.5155746e+04  -5.6492359e+04
   4.3000000e+01  -2.5201326e+04  -8.5061532e+04
   4.4000000e+01  -1.1905614e+04   7.8170312e+03
   4.5000000e+01   7.0930877e+04   8.7151830e+04
   4.6000000e+01   8.0397871e+04   3.9721680e+04
   4.7000000e+01  -4.6436378e+04  -4.6032804e+04
   4.8000000e+01  -1.0816527e+05  -5.2165997e+04
   4.9000000e+01   1.4683298e+04   1.5769374e+04
   5.0000000e+01   1.3841354e+05   5.2377165e+04
   5.1000000e+01   5.3697641e+04  -3.6460356e+03
   5.2000000e+01  -1.1248850e+05  -4.8295165e+04
   5.3000000e+01  -7.0245616e+04  -1.0378830e+04
   5.4000000e+01   1.2178711e+05  -2.7853448e+02
   5.5000000e+01   1.4661003e+05  -6.6817150e+04
   5.6000000e+01  -1.2956824e+04  -1.0083703e+05
   5.7000000e+01  -1.1792738e+05  -4.2803465e+04
   5.8000000e+01  -7.3443623e+04   6.0952496e+04
   5.9000000e+01   7.9484909e+04   1.1728224e+05
   6.0000000e+01   1.9782408e+05   3.4357403e+04
   6.1000000e+01   9.1539672e+04  -1.0642477e+05
   6.2000000e+01  -1.3458665e+05  -1.0988271e+05
   6.3000000e+01  -1.8344543e+05   1.4710844e+04
   6.4000000e+01  -2.9609402e+04   1.2170615e+05
   6.5000000e+01   1.3737140e+05   1.4392924e+05
   6.6000000e+01   1.8432068e+05   4.5294092e+04
   6.7000000e+01   6.3185227e+04  -1.2308045e+05
   6.8000000e+01  -1.3566665e+05  -1.8232258e+05
   6.9000000e+01  -1.8508054e+05  -5.3914199e+04
   7.0000000e+01   2.1649553e+04   1.3166600e+05
   7.1000000e+01   2.6091642e+05   1.7384009e+05
   7.2000000e+01   1.8578991e+05  -4.9568017e+03
   7.3000000e+01  -1.4602873e+05  -2.1734178e+05
   7.4000000e+01  -2.5320819e+05  -1.9259252e+05
   7.5000000e+01  -6.9714848e+02   3.7287247e+04
   7.6000000e+01   1.7203216e+05   1.8749469e+05
   7.7000000e+01   2.6868861e+04   1.0499792e+05
   7.8000000e+01  -1.5290684e+05  -7.5891645e+04
   7.9000000e+01  -1.1223386e+05  -1.0119687e+05
   8.0000000e+01   6.9999456e+04   4.2730878e+04
   8.1000000e+01   1.9260453e+05   1.0294389e+05
   8.2000000e+01   1.2624320e+05   1.5814454e+04
   8.3000000e+01  -5.8221736e+04  -3.0240337e+04
   8.4000000e+01  -1.1309333e+05   1.4989243e+04
   8.5000000e+01   3.9333553e+04   4.0630538e+04
   8.6000000e+01   1.6549760e+05   3.2148111e+03
   8.7000000e+01   4.4287734e+04  -6.0631852e+04
   8.8000000e+01  -1.9487596e+05  -9.4141621e+04
   8.9000000e+01  -2.2473085e+05  -7.2637795e+04
   9.0000000e+01  -1.1488363e+05  -4.4336028e+04
   9.1000000e+01  -1.9552187e+05  -2.3169948e+04
   9.2000000e+01  -2.7819402e+05   5.2277160e+03
   9.3000000e+01   1.0465778e+03  -1.0366293e+04
   9.4000000e+01   3.6647678e+05  -3.3966415e+04
   9.5000000e+01   3.2301544e+05   1.2693105e+04
   9.6000000e+01  -6.4523245e+04   5.1075941e+04
   9.7000000e+01  -2.7956589e+05   4.9450282e+04
   9.8000000e+01  -2.9569207e+04   8.0786148e+04
   9.9000000e+01   3.4211364e+05   9.7368911e+04
   1.0000000e+02   2.8762564e+05   4.5700928e+04
   1.0100000e+02  -1.1065190e+05  -6.6992178e+02
   1.0200000e+02  -2.4625742e+05   1.0921142e+04
   1.0300000e+02   1.3120331e+04   5.0021197e+04
   1.0400000e+02   1.6681782e+05   5.4227329e+04
   1.0500000e+02  -4.8922340e+04   2.0978306e+03
   1.0600000e+02  -2.9700883e+05  -3.1015989e+04
   1.0700000e+02  -1.8886344e+05  -8.8939702e+03
   1.0800000e+02   1.4746425e+05  -1.2097943e+04
   1.0900000e+02   2.5050907e+05  -5.1505732e+04
   1.1000000e+02  -5.3083497e+02  -4.8241644e+04
   1.1100000e+02  -2.2691096e+05   1.0119756e+04
   1.1200000e+02  -1.1967972e+05   7.0665149e+04
   1.1300000e+02   1.2836159e+05   5.5378537e+04
   1.1400000e+02   1.5366782e+05  -4.8051966e+04
   1.1500000e+02  -2.0947782e+04  -9.8846451e+04
   1.1600000e+02  -9.8333211e+04  -1.1916515e+04
   1.1700000e+02  -1.7017166e+04   8.7735884e+04
   1.1800000e+02   5.0275430e+04   9.1486615e+04
   1.1900000e+02   4.9843563e+04   4.1268946e+04
   1.2000000e+02   3.2055909e+04  -6.4655236e+03
   1.2100000e+02   6.9826115e+02  -3.1250998e+04
   1.2200000e+02  -2.3033237e+04  -2.8883343e+04
   1.2300000e+02  -3.0525433e+04  -1.2164655e+04
   1.2400000e+02  -3.2690513e+04   2.5706400e+04
   1.2500000e+02   2.5295958e+04   5.0078585e+04
   1.2600000e+02   8.5108708e+04  -8.5068137e+03
   1.2700000e+02   1.9233435e+03  -8.0685414e+04
   1.2800000e+02  -8.8795577e+04  -5.4657577e+04
   1.2900000e+02   4.1071193e+03   1.0404669e+04
   1.3000000e+02   9.5441590e+04   1.7408096e+04
   1.3100000e+02   4.2028095e+03  -6.5133668e+03
   1.3200000e+02  -9.0594542e+04  -1.1728277e+03
   1.3300000e+02  -4.1808537e+04   2.7690110e+04
   1.3400000e+02   4.6791915e+04   1.3515836e+04
   1.3500000e+02   6.6581535e+04  -7.2339162e+04
   1.3600000e+02   3.2276543e+04  -1.1101684e+05
   1.3700000e+02   7.7772584e+03  -3.4415689e+03
   1.3800000e+02  -7.5976253e+03   1.2024193e+05
   1.3900000e+02  -4.9335144e+04   1.0270902e+05
   1.4000000e+02  -5.5964939e+04  -3.1954276e+04
   1.4100000e+02   2.8163801e+04  -1.5306973e+05
   1.4200000e+02   9.5433446e+04  -1.2085654e+05
   1.4300000e+02   3.6239050e+04   4.2264330e+04
   1.4400000e+02  -7.0888963e+04   1.1954253e+05
   1.4500000e+02  -7.4037513e+04   3.0098899e+04
   1.4600000e+02   4.0965388e+04  -7.0214379e+04
   1.4700000e+02   1.1356949e+05  -7.0097522e+04
   1.4800000e+02   2.6770606e+04  -3.3866743e+03
   1.4900000e+02  -8.8409829e+04   4.0189793e+04
   1.5000000e+02  -6.9653723e+04  -6.7282707e+03
   1.5100000e+02   2.5702230e+04  -7.3228101e+04
   1.5200000e+02   7.7605607e+04  -4.2411992e+04
   1.5300000e+02   4.8845599e+04   2.7690178e+04
   1.5400000e+02  -2.6847686e+04   3.1385882e+04
   1.5500000e+02  -5.3282970e+04  -1.0385309e+04
   1.5600000e+02   1.3276656e+03  -4.4395783e+04
   1.5700000e+02   4.5530637e+04  -3.2697612e+04
   1.5800000e+02   2.3305182e+04   2.3238615e+04
   1.5900000e+02  -2.3765369e+04   4.7377599e+04
   1.6000000e+02  -3.9941253e+04   1.5332396e+04
   1.6100000e+02   6.3217171e+03  -1.0557777e+04
   1.6200000e+02   6.5425435e+04  -8.4105647e+03
   1.6300000e+02   3.7803875e+04   5.9006755e+03
   1.6400000e+02  -3.2050682e+04   1.6245737e+04
   1.6500000e+02  -3.5173999e+04  -8.4773550e+03
   1.6600000e+02  -9.6989205e+03  -3.0578467e+04
   1.6700000e+02  -5.3345280e+03   1.0188477e+04
   1.6800000e+02   1.0781107e+03   4.2419653e+04
   1.6900000e+02  -7.1462953e+02   6.6950701e+03
   1.7000000e+02  -8.7390687e+03  -2.8452246e+04
   1.7100000e+02  -4.0530638e+03  -2.5841399e+04
   1.7200000e+02  -9.9947098e+03  -6.2170881e+02
   1.7300000e+02  -2.0042226e+04   3.2996909e+04
   1.7400000e+02  -7.3043030e+03   3.8265041e+04
   1.7500000e+02  -1.1543046e+03   2.2079696e+04
   1.7600000e+02  -1.3760434e+04   2.2174503e+04
   1.7700000e+02  -1.6658450e+04   1.4953222e+04
   1.7800000e+02  -1.4565951e+04  -2.6583385e+03
   1.7900000e+02  -2.3803161e+03   1.3394513e+04
   1.8000000e+02   2.5133996e+04   3.5355948e+04
   1.8100000e+02   1.7979274e+04   2.7074792e+04
   1.8200000e+02  -1.5229580e+04   1.5613712e+04
   1.8300000e+02  -1.0169410e+04   1.3963703e+03
   1.8400000e+02   1.5268643e+04  -7.7017386e+03
   1.8500000e+02   1.5652238e+04   9.7677925e+03
   1.8600000e+02  -6.2397048e+03   9.2499472e+03
   1.8700000e+02  -2.8670837e+04  -9.9588424e+03
   1.8800000e+02  -1.5777622e+04   3.9455475e+03
   1.8900000e+02   2.4497840e+04   2.3378380e+04
   1.9000000e+02   2.1907699e+04   2.1141872e+04
   1.9100000e+02  -1.8689772e+04   1.8103667e+04
   1.9200000e+02  -3.3671157e+04   6.2718434e+03
   1.9300000e+02  -2.8050583e+04  -5.2851856e+03
   1.9400000e+02  -1.1613795e+04   3.3375850e+03
   1.9500000e+02   4.9986787e+03   1.9627579e+03
   1.9600000e+02  -1.8527093e+04   1.0512392e+02
   1.9700000e+02  -2.5802057e+04   2.4064030e+04
   1.9800000e+02   2.6495571e+04   1.7200611e+04
   1.9900000e+02   3.3131221e+04  -1.9091837e+04
   2.0000000e+02  -2.6546272e+04  -1.0902851e+04
   2.0100000e+02  -4.2447989e+04   1.0812815e+04
   2.0200000e+02  -3.3553648e+03  -6.7704275e+02
   2.0300000e+02   2.6509172e+04  -1.7285896e+04
   2.0400000e+02   2.6441491e+04  -2.9899508e+04
   2.0500000e+02   3.3846092e+03  -1.7840988e+04
   2.0600000e+02  -1.0310137e+04   2.8688914e+04
   2.0700000e+02  -5.5554817e+03   2.9196806e+04
   2.0800000e+02  -1.4077197e+04  -2.4642499e+04
   2.0900000e+02  -1.3311253e+03  -3.3541947e+04
   2.1000000e+02   4.4570983e+04  -4.0630701e+02
   2.1100000e+02   3.0396668e+04   9.6455857e+03
   2.1200000e+02  -3.0694764e+04  -4.1977116e+03
   2.1300000e+02  -3.8777913e+04  -3.1803514e+04
   2.1400000e+02  -1.2310648e+04  -4.2477864e+04
   2.1500000e+02   5.1100928e+03  -1.1626045e+04
   2.1600000e+02   1.9152959e+04   5.8674123e+03
   2.1700000e+02   1.1431774e+04  -1.2313671e+04
   2.1800000e+02  -8.2408859e+03  -2.3267202e+04
   2.1900000e+02  -1.2453844e+03  -2.1009219e+04
   2.2000000e+02   1.6947290e+04  -7.3620811e+03
   2.2100000e+02   2.6420976e+04   1.4524467e+04
   2.2200000e+02   1.8093579e+04   2.3453339e+03
   2.2300000e+02  -1.8306636e+04  -3.1260358e+04
   2.2400000e+02  -2.0040981e+04  -2.8264724e+04
   2.2500000e+02   3.2467236e+04  -1.2617267e+04
   2.2600000e+02   4.3624331e+04  -1.2633495e+04
   2.2700000e+02   1.4839435e+04  -1.4511308e+03
   2.2800000e+02   7.9980978e+03   2.0181658e+03
   2.2900000e+02  -3.1794475e+03  -1.2338755e+04
   2.3000000e+02  -7.1864560e+03  -1.3962791e+04
   2.3100000e+02   2.1746100e+04  -2.0430573e+04
   2.3200000e+02   2.2226051e+04  -2.5704490e+04
   2.3300000e+02  -7.1530313e+03   1.9873032e+03
   2.3400000e+02  -5.1495750e+03   1.7606767e+04
   2.3500000e+02   6.3424866e+03  -1.7833457e+03
   2.3600000e+02   4.5670792e+03  -1.3209099e+04
   2.3700000e+02   1.1551859e+04  -1.3679442e+04
   2.3800000e+02   7.1944883e+03  -7.6608474e+03
   2.3900000e+02  -2.5623494e+03   1.3544337e+04
   2.4000000e+02   1.1674859e+04   1.6694867e+04
   2.4100000e+02   1.6629852e+04   6.8941450e+03
   2.4200000e+02   1.1591657e+04   2.2081977e+04
   2.4300000e+02   1.6008166e+04   2.4803602e+04
   2.4400000e+02  -6.6949723e+03   5.2157546e+03
   2.4500000e+02  -3.1171848e+04   1.5369942e+04
   2.4600000e+02   1.3637850e+02   3.5675024e+04
   2.4700000e+02   3.9358339e+04   3.1017418e+04
   2.4800000e+02   3.0262856e+04   1.2929159e+04
   2.4900000e+02  -6.5735355e+03  -1.4043221e+04
   2.5000000e+02  -3.6346193e+04  -2.2853761e+04
   2.5100000e+02  -2.6792077e+04   1.3946311e+03
   2.5200000e+02   8.9352791e+03   7.2166368e+03
   2.5300000e+02   8.8856372e+03  -9.1005348e+03
   2.5400000e+02  -6.2618040e+03  -4.3402816e+03
   2.5500000e+02   4.2852309e+03  -2.6957443e+02
   2.5600000e+02  -4.8899817e+03   2.6882202e+03
   2.5700000e+02  -2.9162582e+04   3.6645679e+04
   2.5800000e+02  -2.9416729e+04   4.8572033e+04
   2.5900000e+02  -2.5605440e+04   1.7657109e+04
   2.6000000e+02  -7.6162957e+03   2.6953971e+03
   2.6100000e+02   2.0601957e+04   3.2630124e+03
   2.6200000e+02   3.1793470e+03   1.2784443e+04
   2.6300000e+02  -3.0439184e+04   3.6354439e+04
   2.6400000e+02  -2.7257793e+04   2.4627088e+04
   2.6500000e+02  -2.5310943e+04  -1.0583104e+04
   2.6600000e+02  -2.8974501e+04  -1.1899972e+04
   2.6700000e+02   3.9218111e+02  -6.9575054e+03
   2.6800000e+02   1.6231411e+04  -1.1795598e+04
   2.6900000e+02  -1.2998034e+04  -5.8148480e+01
   2.7000000e+02  -3.4440239e+04  -9.8166248e+02
   2.7100000e+02  -3.0679652e+04  -1.2343270e+04
   2.7200000e+02  -1.1268404e+04   9.2812311e+03
   2.7300000e+02   1.3771964e+04   2.4566205e+04
   2.7400000e+02   8.6160394e+03   7.6940357e+03
   2.7500000e+02  -1.4555103e+04  -1.1059531e+03
   2.7600000e+02  -1.6294831e+04  -3.2327249e+03
   2.7700000e+02  -5.1599840e+03   2.6924925e+03
   2.7800000e+02   1.0189000e+04   2.4152556e+04
   2.7900000e+02   1.6566150e+04   1.3360915e+04
   2.8000000e+02  -9.8667167e+03  -2.1466319e+04
   2.8100000e+02  -2.1019826e+04  -1.8986556e+04
   2.8200000e+02   2.0029970e+04   8.8394307e+02
   2.8300000e+02   3.8381037e+04   5.6888546e+03
   2.8400000e+02  -5.1309329e+02   4.0633532e+03
   2.8500000e+02  -3.4429079e+04  -2.4573182e+04
   2.8600000e+02  -2.7738435e+04  -5.3587101e+04
   2.8700000e+02   1.2454040e+04  -1.9793416e+04
   2.8800000e+02   3.7961119e+04   1.9957581e+04
   2.8900000e+02   4.4008999e+03   5.7467202e+03
   2.9000000e+02  -2.7605082e+04  -1.2933831e+04
   2.9100000e+02  -2.7095466e+03  -1.4679252e+04
   2.9200000e+02   2.4921614e+04  -9.4527052e+03
   2.9300000e+02   2.2096529e+04   4.3872631e+03
   2.9400000e+02   1.0962409e+04   2.2411800e+02
   2.9500000e+02  -8.1524298e+03  -1.3495660e+04
   2.9600000e+02  -1.0018874e+04  -6.3803926e+03
   2.9700000e+02   2.8982826e+04  -8.1718031e+03
   2.9800000e+02   4.6599112e+04  -2.0114416e+04
   2.9900000e+02   1.2706780e+04  -1.1247446e+03
   3.0000000e+02  -2.3401972e+04   1.2601481e+04
   3.0100000e+02  -3.3287377e+04  -1.0739264e+04
   3.0200000e+02   9.9287912e+02  -2.0809044e+04
   3.0300000e+02   4.7472462e+04  -8.0363242e+03
   3.0400000e+02   2.8119360e+04   1.2485979e+03
   3.0500000e+02  -1.4595850e+04  -2.5490994e+02
   3.0600000e+02   8.8384263e+02  -2.6261101e+04
   3.0700000e+02   3.1327918e+04  -3.4813515e+04
   3.0800000e+02   3.4938793e+04   7.0039712e+03
   3.0900000e+02   3.0043284e+04   2.5311216e+04
   3.1000000e+02   8.7520398e+03   5.9370451e+03
   3.1100000e+02  -9.8919155e+03   1.1385897e+04
   3.1200000e+02   9.2033947e+03   1.6007744e+04
   3.1300000e+02   2.8261565e+04  -5.8778612e+03
   3.1400000e+02   2.4146304e+04  -1.0812459e+04
   3.1500000e+02   1.0479313e+04  -2.6686912e+03
   3.1600000e+02  -1.4799638e+04   3.2353242e+02
   3.1700000e+02  -1.0610323e+04   9.4916216e+03
   3.1800000e+02   2.0431324e+04   1.8713588e+03
   3.1900000e+02   4.3431719e+02  -1.5839157e+04
   3.2000000e+02  -3.3461339e+04  -5.9266087e+03
   3.2100000e+02  -1.1372839e+04   4.7598549e+02
   3.2200000e+02   1.0962625e+04  -1.1801595e+04
   3.2300000e+02   1.5975678e+03  -1.1105540e+04
   3.2400000e+02  -3.0223910e+03  -9.2712361e+03
   3.2500000e+02  -6.4374074e+03  -4.1692276e+03
   3.2600000e+02  -4.5150510e+03   2.1538591e+04
   3.2700000e+02   1.5415255e+04   2.5775584e+04
   3.2800000e+02   1.2373961e+04   2.0857427e+03
   3.2900000e+02  -1.0825055e+04  -4.0751557e+03
   3.3000000e+02  -1.0213752e+04  -2.9596258e+03
   3.3100000e+02  -8.2862489e+03   2.9986389e+03
   3.3200000e+02  -1.6313104e+04   3.0244571e+04
   3.3300000e+02  -1.1741504e+04   2.1615706e+04
   3.3400000e+02  -9.1329396e+03  -2.6452318e+04
   3.3500000e+02  -7.4621074e+03  -2.9286448e+04
   3.3600000e+02  -2.1030332e+03   7.1790081e+03
   3.3700000e+02  -1.6971972e+04   2.9278222e+04
   3.3800000e+02  -2.7089879e+04   2.5662656e+04
   3.3900000e+02  -9.5690024e+03  -8.2361706e+03
   3.4000000e+02  -1.0691754e+04  -2.6927831e+04
   3.4100000e+02  -2.9820519e+04   7.9290400e+03
   3.4200000e+02  -2.4152402e+04   3.1346638e+04
   3.4300000e+02  -1.3599773e+04   1.5961959e+04
   3.4400000e+02  -6.4082772e+03   1.4776602e+04
   3.4500000e+02   5.0647318e+03   1.5652826e+04
   3.4600000e+02  -1.1672031e+04  -3.4331237e+03
   3.4700000e+02  -2.3586586e+04  -3.8097998e+03
   3.4800000e+02   8.8432668e+03   1.0580694e+04
   3.4900000e+02   2.0387714e+04   1.8793920e+04
   3.5000000e+02  -5.9008149e+03   2.6784230e+04
   3.5100000e+02  -1.7129069e+04   1.1288168e+04
   3.5200000e+02  -1.6090197e+04  -1.4156176e+04
   3.5300000e+02  -1.0354025e+04  -4.5377387e+03
   3.5400000e+02   3.9433910e+03   9.4808227e+03
   3.5500000e+02  -1.3856486e+03   3.4858734e+03
   3.5600000e+02  -1.3852540e+04   4.8768504e+03
   3.5700000e+02  -6.0749218e+03   3.6704291e+03
   3.5800000e+02  -1.0802034e+04  -2.8340013e+03
   3.5900000e+02  -1.9237864e+04   6.5225936e+03
   3.6000000e+02   3.5793487e+03  -8.6815980e+02
   3.6100000e+02   1.2081270e+04  -2.2484807e+04
   3.6200000e+02  -2.9830120e+03  -1.1867217e+03
   3.6300000e+02   4.3090720e+03   2.8326973e+04
   3.6400000e+02   1.6921853e+04   1.7530258e+04
   3.6500000e+02   1.7939093e+04   4.4392248e+02
   3.6600000e+02   1.2873860e+04  -7.3229894e+03
   3.6700000e+02  -8.5013417e+03  -2.4656349e+03
   3.6800000e+02  -1.1379731e+04   1.7547296e+04
   3.6900000e+02   2.0993782e+04   1.5151902e+04
   3.7000000e+02   2.6578551e+04  -2.4893443e+03
   3.7100000e+02   2.9114589e+03  -2.3798856e+03
   3.7200000e+02   2.0449051e+03  -9.1952428e+03
   3.7300000e+02   7.3875011e+03  -2.4336267e+04
   3.7400000e+02   7.1919979e+03  -2.2396847e+04
   3.7500000e+02   1.7622048e+04  -2.6846728e+04
   3.7600000e+02   1.3441294e+04  -3.1463076e+04
   3.7700000e+02   4.4006833e+03  -3.3119092e+03
   3.7800000e+02   1.3131355e+04   1.2140504e+04
   3.7900000e+02   3.9328151e+03  -7.5412770e+03
   3.8000000e+02  -8.0007791e+03  -1.4555184e+04
   3.8100000e+02   1.0778082e+04  -1.2256938e+04
   3.8200000e+02   1.3704014e+04  -7.4364959e+03
   3.8300000e+02  -1.2723728e+03   1.0813834e+04
   3.8400000e+02   1.5001969e+04   1.7349712e+03
   3.8500000e+02   3.3516641e+04  -2.2958614e+04
   3.8600000e+02   1.8298494e+04  -1.1221559e+04
   3.8700000e+02  -8.9295371e+03   7.2795743e+02
   3.8800000e+02  -2.5766640e+04  -1.1248159e+04
   3.8900000e+02  -4.7099305e+03  -1.6502693e+04
   3.9000000e+02   3.8781450e+04  -2.8741738e+04
   3.9100000e+02   3.2689661e+04  -3.9013486e+04
   3.9200000e+02  -6.5288495e+03  -9.8877306e+03
   3.9300000e+02  -1.4979380e+04   1.0665602e+04
   3.9400000e+02  -1.0497795e+04  -7.8428223e+03
   3.9500000e+02  -3.7215390e+03  -1.7844854e+04
   3.9600000e+02   2.0779107e+04  -1.9753325e+04
   3.9700000e+02   2.8995220e+04  -1.6752812e+04
   3.9800000e+02   7.8734358e+03   1.3001386e+04
   3.9900000e+02  -1.3832973e+04   2.1286253e+04
   4.0000000e+02  -2.3081777e+04  -5.6357227e+03
   4.0100000e+02   1.3129652e+03  -9.3200369e+03
   4.0200000e+02   4.0686855e+04  -2.9498777e+03
   4.0300000e+02   2.1641923e+04  -8.5812994e+03
   4.0400000e+02  -2.5139622e+04   3.2025795e+03
   4.0500000e+02  -1.9200077e+04   9.3808355e+03
   4.0600000e+02   3.0410782e+03  -5.8757073e+03
   4.0700000e+02   1.3462218e+03  -3.7587745e+03
   4.0800000e+02  -5.5480205e+03   6.1653722e+03
   4.0900000e+02  -1.7201004e+04   1.1541980e+04
   4.1000000e+02  -1.3992652e+04   2.4894246e+04
   4.1100000e+02   1.0965758e+04   1.3651792e+04
   4.1200000e+02   6.8759332e+03  -8.5704309e+03
   4.1300000e+02  -1.9308602e+04   1.1130918e+04
   4.1400000e+02  -1.8115040e+04   3.3410747e+04
   4.1500000e+02  -7.9552474e+03   2.5947739e+04
   4.1600000e+02  -2.6272800e+03   2.0342459e+04
   4.1700000e+02   8.3476185e+03   8.3398989e+03
   4.1800000e+02  -7.8703703e+03  -1.1709899e+03
   4.1900000e+02  -3.6728494e+04   2.9771504e+04
   4.2000000e+02  -2.7669675e+04   5.1252998e+04
   4.2100000e+02  -6.5253400e+03   1.8490528e+04
   4.2200000e+02   2.5759258e+03  -1.6856018e+04
   4.2300000e+02  -3.1575164e+03  -1.9152180e+04
   4.2400000e+02  -3.4593846e+04   7.1880082e+03
   4.2500000e+02  -3.7281611e+04   3.7372240e+04
   4.2600000e+02   9.4033269e+03   2.0757243e+04
   4.2700000e+02   2.3354495e+04  -1.8251326e+04
   4.2800000e+02  -5.3278097e+03  -1.4055398e+04
   4.2900000e+02  -1.6050324e+04   6.3695138e+03
   4.3000000e+02  -1.2136191e+04   1.1724456e+04
   4.3100000e+02  -7.8936671e+02   2.1561289e+04
   4.3200000e+02   1.8969225e+04   1.8740889e+04
   4.3300000e+02   7.7737990e+02   5.0376448e+03
   4.3400000e+02  -3.5714325e+04   1.6098120e+04
   4.3500000e+02  -2.1327336e+04   2.0470525e+04
   4.3600000e+02   1.5297304e+04   2.1880599e+03
   4.3700000e+02   2.6354022e+04   3.1720486e+03
   4.3800000e+02   8.2718040e+03   7.6786911e+03
   4.3900000e+02  -3.4407613e+04   1.8587457e+03
   4.4000000e+02  -4.4694007e+04   9.1695077e+03
   4.4100000e+02   4.3782527e+03   1.0941222e+03
   4.4200000e+02   3.1492453e+04  -2.1757333e+04
   4.4300000e+02   4.3586094e+03  -1.6356179e+04
   4.4400000e+02  -1.8909320e+04  -6.4553837e+03
   4.4500000e+02  -1.8405460e+04  -8.5797573e+03
   4.4600000e+02  -1.6447533e+03  -1.2870941e+03
   4.4700000e+02   1.9732343e+04  -6.7869965e+03
   4.4800000e+02   8.6059064e+03  -2.5483392e+04
   4.4900000e+02  -1.1921560e+04  -2.0099623e+04
   4.5000000e+02   1.6938441e+03  -1.0525600e+04
   4.5100000e+02   1.1349533e+04  -1.1990317e+04
   4.5200000e+02   8.7207919e+03  -4.8005356e+03
   4.5300000e+02   2.0920925e+04  -1.5443164e+04
   4.5400000e+02   1.8991988e+04  -3.6343467e+04
   4.5500000e+02   6.3883892e+03  -1.9041310e+04
   4.5600000e+02   1.2762121e+04   1.1146028e+03
   4.5700000e+02   1.6906571e+04  -1.2884011e+03
   4.5800000e+02   1.5956416e+04   4.6762511e+03
   4.5900000e+02   2.0100413e+04  -1.4761085e+03
   4.6000000e+02   8.7337762e+03  -2.2721115e+04
   4.6100000e+02   1.7470353e+03  -1.7922619e+04
   4.6200000e+02   2.4141255e+04  -6.4247800e+03
   4.6300000e+02   3.1488611e+04  -1.0969586e+04
   4.6400000e+02   1.2455976e+04  -9.9391269e+03
   4.6500000e+02   1.2099304e+03  -1.1106562e+04
   4.6600000e+02  -6.5362254e+03  -1.5962863e+04
   4.6700000e+02   1.5929329e+02  -5.9278719e+03
   4.6800000e+02   2.1281457e+04  -1.1495612e+04
   4.6900000e+02   8.9774143e+03  -2.7268748e+04
   4.7000000e+02  -1.5198301e+04  -5.0932632e+03
   4.7100000e+02  -1.0573252e+04   1.3214689e+04
   4.7200000e+02  -9.2962157e+03  -2.9773558e+03
   4.7300000e+02  -7.8309045e+03  -5.9045463e+03
   4.7400000e+02   1.7914233e+04  -3.8369098e+03
   4.7500000e+02   2.3412023e+04  -1.2579005e+04
   4.7600000e+02   2.2756506e+03  -3.1847020e+02
   4.7700000e+02   3.5257369e+03   1.4609929e+04
   4.7800000e+02   1.5853743e+04   9.5735894e+03
   4.7900000e+02   2.0888009e+04   6.6949784e+03
   4.8000000e+02   2.2407347e+04  -6.6574779e+02
   4.8100000e+02  -6.4565335e+02  -9.1820258e+03
   4.8200000e+02  -1.5671627e+04   7.7771602e+03
   4.8300000e+02   1.1534129e+04   1.6374606e+04
   4.8400000e+02   2.3926179e+04   2.0442078e+03
   4.8500000e+02   5.2846922e+03   5.7337537e+03
   4.8600000e+02  -1.0177218e+04   1.0799745e+04
   4.8700000e+02  -2.6863861e+04   2.3922859e+03
   4.8800000e+02  -2.7527495e+04   7.2360856e+03
   4.8900000e+02  -3.6773400e+03   6.4693032e+03
   4.9000000e+02  -3.8097873e+03   1.2534644e+03
   4.9100000e+02  -2.3535215e+04   1.8645720e+04
   4.9200000e+02  -2.3566486e+04   2.2050422e+04
   4.9300000e+02  -2.0126840e+04   4.5905043e+03
   4.9400000e+02  -1.0969148e+04   7.4445276e+03
   4.9500000e+02   1.1303647e+04   1.0948872e+04
   4.9600000e+02   7.1567941e+02   2.9342947e+03
   4.9700000e+02  -2.4635826e+04   9.5946915e+03
   4.9800000e+02  -1.2031695e+04   6.5176442e+03
   4.9900000e+02   4.6059491e+03  -5.2407322e+03
   5.0000000e+02   2.0607921e+03   1.8423753e+04
   5.0100000e+02  -2.6056323e+03   3.9299904e+04
   5.0200000e+02  -1.7244054e+04   2.0061441e+04
   5.0300000e+02  -2.1948925e+04  -2.0295739e+03
   5.0400000e+02  -1.4773428e+03  -1.5703089e+04
   5.0500000e+02  -2.3007963e+03  -9.3426154e+03
   5.0600000e+02  -2.4847523e+04   3.2844375e+04
   5.0700000e+02  -2.6792707e+04   5.0418295e+04
   5.0800000e+02  -2.5446834e+04   1.2897626e+04
   5.0900000e+02  -2.2957038e+04  -2.1498081e+04
   5.1000000e+02   9.4884914e+02  -2.2385982e+04
   5.1100000e+02   5.1635606e+03   4.8683133e+03
   5.1200000e+02  -1.2004167e+04   3.7119418e+04
   5.1300000e+02  -1.1168898e+04   2.2155642e+04
   5.1400000e+02  -1.2912350e+04  -1.7805040e+04
   5.1500000e+02  -9.6611121e+03  -1.3063536e+04
   5.1600000e+02   1.8798387e+04   8.9236503e+03
   5.1700000e+02   2.0217199e+04   7.0003584e+03
   5.1800000e+02  -6.6595850e+03   8.5361828e+02
   5.1900000e+02  -8.7804912e+03  -9.3330314e+03
   5.2000000e+02  -1.4575180e+03  -1.4993697e+04
   5.2100000e+02   4.5124462e+02  -2.2013730e+03
   5.2200000e+02   1.0616569e+04  -5.8337941e+03
   5.2300000e+02   3.7972406e+03  -1.7346228e+04
   5.2400000e+02  -9.0721873e+03  -2.3571976e+03
   5.2500000e+02   7.1778410e+03  -1.1640329e+03
   5.2600000e+02   1.7735037e+04  -1.7770003e+04
   5.2700000e+02   1.1874690e+04  -4.0032781e+03
   5.2800000e+02   1.1820507e+04   7.4518868e+03
   5.2900000e+02  -7.1053133e+02  -7.7817007e+03
   5.3000000e+02  -6.4419087e+02  -1.0439777e+04
   5.3100000e+02   3.0552424e+04  -1.3406686e+04
   5.3200000e+02   2.5765796e+04  -2.4691424e+04
   5.3300000e+02  -1.3017665e+04  -1.0706057e+04
   5.3400000e+02  -1.9629855e+04   1.2659721e+03
   5.3500000e+02  -7.9487796e+03  -1.0994231e+04
   5.3600000e+02   1.2986391e+03  -1.6052151e+04
   5.3700000e+02   1.7263071e+04  -1.8326235e+04
   5.3800000e+02   1.4059905e+04  -1.5929627e+04
   5.3900000e+02   2.7702458e+03   1.1774119e+04
   5.4000000e+02   1.7073921e+04   1.7646750e+04
   5.4100000e+02   2.3834189e+04  -1.3777882e+04
   5.4200000e+02   1.6258227e+04  -1.9839568e+04
   5.4300000e+02   2.2057731e+04  -6.5908380e+03
   5.4400000e+02   1.9092567e+04  -6.5185675e+03
   5.4500000e+02   1.2316240e+04  -1.1510000e+03
   5.4600000e+02   2.3681916e+04  -4.3250117e+03
   5.4700000e+02   1.8802894e+04  -1.8299724e+04
   5.4800000e+02   2.9398265e+03  -1.1100550e+04
   5.4900000e+02   1.0677454e+04  -5.1313261e+03
   5.5000000e+02   9.7021207e+03  -9.0335322e+03
   5.5100000e+02  -5.9285356e+03   2.1972456e+03
   5.5200000e+02  -2.0838797e+03   5.9862216e+03
   5.5300000e+02  -2.9885359e+03   3.1223324e+03
   5.5400000e+02  -1.1901212e+04   1.9454431e+04
   5.5500000e+02   1.1576435e+03   1.5515538e+04
   5.5600000e+02   8.4378995e+03  -1.4126742e+04
   5.5700000e+02   2.6797653e+03  -1.3069722e+04
   5.5800000e+02   5.4540735e+03  -2.1622322e+02
   5.5900000e+02  -5.6015050e+01  -5.3843652e+03
   5.6000000e+02   3.6502517e+02  -5.7395808e+01
   5.6100000e+02   2.1223287e+04  -3.3211111e+02
   5.6200000e+02   1.7602075e+04  -1.6114595e+04
   5.6300000e+02  -8.8328720e+03  -1.0942963e+04
   5.6400000e+02  -1.6257604e+04  -2.9420660e+03
   5.6500000e+02  -1.5728205e+04  -5.3836171e+03
   5.6600000e+02  -1.3429518e+04   6.7019335e+03
   5.6700000e+02  -1.7757080e+03   1.2716941e+04
   5.6800000e+02  -1.1537123e+04   7.4652132e+03
   5.6900000e+02  -2.8565130e+04   1.4797106e+04
   5.7000000e+02  -1.3443834e+04   1.2800101e+04
   5.7100000e+02  -1.0094265e+03   5.4855001e+03
   5.7200000e+02  -4.3872443e+03   2.2038816e+04
   5.7300000e+02  -1.4978811e+03   2.2460559e+04
   5.7400000e+02  -1.0976316e+04  -3.3547880e+03
   5.7500000e+02  -1.5422851e+04   1.1132354e+03
   5.7600000e+02   8.0497423e+02   2.1679975e+04
   5.7700000e+02  -6.8376995e+03   2.1873667e+04
   5.7800000e+02  -1.9345874e+04   1.2943856e+04
   5.7900000e+02  -2.1644993e+03  -1.3564592e+04
   5.8000000e+02  -4.4181800e+03  -3.2414628e+04
   5.8100000e+02  -2.8304063e+04   5.2804790e+02
   5.8200000e+02  -2.5555308e+04   2.9167020e+04
   5.8300000e+02  -1.2887737e+04   1.2873101e+04
   5.8400000e+02  -4.8609524e+03   1.4199688e+03
   5.8500000e+02   4.9851382e+03   6.9356469e+03
   5.8600000e+02  -5.1567191e+03   1.6113365e+04
   5.8700000e+02  -1.8375263e+04   2.7649288e+04
   5.8800000e+02  -9.8921079e+03   1.1917001e+04
   5.8900000e+02  -3.7418631e+03  -1.0322489e+04
   5.9000000e+02   3.2538072e+03   1.2104299e+04
   5.9100000e+02   1.2911082e+04   3.3481604e+04
   5.9200000e+02  -4.9573401e+03   1.4091736e+04
   5.9300000e+02  -2.0621705e+04  -4.9593756e+03
   5.9400000e+02  -3.7089020e+03  -1.2760177e+04
   5.9500000e+02   5.8383561e+02  -7.3873859e+03
   5.9600000e+02  -1.0920303e+04   1.9752262e+04
   5.9700000e+02  -1.8452796e+03   2.0152985e+04
   5.9800000e+02   2.9368367e+03  -8.5724066e+03
   5.9900000e+02  -1.7734806e+03  -9.7650123e+03
   6.0000000e+02   7.5980457e+03  -2.1518044e+03
   6.0100000e+02   1.7176081e+03  -4.9237857e+03
   6.0200000e+02  -1.2565284e+04   8.8779000e+03
   6.0300000e+02   4.1328676e+03   9.3465412e+03
   6.0400000e+02   2.1263098e+04  -1.0955307e+04
   6.0500000e+02   1.5836474e+04  -6.7358632e+03
   6.0600000e+02   6.5488386e+03  -3.0823917e+03
   6.0700000e+02  -2.6712457e+03  -1.7646837e+04
   6.0800000e+02   3.9423987e+03  -1.3410513e+04
   6.0900000e+02   2.6003590e+04  -6.9838660e+03
   6.1000000e+02   2.0965192e+04  -9.5009589e+03
   6.1100000e+02  -2.1547924e+03   5.1762892e+02
   6.1200000e+02  -3.8240072e+03  -5.3673138e+03
   6.1300000e+02  -1.2310319e+03  -2.3661729e+04
   6.1400000e+02   3.2902918e+03  -1.1126074e+04
   6.1500000e+02   2.4138315e+04  -3.7554496e+02
   6.1600000e+02   2.3161998e+04  -1.4859059e+04
   6.1700000e+02   5.2976867e+03  -1.6296478e+04
   6.1800000e+02   1.0628604e+04  -1.3284498e+04
   6.1900000e+02   7.7592247e+03  -1.7994826e+04
   6.2000000e+02  -1.1970528e+04  -6.1906450e+03
   6.2100000e+02  -9.3086721e+03   3.6811708e+02
   6.2200000e+02   1.4187311e+03  -1.0175817e+04
   6.2300000e+02   6.9887562e+03  -1.0505335e+04
   6.2400000e+02   2.0407248e+04  -1.1970009e+04
   6.2500000e+02   1.8166702e+04  -1.0468013e+04
   6.2600000e+02  -3.2409831e+02   9.9449328e+03
   6.2700000e+02  -3.5176890e+03   3.8639538e+03
   6.2800000e+02   2.2897706e+03  -2.6303663e+04
   6.2900000e+02   1.6265229e+04  -1.9018109e+04
   6.3000000e+02   3.3074571e+04   6.6240228e+03
   6.3100000e+02   1.6087472e+04   1.0689408e+04
   6.3200000e+02  -7.5316249e+03   4.4332379e+03
   6.3300000e+02  -1.5769325e+03  -1.4274764e+04
   6.3400000e+02  -4.2070791e+03  -2.5803668e+04
   6.3500000e+02  -1.4207974e+04   9.8752242e+02
   6.3600000e+02   2.6784266e+02   1.6904515e+04
   6.3700000e+02   9.9083066e+03  -1.2588556e+03
   6.3800000e+02   1.6392818e+03  -1.9894486e+03
   6.3900000e+02  -3.1274422e+03   3.6010231e+03
   6.4000000e+02  -1.3009782e+04  -9.7898713e+03
   6.4100000e+02  -1.4090733e+04  -9.3407140e+03
   6.4200000e+02   1.3351351e+04  -1.4737432e+02
   6.4300000e+02   2.2569362e+04   1.0293739e+03
   6.4400000e+02   4.9249106e+03   1.1077692e+04
   6.4500000e+02  -3.7308383e+02   1.1460182e+04
   6.4600000e+02  -8.0141201e+03  -6.8628809e+03
   6.4700000e+02  -9.1504336e+03  -1.3266715e+04
   6.4800000e+02   1.3559534e+04  -1.1442698e+04
   6.4900000e+02   1.0275238e+04   1.0494177e+03
   6.5000000e+02  -1.2970454e+04   3.4521785e+04
   6.5100000e+02  -1.1970730e+04   3.6879208e+04
   6.5200000e+02  -9.7605652e+03   1.4033077e+03
   6.5300000e+02  -8.4024061e+03  -6.8119720e+03
   6.5400000e+02   8.1910827e+03   5.6698937e+03
   6.5500000e+02   1.5569691e+03   1.1938195e+04
   6.5600000e+02  -2.5738907e+04   2.6930958e+04
   6.5700000e+02  -2.5985011e+04   2.5799492e+04
   6.5800000e+02  -1.4706322e+04   3.9723475e+03
   6.5900000e+02  -1.0767533e+04   3.1789091e+03
   6.6000000e+02  -5.5330388e+03   6.9983009e+03
   6.6100000e+02  -2.1591995e+04   5.3320291e+03
   6.6200000e+02  -3.8219633e+04   2.4120367e+04
   6.6300000e+02  -1.4973388e+04   2.6885913e+04
   6.6400000e+02   7.4397746e+03   3.0293035e+03
   6.6500000e+02   5.2682175e+03   4.8696049e+03
   6.6600000e+02   4.0236910e+02   1.3309728e+04
   6.6700000e+02  -1.0341556e+04   1.5940520e+01
   6.6800000e+02  -8.6478794e+03  -3.5111663e+03
   6.6900000e+02   1.5645605e+04  -2.3927601e+03
   6.7000000e+02   1.4631712e+04  -9.4684916e+02
   6.7100000e+02  -1.0104521e+04   2.0002160e+04
   6.7200000e+02  -1.4408641e+04   1.9378828e+04
   6.7300000e+02  -1.6532596e+04  -1.0964715e+04
   6.7400000e+02  -2.4088591e+04  -1.0682151e+04
   6.7500000e+02  -1.0929027e+04   9.5121043e+03
   6.7600000e+02  -1.9843108e+03   1.5383373e+04
   6.7700000e+02  -6.4080079e+03   1.6895278e+04
   6.7800000e+02  -3.5547001e+03  -1.3969700e+03
   6.7900000e+02  -8.5513464e+03  -2.0490125e+04
   6.8000000e+02  -5.5607372e+03   5.0526042e+03
   6.8100000e+02   2.0946093e+04   2.0723185e+04
   6.8200000e+02   2.1768217e+04  -7.2134128e+03
   6.8300000e+02  -1.3844808e+03  -1.5942305e+04
   6.8400000e+02  -1.4756614e+03  -6.6767846e+03
   6.8500000e+02   7.1341703e+03  -1.0868279e+04
   6.8600000e+02   7.1703409e+03  -2.6522327e+03
   6.8700000e+02   7.3347622e+03   3.6814028e+03
   6.8800000e+02  -2.0128528e+03  -1.4173886e+04
   6.8900000e+02  -6.6300488e+03  -1.8439677e+04
   6.9000000e+02   3.7198738e+03  -5.8806353e+03
   6.9100000e+02  -3.8894532e+03   2.9655936e+02
   6.9200000e+02  -8.9950324e+03   1.7615688e+03
   6.9300000e+02   1.8490116e+04  -1.7233147e+04
   6.9400000e+02   3.0844209e+04  -3.9285294e+04
   6.9500000e+02   1.8093836e+04  -2.0155647e+04
   6.9600000e+02   9.8170613e+03   4.1257955e+03
   6.9700000e+02  -4.4684751e+03   1.1897622e+03
   6.9800000e+02  -3.7808162e+02   7.0067778e+02
   6.9900000e+02   3.7079252e+04  -6.8216199e+03
   7.0000000e+02   4.0001938e+04  -2.5047303e+04
   7.0100000e+02   4.7402334e+03  -1.8003431e+04
   7.0200000e+02  -6.0603901e+03  -5.5369272e+03
   7.0300000e+02  -5.0392322e+03  -8.2784856e+03
   7.0400000e+02  -6.3927254e+03  -3.9142888e+03
   7.0500000e+02   6.5709975e+03  -7.8609143e+03
   7.0600000e+02   7.2913003e+03  -1.9102122e+04
   7.0700000e+02   8.3342262e+02  -7.1410996e+03
   7.0800000e+02   8.9519398e+03  -5.1329393e+03
   7.0900000e+02   8.5218709e+02  -1.8689202e+04
   7.1000000e+02  -6.3102819e+03  -3.3052643e+02
   7.1100000e+02   1.7620580e+04   1.7190848e+04
   7.1200000e+02   2.4214478e+04   2.4362507e+03
   7.1300000e+02   5.6258839e+03  -1.6649936e+03
   7.1400000e+02   5.3177967e+03   3.7584253e+03
   7.1500000e+02   1.1422933e+04  -1.6663508e+03
   7.1600000e+02   1.3760498e+04   7.4672600e+01
   7.1700000e+02   2.1775792e+04   1.7650238e+03
   7.1800000e+02   1.0237995e+04  -1.9995452e+03
   7.1900000e+02  -6.0201890e+03  -1.2976999e+03
   7.2000000e+02   6.6275871e+03  -1.7685765e+04
   7.2100000e+02   9.9122629e+03  -2.9526959e+04
   7.2200000e+02  -3.0467886e+03   5.1094919e+03
   7.2300000e+02   2.0471199e+02   2.9502379e+04
   7.2400000e+02  -9.1620580e+03   6.8502746e+03
   7.2500000e+02  -3.1786019e+04  -8.3200621e+03
   7.2600000e+02  -2.7216753e+04  -7.0955603e+03
   7.2700000e+02  -1.3897340e+04  -6.3905716e+02
   7.2800000e+02  -6.5004409e+03   2.3513703e+04
   7.2900000e+02   4.8941803e+03   3.1278887e+04
   7.3000000e+02  -3.2416979e+03   1.6895997e+04
   7.3100000e+02  -2.0214557e+04   2.0363100e+04
   7.3200000e+02  -8.8288713e+03   1.8986376e+04
   7.3300000e+02   6.9097008e+03  -1.5931475e+03
   7.3400000e+02   8.7660208e+03  -2.0086420e+03
   7.3500000e+02   5.5830724e+03   8.9372935e+03
   7.3600000e+02  -1.6152920e+04   1.1229347e+04
   7.3700000e+02  -2.6658076e+04   1.6408779e+04
   7.3800000e+02   8.1962390e+01   6.4673224e+03
   7.3900000e+02   7.1224624e+03  -1.3097195e+04
   7.4000000e+02  -1.6296700e+04  -6.1621920e+03
   7.4100000e+02  -2.2347014e+04   3.6569243e+03
   7.4200000e+02  -1.9645452e+04   4.6478709e+03
   7.4300000e+02  -2.2118816e+04   2.1051209e+04
   7.4400000e+02  -1.8922860e+04   2.2977387e+04
   7.4500000e+02  -2.1278898e+04   4.4312789e+03
   7.4600000e+02  -1.8149642e+04   4.6221211e+03
   7.4700000e+02   3.2415779e+03   4.9847524e+03
   7.4800000e+02   5.2678315e+03  -6.5035278e+01
   7.4900000e+02  -1.0352859e+04   2.0681334e+04
   7.5000000e+02  -1.2009703e+04   3.1512334e+04
   7.5100000e+02  -1.6296628e+04   7.7891374e+03
   7.5200000e+02  -1.3765898e+04  -8.2423130e+03
   7.5300000e+02   9.5766908e+03  -1.3079498e+04
   7.5400000e+02   1.1807079e+04  -1.4712331e+04
   7.5500000e+02  -4.0804623e+03   3.1988731e+03
   7.5600000e+02  -7.0345821e+03   1.0456334e+04
   7.5700000e+02  -1.0618402e+04  -5.0724024e+03
   7.5800000e+02  -5.7213146e+03  -6.2075342e+03
   7.5900000e+02   1.8317432e+04  -4.8214055e+03
   7.6000000e+02   2.1484663e+04  -1.0754129e+04
   7.6100000e+02   2.9613199e+03  -3.1663219e+02
   7.6200000e+02  -4.9465564e+02   2.4384809e+03
   7.6300000e+02   9.2806971e+02  -5.4994904e+03
   7.6400000e+02   6.2391875e+03   8.7402498e+03
   7.6500000e+02   2.3865463e+04   1.2949637e+04
   7.6600000e+02   1.2174067e+04  -3.0772956e+03
   7.6700000e+02  -1.5715146e+04   2.4746657e+03
   7.6800000e+02  -3.8035488e+03   4.3960272e+03
   7.6900000e+02   1.7061358e+04  -1.2320812e+04
   7.7000000e+02   1.2843750e+04  -1.1477476e+04
   7.7100000e+02   8.7632822e+02  -1.6501539e+04
   7.7200000e+02  -1.3144107e+04  -3.1863653e+04
   7.7300000e+02  -7.6341453e+03  -1.3180938e+04
   7.7400000e+02   2.0445432e+04   3.6139675e+03
   7.7500000e+02   2.0652382e+04  -1.2201285e+04
   7.7600000e+02   4.2117688e+03  -1.6612680e+04
   7.7700000e+02   1.5165932e+04  -9.2234922e+03
   7.7800000e+02   1.9720103e+04  -1.5254730e+03
   7.7900000e+02   8.3078441e+03   1.9028798e+04
   7.8000000e+02   1.4571354e+04   1.5625242e+04
   7.8100000e+02   1.2102282e+04  -1.4325617e+04
   7.8200000e+02   7.6445655e+01  -1.5626203e+04
   7.8300000e+02   1.4184365e+04  -2.2988382e+03
   7.8400000e+02   2.3436765e+04   8.6717550e+01
   7.8500000e+02   1.1977516e+04   6.2667078e+03
   7.8600000e+02   4.4465128e+03  -5.4152164e+03
   7.8700000e+02  -8.4657850e+03  -2.5098541e+04
   7.8800000e+02  -1.4491526e+04  -1.1654898e+04
   7.8900000e+02   4.8289390e+03  -4.4881204e+03
   7.9000000e+02   7.1457808e+03  -2.0571187e+04
   7.9100000e+02  -1.0467665e+04  -1.2839623e+04
   7.9200000e+02  -7.8949392e+02   1.7565685e+03
   7.9300000e+02   1.4318793e+04  -5.9510556e+02
   7.9400000e+02   8.5635685e+03  -1.3619790e+02
   7.9500000e+02   7.0070704e+03  -8.3381785e+03
   7.9600000e+02   2.2585299e+03  -1.4150363e+04
   7.9700000e+02  -4.1182382e+03   7.3177101e+03
   7.9800000e+02   8.4063698e+03   7.9078212e+03
   7.9900000e+02   8.7978262e+03  -1.7488809e+04
   8.0000000e+02  -1.6377034e+03  -8.3907652e+03
   8.0100000e+02   7.7134602e+03   1.1628760e+04
   8.0200000e+02   5.1591314e+03   6.5683967e+03
   8.0300000e+02  -1.0360428e+04   4.2042361e+03
   8.0400000e+02   9.7168827e+01  -3.0413437e+03
   8.0500000e+02   1.1496641e+04  -1.6583149e+04
   8.0600000e+02   6.3663702e+03  -2.6797110e+02
   8.0700000e+02   4.7500464e+03   1.7047167e+04
   8.0800000e+02  -7.6722142e+03   4.2254331e+03
   8.0900000e+02  -2.1866828e+04  -5.6099297e+03
   8.1000000e+02  -1.2285436e+04  -3.2615063e+03
   8.1100000e+02  -7.4591892e+03   7.0113093e+03
   8.1200000e+02  -1.0381230e+04   2.4616791e+04
   8.1300000e+02  -5.8103552e+03   1.2748644e+04
   8.1400000e+02  -1.9230070e+04  -1.6002076e+04
   8.1500000e+02  -3.0394107e+04  -6.6930714e+03
   8.1600000e+02  -1.0649976e+04   1.5363011e+04
   8.1700000e+02  -5.3945034e+03   1.7415131e+04
   8.1800000e+02  -2.5341701e+04   1.6274585e+04
   8.1900000e+02  -3.0163939e+04   2.7114040e+03
   8.2000000e+02  -2.0582831e+04  -9.9929148e+03
   8.2100000e+02  -2.5876552e+03   1.0985818e+04
   8.2200000e+02   1.4526616e+04   2.5694506e+04
   8.2300000e+02  -5.7546187e+03   1.4268843e+04
   8.2400000e+02  -3.2843605e+04   1.3382355e+04
   8.2500000e+02  -1.5644914e+04   1.3661371e+04
   8.2600000e+02   9.7365099e+03   1.2174288e+04
   8.2700000e+02   1.8441680e+04   2.6244550e+04
   8.2800000e+02   1.5293068e+04   2.0042327e+04
   8.2900000e+02  -1.3316925e+04  -2.1615155e+03
   8.3000000e+02  -2.6439572e+04   6.6144095e+03
   8.3100000e+02   1.9839303e+03   1.6922258e+04
   8.3200000e+02   1.3470018e+04   3.6894488e+03
   8.3300000e+02   7.8764789e+02  -5.2698148e+03
   8.3400000e+02   1.0149804e+03  -1.4238295e+04
   8.3500000e+02  -6.8814184e+03  -1.5694264e+04
   8.3600000e+02  -2.0375913e+04   1.0156036e+04
   8.3700000e+02  -2.5973838e+03   1.8133361e+04
   8.3800000e+02   1.5631652e+04  -4.4858765e+03
   8.3900000e+02   9.5039947e+03  -8.9114708e+03
   8.4000000e+02   2.6898048e+03  -3.3073993e+03
   8.4100000e+02  -8.5765172e+03   2.9484829e+02
   8.4200000e+02  -6.1865347e+03   1.9260136e+04
   8.4300000e+02   2.1152780e+04   1.7394814e+04
   8.4400000e+02   1.4703422e+04  -7.1440439e+03
   8.4500000e+02  -1.4196837e+04  -2.6306618e+03
   8.4600000e+02  -3.9043440e+03   8.4467952e+03
   8.4700000e+02   1.5814064e+04   2.8204296e+03
   8.4800000e+02   1.3399535e+04   5.4302050e+03
   8.4900000e+02   7.3445211e+03  -2.6639137e+03
   8.5000000e+02  -1.0546802e+03  -2.0773642e+04
   8.5100000e+02   1.2446208e+03  -9.8961523e+03
   8.5200000e+02   1.8021187e+04   7.3963981e+02
   8.5300000e+02   6.3457389e+03  -1.3126169e+04
   8.5400000e+02  -1.4864607e+04  -1.2344096e+04
   8.5500000e+02   2.7785127e+03  -3.5648679e+03
   8.5600000e+02   1.6319594e+04  -1.2341361e+04
   8.5700000e+02   9.2457552e+03  -1.4553296e+04
   8.5800000e+02   1.4672848e+04  -7.5961991e+03
   8.5900000e+02   5.8572982e+03  -2.9395081e+03
   8.6000000e+02  -5.8767772e+03   1.2549465e+03
   8.6100000e+02   1.7004418e+04  -1.6530161e+04
   8.6200000e+02   2.2830069e+04  -3.5036999e+04
   8.6300000e+02  -1.8628663e+03  -1.2325523e+04
   8.6400000e+02  -2.9190029e+03   4.4608343e+03
   8.6500000e+02   8.6559786e+03  -1.2687642e+04
   8.6600000e+02   1.0341770e+04  -1.6952702e+04
   8.6700000e+02   1.3037702e+04  -1.3455597e+04
   8.6800000e+02   2.4718810e+03  -1.9433030e+04
   8.6900000e+02  -7.5759958e+03  -8.4745074e+03
   8.7000000e+02   9.6170790e+03   3.9122939e+02
   8.7100000e+02   1.1483651e+04  -1.3647099e+04
   8.7200000e+02  -1.0572483e+04  -1.7103564e+04
   8.7300000e+02  -1.1473549e+04  -1.0470599e+04
   8.7400000e+02  -2.0431022e+03  -5.6036939e+03
   8.7500000e+02   7.4897488e+03   9.4315863e+03
   8.7600000e+02   2.2187733e+04   4.1503179e+03
   8.7700000e+02   1.3275971e+04  -2.2225961e+04
   8.7800000e+02  -5.1290601e+03  -1.5233202e+04
   8.7900000e+02  -5.5769268e+03   6.5435015e+03
   8.8000000e+02  -8.7641898e+03   4.0882854e+03
   8.8100000e+02   1.5570952e+03  -4.4076834e+03
   8.8200000e+02   3.0818823e+04  -1.5250531e+04
   8.8300000e+02   1.5696206e+04  -1.6467047e+04
   8.8400000e+02  -2.3291958e+04   1.1609302e+04
   8.8500000e+02  -1.6280618e+04   2.2672635e+04
   8.8600000e+02   1.0564951e+03   1.6883455e+02
   8.8700000e+02   1.2409348e+03  -6.8563173e+03
   8.8800000e+02   7.5357980e+03  -9.1736509e+02
   8.8900000e+02  -2.4511460e+03   5.8705298e+03
   8.9000000e+02  -1.9348556e+04   2.5494904e+04
   8.9100000e+02  -8.9347443e+03   2.1669608e+04
   8.9200000e+02  -2.3779917e+03  -3.1368215e+03
   8.9300000e+02  -7.2169798e+03   7.5212198e+03
   8.9400000e+02  -1.5711993e+03   2.4708931e+04
   8.9500000e+02  -8.8450623e+03   1.0253315e+04
   8.9600000e+02  -2.0101913e+04   3.1138725e+03
   8.9700000e+02  -6.4175794e+03   9.6862900e+03
   8.9800000e+02  -3.6360857e+03   1.1138632e+04
   8.9900000e+02  -1.4342194e+04   1.5710834e+04
   9.0000000e+02  -2.3312145e+03   1.1883809e+04
   9.0100000e+02  -1.1105525e+03   9.3685771e+03
   9.0200000e+02  -2.1441764e+04   3.0372107e+04
   9.0300000e+02  -2.3136411e+04   2.7991047e+04
   9.0400000e+02  -1.6297668e+04  -3.1474843e+03
   9.0500000e+02  -5.0994280e+03   3.0698872e+03
   9.0600000e+02   1.3457601e+04   2.9339064e+04
   9.0700000e+02   1.1394834e+02   3.0177919e+04
   9.0800000e+02  -2.7436385e+04   1.8664473e+04
   9.0900000e+02  -1.9698456e+04  -1.1989006e+03
   9.1000000e+02   8.3154055e+02  -6.6243038e+03
   9.1100000e+02   1.2187424e+04   2.1523384e+04
   9.1200000e+02   1.7319186e+04   2.4046071e+04
   9.1300000e+02  -2.9810095e+03  -8.1663436e+03
   9.1400000e+02  -2.1634510e+04  -1.0546533e+04
   9.1500000e+02   1.7136527e+03   7.9293699e+03
   9.1600000e+02   1.7748894e+04   1.4857370e+04
   9.1700000e+02  -1.2809077e+03   1.3902719e+04
   9.1800000e+02  -1.1124271e+04  -1.0969641e+04
   9.1900000e+02  -6.9454979e+03  -3.0690907e+04
   9.2000000e+02   1.5236896e+03   7.8651749e+02
   9.2100000e+02   8.2499959e+03   2.1254499e+04
   9.2200000e+02  -1.2742046e+04  -7.5805960e+03
   9.2300000e+02  -2.7270285e+04  -2.3180356e+04
   9.2400000e+02   1.6240388e+03  -1.3472486e+04
   9.2500000e+02   1.9376159e+04   6.4180886e+02
   9.2600000e+02   3.2830997e+03   1.7912930e+04
   9.2700000e+02  -7.0009472e+03   5.4790197e+03
   9.2800000e+02  -7.7877880e+03  -2.2449938e+04
   9.2900000e+02   5.2318391e+03  -1.2741873e+04
   9.3000000e+02   2.7498417e+04   7.7753506e+01
   9.3100000e+02   1.1039745e+04  -1.1755273e+04
   9.3200000e+02  -1.7248677e+04  -1.0314078e+04
   9.3300000e+02  -1.4657294e+02  -1.0721769e+04
   9.3400000e+02   1.8137732e+04  -2.5300663e+04
   9.3500000e+02   1.0004272e+04  -1.5101530e+04
   9.3600000e+02   4.9128870e+03  -5.7349693e+03
   9.3700000e+02  -3.0267088e+03  -2.3512751e+04
   9.3800000e+02  -1.3590744e+02  -2.3769344e+04
   9.3900000e+02   2.4388634e+04  -9.1944659e+03
   9.4000000e+02   1.8354202e+04  -7.4126933e+03
   9.4100000e+02  -8.3530380e+03  -7.5804611e+03
   9.4200000e+02   4.0858826e+02  -1.8538440e+04
   9.4300000e+02   1.8198150e+04  -2.6895487e+04
   9.4400000e+02   2.4012836e+04  -4.7548023e+03
   9.4500000e+02   3.0909427e+04   1.6424258e+03
   9.4600000e+02   1.0327891e+04  -2.2391132e+04
   9.4700000e+02  -1.5011856e+04  -2.2302981e+04
   9.4800000e+02   6.1280332e+03  -6.5113991e+03
   9.4900000e+02   2.9570375e+04  -8.6069067e+02
   9.5000000e+02   2.7398579e+04   8.4398040e+03
   9.5100000e+02   2.6740746e+04   5.4259015e+03
   9.5200000e+02   1.0350321e+04  -6.7505761e+03
   9.5300000e+02  -1.4899598e+04   1.5779501e+03
   9.5400000e+02  -9.2946714e+03   1.6587488e+03
   9.5500000e+02   5.2575378e+03  -1.1678575e+04
   9.5600000e+02   7.3142359e+03   2.8079259e+02
   9.5700000e+02   5.0320105e+03   7.5236993e+03
   9.5800000e+02  -1.2867756e+04  -9.5941697e+03
   9.5900000e+02  -2.1342627e+04  -7.0151049e+03
   9.6000000e+02   5.6977103e+03   4.8697208e+03
   9.6100000e+02   1.5960662e+04  -9.6733850e+01
   9.6200000e+02  -7.0254022e+03  -6.1976725e+01
   9.6300000e+02  -1.6129859e+04   2.5010631e+03
   9.6400000e+02  -5.9896499e+03   3.9953692e+03
   9.6500000e+02   1.1301448e+04   1.5224565e+04
   9.6600000e+02   1.7760321e+04   9.9473652e+03
   9.6700000e+02  -1.1518673e+04  -6.3122974e+03
   9.6800000e+02  -3.1561199e+04   3.2317260e+03
   9.6900000e+02  -6.3741215e+03   1.6460836e+04
   9.7000000e+02   5.6710723e+03   1.6616130e+04
   9.7100000e+02  -1.1160552e+04   1.8810491e+04
   9.7200000e+02  -1.0658629e+04   4.6146093e+03
   9.7300000e+02  -6.4063636e+03  -1.3887767e+04
   9.7400000e+02  -1.3746528e+04   5.7672755e+03
   9.7500000e+02  -1.1594986e+04   2.8662617e+04
   9.7600000e+02  -1.2638399e+04   1.8399581e+04
   9.7700000e+02  -1.5288231e+04   8.6884305e+03
   9.7800000e+02  -5.3702019e+03   6.2527177e+03
   9.7900000e+02  -7.7267511e+03   3.7861802e+03
   9.8000000e+02  -9.2745555e+03   1.6873626e+04
   9.8100000e+02   1.0194734e+04   2.0541994e+04
   9.8200000e+02   9.8255548e+03   9.4538992e+03
   9.8300000e+02  -1.0478024e+04   1.7346930e+04
   9.8400000e+02  -1.4647909e+04   1.5428959e+04
   9.8500000e+02  -1.3292867e+04  -5.9157566e+03
   9.8600000e+02  -8.1454492e+03   1.7184494e+03
   9.8700000e+02   1.2674112e+03   1.1665558e+04
   9.8800000e+02  -1.8261110e+04  -4.1093340e+03
   9.8900000e+02  -4.0182916e+04   1.6313019e+03
   9.9000000e+02  -1.8097369e+04   2.1261785e+04
   9.9100000e+02   4.1177973e+03   2.1341348e+04
   9.9200000e+02  -3.7072961e+02   1.7588327e+04
   9.9300000e+02  -2.0743942e+03   2.9369615e+03
   9.9400000e+02  -9.5068926e+03  -1.2452064e+04
   9.9500000e+02  -1.7069388e+04   6.5568163e+03
   9.9600000e+02  -3.5606869e+02   2.0177824e+04
   9.9700000e+02   1.2398635e+04   5.6628998e+03
   9.9800000e+02   1.1290361e+04   4.3593616e+03
   9.9900000e+02   1.2240034e+04   2.8996251e+03
   1.0000000e+03  -3.2351737e+03  -1.2847959e+04
   1.0010000e+03  -1.7481947e+04  -1.0110019e+04
   1.0020000e+03   4.9585870e+03  -2.6499412e+03
   1.0030000e+03   2.4557577e+04  -6.3163907e+03
   1.0040000e+03   1.5218913e+04  -2.6754687e+03
   1.0050000e+03   2.5711616e+03  -7.9355052e+03
   1.0060000e+03  -1.3553537e+04  -1.8208625e+04
   1.0070000e+03  -1.4550577e+04  -3.1590202e+03
   1.0080000e+03   1.3598538e+04   2.9274720e+03
   1.0090000e+03   1.4387701e+04  -1.4743895e+04
   1.0100000e+03  -9.8239337e+03  -1.3873084e+04
   1.0110000e+03  -1.5611593e+03  -9.3210799e+03
   1.0120000e+03   1.4621954e+04  -1.9822661e+04
   1.0130000e+03   1.8303147e+04  -1.7753362e+04
   1.0140000e+03   3.0188287e+04  -1.5436523e+04
   1.0150000e+03   2.1812281e+04  -1.9950327e+04
   1.0160000e+03  -1.6708283e+03  -9.0262906e+03
   1.0170000e+03   1.0276931e+04  -7.3711635e+03
   1.0180000e+03   2.7517420e+04  -1.8959051e+04
   1.0190000e+03   1.4647330e+04  -1.0811638e+04
   1.0200000e+03   1.9095928e+03  -5.4142802e+03
   1.0210000e+03  -1.2824815e+03  -1.1020646e+04
   1.0220000e+03   3.7077899e+03  -3.0632324e+02
   1.0230000e+03   1.2230349e+04  -1.1539269e+03
   1.0240000e+03  -4.1683910e+03  -1.4982558e+04
   1.0250000e+03  -1.8907250e+04   4.1972518e+02
   1.0260000e+03   2.8613897e+03   1.1027369e+04
   1.0270000e+03   1.8125696e+04  -5.7635052e+03
   1.0280000e+03   1.1589635e+04  -6.0769763e+03
   1.0290000e+03   1.5529803e+04  -4.0103069e+03
   1.0300000e+03   1.8971141e+04  -1.7648165e+04
   1.0310000e+03   1.4313582e+04  -9.6664504e+03
   1.0320000e+03   1.3880698e+04   2.6252535e+03
   1.0330000e+03   3.5515531e+03  -8.5074120e+03
   1.0340000e+03   1.1142963e+03  -1.1312043e+04
   1.0350000e+03   2.2541187e+04  -7.0418654e+03
   1.0360000e+03   1.4614683e+04  -9.5721049e+03
   1.0370000e+03  -1.9622363e+04  -4.1668290e+02
   1.0380000e+03  -2.4482524e+04   2.5654103e+03
   1.0390000e+03  -1.5453117e+04  -5.1750006e+03
   1.0400000e+03  -6.0473838e+03   9.2053837e+03
   1.0410000e+03   7.6140793e+03   2.1295637e+04
   1.0420000e+03  -7.5974860e+03   1.0432248e+04
   1.0430000e+03  -3.1163632e+04   4.5220920e+03
   1.0440000e+03  -1.8025738e+04  -1.2883752e+03
   1.0450000e+03   1.1305836e+03  -4.7094605e+03
   1.0460000e+03   4.1022811e+03   9.6018700e+03
   1.0470000e+03   4.6180092e+03   6.6201031e+03
   1.0480000e+03  -9.1855390e+03  -1.1441004e+04
   1.0490000e+03  -2.0616774e+04  -2.7106026e+03
   1.0500000e+03  -2.2426130e+03   8.3130239e+03
   1.0510000e+03   8.5350792e+03   5.6726683e+03
   1.0520000e+03  -4.7180764e+02   1.0889271e+04
   1.0530000e+03  -5.9640275e+02   1.0731947e+03
   1.0540000e+03  -7.8338177e+03  -1.0941544e+04
   1.0550000e+03  -1.6732490e+04   1.9838130e+04
   1.0560000e+03  -3.4972130e+03   4.2041947e+04
   1.0570000e+03  -5.2075603e+03   1.5544379e+04
   1.0580000e+03  -2.3524737e+04  -5.9457561e+03
   1.0590000e+03  -1.7335641e+04  -2.9315924e+03
   1.0600000e+03  -9.9842761e+03   7.2120794e+03
   1.0610000e+03  -1.2879990e+04   1.9759637e+04
   1.0620000e+03   7.0195955e+01   1.3534745e+04
   1.0630000e+03   3.7952706e+02  -1.2001404e+03
   1.0640000e+03  -1.8114580e+04   1.1448384e+04
   1.0650000e+03  -1.1881362e+04   2.3044214e+04
   1.0660000e+03   6.4154494e+03   5.4033705e+03
   1.0670000e+03   1.3143904e+04  -4.2454538e+03
   1.0680000e+03   1.1034417e+04   8.0935931e+03
   1.0690000e+03  -7.3754649e+03   2.5684961e+04
   1.0700000e+03  -1.3437983e+04   3.9815781e+04
   1.0710000e+03   7.8890512e+03   2.2864491e+04
   1.0720000e+03   5.7585329e+03  -1.3151004e+04
   1.0730000e+03  -1.6737716e+04  -1.3244525e+04
   1.0740000e+03  -1.5490470e+04   1.0483163e+04
   1.0750000e+03  -1.0329450e+04   1.9697450e+04
   1.0760000e+03  -1.0680357e+04   1.0918920e+04
   1.0770000e+03   4.8645869e+03  -1.5020164e+04
   1.0780000e+03   1.1327655e+04  -2.1882905e+04
   1.0790000e+03   2.2013991e+03   1.1680351e+04
   1.0800000e+03   5.2609785e+03   1.9311241e+04
   1.0810000e+03   5.5603721e+03  -1.4699091e+04
   1.0820000e+03   4.0254669e+03  -1.9360982e+04
   1.0830000e+03   1.8311093e+04   3.7706462e+03
   1.0840000e+03   1.5561252e+04   1.3005179e+04
   1.0850000e+03  -4.1108905e+03   1.3051927e+04
   1.0860000e+03  -4.8600999e+03  -1.9567881e+03
   1.0870000e+03   2.2853715e+03  -1.5671004e+04
   1.0880000e+03   9.5427480e+03   6.0316183e+03
   1.0890000e+03   1.5653291e+04   1.4147409e+04
   1.0900000e+03  -1.2477633e+03  -1.9046179e+04
   1.0910000e+03  -1.4435692e+04  -3.3934241e+04
   1.0920000e+03   3.9045396e+03  -2.0160321e+04
   1.0930000e+03   1.2289521e+04  -4.0132269e+03
   1.0940000e+03   4.1292431e+03   7.4786424e+03
   1.0950000e+03   7.4165966e+03  -1.1319685e+04
   1.0960000e+03   2.6088684e+03  -3.7741306e+04
   1.0970000e+03   1.6080556e+03  -1.6521671e+04
   1.0980000e+03   2.4532082e+04   1.1405268e+04
   1.0990000e+03   2.0455973e+04  -2.6154368e+03
   1.1000000e+03  -7.2646925e+03  -2.1511253e+04
   1.1010000e+03  -8.3077171e+03  -2.5215526e+04
   1.1020000e+03  -4.0899263e+03  -2.0783262e+04
   1.1030000e+03  -4.5668784e+02  -9.2534092e+03
   1.1040000e+03   1.8908664e+04  -1.8507649e+04
   1.1050000e+03   1.4176054e+04  -3.6277358e+04
   1.1060000e+03  -8.1252892e+03  -1.9348377e+04
   1.1070000e+03  -1.1300783e+03  -2.7738895e+03
   1.1080000e+03   6.9095554e+03  -1.3389105e+04
   1.1090000e+03   1.2061510e+03  -1.4432420e+04
   1.1100000e+03   1.1093395e+04  -1.2765335e+04
   1.1110000e+03   1.4261419e+04  -1.6190288e+04
   1.1120000e+03   5.2445181e+03   4.2711933e+03
   1.1130000e+03   9.8547769e+03   1.9186490e+04
   1.1140000e+03   1.2687097e+03   2.6235503e+03
   1.1150000e+03  -1.8678419e+04  -7.7660597e+03
   1.1160000e+03  -1.0399059e+04  -7.7588049e+03
   1.1170000e+03   6.4607917e+03  -9.1533260e+03
   1.1180000e+03   1.2156151e+04  -2.7599793e+03
   1.1190000e+03   1.0486361e+04  -3.7283999e+03
   1.1200000e+03  -1.3811482e+04  -2.6598592e+03
   1.1210000e+03  -3.2566748e+04   1.6319832e+04
   1.1220000e+03  -9.0027983e+03   6.8360746e+03
   1.1230000e+03   1.4250295e+04  -2.5321635e+04
   1.1240000e+03   8.6395901e+03  -1.3718777e+04
   1.1250000e+03  -4.5884598e+02   1.9081864e+04
   1.1260000e+03  -7.2788252e+03   2.5315789e+04
   1.1270000e+03   1.4399200e+03   2.1433181e+04
   1.1280000e+03   2.4522089e+04   1.1756606e+04
   1.1290000e+03   1.3060352e+04   3.1657703e+03
   1.1300000e+03  -1.4312530e+04   1.8245042e+04
   1.1310000e+03  -6.9603652e+03   2.3971400e+04
   1.1320000e+03   2.7095594e+03   8.2287583e+03
   1.1330000e+03   1.7260936e+03   1.1624135e+04
   1.1340000e+03   1.2523362e+04   1.9753775e+04
   1.1350000e+03   1.9320179e+03   1.6682825e+04
   1.1360000e+03  -2.6314331e+04   2.3186538e+04
   1.1370000e+03  -2.1831236e+04   1.6241273e+04
   1.1380000e+03  -4.6356362e+03   2.9576649e+02
   1.1390000e+03  -2.3552719e+02   1.5987294e+04
   1.1400000e+03   1.5999137e+03   2.6684392e+04
   1.1410000e+03  -1.5526764e+04   9.4063476e+03
   1.1420000e+03  -3.2757531e+04   6.9197045e+03
   1.1430000e+03  -1.1738872e+04   1.1150077e+04
   1.1440000e+03   1.0152978e+04   7.5877682e+03
   1.1450000e+03   5.2247779e+03   1.7490124e+04
   1.1460000e+03  -6.6931476e+03   1.8939431e+04
   1.1470000e+03  -2.1098527e+04   8.0185873e+03
   1.1480000e+03  -1.4073274e+04   1.6841419e+04
   1.1490000e+03   1.6050519e+04   1.7852662e+04
   1.1500000e+03   7.5885661e+03   2.2608002e+03
   1.1510000e+03  -2.7285132e+04   8.9748953e+03
   1.1520000e+03  -2.2330046e+04   1.0456140e+04
   1.1530000e+03   8.4512965e+02  -1.1203650e+04
   1.1540000e+03   6.3950568e+03  -8.9737260e+03
   1.1550000e+03  -1.2247888e+03   7.0419034e+03
   1.1560000e+03  -2.1883383e+04   3.0202746e+03
   1.1570000e+03  -2.0985036e+04  -5.7549264e+03
   1.1580000e+03   1.1477640e+04  -1.3620158e+04
   1.1590000e+03   1.5055517e+04  -1.2968625e+04
   1.1600000e+03  -3.3925701e+03   1.7974849e+03
   1.1610000e+03   2.3080046e+03  -2.4097892e+03
   1.1620000e+03   6.6583861e+03  -1.2106461e+04
   1.1630000e+03   4.3268047e+03   3.8563436e+03
   1.1640000e+03   1.7919421e+04   3.1962114e+02
   1.1650000e+03   1.5919988e+04  -2.3435475e+04
   1.1660000e+03  -4.8574008e+03  -9.6073662e+03
   1.1670000e+03  -3.6286679e+03   1.1168184e+04
   1.1680000e+03   4.8280867e+03  -2.8462961e+03
   1.1690000e+03  -4.1733232e+02  -2.1560037e+04
   1.1700000e+03  -3.0357042e+03  -3.2709398e+04
   1.1710000e+03  -6.2626681e+03  -2.9882439e+04
   1.1720000e+03  -4.9284506e+03  -2.6891728e+03
   1.1730000e+03   8.5941733e+03   4.4184016e+03
   1.1740000e+03   6.0221677e+03  -2.2026100e+04
   1.1750000e+03  -2.7943775e+03  -3.4869383e+04
   1.1760000e+03   4.5913907e+03  -3.0844190e+04
   1.1770000e+03  -5.0631018e+02  -1.9122012e+04
   1.1780000e+03  -5.1603408e+03   1.9165497e+03
   1.1790000e+03   1.8913976e+04  -5.3114423e+03
   1.1800000e+03   2.5080451e+04  -2.7819211e+04
   1.1810000e+03   4.3869239e+03  -7.9331207e+03
   1.1820000e+03   2.5923809e+03   1.7180252e+04
   1.1830000e+03   5.6326822e+03   2.3040735e+03
   1.1840000e+03   1.9410837e+03  -1.5437386e+04
   1.1850000e+03   9.8922060e+03  -2.0208167e+04
   1.1860000e+03   7.0739450e+03  -1.4143840e+04
   1.1870000e+03  -2.1640489e+03   4.0898434e+03
   1.1880000e+03   8.6562809e+03  -3.1727344e+03
   1.1890000e+03   1.1131001e+04  -2.1381513e+04
   1.1900000e+03   2.0930989e+03  -2.8488797e+03
   1.1910000e+03   3.6192118e+03   8.8031388e+03
   1.1920000e+03  -1.1321997e+03  -8.6125827e+03
   1.1930000e+03   9.1609540e+02  -8.9942101e+03
   1.1940000e+03   1.8502355e+04  -3.9412021e+03
   1.1950000e+03   5.4813534e+03  -5.0331605e+03
   1.1960000e+03  -1.4995171e+04   1.1660244e+04
   1.1970000e+03   8.0837894e+03   1.7439818e+04
   1.1980000e+03   2.4522983e+04   3.2330381e+03
   1.1990000e+03   7.3911932e+03   8.2667535e+03
   1.2000000e+03  -1.6319842e+03   1.3936425e+04
   1.2010000e+03  -7.4147309e+03   1.8362781e+03
   1.2020000e+03  -6.7747284e+03   5.5742536e+03
   1.2030000e+03   1.8198328e+04   1.4772558e+04
   1.2040000e+03   2.0488925e+04   1.0888545e+04
   1.2050000e+03  -4.9322070e+03   1.6642547e+04
   1.2060000e+03  -4.6643692e+03   1.7502635e+04
   1.2070000e+03   1.0639181e+04   2.2832217e+03
   1.2080000e+03   1.7214345e+04  -1.0240766e+03
   1.2090000e+03   1.4166735e+04  -1.8545504e+03
   1.2100000e+03  -1.5778114e+04   1.4426815e+03
   1.2110000e+03  -3.7381819e+04   2.8991397e+04
   1.2120000e+03  -7.5022463e+03   3.4015224e+04
   1.2130000e+03   1.7224068e+04   5.0375869e+03
   1.2140000e+03  -1.9570137e+03   1.6107894e+03
   1.2150000e+03  -2.4479085e+04   1.3528850e+04
   1.2160000e+03  -3.1099884e+04   1.2961206e+04
   1.2170000e+03  -1.5555274e+04   2.4133165e+04
   1.2180000e+03   1.2467178e+04   2.7421860e+04
   1.2190000e+03   5.5875304e+03   4.9422512e+03
   1.2200000e+03  -2.0682712e+04  -3.1301951e+03
   1.2210000e+03  -1.5946445e+04   1.7146665e+03
   1.2220000e+03  -3.3603736e+03   1.9932869e+03
   1.2230000e+03  -4.7932254e+03   1.0587648e+04
   1.2240000e+03  -4.1741527e+03   7.8104330e+03
   1.2250000e+03  -1.1256211e+04  -6.6548481e+03
   1.2260000e+03  -1.9578867e+04  -6.3537472e+02
   1.2270000e+03  -9.7956364e+03   3.9207857e+03
   1.2280000e+03  -9.9415584e+03  -3.5000891e+02
   1.2290000e+03  -1.7552656e+04   1.2651189e+04
   1.2300000e+03  -4.5359642e+03   1.1509593e+04
   1.2310000e+03  -6.7830936e+03  -8.6756460e+03
   1.2320000e+03  -2.3586518e+04  -2.1395988e+03
   1.2330000e+03  -6.1201734e+03   4.9611118e+03
   1.2340000e+03   1.3256589e+04  -1.0009897e+04
   1.2350000e+03   3.1209656e+03  -6.7817377e+03
   1.2360000e+03  -6.1487870e+03  -4.6996773e+02
   1.2370000e+03  -9.0355855e+03  -9.6937312e+03
   1.2380000e+03  -1.3939942e+03   2.8526319e+03
   1.2390000e+03   1.5164946e+04   1.3113413e+04
   1.2400000e+03   2.1164734e+03  -1.0965650e+04
   1.2410000e+03  -1.9262318e+04  -2.1122617e+04
   1.2420000e+03  -4.7478167e+03  -5.9838491e+03
   1.2430000e+03   1.0052573e+04   1.6210611e+03
   1.2440000e+03   5.1905076e+03   2.8977965e+02
   1.2450000e+03  -4.0904343e+02  -1.4670151e+04
   1.2460000e+03  -1.4301564e+04  -2.6828959e+04
   1.2470000e+03  -1.3076968e+04  -7.6950847e+03
   1.2480000e+03   1.6053705e+04   1.9286934e+03
   1.2490000e+03   1.7559376e+04  -1.6856560e+04
   1.2500000e+03  -6.2314236e+03  -1.8324850e+04
   1.2510000e+03  -5.8883245e+03  -1.0156620e+04
   1.2520000e+03   3.6672709e+03  -1.1949810e+04
   1.2530000e+03   7.8329349e+03  -4.1270040e+03
   1.2540000e+03   1.4085641e+04  -4.2710459e+03
   1.2550000e+03   6.3668710e+03  -1.7289441e+04
   1.2560000e+03   5.1461306e+03  -9.1995754e+03
   1.2570000e+03   2.7219857e+04   5.4062164e+02
   1.2580000e+03   1.8875861e+04  -4.9268858e+03
   1.2590000e+03  -8.6503221e+03   3.5106581e+03
   1.2600000e+03   8.1623318e+03   8.4559059e+03
   1.2610000e+03   2.8929594e+04  -6.5701676e+03
   1.2620000e+03   1.7662725e+04  -5.1371887e+03
   1.2630000e+03   1.2848713e+04   9.0334238e+03
   1.2640000e+03   1.2161476e+04   1.3469361e+04
   1.2650000e+03   9.6392212e+03   1.0738272e+04
   1.2660000e+03   1.3808428e+04  -1.0924941e+04
   1.2670000e+03  -6.2351301e+02  -2.1576913e+04
   1.2680000e+03  -1.0555493e+04   1.1522630e+04
   1.2690000e+03   1.4661383e+04   2.1684646e+04
   1.2700000e+03   2.1467057e+04  -1.3383740e+04
   1.2710000e+03  -1.2262735e+03  -2.4296634e+04
   1.2720000e+03  -3.9809953e+03  -1.2946196e+04
   1.2730000e+03   3.6504733e+03  -6.5942470e+03
   1.2740000e+03   9.1015514e+03   9.9499641e+03
   1.2750000e+03   1.7326382e+04   1.0740067e+04
   1.2760000e+03   1.7593629e+03  -1.3257113e+04
   1.2770000e+03  -1.2164953e+04  -1.6209045e+04
   1.2780000e+03   1.0932032e+04  -3.1508503e+03
   1.2790000e+03   1.9439165e+04   8.1302610e+03
   1.2800000e+03  -8.6124330e+02   2.3977647e+04
   1.2810000e+03  -8.3067801e+03   1.0757672e+04
   1.2820000e+03  -1.1785080e+04  -2.2407933e+04
   1.2830000e+03  -1.2338155e+04  -1.4471491e+04
   1.2840000e+03   2.1605337e+03   8.1576395e+03
   1.2850000e+03  -1.6829733e+03   2.8897537e+03
   1.2860000e+03  -1.9833550e+04  -2.1080581e+03
   1.2870000e+03  -1.6584851e+04  -3.8576089e+02
   1.2880000e+03  -1.1785253e+04   5.3851581e+02
   1.2890000e+03  -1.2895071e+04   1.0965177e+04
   1.2900000e+03  -2.8881542e+03   8.9707797e+03
   1.2910000e+03  -3.7873297e+03  -4.3218973e+03
   1.2920000e+03  -9.0655960e+03   8.1777538e+03
   1.2930000e+03   4.0783091e+03   2.3058614e+04
   1.2940000e+03   7.0834401e+03   1.2724769e+04
   1.2950000e+03  -3.9422000e+01   7.2812194e+03
   1.2960000e+03   7.1638735e+02   8.1780865e+03
   1.2970000e+03  -9.2446199e+03   1.9756281e+03
   1.2980000e+03  -1.0059024e+04   4.4623690e+03
   1.2990000e+03   1.0015985e+04   6.8363306e+03
   1.3000000e+03   5.2334259e+02   4.5905873e+03
   1.3010000e+03  -2.5722113e+04   1.1079285e+04
   1.3020000e+03  -2.2022006e+04   2.0410679e+03
   1.3030000e+03  -1.7363298e+04  -1.7952183e+04
   1.3040000e+03  -1.8462583e+04  -5.8080288e+03
   1.3050000e+03  -1.0973740e+03   1.8150240e+04
   1.3060000e+03  -1.6888493e+03   2.2449595e+04
   1.3070000e+03  -2.0405074e+04   1.5452489e+04
   1.3080000e+03  -1.0257887e+04  -7.0372023e+03
   1.3090000e+03   3.9242052e+03  -1.6830065e+04
   1.3100000e+03  -3.4190245e+02   1.8118732e+04
   1.3110000e+03   1.9429887e+03   3.8217144e+04
   1.3120000e+03   5.8998746e+02   1.5326458e+04
   1.3130000e+03  -3.6617711e+03   1.5684244e+03
   1.3140000e+03   8.9183425e+03  -3.3752423e+03
   1.3150000e+03   9.9273194e+03  -4.1078480e+03
   1.3160000e+03  -3.7322447e+03   2.1313008e+04
   1.3170000e+03  -4.8167020e+03   2.3616762e+04
   1.3180000e+03  -1.2449452e+04  -1.7189531e+04
   1.3190000e+03  -1.8365241e+04  -3.1042767e+04
   1.3200000e+03   5.5420577e+03  -7.9558285e+03
   1.3210000e+03   1.8788962e+04   1.2718678e+04
   1.3220000e+03   3.2045158e+03   2.1643684e+04
   1.3230000e+03  -1.1201362e+04   3.3313369e+02
   1.3240000e+03  -2.1243152e+04  -2.9108387e+04
   1.3250000e+03  -8.4221252e+03  -1.2310388e+04
   1.3260000e+03   2.6599036e+04   1.2097151e+04
   1.3270000e+03   2.0159717e+04   5.2869142e+03
   1.3280000e+03  -1.7058286e+04   7.3345691e+03
   1.3290000e+03  -1.4042220e+04   6.5204423e+03
   1.3300000e+03   1.1283236e+04  -1.7673035e+04
   1.3310000e+03   2.0515947e+04  -1.9210234e+04
   1.3320000e+03   2.2947633e+04  -2.7260615e+03
   1.3330000e+03   1.3669970e+04   1.0772294e+03
   1.3340000e+03   5.5984532e+03   3.8310054e+03
   1.3350000e+03   1.2813366e+04  -1.0913880e+04
   1.3360000e+03  -1.4867258e+03  -3.4644719e+04
   1.3370000e+03  -1.8450060e+04  -1.7445383e+04
   1.3380000e+03   4.9376108e+03   4.6782265e+03
   1.3390000e+03   1.9199169e+04  -8.2183170e+03
   1.3400000e+03   2.5454141e+03  -1.4857040e+04
   1.3410000e+03  -3.5948330e+03  -1.5216885e+04
   1.3420000e+03  -3.1086925e+03  -2.4322024e+04
   1.3430000e+03   3.0957095e+02  -1.2715168e+04
   1.3440000e+03   1.4543641e+04   1.3219627e+03
   1.3450000e+03   1.1547077e+04  -3.6194242e+03
   1.3460000e+03   3.9831487e+02  -1.6645364e+03
   1.3470000e+03   1.1086012e+04  -4.8369757e+03
   1.3480000e+03   1.5896638e+04  -1.6743155e+04
   1.3490000e+03   6.1260743e+03  -5.9638349e+03
   1.3500000e+03   6.9190220e+03   2.1332198e+03
   1.3510000e+03   4.5121742e+03  -7.4303383e+03
   1.3520000e+03   1.1078783e+02  -4.3117591e+02
   1.3530000e+03   9.4495765e+03   4.0746471e+03
   1.3540000e+03   5.7576544e+03  -8.7148730e+03
   1.3550000e+03  -3.4123157e+03  -6.3674237e+03
   1.3560000e+03   1.1671240e+04  -6.4340260e+03
   1.3570000e+03   1.7247598e+04  -1.7053866e+04
   1.3580000e+03  -2.1881595e+03  -1.1592030e+03
   1.3590000e+03  -1.1597437e+04   1.0701920e+04
   1.3600000e+03  -4.5160546e+03  -9.6091916e+03
   1.3610000e+03   1.2810976e+04  -1.4543444e+04
   1.3620000e+03   2.2804115e+04  -2.4111999e+03
   1.3630000e+03  -7.1716442e+03  -1.5767677e+03
   1.3640000e+03  -3.5027381e+04   4.9536534e+03
   1.3650000e+03  -8.6938429e+03   1.0000901e+04
   1.3660000e+03   1.7755528e+04   3.6623492e+03
   1.3670000e+03   8.2400198e+03   1.1396445e+04
   1.3680000e+03  -6.0756601e+03   1.5628853e+04
   1.3690000e+03  -2.3487943e+04   4.1427326e+03
   1.3700000e+03  -2.1733130e+04   1.1818933e+04
   1.3710000e+03   1.9874036e+04   2.0208832e+04
   1.3720000e+03   3.1260202e+04   7.8766371e+03
   1.3730000e+03  -8.9676244e+03   7.1888214e+03
   1.3740000e+03  -2.8250173e+04   7.1945245e+03
   1.3750000e+03  -1.2175232e+04  -1.5305768e+03
   1.3760000e+03   1.0871857e+04   1.4800907e+04
   1.3770000e+03   1.9923254e+04   2.6791815e+04
   1.3780000e+03  -9.3962810e+03   4.5980119e+03
   1.3790000e+03  -3.2587383e+04  -6.7525211e+03
   1.3800000e+03  -5.3604608e+03   3.0898556e+03
   1.3810000e+03   1.0413002e+04   1.3975718e+04
   1.3820000e+03  -1.0079744e+04   2.4465863e+04
   1.3830000e+03  -1.8507203e+04   1.0695657e+04
   1.3840000e+03  -1.7120872e+04  -1.2235455e+04
   1.3850000e+03  -1.4000801e+04   3.3482156e+03
   1.3860000e+03  -6.9119780e+02   2.3792733e+04
   1.3870000e+03  -1.4315050e+03   1.7797243e+04
   1.3880000e+03  -1.1553827e+04   1.5185911e+04
   1.3890000e+03  -9.7213295e+03   7.5468821e+03
   1.3900000e+03  -1.1864942e+04  -6.6970615e+03
   1.3910000e+03  -6.5214190e+03   7.5675881e+03
   1.3920000e+03   1.3728828e+04   2.3430944e+04
   1.3930000e+03   2.3994575e+02   1.2355792e+04
   1.3940000e+03  -3.0350890e+04   4.3986274e+03
   1.3950000e+03  -1.3135058e+04  -2.8687831e+03
   1.3960000e+03   2.2379492e+04  -1.3054414e+04
   1.3970000e+03   2.4422540e+04   3.5043446e+03
   1.3980000e+03  -8.3723382e+02   1.6590699e+04
   1.3990000e+03  -3.2401475e+04  -2.0303088e+03
   1.4000000e+03  -2.9385107e+04  -1.1777315e+04
   1.4010000e+03   9.9611683e+03  -6.4503116e+03
   1.4020000e+03   1.4310574e+04   5.8423753e+02
   1.4030000e+03  -1.5383608e+04   1.3917158e+04
   1.4040000e+03  -1.7348788e+04   2.4068165e+03
   1.4050000e+03  -6.5877341e+03  -2.5145936e+04
   1.4060000e+03  -2.1370069e+03  -1.4617092e+04
   1.4070000e+03   9.4141912e+03   6.8217506e+03
   1.4080000e+03   3.2523524e+03   1.1394425e+03
   1.4090000e+03  -7.3318216e+03  -5.3586957e+03
   1.4100000e+03   1.4790983e+04  -1.0436199e+04
   1.4110000e+03   2.6183332e+04  -1.3788960e+04
   1.4120000e+03   8.2669268e+03   2.7285007e+03
   1.4130000e+03   2.2373590e+03   1.5959033e+02
   1.4140000e+03   2.8435701e+03  -2.7588792e+04
   1.4150000e+03   4.2367189e+03  -2.2124248e+04
   1.4160000e+03   1.7204572e+04  -6.2834271e+03
   1.4170000e+03   1.3972575e+04  -1.5217106e+04
   1.4180000e+03  -3.6873097e+03  -1.2756154e+04
   1.4190000e+03  -5.9755981e+03  -1.1636005e+04
   1.4200000e+03  -5.7321956e+03  -2.7747280e+04
   1.4210000e+03  -1.4636149e+03  -1.7411418e+04
   1.4220000e+03   1.4708260e+04  -3.9521091e+02
   1.4230000e+03   7.8407381e+03  -1.3634021e+04
   1.4240000e+03  -5.8802793e+03  -1.9645020e+04
   1.4250000e+03   1.2522959e+04  -9.7648352e+03
   1.4260000e+03   2.0961860e+04  -5.5555293e+03
   1.4270000e+03   3.6356896e+03   2.5469914e+03
   1.4280000e+03   4.2887627e+03  -2.1510379e+03
   1.4290000e+03   1.9539354e+04  -2.1830716e+04
   1.4300000e+03   3.0380049e+04  -1.2670043e+04
   1.4310000e+03   2.8874279e+04   4.1059324e+03
   1.4320000e+03   5.2319968e+02  -7.4355606e+03
   1.4330000e+03  -1.6819362e+04  -1.4652437e+04
   1.4340000e+03   1.0822373e+04  -9.4732771e+03
   1.4350000e+03   2.9567070e+04  -8.5561408e+02
   1.4360000e+03   1.4664961e+04   1.9678938e+04
   1.4370000e+03   2.1505299e+03   1.5500760e+04
   1.4380000e+03  -1.1949851e+04  -1.6768101e+04
   1.4390000e+03  -1.8991316e+04  -1.2356635e+04
   1.4400000e+03   3.6236720e+03   2.0468887e+04
   1.4410000e+03   1.2436857e+04   2.8558889e+04
   1.4420000e+03  -3.2475890e+03   1.3318682e+04
   1.4430000e+03  -4.9754032e+03  -1.4845274e+04
   1.4440000e+03  -2.3375718e+03  -2.6319032e+04
   1.4450000e+03   4.2744777e+03   1.0168096e+04
   1.4460000e+03   2.1086616e+04   3.7631163e+04
   1.4470000e+03   1.2249777e+04   1.8895779e+04
   1.4480000e+03  -6.0409237e+03   3.6128373e+03
   1.4490000e+03   3.2224326e+03   9.9075552e+02
   1.4500000e+03   4.6566698e+03   5.8592385e+02
   1.4510000e+03  -7.9920596e+03   1.6305153e+04
   1.4520000e+03  -3.1167578e+03   2.1901419e+04
   1.4530000e+03  -5.2673504e+03   1.0379378e+04
   1.4540000e+03  -1.7531291e+04   1.0793552e+04
   1.4550000e+03  -1.5042270e+04   5.1295960e+03
   1.4560000e+03  -1.8722807e+04  -7.0168237e+03
   1.4570000e+03  -2.0340152e+04   6.5743579e+03
   1.4580000e+03  -6.2964008e+03   1.5904939e+04
   1.4590000e+03  -1.3189925e+04   4.3560236e+03
   1.4600000e+03  -2.4124732e+04   9.5019776e+03
   1.4610000e+03  -9.4008810e+03   1.9066564e+04
   1.4620000e+03  -5.0125296e+03   1.9325698e+04
   1.4630000e+03  -1.1764375e+04   2.7927068e+04
   1.4640000e+03  -5.3650304e+03   1.6633165e+04
   1.4650000e+03  -8.4986184e+03  -5.6319919e+03
   1.4660000e+03  -1.6748213e+04   1.0769316e+04
   1.4670000e+03  -4.7582520e+03   2.2409529e+04
   1.4680000e+03   7.4322036e+02  -2.9391732e+03
   1.4690000e+03  -6.3148518e+03  -1.1154138e+04
   1.4700000e+03  -4.3303954e+03  -1.1553537e+03
   1.4710000e+03  -1.5590269e+04  -1.3617770e+03
   1.4720000e+03  -2.5835909e+04   8.1542412e+02
   1.4730000e+03  -7.2126394e+01  -3.8768786e+03
   1.4740000e+03   1.0769646e+04  -1.2381193e+04
   1.4750000e+03  -1.4748504e+04   2.9074072e+02
   1.4760000e+03  -2.2019949e+04   4.3400506e+03
   1.4770000e+03  -6.0550192e+03  -6.8887929e+03
   1.4780000e+03   6.6582095e+03   1.8998274e+03
   1.4790000e+03   4.0927789e+03   4.7043413e+03
   1.4800000e+03  -1.7531253e+04  -7.8083830e+03
   1.4810000e+03  -2.0886234e+04   5.4226893e+02
   1.4820000e+03   6.6126498e+03   1.4903140e+03
   1.4830000e+03   1.2111070e+04  -1.7994219e+04
   1.4840000e+03  -2.8951938e+03  -1.2964909e+04
   1.4850000e+03  -7.3903820e+01  -1.2729679e+03
   1.4860000e+03   5.8826910e+02  -7.0442484e+03
   1.4870000e+03  -9.0506472e+02  -3.0544569e+03
   1.4880000e+03   1.5894861e+04  -4.5082988e+03
   1.4890000e+03   1.8686248e+04  -1.9430953e+04
   1.4900000e+03   5.4440354e+03  -1.2208076e+04
   1.4910000e+03   6.0771668e+03  -1.3284978e+03
   1.4920000e+03   5.7936545e+03  -4.7330280e+03
   1.4930000e+03   6.3879969e+03  -6.8374864e+02
   1.4940000e+03   1.7663412e+04  -6.8457718e+03
   1.4950000e+03   9.8600156e+03  -1.7549611e+04
   1.4960000e+03   6.3170697e+02   1.7995481e+03
   1.4970000e+03   1.8441858e+04   1.3490601e+04
   1.4980000e+03   1.8088196e+04  -3.7938868e+03
   1.4990000e+03  -1.6906137e+03  -8.7317197e+03
   1.5000000e+03   4.3661919e+03  -5.8766160e+03
   1.5010000e+03   1.5545772e+04  -9.4422533e+03
   1.5020000e+03   2.0212073e+04  -4.1318435e+03
   1.5030000e+03   2.9513140e+04  -8.2901312e+03
   1.5040000e+03   1.6923467e+04  -1.8919545e+04
   1.5050000e+03   4.6409593e+02  -5.0933659e+03
   1.5060000e+03   9.9761300e+03   3.9509477e+02
   1.5070000e+03   1.0003161e+04  -1.4989863e+04
   1.5080000e+03   3.2805857e+03  -7.2017614e+03
   1.5090000e+03   1.7189737e+04   5.0009148e+03
   1.5100000e+03   1.9051028e+04  -3.9111687e+03
   1.5110000e+03   5.4343386e+03  -6.1328264e+03
   1.5120000e+03   3.6682300e+03  -6.2898068e+03
   1.5130000e+03  -2.7353277e+03  -6.3735389e+03
   1.5140000e+03  -3.1646530e+03   9.6038949e+03
   1.5150000e+03   1.9640102e+04   4.4590367e+03
   1.5160000e+03   2.0508110e+04  -2.0302041e+04
   1.5170000e+03  -1.0558634e+03  -1.0264294e+04
   1.5180000e+03  -6.3201469e+03   4.9150354e+03
   1.5190000e+03  -1.3104876e+04  -7.8779283e+03
   1.5200000e+03  -1.9087372e+04  -7.9143968e+03
   1.5210000e+03  -4.8489425e+03   1.7608440e+03
   1.5220000e+03  -4.6442476e+03   3.2453080e+03
   1.5230000e+03  -1.5667731e+04   1.3640065e+04
   1.5240000e+03  -4.3042970e+03   1.1011919e+04
   1.5250000e+03  -1.8346883e+03  -4.6521105e+03
   1.5260000e+03  -1.8557341e+04   5.6559554e+03
   1.5270000e+03  -1.5588109e+04   1.5236052e+04
   1.5280000e+03  -5.5741847e+03   5.5964741e+03
   1.5290000e+03  -3.1522342e+03   1.0831623e+04
   1.5300000e+03   6.9687698e+03   1.1070231e+04
   1.5310000e+03   4.3361912e+03  -8.9657096e+03
   1.5320000e+03  -8.2171804e+03  -5.3218438e+03
   1.5330000e+03  -4.4305608e+03   1.1460077e+04
   1.5340000e+03  -8.1182155e+03   9.1733961e+03
   1.5350000e+03  -1.6767117e+04   5.2544517e+03
   1.5360000e+03  -5.2114222e+03  -3.7155747e+03
   1.5370000e+03  -1.4868395e+03  -9.0389318e+03
   1.5380000e+03  -7.7973461e+03   1.6238441e+04
   1.5390000e+03  -2.6590618e+03   2.3152711e+04
   1.5400000e+03  -1.1106497e+04  -2.5155847e+03
   1.5410000e+03  -2.3315016e+04   7.4760989e+03
   1.5420000e+03  -4.5480550e+03   3.3712069e+04
   1.5430000e+03   9.1372960e+03   1.9937309e+04
   1.5440000e+03  -4.5076687e+03  -1.3277280e+02
   1.5450000e+03  -1.5883180e+04   2.0833732e+02
   1.5460000e+03  -2.2951546e+04   6.3053240e+03
   1.5470000e+03  -1.6285112e+04   1.6302035e+04
   1.5480000e+03   7.6421426e+03   1.4347695e+04
   1.5490000e+03   1.5456563e+03  -6.0130051e+02
   1.5500000e+03  -2.2992884e+04  -2.9428546e+02
   1.5510000e+03  -1.6964893e+04   4.1320620e+03
   1.5520000e+03  -6.5122052e+03   5.4307837e+03
   1.5530000e+03  -2.9182733e+03   1.4469493e+04
   1.5540000e+03   1.6577575e+04   6.3347554e+02
   1.5550000e+03   2.0346063e+04  -1.7819427e+04
   1.5560000e+03   1.7589971e+03   8.2826267e+03
   1.5570000e+03  -1.2443174e+03   2.3254664e+04
   1.5580000e+03   4.1294297e+02  -6.3237272e+03
   1.5590000e+03   1.1313939e+03  -1.5221478e+04
   1.5600000e+03   1.4645828e+04   9.9492038e+02
   1.5610000e+03   9.4361772e+03   4.6673494e+03
   1.5620000e+03  -9.7547140e+03   5.8181204e+03
   1.5630000e+03  -4.5664581e+03   3.6511433e+03
   1.5640000e+03  -3.1536681e+03  -5.9024748e+03
   1.5650000e+03  -1.6176673e+04  -8.7694159e+03
   1.5660000e+03  -7.9688042e+03  -1.3887340e+04
   1.5670000e+03   5.1560356e+03  -8.6202906e+03
   1.5680000e+03   5.8164283e+03   1.9990036e+04
   1.5690000e+03   6.2938602e+03   1.5332439e+04
   1.5700000e+03  -3.4192703e+03  -2.4763068e+04
   1.5710000e+03  -3.3708984e+03  -2.5144292e+04
   1.5720000e+03   2.3058965e+04   1.1918730e+03
   1.5730000e+03   2.3634065e+04   6.6133278e+03
   1.5740000e+03   1.0916460e+03   4.6043424e+03
   1.5750000e+03   6.0510998e+03  -9.7912742e+03
   1.5760000e+03   1.3957809e+04  -2.9013590e+04
   1.5770000e+03   7.5005864e+03  -1.1391987e+04
   1.5780000e+03   4.8218023e+03   9.7302270e+03
   1.5790000e+03  -4.9008409e+03  -4.4853531e+03
   1.5800000e+03  -2.5487732e+03  -1.7902419e+04
   1.5810000e+03   2.1974150e+04  -2.0799272e+04
   1.5820000e+03   1.4368684e+04  -1.7895182e+04
   1.5830000e+03  -1.2995290e+04   3.3452028e+03
   1.5840000e+03   1.2438563e+03   6.3321017e+03
   1.5850000e+03   2.6808327e+04  -1.7305479e+04
   1.5860000e+03   2.2672557e+04  -1.8112177e+04
   1.5870000e+03   8.7462997e+03  -8.1487676e+03
   1.5880000e+03  -5.0448151e+03  -1.1676752e+04
   1.5890000e+03  -2.4397307e+03  -6.8411464e+03
   1.5900000e+03   2.1953692e+04  -6.0390116e+03
   1.5910000e+03   1.7667781e+04  -1.4302464e+04
   1.5920000e+03  -1.1167952e+04  -4.7774341e+03
   1.5930000e+03  -1.2644738e+04  -4.5493424e+03
   1.5940000e+03  -1.3443090e+03  -2.1411287e+04
   1.5950000e+03   6.5067243e+03  -1.1137960e+04
   1.5960000e+03   1.6317076e+04   2.4128820e+03
   1.5970000e+03   3.0701112e+03  -7.7692420e+03
   1.5980000e+03  -1.7209519e+04  -7.4937804e+03
   1.5990000e+03  -5.7083619e+03  -4.2650732e+03
   1.6000000e+03   9.5705673e+03  -8.5052198e+03
   1.6010000e+03   1.0123980e+04   4.9734930e+03
   1.6020000e+03   1.1675222e+04   1.3177210e+04
   1.6030000e+03  -2.9311705e+03   3.7700648e+03
   1.6040000e+03  -1.8809800e+04   7.9267187e+03
   1.6050000e+03  -2.8897515e+03   9.6358975e+03
   1.6060000e+03   5.3754040e+03   1.6311909e+03
   1.6070000e+03  -7.6363273e+03   1.2231265e+04
   1.6080000e+03  -8.8643115e+03   1.3580217e+04
   1.6090000e+03  -1.0589734e+04   6.0881790e+01
   1.6100000e+03  -9.8851819e+03   1.3371624e+04
   1.6110000e+03   4.1196939e+03   1.6249435e+04
   1.6120000e+03  -2.3382812e+03  -1.0345441e+04
   1.6130000e+03  -1.3692239e+04  -6.5617860e+03
   1.6140000e+03   1.9187610e+03   1.1095255e+04
   1.6150000e+03   7.7197067e+03   5.0010182e+03
   1.6160000e+03  -6.3178113e+02   7.3538528e+03
   1.6170000e+03   4.4684939e+03   1.7820427e+04
   1.6180000e+03  -1.8251603e+03   1.8104031e+04
   1.6190000e+03  -1.4724222e+04   2.0615781e+04
   1.6200000e+03  -5.1598885e+03   1.7138488e+04
   1.6210000e+03  -4.0747381e+03   1.1180518e+04
   1.6220000e+03  -1.4314173e+04   2.3540826e+04
   1.6230000e+03  -1.1003058e+04   2.7535515e+04
   1.6240000e+03  -1.8249810e+04   1.0288995e+04
   1.6250000e+03  -2.2325120e+04   3.9866031e+03
   1.6260000e+03   2.4946363e+03   4.2319110e+03
   1.6270000e+03   7.4179135e+03   2.7868327e+03
   1.6280000e+03  -1.3325558e+04   1.2363021e+04
   1.6290000e+03  -1.3324344e+04   7.1642566e+03
   1.6300000e+03  -8.1494418e+03  -1.1091846e+04
   1.6310000e+03  -9.2740379e+03  -3.1625948e+03
   1.6320000e+03   4.9341246e+03   7.3895753e+03
   1.6330000e+03   9.8122547e+03   2.0556842e+03
   1.6340000e+03  -3.5524119e+03   7.7668421e+03
   1.6350000e+03  -4.5248323e+03   6.5977343e+03
   1.6360000e+03  -6.9759468e+03  -7.0539835e+03
   1.6370000e+03  -1.4165044e+04   4.5909725e+03
   1.6380000e+03  -2.4358718e+01   1.6607864e+04
   1.6390000e+03   9.1438083e+03   2.6310786e+03
   1.6400000e+03  -3.5646089e+02  -1.1242263e+03
   1.6410000e+03  -4.4026717e+03  -1.6083187e+03
   1.6420000e+03  -1.2369491e+04  -1.3298122e+04
   1.6430000e+03  -1.5003926e+04  -2.9748556e+03
   1.6440000e+03   3.9951197e+03   1.0885343e+04
   1.6450000e+03   6.3104687e+03   2.0299744e+03
   1.6460000e+03  -7.0687676e+03  -1.5741253e+03
   1.6470000e+03  -2.2672502e+03  -5.1845913e+03
   1.6480000e+03   2.4615585e+03  -1.3200320e+04
   1.6490000e+03   6.2144441e+03   9.8469345e+02
   1.6500000e+03   1.7748743e+04   5.7963077e+03
   1.6510000e+03   6.3883570e+03  -1.7999161e+04
   1.6520000e+03  -8.2174865e+03  -2.1571976e+04
   1.6530000e+03   9.2201171e+03  -1.1063186e+04
   1.6540000e+03   2.0207747e+04  -1.7419573e+04
   1.6550000e+03   5.5338433e+03  -1.4677410e+04
   1.6560000e+03  -4.8517225e+03  -6.9551131e+03
   1.6570000e+03  -5.8972159e+03  -1.4059558e+04
   1.6580000e+03   5.4206905e+03  -1.3794618e+04
   1.6590000e+03   2.5979996e+04  -9.7806245e+03
   1.6600000e+03   1.5800750e+04  -1.0654828e+04
   1.6610000e+03  -1.2702643e+04  -4.4995121e+03
   1.6620000e+03  -7.4740826e+03  -1.0196854e+04
   1.6630000e+03   1.0200763e+04  -2.1386204e+04
   1.6640000e+03   1.7519921e+04  -8.0200232e+03
   1.6650000e+03   2.6086862e+04  -3.7726956e+03
   1.6660000e+03   1.4158219e+04  -2.5722951e+04
   1.6670000e+03   2.3846120e+01  -2.8072714e+04
   1.6680000e+03   1.6910103e+04  -1.4457210e+04
   1.6690000e+03   1.9342527e+04  -1.2013567e+04
   1.6700000e+03  -1.1462528e+03  -6.1434377e+03
   1.6710000e+03  -8.5316381e+02  -7.1747571e+03
   1.6720000e+03   7.9917086e+03  -1.7247339e+04
   1.6730000e+03   1.1572087e+04  -3.3419571e+03
   1.6740000e+03   1.4068667e+04   7.8241750e+03
   1.6750000e+03  -2.7009936e+03  -3.9514380e+03
   1.6760000e+03  -1.4602669e+04   2.2139908e+03
   1.6770000e+03   6.9933451e+03   1.6528108e+04
   1.6780000e+03   1.5051741e+04   1.4078822e+04
   1.6790000e+03  -1.6086834e+02   9.8699554e+03
   1.6800000e+03   3.4811236e+03  -2.5639458e+03
   1.6810000e+03   7.8093349e+03  -8.0607146e+03
   1.6820000e+03   3.8958784e+03   1.8885083e+04
   1.6830000e+03   1.1328048e+04   2.5961606e+04
   1.6840000e+03   2.7672615e+03  -5.3927770e+03
   1.6850000e+03  -1.5998128e+04  -1.0079744e+04
   1.6860000e+03  -1.0973040e+04   1.1545327e+04
   1.6870000e+03  -3.6679265e+03   1.6769147e+04
   1.6880000e+03   2.8855088e+03   1.1568669e+04
   1.6890000e+03   1.3971667e+04   1.2997030e+03
   1.6900000e+03  -1.1268418e+04  -1.4554589e+03
   1.6910000e+03  -4.2966524e+04   1.6405398e+04
   1.6920000e+03  -1.8202763e+04   1.6628088e+04
   1.6930000e+03   1.2201278e+04  -1.9767545e+03
   1.6940000e+03   6.7884256e+03   5.1761076e+03
   1.6950000e+03  -4.3068122e+02   1.8822077e+04
   1.6960000e+03  -1.4529334e+04   1.6638304e+04
   1.6970000e+03  -2.3429614e+04   2.0755246e+04
   1.6980000e+03   2.9073982e+03   1.6290060e+04
   1.6990000e+03   1.3972174e+04  -3.3101481e+02
   1.7000000e+03  -1.1322687e+04   8.3812271e+03
   1.7010000e+03  -2.6213339e+04   1.9322265e+04
   1.7020000e+03  -2.0217090e+04   7.9530724e+03
   1.7030000e+03   1.6888875e+03   1.1171506e+04
   1.7040000e+03   1.5434108e+04   1.7595816e+04
   1.7050000e+03  -1.9698177e+04   1.1966957e+03
   1.7060000e+03  -4.8687798e+04  -7.8602680e+03
   1.7070000e+03  -9.5966901e+03  -6.4635197e+03
   1.7080000e+03   2.0743932e+04  -1.9724705e+03
   1.7090000e+03  -5.6779324e+03   1.5677078e+04
   1.7100000e+03  -2.2359059e+04   1.2903570e+04
   1.7110000e+03  -1.3846062e+04  -1.3574614e+04
   1.7120000e+03  -3.5794115e+03  -1.2596965e+04
   1.7130000e+03   6.1682767e+03   2.1369445e+03
   1.7140000e+03  -6.3928361e+03   2.3103153e+03
   1.7150000e+03  -1.6865443e+04   7.9558828e+03
   1.7160000e+03   9.9791766e+03   4.3728896e+03
   1.7170000e+03   2.3122443e+04  -8.0351532e+03
   1.7180000e+03   1.8150536e+03   1.1167133e+04
   1.7190000e+03  -1.4351809e+04   2.2827635e+04
   1.7200000e+03  -1.9939856e+04  -6.3327882e+03
   1.7210000e+03  -5.6970085e+03  -1.8842350e+04
   1.7220000e+03   2.0984436e+04  -4.2563498e+03
   1.7230000e+03   3.2274984e+03   7.2464451e+03
   1.7240000e+03  -3.3271765e+04   1.4852014e+04
   1.7250000e+03  -1.7596698e+04  -2.4019066e+03
   1.7260000e+03   1.1966788e+04  -3.1134984e+04
   1.7270000e+03   1.0670202e+04  -1.9903150e+04
   1.7280000e+03   4.7211248e+03   3.0641348e+03
   1.7290000e+03   1.6017669e+03   2.0404792e+03
   1.7300000e+03   6.5426570e+03   1.9160440e+02
   1.7310000e+03   2.1072605e+04  -1.2197445e+04
   1.7320000e+03   1.2351161e+04  -3.2197838e+04
   1.7330000e+03  -1.1545321e+03  -1.5999622e+04
   1.7340000e+03   1.4109650e+04   9.4731800e+03
   1.7350000e+03   2.0563623e+04   4.4143337e+03
   1.7360000e+03   8.9092689e+03  -6.2825104e+03
   1.7370000e+03   9.2041471e+03  -1.3269248e+04
   1.7380000e+03   4.4075460e+03  -1.4916561e+04
   1.7390000e+03  -2.9642534e+03   2.3453415e+03
   1.7400000e+03   9.3306276e+03   8.1991612e+03
   1.7410000e+03   1.1671392e+04  -8.6837682e+03
   1.7420000e+03   5.8063573e+03  -1.1701639e+04
   1.7430000e+03   1.6925686e+04  -7.3225837e+03
   1.7440000e+03   1.3687613e+04  -7.6446740e+03
   1.7450000e+03   7.9882398e+02   2.9593712e+03
   1.7460000e+03   1.1817772e+04  -3.3091528e+03
   1.7470000e+03   1.7017749e+04  -3.0048507e+04
   1.7480000e+03   9.2990012e+03  -2.5900302e+04
   1.7490000e+03   1.5711532e+04  -1.9245193e+03
   1.7500000e+03   1.5551025e+04   6.1731016e+03
   1.7510000e+03   4.3287715e+03   2.2703342e+03
   1.7520000e+03   3.0261482e+03  -1.7129011e+04
   1.7530000e+03  -3.1742025e+03  -2.9017503e+04
   1.7540000e+03  -2.1553205e+03  -5.7803848e+03
   1.7550000e+03   1.9530292e+04   6.2397865e+03
   1.7560000e+03   9.1361542e+03  -1.0272795e+04
   1.7570000e+03  -2.2706079e+04  -5.9227380e+03
   1.7580000e+03  -9.3951990e+03   1.0253505e+04
   1.7590000e+03   1.3676449e+04   9.3306013e+03
   1.7600000e+03   2.4524549e+03   5.2697411e+03
   1.7610000e+03  -7.9001125e+03  -9.6298414e+03
   1.7620000e+03  -5.4508721e+03  -1.7970042e+04
   1.7630000e+03   7.6021875e+02   1.3217630e+04
   1.7640000e+03   7.4081184e+03   2.4428893e+04
   1.7650000e+03  -6.4209045e+03  -5.7286316e+03
   1.7660000e+03  -2.0530076e+04  -3.4403031e+03
   1.7670000e+03  -6.4388186e+03   1.8434371e+04
   1.7680000e+03  -1.6536978e+03   9.1655582e+03
   1.7690000e+03  -1.1673352e+04  -1.7328855e+03
   1.7700000e+03  -4.6975628e+03  -3.4749050e+01
   1.7710000e+03  -5.7434197e+03   4.4263475e+03
   1.7720000e+03  -1.5333069e+04   2.0752062e+04
   1.7730000e+03  -1.4089166e+03   2.4559773e+04
   1.7740000e+03   4.3435896e+03   9.0052828e+03
   1.7750000e+03  -9.3760751e+03   9.2357599e+03
   1.7760000e+03  -8.0424027e+03   8.2604075e+03
   1.7770000e+03  -6.7994016e+03  -2.9787438e+03
   1.7780000e+03  -1.2176221e+04   9.5350685e+03
   1.7790000e+03  -1.0672784e+03   1.5123386e+04
   1.7800000e+03  -1.2842142e+03  -5.1765193e+03
   1.7810000e+03  -2.0844168e+04  -2.6477426e+03
   1.7820000e+03  -1.8229841e+04   1.2150476e+04
   1.7830000e+03  -6.0792578e+03   1.0370791e+04
   1.7840000e+03  -7.1678729e+03   1.4814498e+04
   1.7850000e+03  -7.0693837e+03   1.8315345e+04
   1.7860000e+03  -1.6410458e+04   8.8405438e+03
   1.7870000e+03  -2.3724138e+04   9.4106890e+03
   1.7880000e+03  -1.9907600e+03   1.0771625e+04
   1.7890000e+03   1.0704656e+04   4.2859287e+03
   1.7900000e+03   1.4422601e+03   1.0896330e+04
   1.7910000e+03   1.7139040e+03   1.0962325e+04
   1.7920000e+03  -2.4830718e+03  -4.9483483e+03
   1.7930000e+03  -7.1316503e+03  -2.6706530e+03
   1.7940000e+03   1.2218382e+04   4.7032415e+03
   1.7950000e+03   1.7774917e+04   6.9614698e+02
   1.7960000e+03  -3.5278281e+03   3.5687892e+03
   1.7970000e+03  -1.0201774e+04  -2.4814708e+03
   1.7980000e+03  -7.1511292e+03  -8.0634809e+03
   1.7990000e+03  -3.4815172e+03   1.8362408e+04
   1.8000000e+03   1.6008543e+04   2.7682764e+04
   1.8010000e+03   2.0190228e+04  -3.2187590e+03
   1.8020000e+03  -2.5663127e+03  -1.2993280e+04
   1.8030000e+03  -1.3082209e+04   7.5526711e+02
   1.8040000e+03  -8.7680835e+03   5.7875555e+03
   1.8050000e+03   5.3879672e+03   1.3239554e+04
   1.8060000e+03   2.6893180e+04   6.6130203e+03
   1.8070000e+03   1.7514544e+04  -2.0476522e+04
   1.8080000e+03  -1.1343752e+04  -2.2343390e+04
   1.8090000e+03  -1.2554672e+04  -3.9738215e+03
   1.8100000e+03  -4.0729360e+03   2.8073933e+03
   1.8110000e+03  -5.4864901e+02   5.3751317e+02
   1.8120000e+03   1.0408431e+04  -1.4722771e+04
   1.8130000e+03   4.3008518e+03  -2.4818723e+04
   1.8140000e+03  -1.1103500e+04  -7.1772897e+03
   1.8150000e+03  -1.9282382e+03   1.4741335e+01
   1.8160000e+03   4.4618828e+03  -1.2819033e+04
   1.8170000e+03  -2.7066105e+02  -8.6118501e+03
   1.8180000e+03   8.1236584e+03  -9.2813262e+03
   1.8190000e+03   7.3155782e+03  -2.9703794e+04
   1.8200000e+03   1.1500932e+02  -2.6606728e+04
   1.8210000e+03   1.0891297e+04  -1.0948934e+04
   1.8220000e+03   1.1541532e+04  -1.0813817e+04
   1.8230000e+03   5.6035226e+03  -5.6624892e+03
   1.8240000e+03   1.6087417e+04  -8.0562234e+03
   1.8250000e+03   7.4794305e+03  -2.0858719e+04
   1.8260000e+03  -8.2980311e+03  -9.3307129e+03
   1.8270000e+03   1.4225910e+04  -3.3902202e+03
   1.8280000e+03   3.0085954e+04  -2.1511452e+04
   1.8290000e+03   1.0304943e+04  -1.5644998e+04
   1.8300000e+03  -3.6276235e+03   5.2708852e+03
   1.8310000e+03  -6.7418622e+03   6.4212944e+03
   1.8320000e+03  -2.7491235e+03  -6.6663314e+02
   1.8330000e+03   7.9727386e+03  -1.7659287e+04
   1.8340000e+03  -6.1342028e+03  -3.1203942e+04
   1.8350000e+03  -2.3826161e+04  -6.8355840e+03
   1.8360000e+03  -2.7562945e+03   1.7515974e+04
   1.8370000e+03   2.1892524e+04   8.3430260e+03
   1.8380000e+03   1.9582481e+04  -5.1444914e+02
   1.8390000e+03   5.4352162e+03  -9.5546989e+03
   1.8400000e+03  -1.4832017e+04  -1.5156090e+04
   1.8410000e+03  -1.5703924e+04   1.2250035e+04
   1.8420000e+03   1.6736630e+04   2.3997056e+04
   1.8430000e+03   2.5435875e+04  -6.7361457e+03
   1.8440000e+03  -2.2030266e+03  -1.4829655e+04
   1.8450000e+03  -9.7954953e+03   7.4253836e+03
   1.8460000e+03  -7.2146603e+02   2.0005987e+04
   1.8470000e+03   3.6700587e+03   2.3709323e+04
   1.8480000e+03   1.0731880e+04   1.3349110e+04
   1.8490000e+03  -9.7649118e+02  -4.6488097e+03
   1.8500000e+03  -1.9177020e+04   2.5652775e+03
   1.8510000e+03  -3.9537039e+03   1.6975601e+04
   1.8520000e+03   1.4933748e+04   1.6693853e+04
   1.8530000e+03   1.0119823e+04   1.8036647e+04
   1.8540000e+03  -1.4629577e+03   7.9537037e+03
   1.8550000e+03  -1.5706888e+04  -5.8338969e+03
   1.8560000e+03  -1.4958382e+04   1.1557430e+04
   1.8570000e+03   5.0471961e+03   2.3295233e+04
   1.8580000e+03   2.4913353e+03   5.7486478e+03
   1.8590000e+03  -1.1374989e+04   6.4944841e+02
   1.8600000e+03  -1.1504288e+03   6.0604155e+03
   1.8610000e+03  -5.8963273e+02   1.0076482e+04
   1.8620000e+03  -1.4842215e+04   2.5635590e+04
   1.8630000e+03  -9.1028472e+03   1.9517633e+04
   1.8640000e+03  -7.9026304e+03  -9.0103875e+03
   1.8650000e+03  -1.9176788e+04  -1.1697751e+02
   1.8660000e+03  -1.1250151e+04   2.3912928e+04
   1.8670000e+03  -2.7954999e+03   1.5534106e+04
   1.8680000e+03  -5.8196725e+03   6.4417554e+03
   1.8690000e+03  -6.1233330e+03   7.4550038e+03
   1.8700000e+03  -2.1562550e+04   7.3642648e+03
   1.8710000e+03  -3.1123103e+04   1.8856069e+04
   1.8720000e+03   9.8468198e+02   1.8102572e+04
   1.8730000e+03   2.3616035e+04  -1.3077877e+03
   1.8740000e+03   7.2966358e+03  -2.7471959e+03
   1.8750000e+03  -8.6043649e+03   2.3866628e+03
   1.8760000e+03  -1.9040575e+04   4.5324112e+02
   1.8770000e+03  -1.6810616e+04   9.4077706e+03
   1.8780000e+03   1.1594761e+04   9.1195851e+03
   1.8790000e+03   2.1755624e+04  -6.5996953e+03
   1.8800000e+03   1.9339229e+03  -3.5536338e+03
   1.8810000e+03  -1.0436257e+04   3.7768920e+03
   1.8820000e+03  -1.6587199e+04  -3.4943764e+03
   1.8830000e+03  -1.2023619e+04  -2.2957054e+03
   1.8840000e+03   8.6839659e+03  -1.8525972e+03
   1.8850000e+03   2.3165636e+03  -4.7882893e+03
   1.8860000e+03  -2.2031341e+04   7.6233267e+03
   1.8870000e+03  -1.3035365e+04  -3.1607826e+03
   1.8880000e+03   3.5997724e+03  -3.6671326e+04
   1.8890000e+03   1.8700385e+03  -2.8117704e+04
   1.8900000e+03   1.8968950e+03  -2.2478941e+03
   1.8910000e+03  -4.0199970e+03  -8.4009711e+03
   1.8920000e+03  -6.9620060e+03  -1.6452169e+04
   1.8930000e+03   1.0426050e+04  -1.5296318e+04
   1.8940000e+03   1.3786448e+04  -1.6530410e+04
   1.8950000e+03   2.6383717e+03  -1.2301834e+04
   1.8960000e+03   5.2843328e+03  -2.0913756e+04
   1.8970000e+03   5.3012704e+03  -3.1831800e+04
   1.8980000e+03   8.1799690e+03  -7.4212326e+03
   1.8990000e+03   2.3628328e+04   1.0306717e+04
   1.9000000e+03   1.1973133e+04  -1.0823431e+04
   1.9010000e+03  -9.6040851e+03  -2.4020634e+04
   1.9020000e+03   6.4025075e+03  -1.8263613e+04
   1.9030000e+03   1.8294316e+04  -8.6359700e+03
   1.9040000e+03   3.0946860e+03   4.9022960e+03
   1.9050000e+03   4.1370236e+03  -5.8214452e+03
   1.9060000e+03   1.2453349e+04  -2.9756405e+04
   1.9070000e+03   9.5662646e+03  -1.4336358e+04
   1.9080000e+03   1.3483907e+04   1.1307297e+04
   1.9090000e+03   1.3316159e+04   5.0617643e+03
   1.9100000e+03   7.7757976e+03  -4.1944011e+03
   1.9110000e+03   1.5265090e+04  -1.2210228e+04
   1.9120000e+03   1.6232330e+04  -2.0094482e+04
   1.9130000e+03   5.9204593e+03   5.7140620e+01
   1.9140000e+03   7.4328250e+03   1.6181134e+04
   1.9150000e+03   1.0572107e+04   4.0413133e+03
   1.9160000e+03   8.2526026e+03  -2.5158498e+03
   1.9170000e+03   1.1104947e+04  -9.7523022e+03
   1.9180000e+03   8.5306376e+03  -1.3616261e+04
   1.9190000e+03   5.8646058e+03   1.4098730e+04
   1.9200000e+03   9.2062933e+03   2.4584853e+04
   1.9210000e+03  -4.5912435e+03  -6.5250524e+03
   1.9220000e+03  -1.2910826e+04  -1.6558746e+04
   1.9230000e+03   7.8785569e+03   2.4720009e+03
   1.9240000e+03   1.4929187e+04   1.7647501e+04
   1.9250000e+03   2.5914986e+03   3.1523481e+04
   1.9260000e+03  -5.0291498e+03   2.3249641e+04
   1.9270000e+03  -1.8078608e+04  -7.1725307e+03
   1.9280000e+03  -1.4390812e+04  -5.7454946e+03
   1.9290000e+03   1.2720620e+04   1.7387136e+04
   1.9300000e+03   5.6926571e+03   2.6150811e+04
   1.9310000e+03  -2.2356823e+04   2.9906137e+04
   1.9320000e+03  -1.1231033e+04   1.4692436e+04
   1.9330000e+03   1.0176579e+04  -9.3339618e+03
   1.9340000e+03   7.2064093e+03   3.2228682e+03
   1.9350000e+03  -2.1642363e+03   1.9063240e+04
   1.9360000e+03  -1.8828827e+04   2.7771002e+03
   1.9370000e+03  -2.3855287e+04  -6.7969004e+03
   1.9380000e+03   3.9101557e+03  -1.2846129e+03
   1.9390000e+03   1.0967133e+04   6.9191718e+03
   1.9400000e+03  -1.8346750e+04   2.5606948e+04
   1.9410000e+03  -2.9350363e+04   2.0144850e+04
   1.9420000e+03  -2.0920708e+04  -1.2149814e+04
   1.9430000e+03  -1.3304257e+04  -9.3110869e+03
   1.9440000e+03  -3.7764324e+03   1.0097914e+04
   1.9450000e+03  -9.1782022e+03   7.9842773e+03
   1.9460000e+03  -2.0461054e+04   1.7770997e+04
   1.9470000e+03  -1.2009760e+04   2.1709723e+04
   1.9480000e+03  -7.4556663e+03  -2.4367683e+03
   1.9490000e+03  -1.3197615e+04  -2.0660027e+03
   1.9500000e+03  -8.9141750e+03   1.8621353e+04
   1.9510000e+03  -1.1910686e+04   1.6379581e+04
   1.9520000e+03  -1.7970202e+04   2.8720540e+03
   1.9530000e+03  -6.8800441e+03  -9.1983778e+03
   1.9540000e+03  -6.5723613e+03  -2.2016061e+03
   1.9550000e+03  -1.3822895e+04   3.2438667e+04
   1.9560000e+03  -1.0361895e+02   3.1406676e+04
   1.9570000e+03   3.4562396e+03  -1.9226118e+04
   1.9580000e+03  -1.0709653e+04  -3.8333938e+04
   1.9590000e+03  -7.7985918e+03  -1.1817666e+04
   1.9600000e+03  -1.9020350e+02   1.4235892e+04
   1.9610000e+03   6.0092053e+03   1.7951989e+04
   1.9620000e+03   2.2178146e+04  -1.8257520e+04
   1.9630000e+03   1.5211970e+04  -5.1911358e+04
   1.9640000e+03  -1.0781799e+04  -1.7208088e+04
   1.9650000e+03  -1.2772266e+04   2.7918717e+04
   1.9660000e+03  -1.8311372e+03   1.2163283e+04
   1.9670000e+03   1.2204020e+04  -1.8985751e+04
   1.9680000e+03   2.6233145e+04  -2.4860819e+04
   1.9690000e+03   8.6435488e+03  -1.1301816e+04
   1.9700000e+03  -1.1287950e+04   1.3499542e+04
   1.9710000e+03   6.3432516e+03   1.2719219e+04
   1.9720000e+03   1.4270918e+04  -1.0807848e+04
   1.9730000e+03  -7.9198479e+02  -8.1188077e+03
   1.9740000e+03   7.5377622e+03  -5.2720780e+02
   1.9750000e+03   2.5917582e+04  -1.0274702e+04
   1.9760000e+03   2.6929027e+04  -9.8304166e+03
   1.9770000e+03   1.8320679e+04  -1.6223235e+04
   1.9780000e+03  -3.3209971e+03  -2.8756907e+04
   1.9790000e+03  -1.5718995e+04  -9.4666805e+03
   1.9800000e+03   4.1412476e+03   3.1098624e+03
   1.9810000e+03   1.4371791e+04  -2.1342366e+04
   1.9820000e+03   6.4111904e+03  -3.0976402e+04
   1.9830000e+03   1.3265514e+04  -1.4699111e+04
   1.9840000e+03   1.3124257e+04  -1.8962401e+03
   1.9850000e+03   8.8197334e+02   4.2559900e+03
   1.9860000e+03   5.2893635e+03  -7.6001781e+03
   1.9870000e+03   5.9985386e+03  -1.9674652e+04
   1.9880000e+03  -4.9778080e+01   3.3734459e+03
   1.9890000e+03   1.2461370e+04   1.7836774e+04
   1.9900000e+03   1.5026329e+04  -9.6358652e+02
   1.9910000e+03   1.5424196e+02  -7.6776548e+03
   1.9920000e+03   6.4313070e+02  -6.3830333e+03
   1.9930000e+03  -5.5928257e+02  -5.2847470e+03
   1.9940000e+03  -6.4306564e+03   1.2645931e+04
   1.9950000e+03   8.4048833e+03   7.5933039e+03
   1.9960000e+03   1.4051341e+04  -2.5543867e+04
   1.9970000e+03   1.3721966e+03  -2.4114348e+04
   1.9980000e+03   2.2415693e+03   1.8037541e+03
   1.9990000e+03   4.9673627e+03   5.0228129e+03
   2.0000000e+03   2.8141115e+03  -1.1905593e+03
