   1.0274000e+02   2.5123000e+01
   9.3907381e+01   2.9808330e+01
   0.0000000e+00   5.6055095e+04   5.6055095e+04
   1.0000000e+00   9.0423557e+04   5.8163145e+03
   2.0000000e+00   6.2181026e+04  -2.6976609e+04
   3.0000000e+00   1.2025291e+04  -4.0562007e+04
   4.0000000e+00   1.3792619e+03  -3.7871316e+03
   5.0000000e+00  -3.9043784e+03   7.1978052e+04
   6.0000000e+00  -4.1728828e+04   7.7979038e+04
   7.0000000e+00  -4.4749259e+04  -2.9685519e+04
   8.0000000e+00   4.1337732e+04  -1.1937326e+05
   9.0000000e+00   1.1642768e+05  -6.6922142e+04
   1.0000000e+01   5.7027152e+04   4.8011414e+04
   1.1000000e+01  -7.7858076e+04   7.1063140e+04
   1.2000000e+01  -1.2846598e+05   1.7261168e+04
   1.3000000e+01  -3.8870714e+04   7.2885250e+02
   1.4000000e+01   9.7148140e+04   1.8814678e+04
   1.5000000e+01   1.2672135e+05   1.0112415e+04
   1.6000000e+01   1.6615354e+04   2.2421782e+03
   1.7000000e+01  -7.8278839e+04   2.5254659e+04
   1.8000000e+01  -3.8766216e+04   2.0786198e+04
   1.9000000e+01   3.7580217e+04  -2.5192380e+04
   2.0000000e+01   2.4149966e+04  -3.0143793e+04
   2.1000000e+01  -1.4059435e+04   1.9411866e+04
   2.2000000e+01   2.3366800e+04   3.6441618e+04
   2.3000000e+01   4.5645566e+04  -1.4978558e+04
   2.4000000e+01  -4.3397592e+04  -7.7643290e+04
   2.5000000e+01  -1.0040102e+05  -8.4054472e+04
   2.6000000e+01   3.1550451e+02  -2.3818158e+04
   2.7000000e+01   9.6194277e+04   4.2939494e+04
   2.8000000e+01   3.7075101e+04   5.2297254e+04
   2.9000000e+01  -5.1937878e+04   1.2464837e+04
   3.0000000e+01  -4.1971345e+04  -2.9978446e+04
   3.1000000e+01  -3.4168948e+03  -4.6350674e+04
   3.2000000e+01  -5.9077680e+03  -3.2134830e+04
   3.3000000e+01  -1.0010319e+04  -5.4804114e+03
   3.4000000e+01   1.1464020e+04   2.3919553e+04
   3.5000000e+01   3.7139865e+04   4.6951126e+04
   3.6000000e+01   1.7565839e+04   2.1830372e+04
   3.7000000e+01  -6.4274383e+04  -5.6140382e+04
   3.8000000e+01  -1.1036121e+05  -1.1087695e+05
   3.9000000e+01  -5.0074963e+04  -7.1031765e+04
   4.0000000e+01   4.1211649e+04   3.2277838e+04
   4.1000000e+01   6.5133030e+04   8.0623864e+04
   4.2000000e+01  -6.5181489e+03   1.8575513e+04
   4.3000000e+01  -9.9270914e+04  -6.6727588e+04
   4.4000000e+01  -9.1521142e+04  -7.5742470e+04
   4.5000000e+01   1.9473203e+04  -2.2077314e+04
   4.6000000e+01   8.2270648e+04   2.3684213e+04
   4.7000000e+01  -8.1124664e+03   2.6218676e+04
   4.8000000e+01  -1.1012712e+05  -2.5063298e+03
   4.9000000e+01  -4.5689419e+04  -1.6973622e+04
   5.0000000e+01   8.7018580e+04   3.3044542e+03
   5.1000000e+01   9.2595644e+04   1.6430806e+04
   5.2000000e+01  -2.8744805e+04  -1.1698992e+04
   5.3000000e+01  -1.1443809e+05  -4.5960960e+04
   5.4000000e+01  -5.7523473e+04  -1.8551019e+04
   5.5000000e+01   6.7018273e+04   4.9052626e+04
   5.6000000e+01   1.2381431e+05   5.1342349e+04
   5.7000000e+01   6.0456430e+04  -1.1119090e+04
   5.8000000e+01  -5.6211725e+04  -3.4138185e+04
   5.9000000e+01  -9.3487371e+04   7.6212325e+03
   6.0000000e+01  -1.9010343e+04   3.5764698e+04
   6.1000000e+01   6.8644223e+04   2.5146088e+03
   6.2000000e+01   7.1480393e+04  -2.9890224e+04
   6.3000000e+01  -1.6905331e+04  -6.3782582e+03
   6.4000000e+01  -9.2652749e+04   3.4470552e+04
   6.5000000e+01  -5.8373549e+04   4.3124035e+04
   6.6000000e+01   4.0171520e+04   1.2823606e+04
   6.7000000e+01   8.0091987e+04  -1.2792311e+04
   6.8000000e+01   2.4584660e+04  -1.3834004e+02
   6.9000000e+01  -5.3420500e+04   9.1717775e+03
   7.0000000e+01  -6.9571938e+04  -6.3473506e+02
   7.1000000e+01   5.5486085e+02   1.4653641e+04
   7.2000000e+01   8.3726991e+04   3.9076809e+04
   7.3000000e+01   7.1712246e+04   1.3981288e+04
   7.4000000e+01  -1.2758035e+04  -3.9638792e+04
   7.5000000e+01  -4.2623918e+04  -4.3416958e+04
   7.6000000e+01   6.3832287e+03   1.6921039e+04
   7.7000000e+01   4.7472696e+04   6.6778322e+04
   7.8000000e+01   3.5305611e+04   4.3199186e+04
   7.9000000e+01  -1.1228135e+04  -1.6476303e+04
   8.0000000e+01  -4.1280446e+04  -4.0765653e+04
   8.1000000e+01  -4.2504303e+03  -2.0702906e+04
   8.2000000e+01   5.2720705e+04   2.5784898e+04
   8.3000000e+01   3.2679445e+04   6.6984117e+04
   8.4000000e+01  -3.9884535e+04   4.9062151e+04
   8.5000000e+01  -4.5834372e+04  -1.2911311e+04
   8.6000000e+01   3.7135471e+04  -3.4806266e+04
   8.7000000e+01   9.1314979e+04   3.8133117e+03
   8.8000000e+01   4.8535788e+04   4.2629284e+04
   8.9000000e+01  -2.5097039e+04   4.0948019e+04
   9.0000000e+01  -5.9159625e+04   6.8450853e+03
   9.1000000e+01  -2.8994346e+04  -1.4477754e+04
   9.2000000e+01   4.3708345e+04   8.8480666e+03
   9.3000000e+01   6.8830294e+04   1.5175213e+04
   9.4000000e+01  -1.3751016e+03  -3.2604775e+04
   9.5000000e+01  -7.5564991e+04  -5.3644524e+04
   9.6000000e+01  -5.2021980e+04  -1.0179126e+04
   9.7000000e+01   3.5563182e+04   4.3208162e+04
   9.8000000e+01   8.3710607e+04   4.2984208e+04
   9.9000000e+01   3.8369193e+04  -2.9364208e+04
   1.0000000e+02  -4.9965507e+04  -8.9635037e+04
   1.0100000e+02  -6.4301036e+04  -4.8560074e+04
   1.0200000e+02   6.6638818e+03   4.2463632e+04
   1.0300000e+02   5.8702974e+04   7.0321667e+04
   1.0400000e+02   4.8168090e+04   2.1045990e+04
   1.0500000e+02   1.4511211e+03  -3.0387940e+04
   1.0600000e+02  -4.9056127e+04  -4.1010433e+04
   1.0700000e+02  -5.8605716e+04  -2.2759550e+04
   1.0800000e+02  -6.0853230e+03   5.0228921e+02
   1.0900000e+02   5.1099292e+04   1.3817164e+04
   1.1000000e+02   3.1237059e+04   1.6906810e+04
   1.1100000e+02  -4.2475087e+04   5.2743828e+03
   1.1200000e+02  -6.2503295e+04  -2.0409452e+04
   1.1300000e+02   7.4846800e+02  -4.2864056e+04
   1.1400000e+02   5.3422425e+04  -4.5815116e+04
   1.1500000e+02   1.7678377e+04  -1.9089099e+04
   1.1600000e+02  -4.6162867e+04   1.6303885e+04
   1.1700000e+02  -4.0104500e+04   2.2322718e+04
   1.1800000e+02   1.1961714e+04   6.2406049e+03
   1.1900000e+02   2.1055521e+04  -4.1918831e+03
   1.2000000e+02  -1.4333315e+04  -1.5224816e+04
   1.2100000e+02  -2.9047852e+04  -2.6954306e+04
   1.2200000e+02  -9.2729124e+03  -1.3217481e+04
   1.2300000e+02   1.8310590e+04   1.0834030e+04
   1.2400000e+02   2.5813096e+04   9.5262479e+03
   1.2500000e+02  -9.1791264e+03  -7.8370386e+03
   1.2600000e+02  -4.9703614e+04  -2.4081982e+04
   1.2700000e+02  -4.5023214e+04  -2.7657824e+04
   1.2800000e+02  -1.1826151e+04  -9.0372915e+03
   1.2900000e+02   1.4636635e+04   5.5458611e+03
   1.3000000e+02   2.5898330e+04  -5.7779659e+03
   1.3100000e+02   1.3068996e+04  -1.8813132e+04
   1.3200000e+02  -4.2467902e+04  -6.8125609e+03
   1.3300000e+02  -9.6825704e+04   2.2192345e+04
   1.3400000e+02  -6.0269389e+04   3.3311081e+04
   1.3500000e+02   3.7608805e+04   1.1681826e+03
   1.3600000e+02   7.0300957e+04  -3.8436463e+04
   1.3700000e+02   7.4253210e+03  -2.6677440e+04
   1.3800000e+02  -5.3933257e+04   1.3768199e+04
   1.3900000e+02  -3.0989411e+04   2.8102844e+04
   1.4000000e+02   3.6822244e+04   2.3610117e+04
   1.4100000e+02   5.6896391e+04   1.5037356e+04
   1.4200000e+02   1.2372610e+04  -5.5113007e+03
   1.4300000e+02  -2.6691985e+04  -2.2684201e+04
   1.4400000e+02  -9.5642920e+03  -1.1005548e+04
   1.4500000e+02   2.0540631e+04   1.1826613e+04
   1.4600000e+02   1.5085451e+04   9.1603786e+03
   1.4700000e+02  -3.0037331e+03  -7.4738795e+03
   1.4800000e+02  -3.1810140e+03  -9.9351183e+03
   1.4900000e+02   2.9523264e+03   4.5010449e+02
   1.5000000e+02  -1.6703094e+04   6.4017882e+03
   1.5100000e+02  -5.2848467e+04   3.4425725e+03
   1.5200000e+02  -4.2377939e+04   1.2822963e+04
   1.5300000e+02   2.4124536e+04   1.9326333e+04
   1.5400000e+02   6.2822937e+04  -2.8512873e+03
   1.5500000e+02   2.5382002e+04  -1.2462654e+04
   1.5600000e+02  -2.9982030e+04   1.0104566e+04
   1.5700000e+02  -2.9392376e+04   3.7653467e+04
   1.5800000e+02   2.3690284e+04   5.2808262e+04
   1.5900000e+02   6.5379920e+04   3.3116743e+04
   1.6000000e+02   6.8521398e+04  -9.1174468e+03
   1.6100000e+02   5.6156648e+04  -2.9334002e+04
   1.6200000e+02   2.5267675e+04  -1.9034986e+04
   1.6300000e+02  -1.1359789e+04   1.3613398e+04
   1.6400000e+02   2.1135761e+03   5.3792379e+04
   1.6500000e+02   5.2703082e+04   5.8095622e+04
   1.6600000e+02   5.7416572e+04   1.4008787e+04
   1.6700000e+02  -6.1203219e+03  -2.3999240e+04
   1.6800000e+02  -5.9648852e+04  -2.4750461e+04
   1.6900000e+02  -4.7087256e+04  -9.8307361e+03
   1.7000000e+02  -1.5157367e+04   9.0433955e+03
   1.7100000e+02  -1.5895974e+04   2.2934365e+04
   1.7200000e+02  -3.6943841e+04   2.5312512e+04
   1.7300000e+02  -3.6604625e+04   2.0076754e+04
   1.7400000e+02  -7.3262367e+03  -4.4922255e+03
   1.7500000e+02   1.1751371e+04  -3.6861932e+04
   1.7600000e+02   1.0797551e+04  -3.7782182e+04
   1.7700000e+02   9.7825542e+03  -6.2977468e+03
   1.7800000e+02   1.9334196e+04   2.2109665e+04
   1.7900000e+02   4.2862710e+04   2.1531957e+04
   1.8000000e+02   5.0345856e+04   2.0109445e+03
   1.8100000e+02   2.3197413e+04  -4.6779117e+03
   1.8200000e+02  -4.4976128e+02   1.1267480e+03
   1.8300000e+02   1.1532600e+04  -6.7324755e+03
   1.8400000e+02   3.7662392e+04  -1.5765963e+04
   1.8500000e+02   2.8864979e+04  -4.0039576e+03
   1.8600000e+02  -1.1666804e+04   1.0780356e+04
   1.8700000e+02  -3.1378195e+04   1.8535477e+04
   1.8800000e+02  -2.1372648e+04   1.6875136e+04
   1.8900000e+02  -1.7156843e+04  -1.0802253e+04
   1.9000000e+02  -3.5090449e+04  -3.9552449e+04
   1.9100000e+02  -4.5136078e+04  -2.3756691e+04
   1.9200000e+02  -1.7136446e+04   1.3688890e+04
   1.9300000e+02   1.6128147e+04   1.6761012e+04
   1.9400000e+02   7.1493173e+03  -8.8087038e+03
   1.9500000e+02  -2.5658016e+04  -2.8449065e+04
   1.9600000e+02  -3.4299176e+04  -3.5788324e+04
   1.9700000e+02  -1.5721126e+04  -2.8564677e+04
   1.9800000e+02   1.5679289e+04  -1.5228199e+04
   1.9900000e+02   5.1131673e+04  -8.7074226e+03
   2.0000000e+02   4.9652634e+04  -6.3436826e+03
   2.0100000e+02  -1.7882782e+03  -1.4721742e+04
   2.0200000e+02  -4.2875875e+04  -2.4373433e+04
   2.0300000e+02  -3.5737550e+04  -1.1391368e+04
   2.0400000e+02  -1.0034707e+04   1.3627204e+04
   2.0500000e+02   1.6089894e+03   2.2697322e+04
   2.0600000e+02   5.1942909e+03   3.5674915e+03
   2.0700000e+02   1.1875827e+03  -2.4900493e+04
   2.0800000e+02  -3.4194944e+04  -3.4204660e+04
   2.0900000e+02  -6.9145134e+04  -1.9653636e+04
   2.1000000e+02  -3.5130426e+04   3.5545768e+03
   2.1100000e+02   3.0735076e+04   1.0201375e+04
   2.1200000e+02   2.6709143e+04  -6.5249386e+03
   2.1300000e+02  -3.1673464e+04  -2.6214995e+04
   2.1400000e+02  -4.9145883e+04  -2.8128847e+04
   2.1500000e+02  -6.6564899e+03  -1.0804367e+04
   2.1600000e+02   4.3277398e+04   5.1179392e+03
   2.1700000e+02   4.7761903e+04   1.4707321e+04
   2.1800000e+02   2.7262848e+03   2.2951162e+04
   2.1900000e+02  -4.1720277e+04   1.4302490e+04
   2.2000000e+02  -4.8780326e+04  -8.2021303e+03
   2.2100000e+02  -2.8536984e+04  -2.1127778e+04
   2.2200000e+02  -5.6267307e+03  -7.7312500e+03
   2.2300000e+02   1.6863361e+04   3.4064067e+04
   2.2400000e+02   3.3792320e+04   6.0510474e+04
   2.2500000e+02   1.1133655e+04   2.4840903e+04
   2.2600000e+02  -3.2649764e+04  -3.5984240e+04
   2.2700000e+02  -2.0863090e+04  -4.8750518e+04
   2.2800000e+02   3.9135440e+04  -6.0492607e+02
   2.2900000e+02   5.1465038e+04   6.0265847e+04
   2.3000000e+02  -4.8372357e+03   5.9005296e+04
   2.3100000e+02  -4.0871474e+04  -1.6648842e+04
   2.3200000e+02  -8.7284991e+03  -5.6306973e+04
   2.3300000e+02   3.9170025e+04  -3.5467903e+02
   2.3400000e+02   4.0166046e+04   5.0841237e+04
   2.3500000e+02  -1.1987605e+04   2.0040787e+04
   2.3600000e+02  -5.4053714e+04  -3.3081620e+04
   2.3700000e+02  -2.9162841e+04  -2.8777859e+04
   2.3800000e+02   2.1046626e+04   2.0038224e+04
   2.3900000e+02   3.3699967e+04   4.9488861e+04
   2.4000000e+02   2.7179042e+04   3.2025604e+04
   2.4100000e+02   3.6700533e+04  -6.2208831e+02
   2.4200000e+02   4.1715618e+04   1.9625698e+03
   2.4300000e+02   1.5666423e+04   3.1465650e+04
   2.4400000e+02  -1.8802217e+04   4.3482913e+04
   2.4500000e+02  -1.5473061e+04   2.9166677e+04
   2.4600000e+02   1.9576113e+04   7.7743826e+03
   2.4700000e+02   3.2334901e+04   8.3883884e+03
   2.4800000e+02   2.5085479e+04   2.0445083e+04
   2.4900000e+02   2.8649794e+04   8.2691617e+03
   2.5000000e+02   1.6899245e+04  -8.6562765e+03
   2.5100000e+02  -1.8490548e+04  -1.2085925e+04
   2.5200000e+02  -3.0955499e+04  -2.1263877e+04
   2.5300000e+02  -7.8538312e+03  -3.1786580e+04
   2.5400000e+02   1.0004866e+04  -1.6381721e+04
   2.5500000e+02   1.3439762e+04   2.4502282e+04
   2.5600000e+02   3.2047123e+04   4.4115788e+04
   2.5700000e+02   4.3877973e+04   1.4614357e+04
   2.5800000e+02   1.8503508e+04  -2.7596326e+04
   2.5900000e+02  -1.0584135e+04  -3.1317133e+04
   2.6000000e+02  -1.3972356e+04   5.1718741e+03
   2.6100000e+02  -5.6426712e+03   3.7393627e+04
   2.6200000e+02  -1.0805445e+04   4.3651119e+04
   2.6300000e+02  -1.7008558e+04   1.4761146e+04
   2.6400000e+02   8.1209162e+03  -4.5108246e+04
   2.6500000e+02   3.6838765e+04  -6.3282401e+04
   2.6600000e+02   2.8187322e+04  -1.3782052e+04
   2.6700000e+02   2.4522460e+03   2.0111478e+04
   2.6800000e+02  -8.0039766e+03  -3.8910152e+03
   2.6900000e+02  -1.0720311e+04  -3.3561593e+04
   2.7000000e+02  -2.0092915e+04  -2.4094210e+04
   2.7100000e+02  -1.9006763e+04  -2.2499150e+03
   2.7200000e+02  -3.9358225e+03  -8.6063122e+03
   2.7300000e+02  -3.4332006e+03  -2.6911932e+04
   2.7400000e+02  -2.2465675e+04  -7.6768468e+03
   2.7500000e+02  -2.0600275e+04   3.5663577e+04
   2.7600000e+02   2.1484567e+04   1.8600766e+04
   2.7700000e+02   3.1829970e+04  -4.4672488e+04
   2.7800000e+02  -3.0269823e+04  -4.9842873e+04
   2.7900000e+02  -7.9582754e+04  -5.8419491e+03
   2.8000000e+02  -5.4871236e+04   1.2903694e+04
   2.8100000e+02   1.1700971e+04  -1.5280709e+03
   2.8200000e+02   5.5248680e+04  -1.6627473e+04
   2.8300000e+02   4.1165450e+04  -5.1875404e+03
   2.8400000e+02   1.9024469e+03   6.7654504e+03
   2.8500000e+02  -4.1115617e+04  -3.0151175e+04
   2.8600000e+02  -8.7912788e+04  -7.0194195e+04
   2.8700000e+02  -9.0604780e+04  -2.7917531e+04
   2.8800000e+02  -2.2318924e+04   4.7912713e+04
   2.8900000e+02   4.3098753e+04   4.3260403e+04
   2.9000000e+02   2.6607036e+04  -3.3034153e+04
   2.9100000e+02  -1.7666638e+04  -7.9626880e+04
   2.9200000e+02  -4.1052491e+02  -3.9856211e+04
   2.9300000e+02   2.9147605e+04   2.9321458e+04
   2.9400000e+02  -1.0113026e+04   3.7759974e+04
   2.9500000e+02  -7.1141930e+04   3.4836720e+03
   2.9600000e+02  -6.8808088e+04  -1.2568097e+04
   2.9700000e+02  -2.3352096e+04  -8.2685870e+03
   2.9800000e+02   1.4693862e+03   5.7689294e+03
   2.9900000e+02   1.3424104e+04   1.9215874e+04
   3.0000000e+02   3.0004881e+04   1.6892928e+04
   3.0100000e+02   1.8211431e+04   4.9983680e+03
   3.0200000e+02  -2.6325826e+04   1.3001942e+03
   3.0300000e+02  -4.3494604e+04   7.0048069e+03
   3.0400000e+02  -4.0363436e+03   8.4960978e+03
   3.0500000e+02   2.6705538e+04   8.5121470e+03
   3.0600000e+02   2.3279103e+03   1.7367600e+04
   3.0700000e+02  -7.5945732e+03   2.0793002e+04
   3.0800000e+02   5.1662867e+04   1.3896487e+02
   3.0900000e+02   9.5552737e+04  -1.8508987e+04
   3.1000000e+02   4.1964280e+04   1.0012281e+04
   3.1100000e+02  -3.8649144e+04   5.2511532e+04
   3.1200000e+02  -5.0902437e+04   3.8812606e+04
   3.1300000e+02  -4.7305020e+03  -5.6339503e+03
   3.1400000e+02   5.1046392e+04  -8.6843225e+03
   3.1500000e+02   8.2283721e+04   2.6710373e+04
   3.1600000e+02   6.7706441e+04   4.5312711e+04
   3.1700000e+02   1.9193329e+04   2.6328074e+04
   3.1800000e+02  -1.7482638e+04  -1.0697605e+03
   3.1900000e+02  -1.2956206e+04  -4.3976467e+03
   3.2000000e+02   9.6314918e+03   6.3045499e+03
   3.2100000e+02   1.6679278e+04  -7.7518086e+02
   3.2200000e+02   1.5358173e+04  -9.3217107e+03
   3.2300000e+02   3.1017201e+04   5.8345170e+03
   3.2400000e+02   4.1002688e+04   1.3108331e+04
   3.2500000e+02   4.9345510e+03   3.2298515e+03
   3.2600000e+02  -4.6917033e+04   6.6077805e+03
   3.2700000e+02  -6.0219970e+04   1.2280710e+04
   3.2800000e+02  -1.7596963e+04   3.2439309e+03
   3.2900000e+02   6.5813600e+04   2.9542485e+03
   3.3000000e+02   1.2619498e+05   2.1589413e+04
   3.3100000e+02   1.0583060e+05   3.3283307e+04
   3.3200000e+02   2.1135417e+04   1.8254963e+04
   3.3300000e+02  -6.0205191e+04  -1.2675361e+04
   3.3400000e+02  -7.6660752e+04  -2.9966061e+04
   3.3500000e+02  -2.8775979e+04  -1.8113771e+04
   3.3600000e+02   2.0054988e+04   2.1821902e+03
   3.3700000e+02   9.4697057e+03   3.8650650e+03
   3.3800000e+02  -4.5181808e+04  -1.2623858e+04
   3.3900000e+02  -8.6639393e+04  -3.2299622e+04
   3.4000000e+02  -1.0710313e+05  -4.3270882e+04
   3.4100000e+02  -1.1840123e+05  -3.5186632e+04
   3.4200000e+02  -1.0821477e+05  -8.5277429e+03
   3.4300000e+02  -5.6789879e+04   1.2060723e+04
   3.4400000e+02   4.2669537e+04   7.0267326e+03
   3.4500000e+02   1.3328534e+05  -6.3956268e+03
   3.4600000e+02   1.2312220e+05  -2.2074622e+03
   3.4700000e+02   1.9506111e+04   1.6694237e+04
   3.4800000e+02  -4.4541585e+04   2.6240231e+04
   3.4900000e+02   7.4650154e+03   1.3971221e+04
   3.5000000e+02   9.2033878e+04  -8.9853334e+03
   3.5100000e+02   1.1715932e+05  -1.6562974e+04
   3.5200000e+02   6.7747463e+04   4.1533763e+03
   3.5300000e+02  -1.0281646e+04   1.9756233e+04
   3.5400000e+02  -2.9453837e+04  -3.6221655e+02
   3.5500000e+02   8.8917463e+03  -2.8162378e+04
   3.5600000e+02   1.1940801e+04  -3.3047198e+04
   3.5700000e+02  -5.1642778e+04  -2.4381436e+04
   3.5800000e+02  -1.0843961e+05  -1.7041966e+04
   3.5900000e+02  -6.4527136e+04  -1.3085497e+04
   3.6000000e+02   3.8418852e+04  -1.0110472e+04
   3.6100000e+02   5.1240687e+04  -1.0158595e+04
   3.6200000e+02  -4.5808482e+04  -2.8153239e+04
   3.6300000e+02  -1.1604028e+05  -5.2056055e+04
   3.6400000e+02  -6.9662039e+04  -2.3675542e+04
   3.6500000e+02   3.1323748e+04   4.0040217e+04
   3.6600000e+02   7.4494673e+04   3.7386202e+04
   3.6700000e+02   3.2327802e+04  -2.5253936e+04
   3.6800000e+02  -3.5624219e+04  -4.0240091e+04
   3.6900000e+02  -6.5117072e+04   9.8522855e+03
   3.7000000e+02  -4.2122505e+04   4.2231150e+04
   3.7100000e+02  -1.3527578e+03   1.9052348e+04
   3.7200000e+02   6.8033643e+03  -2.0727800e+04
   3.7300000e+02  -1.8981114e+04  -4.1924400e+04
   3.7400000e+02  -2.8144254e+04  -2.3531833e+04
   3.7500000e+02  -1.1524451e+04   1.7547386e+04
   3.7600000e+02   7.8686925e+03   2.0023463e+04
   3.7700000e+02   2.9866183e+04  -1.2160227e+04
   3.7800000e+02   3.8680193e+04  -2.2436183e+04
   3.7900000e+02   1.3912111e+04   7.6751477e+03
   3.8000000e+02  -1.8372392e+04   4.3559143e+04
   3.8100000e+02  -1.4749469e+04   2.9760319e+04
   3.8200000e+02   1.6285356e+04  -1.0434754e+04
   3.8300000e+02   2.4558675e+04  -4.9995125e+03
   3.8400000e+02   7.2179088e+03   3.9475715e+04
   3.8500000e+02   3.6236557e+03   5.7934628e+04
   3.8600000e+02   1.4813559e+04   1.4434055e+04
   3.8700000e+02   1.1502762e+04  -4.3288728e+04
   3.8800000e+02  -9.2739768e+03  -4.6829123e+04
   3.8900000e+02  -2.8103807e+04  -5.0248584e+03
   3.9000000e+02  -2.9580251e+04   2.8050975e+04
   3.9100000e+02  -2.0815308e+03   1.5501768e+04
   3.9200000e+02   2.8527442e+04  -1.5556637e+04
   3.9300000e+02   1.2117665e+04  -8.3124093e+03
   3.9400000e+02  -2.6490579e+04   1.9404544e+04
   3.9500000e+02  -2.5615154e+04   1.5195048e+04
   3.9600000e+02   9.5856560e+01  -6.3936023e+03
   3.9700000e+02   7.3501813e+03   9.5751175e+02
   3.9800000e+02   9.1965742e+03   2.6294621e+04
   3.9900000e+02   2.9077214e+04   3.3156516e+04
   4.0000000e+02   4.0648334e+04   2.4131524e+04
   4.0100000e+02   2.8380362e+04   1.4925501e+03
   4.0200000e+02   2.6113870e+04  -2.6555640e+04
   4.0300000e+02   3.6490015e+04  -1.8049379e+04
   4.0400000e+02   2.5780599e+04   2.5892120e+04
   4.0500000e+02   1.9822191e+03   4.4251322e+04
   4.0600000e+02  -5.1731125e+03   1.5206612e+04
   4.0700000e+02   3.9489917e+03  -1.4785939e+04
   4.0800000e+02   9.3546292e+03  -1.2405692e+04
   4.0900000e+02  -5.6159326e+03   1.6589087e+04
   4.1000000e+02  -2.0497165e+04   4.3233670e+04
   4.1100000e+02   2.9054700e+03   2.8040499e+04
   4.1200000e+02   4.0408370e+04  -6.3771670e+03
   4.1300000e+02   3.7262549e+04  -1.1764955e+04
   4.1400000e+02  -3.8963693e+03  -1.0313802e+03
   4.1500000e+02  -2.7222810e+04   4.9629607e+03
   4.1600000e+02   5.4583807e+03   1.8557426e+02
   4.1700000e+02   4.6517149e+04  -1.2780221e+04
   4.1800000e+02   3.4851818e+04  -9.5133276e+03
   4.1900000e+02   1.9394670e+03   1.1544856e+04
   4.2000000e+02  -1.5657934e+03   1.7852744e+04
   4.2100000e+02   9.6492592e+03  -6.5295731e+03
   4.2200000e+02  -4.8534255e+03  -2.6052871e+04
   4.2300000e+02  -3.2582948e+04  -1.2552559e+04
   4.2400000e+02  -1.9731206e+04   8.5688367e+02
   4.2500000e+02   1.2791312e+04  -5.9622591e+03
   4.2600000e+02  -3.2012886e+03  -1.1218674e+04
   4.2700000e+02  -4.3327444e+04  -3.9439446e+03
   4.2800000e+02  -3.7354557e+04   2.9203441e+03
   4.2900000e+02   4.3050128e+02  -3.5987580e+03
   4.3000000e+02   8.9865551e+03  -1.0744428e+04
   4.3100000e+02  -1.1398655e+04  -8.9493656e+03
   4.3200000e+02  -2.1251888e+04  -1.0637850e+04
   4.3300000e+02  -9.9063474e+03  -1.3301189e+04
   4.3400000e+02   7.8454814e+03  -4.8675400e+03
   4.3500000e+02   1.0381411e+04   2.2821213e+03
   4.3600000e+02  -4.8555469e+03  -1.3329853e+04
   4.3700000e+02  -1.6890243e+04  -3.6731394e+04
   4.3800000e+02  -1.5398971e+04  -3.3652205e+04
   4.3900000e+02  -2.7550887e+03  -8.0410201e+03
   4.4000000e+02   9.8195678e+03   5.3331274e+03
   4.4100000e+02  -3.4934703e+02  -2.8199241e+03
   4.4200000e+02  -2.7156585e+04  -4.6571686e+03
   4.4300000e+02  -2.5408042e+04  -2.2502061e+03
   4.4400000e+02   4.0092475e+03  -1.8988986e+04
   4.4500000e+02   1.9293518e+03  -2.5952133e+04
   4.4600000e+02  -2.7217641e+04  -7.7689818e+03
   4.4700000e+02  -3.1493516e+04  -4.7177862e+02
   4.4800000e+02  -2.3247782e+04  -8.9017671e+03
   4.4900000e+02  -2.1391646e+04  -1.2561691e+04
   4.5000000e+02  -6.9459143e+03  -8.4734207e+03
   4.5100000e+02   7.3168392e+03  -2.2805662e+02
   4.5200000e+02   9.8308988e+02   1.6273282e+03
   4.5300000e+02  -1.2980634e+04  -1.1924224e+04
   4.5400000e+02  -2.1953435e+04  -1.5603276e+04
   4.5500000e+02  -9.3943947e+03   1.0982413e+04
   4.5600000e+02   2.1839151e+04   2.8116088e+04
   4.5700000e+02   2.0944665e+04   9.6762144e+03
   4.5800000e+02  -1.1144921e+04  -9.0580773e+03
   4.5900000e+02  -1.1428438e+04  -2.7572144e+03
   4.6000000e+02   1.3466831e+04   1.1244002e+04
   4.6100000e+02   8.0551520e+03   4.4166433e+03
   4.6200000e+02  -2.0947054e+04  -1.3637077e+04
   4.6300000e+02  -2.5467021e+04  -2.1047181e+03
   4.6400000e+02   2.5264021e+03   3.1625553e+04
   4.6500000e+02   2.4771510e+04   2.9792013e+04
   4.6600000e+02   1.4498613e+04  -1.5245605e+04
   4.6700000e+02  -4.4619267e+03  -3.6502303e+04
   4.6800000e+02   6.3986368e+03  -4.2820843e+03
   4.6900000e+02   2.8920456e+04   3.8751206e+04
   4.7000000e+02   2.4116453e+04   4.7563832e+04
   4.7100000e+02   6.2055156e+03   4.7284945e+03
   4.7200000e+02  -2.3116676e+02  -3.7511038e+04
   4.7300000e+02   1.0034184e+04  -1.1298133e+04
   4.7400000e+02   3.0564570e+04   4.1430148e+04
   4.7500000e+02   3.3323347e+04   4.7260373e+04
   4.7600000e+02   8.9492336e+03   1.0079419e+04
   4.7700000e+02  -1.7510147e+04  -1.7293550e+04
   4.7800000e+02  -1.7320767e+04   3.4727595e+03
   4.7900000e+02   7.7980292e+03   3.3153778e+04
   4.8000000e+02   1.7202781e+04   2.1008593e+04
   4.8100000e+02  -1.9267159e+03   6.7154083e+03
   4.8200000e+02  -1.5785415e+04   1.9951977e+04
   4.8300000e+02  -2.2500902e+03   1.0856549e+04
   4.8400000e+02   2.5335390e+04  -2.0352248e+04
   4.8500000e+02   4.0222122e+04  -1.2978940e+04
   4.8600000e+02   3.2527629e+04   2.3835045e+04
   4.8700000e+02   7.6953309e+03   3.4980617e+04
   4.8800000e+02  -4.9318740e+03   1.3348620e+04
   4.8900000e+02   1.8062439e+04  -3.5046779e+03
   4.9000000e+02   3.3217813e+04   6.0244123e+03
   4.9100000e+02   1.0705292e+04   1.3048196e+04
   4.9200000e+02  -1.1677168e+04   2.3007079e+03
   4.9300000e+02  -1.5020419e+04   3.1453018e+03
   4.9400000e+02  -1.1540944e+04   2.1060523e+04
   4.9500000e+02  -2.4686084e+03   2.7138920e+04
   4.9600000e+02   9.4712153e+03   3.4823850e+03
   4.9700000e+02   9.8659249e+03  -3.0904264e+04
   4.9800000e+02   1.6172032e+03  -3.5020174e+04
   4.9900000e+02  -4.7094320e+01  -2.0855763e+03
   5.0000000e+02   7.4307840e+02   1.8918963e+04
   5.0100000e+02   2.0520143e+03  -5.7716724e+03
   5.0200000e+02   1.5019192e+03  -3.3860488e+04
   5.0300000e+02  -1.1701579e+04  -2.4306385e+04
   5.0400000e+02  -1.7863050e+04   4.4521372e+03
   5.0500000e+02   4.5300448e+03   2.4942491e+04
   5.0600000e+02   3.0236262e+04   1.4972609e+04
   5.0700000e+02   1.6649269e+04  -1.9195549e+04
   5.0800000e+02  -3.1462010e+04  -3.3478621e+04
   5.0900000e+02  -5.6497168e+04  -1.6301999e+04
   5.1000000e+02  -3.4844028e+04   2.5586578e+03
   5.1100000e+02  -9.2760649e+03  -1.6871445e+03
   5.1200000e+02  -8.7135020e+03  -2.3529406e+04
   5.1300000e+02  -5.0894335e+03  -3.4703988e+04
   5.1400000e+02   1.6593041e+04  -2.5604482e+04
   5.1500000e+02   2.1705705e+04  -1.4831554e+04
   5.1600000e+02   2.2983260e+03  -1.6594385e+04
   5.1700000e+02  -1.1095447e+04  -1.8407197e+04
   5.1800000e+02  -6.3261001e+03  -1.0462844e+04
   5.1900000e+02   3.6595886e+03  -6.9220570e+03
   5.2000000e+02  -1.1400519e+03  -1.0376070e+04
   5.2100000e+02  -1.5942250e+04  -1.2716389e+04
   5.2200000e+02  -2.5005680e+04  -1.2395502e+04
   5.2300000e+02  -2.9286648e+04  -4.3665220e+03
   5.2400000e+02  -2.1407282e+04   6.0954195e+03
   5.2500000e+02  -4.5619671e+03   4.4378849e+03
   5.2600000e+02  -1.4897776e+03  -4.9899851e+03
   5.2700000e+02  -1.3897393e+04  -7.7160709e+03
   5.2800000e+02  -2.8235750e+04  -5.6203417e+03
   5.2900000e+02  -2.8968500e+04   1.3591041e+02
   5.3000000e+02  -5.9064274e+03   1.0354117e+04
   5.3100000e+02   1.7475252e+04   5.2763238e+03
   5.3200000e+02   1.1840219e+04  -1.1178913e+04
   5.3300000e+02   7.4048041e+02  -1.2935472e+04
   5.3400000e+02   5.6222791e+03  -1.1264494e+04
   5.3500000e+02   9.0350150e+01  -1.5685532e+04
   5.3600000e+02  -7.5897555e+03  -5.4056289e+03
   5.3700000e+02   6.9582800e+01   1.3938148e+04
   5.3800000e+02  -2.5503479e+03   1.2520169e+04
   5.3900000e+02  -1.7306513e+03  -1.9095918e+02
   5.4000000e+02   1.3148888e+04   4.1361931e+03
   5.4100000e+02  -2.3506174e+03   1.0903397e+04
   5.4200000e+02  -3.2804892e+04   2.5170779e+03
   5.4300000e+02  -2.2508534e+04  -1.8124096e+03
   5.4400000e+02   1.4893204e+04   1.5203730e+04
   5.4500000e+02   3.8462826e+04   3.3453751e+04
   5.4600000e+02   3.0533111e+04   1.9188611e+04
   5.4700000e+02  -6.3025316e+03  -4.3883304e+03
   5.4800000e+02  -2.5755440e+04   3.4141547e+03
   5.4900000e+02   9.0169073e+03   2.0921447e+04
   5.5000000e+02   4.7453388e+04   2.2086860e+04
   5.5100000e+02   3.3941630e+04   1.2395760e+04
   5.5200000e+02   4.0565720e+01   3.8143478e+03
   5.5300000e+02  -7.1715062e+02   9.4855590e+03
   5.5400000e+02   2.2130608e+04   2.3580061e+04
   5.5500000e+02   1.9576810e+04   2.5869775e+04
   5.5600000e+02  -1.8461476e+04   1.2429859e+04
   5.5700000e+02  -4.6054440e+04   5.1750354e+03
   5.5800000e+02  -2.5812509e+04   1.2159745e+04
   5.5900000e+02   1.2741867e+04   1.3745011e+04
   5.6000000e+02   1.8714875e+04   1.3532132e+04
   5.6100000e+02   2.3848687e+03   1.3838355e+04
   5.6200000e+02   2.3297193e+03  -1.5013989e+03
   5.6300000e+02   1.9427953e+04  -1.7373741e+04
   5.6400000e+02   2.7359730e+04  -1.9216240e+04
   5.6500000e+02   1.4721685e+04  -1.2719121e+04
   5.6600000e+02   7.9968573e+03   4.2539005e+03
   5.6700000e+02   2.6572091e+04   1.9918552e+04
   5.6800000e+02   4.2735417e+04   1.1539918e+04
   5.6900000e+02   2.5792549e+04  -1.4236638e+04
   5.7000000e+02  -7.4746601e+03  -2.2223204e+04
   5.7100000e+02  -1.2859135e+04   3.7427484e+03
   5.7200000e+02   1.0610945e+04   3.0785835e+04
   5.7300000e+02   1.8216038e+04   2.1550639e+04
   5.7400000e+02  -9.7502676e+03  -5.4611474e+03
   5.7500000e+02  -3.0382586e+04  -7.1038204e+03
   5.7600000e+02   1.1205137e+03   1.0002457e+04
   5.7700000e+02   2.7565371e+04   1.0427549e+04
   5.7800000e+02  -9.7832118e+03  -1.0132288e+04
   5.7900000e+02  -3.7549267e+04  -2.4815724e+04
   5.8000000e+02  -6.8353504e+03  -5.4895361e+03
   5.8100000e+02   2.1589923e+04   2.2239255e+04
   5.8200000e+02   9.3399917e+03  -3.4825658e+03
   5.8300000e+02  -1.6262594e+04  -5.4242511e+04
   5.8400000e+02  -1.2101558e+04  -3.9050658e+04
   5.8500000e+02   1.2232402e+04   1.7174248e+04
   5.8600000e+02   8.5062129e+03   1.5500392e+04
   5.8700000e+02  -1.4178082e+04  -2.7190005e+04
   5.8800000e+02  -1.9634267e+04  -2.5441771e+04
   5.8900000e+02  -1.2367854e+04   1.4342071e+04
   5.9000000e+02  -5.1209190e+03   2.2944505e+04
   5.9100000e+02  -6.3098056e+03  -1.1319278e+04
   5.9200000e+02  -2.1049435e+04  -2.9389577e+04
   5.9300000e+02  -2.0697727e+04  -3.6122623e+03
   5.9400000e+02   1.1822267e+04   1.4752711e+04
   5.9500000e+02   3.2241804e+04  -4.7910351e+03
   5.9600000e+02   1.3993056e+04  -1.7873657e+04
   5.9700000e+02  -9.4341496e+03  -1.8734523e+03
   5.9800000e+02  -1.1732133e+04  -1.0365484e+03
   5.9900000e+02   1.8243288e+03  -2.8826327e+04
   6.0000000e+02   1.0800351e+04  -3.6557778e+04
   6.0100000e+02   2.0115690e+03  -8.5475653e+03
   6.0200000e+02  -8.5022223e+03   1.2541771e+04
   6.0300000e+02  -1.2194457e+04  -1.7508218e+02
   6.0400000e+02  -2.3266262e+04  -1.6416155e+04
   6.0500000e+02  -2.8721821e+04  -3.6521686e+03
   6.0600000e+02  -1.2472742e+04   1.0393228e+04
   6.0700000e+02  -4.9065997e+03  -5.4327792e+03
   6.0800000e+02  -2.1035723e+04  -1.9553881e+04
   6.0900000e+02  -2.6525408e+04  -1.4409754e+03
   6.1000000e+02  -9.0866128e+03   1.4323097e+04
   6.1100000e+02   3.1946859e+03  -1.5761051e+03
   6.1200000e+02   2.2364668e+03  -1.1071170e+04
   6.1300000e+02   5.8474600e+03   1.0314039e+04
   6.1400000e+02   8.9246969e+03   2.2716530e+04
   6.1500000e+02   5.3052438e+03  -2.0834321e+03
   6.1600000e+02   6.2336382e+03  -2.8764822e+04
   6.1700000e+02  -5.7652117e+03  -1.5102441e+04
   6.1800000e+02  -3.4040502e+04   1.4826117e+04
   6.1900000e+02  -3.6121272e+04   1.8721312e+04
   6.2000000e+02  -2.1289553e+03   1.5798177e+03
   6.2100000e+02   2.6059649e+04  -1.1623176e+04
   6.2200000e+02   9.5550506e+03  -2.5252102e+03
   6.2300000e+02  -2.6036372e+04   1.0809965e+04
   6.2400000e+02  -2.0185532e+04  -3.5011141e+02
   6.2500000e+02   1.5117676e+04  -6.3524109e+03
   6.2600000e+02   2.2448165e+04   1.5803513e+04
   6.2700000e+02  -3.1231377e+03   2.8761709e+04
   6.2800000e+02  -1.2165838e+04   1.3939748e+04
   6.2900000e+02   1.8085067e+04  -6.8739123e+02
   6.3000000e+02   3.6872091e+04  -4.3606231e+03
   6.3100000e+02   1.2444178e+04  -7.4735716e+03
   6.3200000e+02  -1.6111650e+04   2.5518228e+03
   6.3300000e+02  -1.3064556e+04   2.0489447e+04
   6.3400000e+02   1.4592740e+04   2.0750207e+04
   6.3500000e+02   2.8070273e+04   1.7391700e+04
   6.3600000e+02   1.0729984e+04   1.6468886e+04
   6.3700000e+02  -2.4732085e+03   3.3492094e+03
   6.3800000e+02   7.0345516e+03  -2.6165273e+03
   6.3900000e+02   1.2577942e+04   8.3717032e+03
   6.4000000e+02  -4.1457577e+02   9.4842252e+03
   6.4100000e+02  -7.6924027e+03  -8.5593247e+02
   6.4200000e+02   4.4122034e+03   1.8146329e+03
   6.4300000e+02   9.8189886e+03   8.1543662e+03
   6.4400000e+02  -2.4802458e+03   2.9828865e+03
   6.4500000e+02  -8.8820257e+02   3.2320152e+03
   6.4600000e+02   2.3574534e+04   1.4357320e+04
   6.4700000e+02   2.6826119e+04   1.7387958e+04
   6.4800000e+02  -2.2037449e+03  -3.8072062e+03
   6.4900000e+02  -8.3956146e+03  -2.3655471e+04
   6.5000000e+02   2.6492002e+04  -9.1619469e+03
   6.5100000e+02   4.7760988e+04   7.6408514e+03
   6.5200000e+02   2.1891739e+04   1.0697728e+04
   6.5300000e+02  -4.9156874e+03   1.6489761e+04
   6.5400000e+02   1.0819639e+04   4.5088440e+03
   6.5500000e+02   2.7274312e+04  -1.2799450e+04
   6.5600000e+02   8.0935791e+03  -3.9812662e+03
   6.5700000e+02  -8.5142350e+03   1.6176051e+04
   6.5800000e+02  -2.3480347e+03   2.6675963e+04
   6.5900000e+02  -1.6754727e+03   1.5019959e+04
   6.6000000e+02  -8.9640447e+03  -3.5672528e+03
   6.6100000e+02  -2.8434520e+03  -2.4815851e+03
   6.6200000e+02   2.5919899e+03   3.9313037e+03
   6.6300000e+02  -1.3289456e+04  -7.4602569e+02
   6.6400000e+02  -2.3626544e+04  -2.5591045e+03
   6.6500000e+02   4.5364314e+02   4.1859465e+03
   6.6600000e+02   3.2792972e+04  -3.1927793e+03
   6.6700000e+02   2.7815068e+04  -2.6108146e+04
   6.6800000e+02  -5.5731617e+03  -2.9756770e+04
   6.6900000e+02  -2.3651728e+04  -9.8523694e+03
   6.7000000e+02  -2.2068591e+04   7.2844643e+03
   6.7100000e+02  -1.1143970e+04   6.5643589e+03
   6.7200000e+02   9.0978498e+03  -1.1605918e+04
   6.7300000e+02   1.0947569e+04  -2.7081716e+04
   6.7400000e+02  -2.0629437e+04  -2.2100576e+04
   6.7500000e+02  -4.0308030e+04  -2.2852235e+02
   6.7600000e+02  -1.7118414e+04   1.9778890e+04
   6.7700000e+02   4.0152585e+03   4.5250695e+03
   6.7800000e+02  -1.4803214e+04  -3.9627748e+04
   6.7900000e+02  -3.3455863e+04  -4.2828477e+04
   6.8000000e+02  -1.3381496e+04   1.2344984e+03
   6.8100000e+02   1.2994975e+04   1.7394976e+04
   6.8200000e+02   3.8898791e+03   5.1165908e+03
   6.8300000e+02  -2.2111455e+04  -1.8789363e+03
   6.8400000e+02  -2.8634419e+04  -2.9195286e+04
   6.8500000e+02  -2.2848910e+04  -5.6496261e+04
   6.8600000e+02  -1.3416622e+04  -3.1912589e+04
   6.8700000e+02   9.3768931e+03   1.3167027e+04
   6.8800000e+02   1.8807882e+04   2.0109745e+04
   6.8900000e+02  -1.1174963e+04  -1.1436987e+04
   6.9000000e+02  -3.7724041e+04  -3.9455516e+04
   6.9100000e+02  -1.6746317e+04  -3.3140385e+04
   6.9200000e+02   1.9362629e+04  -1.4204545e+03
   6.9300000e+02   1.6572705e+04   1.8221844e+04
   6.9400000e+02  -1.6280927e+04   1.0885693e+04
   6.9500000e+02  -2.4113882e+04   2.2300409e+03
   6.9600000e+02  -1.3463754e+03  -9.7355054e+02
   6.9700000e+02   3.5686968e+03   6.5845691e+02
   6.9800000e+02  -1.2139691e+04   1.7808642e+04
   6.9900000e+02  -1.4906347e+04   1.6262608e+04
   7.0000000e+02  -1.4752710e+03  -1.5044184e+04
   7.0100000e+02   1.4256705e+04  -1.7071810e+04
   7.0200000e+02   1.3879942e+04   1.7330750e+04
   7.0300000e+02  -4.9968154e+03   2.9993776e+04
   7.0400000e+02  -1.4268584e+04   9.2771424e+03
   7.0500000e+02   3.7691084e+03  -3.7893170e+03
   7.0600000e+02   2.7817991e+04   1.8480248e+02
   7.0700000e+02   1.7614747e+04  -2.2152799e+03
   7.0800000e+02  -1.8797790e+04  -4.7933850e+03
   7.0900000e+02  -2.2670918e+04   7.0878053e+03
   7.1000000e+02   2.0546061e+04   1.8884792e+04
   7.1100000e+02   5.4156040e+04   1.5644274e+04
   7.1200000e+02   2.5883807e+04   8.1607340e+03
   7.1300000e+02  -2.7251129e+04   1.7728973e+04
   7.1400000e+02  -3.0272609e+04   3.4599597e+04
   7.1500000e+02   8.4597881e+03   2.9775941e+04
   7.1600000e+02   3.9946434e+04   1.1301597e+04
   7.1700000e+02   4.1144689e+04   4.6404203e+03
   7.1800000e+02   4.6705440e+03   1.2042524e+04
   7.1900000e+02  -2.9631009e+04   2.3165621e+04
   7.2000000e+02  -1.2544835e+04   2.1107541e+04
   7.2100000e+02   2.9386718e+04   3.9582572e+03
   7.2200000e+02   4.2074547e+04  -1.4480456e+03
   7.2300000e+02   2.2785685e+04   8.4784609e+03
   7.2400000e+02  -1.3068872e+01   7.4285628e+03
   7.2500000e+02  -5.1606111e+03  -1.4608035e+03
   7.2600000e+02   9.7857048e+03   2.8316029e+03
   7.2700000e+02   2.2139068e+04   9.9466583e+03
   7.2800000e+02   1.4401236e+04   6.1893247e+03
   7.2900000e+02   4.5044091e+02   2.7756497e+03
   7.3000000e+02  -2.5088338e+01  -1.2706632e+03
   7.3100000e+02   1.2259416e+04  -1.0122750e+04
   7.3200000e+02   2.0504147e+04  -7.5059651e+03
   7.3300000e+02   1.6752861e+04   5.9616873e+03
   7.3400000e+02   3.9964312e+03   1.3602323e+04
   7.3500000e+02  -1.0008711e+04   3.8103721e+03
   7.3600000e+02  -8.7520550e+03  -1.2823331e+04
   7.3700000e+02   8.0210280e+03  -1.1796117e+03
   7.3800000e+02   2.2013983e+04   2.0473226e+04
   7.3900000e+02   1.6963363e+04   5.0944440e+03
   7.4000000e+02  -9.4160840e+03  -2.1638570e+04
   7.4100000e+02  -3.3733828e+04  -1.9239974e+04
   7.4200000e+02  -3.6240122e+04   3.7077013e+03
   7.4300000e+02  -1.3800787e+04   1.7431318e+04
   7.4400000e+02   2.2794730e+04   1.8610051e+03
   7.4500000e+02   3.4088223e+04  -2.6474337e+04
   7.4600000e+02   2.6110223e+03  -3.5267374e+04
   7.4700000e+02  -3.1363881e+04  -1.9029833e+04
   7.4800000e+02  -2.3416847e+04  -2.4719090e+03
   7.4900000e+02   1.4725096e+04  -3.6931098e+03
   7.5000000e+02   2.3616779e+04  -8.1994312e+03
   7.5100000e+02  -1.2896196e+04  -2.9585635e+03
   7.5200000e+02  -3.5692609e+04   1.6488336e+03
   7.5300000e+02  -1.1524659e+04  -7.7512217e+03
   7.5400000e+02   4.8305174e+03  -2.4671789e+04
   7.5500000e+02  -2.5304358e+04  -2.8780001e+04
   7.5600000e+02  -4.7920608e+04  -1.7941099e+04
   7.5700000e+02  -2.8687358e+04  -4.3475473e+03
   7.5800000e+02  -2.8979139e+03  -2.9042344e+03
   7.5900000e+02   9.8896868e+03  -1.6767899e+04
   7.6000000e+02   1.1517384e+04  -1.9257248e+04
   7.6100000e+02  -4.6509875e+03  -3.0594160e+03
   7.6200000e+02  -2.8331197e+04   2.9273396e+03
   7.6300000e+02  -2.2040351e+04  -1.0390007e+04
   7.6400000e+02   1.5551244e+04  -2.0004488e+04
   7.6500000e+02   3.0507713e+04  -4.9314172e+03
   7.6600000e+02   7.3167972e+03   1.9720306e+04
   7.6700000e+02  -2.0286804e+04   1.5955040e+04
   7.6800000e+02  -2.8637056e+04  -1.4849307e+04
   7.6900000e+02  -1.5145104e+04  -2.2768923e+04
   7.7000000e+02  -6.1223201e+03   1.9616427e+03
   7.7100000e+02  -1.5180523e+04   4.8096198e+03
   7.7200000e+02  -1.9839246e+04  -1.8005592e+04
   7.7300000e+02  -1.6168085e+04  -1.2368826e+04
   7.7400000e+02  -1.4129148e+04   1.5975223e+04
   7.7500000e+02  -8.3343395e+03   1.4570293e+04
   7.7600000e+02  -2.7182018e+03  -1.3080857e+04
   7.7700000e+02  -9.0432595e+03  -1.3265568e+04
   7.7800000e+02  -1.1278336e+04   1.3407659e+04
   7.7900000e+02   1.0177636e+04   1.8353376e+04
   7.8000000e+02   3.5939758e+04   7.6128340e+03
   7.8100000e+02   3.5525694e+04   7.9749037e+03
   7.8200000e+02   7.4525230e+03   5.6707686e+03
   7.8300000e+02  -1.1118757e+04  -2.8149565e+03
   7.8400000e+02   8.7585880e+03   3.4533028e+03
   7.8500000e+02   2.9860932e+04   1.6794560e+04
   7.8600000e+02   1.2869215e+04   7.8099024e+03
   7.8700000e+02  -9.7281405e+03  -8.8857789e+03
   7.8800000e+02  -6.4145379e+02  -5.0466156e+02
   7.8900000e+02   1.1495554e+04   1.4294945e+04
   7.9000000e+02   8.0016166e+02   1.1159400e+04
   7.9100000e+02  -3.9267839e+03   8.5249955e+03
   7.9200000e+02   2.0292568e+03   1.9501178e+04
   7.9300000e+02   1.6742407e+02   1.8117742e+04
   7.9400000e+02  -1.7559737e+03  -5.0443630e+03
   7.9500000e+02  -4.9126368e+03  -7.1600976e+03
   7.9600000e+02   2.3320430e+03   2.5165145e+04
   7.9700000e+02   3.3291434e+04   4.3636702e+04
   7.9800000e+02   4.1870393e+04   2.4364043e+04
   7.9900000e+02   5.4547752e+03  -6.7024320e+03
   8.0000000e+02  -1.9222331e+04  -2.0363154e+04
   8.0100000e+02   4.4924844e+03  -2.8544637e+03
   8.0200000e+02   3.1229105e+04   3.0651061e+04
   8.0300000e+02   1.2029314e+04   3.3413400e+04
   8.0400000e+02  -2.1847258e+04  -4.2743123e+03
   8.0500000e+02  -1.5440853e+04  -2.6892790e+04
   8.0600000e+02   1.8786593e+04  -5.9358621e+03
   8.0700000e+02   2.7362666e+04   1.9105929e+04
   8.0800000e+02   3.9776935e+03   1.2952160e+04
   8.0900000e+02  -8.8032607e+03  -4.6398499e+03
   8.1000000e+02   2.8028346e+03  -1.9530475e+03
   8.1100000e+02   1.6677878e+04   1.5395054e+04
   8.1200000e+02   2.0920115e+04   2.7901137e+04
   8.1300000e+02   1.8407597e+04   1.8108116e+04
   8.1400000e+02   1.9135463e+04  -1.2320990e+04
   8.1500000e+02   2.6173693e+04  -2.5583534e+04
   8.1600000e+02   1.6039231e+04  -8.4905581e+03
   8.1700000e+02  -2.3183233e+04   1.1502888e+04
   8.1800000e+02  -4.6773938e+04   1.3047761e+04
   8.1900000e+02  -1.6637274e+04  -5.8842523e+03
   8.2000000e+02   2.7323237e+04  -2.6911852e+04
   8.2100000e+02   2.2274422e+04  -3.1970201e+04
   8.2200000e+02  -2.3399263e+04  -1.3146749e+04
   8.2300000e+02  -4.0820592e+04   1.8725183e+04
   8.2400000e+02  -1.3386865e+04   2.0374481e+04
   8.2500000e+02   7.1330571e+03  -1.3467085e+04
   8.2600000e+02   1.8374897e+03  -2.4115220e+04
   8.2700000e+02  -3.6292681e+03   4.6922766e+03
   8.2800000e+02   6.6230999e+03   1.5498526e+04
   8.2900000e+02   1.7006309e+04  -9.5463118e+03
   8.3000000e+02   1.0215756e+04  -1.8972970e+04
   8.3100000e+02  -6.4817194e+02  -1.0779713e+04
   8.3200000e+02  -1.2142618e+04  -2.4743737e+04
   8.3300000e+02  -2.4203835e+04  -3.5579766e+04
   8.3400000e+02  -1.7003665e+04  -1.6392965e+04
   8.3500000e+02  -5.6783558e+02  -7.5014480e+02
   8.3600000e+02  -2.8026776e+03  -5.3541506e+03
   8.3700000e+02  -2.4097964e+04  -1.7992084e+04
   8.3800000e+02  -3.3323595e+04  -2.5301315e+04
   8.3900000e+02  -9.8482718e+03  -5.6733682e+03
   8.4000000e+02   1.1364932e+04   2.4296942e+04
   8.4100000e+02   2.4071928e+03   2.2049757e+04
   8.4200000e+02  -1.3483799e+04  -3.4270969e+03
   8.4300000e+02  -1.4364556e+04  -1.9761887e+04
   8.4400000e+02  -2.2023450e+03  -8.1816608e+03
   8.4500000e+02   1.1189383e+04   1.8884617e+04
   8.4600000e+02   1.1113906e+04   9.6228203e+03
   8.4700000e+02  -9.2878909e+03  -2.9703685e+04
   8.4800000e+02  -2.1439187e+04  -4.2591463e+04
   8.4900000e+02  -5.4498090e+03  -2.7836197e+04
   8.5000000e+02   1.4388249e+02  -5.8442577e+03
   8.5100000e+02  -1.5454804e+04   8.3496283e+03
   8.5200000e+02  -2.0243123e+04   2.7860803e+03
   8.5300000e+02  -1.0095000e+04  -1.3063224e+03
   8.5400000e+02   4.6684894e+03   4.5913858e+03
   8.5500000e+02   4.4404344e+03   3.0354524e+03
   8.5600000e+02  -1.8745851e+04   3.7891898e+03
   8.5700000e+02  -2.7726621e+04   1.9203412e+04
   8.5800000e+02  -1.5084715e+03   2.7478350e+04
   8.5900000e+02   2.4030421e+04   1.6111830e+04
   8.6000000e+02   1.6926538e+04   1.8544711e+03
   8.6100000e+02  -8.0164045e+03  -5.9548617e+03
   8.6200000e+02  -2.4859032e+04  -2.5155981e+03
   8.6300000e+02  -1.5633706e+04   8.0261392e+03
   8.6400000e+02   1.2998347e+04  -7.7447740e+02
   8.6500000e+02   1.8160760e+04  -1.9379535e+04
   8.6600000e+02   1.1280153e+03  -8.5463285e+03
   8.6700000e+02  -2.6801905e+02   1.6112496e+04
   8.6800000e+02   3.8717401e+03   1.2459700e+04
   8.6900000e+02   4.4684030e+03  -7.1761124e+03
   8.7000000e+02   1.4061072e+04  -7.4315543e+03
   8.7100000e+02   1.7052894e+04   6.9987734e+03
   8.7200000e+02   5.8692510e+03   1.7482163e+04
   8.7300000e+02   5.2312858e+03   2.2265662e+04
   8.7400000e+02   1.7731123e+04   1.9164007e+04
   8.7500000e+02   1.6011879e+04   8.1710475e+03
   8.7600000e+02  -1.6784400e+03   2.7349829e+03
   8.7700000e+02  -5.6247267e+03   1.3448271e+04
   8.7800000e+02   1.8293312e+04   2.5368643e+04
   8.7900000e+02   3.7191992e+04   1.7054832e+04
   8.8000000e+02   1.5403353e+04   1.3271110e+03
   8.8100000e+02  -1.3501678e+04   2.3543998e+03
   8.8200000e+02  -6.6971710e+03   1.1472068e+04
   8.8300000e+02   1.2876104e+04   8.5897279e+03
   8.8400000e+02   1.5560731e+04  -2.0428199e+03
   8.8500000e+02   6.4879558e+03  -7.7953548e+03
   8.8600000e+02  -6.9543576e+02  -5.3640914e+03
   8.8700000e+02  -5.8044992e+03   5.7120127e+03
   8.8800000e+02  -1.0134557e+04   1.3260518e+04
   8.8900000e+02   8.5138215e+02   1.0134799e+04
   8.9000000e+02   2.2862982e+04   8.7857843e+03
   8.9100000e+02   2.5665179e+04   5.5440088e+03
   8.9200000e+02   5.7773588e+03   8.1839996e+02
   8.9300000e+02  -6.5162772e+03   1.2782274e+04
   8.9400000e+02   3.6291780e+03   2.4277329e+04
   8.9500000e+02   2.0324207e+04   7.4912347e+03
   8.9600000e+02   2.8726861e+04  -1.6626025e+04
   8.9700000e+02   1.9163073e+04  -1.0960439e+04
   8.9800000e+02  -1.0002174e+04   1.2561374e+04
   8.9900000e+02  -2.8391940e+04   1.2706257e+04
   9.0000000e+02  -8.8901904e+03  -9.7167820e+03
   9.0100000e+02   1.8545223e+04  -2.4324503e+04
   9.0200000e+02   1.0443958e+04  -1.6700714e+04
   9.0300000e+02  -1.1068317e+04   6.9098077e+03
   9.0400000e+02  -5.9663781e+03   1.4507562e+04
   9.0500000e+02   4.5804072e+03  -8.1270780e+03
   9.0600000e+02  -9.7673925e+03  -2.2492570e+04
   9.0700000e+02  -2.8302000e+04  -1.1124258e+04
   9.0800000e+02  -1.4473247e+04  -1.1461286e+03
   9.0900000e+02   1.3148206e+04  -3.5871435e+03
   9.1000000e+02   6.8501247e+03  -1.4393495e+04
   9.1100000e+02  -1.3474679e+04  -2.2381776e+04
   9.1200000e+02  -1.1447108e+04  -1.2783277e+04
   9.1300000e+02  -1.0832312e+03  -2.5742917e+03
   9.1400000e+02   9.5130364e+03  -7.7013348e+03
   9.1500000e+02   1.7187034e+04  -1.5719536e+04
   9.1600000e+02   7.0180252e+03  -1.6859094e+04
   9.1700000e+02  -1.9132723e+04  -4.5421735e+03
   9.1800000e+02  -3.8887723e+04   8.4868598e+03
   9.1900000e+02  -2.3527022e+04  -2.1084970e+03
   9.2000000e+02   1.6409442e+04  -2.1718383e+04
   9.2100000e+02   2.4960895e+04  -2.1257572e+04
   9.2200000e+02  -1.5499459e+04  -3.6337199e+03
   9.2300000e+02  -4.8089939e+04   4.4186424e+03
   9.2400000e+02  -3.0546940e+04  -6.2504203e+03
   9.2500000e+02  -1.0052753e+03  -1.6739846e+04
   9.2600000e+02  -4.7255063e+03  -1.6556622e+04
   9.2700000e+02  -2.5662782e+04  -6.0512450e+03
   9.2800000e+02  -2.5315184e+04   3.0925246e+03
   9.2900000e+02  -5.1232750e+03  -1.0047058e+04
   9.3000000e+02   7.2256890e+02  -2.9867112e+04
   9.3100000e+02  -1.3868935e+04  -2.1887494e+04
   9.3200000e+02  -2.5779486e+04   8.2763800e+03
   9.3300000e+02  -1.8700785e+04   2.2484183e+04
   9.3400000e+02   4.0894140e+03   4.3156405e+03
   9.3500000e+02   1.7892339e+04  -1.6140163e+04
   9.3600000e+02   1.0639105e+04  -1.1559702e+04
   9.3700000e+02  -4.8014723e+03   8.2210478e+03
   9.3800000e+02  -1.3926751e+04   2.2936723e+04
   9.3900000e+02  -7.2734411e+03   1.5586374e+04
   9.4000000e+02   8.2917723e+03  -8.2772738e+03
   9.4100000e+02   1.7680085e+04  -9.3867635e+03
   9.4200000e+02   1.6375452e+04   1.5882822e+04
   9.4300000e+02   6.1495222e+03   1.7613930e+04
   9.4400000e+02  -7.3497064e+03  -8.9614864e+03
   9.4500000e+02  -1.3288307e+04  -1.7141450e+04
   9.4600000e+02  -7.0558024e+03   6.5812881e+03
   9.4700000e+02  -9.6425184e+02   3.1380248e+04
   9.4800000e+02   1.4075975e+03   2.3895173e+04
   9.4900000e+02   5.8534451e+03  -2.7445291e+03
   9.5000000e+02   3.3008767e+03  -8.8174221e+03
   9.5100000e+02   3.4216460e+03   3.9380601e+03
   9.5200000e+02   1.9581821e+04   1.4229710e+04
   9.5300000e+02   2.2909279e+04   1.7209353e+04
   9.5400000e+02  -1.2119671e+03   1.5128270e+04
   9.5500000e+02  -1.3716085e+04   1.1138906e+04
   9.5600000e+02   1.4844332e+04   4.0317058e+03
   9.5700000e+02   4.8647326e+04   2.5964581e+03
   9.5800000e+02   3.9731805e+04   1.8203922e+04
   9.5900000e+02   7.7373302e+03   3.3415701e+04
   9.6000000e+02   1.5394307e+03   2.0762415e+04
   9.6100000e+02   2.0615082e+04  -5.8672517e+03
   9.6200000e+02   2.7910320e+04  -2.5505892e+03
   9.6300000e+02   1.0640399e+04   2.3545392e+04
   9.6400000e+02  -6.4163985e+03   2.7683418e+04
   9.6500000e+02   4.4583244e+03   9.1075575e+03
   9.6600000e+02   2.9451147e+04  -1.9748647e+03
   9.6700000e+02   2.1724600e+04   6.6574850e+03
   9.6800000e+02  -1.2868918e+04   1.0947851e+04
   9.6900000e+02  -2.4474197e+04  -4.1640253e+03
   9.7000000e+02  -7.7366630e+03  -5.7662491e+03
   9.7100000e+02   1.2579763e+04   1.2236116e+04
   9.7200000e+02   1.3410372e+04   1.2278947e+04
   9.7300000e+02  -5.2498546e+03  -3.3062734e+03
   9.7400000e+02  -7.7694590e+03   3.9545658e+02
   9.7500000e+02   1.0554871e+04   1.6678534e+04
   9.7600000e+02   1.5055636e+04   1.1159150e+04
   9.7700000e+02  -4.8567613e+02  -1.1420087e+04
   9.7800000e+02  -7.2644653e+03  -2.2892573e+04
   9.7900000e+02   6.9964889e+03  -1.0456976e+04
   9.8000000e+02   1.9515406e+04   8.9128843e+03
   9.8100000e+02   1.3925365e+04   1.2428832e+03
   9.8200000e+02  -2.7920381e+03  -1.4108887e+04
   9.8300000e+02  -1.0672820e+04  -9.0173308e+03
   9.8400000e+02  -2.2860920e+03  -1.2886090e+04
   9.8500000e+02  -5.0629775e+03  -2.1933160e+04
   9.8600000e+02  -2.5720151e+04  -1.1376625e+04
   9.8700000e+02  -2.9932337e+04  -4.0816859e+03
   9.8800000e+02  -7.1944972e+03  -7.7253571e+03
   9.8900000e+02   5.5745474e+03  -1.0083099e+04
   9.9000000e+02  -1.7129169e+04  -1.3664521e+04
   9.9100000e+02  -3.6045954e+04  -1.0276305e+04
   9.9200000e+02  -1.8548897e+04  -1.3192447e+03
   9.9300000e+02   5.7277804e+03  -8.1013963e+03
   9.9400000e+02   8.1980726e+03  -1.9704258e+04
   9.9500000e+02  -6.6067612e+03  -1.5725560e+04
   9.9600000e+02  -1.1391692e+04  -1.2744233e+04
   9.9700000e+02   2.4480413e+03  -1.7575626e+04
   9.9800000e+02   5.8864591e+03  -1.3342812e+04
   9.9900000e+02  -5.1876654e+03  -4.2048704e+03
   1.0000000e+03  -1.2864611e+04  -1.0226947e+04
   1.0010000e+03  -1.5582944e+04  -3.0461582e+04
   1.0020000e+03  -1.0513766e+04  -3.6360235e+04
   1.0030000e+03  -1.1429272e+03  -1.3030037e+04
   1.0040000e+03  -4.1483615e+03   1.5040437e+04
   1.0050000e+03  -1.7251375e+04   1.1869426e+04
   1.0060000e+03  -1.9473705e+04  -1.5426893e+04
   1.0070000e+03  -8.7162983e+03  -1.5353867e+04
   1.0080000e+03   5.4955306e+02   8.2928830e+03
   1.0090000e+03   2.7654863e+03   5.2075512e+03
   1.0100000e+03  -4.6090713e+03  -9.6340882e+03
   1.0110000e+03  -2.1678801e+04  -8.4725137e+02
   1.0120000e+03  -3.1790873e+04   1.4532123e+04
   1.0130000e+03  -1.3017057e+04   9.1780363e+03
   1.0140000e+03   1.7034616e+04  -5.3199640e+03
   1.0150000e+03   1.4659842e+04   2.2083135e+03
   1.0160000e+03  -1.1370405e+04   1.6647263e+04
   1.0170000e+03  -1.8502686e+04   4.9696336e+03
   1.0180000e+03  -1.1179960e+03  -1.0959577e+04
   1.0190000e+03   1.4954398e+04  -1.2090448e+03
   1.0200000e+03   1.4304835e+04   1.3442243e+04
   1.0210000e+03   1.1973929e+04   1.4081792e+04
   1.0220000e+03   1.4981886e+04   2.0657312e+04
   1.0230000e+03   7.1783808e+03   2.1900984e+04
   1.0240000e+03  -7.5454108e+03  -6.3598467e+03
   1.0250000e+03  -7.3001487e+03  -1.8007392e+04
   1.0260000e+03   1.1598811e+04   1.2073066e+04
   1.0270000e+03   2.5302527e+04   3.0970205e+04
   1.0280000e+03   1.7184520e+04   1.8984454e+04
   1.0290000e+03  -2.4290118e+03   1.0206390e+04
   1.0300000e+03  -1.5195034e+04   1.2694524e+04
   1.0310000e+03  -2.3185918e+03   5.7830004e+03
   1.0320000e+03   2.2058655e+04  -4.0539789e+03
   1.0330000e+03   1.9027655e+04   2.2349062e+03
   1.0340000e+03  -2.1640878e+03   1.5906658e+04
   1.0350000e+03   9.2641537e+02   2.0412532e+04
   1.0360000e+03   2.6262427e+04   1.0145514e+04
   1.0370000e+03   2.3721368e+04  -3.7580850e+02
   1.0380000e+03  -9.1919024e+03   2.5053118e+03
   1.0390000e+03  -1.4468992e+04   2.2138583e+03
   1.0400000e+03   1.1049701e+04  -1.2161354e+03
   1.0410000e+03   2.0755562e+04   1.0440821e+04
   1.0420000e+03   3.3368289e+03   1.9800897e+04
   1.0430000e+03  -1.1512317e+04   6.7837508e+03
   1.0440000e+03   9.7506873e+02  -9.2226401e+03
   1.0450000e+03   1.8097440e+04  -6.3313464e+02
   1.0460000e+03   2.0119088e+04   2.2264738e+04
   1.0470000e+03   2.0368685e+04   1.6318530e+04
   1.0480000e+03   1.1535695e+04  -2.0837766e+04
   1.0490000e+03  -5.5261031e+03  -2.8722280e+04
   1.0500000e+03  -1.3141591e+03   7.3778985e+03
   1.0510000e+03   1.5012304e+04   2.7022234e+04
   1.0520000e+03   7.6805424e+03   1.0580141e+04
   1.0530000e+03  -1.3707604e+04  -1.1328347e+04
   1.0540000e+03  -1.3539791e+04  -2.0434866e+04
   1.0550000e+03   9.8327710e+03  -5.3048233e+03
   1.0560000e+03   2.2671160e+04   1.7007012e+04
   1.0570000e+03  -1.8447668e+03   1.2514689e+04
   1.0580000e+03  -3.0169921e+04  -2.6845439e+03
   1.0590000e+03  -1.1985436e+04  -3.4912027e+02
   1.0600000e+03   2.7010725e+04   3.3109677e+03
   1.0610000e+03   3.3968326e+04  -4.9539794e+03
   1.0620000e+03   1.7440980e+03  -1.0845823e+04
   1.0630000e+03  -3.3973945e+04  -9.0785015e+03
   1.0640000e+03  -2.6327276e+04  -4.6399330e+03
   1.0650000e+03   1.0381179e+04  -2.5182580e+03
   1.0660000e+03   1.7605358e+04  -4.7257538e+03
   1.0670000e+03  -7.8947840e+03  -9.4937382e+03
   1.0680000e+03  -2.5863268e+04  -2.0494523e+04
   1.0690000e+03  -2.4973440e+04  -2.3519125e+04
   1.0700000e+03  -1.2925899e+04  -8.6181107e+03
   1.0710000e+03   6.1086594e+03   1.4672063e+02
   1.0720000e+03   1.0537080e+04   7.8290658e+02
   1.0730000e+03  -2.6993937e+03  -2.4024030e+03
   1.0740000e+03  -9.9381942e+03  -1.5959129e+04
   1.0750000e+03  -1.2165872e+04  -1.6431825e+04
   1.0760000e+03  -4.4197950e+03  -6.6027279e+03
   1.0770000e+03   9.0489965e+03  -1.5879885e+04
   1.0780000e+03  -7.8062768e+03  -2.0942790e+04
   1.0790000e+03  -3.2222187e+04   8.4471599e+03
   1.0800000e+03  -1.5637990e+04   2.3770220e+04
   1.0810000e+03   1.6098423e+04  -2.1369012e+04
   1.0820000e+03   1.2902345e+04  -4.9193317e+04
   1.0830000e+03  -1.9540338e+04  -5.1475648e+03
   1.0840000e+03  -3.3043478e+04   2.0448676e+04
   1.0850000e+03  -5.5301193e+03  -7.3382766e+03
   1.0860000e+03   2.7456727e+04  -1.3160100e+04
   1.0870000e+03   1.9689493e+04   1.3197249e+04
   1.0880000e+03  -1.3679204e+04   1.0511176e+04
   1.0890000e+03  -2.3019191e+04  -2.2784984e+04
   1.0900000e+03  -1.3886737e+04  -2.3623385e+04
   1.0910000e+03  -1.3621019e+04   1.0120874e+04
   1.0920000e+03  -1.2665572e+04   1.9764946e+04
   1.0930000e+03  -3.3711060e+03  -2.5679096e+03
   1.0940000e+03  -3.2134579e+03  -1.6146118e+04
   1.0950000e+03  -1.8450923e+04  -2.6986736e+03
   1.0960000e+03  -1.5536113e+04   1.0448032e+04
   1.0970000e+03   1.4712145e+04   4.7867814e+03
   1.0980000e+03   2.0417988e+04   3.8000500e+03
   1.0990000e+03  -4.9985932e+03   1.3759123e+04
   1.1000000e+03  -8.1984505e+03   1.0622181e+04
   1.1010000e+03   1.2982277e+04  -6.8687043e+03
   1.1020000e+03   1.8476286e+04  -8.1714706e+03
   1.1030000e+03   2.1207351e+03   1.4508640e+04
   1.1040000e+03  -2.1089586e+04   2.4909815e+04
   1.1050000e+03  -3.0632096e+04   5.3190743e+03
   1.1060000e+03  -4.9204402e+03  -1.9917314e+04
   1.1070000e+03   2.4026987e+04  -1.6539172e+04
   1.1080000e+03   1.4424454e+04   1.7705929e+04
   1.1090000e+03  -3.0444411e+03   3.0801341e+04
   1.1100000e+03   1.9486135e+03   4.1779075e+03
   1.1110000e+03   9.8767738e+03  -7.8214895e+03
   1.1120000e+03   1.1421372e+04   1.1926622e+04
   1.1130000e+03   1.6340296e+04   2.2158240e+04
   1.1140000e+03   1.6013111e+04   1.0197336e+04
   1.1150000e+03   4.3067068e+03   9.1010003e+02
   1.1160000e+03   4.3209055e+03   3.9698867e+03
   1.1170000e+03   1.3910684e+04   8.4696699e+03
   1.1180000e+03   9.3679913e+03   1.2451778e+04
   1.1190000e+03   2.6197064e+03   1.7600557e+04
   1.1200000e+03   4.9237819e+03   1.4615727e+04
   1.1210000e+03   1.1990707e+04   3.3313946e+03
   1.1220000e+03   1.9577696e+04   1.9135432e+02
   1.1230000e+03   1.3347408e+04   6.2689491e+03
   1.1240000e+03  -1.0810376e+03   1.6980341e+03
   1.1250000e+03  -1.0885537e+03  -9.7380369e+03
   1.1260000e+03   1.0316391e+04   1.0752482e+03
   1.1270000e+03   1.2601235e+04   2.1260000e+04
   1.1280000e+03   2.1008815e+03   9.4327086e+03
   1.1290000e+03  -9.5533695e+03  -1.2427199e+04
   1.1300000e+03  -1.1018070e+04  -4.2025501e+03
   1.1310000e+03   7.5486471e+03   8.5903563e+03
   1.1320000e+03   2.3720768e+04   5.9150462e+03
   1.1330000e+03   9.7789552e+03   9.3376762e+03
   1.1340000e+03  -4.1913454e+03   1.7944813e+04
   1.1350000e+03   3.1562484e+03   1.1657765e+04
   1.1360000e+03   8.0359945e+03  -4.5172800e+03
   1.1370000e+03   7.6902438e+03  -8.0727264e+03
   1.1380000e+03   1.3858125e+04   1.9335048e+03
   1.1390000e+03   1.5444132e+04   6.5399235e+03
   1.1400000e+03  -1.8555230e+01  -2.2953669e+03
   1.1410000e+03  -1.5617688e+04  -1.5050520e+04
   1.1420000e+03  -9.3582773e+03  -1.6599836e+04
   1.1430000e+03   3.4966197e+03  -7.5429003e+03
   1.1440000e+03  -3.9684920e+03   1.3949568e+03
   1.1450000e+03  -1.6377301e+04   1.2602823e+02
   1.1460000e+03  -6.2481199e+03  -1.5913902e+04
   1.1470000e+03   2.1297050e+03  -1.9985656e+04
   1.1480000e+03  -1.2502110e+04  -3.5090191e+02
   1.1490000e+03  -1.8439401e+04   5.1615752e+03
   1.1500000e+03  -5.6267615e+02  -1.4569705e+04
   1.1510000e+03   1.7196094e+04  -2.5518196e+04
   1.1520000e+03   9.1772271e+03  -8.2551543e+03
   1.1530000e+03  -1.2827105e+04   1.3102988e+04
   1.1540000e+03  -7.1284307e+03   8.0814846e+03
   1.1550000e+03   1.2711205e+04  -1.3686327e+04
   1.1560000e+03   3.3025945e+03  -2.4654808e+04
   1.1570000e+03  -1.9411840e+04  -1.1263345e+04
   1.1580000e+03  -2.1268325e+04   3.6313343e+03
   1.1590000e+03  -1.1979724e+04  -1.0890268e+04
   1.1600000e+03  -1.5401036e+04  -2.2820616e+04
   1.1610000e+03  -1.9889697e+04  -3.0443280e+03
   1.1620000e+03  -1.0213942e+04   8.8353504e+03
   1.1630000e+03  -1.1340848e+03  -6.7396070e+03
   1.1640000e+03  -6.2313562e+03  -1.7821309e+04
   1.1650000e+03  -2.1728995e+04  -9.9552730e+03
   1.1660000e+03  -2.0370533e+04  -3.0138695e+03
   1.1670000e+03   2.0563363e+03  -7.0876516e+03
   1.1680000e+03   1.8776150e+03  -9.7737586e+03
   1.1690000e+03  -1.7399849e+04  -5.6000689e+03
   1.1700000e+03  -1.4581818e+04  -4.7048841e+03
   1.1710000e+03   5.9175040e+02  -1.2933797e+04
   1.1720000e+03   1.0059665e+03  -1.6671906e+04
   1.1730000e+03  -7.8633352e+03  -6.5086830e+03
   1.1740000e+03  -8.5419028e+03   5.2473609e+03
   1.1750000e+03  -4.1331634e+03   5.8188435e+03
   1.1760000e+03  -1.7686754e+03  -7.1099413e+03
   1.1770000e+03   5.0113792e+03  -1.4277179e+04
   1.1780000e+03   7.8766371e+03   2.3554510e+03
   1.1790000e+03  -6.2026835e+03   1.9977626e+04
   1.1800000e+03  -1.8626538e+04   1.6975296e+04
   1.1810000e+03  -2.0460847e+03   5.7476414e+03
   1.1820000e+03   2.5847937e+04   3.8823131e+02
   1.1830000e+03   2.2749181e+04  -2.4891717e+02
   1.1840000e+03  -5.6709618e+03   1.0241968e+03
   1.1850000e+03  -1.9015507e+04   9.0718653e+03
   1.1860000e+03  -1.1736507e+03   2.0933018e+04
   1.1870000e+03   2.3122144e+04   2.5682423e+04
   1.1880000e+03   1.8466019e+04   1.6034675e+04
   1.1890000e+03  -5.2261374e+03  -5.5431864e+03
   1.1900000e+03  -1.3169110e+04  -1.3027100e+04
   1.1910000e+03  -2.8365960e+03   8.5029499e+03
   1.1920000e+03   1.0663189e+04   2.9696181e+04
   1.1930000e+03   1.5866720e+04   1.8367292e+04
   1.1940000e+03   8.3526759e+03  -1.5363937e+04
   1.1950000e+03   3.8540990e+01  -2.4882245e+04
   1.1960000e+03   7.0628456e+03   5.4069872e+03
   1.1970000e+03   2.3716596e+04   2.8872238e+04
   1.1980000e+03   2.0725211e+04   1.7319478e+04
   1.1990000e+03  -4.0818109e+03   2.4971277e+03
   1.2000000e+03  -5.4523414e+03   9.3404270e+03
   1.2010000e+03   1.9702550e+04   1.8452408e+04
   1.2020000e+03   1.6749194e+04   1.4397144e+04
   1.2030000e+03  -7.4009763e+03   1.5055496e+04
   1.2040000e+03  -1.6483934e+03   2.7924390e+04
   1.2050000e+03   2.0474978e+04   2.6729432e+04
   1.2060000e+03   1.6796417e+04   1.4390558e+03
   1.2070000e+03  -7.3691879e+03  -9.1293553e+03
   1.2080000e+03  -7.2649967e+03   1.6408815e+04
   1.2090000e+03   2.4076757e+04   3.1361534e+04
   1.2100000e+03   3.3368409e+04   3.1121485e+03
   1.2110000e+03   9.2187794e+03  -2.8814662e+04
   1.2120000e+03  -4.7968975e+03  -2.1729849e+04
   1.2130000e+03   3.8281803e+03   1.6162267e+04
   1.2140000e+03   1.3818376e+04   3.9259127e+04
   1.2150000e+03   9.5990540e+03   9.9389497e+03
   1.2160000e+03   1.9117154e+02  -3.9914560e+04
   1.2170000e+03  -1.0011680e+03  -3.6432527e+04
   1.2180000e+03   3.5434635e+03   1.7772542e+04
   1.2190000e+03   8.7480666e+03   3.7862225e+04
   1.2200000e+03   5.3764223e+03  -9.3486507e+03
   1.2210000e+03  -9.3295727e+03  -5.3557555e+04
   1.2220000e+03  -1.9109238e+04  -3.1074310e+04
   1.2230000e+03  -6.5974323e+03   1.9344982e+04
   1.2240000e+03   1.6456152e+04   2.0005608e+04
   1.2250000e+03   1.2254228e+04  -2.5456279e+04
   1.2260000e+03  -1.1846628e+04  -4.2175913e+04
   1.2270000e+03  -1.6405235e+04  -8.2810546e+03
   1.2280000e+03  -1.0047716e+04   1.5647449e+04
   1.2290000e+03  -1.2096919e+04  -1.7658570e+03
   1.2300000e+03  -1.2686173e+04  -2.2115934e+04
   1.2310000e+03  -2.1957774e+03  -1.2168533e+04
   1.2320000e+03   7.3278910e+03   1.3050097e+04
   1.2330000e+03  -7.4875615e+03   1.4438161e+04
   1.2340000e+03  -2.7963377e+04  -1.0120646e+04
   1.2350000e+03  -1.3521423e+04  -2.4463953e+04
   1.2360000e+03   1.0900338e+04  -2.4007698e+04
   1.2370000e+03  -2.4208806e+03  -2.0200677e+04
   1.2380000e+03  -2.8251657e+04  -6.2999676e+03
   1.2390000e+03  -2.1089587e+04  -5.8478310e+02
   1.2400000e+03   1.3978445e+03  -1.8031650e+04
   1.2410000e+03   4.7518862e+03  -2.7689500e+04
   1.2420000e+03  -1.0507622e+04  -2.0508165e+04
   1.2430000e+03  -2.9828171e+04  -1.6770804e+04
   1.2440000e+03  -3.6917712e+04  -1.4259639e+04
   1.2450000e+03  -2.1347239e+04  -1.2828907e+04
   1.2460000e+03   4.5859143e+03  -7.8423550e+03
   1.2470000e+03   1.7209847e+04   1.2806169e+04
   1.2480000e+03   4.3883758e+03   2.1040542e+04
   1.2490000e+03  -2.4778078e+04   3.4048594e+03
   1.2500000e+03  -2.8811954e+04  -7.1811386e+03
   1.2510000e+03   1.1273843e+04  -5.0945099e+02
   1.2520000e+03   2.7780071e+04   1.1385212e+04
   1.2530000e+03  -9.6677126e+03   1.8414881e+04
   1.2540000e+03  -3.0005557e+04   1.0030011e+04
   1.2550000e+03  -1.2829618e+04  -7.9732057e+03
   1.2560000e+03   8.5209621e+03  -1.4879594e+04
   1.2570000e+03   2.5732409e+04  -6.7766232e+03
   1.2580000e+03   2.1746307e+04  -2.6166646e+03
   1.2590000e+03  -5.2110233e+03  -2.2601451e+03
   1.2600000e+03  -1.7758633e+04   6.4023449e+03
   1.2610000e+03   3.4161746e+03   1.0821684e+04
   1.2620000e+03   2.1870202e+04   2.3461560e+03
   1.2630000e+03  -8.2865007e+02  -6.2210953e+03
   1.2640000e+03  -2.2871378e+04   3.0797821e+03
   1.2650000e+03  -1.1008589e+03   2.5552877e+04
   1.2660000e+03   1.8865319e+04   3.0385821e+04
   1.2670000e+03   3.1599844e+03   1.4183114e+04
   1.2680000e+03  -1.2511133e+04   1.0856272e+03
   1.2690000e+03  -2.3254502e+03   4.4642077e+03
   1.2700000e+03   1.2495942e+04   1.6319163e+04
   1.2710000e+03   1.2208498e+04   1.5862176e+04
   1.2720000e+03   8.1555422e+03   1.1666705e+04
   1.2730000e+03   9.2734355e+03   2.0653075e+04
   1.2740000e+03   1.5861683e+04   2.0224140e+04
   1.2750000e+03   2.6817829e+04  -1.4862418e+03
   1.2760000e+03   2.1070653e+04  -1.0790781e+04
   1.2770000e+03   5.0915068e+03   7.6785562e+03
   1.2780000e+03   1.4633250e+04   1.8089209e+04
   1.2790000e+03   2.1330196e+04   1.0659543e+04
   1.2800000e+03  -5.6402244e+03   9.2649060e+03
   1.2810000e+03  -1.8459319e+04   2.4587031e+03
   1.2820000e+03   3.4833041e+03  -7.3370335e+03
   1.2830000e+03   2.5210726e+04   3.3636734e+03
   1.2840000e+03   2.0748887e+04   1.0636889e+04
   1.2850000e+03  -9.4002624e+03  -1.6257324e+03
   1.2860000e+03  -1.8797316e+04  -5.2201968e+03
   1.2870000e+03   1.0469328e+04   1.2126808e+04
   1.2880000e+03   2.4459535e+04   2.6280590e+04
   1.2890000e+03   1.4630260e+04   1.1432203e+04
   1.2900000e+03   1.4802172e+04  -1.3813766e+04
   1.2910000e+03   1.3920817e+04  -3.7070174e+03
   1.2920000e+03  -9.3916418e+02   2.5749567e+04
   1.2930000e+03  -9.4861590e+03   1.2962635e+04
   1.2940000e+03   3.5143156e+02  -2.1912638e+04
   1.2950000e+03   1.1119521e+04  -1.6633545e+04
   1.2960000e+03  -1.2796936e+03   7.6865583e+03
   1.2970000e+03  -2.2614321e+04   7.2192808e+03
   1.2980000e+03  -1.0318620e+04  -1.2438198e+04
   1.2990000e+03   2.2211349e+04  -2.7201491e+04
   1.3000000e+03   1.7038313e+04  -2.2422075e+04
   1.3010000e+03  -1.6307485e+04  -1.1209385e+04
   1.3020000e+03  -2.3510521e+04  -1.0006459e+04
   1.3030000e+03  -6.6217945e+03  -1.2037974e+04
   1.3040000e+03   1.6023385e+03  -2.7196346e+03
   1.3050000e+03   1.5684230e+02   1.3623782e+04
   1.3060000e+03   1.8116571e+03   4.6221570e+03
   1.3070000e+03   5.8128547e+03  -2.6006878e+04
   1.3080000e+03   4.2339049e+03  -2.7752344e+04
   1.3090000e+03  -8.0739010e+03   2.9986651e+03
   1.3100000e+03  -1.5412982e+04   1.9574835e+04
   1.3110000e+03  -3.1586127e+03   6.1017623e+03
   1.3120000e+03   2.5068392e+03  -7.3845790e+03
   1.3130000e+03  -1.1340067e+04  -6.9581128e+03
   1.3140000e+03  -2.1925356e+04  -8.8148628e+03
   1.3150000e+03  -2.1434776e+04  -1.2376475e+04
   1.3160000e+03  -9.3374775e+03  -1.4095334e+04
   1.3170000e+03   1.1850425e+03  -1.8756687e+04
   1.3180000e+03  -1.2190571e+04  -1.4894703e+04
   1.3190000e+03  -2.5669901e+04  -4.2173222e+03
   1.3200000e+03  -9.4152173e+03  -3.3402850e+03
   1.3210000e+03   7.0192277e+03  -4.6376979e+03
   1.3220000e+03  -5.7222002e+03  -5.5877392e+03
   1.3230000e+03  -1.3488546e+04  -1.6283400e+04
   1.3240000e+03   8.9806013e+02  -1.2907766e+04
   1.3250000e+03  -3.6211212e+02   1.2339314e+04
   1.3260000e+03  -1.1220655e+04   1.8053861e+04
   1.3270000e+03  -1.4674548e+03  -3.7914792e+03
   1.3280000e+03   8.1603280e+03  -2.3134889e+04
   1.3290000e+03  -3.2252033e+03  -1.8449811e+04
   1.3300000e+03  -1.6654924e+04   9.5059012e+03
   1.3310000e+03  -6.1058752e+03   2.0847115e+04
   1.3320000e+03   1.2548736e+04  -5.4264314e+03
   1.3330000e+03   2.9038517e+03  -2.4285327e+04
   1.3340000e+03  -1.9154799e+04   5.4214176e+02
   1.3350000e+03  -1.2997521e+04   3.0199629e+04
   1.3360000e+03   1.0625209e+04   1.3504531e+04
   1.3370000e+03   7.3736110e+03  -1.5215884e+04
   1.3380000e+03  -1.9498322e+04  -5.0912557e+03
   1.3390000e+03  -2.4273636e+04   1.6213032e+04
   1.3400000e+03   2.7394487e+03   1.4924112e+04
   1.3410000e+03   2.7417043e+04   4.9500797e+02
   1.3420000e+03   1.3623242e+04  -7.7917479e+03
   1.3430000e+03  -1.9858387e+04  -2.1654290e+03
   1.3440000e+03  -1.6481047e+04   3.2353290e+03
   1.3450000e+03   1.3321350e+04   2.8127940e+02
   1.3460000e+03   2.4686043e+04   1.8463747e+02
   1.3470000e+03   1.4702118e+04   7.3227959e+02
   1.3480000e+03  -5.4979188e+03  -2.7302565e+03
   1.3490000e+03  -1.6167479e+04   5.8954803e+03
   1.3500000e+03  -6.0999527e+02   2.2715278e+04
   1.3510000e+03   2.4708087e+04   1.9196628e+04
   1.3520000e+03   3.2386048e+04   3.1519652e+03
   1.3530000e+03   1.3923989e+04   1.9733370e+03
   1.3540000e+03  -1.1020935e+04   1.3594992e+04
   1.3550000e+03  -6.6152867e+03   2.3413209e+04
   1.3560000e+03   2.7912738e+04   1.7402439e+04
   1.3570000e+03   3.6453959e+04  -3.6141859e+03
   1.3580000e+03   3.4042158e+03  -9.1138903e+03
   1.3590000e+03  -1.4901275e+04   1.0395534e+04
   1.3600000e+03  -5.5702112e+03   1.5808417e+04
   1.3610000e+03   2.5425959e+03  -5.0585401e+03
   1.3620000e+03   3.3176686e+03  -1.1006537e+04
   1.3630000e+03  -7.5731446e+03   7.0866125e+03
   1.3640000e+03  -2.1195822e+04   1.6507871e+04
   1.3650000e+03  -7.9441541e+03   1.1042235e+04
   1.3660000e+03   2.6972540e+04   4.0250982e+03
   1.3670000e+03   3.6040226e+04  -6.4635422e+03
   1.3680000e+03   8.6925607e+03  -1.2709251e+04
   1.3690000e+03  -1.1799170e+04   9.7280497e+03
   1.3700000e+03  -3.9750478e+03   3.5390631e+04
   1.3710000e+03   2.1064134e+04   1.7135030e+04
   1.3720000e+03   3.5839149e+04  -1.1182696e+04
   1.3730000e+03   2.1772370e+04  -1.9039177e+03
   1.3740000e+03   6.8270435e+03   1.8896504e+04
   1.3750000e+03   4.5198056e+03   1.5000181e+04
   1.3760000e+03  -2.6524425e+03  -3.8824932e+03
   1.3770000e+03  -1.0042035e+04  -1.0759643e+04
   1.3780000e+03  -8.4575811e+03  -8.2350693e+03
   1.3790000e+03   2.2315287e+03  -1.0981108e+04
   1.3800000e+03   8.4185183e+03  -1.6963374e+04
   1.3810000e+03  -1.4336195e+03  -1.4558467e+04
   1.3820000e+03  -5.1814252e+03   5.2942537e+03
   1.3830000e+03   3.7678082e+03   1.2476971e+04
   1.3840000e+03   4.3186228e+02  -1.1746026e+04
   1.3850000e+03  -1.4863229e+04  -2.2481729e+04
   1.3860000e+03  -1.6624470e+04  -4.3181546e+03
   1.3870000e+03   1.4441156e+03   1.1784356e+04
   1.3880000e+03   1.4816873e+04   6.8466160e+03
   1.3890000e+03   4.3554121e+03  -1.1169716e+04
   1.3900000e+03  -1.3463721e+04  -1.0685386e+04
   1.3910000e+03  -1.2590286e+04   5.7349567e+03
   1.3920000e+03   2.8111463e+02   7.4790188e+03
   1.3930000e+03   1.3081434e+02  -5.1215064e+03
   1.3940000e+03  -1.3135388e+04  -1.9873662e+04
   1.3950000e+03  -2.0297757e+04  -2.5674536e+04
   1.3960000e+03  -1.2305476e+04  -1.2603360e+04
   1.3970000e+03  -1.3363040e+03   7.0402396e+03
   1.3980000e+03  -6.2659664e+03   4.7551382e+03
   1.3990000e+03  -2.3258921e+04  -2.1856386e+04
   1.4000000e+03  -2.9218444e+04  -3.6719024e+04
   1.4010000e+03  -1.4017053e+04  -2.1472713e+04
   1.4020000e+03   5.3535265e+03   1.9921554e+03
   1.4030000e+03   9.5212194e+03   4.0708435e+03
   1.4040000e+03   5.6116959e+02  -1.3606032e+04
   1.4050000e+03  -1.5871659e+04  -1.2631249e+04
   1.4060000e+03  -3.2559080e+04   5.8811723e+03
   1.4070000e+03  -2.3872575e+04  -4.1358820e+02
   1.4080000e+03   1.0305118e+04  -1.8180840e+04
   1.4090000e+03   1.6835311e+04  -1.2175006e+04
   1.4100000e+03  -1.8215032e+04  -1.4800886e+03
   1.4110000e+03  -3.4391684e+04  -2.5693483e+03
   1.4120000e+03  -9.9698365e+03   3.1641151e+03
   1.4130000e+03   1.6188621e+04   1.5028355e+04
   1.4140000e+03   1.7632595e+04   1.1340092e+04
   1.4150000e+03  -4.3345403e+03  -1.7313094e+04
   1.4160000e+03  -2.2117202e+04  -4.0762988e+04
   1.4170000e+03  -1.1334620e+04  -8.8259607e+03
   1.4180000e+03   1.6711899e+04   4.5236697e+04
   1.4190000e+03   2.9539653e+04   3.7516308e+04
   1.4200000e+03   6.2929359e+03  -1.2811199e+04
   1.4210000e+03  -2.5492190e+04  -2.7376346e+04
   1.4220000e+03  -2.6666347e+04  -8.9195104e+03
   1.4230000e+03   1.7819072e+03  -3.1211309e+03
   1.4240000e+03   2.8345392e+04  -1.4584167e+03
   1.4250000e+03   1.3337949e+04   9.4906733e+03
   1.4260000e+03  -2.1685072e+04   9.6361038e+03
   1.4270000e+03  -1.0078561e+04   9.7845067e+02
   1.4280000e+03   3.2587190e+04  -5.4850897e+03
   1.4290000e+03   3.5843328e+04   5.3529509e+03
   1.4300000e+03  -4.2674762e+02   3.6081430e+04
   1.4310000e+03  -1.1211215e+04   3.5362252e+04
   1.4320000e+03   2.0113016e+04   2.9004960e+03
   1.4330000e+03   3.7355202e+04  -1.0500860e+03
   1.4340000e+03   1.4338178e+04   2.3946470e+04
   1.4350000e+03  -1.5108371e+04   3.6450382e+04
   1.4360000e+03  -1.2330780e+04   1.3561459e+04
   1.4370000e+03   2.0700993e+04  -1.4562341e+04
   1.4380000e+03   3.5428768e+04  -6.9894490e+03
   1.4390000e+03   9.8075867e+03   1.5278434e+04
   1.4400000e+03  -1.9664620e+04   2.5804540e+04
   1.4410000e+03  -2.0127992e+04   2.0864996e+04
   1.4420000e+03   5.2255903e+03  -4.2984735e+02
   1.4430000e+03   3.0613499e+04  -1.4517105e+04
   1.4440000e+03   3.3170472e+04   8.3940790e+02
   1.4450000e+03   1.5861335e+04   2.8410545e+04
   1.4460000e+03   8.0666392e+02   2.7294645e+04
   1.4470000e+03   1.2924706e+03  -1.3731821e+03
   1.4480000e+03   1.0092175e+04  -1.1027905e+04
   1.4490000e+03   1.2450919e+04   5.7046068e+03
   1.4500000e+03   6.3501310e+03   2.1486773e+04
   1.4510000e+03   5.8395518e+03   2.4003256e+04
   1.4520000e+03   6.9354832e+03   1.1507712e+04
   1.4530000e+03  -7.8722259e+03  -6.0391238e+03
   1.4540000e+03  -2.3272531e+04  -1.1040835e+04
   1.4550000e+03  -1.9529907e+04   1.1694831e+03
   1.4560000e+03  -3.6568450e+03   1.5172125e+04
   1.4570000e+03   1.6313363e+04   1.0393390e+04
   1.4580000e+03   2.5134009e+04  -1.3342304e+04
   1.4590000e+03   5.1167425e+03  -2.9877733e+04
   1.4600000e+03  -2.2658885e+04  -2.1117904e+04
   1.4610000e+03  -2.0593815e+04  -4.8820689e+03
   1.4620000e+03   6.5218860e+03  -1.4457822e+03
   1.4630000e+03   2.4718261e+04  -1.3742063e+04
   1.4640000e+03   1.6129758e+04  -3.6371541e+04
   1.4650000e+03  -1.1945977e+04  -3.9123817e+04
   1.4660000e+03  -2.9890246e+04  -1.4013721e+03
   1.4670000e+03  -1.9774245e+04   2.9008125e+04
   1.4680000e+03  -7.2654007e+03  -4.3342628e+02
   1.4690000e+03  -1.2626664e+04  -4.3337887e+04
   1.4700000e+03  -1.7257507e+04  -2.7405564e+04
   1.4710000e+03  -1.2016207e+04   1.6896410e+04
   1.4720000e+03  -1.0707155e+04   2.4211276e+04
   1.4730000e+03  -9.6347229e+03  -3.5903194e+03
   1.4740000e+03   1.2620274e+03  -2.7000169e+04
   1.4750000e+03   7.8727006e+03  -2.1220434e+04
   1.4760000e+03  -2.7387411e+03   1.6728172e+02
   1.4770000e+03  -1.5092768e+04   9.5576218e+03
   1.4780000e+03  -5.2509402e+03   1.0442677e+03
   1.4790000e+03   1.2629359e+04  -1.8391040e+04
   1.4800000e+03   2.1179588e+03  -3.1515847e+04
   1.4810000e+03  -2.0871137e+04  -1.5394731e+04
   1.4820000e+03  -1.6269079e+04   1.7641310e+04
   1.4830000e+03   1.1248763e+03   1.5418225e+04
   1.4840000e+03  -4.5667369e+03  -3.0242488e+04
   1.4850000e+03  -2.2664345e+04  -5.0630569e+04
   1.4860000e+03  -2.1195584e+04  -9.2992482e+03
   1.4870000e+03  -5.4567110e+03   3.2742504e+04
   1.4880000e+03   5.4536974e+03   1.5251453e+04
   1.4890000e+03   8.7778825e+03  -2.0828874e+04
   1.4900000e+03  -7.2791438e+02  -1.3817159e+04
   1.4910000e+03  -1.3699529e+04   9.8565816e+03
   1.4920000e+03  -5.4474111e+03   1.1643453e+04
   1.4930000e+03   2.3676431e+04   3.8470293e+03
   1.4940000e+03   3.6200209e+04  -2.7890890e+03
   1.4950000e+03   1.7662529e+03  -4.6856889e+03
   1.4960000e+03  -3.3448085e+04   4.6147865e+03
   1.4970000e+03  -1.3094567e+04   1.0862881e+04
   1.4980000e+03   2.1630201e+04  -5.7588906e+03
   1.4990000e+03   1.4939635e+04  -2.3494935e+04
   1.5000000e+03  -1.5348245e+04  -1.1691959e+04
   1.5010000e+03  -2.7903363e+04   1.0388374e+04
   1.5020000e+03  -9.1775344e+03   1.7836805e+04
   1.5030000e+03   1.4907280e+04   7.9755541e+03
   1.5040000e+03   9.8512097e+03  -3.4683856e+03
   1.5050000e+03  -1.0077366e+04   1.1069970e+04
   1.5060000e+03  -6.0564171e+03   2.8869730e+04
   1.5070000e+03   1.4566198e+04   2.1329206e+04
   1.5080000e+03   1.8591264e+04   1.2528702e+04
   1.5090000e+03  -6.3047908e+01   1.0476448e+04
   1.5100000e+03  -1.3724240e+04   9.4793153e+03
   1.5110000e+03   9.6111230e+03   1.2036331e+04
   1.5120000e+03   3.7592339e+04   8.9250037e+03
   1.5130000e+03   1.3173835e+04   7.5507209e+03
   1.5140000e+03  -1.9079620e+04   1.4248108e+04
   1.5150000e+03   8.3935259e+03   9.4974512e+03
   1.5160000e+03   4.3575995e+04  -4.4495216e+03
   1.5170000e+03   2.0416431e+04  -3.8816971e+03
   1.5180000e+03  -2.0116757e+04   7.9607431e+03
   1.5190000e+03  -2.7002821e+04   1.3580938e+04
   1.5200000e+03  -6.3721802e+03   8.1627044e+03
   1.5210000e+03   2.0121811e+04  -2.9094826e+03
   1.5220000e+03   2.1313954e+04   1.9929239e+03
   1.5230000e+03   1.5549267e+01   2.1644778e+04
   1.5240000e+03  -3.2089401e+03   1.4702760e+04
   1.5250000e+03   7.0313436e+03  -1.2238374e+04
   1.5260000e+03   1.1214152e+04  -7.6177871e+03
   1.5270000e+03   1.1137205e+04   1.9084766e+04
   1.5280000e+03   1.6561610e+03   1.8506692e+04
   1.5290000e+03  -4.4040981e+03  -1.7096627e+03
   1.5300000e+03   6.8361474e+03  -1.8023422e+03
   1.5310000e+03   1.4070840e+04   1.3974110e+04
   1.5320000e+03   3.1528822e+03   1.7855618e+04
   1.5330000e+03  -4.4225295e+03   9.4451907e+02
   1.5340000e+03   6.4087985e+03  -1.9079667e+04
   1.5350000e+03   1.5493404e+04  -1.3318394e+04
   1.5360000e+03   4.2348409e+03   7.2116883e+03
   1.5370000e+03  -1.7294413e+04   6.8921063e+03
   1.5380000e+03  -1.7302862e+04  -1.0514501e+04
   1.5390000e+03   1.2688586e+04  -2.1296881e+04
   1.5400000e+03   2.4215306e+04  -2.0945073e+04
   1.5410000e+03  -2.8592245e+03  -1.3228460e+04
   1.5420000e+03  -2.2405735e+04  -2.5263110e+03
   1.5430000e+03  -7.3408673e+03   1.9307230e+02
   1.5440000e+03   1.6603907e+04  -5.3314307e+03
   1.5450000e+03   6.6016223e+03  -5.4299119e+03
   1.5460000e+03  -2.3650136e+04   7.8765818e+02
   1.5470000e+03  -1.5758723e+04   3.7704003e+03
   1.5480000e+03   1.3557741e+04  -4.6928167e+03
   1.5490000e+03   6.9844394e+03  -1.7654853e+04
   1.5500000e+03  -1.7193764e+04  -1.3002514e+04
   1.5510000e+03  -1.6457289e+04  -1.0352399e+03
   1.5520000e+03  -2.0246217e+03  -7.4708849e+03
   1.5530000e+03   4.9384274e+03  -1.6340315e+04
   1.5540000e+03   5.3713653e+03  -8.3615722e+03
   1.5550000e+03  -7.1897258e+03  -1.1943803e+03
   1.5560000e+03  -2.9579062e+04  -7.2904834e+03
   1.5570000e+03  -2.8207117e+04  -9.1775547e+03
   1.5580000e+03   7.8341238e+03  -1.2873193e+03
   1.5590000e+03   2.9875601e+04  -2.2017637e+03
   1.5600000e+03  -3.1503829e+02  -1.2235866e+04
   1.5610000e+03  -3.5629386e+04  -1.0527543e+04
   1.5620000e+03  -2.3619949e+04   1.5833969e+03
   1.5630000e+03   4.3383782e+03  -2.9950270e+03
   1.5640000e+03   6.6274405e+03  -1.8881071e+04
   1.5650000e+03  -1.8084215e+03  -1.1484277e+04
   1.5660000e+03   1.2768672e+02   9.5805132e+03
   1.5670000e+03  -4.5399285e+02   1.1735013e+04
   1.5680000e+03  -3.9579634e+03  -1.6474588e+03
   1.5690000e+03   5.1886329e+03  -9.6420615e+03
   1.5700000e+03   8.0404332e+02  -4.9519677e+03
   1.5710000e+03  -2.3525350e+04   2.0822506e+03
   1.5720000e+03  -1.9369251e+04   4.1808546e+03
   1.5730000e+03   8.4524019e+03   5.0643274e+03
   1.5740000e+03   1.3375922e+04   1.7023046e+03
   1.5750000e+03  -4.8839919e+03  -6.1912114e+03
   1.5760000e+03  -2.4020907e+04  -5.3171224e+03
   1.5770000e+03  -2.6594401e+04   2.0329778e+03
   1.5780000e+03  -5.3957457e+03  -5.1496200e+03
   1.5790000e+03   1.0584084e+04  -1.6793658e+04
   1.5800000e+03  -1.9993111e+03  -5.9782384e+03
   1.5810000e+03  -1.3724493e+04   1.3752574e+04
   1.5820000e+03  -5.1077804e+03   1.8300415e+04
   1.5830000e+03   8.6904655e+03   7.1594316e+03
   1.5840000e+03   2.1705200e+04  -9.7160929e+03
   1.5850000e+03   2.0418648e+04  -1.5725223e+04
   1.5860000e+03  -8.1454820e+01  -3.1825069e+03
   1.5870000e+03  -5.8559946e+03   1.5061406e+04
   1.5880000e+03   1.3090181e+04   1.9899819e+04
   1.5890000e+03   2.5707580e+04   8.9648024e+03
   1.5900000e+03   1.3168931e+04  -2.0826710e+02
   1.5910000e+03  -1.1732863e+04   7.0526015e+03
   1.5920000e+03  -1.7090475e+04   2.2265749e+04
   1.5930000e+03   4.7096568e+02   1.6562532e+04
   1.5940000e+03   6.8202568e+03  -3.4626804e+03
   1.5950000e+03   5.0272945e+03   3.5490617e+02
   1.5960000e+03   1.4883120e+04   1.4637910e+04
   1.5970000e+03   6.2307417e+03   1.3657873e+04
   1.5980000e+03  -1.6005550e+04   8.9341175e+03
   1.5990000e+03  -5.2031807e+03   2.6957085e+03
   1.6000000e+03   1.6753698e+04   7.9114343e+02
   1.6010000e+03   1.8746794e+04   1.1957355e+04
   1.6020000e+03   1.1857054e+04   1.2872556e+04
   1.6030000e+03  -1.7546843e+03  -1.2150981e+03
   1.6040000e+03  -4.7320088e+03  -3.0561182e+02
   1.6050000e+03   1.3220154e+04   1.6821356e+04
   1.6060000e+03   1.8337295e+04   2.7221208e+04
   1.6070000e+03   4.2883831e+03   1.8950836e+04
   1.6080000e+03   3.1877905e+03  -8.3303317e+03
   1.6090000e+03   1.8151335e+04  -2.0012197e+04
   1.6100000e+03   2.2077207e+04   3.5592197e+03
   1.6110000e+03   8.0188387e+03   1.0205432e+04
   1.6120000e+03  -4.7572792e+03  -6.8741431e+03
   1.6130000e+03  -5.4841379e+03   9.9753402e+03
   1.6140000e+03  -2.4286435e+03   3.8147740e+04
   1.6150000e+03  -3.3772407e+03   1.4819406e+04
   1.6160000e+03   6.3578000e+00  -3.0579611e+04
   1.6170000e+03   7.7830542e+03  -2.7288905e+04
   1.6180000e+03   1.6819513e+03   1.5378315e+04
   1.6190000e+03  -9.3259436e+03   3.0802391e+04
   1.6200000e+03   2.0152232e+03   2.8364434e+03
   1.6210000e+03   2.3862489e+04  -2.0785107e+04
   1.6220000e+03   2.1896419e+04  -1.0422717e+04
   1.6230000e+03   1.7202229e+03  -1.3350870e+03
   1.6240000e+03  -8.6145772e+02  -1.8508092e+04
   1.6250000e+03   1.0309691e+04  -2.2831091e+04
   1.6260000e+03   6.0274889e+03   9.3631143e+02
   1.6270000e+03  -3.2749910e+03   1.1450379e+04
   1.6280000e+03  -8.2861577e+02  -7.2305787e+03
   1.6290000e+03  -5.9681707e+03  -2.1414592e+04
   1.6300000e+03  -2.5720743e+04  -7.2610687e+03
   1.6310000e+03  -3.4598783e+04   1.0290954e+04
   1.6320000e+03  -2.2460886e+04  -1.6277896e+03
   1.6330000e+03  -3.5183467e+03  -3.0297933e+04
   1.6340000e+03   6.9335270e+03  -3.1196164e+04
   1.6350000e+03  -1.6213117e+03   4.7362665e+03
   1.6360000e+03  -1.8383547e+04   2.8934287e+04
   1.6370000e+03  -1.8833017e+04   6.4613713e+03
   1.6380000e+03  -6.0918233e+03  -3.2450395e+04
   1.6390000e+03  -1.7080500e+03  -3.2864746e+04
   1.6400000e+03  -5.3714378e+03  -1.5542840e+03
   1.6410000e+03  -5.1569673e+03  -2.0291752e+03
   1.6420000e+03  -5.3441499e+03  -2.9932909e+04
   1.6430000e+03  -9.4904345e+03  -2.3255985e+04
   1.6440000e+03  -7.9119453e+03   5.5172249e+03
   1.6450000e+03  -3.2189524e+02  -1.1356642e+03
   1.6460000e+03   8.3652180e+02  -3.0788422e+04
   1.6470000e+03  -1.2548629e+04  -2.8047847e+04
   1.6480000e+03  -2.6749645e+04   4.3709529e+03
   1.6490000e+03  -1.7418683e+04   1.9443534e+04
   1.6500000e+03   2.9233790e+03   2.1828865e+03
   1.6510000e+03   3.2711952e+03  -1.6729130e+04
   1.6520000e+03  -9.7762177e+03  -4.6951827e+03
   1.6530000e+03  -2.2592746e+04   1.6842863e+04
   1.6540000e+03  -3.0720865e+04   1.1603832e+04
   1.6550000e+03  -7.5840812e+03  -8.9084420e+03
   1.6560000e+03   3.3051320e+04  -1.8528371e+04
   1.6570000e+03   2.6545720e+04  -4.8932926e+03
   1.6580000e+03  -1.1767630e+04   1.0450284e+04
   1.6590000e+03  -9.2683185e+03  -2.2826434e+03
   1.6600000e+03   2.1714796e+04  -1.4770715e+04
   1.6610000e+03   2.2658270e+04   2.5263158e+03
   1.6620000e+03   7.7832527e+02   2.6600303e+04
   1.6630000e+03  -3.0240781e+03   2.7678383e+04
   1.6640000e+03   3.8428775e+03   1.8045033e+03
   1.6650000e+03  -2.0730670e+03  -1.7993984e+04
   1.6660000e+03  -9.8956656e+03   7.5393315e+02
   1.6670000e+03  -7.2169282e+03   3.1764528e+04
   1.6680000e+03   2.8198387e+03   2.8406332e+04
   1.6690000e+03   6.3783825e+03   3.7595557e+03
   1.6700000e+03   2.7263928e+03  -3.9014990e+03
   1.6710000e+03   9.9251143e+03   8.1459969e+02
   1.6720000e+03   8.1561010e+03   4.2262559e+03
   1.6730000e+03  -9.8276031e+03   2.3019820e+03
   1.6740000e+03  -1.2952819e+03  -1.7905526e+03
   1.6750000e+03   2.4897289e+04   1.0601112e+04
   1.6760000e+03   2.8950806e+04   2.5804117e+04
   1.6770000e+03   1.3242870e+04   1.9195146e+04
   1.6780000e+03  -2.2537824e+03   1.1307934e+04
   1.6790000e+03  -2.4748310e+03   1.9201774e+04
   1.6800000e+03   9.3817464e+03   2.2334411e+04
   1.6810000e+03   2.1783162e+04   9.4138646e+03
   1.6820000e+03   2.3789009e+04   8.2029362e+03
   1.6830000e+03   8.7927275e+03   2.5935475e+04
   1.6840000e+03  -1.2317631e+03   2.5077684e+04
   1.6850000e+03   6.1427925e+03   1.8109342e+03
   1.6860000e+03   7.1546810e+03  -1.0529996e+04
   1.6870000e+03  -2.8058765e+03  -9.1950156e+02
   1.6880000e+03   2.2099714e+03   1.3904023e+04
   1.6890000e+03   1.9514956e+04   1.3043634e+04
   1.6900000e+03   1.3910600e+04  -1.8776706e+03
   1.6910000e+03  -1.0951834e+04  -1.2233692e+04
   1.6920000e+03  -1.7723388e+04  -1.0504151e+04
   1.6930000e+03  -2.6136186e+03  -3.5262605e+03
   1.6940000e+03   1.1492446e+04   3.7680499e+03
   1.6950000e+03   1.4907546e+04   8.1213221e+03
   1.6960000e+03   1.0313698e+04   3.6304621e+02
   1.6970000e+03  -4.6148203e+03  -1.3711057e+04
   1.6980000e+03  -1.6741790e+04  -1.5871809e+04
   1.6990000e+03  -5.0395266e+03  -5.3314342e+03
   1.7000000e+03   1.0047095e+04   2.1561344e+03
   1.7010000e+03   6.9730727e+03   2.6214795e+03
   1.7020000e+03  -4.2522169e+03   8.2115754e+03
   1.7030000e+03  -1.4506762e+04   1.2594865e+03
   1.7040000e+03  -7.4830607e+03  -2.8574082e+04
   1.7050000e+03   1.4776639e+04  -2.8436197e+04
   1.7060000e+03   1.5113844e+04   8.7156571e+03
   1.7070000e+03  -1.2707312e+04   1.8904290e+04
   1.7080000e+03  -3.0089136e+04  -6.2266111e+03
   1.7090000e+03  -1.2035865e+04  -2.3359042e+04
   1.7100000e+03   1.3744298e+04  -1.7964780e+04
   1.7110000e+03   6.3884806e+03  -7.3648808e+03
   1.7120000e+03  -1.6410542e+04  -9.6073813e+03
   1.7130000e+03  -1.2440048e+04  -2.3387709e+04
   1.7140000e+03   1.5403668e+03  -2.4706681e+04
   1.7150000e+03  -8.6503978e+03  -3.1265786e+03
   1.7160000e+03  -2.0524759e+04   8.8402230e+03
   1.7170000e+03  -1.0886064e+04  -8.9955944e+03
   1.7180000e+03  -1.3314684e+03  -3.0228623e+04
   1.7190000e+03  -3.2125045e+03  -2.9303466e+04
   1.7200000e+03  -5.3380067e+03  -6.5803857e+03
   1.7210000e+03  -7.8359394e+03   1.6588957e+04
   1.7220000e+03  -1.7114869e+04   1.3439717e+04
   1.7230000e+03  -2.0753980e+04  -1.2165079e+04
   1.7240000e+03  -4.5212739e+03  -2.1432715e+04
   1.7250000e+03   1.0536742e+04  -2.2035812e+03
   1.7260000e+03   1.0679474e+03   9.0575514e+03
   1.7270000e+03  -1.5917028e+04  -2.4464838e+03
   1.7280000e+03  -1.4072029e+04  -1.4943233e+04
   1.7290000e+03   1.9354427e+03  -1.3795801e+04
   1.7300000e+03   6.9069503e+03  -4.1819594e+03
   1.7310000e+03  -3.2466391e+03  -5.9510667e+03
   1.7320000e+03  -5.9861178e+03  -1.5589292e+04
   1.7330000e+03   9.8161798e+03  -1.1419248e+04
   1.7340000e+03   1.6667114e+04  -2.6040290e+03
   1.7350000e+03  -9.3964498e+03   2.0865009e+03
   1.7360000e+03  -2.5945020e+04   1.5231462e+04
   1.7370000e+03   2.3034029e+02   2.3055187e+04
   1.7380000e+03   2.1984642e+04   3.6603576e+03
   1.7390000e+03   1.0912293e+04  -1.2153300e+04
   1.7400000e+03  -8.9419710e+03   6.2170184e+03
   1.7410000e+03  -2.1842708e+04   2.6011929e+04
   1.7420000e+03  -1.4542340e+04   2.0208343e+04
   1.7430000e+03   1.2552370e+04   4.5181868e+03
   1.7440000e+03   2.4745262e+04  -2.2739467e+03
   1.7450000e+03   8.1605487e+03   2.6607260e+03
   1.7460000e+03  -7.2059994e+03   3.7312793e+03
   1.7470000e+03  -5.5184044e+03  -2.1196529e+02
   1.7480000e+03   5.9435405e+02   3.3436212e+03
   1.7490000e+03   5.8656865e+03   9.7065800e+03
   1.7500000e+03   7.5195228e+03   1.5961722e+04
   1.7510000e+03   4.6083897e+03   1.7697356e+04
   1.7520000e+03   8.6629185e+03   8.9185105e+03
   1.7530000e+03   1.3265000e+04   5.0370071e+03
   1.7540000e+03   4.0633218e+03   1.5746703e+04
   1.7550000e+03  -2.5543422e+03   2.5023343e+04
   1.7560000e+03  -2.1633326e+02   2.1365615e+04
   1.7570000e+03  -6.2935004e+03   1.5839385e+04
   1.7580000e+03  -7.3384102e+03   1.6242649e+04
   1.7590000e+03   1.0041000e+04   1.3840406e+04
   1.7600000e+03   2.2854066e+04   1.3198517e+03
   1.7610000e+03   1.5552740e+04  -1.1445463e+04
   1.7620000e+03  -6.3589942e+03  -6.8255863e+03
   1.7630000e+03  -1.2201876e+04   5.1534456e+03
   1.7640000e+03   1.9667091e+04   9.5507676e+03
   1.7650000e+03   4.3968024e+04   7.9697295e+03
   1.7660000e+03   2.5235716e+04  -7.9937552e+03
   1.7670000e+03  -4.1729352e+03  -1.3765770e+04
   1.7680000e+03  -1.2209465e+04   1.6391349e+04
   1.7690000e+03   1.1024758e+03   2.9962167e+04
   1.7700000e+03   1.3604252e+04   1.3542744e+03
   1.7710000e+03   4.2607824e+03  -1.2341696e+04
   1.7720000e+03  -1.2947290e+04   9.5273928e+03
   1.7730000e+03  -9.5101945e+03   1.8509882e+04
   1.7740000e+03   7.3526249e+03  -4.1529991e+03
   1.7750000e+03   6.8023689e+03  -1.6734947e+04
   1.7760000e+03  -8.5558092e+03  -2.3828715e+03
   1.7770000e+03  -1.2450576e+04   6.4411892e+03
   1.7780000e+03   1.1162395e+03  -8.7230902e+03
   1.7790000e+03   1.6269407e+04  -2.3792043e+04
   1.7800000e+03   1.4146760e+04  -1.1067395e+04
   1.7810000e+03   2.1184192e+03   9.4772551e+03
   1.7820000e+03  -2.7656602e+03   5.2912391e+03
   1.7830000e+03  -4.8087558e+03  -1.3308994e+04
   1.7840000e+03  -2.2988134e+02  -2.2278641e+04
   1.7850000e+03   1.2350670e+04  -1.7475742e+04
   1.7860000e+03   5.4711688e+03  -5.0716603e+03
   1.7870000e+03  -2.0691680e+04   5.7121846e+03
   1.7880000e+03  -2.4176432e+04   9.9587891e+02
   1.7890000e+03  -8.6047217e+02  -1.5073882e+04
   1.7900000e+03   9.0340147e+03  -2.1552060e+04
   1.7910000e+03  -3.2560378e+03  -1.7577679e+04
   1.7920000e+03  -1.5143129e+04  -1.0357540e+04
   1.7930000e+03  -1.4142751e+04  -5.0774064e+03
   1.7940000e+03  -1.0083116e+03  -1.1255424e+04
   1.7950000e+03   1.1693174e+04  -2.0300323e+04
   1.7960000e+03   9.8377524e+03  -1.4258123e+04
   1.7970000e+03  -9.9453665e+03   3.4610200e+03
   1.7980000e+03  -2.3589262e+04   7.9125832e+03
   1.7990000e+03  -1.9239116e+03  -5.0299406e+03
   1.8000000e+03   2.1780281e+04  -1.0777755e+04
   1.8010000e+03   6.9127158e+03  -3.0815445e+03
   1.8020000e+03  -1.6864539e+04   7.2139741e+03
   1.8030000e+03  -2.0428676e+04   1.9929885e+03
   1.8040000e+03  -1.1449739e+04  -1.5338495e+04
   1.8050000e+03   7.9145318e+02  -6.5745524e+03
   1.8060000e+03   4.1566479e+02   1.2400841e+04
   1.8070000e+03  -1.6889787e+04   2.6590024e+03
   1.8080000e+03  -2.1288506e+04  -1.3911098e+04
   1.8090000e+03  -6.2505771e+03  -1.8506226e+04
   1.8100000e+03  -9.7622500e+03  -1.2784033e+04
   1.8110000e+03  -2.4494992e+04   1.6928570e+03
   1.8120000e+03  -5.4758742e+03   8.3469264e+03
   1.8130000e+03   2.0034091e+04   2.6358754e+03
   1.8140000e+03   4.4306957e+03  -5.7172828e+03
   1.8150000e+03  -1.9804704e+04  -9.3632690e+03
   1.8160000e+03  -5.2879812e+03   7.7063540e+02
   1.8170000e+03   2.8678013e+04   1.5610108e+04
   1.8180000e+03   2.4103372e+04   9.6818445e+03
   1.8190000e+03  -2.1491752e+04  -5.4855076e+03
   1.8200000e+03  -3.1160021e+04   5.2135840e+03
   1.8210000e+03   1.3306569e+04   2.1922237e+04
   1.8220000e+03   2.9650934e+04   6.5545328e+03
   1.8230000e+03  -5.6361420e+03  -1.6548638e+04
   1.8240000e+03  -3.6448958e+04  -6.9673459e+03
   1.8250000e+03  -3.6096051e+04   1.9832711e+04
   1.8260000e+03  -1.1691916e+04   1.9155356e+04
   1.8270000e+03   1.7093699e+04  -5.5585841e+03
   1.8280000e+03   2.9160207e+04  -9.4531916e+03
   1.8290000e+03   1.9770292e+04   1.0741534e+04
   1.8300000e+03  -2.0913212e+03   1.8248413e+04
   1.8310000e+03  -1.0005862e+04   1.2386537e+04
   1.8320000e+03   4.1968544e+03   1.7689332e+04
   1.8330000e+03   1.5884313e+04   1.6155560e+04
   1.8340000e+03   1.8307044e+04  -4.5093596e+03
   1.8350000e+03   1.2435599e+04  -5.7585858e+03
   1.8360000e+03  -7.4745424e+03   1.6235499e+04
   1.8370000e+03  -1.9211396e+04   2.6502266e+04
   1.8380000e+03   2.7036433e+03   1.7567392e+04
   1.8390000e+03   2.9190761e+04  -2.0318085e+03
   1.8400000e+03   1.1984529e+04  -1.5187440e+04
   1.8410000e+03  -1.9783178e+04  -4.1217109e+03
   1.8420000e+03  -6.0178912e+03   1.6994262e+04
   1.8430000e+03   2.6994823e+04   1.8520324e+04
   1.8440000e+03   2.9788564e+04   1.9844551e+03
   1.8450000e+03   1.1927313e+04  -8.3305962e+03
   1.8460000e+03  -5.3663806e+03  -4.9195528e+03
   1.8470000e+03  -3.6726265e+03   7.0658973e+03
   1.8480000e+03   2.5910202e+04   1.4112526e+04
   1.8490000e+03   4.2495995e+04   6.9769018e+03
   1.8500000e+03   1.2999211e+04   3.4585422e+02
   1.8510000e+03  -2.0078879e+04  -1.8584407e+03
   1.8520000e+03  -1.2640264e+04  -2.6419894e+03
   1.8530000e+03   9.9086707e+03   7.7666997e+03
   1.8540000e+03   1.5400855e+04   1.7263791e+04
   1.8550000e+03   1.2853816e+04   6.6357270e+03
   1.8560000e+03   8.6240233e+03  -1.0556021e+04
   1.8570000e+03   2.2971343e+02  -8.4452353e+03
   1.8580000e+03  -2.6570760e+03   8.1494920e+03
   1.8590000e+03   1.1935423e+03   1.0771710e+04
   1.8600000e+03   7.8648906e+03  -5.8149566e+03
   1.8610000e+03   1.2654790e+04  -1.2702004e+04
   1.8620000e+03   2.9766204e+03   7.1617504e+03
   1.8630000e+03  -1.4530522e+04   1.4354415e+04
   1.8640000e+03  -2.1062501e+04  -1.4497309e+04
   1.8650000e+03  -8.0870439e+03  -2.5151585e+04
   1.8660000e+03   1.3462921e+04  -4.8179177e+02
   1.8670000e+03   7.1765828e+03   5.6428139e+03
   1.8680000e+03  -2.4044279e+04  -1.8296165e+04
   1.8690000e+03  -2.6600240e+04  -2.4294150e+04
   1.8700000e+03   5.0124775e+03   7.6015684e+03
   1.8710000e+03   1.8966451e+04   2.1974891e+04
   1.8720000e+03  -5.6757703e+03  -1.6696231e+04
   1.8730000e+03  -2.7209683e+04  -4.9578228e+04
   1.8740000e+03  -1.4571908e+04  -2.9026461e+04
   1.8750000e+03   6.7789994e+03   7.2406794e+03
   1.8760000e+03   1.1290720e+04   1.1318525e+04
   1.8770000e+03   1.4089760e+03  -9.3361920e+03
   1.8780000e+03  -1.1527794e+04  -2.7029709e+04
   1.8790000e+03  -2.2627875e+04  -2.4437018e+04
   1.8800000e+03  -2.7588099e+04   1.2815109e+03
   1.8810000e+03  -1.0873204e+04   1.0764551e+04
   1.8820000e+03   1.1326437e+04  -1.2123247e+04
   1.8830000e+03   3.9787279e+03  -1.9564900e+04
   1.8840000e+03  -2.1229967e+04  -2.7704458e+03
   1.8850000e+03  -3.1665323e+04   7.0245920e+03
   1.8860000e+03  -1.6346337e+04   7.2493183e+02
   1.8870000e+03   1.2571295e+03  -1.7483168e+04
   1.8880000e+03  -6.6986777e+03  -1.9177947e+04
   1.8890000e+03  -1.9066874e+04   9.1225543e+03
   1.8900000e+03  -5.6414428e+03   1.8350873e+04
   1.8910000e+03   2.0012335e+04  -1.3367784e+04
   1.8920000e+03   2.2336634e+04  -3.7893220e+04
   1.8930000e+03  -8.7941310e+03  -3.2604460e+04
   1.8940000e+03  -3.4398056e+04  -8.8744880e+03
   1.8950000e+03  -1.8655282e+04   2.5702737e+04
   1.8960000e+03   1.4164652e+04   2.4388209e+04
   1.8970000e+03   1.8720538e+04  -2.7318284e+04
   1.8980000e+03  -8.7382365e+02  -3.8578668e+04
   1.8990000e+03  -1.3228789e+04   1.9242333e+04
   1.9000000e+03  -1.7103747e+04   4.9483234e+04
   1.9010000e+03  -1.2791290e+04   2.0030972e+04
   1.9020000e+03   3.5416444e+03   1.8573849e+02
   1.9030000e+03   7.7597142e+03   1.3995026e+04
   1.9040000e+03  -1.2941451e+03   2.1955294e+04
   1.9050000e+03   7.0961422e+03   8.3401505e+03
   1.9060000e+03   1.9749330e+04  -1.6426923e+03
   1.9070000e+03   7.0695011e+03   5.2299653e+03
   1.9080000e+03   9.5861433e+02   9.2020159e+03
   1.9090000e+03   2.1200511e+04   8.1195662e+03
   1.9100000e+03   1.4379641e+04   9.3924418e+03
   1.9110000e+03  -2.3849931e+04  -4.3744170e+03
   1.9120000e+03  -2.4252264e+04  -1.0255810e+04
   1.9130000e+03   2.1578632e+04   1.9700396e+04
   1.9140000e+03   4.7202615e+04   3.3317449e+04
   1.9150000e+03   1.5074895e+04   7.3560655e+03
   1.9160000e+03  -2.6266408e+04  -3.3867674e+03
   1.9170000e+03  -1.5498655e+04   1.6612499e+04
   1.9180000e+03   2.5220734e+04   2.9444675e+04
   1.9190000e+03   4.3533430e+04   1.6669739e+04
   1.9200000e+03   3.1246011e+04  -3.8442752e+03
   1.9210000e+03   5.1034626e+03  -9.3775220e+02
   1.9220000e+03  -8.3927595e+03   2.3016852e+04
   1.9230000e+03   5.0958739e+03   2.2579998e+04
   1.9240000e+03   1.7524106e+04  -5.8624258e+03
   1.9250000e+03   3.6955685e+03  -1.4941962e+04
   1.9260000e+03  -1.3452161e+04   4.4598363e+03
   1.9270000e+03  -5.2691910e+03   2.8125784e+04
   1.9280000e+03   1.7020538e+04   2.8448481e+04
   1.9290000e+03   1.7605195e+04  -3.3857133e+03
   1.9300000e+03  -8.2322018e+03  -2.0077425e+04
   1.9310000e+03  -1.9064616e+04   1.3818300e+03
   1.9320000e+03  -7.9342520e+02   1.4033518e+04
   1.9330000e+03   1.4438184e+04   9.4137063e+02
   1.9340000e+03   1.4967412e+04  -4.5446443e+03
   1.9350000e+03   1.2971116e+04   4.0820781e+03
   1.9360000e+03   8.3870612e+03   1.3555827e+03
   1.9370000e+03  -2.4084961e+03  -1.0851737e+04
   1.9380000e+03  -4.3780231e+03  -1.1545389e+04
   1.9390000e+03   1.0657156e+04  -6.6708859e+03
   1.9400000e+03   1.4344450e+04  -7.8788048e+03
   1.9410000e+03  -7.6055300e+03  -8.6096691e+03
   1.9420000e+03  -2.1633468e+04  -4.9397903e+03
   1.9430000e+03  -1.9319995e+03  -7.7467277e+03
   1.9440000e+03   2.3247928e+04  -1.8593046e+04
   1.9450000e+03   9.0857565e+03  -1.9855783e+04
   1.9460000e+03  -2.6831626e+04  -1.1643393e+04
   1.9470000e+03  -2.9734877e+04  -1.1255251e+04
   1.9480000e+03  -3.4179791e+03  -1.3286722e+04
   1.9490000e+03   9.3496394e+03  -2.1039025e+03
   1.9500000e+03   1.0295753e+02   3.6454267e+03
   1.9510000e+03  -1.1671361e+04  -1.3363346e+04
   1.9520000e+03  -1.6963997e+04  -1.5730159e+04
   1.9530000e+03  -1.7189263e+04   1.8604389e+03
   1.9540000e+03  -8.6409413e+03  -5.4942513e+03
   1.9550000e+03   2.9317640e+03  -1.7996859e+04
   1.9560000e+03  -2.6382701e+03  -8.1068483e+03
   1.9570000e+03  -2.0559293e+04  -8.6817094e+03
   1.9580000e+03  -1.8400164e+04  -2.0563763e+04
   1.9590000e+03   5.0238731e+02  -9.8661912e+03
   1.9600000e+03   1.0224050e+03   1.5443731e+04
   1.9610000e+03  -9.5756281e+03   1.2917370e+04
   1.9620000e+03  -6.3065357e+03  -2.0093813e+04
   1.9630000e+03  -3.1673919e+03  -2.7786579e+04
   1.9640000e+03  -1.0849797e+04   4.5858664e+03
   1.9650000e+03  -1.3649468e+04   1.3150593e+04
   1.9660000e+03  -7.3379905e+03  -2.0350770e+04
   1.9670000e+03   2.3537484e+03  -2.5341030e+04
   1.9680000e+03   1.3373946e+04   1.0133616e+04
   1.9690000e+03   1.1727222e+04   9.2382603e+03
   1.9700000e+03  -8.1632496e+03  -3.1755736e+04
   1.9710000e+03  -2.1510950e+04  -3.5381513e+04
   1.9720000e+03  -1.1758411e+04   1.0227444e+04
   1.9730000e+03   1.0182206e+04   3.5321989e+04
   1.9740000e+03   1.4557831e+04   7.5620677e+03
   1.9750000e+03  -1.3150938e+04  -1.6178781e+04
   1.9760000e+03  -2.5168378e+04   5.5561138e+03
   1.9770000e+03   2.6443553e+03   3.0039841e+04
   1.9780000e+03   9.5816368e+03   2.1743610e+04
   1.9790000e+03  -1.6827321e+04   3.9901904e+03
   1.9800000e+03  -1.8498889e+04  -5.1116366e+03
   1.9810000e+03   4.6006110e+03  -5.7447623e+03
   1.9820000e+03   1.1239225e+04   1.2870841e+04
   1.9830000e+03   8.1076343e+03   3.2808546e+04
   1.9840000e+03   1.6887916e+04   1.2377337e+04
   1.9850000e+03   1.7328800e+04  -2.6539856e+04
   1.9860000e+03  -4.3064483e+03  -2.2544098e+04
   1.9870000e+03  -1.1994007e+04   1.5711085e+04
   1.9880000e+03   1.0757606e+04   2.8537052e+04
   1.9890000e+03   2.6993290e+04   1.3009768e+04
   1.9900000e+03   1.7953051e+04   9.1331097e+03
   1.9910000e+03  -2.9988995e+02   1.5187239e+04
   1.9920000e+03  -1.2553112e+04   1.0345827e+04
   1.9930000e+03  -3.6474551e+03   5.3959047e+03
   1.9940000e+03   1.9031005e+04   1.3903992e+04
   1.9950000e+03   2.0861615e+04   1.3931011e+04
   1.9960000e+03  -4.5479594e+03  -6.3926416e+03
   1.9970000e+03  -2.3430100e+04  -4.0381379e+03
   1.9980000e+03  -8.8060862e+03   2.9291146e+04
   1.9990000e+03   1.7520835e+04   3.5902516e+04
   2.0000000e+03   1.9121366e+04   3.0110383e+03
