   1.0274000e+02   2.5123000e+01
   9.2401614e+01   3.1678608e+01
   0.0000000e+00  -1.5838643e+03  -1.5838643e+03
   1.0000000e+00  -1.7588703e+04   3.4435760e+04
   2.0000000e+00  -6.9615644e+02   1.9910231e+04
   3.0000000e+00   1.3766686e+04  -1.5086225e+04
   4.0000000e+00   1.5035055e+04  -2.6374844e+03
   5.0000000e+00  -5.7591203e+03   2.4781199e+04
   6.0000000e+00  -1.9632874e+04   3.1561859e+04
   7.0000000e+00   5.7376419e+03   2.1274649e+04
   8.0000000e+00   2.7642428e+04  -4.6069794e+03
   9.0000000e+00   1.6831823e+04  -7.5831668e+03
   1.0000000e+01   2.0512383e+03   2.7274533e+04
   1.1000000e+01  -1.0838009e+04   3.2771524e+04
   1.2000000e+01  -1.6244645e+04  -4.3973670e+03
   1.3000000e+01   7.3009140e+02  -1.9049141e+04
   1.4000000e+01   4.2140021e+03   2.0705940e+03
   1.5000000e+01  -1.7970368e+04   3.1477687e+04
   1.6000000e+01  -2.8101292e+04   3.6567690e+04
   1.7000000e+01  -2.6418092e+04  -4.1450134e+03
   1.8000000e+01  -1.2813676e+04  -3.3778089e+04
   1.9000000e+01   1.6472098e+04  -1.1059536e+04
   2.0000000e+01   1.5168610e+04   1.6275269e+04
   2.1000000e+01  -1.8932621e+04   2.8152291e+04
   2.2000000e+01  -3.8560994e+04   2.2492522e+04
   2.3000000e+01  -4.8676348e+04  -1.3190050e+04
   2.4000000e+01  -4.0307642e+04  -2.8263760e+04
   2.5000000e+01   2.0110708e+04  -1.0258754e+03
   2.6000000e+01   6.0297958e+04   1.3944308e+04
   2.7000000e+01   3.1841090e+03   1.5423334e+04
   2.8000000e+01  -7.3590323e+04   1.5586582e+04
   2.9000000e+01  -6.8935630e+04  -1.2890818e+04
   3.0000000e+01   4.6357630e+03  -3.0905083e+04
   3.1000000e+01   5.4902393e+04  -1.8330261e+03
   3.2000000e+01   1.2854681e+04   1.8540753e+04
   3.3000000e+01  -5.4739182e+04   7.0532195e+03
   3.4000000e+01  -4.7273034e+04  -1.2119038e+04
   3.5000000e+01  -2.3233329e+03  -3.0632258e+04
   3.6000000e+01   1.3235244e+04  -2.3165143e+04
   3.7000000e+01   6.5867128e+03   8.7497540e+02
   3.8000000e+01  -1.8076325e+04  -2.7920973e+03
   3.9000000e+01  -3.5985242e+04  -4.6100013e+03
   4.0000000e+01   5.9049297e+03   1.7733310e+04
   4.1000000e+01   6.0069650e+04   1.0874462e+04
   4.2000000e+01   3.8150296e+04  -2.0944280e+04
   4.3000000e+01  -2.7613753e+04  -3.3373798e+04
   4.4000000e+01  -5.0422308e+04  -3.3667209e+04
   4.5000000e+01  -1.0755478e+03  -1.1169902e+04
   4.6000000e+01   6.4098033e+04   2.9824681e+04
   4.7000000e+01   4.9271879e+04   2.4167194e+04
   4.8000000e+01  -2.0108361e+04  -1.8425848e+04
   4.9000000e+01  -3.1166589e+04  -3.2760856e+04
   5.0000000e+01   9.3105649e+03  -1.6509910e+04
   5.1000000e+01   2.5263060e+04   1.6184946e+04
   5.2000000e+01   9.6671953e+03   3.3404900e+04
   5.3000000e+01  -3.0335462e+03  -8.6620409e+03
   5.4000000e+01   1.3437545e+04  -4.4474965e+04
   5.5000000e+01   3.9105434e+04   2.6328860e+02
   5.6000000e+01   2.8070423e+04   4.6531573e+04
   5.7000000e+01   5.2974596e+03   2.0756990e+04
   5.8000000e+01   1.7835652e+04  -2.7289716e+04
   5.9000000e+01   2.8943928e+04  -4.2078880e+04
   6.0000000e+01   8.2102609e+03  -9.0842827e+03
   6.1000000e+01  -9.5651455e+03   4.0905658e+04
   6.2000000e+01  -5.0564146e+03   4.4967132e+04
   6.3000000e+01   2.0454508e+04   4.7490396e+03
   6.4000000e+01   3.9381026e+04  -3.1791805e+04
   6.5000000e+01   9.8678640e+03  -4.1023273e+04
   6.6000000e+01  -2.4751872e+04  -5.5964575e+03
   6.7000000e+01  -8.7554001e+03   4.6155502e+04
   6.8000000e+01   1.3176588e+04   4.1643112e+04
   6.9000000e+01   8.2214667e+03  -5.7117692e+03
   7.0000000e+01   4.5050742e+03  -2.2800220e+04
   7.1000000e+01   1.2287600e+03  -1.2029855e+04
   7.2000000e+01  -6.3287121e+03  -2.8303835e+03
   7.3000000e+01  -2.9400028e+03   7.2055743e+03
   7.4000000e+01  -3.9870110e+03   1.2082809e+04
   7.5000000e+01  -5.1375081e+03   1.7546531e+04
   7.6000000e+01   1.4609012e+04   1.6655709e+04
   7.7000000e+01   1.1569729e+04  -1.4313375e+04
   7.8000000e+01  -2.3411075e+04  -2.6716871e+04
   7.9000000e+01  -3.0629941e+04   1.7376913e+03
   8.0000000e+01  -1.3264443e+04   2.7511406e+03
   8.1000000e+01   9.3552397e+02  -1.4794109e+04
   8.2000000e+01   9.2636349e+03   2.6226640e+03
   8.3000000e+01  -9.7481246e+03   2.0680379e+04
   8.4000000e+01  -3.0404332e+04   8.5398308e+03
   8.5000000e+01  -5.5823358e+03  -1.3906395e+04
   8.6000000e+01   2.0714314e+04  -2.7148114e+04
   8.7000000e+01   4.1654299e+03  -4.3583246e+03
   8.8000000e+01  -1.9862927e+04   3.8950924e+04
   8.9000000e+01  -2.2523651e+04   3.9954085e+04
   9.0000000e+01  -3.5047294e+03   7.9957235e+03
   9.1000000e+01   1.9001258e+04  -1.1747035e+04
   9.2000000e+01   1.9766390e+02  -2.3638632e+04
   9.3000000e+01  -4.1682234e+04  -1.8994184e+04
   9.4000000e+01  -3.6938157e+04  -6.6595340e+01
   9.5000000e+01  -7.0800496e+03  -3.3407447e+03
   9.6000000e+01  -6.8285970e+03  -7.1453690e+03
   9.7000000e+01  -1.1199623e+04   5.2936935e+03
   9.8000000e+01  -1.2719098e+03  -9.3179165e+03
   9.9000000e+01  -1.1469217e+03  -3.2920983e+04
   1.0000000e+02  -8.1096989e+03  -2.0768256e+04
   1.0100000e+02  -8.8205586e+03  -8.1511953e+02
   1.0200000e+02  -2.1099949e+03   1.4734003e+04
   1.0300000e+02   1.1125712e+04   3.2838838e+04
   1.0400000e+02   1.5755736e+04   1.4530978e+04
   1.0500000e+02   1.2235206e+04  -2.3162816e+04
   1.0600000e+02   9.9957988e+03  -1.7819258e+04
   1.0700000e+02  -7.6067952e+03   8.6578785e+03
   1.0800000e+02  -2.0120821e+04   1.3309128e+04
   1.0900000e+02   5.3570842e+03   1.0335810e+03
   1.1000000e+02   2.7796691e+04  -1.1228167e+04
   1.1100000e+02   1.5181963e+04  -3.6538114e+03
   1.1200000e+02  -1.1462737e+04   1.0691921e+04
   1.1300000e+02  -3.2760296e+04   2.2696309e+03
   1.1400000e+02  -1.7717372e+04  -8.3674097e+03
   1.1500000e+02   2.6069931e+04  -1.6299551e+03
   1.1600000e+02   2.4347011e+04   1.1175191e+04
   1.1700000e+02  -1.8400257e+04   2.9212636e+04
   1.1800000e+02  -1.8809006e+04   2.9888105e+04
   1.1900000e+02   2.1967992e+04  -4.4713550e+03
   1.2000000e+02   4.6078664e+04  -1.8559557e+04
   1.2100000e+02   3.1749589e+04   1.4562507e+04
   1.2200000e+02  -1.3589565e+04   4.0393038e+04
   1.2300000e+02  -3.2530236e+04   3.0524817e+04
   1.2400000e+02   1.1743798e+04  -4.7745996e+03
   1.2500000e+02   4.4444228e+04  -3.4315447e+04
   1.2600000e+02   1.8908519e+04  -8.9036261e+03
   1.2700000e+02  -1.5493372e+04   3.5476065e+04
   1.2800000e+02  -3.5274923e+04   2.1512229e+04
   1.2900000e+02  -3.1792321e+04  -1.3816175e+04
   1.3000000e+02   9.4255019e+03  -1.7712580e+04
   1.3100000e+02   3.6170318e+04  -1.8734664e+04
   1.3200000e+02   1.5788103e+04  -9.2019310e+03
   1.3300000e+02   4.6229754e+03   2.3182510e+04
   1.3400000e+02   1.5762874e+04   2.3573322e+04
   1.3500000e+02   1.4728302e+04  -6.4026640e+02
   1.3600000e+02   1.2152178e+04  -9.2749898e+02
   1.3700000e+02   5.0740017e+03   5.2787889e+03
   1.3800000e+02  -1.1380724e+04   1.0987930e+04
   1.3900000e+02  -2.2320099e+03   1.6240492e+04
   1.4000000e+02   1.0560503e+04  -6.4854755e+02
   1.4100000e+02  -9.3723930e+03  -1.5061558e+04
   1.4200000e+02  -3.0005603e+04  -1.7774272e+04
   1.4300000e+02  -3.6027606e+04  -3.1306240e+04
   1.4400000e+02  -2.7618857e+04  -2.4444018e+04
   1.4500000e+02   2.1906142e+03   5.3446704e+03
   1.4600000e+02   1.3963516e+04   1.3196918e+03
   1.4700000e+02  -5.4677525e+03  -2.8537747e+04
   1.4800000e+02  -1.5328789e+04  -4.1952564e+04
   1.4900000e+02  -1.1886122e+04  -3.2637674e+04
   1.5000000e+02   2.4226082e+03   4.8990246e+03
   1.5100000e+02   3.0193546e+04   3.4489079e+04
   1.5200000e+02   2.6084880e+04   5.1610780e+03
   1.5300000e+02  -8.0211726e+03  -3.3836340e+04
   1.5400000e+02  -1.0453377e+04  -3.3202450e+04
   1.5500000e+02   4.3767588e+03  -2.0482012e+04
   1.5600000e+02   8.9863979e+02   6.8043900e+01
   1.5700000e+02  -2.8541159e+03   1.7257108e+04
   1.5800000e+02  -1.2744172e+04  -1.4227662e+03
   1.5900000e+02  -2.4100117e+04  -1.9690048e+04
   1.6000000e+02  -9.2938300e+02  -1.1446664e+04
   1.6100000e+02   2.4077165e+04  -1.4399175e+04
   1.6200000e+02   7.6318564e+03  -1.5801720e+04
   1.6300000e+02  -1.8502686e+04   1.3950119e+04
   1.6400000e+02  -1.7377198e+04   3.2476228e+04
   1.6500000e+02   1.3363376e+04   1.7791731e+04
   1.6600000e+02   3.7359026e+04  -6.0463280e+03
   1.6700000e+02   8.6152228e+03  -2.8825105e+04
   1.6800000e+02  -2.9918784e+04  -2.0416958e+04
   1.6900000e+02  -9.8195602e+03   2.3776146e+04
   1.7000000e+02   2.8456819e+04   4.3335725e+04
   1.7100000e+02   3.1675694e+04   2.2596897e+04
   1.7200000e+02   1.8083566e+04  -1.0155899e+04
   1.7300000e+02   3.0637711e+02  -3.5714403e+04
   1.7400000e+02  -7.0420583e+03  -1.8632351e+04
   1.7500000e+02   1.1896994e+04   2.7635125e+04
   1.7600000e+02   1.4356267e+04   3.4109384e+04
   1.7700000e+02  -1.0638914e+04   6.0760147e+03
   1.7800000e+02  -1.4314609e+04  -5.7191850e+03
   1.7900000e+02  -9.8569466e+03  -3.0034250e+03
   1.8000000e+02  -2.1621909e+04   8.0777017e+03
   1.8100000e+02  -1.5404717e+04   2.4965133e+04
   1.8200000e+02   5.0643707e+03   2.1608639e+04
   1.8300000e+02   7.7827178e+03   1.3212211e+04
   1.8400000e+02  -1.3847304e+03   2.1257854e+04
   1.8500000e+02  -1.6268749e+04   1.4955632e+04
   1.8600000e+02  -1.8642288e+04   6.4038797e+02
   1.8700000e+02   1.4184296e+04   8.6157655e+03
   1.8800000e+02   3.7526516e+04   1.4244776e+04
   1.8900000e+02   1.6997653e+04   9.9606239e+03
   1.9000000e+02  -3.5034822e+03   1.4996245e+04
   1.9100000e+02  -4.0905131e+03   1.0546083e+04
   1.9200000e+02   5.7240819e+02  -2.4295832e+03
   1.9300000e+02   9.5681384e+03   4.7608959e+03
   1.9400000e+02   1.9693305e+03   1.5711945e+04
   1.9500000e+02  -1.7639436e+04   1.1969315e+04
   1.9600000e+02  -1.2114000e+04   4.1424216e+03
   1.9700000e+02  -3.7349304e+03  -5.2000297e+03
   1.9800000e+02  -1.1288836e+04  -8.0772488e+02
   1.9900000e+02  -8.2004549e+03   2.0226165e+04
   2.0000000e+02  -1.0360926e+04   2.1901430e+04
   2.0100000e+02  -2.2128895e+04   3.1699034e+03
   2.0200000e+02  -8.3973713e+03  -1.3818012e+04
   2.0300000e+02   6.3032737e+03  -2.7570325e+04
   2.0400000e+02  -4.5982697e+03  -1.8180473e+04
   2.0500000e+02  -1.1567616e+04   1.2277693e+04
   2.0600000e+02  -1.1467691e+04   1.7623130e+04
   2.0700000e+02  -1.3017785e+04  -4.1290232e+03
   2.0800000e+02  -7.5253314e+03  -2.7162068e+04
   2.0900000e+02  -8.6219019e+03  -4.2140439e+04
   2.1000000e+02  -1.0298197e+04  -2.7701566e+04
   2.1100000e+02   2.9449978e+03  -3.3511693e+02
   2.1200000e+02  -3.5303746e+03  -3.7782482e+02
   2.1300000e+02  -2.3896278e+04  -1.8342332e+03
   2.1400000e+02  -7.3607485e+03   2.8083558e+03
   2.1500000e+02   1.3817855e+04  -2.4649498e+04
   2.1600000e+02   8.6977320e+02  -4.9906248e+04
   2.1700000e+02  -7.2546664e+03  -3.0814551e+04
   2.1800000e+02  -3.7433012e+03  -3.8252093e+02
   2.1900000e+02  -4.1348150e+03   1.2974712e+04
   2.2000000e+02   1.3907847e+04   2.2238789e+03
   2.2100000e+02   3.2089350e+04  -2.6002773e+04
   2.2200000e+02   2.0844411e+04  -2.6324713e+04
   2.2300000e+02   7.5172867e+03   3.8983938e+03
   2.2400000e+02   3.5414347e+03   7.1870975e+03
   2.2500000e+02   5.3577465e+03  -1.3191363e+04
   2.2600000e+02   2.3733471e+04  -1.9546492e+04
   2.2700000e+02   2.9231199e+04  -1.5959801e+04
   2.2800000e+02   4.7775364e+03   4.2104474e+03
   2.2900000e+02  -1.0716646e+04   2.5936818e+04
   2.3000000e+02  -7.9288039e+03   3.6005150e+02
   2.3100000e+02   2.0300658e+03  -3.7421035e+04
   2.3200000e+02   2.0015663e+04  -3.0248018e+04
   2.3300000e+02   1.8503834e+04  -1.6129364e+03
   2.3400000e+02   4.0676010e+02   2.3281780e+04
   2.3500000e+02   8.2514847e+03   2.7100080e+04
   2.3600000e+02   2.0838594e+04  -5.0532065e+03
   2.3700000e+02   1.3187576e+04  -1.7421552e+04
   2.3800000e+02   1.7364116e+04   1.6571005e+04
   2.3900000e+02   2.4945098e+04   2.9537722e+04
   2.4000000e+02   1.3391537e+04   1.0826169e+04
   2.4100000e+02   1.0214203e+04   2.2325340e+02
   2.4200000e+02   1.5489308e+04  -9.5806613e+03
   2.4300000e+02   7.2219421e+03  -3.7066093e+03
   2.4400000e+02  -1.2337288e+03   2.8070694e+04
   2.4500000e+02  -4.1497033e+03   3.4886325e+04
   2.4600000e+02  -3.8282074e+03   1.5795431e+04
   2.4700000e+02   9.0657882e+03   4.8351119e+03
   2.4800000e+02   1.5958757e+04  -7.2660610e+02
   2.4900000e+02   2.3577493e+03   1.4223777e+04
   2.5000000e+02  -9.3041784e+03   3.4472641e+04
   2.5100000e+02  -1.6648971e+04   9.6659202e+03
   2.5200000e+02  -2.6371536e+04  -1.6893725e+04
   2.5300000e+02  -2.4621140e+04   1.2884421e+03
   2.5400000e+02  -2.0560029e+04   1.6601379e+04
   2.5500000e+02  -2.0463096e+04   1.7092083e+04
   2.5600000e+02  -9.9771999e+03   1.7289295e+04
   2.5700000e+02  -9.3290384e+03  -8.8997277e+02
   2.5800000e+02  -2.3644229e+04  -5.8680333e+03
   2.5900000e+02  -2.0171527e+04   2.0254181e+04
   2.6000000e+02  -8.0652823e+03   2.5214511e+04
   2.6100000e+02   2.0320516e+03   6.7422054e+03
   2.6200000e+02   1.4068689e+04  -4.4045516e+03
   2.6300000e+02  -5.9822001e+03  -8.6779901e+03
   2.6400000e+02  -3.2380729e+04   5.3810730e+03
   2.6500000e+02  -5.7817463e+03   2.0640700e+04
   2.6600000e+02   1.8761954e+04  -6.1572102e+03
   2.6700000e+02  -1.5553069e+02  -3.4607705e+04
   2.6800000e+02  -1.1615478e+04  -1.3294282e+04
   2.6900000e+02  -1.8285866e+04   1.2386455e+04
   2.7000000e+02  -3.5103458e+04   7.9049902e+03
   2.7100000e+02  -2.3513870e+04  -5.8816271e+03
   2.7200000e+02   2.7219606e+03  -1.9829710e+04
   2.7300000e+02  -1.4193557e+02  -1.7281949e+04
   2.7400000e+02  -2.0399546e+04  -3.6571638e+03
   2.7500000e+02  -3.1550660e+04  -1.2014601e+04
   2.7600000e+02  -1.6621518e+04  -1.4456657e+04
   2.7700000e+02   1.7471283e+04   3.0413590e+03
   2.7800000e+02   1.5959008e+04  -1.1964864e+03
   2.7900000e+02  -2.1069418e+04  -8.6764454e+03
   2.8000000e+02  -1.5998988e+04   8.5951295e+02
   2.8100000e+02   2.4320519e+04  -8.2962760e+03
   2.8200000e+02   3.1644651e+04  -1.8008414e+04
   2.8300000e+02   9.5697057e+03   3.0948079e+03
   2.8400000e+02  -1.3743274e+04   1.8336507e+04
   2.8500000e+02  -1.7876165e+04   1.0319393e+04
   2.8600000e+02   7.0514149e+03  -5.2125068e+03
   2.8700000e+02   1.9198999e+04  -2.8665503e+04
   2.8800000e+02   5.8298847e+03  -3.7179632e+04
   2.8900000e+02   3.9659241e+03  -1.8739186e+04
   2.9000000e+02   7.8775193e+03  -1.1481735e+04
   2.9100000e+02   1.3034478e+04  -1.8281191e+04
   2.9200000e+02   2.6828661e+04  -1.6705571e+04
   2.9300000e+02   1.1858342e+04  -1.2548468e+04
   2.9400000e+02  -1.4377854e+04   4.5722669e+03
   2.9500000e+02   8.8218678e+03   2.4649397e+04
   2.9600000e+02   3.7682400e+04   9.0005824e+03
   2.9700000e+02   2.3259642e+04  -4.7718363e+03
   2.9800000e+02   8.5776387e+03   2.3253158e+04
   2.9900000e+02   1.0808339e+04   3.9542450e+04
   3.0000000e+02   1.5652712e+04   1.9092866e+04
   3.0100000e+02   2.2609077e+04  -2.3426776e+03
   3.0200000e+02   1.3121076e+04  -9.8379967e+03
   3.0300000e+02  -1.8994351e+03   2.1637837e+03
   3.0400000e+02   6.0129604e+03   1.5432616e+04
   3.0500000e+02   9.2344310e+03  -1.3305743e+03
   3.0600000e+02   2.4251993e+03  -1.8259686e+04
   3.0700000e+02   1.7784675e+04  -8.9665751e+03
   3.0800000e+02   2.9309848e+04   7.9350784e+02
   3.0900000e+02   2.2931871e+04   6.1180793e+03
   3.1000000e+02   2.8954904e+04   3.7381350e+03
   3.1100000e+02   1.9856342e+04  -1.2406117e+04
   3.1200000e+02  -1.7139687e+04   8.5182683e+02
   3.1300000e+02  -3.4682297e+04   3.9278738e+04
   3.1400000e+02  -3.6537166e+04   3.2860207e+04
   3.1500000e+02  -2.8828978e+04  -1.3452767e+03
   3.1600000e+02   2.4846741e+03  -5.5424616e+03
   3.1700000e+02   1.0824668e+04   5.2362443e+03
   3.1800000e+02  -8.1991925e+03   1.4167778e+04
   3.1900000e+02  -6.4859532e+03   9.0652875e+03
   3.2000000e+02  -1.1869534e+04  -2.5418205e+04
   3.2100000e+02  -3.2523697e+04  -3.4098785e+04
   3.2200000e+02  -1.7264705e+04   4.2425419e+03
   3.2300000e+02   5.7202939e+03   1.7092438e+04
   3.2400000e+02  -1.8650589e+03  -2.9949748e+03
   3.2500000e+02  -3.0501296e+03  -1.3896745e+04
   3.2600000e+02   3.9579622e+03  -1.8497907e+04
   3.2700000e+02   1.5766105e+03  -4.6470172e+03
   3.2800000e+02   1.1327216e+04   1.9995546e+04
   3.2900000e+02   1.4428696e+04   6.2902734e+03
   3.3000000e+02  -8.5564205e+03  -1.7103508e+04
   3.3100000e+02  -2.0155844e+04  -4.6224975e+03
   3.3200000e+02  -2.0199889e+04   9.1220085e+03
   3.3300000e+02  -2.9978943e+04   6.2236606e+03
   3.3400000e+02  -2.9172390e+04  -2.5431420e+03
   3.3500000e+02  -1.8541250e+04  -1.5734006e+04
   3.3600000e+02  -1.2519894e+04  -6.0627677e+03
   3.3700000e+02  -1.7622278e+03   1.5756404e+04
   3.3800000e+02  -8.3412719e+02   2.4104429e+03
   3.3900000e+02  -1.3089994e+04  -1.5740343e+04
   3.4000000e+02  -5.9631129e+03  -2.3369555e+03
   3.4100000e+02   6.4193230e+03   3.8197542e+03
   3.4200000e+02   2.9784280e+03  -1.0433734e+04
   3.4300000e+02   5.5617477e+03  -1.9834917e+04
   3.4400000e+02   5.3307791e+03  -1.9233164e+04
   3.4500000e+02  -5.6116332e+03  -3.0314736e+02
   3.4600000e+02  -4.0994248e+03   1.8852690e+04
   3.4700000e+02  -9.3376225e+02   1.6919705e+03
   3.4800000e+02  -3.8004103e+03  -1.3221227e+04
   3.4900000e+02  -5.1524022e+03   5.8391299e+03
   3.5000000e+02  -1.8838963e+04   1.1809311e+04
   3.5100000e+02  -1.9354072e+04  -6.1622955e+01
   3.5200000e+02   1.5734986e+04   3.0846450e+02
   3.5300000e+02   2.6105680e+04   4.9344471e+03
   3.5400000e+02  -1.5603987e+03   1.4338760e+04
   3.5500000e+02  -2.0788273e+03   1.7631790e+04
   3.5600000e+02   1.5999399e+04  -5.3373034e+03
   3.5700000e+02   1.9330734e+04  -1.3699596e+04
   3.5800000e+02   2.7634378e+04   1.1033998e+04
   3.5900000e+02   1.9441398e+04   1.7761033e+04
   3.6000000e+02  -1.4623622e+04   7.7790676e+02
   3.6100000e+02  -1.5679230e+04  -7.5947086e+03
   3.6200000e+02   1.4028721e+04  -3.3961732e+03
   3.6300000e+02   3.1266653e+04   1.8763371e+04
   3.6400000e+02   3.0091472e+04   3.5954668e+04
   3.6500000e+02   2.6246782e+03   1.1438842e+04
   3.6600000e+02  -2.3686089e+04  -6.3794034e+03
   3.6700000e+02  -5.9053119e+03   1.7079017e+04
   3.6800000e+02   1.2874477e+04   2.2119167e+04
   3.6900000e+02  -7.3776013e+03   1.3173631e+03
   3.7000000e+02  -2.4312037e+04  -3.7219715e+03
   3.7100000e+02  -1.1499128e+04  -1.3309867e+03
   3.7200000e+02   1.9161168e+04   7.0712156e+03
   3.7300000e+02   4.4851392e+04   1.3420886e+04
   3.7400000e+02   2.7097722e+04  -9.8324332e+03
   3.7500000e+02  -1.2910847e+04  -2.0173733e+04
   3.7600000e+02  -1.5159454e+04   2.9239195e+03
   3.7700000e+02   4.5270525e+03   1.1117808e+03
   3.7800000e+02   1.4279102e+04  -1.0717579e+04
   3.7900000e+02   1.6020112e+04   7.0927815e+03
   3.8000000e+02  -1.0832476e+03   1.1499989e+04
   3.8100000e+02  -9.7438797e+03  -7.2544162e+03
   3.8200000e+02   2.6060358e+04  -1.4900707e+04
   3.8300000e+02   4.9024938e+04  -1.2302493e+04
   3.8400000e+02   1.2500635e+04  -3.7869936e+02
   3.8500000e+02  -3.3139679e+04   4.6878642e+03
   3.8600000e+02  -4.8653969e+04  -1.8097756e+04
   3.8700000e+02  -3.4667873e+04  -2.5126326e+04
   3.8800000e+02   4.9866789e+02  -7.8645661e+02
   3.8900000e+02   1.3404660e+04   1.2467126e+02
   3.9000000e+02  -8.9297282e+03  -1.9610915e+04
   3.9100000e+02  -2.3449823e+04  -1.9752876e+04
   3.9200000e+02  -2.8813006e+04  -8.0144370e+03
   3.9300000e+02  -2.7203794e+04   3.8995773e+03
   3.9400000e+02   2.6613931e+03   6.5004423e+03
   3.9500000e+02   1.8066035e+04  -1.0564533e+04
   3.9600000e+02  -6.4385249e+03  -1.8072103e+04
   3.9700000e+02  -1.6210894e+04  -8.7015438e+03
   3.9800000e+02   3.7597908e+03  -1.8092385e+04
   3.9900000e+02   2.4582324e+04  -3.2889621e+04
   4.0000000e+02   2.1995869e+04  -2.5460545e+04
   4.0100000e+02  -2.5100851e+04  -1.7455559e+04
   4.0200000e+02  -5.7545168e+04  -1.5973140e+04
   4.0300000e+02  -5.9104238e+03  -1.5954703e+04
   4.0400000e+02   4.9600665e+04  -2.4387781e+04
   4.0500000e+02   2.8408525e+04  -1.2367125e+04
   4.0600000e+02  -7.5116333e+03   2.3403088e+04
   4.0700000e+02  -6.1059257e+02   3.4734031e+04
   4.0800000e+02   3.2630627e+04   2.8885758e+04
   4.0900000e+02   5.2430134e+04   2.7199710e+04
   4.1000000e+02   2.5240892e+04   1.3666696e+04
   4.1100000e+02  -2.0779615e+04   9.2022241e+03
   4.1200000e+02  -4.4735479e+04   1.6998563e+04
   4.1300000e+02  -6.8219566e+04  -2.4656023e+03
   4.1400000e+02  -8.2840708e+04  -2.0085890e+04
   4.1500000e+02  -4.7093393e+04  -1.1473975e+03
   4.1600000e+02  -4.2044886e+03   1.1784186e+04
   4.1700000e+02   2.8698103e+03   4.0120454e+03
   4.1800000e+02   1.5598878e+04  -1.7649280e+03
   4.1900000e+02   3.7709117e+04  -8.5888318e+03
   4.2000000e+02   4.0215755e+04  -3.0402711e+03
   4.2100000e+02   4.1483488e+04   1.8470353e+04
   4.2200000e+02   3.9404417e+04   2.5902119e+04
   4.2300000e+02   3.2093076e+04   3.0863721e+04
   4.2400000e+02   4.9301070e+04   3.6668671e+04
   4.2500000e+02   5.7832185e+04   1.6761244e+04
   4.2600000e+02   2.7048638e+04   9.7602809e+03
   4.2700000e+02   1.2805447e+02   3.1241997e+04
   4.2800000e+02  -9.2081705e+03   2.5941201e+04
   4.2900000e+02  -5.1884167e+02   6.5135868e+03
   4.3000000e+02   3.4391341e+04   9.1992281e+03
   4.3100000e+02   3.5799066e+04   1.2832458e+04
   4.3200000e+02  -2.2272551e+04   1.5777930e+04
   4.3300000e+02  -7.2367458e+04   1.4018988e+04
   4.3400000e+02  -8.1150855e+04  -1.4365439e+04
   4.3500000e+02  -4.9136805e+04  -2.7416311e+04
   4.3600000e+02   3.9102072e+03   2.4852488e+03
   4.3700000e+02   1.0623127e+03   1.8023568e+04
   4.3800000e+02  -5.2843020e+04  -2.1965404e+03
   4.3900000e+02  -5.4082430e+04  -1.9992743e+04
   4.4000000e+02  -7.7413700e+03  -1.7267055e+04
   4.4100000e+02   5.3492895e+03   1.6090464e+03
   4.4200000e+02  -1.2988956e+04   5.2471165e+03
   4.4300000e+02  -2.9435986e+04  -1.9612506e+04
   4.4400000e+02  -2.8565106e+04  -1.6465989e+04
   4.4500000e+02  -1.0290173e+03   1.9232025e+04
   4.4600000e+02   2.2683662e+04   2.0798310e+04
   4.4700000e+02   2.1170014e+04  -1.2879794e+03
   4.4800000e+02   1.8403703e+04  -8.0315383e+03
   4.4900000e+02   1.4863448e+04  -1.0853563e+04
   4.5000000e+02   8.9990800e+03  -4.2644699e+03
   4.5100000e+02   1.6156730e+04   4.8375660e+03
   4.5200000e+02   1.1500766e+04  -1.0251925e+04
   4.5300000e+02  -7.7552668e+03  -2.2019482e+04
   4.5400000e+02  -3.7850379e+03  -1.7650527e+04
   4.5500000e+02   3.5558231e+03  -2.2923584e+04
   4.5600000e+02  -6.5897124e+03  -2.1778512e+04
   4.5700000e+02  -2.1822704e+03  -1.1912905e+04
   4.5800000e+02   8.7554008e+03  -2.0761694e+04
   4.5900000e+02   2.9051400e+03  -2.2713726e+04
   4.6000000e+02  -1.2255073e+03  -5.1133778e+03
   4.6100000e+02   2.3537961e+03  -3.6927893e+03
   4.6200000e+02   1.5015260e+04  -6.6081713e+03
   4.6300000e+02   2.6995161e+04  -1.6629742e+03
   4.6400000e+02  -9.9108545e+02  -1.8991273e+04
   4.6500000e+02  -3.0751094e+04  -3.0561467e+04
   4.6600000e+02  -2.1172776e+03  -5.1824179e+03
   4.6700000e+02   2.6841965e+04   1.0938327e+04
   4.6800000e+02   1.5636477e+04   1.6788498e+03
   4.6900000e+02   5.0343526e+03  -8.4562890e+03
   4.7000000e+02  -2.9686845e+03  -1.9703986e+04
   4.7100000e+02  -2.3590071e+03  -1.9936763e+04
   4.7200000e+02   2.3571074e+04  -3.0236351e+03
   4.7300000e+02   2.5471055e+04   8.6805917e+03
   4.7400000e+02  -5.4967187e+03   1.3472153e+04
   4.7500000e+02  -1.0378173e+04   3.9888922e+03
   4.7600000e+02   6.9199977e+03  -2.5042846e+04
   4.7700000e+02   1.8684134e+04  -2.1096934e+04
   4.7800000e+02   2.8284040e+04   2.1128865e+04
   4.7900000e+02   1.4593035e+04   2.7993077e+04
   4.8000000e+02  -1.0175148e+04   5.3975515e+03
   4.8100000e+02   1.7753372e+03   4.9778097e+03
   4.8200000e+02   1.8852948e+04   1.1565014e+04
   4.8300000e+02   9.9490097e+03   1.8134854e+04
   4.8400000e+02   1.1339752e+04   2.5210913e+04
   4.8500000e+02   1.1048005e+04   8.6084753e+03
   4.8600000e+02  -1.0216460e+04  -1.7701470e+02
   4.8700000e+02  -1.1997769e+04   2.4525034e+04
   4.8800000e+02   1.2209131e+03   3.6041846e+04
   4.8900000e+02   6.4308217e+03   2.2005518e+04
   4.9000000e+02   2.0011605e+04   4.6571979e+03
   4.9100000e+02   1.1437532e+04  -1.1057372e+04
   4.9200000e+02  -3.2160446e+04   9.0291410e+02
   4.9300000e+02  -4.0022077e+04   3.3120359e+04
   4.9400000e+02  -6.8005404e+03   2.8820169e+04
   4.9500000e+02   1.1750879e+04   1.5556744e+03
   4.9600000e+02   6.3398632e+03  -2.7713002e+03
   4.9700000e+02  -2.2785708e+04   2.6234316e+03
   4.9800000e+02  -4.2110792e+04   6.1904758e+03
   4.9900000e+02  -5.3059974e+03   5.4860010e+03
   5.0000000e+02   2.7693512e+04  -6.8042612e+03
   5.0100000e+02  -8.9867660e+02  -5.9346600e+01
   5.0200000e+02  -3.9587260e+04   2.4022139e+04
   5.0300000e+02  -4.2664850e+04   1.5311576e+04
   5.0400000e+02  -1.2655414e+04  -8.9989041e+03
   5.0500000e+02   1.6690159e+04  -1.0352467e+04
   5.0600000e+02   1.6449190e+02  -7.9625444e+03
   5.0700000e+02  -3.2026390e+04  -1.2047266e+03
   5.0800000e+02  -3.0332306e+04   1.6440298e+04
   5.0900000e+02  -2.0728848e+04   8.1164366e+03
   5.1000000e+02  -1.6046494e+04  -1.5315213e+04
   5.1100000e+02  -1.3875942e+03  -1.4952255e+04
   5.1200000e+02  -5.0919570e+02  -1.0643388e+04
   5.1300000e+02  -9.3927534e+03  -1.1171142e+04
   5.1400000e+02   4.2089172e+03  -5.8000393e+03
   5.1500000e+02   1.5781527e+04  -1.1945130e+04
   5.1600000e+02   6.8785080e+03  -1.6663790e+04
   5.1700000e+02   4.0924090e+03  -5.7431586e+03
   5.1800000e+02  -7.4304244e+02  -1.0134080e+04
   5.1900000e+02  -1.3312109e+04  -2.2495420e+04
   5.2000000e+02  -4.5523978e+03  -1.5322847e+04
   5.2100000e+02   8.5676015e+03  -6.7136937e+03
   5.2200000e+02   5.9183664e+03  -8.6468323e+02
   5.2300000e+02   2.2224703e+03   8.8562555e+03
   5.2400000e+02  -1.2775990e+04   1.5842889e+03
   5.2500000e+02  -1.7903424e+04  -1.0166071e+04
   5.2600000e+02   1.6003254e+04  -5.0786130e+03
   5.2700000e+02   2.7467837e+04  -6.1892393e+03
   5.2800000e+02  -2.2026931e+03  -7.1044025e+03
   5.2900000e+02  -5.0695174e+03   1.0756660e+04
   5.3000000e+02   1.2854073e+04   1.3063224e+04
   5.3100000e+02   1.5294657e+04  -6.8628353e+03
   5.3200000e+02   1.9318728e+04  -1.4512554e+04
   5.3300000e+02   1.7666894e+04  -6.3949306e+03
   5.3400000e+02   6.1445355e+03   6.7029363e+03
   5.3500000e+02   1.7104965e+04   6.5531532e+03
   5.3600000e+02   3.1630557e+04  -1.7154130e+04
   5.3700000e+02   2.0620519e+04  -1.9921514e+04
   5.3800000e+02   5.2657405e+03   1.3611233e+04
   5.3900000e+02  -5.8785266e+03   2.3764126e+04
   5.4000000e+02  -4.6690656e+03  -1.2391666e+03
   5.4100000e+02   1.5297150e+04  -1.8407107e+04
   5.4200000e+02   1.7681901e+04  -1.4526920e+04
   5.4300000e+02   6.0299102e+03   9.6608445e+03
   5.4400000e+02   1.6439199e+04   2.7286948e+04
   5.4500000e+02   2.3621314e+04   5.7192347e+03
   5.4600000e+02   9.6218583e+03  -8.1547713e+03
   5.4700000e+02  -2.8715457e+02   1.3823031e+04
   5.4800000e+02  -7.0920788e+03   1.3996215e+04
   5.4900000e+02  -7.1178532e+03  -3.6038841e+03
   5.5000000e+02   1.3848450e+04   6.3715801e+03
   5.5100000e+02   1.9876170e+04   1.5609643e+04
   5.5200000e+02  -3.2997901e+03   6.5475018e+03
   5.5300000e+02  -1.1212666e+04  -3.1582015e+03
   5.5400000e+02  -2.3391175e+03  -1.5678162e+04
   5.5500000e+02  -7.0301210e+02  -1.0768826e+04
   5.5600000e+02  -3.5760852e+03   1.2667969e+04
   5.5700000e+02  -1.7464353e+04   1.0030245e+04
   5.5800000e+02  -2.0463173e+04  -4.5526359e+03
   5.5900000e+02   1.3353787e+04  -3.2126690e+02
   5.6000000e+02   2.1078929e+04   3.2735426e+03
   5.6100000e+02  -2.8881986e+04   1.0188292e+04
   5.6200000e+02  -5.1317810e+04   1.7739939e+04
   5.6300000e+02  -1.1043413e+04  -4.9310840e+03
   5.6400000e+02   2.6555770e+04  -2.4032910e+04
   5.6500000e+02   1.6429348e+04  -4.7505766e+03
   5.6600000e+02  -2.8217852e+04   1.1500657e+04
   5.6700000e+02  -4.6849745e+04   5.1163771e+03
   5.6800000e+02  -7.8887539e+03  -8.6696025e+03
   5.6900000e+02   1.6672580e+04  -2.7514269e+04
   5.7000000e+02  -8.4539355e+03  -2.2522010e+04
   5.7100000e+02  -2.1281616e+04   1.1372883e+04
   5.7200000e+02  -9.9262686e+03   1.7870222e+04
   5.7300000e+02   5.1653155e+03  -4.9151568e+03
   5.7400000e+02   1.9802547e+04  -1.3766088e+04
   5.7500000e+02  -1.7989466e+03  -1.2569069e+04
   5.7600000e+02  -3.8896682e+04  -7.5769920e+03
   5.7700000e+02  -2.6172057e+04   4.0435198e+03
   5.7800000e+02   1.7339041e+03   5.3672471e+03
   5.7900000e+02   8.0894201e+02  -6.8371490e+01
   5.8000000e+02   9.4372270e+02  -2.7043893e+03
   5.8100000e+02  -1.8229648e+03  -7.0652787e+03
   5.8200000e+02  -1.6849457e+04   1.5377305e+03
   5.8300000e+02  -8.4129408e+03   1.4675799e+04
   5.8400000e+02   9.9814571e+03  -2.0961477e+03
   5.8500000e+02   8.1815763e+03  -1.7465432e+04
   5.8600000e+02   2.9943468e+03   3.2107143e+03
   5.8700000e+02  -1.0109698e+04   1.6605363e+04
   5.8800000e+02  -2.4004172e+04   1.0247181e+04
   5.8900000e+02   1.2898358e+03   4.0768694e+03
   5.9000000e+02   3.1512381e+04  -1.5367980e+04
   5.9100000e+02   1.9806177e+04  -1.2281933e+04
   5.9200000e+02  -2.6681442e+02   3.0036445e+04
   5.9300000e+02  -7.1763134e+03   3.1288635e+04
   5.9400000e+02  -7.0204797e+02  -5.1621754e+03
   5.9500000e+02   2.7255226e+04  -8.5747463e+03
   5.9600000e+02   3.1465760e+04   2.8248288e+03
   5.9700000e+02  -2.9811966e+03   8.6169717e+03
   5.9800000e+02  -1.1307516e+04   1.3320554e+04
   5.9900000e+02   4.2570153e+03  -4.7481827e+02
   6.0000000e+02   3.1678517e+03  -5.4515028e+03
   6.0100000e+02   5.4402070e+03   1.5614956e+04
   6.0200000e+02   1.1121332e+04   1.9155476e+04
   6.0300000e+02   6.2181721e+03   4.4663631e+03
   6.0400000e+02   6.3686153e+03  -4.3181248e+03
   6.0500000e+02   4.7025613e+03  -1.0839405e+04
   6.0600000e+02   4.0528435e+03   4.3002005e+03
   6.0700000e+02   1.5495689e+04   3.3740741e+04
   6.0800000e+02   9.3559353e+03   2.2251583e+04
   6.0900000e+02  -2.8382073e+03  -1.0903213e+04
   6.1000000e+02   1.3325823e+04  -1.0684288e+04
   6.1100000e+02   1.6796013e+04   2.6446037e+03
   6.1200000e+02  -7.1872896e+03   6.2537255e+03
   6.1300000e+02  -1.0503621e+04   5.4662772e+03
   6.1400000e+02  -7.2281090e+02  -4.6773479e+03
   6.1500000e+02   1.5654076e+03  -5.6231441e+03
   6.1600000e+02   1.0029273e+04   4.4323785e+03
   6.1700000e+02   2.7843837e+03  -3.2642947e+03
   6.1800000e+02  -1.9848959e+04  -1.0624698e+04
   6.1900000e+02  -1.0258243e+04  -8.6209938e+03
   6.2000000e+02   9.5866228e+03  -2.2744936e+04
   6.2100000e+02  -2.7072042e+03  -2.4855481e+04
   6.2200000e+02  -1.6718532e+04   2.4089791e+03
   6.2300000e+02  -1.4747001e+04   7.4111112e+03
   6.2400000e+02  -1.2600777e+04  -1.7859332e+04
   6.2500000e+02  -8.2694348e+03  -2.6624021e+04
   6.2600000e+02  -5.2398609e+03  -9.2328278e+03
   6.2700000e+02   6.4696202e+02   1.2278398e+04
   6.2800000e+02   1.0988978e+04   1.0352701e+04
   6.2900000e+02  -3.2115355e+03  -1.8759982e+04
   6.3000000e+02  -1.7934433e+04  -2.5139247e+04
   6.3100000e+02   1.1439538e+04  -1.2022638e+03
   6.3200000e+02   3.5217587e+04  -5.1692670e+02
   6.3300000e+02   1.0274970e+04  -1.2127028e+04
   6.3400000e+02  -1.9227355e+04  -9.8580213e+03
   6.3500000e+02  -2.1158256e+04  -1.6069344e+04
   6.3600000e+02  -3.0943716e+03  -1.3686413e+04
   6.3700000e+02   1.4175400e+04   5.2852546e+03
   6.3800000e+02   2.5036380e+02  -1.9944637e+03
   6.3900000e+02  -2.2654237e+04  -1.7011045e+04
   6.4000000e+02  -7.4441142e+03  -4.0446374e+03
   6.4100000e+02   1.1589827e+04   7.1684356e+03
   6.4200000e+02   2.1472859e+03   6.7752122e+03
   6.4300000e+02  -2.0692939e+03   6.0526912e+03
   6.4400000e+02  -3.4820829e+03  -7.8613777e+03
   6.4500000e+02  -5.3123080e+03  -1.4434084e+04
   6.4600000e+02   1.5155054e+04   1.9853862e+03
   6.4700000e+02   2.0733389e+04   5.8758100e+03
   6.4800000e+02  -1.5803989e+03  -3.7537787e+03
   6.4900000e+02  -8.7493017e+03  -4.1032859e+03
   6.5000000e+02  -6.7333924e+03  -1.0432856e+03
   6.5100000e+02  -8.4851740e+02   6.2024815e+03
   6.5200000e+02   1.6806842e+04   7.5136986e+03
   6.5300000e+02   8.1309732e+03  -5.3895896e+03
   6.5400000e+02  -1.9406661e+04   2.8054254e+03
   6.5500000e+02  -1.3855296e+04   2.3536086e+04
   6.5600000e+02   4.5843170e+03   1.1896461e+04
   6.5700000e+02   4.9483009e+03   1.1786394e+03
   6.5800000e+02   6.2096067e+03   1.8861771e+04
   6.5900000e+02   7.2774097e+03   2.3050622e+04
   6.6000000e+02   5.2996519e+03   1.6993765e+04
   6.6100000e+02   1.4128825e+04   1.8879000e+04
   6.6200000e+02   1.1341792e+04   6.4612823e+03
   6.6300000e+02  -5.9443619e+03   5.5924785e+03
   6.6400000e+02  -4.0752312e+03   3.0289416e+04
   6.6500000e+02   2.2335616e+03   2.2308605e+04
   6.6600000e+02  -7.0456920e+02  -1.0562917e+04
   6.6700000e+02   9.1841372e+03  -9.6459486e+03
   6.6800000e+02   1.0159848e+04   1.0884404e+04
   6.6900000e+02  -1.2284523e+04   1.7337651e+04
   6.7000000e+02  -1.8786607e+04   8.5811448e+03
   6.7100000e+02  -5.7960994e+03  -6.0653540e+03
   6.7200000e+02   6.2346265e+03  -2.6798433e+03
   6.7300000e+02   1.1880450e+04   1.6746894e+04
   6.7400000e+02  -4.6168664e+03   1.7380661e+04
   6.7500000e+02  -1.5634645e+04   8.4466241e+03
   6.7600000e+02   1.1799229e+04   1.3222549e+04
   6.7700000e+02   2.1691722e+04   1.3439479e+04
   6.7800000e+02  -8.1294257e+03   4.2252365e+03
   6.7900000e+02  -1.8644991e+04  -3.6838637e+03
   6.8000000e+02  -1.0315940e+04  -8.3010104e+03
   6.8100000e+02  -1.4389185e+04   2.0923894e+03
   6.8200000e+02  -1.6951876e+04   9.9096475e+03
   6.8300000e+02  -1.7388909e+04  -1.0175992e+04
   6.8400000e+02  -1.9703771e+04  -2.2138276e+04
   6.8500000e+02  -8.6557547e+03  -7.5086652e+03
   6.8600000e+02   8.0535110e+02  -2.7826232e+03
   6.8700000e+02  -4.0128816e+03  -6.0177825e+03
   6.8800000e+02  -9.8859962e+03  -3.9681307e+03
   6.8900000e+02  -2.0494137e+04  -1.6266427e+04
   6.9000000e+02  -1.5619268e+04  -2.2822847e+04
   6.9100000e+02   2.0372634e+04  -5.1864061e+03
   6.9200000e+02   2.3735609e+04  -1.7277549e+03
   6.9300000e+02  -1.4934191e+04  -1.3700501e+04
   6.9400000e+02  -1.3913161e+04  -2.0177390e+04
   6.9500000e+02   2.2772978e+04  -2.9881035e+04
   6.9600000e+02   3.1467557e+04  -2.3461811e+04
   6.9700000e+02   9.5065330e+03  -6.5435143e+03
   6.9800000e+02  -1.5613758e+04  -2.0514946e+04
   6.9900000e+02  -1.2005781e+04  -3.1124399e+04
   7.0000000e+02   1.8547390e+04  -9.5709254e+03
   7.0100000e+02   2.1804883e+04  -4.3812180e+02
   7.0200000e+02   5.5327121e+02  -5.2171017e+03
   7.0300000e+02  -1.6355633e+03  -3.8249874e+03
   7.0400000e+02  -2.0665925e+03  -1.0105336e+04
   7.0500000e+02  -4.6012699e+03  -5.2452530e+03
   7.0600000e+02   7.8119314e+03   1.2686116e+04
   7.0700000e+02   6.3831030e+02   1.4014220e+03
   7.0800000e+02  -1.7916618e+04  -1.4107838e+04
   7.0900000e+02  -2.2811397e+02  -7.7056546e+02
   7.1000000e+02   2.1990271e+04   3.7108358e+03
   7.1100000e+02   2.0821023e+04  -2.4947057e+03
   7.1200000e+02   2.3578370e+04  -7.8311824e+02
   7.1300000e+02   1.5323704e+04  -1.0456271e+04
   7.1400000e+02  -7.7038474e+03  -1.1729282e+04
   7.1500000e+02   1.6425565e+03   8.4893386e+03
   7.1600000e+02   2.5652335e+04   9.4423177e+03
   7.1700000e+02   2.3028536e+04   1.8668888e+03
   7.1800000e+02   1.1532123e+04   1.1698711e+04
   7.1900000e+02  -7.9621172e+02   1.2654374e+04
   7.2000000e+02  -3.0425562e+03   8.7066989e+03
   7.2100000e+02   2.0285527e+04   1.3046034e+04
   7.2200000e+02   2.2400463e+04   8.1445359e+03
   7.2300000e+02  -6.0347090e+03   1.2495612e+04
   7.2400000e+02  -1.0415388e+04   2.9644193e+04
   7.2500000e+02  -3.9018392e+03   2.0218190e+04
   7.2600000e+02  -1.3893085e+04   1.1976680e+03
   7.2700000e+02  -8.9908489e+03   3.4232552e+03
   7.2800000e+02   6.5012746e+03   1.0704048e+04
   7.2900000e+02   2.3166814e+03   2.0403273e+04
   7.3000000e+02  -5.2771907e+03   2.2643174e+04
   7.3100000e+02  -6.3608368e+03  -2.4398451e+03
   7.3200000e+02  -6.6717082e+03  -1.3038947e+04
   7.3300000e+02   3.9791084e+03   1.1210690e+04
   7.3400000e+02   6.2932072e+03   1.6389650e+04
   7.3500000e+02  -1.2069882e+04   2.6265896e+03
   7.3600000e+02  -1.6372509e+04   3.2226206e+03
   7.3700000e+02  -5.7406488e+03  -4.5504789e+03
   7.3800000e+02   1.9991948e+03  -1.1598952e+04
   7.3900000e+02   9.3352137e+03   9.3949367e+03
   7.4000000e+02  -6.4797795e+03   2.0107074e+04
   7.4100000e+02  -3.4483118e+04   6.8015178e+03
   7.4200000e+02  -2.4703938e+04  -3.2569297e+03
   7.4300000e+02  -4.3335498e+03  -8.0201753e+03
   7.4400000e+02  -1.0597949e+04   3.6373156e+03
   7.4500000e+02  -1.4101482e+04   2.2481755e+04
   7.4600000e+02  -1.5014947e+04   6.9994828e+03
   7.4700000e+02  -2.2704423e+04  -1.4580653e+04
   7.4800000e+02  -1.3412173e+04  -8.4512759e+02
   7.4900000e+02  -6.6210059e+03   6.1383991e+03
   7.5000000e+02  -1.2604265e+04  -1.2893465e+04
   7.5100000e+02  -3.0331619e+03  -1.7664417e+04
   7.5200000e+02  -1.3731498e+03  -5.5342932e+03
   7.5300000e+02  -1.3595599e+04   7.5735932e+02
   7.5400000e+02  -9.6845260e+01  -8.0216970e+03
   7.5500000e+02   1.4594283e+04  -2.5861454e+04
   7.5600000e+02   3.7166994e+03  -1.8441811e+04
   7.5700000e+02  -6.4537169e+03   9.3317892e+03
   7.5800000e+02  -1.5819348e+04   6.5709669e+03
   7.5900000e+02  -1.6821799e+04  -1.1140092e+04
   7.6000000e+02   1.3722267e+04  -6.3905717e+03
   7.6100000e+02   2.9526179e+04  -2.5525217e+03
   7.6200000e+02   5.2245500e+02  -8.6064134e+03
   7.6300000e+02  -1.6999704e+04  -1.0256481e+04
   7.6400000e+02  -4.1864977e+03  -1.2000567e+04
   7.6500000e+02   1.0121099e+04  -4.1374726e+03
   7.6600000e+02   2.0709990e+04   7.8267845e+03
   7.6700000e+02   1.2630060e+04  -4.6082269e+03
   7.6800000e+02  -1.0037876e+04  -2.0783503e+04
   7.6900000e+02  -5.9081763e+03  -1.8136059e+04
   7.7000000e+02   1.7128536e+04  -1.2317133e+04
   7.7100000e+02   2.6371628e+04   2.6647909e+03
   7.7200000e+02   2.0335972e+04   1.4055816e+04
   7.7300000e+02   5.0928458e+02  -6.0399860e+03
   7.7400000e+02  -6.5232540e+03  -1.5496030e+04
   7.7500000e+02   2.0555695e+04   5.9594412e+03
   7.7600000e+02   3.1510572e+04   1.4315594e+04
   7.7700000e+02   1.0555362e+04   1.4508381e+04
   7.7800000e+02   4.3120196e+03   1.6081414e+04
   7.7900000e+02   3.2585035e+03  -3.5203128e+03
   7.8000000e+02  -1.4037251e+03  -9.1498332e+03
   7.8100000e+02   1.4374066e+04   2.0107471e+04
   7.8200000e+02   1.6245363e+04   2.8001775e+04
   7.8300000e+02  -4.5992202e+03   3.4940328e+03
   7.8400000e+02  -5.9901202e+02  -1.3023177e+04
   7.8500000e+02   1.2982062e+04  -1.2882446e+04
   7.8600000e+02   1.1056901e+04   1.5225954e+03
   7.8700000e+02   1.0223015e+04   1.4522923e+04
   7.8800000e+02   9.6008384e+02   3.6933141e+03
   7.8900000e+02  -9.9276113e+03  -7.1568188e+03
   7.9000000e+02   1.0013392e+04  -6.9653254e+03
   7.9100000e+02   3.0793409e+04  -1.2643816e+04
   7.9200000e+02   1.6307185e+04   3.2594224e+03
   7.9300000e+02  -8.6117912e+03   3.1444533e+04
   7.9400000e+02  -2.4228004e+04   1.4040097e+04
   7.9500000e+02  -2.1142999e+04  -1.6062821e+04
   7.9600000e+02   4.7410289e+03  -6.0126349e+03
   7.9700000e+02   1.1613791e+04   1.5477220e+04
   7.9800000e+02  -1.0631037e+04   2.2069149e+04
   7.9900000e+02  -1.7800793e+04   7.3783150e+03
   8.0000000e+02  -1.5548426e+04  -2.1234990e+04
   8.0100000e+02  -1.7681665e+04  -1.7198905e+04
   8.0200000e+02  -3.4266046e+03   1.7338548e+04
   8.0300000e+02   1.9985618e+03   2.2873968e+04
   8.0400000e+02  -1.4834176e+04  -1.7672741e+03
   8.0500000e+02  -1.2851377e+04  -2.0809125e+04
   8.0600000e+02  -3.1537539e+03  -2.4452059e+04
   8.0700000e+02  -5.9795010e+03  -7.4920847e+03
   8.0800000e+02  -3.0876120e+02   1.0236156e+04
   8.0900000e+02  -4.5616756e+03  -1.3881541e+03
   8.1000000e+02  -1.6961611e+04  -1.6896173e+04
   8.1100000e+02  -2.9821215e+03  -1.4838973e+04
   8.1200000e+02   1.9903070e+03  -1.5710845e+04
   8.1300000e+02  -1.5641009e+04  -1.1142861e+04
   8.1400000e+02  -1.3079528e+04   4.8991806e+03
   8.1500000e+02  -4.2673734e+03   5.4874348e+03
   8.1600000e+02  -6.2025551e+03  -3.3283393e+02
   8.1700000e+02  -1.8836995e+03   1.5095286e+03
   8.1800000e+02  -5.5008644e+03  -6.0203255e+03
   8.1900000e+02  -1.5760221e+04  -9.7008736e+03
   8.2000000e+02  -8.4414137e+03  -1.9047759e+03
   8.2100000e+02  -2.1661015e+03  -4.3402288e+03
   8.2200000e+02  -5.6791192e+03   7.0192741e+03
   8.2300000e+02   1.3033384e+02   3.0293064e+04
   8.2400000e+02  -1.2106660e+02   5.9898404e+03
   8.2500000e+02  -5.2952503e+03  -3.0134567e+04
   8.2600000e+02   8.7244509e+03  -1.1126972e+04
   8.2700000e+02   1.5215784e+04   1.8893379e+04
   8.2800000e+02   7.2615910e+03   1.9208818e+04
   8.2900000e+02   1.3884477e+04   5.6541667e+03
   8.3000000e+02   9.3173561e+03  -1.1064839e+04
   8.3100000e+02  -1.2599564e+04  -8.1218722e+03
   8.3200000e+02  -7.0910925e+03   9.5283354e+03
   8.3300000e+02   9.3576025e+03   3.5559050e+03
   8.3400000e+02   8.3800409e+03  -4.3191746e+03
   8.3500000e+02   1.1485025e+04   9.9098291e+03
   8.3600000e+02   9.0788440e+03   1.0052878e+04
   8.3700000e+02  -6.1394993e+03   7.8556138e+02
   8.3800000e+02  -1.4339728e+03   1.0065815e+04
   8.3900000e+02   9.0151065e+03   1.4094512e+04
   8.4000000e+02   6.1187125e+03   1.3042519e+04
   8.4100000e+02   1.2524313e+04   1.9588874e+04
   8.4200000e+02   1.4851651e+04   8.3320652e+03
   8.4300000e+02   3.1989836e+03  -1.4394350e+03
   8.4400000e+02   4.4715369e+03   1.3447561e+04
   8.4500000e+02   1.0206951e+04   1.6721275e+04
   8.4600000e+02   1.0174715e+04   1.1047761e+04
   8.4700000e+02   1.5646194e+04   1.1516250e+04
   8.4800000e+02   8.5956340e+03  -6.9943083e+03
   8.4900000e+02  -1.0663723e+04  -1.8275832e+04
   8.5000000e+02  -8.4135615e+03   4.7564953e+03
   8.5100000e+02   5.3422844e+03   1.3454428e+04
   8.5200000e+02   8.4943313e+03  -4.3784332e+03
   8.5300000e+02   8.7794449e+03  -1.1492612e+04
   8.5400000e+02  -1.4341633e+03  -8.1908636e+03
   8.5500000e+02  -1.2361683e+04  -7.7577611e+02
   8.5600000e+02   8.8068650e+02   6.6032187e+03
   8.5700000e+02   4.5016378e+03  -3.4597350e+03
   8.5800000e+02  -1.2512958e+04  -1.0849565e+04
   8.5900000e+02  -8.2324943e+03   1.8429503e+03
   8.6000000e+02   3.1067735e+03   9.9227189e+03
   8.6100000e+02   5.9344920e+02   9.3216718e+03
   8.6200000e+02   1.5818634e+03  -2.3743710e+03
   8.6300000e+02  -1.1762789e+04  -2.9176306e+04
   8.6400000e+02  -3.4716453e+04  -2.5029812e+04
   8.6500000e+02  -2.0027970e+04   7.5947054e+03
   8.6600000e+02   8.4562437e+03   2.0145632e+03
   8.6700000e+02   7.4083680e+03  -2.2511604e+04
   8.6800000e+02  -5.1428830e+03  -2.0126176e+04
   8.6900000e+02  -1.6555806e+04  -1.7911486e+04
   8.7000000e+02  -1.4948820e+04  -1.6007506e+04
   8.7100000e+02   1.0056632e+04  -4.6073251e+02
   8.7200000e+02   1.6454082e+04  -2.4828569e+03
   8.7300000e+02   8.1745551e+02  -1.3190154e+04
   8.7400000e+02   5.5768011e+03  -1.0302414e+04
   8.7500000e+02   9.9835078e+03  -1.1003495e+04
   8.7600000e+02  -2.1433022e+03  -7.2157386e+03
   8.7700000e+02  -3.5263809e+03  -4.3979424e+03
   8.7800000e+02  -6.2894507e+03  -2.5439354e+04
   8.7900000e+02  -1.7187473e+04  -2.4458325e+04
   8.8000000e+02  -1.0733078e+04   1.0424667e+04
   8.8100000e+02   4.0420076e+02   1.2404078e+04
   8.8200000e+02   1.9440426e+03  -1.1193438e+04
   8.8300000e+02   2.1864934e+03  -1.6217152e+04
   8.8400000e+02  -8.6398558e+03  -1.7848548e+04
   8.8500000e+02  -8.8094121e+03  -9.7051616e+03
   8.8600000e+02   2.0555681e+04   1.5284765e+04
   8.8700000e+02   2.2911491e+04   1.5670327e+04
   8.8800000e+02  -4.1551067e+03  -2.0792152e+03
   8.8900000e+02   2.3464213e+03  -6.1699831e+03
   8.9000000e+02   2.2031346e+04  -4.0915072e+03
   8.9100000e+02   1.7875818e+04   1.5774573e+04
   8.9200000e+02   9.0647103e+03   4.1983585e+04
   8.9300000e+02  -8.4922282e+02   2.2590394e+04
   8.9400000e+02  -6.1014533e+03  -8.1455344e+03
   8.9500000e+02   2.9493257e+03   5.3666749e+03
   8.9600000e+02  -2.7709667e+03   2.0455000e+04
   8.9700000e+02  -1.2979457e+04   1.2774684e+04
   8.9800000e+02   1.0125964e+04   1.1155792e+04
   8.9900000e+02   2.2386935e+04   5.1741924e+03
   9.0000000e+02  -5.9693846e+03  -5.0210596e+03
   9.0100000e+02  -1.9248432e+04   2.0944168e+03
   9.0200000e+02  -6.4741828e+03   8.4497394e+03
   9.0300000e+02   3.8945965e+03   1.0245929e+04
   9.0400000e+02   1.3162487e+04   1.6209800e+04
   9.0500000e+02   7.9016283e+03   7.5405034e+03
   9.0600000e+02  -3.7708229e+03   8.6070080e+02
   9.0700000e+02   1.1793689e+04   1.8689245e+04
   9.0800000e+02   2.1995562e+04   3.1382667e+04
   9.0900000e+02   3.8234748e+03   2.6533409e+04
   9.1000000e+02  -1.6947226e+03   1.3360286e+04
   9.1100000e+02  -3.1569666e+03  -7.2055543e+03
   9.1200000e+02  -1.8079455e+04  -1.0548630e+04
   9.1300000e+02  -1.0488890e+04   6.6098941e+03
   9.1400000e+02   2.2368609e+03   1.4230078e+04
   9.1500000e+02  -9.2843488e+03   1.7862798e+04
   9.1600000e+02  -1.1834678e+04   1.6104277e+04
   9.1700000e+02  -6.0762372e+03  -8.6510369e+03
   9.1800000e+02  -1.0930688e+04  -1.7066292e+04
   9.1900000e+02  -1.2935456e+04   7.1407337e+03
   9.2000000e+02  -1.5313009e+04   1.2067058e+04
   9.2100000e+02  -1.2301930e+04  -1.7385643e+03
   9.2200000e+02   4.7149490e+03   2.0282812e+03
   9.2300000e+02   6.3545189e+03   6.5417736e+03
   9.2400000e+02  -8.1268972e+03  -1.3561201e+03
   9.2500000e+02  -1.1632732e+04  -8.8544610e+03
   9.2600000e+02  -1.3115180e+04  -1.6315423e+04
   9.2700000e+02  -1.2416506e+04  -1.2157604e+04
   9.2800000e+02   7.3336254e+03   2.9280762e+03
   9.2900000e+02   1.5802403e+04  -4.1699980e+02
   9.3000000e+02  -6.3224737e+03  -8.6839788e+03
   9.3100000e+02  -2.1623243e+04  -5.6688491e+03
   9.3200000e+02  -1.6248420e+04  -1.5643220e+04
   9.3300000e+02  -1.9206042e+03  -2.4896203e+04
   9.3400000e+02   1.2219957e+04  -1.9619494e+04
   9.3500000e+02   3.6143990e+03  -2.4506989e+04
   9.3600000e+02  -1.2060553e+04  -2.3582722e+04
   9.3700000e+02  -1.4190684e+03  -9.1715930e+03
   9.3800000e+02   7.5415493e+03  -1.6645295e+04
   9.3900000e+02  -3.1077650e+03  -3.0070441e+04
   9.4000000e+02  -3.8002471e+03  -2.3612843e+04
   9.4100000e+02  -3.9662550e+02  -1.5225380e+04
   9.4200000e+02  -2.8886329e+03   6.6366931e+02
   9.4300000e+02   1.1594877e+04   1.7800824e+04
   9.4400000e+02   2.0430736e+04   3.3827235e+03
   9.4500000e+02   2.6951473e+03  -1.0442884e+04
   9.4600000e+02  -9.5903773e+02  -2.3122624e+03
   9.4700000e+02   7.4634315e+03  -1.4011370e+04
   9.4800000e+02   5.4583978e+03  -2.3472167e+04
   9.4900000e+02   1.4765596e+04   2.7637245e+03
   9.5000000e+02   1.8614275e+04   1.6568295e+04
   9.5100000e+02   4.5407850e+03   4.9471329e+02
   9.5200000e+02   9.0588307e+03  -1.6689452e+04
   9.5300000e+02   1.4149315e+04  -2.4509766e+04
   9.5400000e+02   1.2535189e+03  -9.8711221e+03
   9.5500000e+02   8.7704902e+03   1.1895567e+04
   9.5600000e+02   2.2967629e+04   7.1223505e+03
   9.5700000e+02   1.5111061e+04   1.8860338e+03
   9.5800000e+02   1.0800405e+04   1.5334980e+04
   9.5900000e+02   8.0066197e+03   1.3355807e+04
   9.6000000e+02   2.9662170e+02   5.1433081e+03
   9.6100000e+02   8.9989891e+03   1.3434049e+04
   9.6200000e+02   8.9421327e+03   9.4047783e+03
   9.6300000e+02  -7.5701503e+03   3.9313167e+03
   9.6400000e+02   4.9805350e+02   2.5132371e+04
   9.6500000e+02   1.8591401e+04   3.1217323e+04
   9.6600000e+02   2.1729505e+04   7.2210245e+03
   9.6700000e+02   1.6597054e+04  -9.9098023e+03
   9.6800000e+02  -1.0013787e+04  -9.5550449e+03
   9.6900000e+02  -3.0620143e+04   1.2744219e+04
   9.7000000e+02  -1.5408312e+03   3.4582747e+04
   9.7100000e+02   2.7430725e+04   1.5740911e+04
   9.7200000e+02   1.3171821e+04  -5.7736072e+03
   9.7300000e+02  -1.0360341e+04   6.6438905e+03
   9.7400000e+02  -2.9619146e+04   1.4890441e+04
   9.7500000e+02  -3.2575684e+04   1.1859414e+04
   9.7600000e+02  -1.5081083e+02   1.2666539e+04
   9.7700000e+02   1.6602288e+04   4.5675343e+03
   9.7800000e+02  -8.9819211e+03  -4.9260810e+02
   9.7900000e+02  -2.8803917e+04   4.6115583e+03
   9.8000000e+02  -3.0232160e+04   7.5950098e+03
   9.8100000e+02  -1.6643256e+04   1.8849677e+04
   9.8200000e+02   1.1494918e+04   1.3987584e+04
   9.8300000e+02   1.2489998e+04  -2.7579957e+04
   9.8400000e+02  -1.2613397e+04  -3.1501648e+04
   9.8500000e+02  -1.7873949e+04   2.2054381e+04
   9.8600000e+02  -1.7074187e+04   3.6762144e+04
   9.8700000e+02  -2.6022754e+04  -1.8120028e+03
   9.8800000e+02  -1.7159442e+04  -2.4918659e+04
   9.8900000e+02  -3.0773876e+03  -1.7989344e+04
   9.9000000e+02  -5.2027381e+03   8.2176155e+03
   9.9100000e+02  -7.0610765e+03   2.7555522e+04
   9.9200000e+02  -1.2868107e+04   8.0216791e+03
   9.9300000e+02  -1.7550859e+04  -1.4395031e+04
   9.9400000e+02  -6.3422558e+03  -1.3556534e+04
   9.9500000e+02  -1.3364272e+04  -1.5804745e+04
   9.9600000e+02  -2.4545580e+04  -1.0497415e+04
   9.9700000e+02   5.8907519e+03   5.3766890e+02
   9.9800000e+02   2.1476264e+04  -1.2674528e+04
   9.9900000e+02  -1.3399755e+04  -1.7769108e+04
   1.0000000e+03  -3.3733468e+04   1.0902360e+03
   1.0010000e+03  -1.6745461e+04  -7.8390200e+02
   1.0020000e+03   1.4634360e+04  -1.5100050e+04
   1.0030000e+03   4.1264661e+04  -1.4632478e+04
   1.0040000e+03   2.2697959e+04  -1.5865765e+04
   1.0050000e+03  -1.9678911e+04  -8.6411231e+03
   1.0060000e+03  -9.3609541e+03   9.4938951e+03
   1.0070000e+03   2.9860568e+04   2.1963844e+03
   1.0080000e+03   3.7704363e+04  -1.1535846e+04
   1.0090000e+03   2.5169402e+04  -6.4641461e+03
   1.0100000e+03  -1.7253062e+03  -8.6704384e+03
   1.0110000e+03  -2.2072506e+04  -1.0479799e+04
   1.0120000e+03   3.4203284e+03  -3.4472982e+03
   1.0130000e+03   2.9193570e+04  -8.7070474e+03
   1.0140000e+03   1.5753033e+04  -8.9322085e+02
   1.0150000e+03  -1.7109214e+03   2.3669491e+04
   1.0160000e+03  -1.2609043e+04   1.1881857e+04
   1.0170000e+03  -6.0229632e+03  -1.4511025e+04
   1.0180000e+03   3.3365568e+04   3.3502116e+02
   1.0190000e+03   4.5852639e+04   1.9358767e+04
   1.0200000e+03   4.8409626e+03   3.2354135e+03
   1.0210000e+03  -1.5798260e+04  -1.7850529e+04
   1.0220000e+03   8.6425793e+03  -2.2257304e+04
   1.0230000e+03   3.0746883e+04  -6.3197042e+03
   1.0240000e+03   3.1617375e+04   1.9401365e+04
   1.0250000e+03   1.2719265e+04   1.6181693e+04
   1.0260000e+03  -9.5381807e+03  -1.0235241e+04
   1.0270000e+03  -5.5884208e+03  -1.6641746e+04
   1.0280000e+03   8.7926667e+03  -1.1588209e+03
   1.0290000e+03   1.1553123e+04   2.0268907e+04
   1.0300000e+03   1.1195135e+04   2.8959385e+04
   1.0310000e+03  -4.8566918e+03   1.0056319e+04
   1.0320000e+03  -2.2914579e+04  -1.4157325e+03
   1.0330000e+03   2.8170512e+02   1.2261660e+04
   1.0340000e+03   2.5310566e+04   8.2025225e+03
   1.0350000e+03   3.4106228e+03  -1.0877399e+04
   1.0360000e+03  -2.4497887e+04  -8.6052927e+03
   1.0370000e+03  -2.5112135e+04   1.0598399e+03
   1.0380000e+03  -9.6328690e+02   4.4477330e+03
   1.0390000e+03   3.3077328e+04   1.7670326e+03
   1.0400000e+03   2.1959254e+04  -1.2037354e+04
   1.0410000e+03  -3.2178766e+04  -9.0206970e+03
   1.0420000e+03  -4.4537577e+04   1.3520704e+04
   1.0430000e+03  -8.0243759e+03   1.0725439e+04
   1.0440000e+03   1.5287735e+04  -6.1394803e+03
   1.0450000e+03   7.3318706e+03  -3.4892159e+03
   1.0460000e+03  -2.1551002e+04  -9.7351300e+01
   1.0470000e+03  -3.7334871e+04  -6.6706303e+02
   1.0480000e+03  -1.0839093e+04   6.2159152e+03
   1.0490000e+03   1.0320323e+04   4.3913492e+03
   1.0500000e+03  -9.2383603e+03   1.6533330e+03
   1.0510000e+03  -2.6397329e+04   8.4652155e+03
   1.0520000e+03  -2.2391109e+04  -4.0272285e+03
   1.0530000e+03  -7.4758662e+03  -2.2878710e+04
   1.0540000e+03   1.5718448e+04  -1.2705136e+04
   1.0550000e+03   8.2863024e+03   3.9292207e+03
   1.0560000e+03  -3.2752223e+04   6.3185166e+03
   1.0570000e+03  -3.7977803e+04  -5.1042551e+03
   1.0580000e+03  -2.5208232e+03  -2.6819270e+04
   1.0590000e+03   1.8037614e+04  -2.2022755e+04
   1.0600000e+03   9.2071867e+03   8.0381111e+03
   1.0610000e+03  -1.6575273e+04   1.1715130e+04
   1.0620000e+03  -2.1694060e+04   1.2985710e+01
   1.0630000e+03   1.3859710e+04   1.5683189e+03
   1.0640000e+03   2.6819791e+04  -1.8282999e+03
   1.0650000e+03  -4.2613923e+03  -1.9276080e+01
   1.0660000e+03  -1.5086166e+04   1.7005762e+04
   1.0670000e+03   2.4760089e+03   1.3524997e+04
   1.0680000e+03   1.9829493e+04  -3.1349235e+03
   1.0690000e+03   2.6008674e+04  -1.3962571e+03
   1.0700000e+03  -1.0976309e+03   3.3854864e+03
   1.0710000e+03  -2.8094978e+04   5.2365047e+03
   1.0720000e+03  -7.2135008e+03   7.7559377e+03
   1.0730000e+03   1.3501720e+04  -4.4418516e+02
   1.0740000e+03   6.3318670e+03  -7.1168904e+02
   1.0750000e+03   7.1428307e+03   7.5281975e+03
   1.0760000e+03   2.1020224e+03  -4.5966683e+03
   1.0770000e+03  -9.6724317e+03  -7.3713437e+03
   1.0780000e+03   1.1352585e+04   1.6667253e+04
   1.0790000e+03   3.3378265e+04   1.5500089e+04
   1.0800000e+03   2.0858876e+04  -6.6809293e+03
   1.0810000e+03   5.9840415e+03  -4.2767993e+03
   1.0820000e+03   1.7006276e+03   4.7782329e+03
   1.0830000e+03   7.8403081e+03   6.7201918e+03
   1.0840000e+03   2.3881923e+04   1.5348764e+04
   1.0850000e+03   1.0485288e+04   1.3061546e+04
   1.0860000e+03  -2.1459393e+04   1.9627627e+03
   1.0870000e+03  -1.4247581e+04   4.5321440e+03
   1.0880000e+03   7.5081227e+03   8.9895076e+03
   1.0890000e+03   7.3581923e+03   1.2652237e+04
   1.0900000e+03   7.9927528e+03   1.6904801e+04
   1.0910000e+03  -4.1250659e+02   9.8643449e+02
   1.0920000e+03  -2.0083668e+04  -1.8072013e+04
   1.0930000e+03  -7.0518024e+03  -7.0457413e+03
   1.0940000e+03   1.8531086e+04   1.8099525e+04
   1.0950000e+03   1.6875605e+04   2.3741312e+04
   1.0960000e+03   6.0103088e+03  -4.3258787e+03
   1.0970000e+03  -7.9485079e+03  -3.9871099e+04
   1.0980000e+03  -1.3196310e+04  -2.7490314e+04
   1.0990000e+03   7.1537652e+03   1.8810696e+04
   1.1000000e+03   1.1166342e+04   2.4692622e+04
   1.1010000e+03  -4.7261757e+03  -5.4316584e+03
   1.1020000e+03   2.9708400e+03  -1.8545374e+04
   1.1030000e+03   4.6683662e+03  -1.4889655e+04
   1.1040000e+03  -1.7639746e+04  -3.0469689e+03
   1.1050000e+03  -1.7359185e+04   7.3421973e+03
   1.1060000e+03  -3.9594176e+03  -1.0226101e+04
   1.1070000e+03  -7.0279467e+03  -3.0112582e+04
   1.1080000e+03  -7.6265392e+03  -1.7337371e+04
   1.1090000e+03  -1.0703705e+04   2.3718916e+03
   1.1100000e+03  -1.9854919e+04   3.5276387e+03
   1.1110000e+03  -8.4914688e+03  -1.8840114e+04
   1.1120000e+03   3.4903255e+01  -4.7291837e+04
   1.1130000e+03  -1.0834866e+04  -3.3156976e+04
   1.1140000e+03  -4.7346689e+03   5.2166203e+03
   1.1150000e+03   7.3878447e+03   1.7810859e+03
   1.1160000e+03   3.3783504e+03  -1.7208295e+04
   1.1170000e+03   2.2221568e+03  -9.2555534e+03
   1.1180000e+03  -2.8975934e+03  -2.6858537e+03
   1.1190000e+03  -7.1491077e+03   1.1491215e+03
   1.1200000e+03   9.7568683e+03   1.0506493e+04
   1.1210000e+03   1.2585944e+04  -8.4093202e+02
   1.1220000e+03  -3.2336731e+03  -1.0226843e+04
   1.1230000e+03   5.3959792e+02   1.9080247e+03
   1.1240000e+03   2.3473463e+02  -9.0724310e+02
   1.1250000e+03  -1.1693000e+04  -6.9560206e+03
   1.1260000e+03   4.2770065e+03   4.2803839e+03
   1.1270000e+03   2.3633121e+04  -7.4564106e+02
   1.1280000e+03   1.5843902e+04  -1.1152580e+04
   1.1290000e+03   5.1044337e+03  -1.6978912e+03
   1.1300000e+03  -6.7911799e+02  -3.3078959e+02
   1.1310000e+03   3.8977309e+03   3.1320934e+02
   1.1320000e+03   2.0793982e+04   1.8717781e+04
   1.1330000e+03   1.5007677e+04   1.6313870e+04
   1.1340000e+03  -3.0190187e+03  -4.3557293e+03
   1.1350000e+03   5.4132273e+03  -1.7799837e+03
   1.1360000e+03   9.3266354e+03   1.1711004e+04
   1.1370000e+03  -8.7890131e+03   2.2356067e+04
   1.1380000e+03  -1.0957907e+04   3.0824042e+04
   1.1390000e+03  -2.1462052e+03   1.7800486e+04
   1.1400000e+03  -1.6602145e+03   9.9034002e+02
   1.1410000e+03   1.6842407e+03   7.5155574e+03
   1.1420000e+03  -1.3042482e+03   1.5465659e+04
   1.1430000e+03  -8.8827043e+03   1.5885945e+04
   1.1440000e+03  -4.2699561e+02   1.6172120e+04
   1.1450000e+03   5.1602190e+03   8.7820779e+03
   1.1460000e+03   2.6842425e+03   9.7505273e+03
   1.1470000e+03   9.9432666e+03   2.3205608e+04
   1.1480000e+03   5.6751853e+03   1.5703493e+04
   1.1490000e+03  -4.4512978e+03  -1.5070306e+03
   1.1500000e+03   6.4655132e+03   2.6446621e+03
   1.1510000e+03   2.0433196e+03   1.1974635e+04
   1.1520000e+03  -1.9865465e+04   2.0899806e+04
   1.1530000e+03  -1.0648300e+04   2.4693991e+04
   1.1540000e+03   3.4213557e+03  -9.9257371e+02
   1.1550000e+03  -3.9357517e+03  -1.4867890e+04
   1.1560000e+03  -4.9507639e+03   1.4493031e+04
   1.1570000e+03  -1.0727151e+04   2.4611501e+04
   1.1580000e+03  -1.9140978e+04  -7.0988850e+02
   1.1590000e+03  -2.0724424e+03  -1.5413771e+04
   1.1600000e+03   4.7982370e+03  -1.5596926e+04
   1.1610000e+03  -1.0915958e+04  -9.5460951e+03
   1.1620000e+03  -8.8435792e+03  -3.9187294e+03
   1.1630000e+03  -5.7704531e+03  -5.6711639e+03
   1.1640000e+03  -1.3869086e+04   4.3338905e+03
   1.1650000e+03  -5.0115091e+03   7.6014236e+03
   1.1660000e+03  -3.7232303e+03  -2.7231950e+04
   1.1670000e+03  -1.5948367e+04  -4.1964693e+04
   1.1680000e+03  -3.0012094e+03  -3.3574722e+03
   1.1690000e+03   1.5996242e+03   1.6626330e+04
   1.1700000e+03  -1.7562485e+04  -2.4200175e+03
   1.1710000e+03  -5.5657708e+03  -1.8921081e+04
   1.1720000e+03   1.1859757e+04  -3.0000792e+04
   1.1730000e+03  -5.0063480e+03  -2.2621295e+04
   1.1740000e+03  -1.2846972e+04   5.6643079e+03
   1.1750000e+03  -4.3867625e+03   6.9196416e+03
   1.1760000e+03   2.5515648e+03  -1.3002016e+04
   1.1770000e+03   1.7108956e+04  -1.8056106e+04
   1.1780000e+03   1.3329672e+04  -1.6822790e+04
   1.1790000e+03  -9.1428313e+03  -4.6101614e+03
   1.1800000e+03  -3.1802500e+03   8.1969135e+03
   1.1810000e+03   1.6313918e+04  -1.2506087e+04
   1.1820000e+03   1.8379798e+04  -3.0515879e+04
   1.1830000e+03   1.3242257e+04  -1.5467348e+04
   1.1840000e+03  -3.6986602e+03  -4.5058707e+03
   1.1850000e+03  -9.8441565e+03  -3.8302514e+03
   1.1860000e+03   2.2166937e+04  -6.4711576e+03
   1.1870000e+03   3.1966240e+04  -2.0546459e+04
   1.1880000e+03   7.1165272e+02  -1.9217565e+04
   1.1890000e+03  -7.0447873e+03  -2.8222620e+03
   1.1900000e+03   1.5326487e+03  -4.1348375e+03
   1.1910000e+03   2.9363978e+03  -2.0031111e+03
   1.1920000e+03   1.7103335e+04   1.1735150e+04
   1.1930000e+03   1.7379958e+04   1.2606199e+03
   1.1940000e+03  -1.3761248e+03  -9.4199898e+03
   1.1950000e+03   3.0692106e+03   7.9928548e+03
   1.1960000e+03   1.2914721e+04   1.2464239e+04
   1.1970000e+03   1.2628464e+04   3.4820821e+03
   1.1980000e+03   2.1555304e+04   9.8576492e+03
   1.1990000e+03   1.3262729e+04   7.7893944e+03
   1.2000000e+03  -7.0961369e+03   1.7714125e+03
   1.2010000e+03   7.5686750e+03   8.0866063e+03
   1.2020000e+03   2.1479656e+04  -1.8457318e+03
   1.2030000e+03   1.9527890e+01  -9.1385062e+03
   1.2040000e+03  -1.3327684e+04   1.0442218e+04
   1.2050000e+03  -7.2021332e+03   1.9917439e+04
   1.2060000e+03   6.4285403e+03   1.9412330e+04
   1.2070000e+03   2.2222653e+04   1.9527911e+04
   1.2080000e+03   2.2316300e+03  -6.3933810e+02
   1.2090000e+03  -3.2844477e+04  -4.4805731e+03
   1.2100000e+03  -2.1499397e+04   3.0582152e+04
   1.2110000e+03   2.8775224e+03   4.1684840e+04
   1.2120000e+03   7.3470994e+03   1.8857379e+04
   1.2130000e+03   1.4354338e+04   4.9179930e+03
   1.2140000e+03   6.8771070e+02  -3.5904970e+03
   1.2150000e+03  -2.9572009e+04   4.2289569e+03
   1.2160000e+03  -2.1643225e+04   3.1083078e+04
   1.2170000e+03   4.5622889e+03   2.1273705e+04
   1.2180000e+03   1.0126220e+04  -1.3374810e+04
   1.2190000e+03   3.2852925e+03  -1.3783891e+04
   1.2200000e+03  -1.4778227e+04   5.6482692e+03
   1.2210000e+03  -2.3019629e+04   1.5841253e+04
   1.2220000e+03  -6.0900600e+03   7.5574705e+03
   1.2230000e+03  -1.0639577e+04  -1.5744921e+04
   1.2240000e+03  -3.3570073e+04  -1.5237297e+04
   1.2250000e+03  -2.0113540e+04   7.7507797e+03
   1.2260000e+03   3.1318259e+03   8.7033182e+03
   1.2270000e+03  -6.6606221e+02  -2.6187994e+03
   1.2280000e+03  -8.9083905e+03  -3.4249272e+03
   1.2290000e+03  -1.8585760e+04  -4.9309109e+03
   1.2300000e+03  -1.9398556e+04  -3.1649548e+03
   1.2310000e+03   4.6996592e+03   1.1682830e+03
   1.2320000e+03   7.0710516e+03  -6.0664020e+03
   1.2330000e+03  -1.9482213e+04  -4.5117396e+03
   1.2340000e+03  -1.9780103e+04   6.7409198e+03
   1.2350000e+03  -8.4233029e+02  -5.9810934e+03
   1.2360000e+03   1.0908392e+04  -2.2247299e+04
   1.2370000e+03   1.4338985e+04  -1.6037080e+04
   1.2380000e+03  -1.1812469e+04  -9.4844567e+03
   1.2390000e+03  -4.1160775e+04  -1.1295998e+03
   1.2400000e+03  -1.6339874e+04   6.3491447e+03
   1.2410000e+03   2.5515071e+04  -1.0832014e+04
   1.2420000e+03   2.6603957e+04  -2.0768180e+04
   1.2430000e+03   3.2764172e+03  -2.2215700e+03
   1.2440000e+03  -1.6285972e+04   4.0220242e+03
   1.2450000e+03  -7.3423490e+03  -8.0598405e+03
   1.2460000e+03   2.7591803e+04  -1.4019341e+04
   1.2470000e+03   2.7451357e+04  -1.1346001e+04
   1.2480000e+03  -5.8390844e+03   1.4499695e+03
   1.2490000e+03  -7.0643458e+03   7.6020234e+03
   1.2500000e+03   1.0984354e+04  -1.0125825e+04
   1.2510000e+03   1.8385123e+04  -1.8624537e+04
   1.2520000e+03   2.4335161e+04  -4.8348739e+03
   1.2530000e+03   7.4092981e+03  -2.0677570e+02
   1.2540000e+03  -2.0044947e+04   2.2452638e+03
   1.2550000e+03  -1.7468333e+02   1.0367369e+04
   1.2560000e+03   4.0683468e+04  -4.2086130e+02
   1.2570000e+03   4.0085124e+04  -8.3568892e+03
   1.2580000e+03   6.9498910e+03   9.0283172e+03
   1.2590000e+03  -2.1431459e+04   1.7429141e+04
   1.2600000e+03  -1.3116073e+04   1.0202772e+04
   1.2610000e+03   2.4621785e+04   3.1047228e+03
   1.2620000e+03   2.6353670e+04  -7.4527816e+03
   1.2630000e+03  -4.2705541e+03  -1.1672628e+03
   1.2640000e+03   2.0375005e+03   1.6838363e+04
   1.2650000e+03   2.2084315e+04   1.8147646e+03
   1.2660000e+03   1.3636411e+04  -1.7799994e+04
   1.2670000e+03   5.6502499e+03  -8.3133995e+02
   1.2680000e+03   7.3872876e+02   8.1495735e+03
   1.2690000e+03  -5.0561846e+03  -6.5759643e+03
   1.2700000e+03   4.9164085e+03  -9.4736498e+03
   1.2710000e+03   3.5244611e+03  -3.5127875e+03
   1.2720000e+03  -8.1118510e+03   7.9744695e+03
   1.2730000e+03   3.7568932e+03   1.8361554e+04
   1.2740000e+03   9.1719858e+03   3.2869540e+03
   1.2750000e+03  -6.8211018e+03  -7.0869967e+03
   1.2760000e+03  -1.3922726e+04   6.4937605e+03
   1.2770000e+03  -1.4315394e+04   6.6592034e+03
   1.2780000e+03  -1.2074221e+03  -1.6780318e+02
   1.2790000e+03   2.4030948e+04   2.5370406e+03
   1.2800000e+03   9.4725262e+03  -3.6009826e+03
   1.2810000e+03  -2.7290432e+04  -4.4382950e+03
   1.2820000e+03  -1.9675099e+04   5.1777457e+03
   1.2830000e+03   1.7862871e+03  -2.9845320e+03
   1.2840000e+03  -2.2036877e+03  -1.0944645e+04
   1.2850000e+03  -4.4705777e+03  -2.9373319e+03
   1.2860000e+03  -1.3027664e+04  -6.0546878e+03
   1.2870000e+03  -2.7862500e+04  -2.7814603e+03
   1.2880000e+03  -9.6275939e+03   1.8953489e+04
   1.2890000e+03   6.2788323e+03   1.1450616e+04
   1.2900000e+03  -1.0531691e+04  -1.5014400e+04
   1.2910000e+03  -1.6242083e+04  -1.6871495e+04
   1.2920000e+03  -1.6831359e+04  -6.9199231e+03
   1.2930000e+03  -1.9984726e+04   6.9131903e+03
   1.2940000e+03   8.3665896e+03   1.3131928e+04
   1.2950000e+03   2.5089004e+04  -9.6857977e+03
   1.2960000e+03  -5.0110420e+03  -2.0828392e+04
   1.2970000e+03  -2.3504051e+04   1.5170765e+03
   1.2980000e+03  -1.2591632e+04   8.3554483e+03
   1.2990000e+03   6.9891962e+02  -4.2592644e+03
   1.3000000e+03   1.1693381e+04  -2.0513120e+03
   1.3010000e+03   3.2179337e+03   6.0319893e+03
   1.3020000e+03  -1.4707762e+04   9.6047778e+03
   1.3030000e+03  -7.6918651e+03   1.0052501e+04
   1.3040000e+03   1.3580941e+03  -2.1727033e+03
   1.3050000e+03  -6.7386655e+02  -8.6277616e+03
   1.3060000e+03   3.0366248e+03   1.5695285e+03
   1.3070000e+03  -8.9116347e+03   2.4969318e+03
   1.3080000e+03  -1.7067344e+04   1.8662113e+03
   1.3090000e+03   1.5144352e+04   9.9538957e+03
   1.3100000e+03   2.7660404e+04   4.1694046e+03
   1.3110000e+03  -4.8955541e+03  -3.6608978e+03
   1.3120000e+03  -1.3052572e+04   5.1518092e+02
   1.3130000e+03   7.9424641e+03  -2.9963798e+03
   1.3140000e+03   1.2122371e+04  -4.7026847e+03
   1.3150000e+03   2.9842278e+03   9.5705747e+03
   1.3160000e+03  -5.9519121e+03   1.6470826e+04
   1.3170000e+03  -4.9978560e+03   9.4000508e+03
   1.3180000e+03   1.2803095e+04   1.2185086e+03
   1.3190000e+03   1.4372180e+04  -1.9632870e+03
   1.3200000e+03  -4.1398484e+03   1.3842953e+04
   1.3210000e+03  -3.5899099e+02   2.8661118e+04
   1.3220000e+03   7.3563686e+03   1.0923862e+04
   1.3230000e+03  -1.1729723e+03   5.7800336e+02
   1.3240000e+03   1.0365382e+04   1.4326192e+04
   1.3250000e+03   2.3803413e+04   6.6067077e+03
   1.3260000e+03   1.2735627e+04  -5.8198994e+03
   1.3270000e+03   1.2654837e+04   2.3552767e+03
   1.3280000e+03   1.5588185e+04  -3.8013430e+01
   1.3290000e+03   1.6969364e+03  -3.4386484e+03
   1.3300000e+03  -2.6407700e+02   7.2251417e+03
   1.3310000e+03  -6.2326480e+02   1.8861580e+03
   1.3320000e+03  -9.1334060e+03  -7.4091244e+03
   1.3330000e+03   2.4690606e+03  -4.1323764e+03
   1.3340000e+03   5.9532695e+03  -1.2051210e+04
   1.3350000e+03  -1.5947444e+04  -8.4854075e+03
   1.3360000e+03  -1.5848996e+04   1.4591461e+04
   1.3370000e+03  -7.4037890e+02   3.3283205e+03
   1.3380000e+03   1.2523982e+03  -2.2972372e+04
   1.3390000e+03   4.9238896e+03  -1.4514986e+04
   1.3400000e+03  -1.7902330e+03   4.3683625e+03
   1.3410000e+03  -1.3169700e+04   1.1043853e+04
   1.3420000e+03   9.9702992e+03  -2.3379182e+03
   1.3430000e+03   2.6429357e+04  -3.0614625e+04
   1.3440000e+03  -7.8751655e+03  -2.2430948e+04
   1.3450000e+03  -3.1848922e+04   1.2725410e+04
   1.3460000e+03  -6.2253371e+03   5.4722504e+03
   1.3470000e+03   2.3660066e+04  -2.3627097e+04
   1.3480000e+03   2.0415309e+04  -2.3315692e+04
   1.3490000e+03  -1.2390733e+04  -1.1120270e+04
   1.3500000e+03  -3.1786207e+04   1.0126119e+03
   1.3510000e+03  -7.6417192e+03   7.1671637e+03
   1.3520000e+03   8.9908164e+03  -1.3056814e+04
   1.3530000e+03  -7.0312852e+03  -2.5174116e+04
   1.3540000e+03  -6.1603835e+03  -8.6250246e+03
   1.3550000e+03   2.3062464e+03  -7.6619670e+03
   1.3560000e+03  -7.1982936e+03  -1.5373357e+04
   1.3570000e+03  -2.3602675e+03  -4.5316231e+03
   1.3580000e+03   3.5427998e+03  -4.1248655e+03
   1.3590000e+03  -8.0721245e+03  -1.4500112e+04
   1.3600000e+03  -1.6717819e+03  -1.3321497e+04
   1.3610000e+03   1.0219009e+04  -1.2586049e+04
   1.3620000e+03   6.6510107e+03  -5.9890742e+03
   1.3630000e+03   6.7176676e+03   9.8956310e+03
   1.3640000e+03  -3.8987493e+03   8.4055428e+03
   1.3650000e+03  -1.6333197e+04   5.1914713e+03
   1.3660000e+03   2.4954003e+03   1.2711269e+04
   1.3670000e+03   1.5226490e+04   4.4378048e+02
   1.3680000e+03   2.0902485e+03  -9.4995507e+03
   1.3690000e+03  -6.9691600e+03   6.4879167e+03
   1.3700000e+03  -1.7652667e+04   1.0594399e+04
   1.3710000e+03  -1.6817457e+04   5.4856901e+03
   1.3720000e+03   1.5151483e+04   1.0049680e+04
   1.3730000e+03   2.6547194e+04   3.9827726e+03
   1.3740000e+03   5.1942289e+03  -9.8376490e+02
   1.3750000e+03   6.4580150e+02   7.9839827e+03
   1.3760000e+03   3.9291566e+03   9.1056500e+03
   1.3770000e+03   2.5650844e+03   1.2492265e+04
   1.3780000e+03   1.5249189e+04   2.4088877e+04
   1.3790000e+03   1.5938781e+04   1.5829022e+04
   1.3800000e+03   4.4755390e+02   3.6767576e+03
   1.3810000e+03   3.2104582e+03   9.2287974e+03
   1.3820000e+03   4.4083454e+03   7.6039755e+03
   1.3830000e+03  -7.0983640e+03   8.4202058e+03
   1.3840000e+03  -8.2977097e+02   2.3429241e+04
   1.3850000e+03   9.1463970e+03   1.3918487e+04
   1.3860000e+03   5.3512902e+03  -3.8738351e+03
   1.3870000e+03   2.8925684e+03   8.6630479e+03
   1.3880000e+03  -8.1883041e+03   1.9209916e+04
   1.3890000e+03  -1.8270997e+04   1.6795537e+04
   1.3900000e+03   3.2591795e+03   1.9208837e+04
   1.3910000e+03   1.6036918e+04   8.5435804e+03
   1.3920000e+03  -5.6002531e+03  -1.7036559e+02
   1.3930000e+03  -1.2469718e+04   1.9500622e+04
   1.3940000e+03  -4.0645896e+03   2.9771475e+04
   1.3950000e+03  -4.5946854e+03   1.2918444e+04
   1.3960000e+03  -3.9924046e+02  -1.9252961e+03
   1.3970000e+03  -4.6206281e+03  -8.1367418e+03
   1.3980000e+03  -1.7552593e+04  -1.3641259e+03
   1.3990000e+03  -1.2052155e+04   1.3333344e+04
   1.4000000e+03  -7.5183218e+03   4.9828834e+03
   1.4010000e+03  -1.0124714e+04  -1.2792656e+04
   1.4020000e+03   1.7060986e+03  -1.2218563e+04
   1.4030000e+03   1.3975744e+03  -1.2376968e+04
   1.4040000e+03  -1.7518274e+04  -1.7597511e+04
   1.4050000e+03  -1.2385536e+04  -1.4431946e+04
   1.4060000e+03   5.4236672e+03  -9.3821908e+03
   1.4070000e+03   4.5161623e+03  -3.0613981e+03
   1.4080000e+03  -9.2866553e+02  -5.3618629e+03
   1.4090000e+03  -9.0705620e+03  -2.3825479e+04
   1.4100000e+03  -1.5304196e+04  -2.2727032e+04
   1.4110000e+03  -2.7557425e+03  -7.6894590e+02
   1.4120000e+03   1.2546423e+03  -2.3824979e+03
   1.4130000e+03  -7.0600520e+03  -1.3609366e+04
   1.4140000e+03  -3.1349673e+03  -1.1102633e+04
   1.4150000e+03  -1.0347663e+04  -1.8033318e+04
   1.4160000e+03  -1.9369295e+04  -2.4821792e+04
   1.4170000e+03   4.2118480e+03  -1.9141395e+04
   1.4180000e+03   1.7250426e+04  -2.2964095e+04
   1.4190000e+03  -1.9840484e+03  -1.7965832e+04
   1.4200000e+03  -6.0307879e+03   4.3624369e+03
   1.4210000e+03   4.1083585e+03   7.4142477e+02
   1.4220000e+03   7.6250605e+03  -2.1030871e+04
   1.4230000e+03   2.2244629e+04  -2.3919113e+04
   1.4240000e+03   2.9314733e+04  -1.3163318e+04
   1.4250000e+03   7.9773936e+03   5.1878171e+03
   1.4260000e+03  -5.4787132e+03   1.2716930e+04
   1.4270000e+03  -1.2807771e+03  -9.8090376e+03
   1.4280000e+03   1.0957582e+04  -1.9660402e+04
   1.4290000e+03   3.1113746e+04  -1.1558694e+03
   1.4300000e+03   1.6689310e+04   4.0107694e+03
   1.4310000e+03  -2.6600359e+04   2.2635008e+03
   1.4320000e+03  -2.4384019e+04   1.3536507e+03
   1.4330000e+03   1.0806472e+04  -1.4075296e+04
   1.4340000e+03   2.2663989e+04  -7.0467131e+03
   1.4350000e+03   1.7379763e+04   2.0869410e+04
   1.4360000e+03   6.6392251e+03   1.5092848e+04
   1.4370000e+03   2.4596754e+03   1.7655590e+02
   1.4380000e+03   1.7378582e+04   3.1084647e+03
   1.4390000e+03   1.9092119e+04  -3.0383797e+03
   1.4400000e+03   9.9366971e+03   5.1198629e+03
   1.4410000e+03   2.7066175e+04   3.1368957e+04
   1.4420000e+03   2.9582565e+04   2.2674691e+04
   1.4430000e+03  -5.1631781e+03   3.5026598e+03
   1.4440000e+03  -1.6583588e+04   1.2235826e+04
   1.4450000e+03  -2.5162294e+03   1.5419075e+04
   1.4460000e+03   5.7438021e+03   1.1096224e+04
   1.4470000e+03   1.6887300e+04   1.2229053e+04
   1.4480000e+03   8.9866538e+03   2.4169701e+03
   1.4490000e+03  -1.7272100e+04   2.1765229e+03
   1.4500000e+03  -1.3179911e+04   1.4177646e+04
   1.4510000e+03  -2.0601601e+03   3.2458179e+03
   1.4520000e+03  -1.1750235e+04  -3.3258139e+03
   1.4530000e+03  -4.2857690e+03   1.6875197e+04
   1.4540000e+03   5.3358118e+03   2.0062174e+04
   1.4550000e+03  -1.0125533e+04   5.2214539e+03
   1.4560000e+03  -1.2448641e+04   5.2899339e+03
   1.4570000e+03  -4.2645349e+03   1.6406150e+04
   1.4580000e+03  -1.0595575e+04   2.9689682e+04
   1.4590000e+03  -9.3116687e+03   2.3985941e+04
   1.4600000e+03  -8.9356379e+03  -1.0335624e+04
   1.4610000e+03  -2.0941119e+04  -1.7367548e+04
   1.4620000e+03  -1.3558634e+04   1.1452105e+04
   1.4630000e+03  -2.5154691e+03   8.5647825e+03
   1.4640000e+03  -1.2687194e+04  -1.5627839e+04
   1.4650000e+03  -1.4454759e+04  -1.2694730e+04
   1.4660000e+03  -1.0099271e+04  -2.5436143e+03
   1.4670000e+03  -1.3875939e+04   2.9020955e+03
   1.4680000e+03  -7.3556729e+03   8.8583590e+03
   1.4690000e+03  -6.2580451e+03   3.6411069e+02
   1.4700000e+03  -1.4903969e+04  -5.7915590e+03
   1.4710000e+03  -8.5682287e+03   2.4099339e+03
   1.4720000e+03  -1.1609823e+04   1.2297797e+03
   1.4730000e+03  -2.0305400e+04  -3.8073684e+03
   1.4740000e+03  -3.5300626e+03  -4.1193338e+03
   1.4750000e+03  -5.4127662e+03  -8.1569436e+03
   1.4760000e+03  -2.7665727e+04  -4.9178639e+03
   1.4770000e+03  -1.0849679e+04  -6.7112754e+03
   1.4780000e+03   1.2594438e+04  -2.6987661e+04
   1.4790000e+03   6.0912708e+03  -2.5598142e+04
   1.4800000e+03   2.9021571e+03  -1.2994770e+02
   1.4810000e+03  -3.3720479e+03   1.9697451e+03
   1.4820000e+03  -1.3797531e+04  -1.3173618e+04
   1.4830000e+03   8.4329117e+03  -2.1208441e+04
   1.4840000e+03   3.0741489e+04  -2.5679699e+04
   1.4850000e+03   1.7693233e+04  -1.3149668e+04
   1.4860000e+03   5.3639301e+03   8.4565067e+03
   1.4870000e+03   2.7646156e+03   7.0775120e+02
   1.4880000e+03   2.3744427e+03  -1.5958485e+04
   1.4890000e+03   1.7202839e+04  -7.3762839e+03
   1.4900000e+03   1.9345281e+04   3.8854044e+03
   1.4910000e+03  -4.6963700e+01   6.9448051e+03
   1.4920000e+03   7.9609410e+02   6.5390111e+03
   1.4930000e+03   1.1454959e+04  -3.8758686e+03
   1.4940000e+03   8.4749544e+03  -8.6025371e+02
   1.4950000e+03   9.9870749e+03   1.5879582e+04
   1.4960000e+03   8.2303554e+03   5.7955755e+03
   1.4970000e+03   3.3708519e+03  -1.1617876e+04
   1.4980000e+03   1.7833081e+04  -4.5198031e+03
   1.4990000e+03   2.1909087e+04   1.1294276e+03
   1.5000000e+03   5.3956447e+03   4.7086194e+03
   1.5010000e+03   7.6947688e+03   1.4707181e+04
   1.5020000e+03   1.5166887e+04   9.9591430e+02
   1.5030000e+03   9.6063686e+03  -1.8528238e+04
   1.5040000e+03   1.4680321e+04  -5.8802956e+03
   1.5050000e+03   1.3855823e+04   1.5445140e+04
   1.5060000e+03  -4.2621583e+03   2.5084694e+04
   1.5070000e+03  -2.3952731e+03   1.5652865e+04
   1.5080000e+03   9.0884740e+03  -1.5280729e+04
   1.5090000e+03   4.2557012e+03  -1.7081971e+04
   1.5100000e+03   7.3149674e+03   1.5114232e+04
   1.5110000e+03   9.8897824e+03   1.8913168e+04
   1.5120000e+03  -4.8542045e+03   5.4662671e+03
   1.5130000e+03  -5.1785217e+03   1.5848126e+03
   1.5140000e+03   2.6383437e+03  -1.3405825e+04
   1.5150000e+03   1.3059413e+03  -1.6715476e+04
   1.5160000e+03   7.6266652e+03   5.5816624e+03
   1.5170000e+03   1.7998150e+02   1.2727994e+04
   1.5180000e+03  -2.1254820e+04   1.4843595e+03
   1.5190000e+03  -1.4295812e+04  -4.5221456e+03
   1.5200000e+03   2.0297996e+03  -3.2458406e+03
   1.5210000e+03  -3.5331260e+02   5.6934512e+03
   1.5220000e+03  -1.2684916e+04   1.1217483e+04
   1.5230000e+03  -3.3316317e+04  -4.5785734e+02
   1.5240000e+03  -3.1692962e+04  -8.4395063e+03
   1.5250000e+03   4.8904519e+03  -1.9109579e+03
   1.5260000e+03   1.2086707e+04  -1.3011637e+03
   1.5270000e+03  -1.5555580e+04  -1.9626902e+02
   1.5280000e+03  -1.3246843e+04   1.0812381e+03
   1.5290000e+03   1.6921474e+03  -1.5122758e+04
   1.5300000e+03  -4.5433384e+03  -1.1980934e+04
   1.5310000e+03  -2.5998537e+03   1.5609806e+04
   1.5320000e+03  -1.3203894e+03   8.7146053e+03
   1.5330000e+03  -1.5697726e+04  -1.5232588e+04
   1.5340000e+03  -1.1829167e+04  -1.1540188e+04
   1.5350000e+03   2.7802930e+03  -2.0794690e+02
   1.5360000e+03   2.1035735e+03   6.5339921e+03
   1.5370000e+03  -7.3361145e+03   6.1950798e+03
   1.5380000e+03  -2.7272285e+04  -5.3185265e+03
   1.5390000e+03  -3.3704613e+04  -2.9399923e+02
   1.5400000e+03   4.4487563e+02   1.0741584e+04
   1.5410000e+03   2.1343131e+04  -1.3160587e+04
   1.5420000e+03  -2.6757472e+03  -3.1043615e+04
   1.5430000e+03  -1.8251112e+04   3.6589424e+02
   1.5440000e+03  -1.0367884e+04   2.9752771e+04
   1.5450000e+03   1.4917934e+03   2.3722235e+04
   1.5460000e+03   1.8568394e+04   2.3869704e+03
   1.5470000e+03   1.5071994e+04  -1.9335399e+04
   1.5480000e+03  -9.8939720e+03  -1.5025415e+04
   1.5490000e+03  -1.0439827e+04   7.9165944e+03
   1.5500000e+03   5.6941210e+03   8.9475260e+03
   1.5510000e+03   1.4365604e+04   7.5047868e+03
   1.5520000e+03   2.0634888e+04   1.3105402e+04
   1.5530000e+03   6.2241690e+03  -6.3364990e+03
   1.5540000e+03  -1.7256841e+04  -1.7231821e+04
   1.5550000e+03  -3.6217601e+03   6.6266815e+03
   1.5560000e+03   2.2570125e+04   1.6905739e+04
   1.5570000e+03   2.1642991e+04   8.3734723e+03
   1.5580000e+03   1.2110068e+04   7.1278969e+03
   1.5590000e+03  -4.7876700e+02   4.8638176e+03
   1.5600000e+03  -1.2759930e+04   1.2475668e+04
   1.5610000e+03   1.6232885e+03   2.7457724e+04
   1.5620000e+03   2.1297667e+04   1.3417826e+04
   1.5630000e+03   1.9498760e+04  -8.6530360e+03
   1.5640000e+03   1.1784242e+04  -5.0439009e+03
   1.5650000e+03  -4.5268344e+03   5.8182560e+03
   1.5660000e+03  -1.7639916e+04   1.4655399e+04
   1.5670000e+03   2.5093969e+03   1.4616289e+04
   1.5680000e+03   2.2102446e+04  -2.3445384e+03
   1.5690000e+03   1.2759169e+04  -3.2729511e+03
   1.5700000e+03  -5.0337550e+02   9.8364790e+03
   1.5710000e+03  -1.2420021e+04  -3.5342295e+03
   1.5720000e+03  -5.5571318e+03  -1.4676115e+04
   1.5730000e+03   2.8951676e+04   9.8650790e+02
   1.5740000e+03   2.3627118e+04   1.4643537e+03
   1.5750000e+03  -1.8703545e+04  -7.8955296e+03
   1.5760000e+03  -1.5062630e+04  -1.7673611e+03
   1.5770000e+03   9.0792370e+03  -5.4269355e+03
   1.5780000e+03   5.1306473e+03  -1.1514857e+04
   1.5790000e+03   1.6048370e+03  -4.2695064e+03
   1.5800000e+03  -4.9053122e+03  -1.2449949e+04
   1.5810000e+03  -1.9750888e+04  -2.1494441e+04
   1.5820000e+03  -1.3875634e+04  -1.7427431e+03
   1.5830000e+03  -4.7728163e+03   1.2206465e+04
   1.5840000e+03  -7.3954661e+03  -2.1461856e+03
   1.5850000e+03  -1.3749986e+03  -2.2061428e+04
   1.5860000e+03  -5.5897810e+02  -2.6366769e+04
   1.5870000e+03  -9.9398832e+03  -3.3617861e+03
   1.5880000e+03  -4.8663751e+03   1.6825012e+04
   1.5890000e+03  -2.8508091e+03  -2.7070811e+03
   1.5900000e+03  -1.1162081e+04  -2.0490892e+04
   1.5910000e+03  -1.4155981e+03  -1.0310180e+04
   1.5920000e+03   7.0525611e+03  -1.1634315e+04
   1.5930000e+03   7.5366250e+02  -1.3934501e+04
   1.5940000e+03   4.0634966e+03  -1.8600567e+03
   1.5950000e+03   1.8230769e+03  -9.7942588e+03
   1.5960000e+03  -1.0184396e+04  -1.8823696e+04
   1.5970000e+03  -9.0533357e+03  -4.1277066e+03
   1.5980000e+03  -9.4251622e+03  -2.5379283e+03
   1.5990000e+03  -5.0257234e+03  -1.2316075e+04
   1.6000000e+03   1.7933238e+04  -8.1128926e+03
   1.6010000e+03   1.3632088e+04  -4.9687500e+03
   1.6020000e+03  -1.5600039e+04   2.8015880e+03
   1.6030000e+03  -1.3684262e+04   1.5152085e+04
   1.6040000e+03  -4.6890530e+02  -3.5302928e+03
   1.6050000e+03  -3.1646930e+02  -2.3771705e+04
   1.6060000e+03   1.1083797e+04  -4.3014371e+03
   1.6070000e+03   1.1946727e+04   9.4754574e+03
   1.6080000e+03  -4.9541160e+03   8.1785380e+02
   1.6090000e+03   5.3532570e+01   5.2202106e+03
   1.6100000e+03   6.4211762e+03   1.2283564e+04
   1.6110000e+03  -3.2007184e+03   1.0251703e+04
   1.6120000e+03   4.1274533e+03   6.1573123e+03
   1.6130000e+03   1.3138675e+04  -5.3395269e+03
   1.6140000e+03   7.6709455e+03   2.4762770e+02
   1.6150000e+03   1.1101221e+04   2.7938094e+04
   1.6160000e+03   6.5889748e+03   2.6288889e+04
   1.6170000e+03  -5.4123723e+03  -8.3898461e+02
   1.6180000e+03   1.1938932e+04  -6.7306966e+03
   1.6190000e+03   2.1276451e+04   6.0603096e+03
   1.6200000e+03   4.7538050e+02   2.0672272e+04
   1.6210000e+03   4.2424997e+03   2.2973616e+04
   1.6220000e+03   1.3738539e+04   9.5901817e+03
   1.6230000e+03  -6.6167452e+03   1.0803459e+04
   1.6240000e+03  -1.2463193e+04   1.9536585e+04
   1.6250000e+03  -2.5102947e+03   8.0856580e+03
   1.6260000e+03  -8.8028366e+02   7.9703961e+03
   1.6270000e+03   4.6526496e+03   2.6605092e+04
   1.6280000e+03  -5.3315491e+03   2.1741181e+04
   1.6290000e+03  -2.4331797e+04   7.3069448e+03
   1.6300000e+03  -5.8847237e+03   1.1186576e+04
   1.6310000e+03   1.7134031e+04   7.6863620e+03
   1.6320000e+03   2.0909945e+03  -9.1475704e+02
   1.6330000e+03  -1.3341337e+04   9.6125470e+03
   1.6340000e+03  -1.0662642e+04   1.8964580e+04
   1.6350000e+03  -3.5632155e+03   1.9629239e+04
   1.6360000e+03   1.1811122e+04   1.0656373e+04
   1.6370000e+03   1.1902752e+04  -1.9841940e+04
   1.6380000e+03  -1.1521863e+04  -2.4044304e+04
   1.6390000e+03  -1.9422227e+04   9.2988670e+03
   1.6400000e+03  -1.6264503e+04   1.1750926e+04
   1.6410000e+03  -1.4624604e+04  -9.4623334e+03
   1.6420000e+03   2.9632650e+03  -1.6564485e+04
   1.6430000e+03   9.3673547e+03  -2.0415953e+04
   1.6440000e+03  -8.0229951e+03  -8.4799957e+03
   1.6450000e+03  -1.1799856e+04   6.2203730e+03
   1.6460000e+03  -1.0539592e+04  -1.0422272e+04
   1.6470000e+03  -1.8312416e+04  -1.4685539e+04
   1.6480000e+03  -1.1651038e+04   1.2233863e+04
   1.6490000e+03  -2.9076662e+03   1.2610976e+04
   1.6500000e+03  -2.7775561e+03  -1.4022756e+04
   1.6510000e+03   4.2454853e+03  -2.5327240e+04
   1.6520000e+03  -4.1927893e+03  -1.8078817e+04
   1.6530000e+03  -2.4322131e+04  -1.3890164e+03
   1.6540000e+03  -1.3830784e+04  -1.7292788e+03
   1.6550000e+03   9.7171026e+03  -3.4311192e+04
   1.6560000e+03   1.9871155e+04  -4.3762703e+04
   1.6570000e+03   1.7948045e+04  -1.1651299e+04
   1.6580000e+03  -5.6700918e+03  -2.9688725e+03
   1.6590000e+03  -1.8521243e+04  -2.3503030e+04
   1.6600000e+03   9.2345565e+03  -2.7349853e+04
   1.6610000e+03   2.3915552e+04  -1.8295800e+04
   1.6620000e+03   5.1767261e+03  -6.1800439e+03
   1.6630000e+03   3.0310990e+03   4.4092499e+03
   1.6640000e+03   1.2707870e+04  -8.3738662e+03
   1.6650000e+03   7.4519323e+03  -2.2812036e+04
   1.6660000e+03   9.8707076e+03  -1.1393224e+04
   1.6670000e+03   1.3681235e+04   3.5189060e+03
   1.6680000e+03   3.4162836e+03   1.7266953e+04
   1.6690000e+03   9.5886878e+03   2.3784468e+04
   1.6700000e+03   1.9128671e+04  -2.3673466e+03
   1.6710000e+03   4.2405318e+03  -2.4793609e+04
   1.6720000e+03  -3.1146777e+03  -1.2688497e+04
   1.6730000e+03   2.7665013e+03  -1.5053089e+02
   1.6740000e+03   5.6788313e+03   8.7431304e+03
   1.6750000e+03   1.3040145e+04   1.5067937e+04
   1.6760000e+03   7.1478402e+03  -4.9786109e+03
   1.6770000e+03  -6.2212333e+03  -1.4840318e+04
   1.6780000e+03   7.2410638e+03   8.2598574e+03
   1.6790000e+03   1.6608126e+04   1.0028129e+04
   1.6800000e+03   5.6120380e+03  -4.8381309e+03
   1.6810000e+03   1.4457205e+04   8.9968884e+03
   1.6820000e+03   1.7791622e+04   2.5505434e+04
   1.6830000e+03  -9.4440197e+03   2.2899900e+04
   1.6840000e+03  -1.0630181e+04   1.6642010e+04
   1.6850000e+03   1.7435435e+04   1.0787767e+04
   1.6860000e+03   2.2754821e+04   1.4973062e+04
   1.6870000e+03   5.9776806e+02   1.9059522e+04
   1.6880000e+03  -2.5690506e+04   4.3966584e+03
   1.6890000e+03  -1.6138120e+04   2.5420338e+03
   1.6900000e+03   2.2968467e+04   2.0818819e+04
   1.6910000e+03   1.0312018e+04   2.0552745e+04
   1.6920000e+03  -3.5522585e+04   8.3511616e+03
   1.6930000e+03  -1.8108709e+04   2.2278117e+03
   1.6940000e+03   2.6630329e+04  -2.6085934e+03
   1.6950000e+03   1.9051019e+04   9.3141553e+03
   1.6960000e+03  -1.5997723e+04   2.4052929e+04
   1.6970000e+03  -3.0910744e+04   7.3251880e+03
   1.6980000e+03  -1.3420233e+04  -6.5854658e+03
   1.6990000e+03   1.3142915e+04   1.0443386e+04
   1.7000000e+03   3.0412815e+03   2.2089207e+04
   1.7010000e+03  -2.7218553e+04   1.4097131e+04
   1.7020000e+03  -2.7847890e+04  -1.1228118e+03
   1.7030000e+03  -1.8432455e+04  -1.3173990e+04
   1.7040000e+03  -2.0325818e+04  -3.0331800e+03
   1.7050000e+03  -1.1127657e+04   1.2844624e+04
   1.7060000e+03  -4.1077777e+03   4.5704101e+03
   1.7070000e+03  -1.3167255e+04  -3.4263155e+03
   1.7080000e+03  -1.2670724e+04   1.3015874e+03
   1.7090000e+03  -8.6677291e+03  -7.9767137e+03
   1.7100000e+03  -1.1460034e+04  -1.6215131e+04
   1.7110000e+03  -2.7646174e+03  -5.8175123e+03
   1.7120000e+03   1.6066905e+03  -7.4287226e+02
   1.7130000e+03  -6.1611868e+03   1.9278371e+02
   1.7140000e+03  -2.3387955e+03  -1.0626466e+03
   1.7150000e+03  -4.3231096e+03  -1.7880224e+04
   1.7160000e+03  -1.3492445e+04  -1.5658557e+04
   1.7170000e+03   3.6445702e+03   9.7495039e+03
   1.7180000e+03   1.6970417e+04   7.2768919e+02
   1.7190000e+03  -8.8010480e+01  -2.5678867e+04
   1.7200000e+03  -7.9039843e+03  -1.7453829e+04
   1.7210000e+03   1.2505880e+03  -4.9501283e+02
   1.7220000e+03   7.0211932e+03  -1.6570749e+03
   1.7230000e+03   4.8304821e+03  -1.2342996e+04
   1.7240000e+03  -1.5229939e+04  -2.7483639e+04
   1.7250000e+03  -2.0054807e+04  -2.2016016e+04
   1.7260000e+03   2.0833217e+04   3.2167674e+03
   1.7270000e+03   3.6575555e+04   3.8464381e+03
   1.7280000e+03  -1.8765450e+01  -8.2623637e+03
   1.7290000e+03  -1.2762249e+04  -2.4887159e+03
   1.7300000e+03   3.2881027e+03  -2.1439251e+03
   1.7310000e+03   1.0531706e+04  -1.0135360e+04
   1.7320000e+03   1.7063110e+04  -7.5842827e+03
   1.7330000e+03   1.1128086e+04  -3.1764236e+03
   1.7340000e+03  -1.5416026e+03   3.1593802e+03
   1.7350000e+03   7.3439536e+03   7.3564184e+03
   1.7360000e+03   8.3730255e+03  -6.9159606e+03
   1.7370000e+03  -8.3636442e+02  -1.4491337e+04
   1.7380000e+03   1.4810497e+04  -2.0983013e+03
   1.7390000e+03   2.1544786e+04  -1.0682159e+03
   1.7400000e+03   5.3525157e+03  -1.0664757e+03
   1.7410000e+03   1.1318295e+04   1.0980286e+04
   1.7420000e+03   2.4120878e+04   6.0199287e+03
   1.7430000e+03   1.7912599e+04   1.5771627e+03
   1.7440000e+03   1.4879735e+04   1.2177155e+04
   1.7450000e+03   9.1996417e+03   2.4490628e+03
   1.7460000e+03   1.1029341e+03  -2.8206585e+03
   1.7470000e+03   1.0639468e+04   2.1261335e+04
   1.7480000e+03   1.0801111e+04   2.1015727e+04
   1.7490000e+03   5.6055690e+02  -5.5861244e+03
   1.7500000e+03   9.5788478e+03  -8.2032114e+03
   1.7510000e+03   6.8570872e+03   8.5172695e+03
   1.7520000e+03  -1.2441585e+04   1.7921872e+04
   1.7530000e+03  -6.8653160e+03   6.4139503e+03
   1.7540000e+03   1.3491826e+03  -1.4329525e+04
   1.7550000e+03  -7.8684283e+03  -2.4319008e+03
   1.7560000e+03  -7.5233755e+03   2.2244736e+04
   1.7570000e+03  -4.2713001e+03   3.0299453e+03
   1.7580000e+03  -4.9016505e+03  -2.1484939e+04
   1.7590000e+03  -1.5184601e+03  -3.8265316e+03
   1.7600000e+03  -1.3368794e+04   1.7050133e+04
   1.7610000e+03  -2.0094457e+04   1.7697355e+04
   1.7620000e+03   6.3737060e+03   5.8899736e+03
   1.7630000e+03   1.0932974e+04  -1.5996131e+04
   1.7640000e+03  -1.8684386e+04  -1.5028464e+04
   1.7650000e+03  -1.5221227e+04   1.0961797e+04
   1.7660000e+03   7.0829214e+03   1.2196314e+04
   1.7670000e+03  -5.6171110e+02  -3.9489152e+03
   1.7680000e+03  -1.7041623e+04  -7.4564868e+03
   1.7690000e+03  -2.6588266e+04  -1.0932727e+04
   1.7700000e+03  -2.1711367e+04  -5.4320578e+03
   1.7710000e+03   3.9350496e+03   6.6496564e+03
   1.7720000e+03   4.7088014e+03  -7.5589421e+03
   1.7730000e+03  -1.9679022e+04  -1.7350982e+04
   1.7740000e+03  -1.7340797e+04   4.6601671e+02
   1.7750000e+03  -1.1181370e+04   9.1836980e+02
   1.7760000e+03  -1.5753719e+04  -1.0294921e+04
   1.7770000e+03   2.1252754e+03  -7.7312876e+02
   1.7780000e+03   6.8546212e+03   7.3890755e+03
   1.7790000e+03  -1.6100961e+04   4.0141849e+03
   1.7800000e+03  -8.6348562e+03  -2.0561373e+03
   1.7810000e+03   1.3269011e+04  -1.0380733e+04
   1.7820000e+03   7.6411756e+03   7.9374827e+02
   1.7830000e+03  -3.6789950e+03   2.1259907e+04
   1.7840000e+03  -1.5301215e+04   7.2286483e+03
   1.7850000e+03  -1.7735241e+04  -1.4311275e+04
   1.7860000e+03   1.2040558e+04  -6.2085638e+03
   1.7870000e+03   2.5432145e+04   2.6099879e+03
   1.7880000e+03  -2.6528430e+03   4.7597636e+03
   1.7890000e+03  -1.4934832e+04   6.3140643e+03
   1.7900000e+03   4.8192020e+01  -4.3000299e+03
   1.7910000e+03   1.8328866e+04  -1.2224680e+02
   1.7920000e+03   3.2155718e+04   1.6234093e+04
   1.7930000e+03   1.2323020e+04   2.3822114e+03
   1.7940000e+03  -1.9035819e+04  -1.1607612e+04
   1.7950000e+03   6.9726463e+02   3.7999701e+03
   1.7960000e+03   3.0003922e+04   1.5099649e+04
   1.7970000e+03   1.1752381e+04   1.6863364e+04
   1.7980000e+03  -1.1541154e+04   1.2548534e+04
   1.7990000e+03  -9.7842210e+03  -4.3663192e+03
   1.8000000e+03   5.1552261e+03  -4.0585022e+03
   1.8010000e+03   2.1463686e+04   8.6420311e+03
   1.8020000e+03   8.5029421e+03  -3.4719662e+02
   1.8030000e+03  -1.6472288e+04  -4.5871544e+03
   1.8040000e+03  -3.5704832e+03   5.9288461e+03
   1.8050000e+03   1.4480477e+04   3.5159879e+03
   1.8060000e+03   4.2167346e+03   7.4744146e+03
   1.8070000e+03   9.1195690e+02   1.6941015e+04
   1.8080000e+03   7.1786416e+03  -2.9088244e+03
   1.8090000e+03   5.3590728e+03  -2.0171229e+04
   1.8100000e+03   1.1400710e+04  -7.2508687e+02
   1.8110000e+03   1.6460255e+04   2.1721038e+04
   1.8120000e+03   3.6775336e+03   2.2471191e+04
   1.8130000e+03  -4.9284829e+03   3.9861021e+03
   1.8140000e+03  -2.1448989e+03  -1.9614026e+04
   1.8150000e+03   3.6225835e+03  -1.1827913e+04
   1.8160000e+03   1.4060786e+04   1.5036771e+04
   1.8170000e+03   7.8182558e+03   5.8073434e+03
   1.8180000e+03  -1.2358277e+04  -1.9712796e+04
   1.8190000e+03  -7.7975914e+03  -1.7301396e+04
   1.8200000e+03   1.0034790e+03  -4.2284654e+03
   1.8210000e+03  -1.1663398e+04   5.3637102e+03
   1.8220000e+03  -1.4120670e+04   4.3308604e+03
   1.8230000e+03  -7.7012764e+03  -1.8660407e+04
   1.8240000e+03  -5.8186624e+03  -2.7669649e+04
   1.8250000e+03   4.9654614e+03  -8.7451553e+03
   1.8260000e+03   3.1329774e+02  -2.0607999e+03
   1.8270000e+03  -1.9125336e+04  -2.4580231e+03
   1.8280000e+03  -1.0365653e+04   4.0773810e+03
   1.8290000e+03   4.4820146e+02  -9.1255212e+03
   1.8300000e+03  -9.7240333e+03  -2.4908198e+04
   1.8310000e+03  -3.7894345e+03  -1.6320120e+04
   1.8320000e+03   6.3795953e+03  -7.4638380e+03
   1.8330000e+03  -2.9801724e+03  -2.0199190e+03
   1.8340000e+03  -6.9101525e+03   1.1949456e+03
   1.8350000e+03  -4.2671589e+03  -1.6255214e+04
   1.8360000e+03  -6.1168851e+03  -2.2427318e+04
   1.8370000e+03  -4.0908046e+03   2.0384692e+03
   1.8380000e+03  -1.7975903e+03   9.8410769e+03
   1.8390000e+03   4.3618254e+03  -4.5171703e+03
   1.8400000e+03   1.3273642e+04  -1.0396459e+04
   1.8410000e+03   1.9734862e+03  -1.2073648e+04
   1.8420000e+03  -7.3223221e+03  -3.8113015e+03
   1.8430000e+03   8.8437712e+03   9.0751265e+03
   1.8440000e+03   2.9288375e+03  -6.9834458e+03
   1.8450000e+03  -2.3419845e+04  -1.7578558e+04
   1.8460000e+03  -9.4623657e+03   9.1874451e+03
   1.8470000e+03   1.8933435e+04   1.4869869e+04
   1.8480000e+03   1.5564622e+04  -5.2525386e+03
   1.8490000e+03   2.8931117e+03  -1.2482078e+03
   1.8500000e+03  -5.9713158e+03   7.8546330e+03
   1.8510000e+03  -5.3780647e+03   6.4171873e+03
   1.8520000e+03   1.4080094e+04   9.3521531e+03
   1.8530000e+03   1.8480589e+04   8.2389118e+03
   1.8540000e+03   9.6483900e+02   8.9674587e+03
   1.8550000e+03   2.2635402e+03   1.0493829e+04
   1.8560000e+03   1.2313178e+04   4.4706520e+02
   1.8570000e+03   8.8617021e+03   1.0409971e+04
   1.8580000e+03   1.1127365e+04   3.4006499e+04
   1.8590000e+03   9.6937333e+03   1.7173591e+04
   1.8600000e+03  -4.8401471e+03  -9.8802525e+03
   1.8610000e+03  -4.3638881e+03   4.4317115e+03
   1.8620000e+03   3.8287334e+03   2.8206163e+04
   1.8630000e+03   7.3523194e+03   2.9352165e+04
   1.8640000e+03   1.3151626e+04   1.0469477e+04
   1.8650000e+03  -3.8305898e+03  -1.2880681e+04
   1.8660000e+03  -2.5345736e+04  -3.9568051e+03
   1.8670000e+03  -3.4130538e+03   2.5059395e+04
   1.8680000e+03   1.5002791e+04   2.3936476e+04
   1.8690000e+03  -6.8870497e+03   8.8893714e+03
   1.8700000e+03  -1.4253207e+04   4.9970947e+03
   1.8710000e+03   2.3191544e+03  -9.3234169e+02
   1.8720000e+03   7.6097970e+03   7.4878619e+03
   1.8730000e+03   4.3444325e+03   2.4384937e+04
   1.8740000e+03  -7.6512010e+03   6.2537762e+03
   1.8750000e+03  -1.6268457e+04  -1.4954198e+04
   1.8760000e+03   1.0327012e+03   2.1973160e+03
   1.8770000e+03   2.8535415e+03   1.3122131e+04
   1.8780000e+03  -2.2397546e+04   4.1904473e+02
   1.8790000e+03  -1.8085376e+04  -3.5833979e+03
   1.8800000e+03   2.3056393e+02  -4.6498812e+03
   1.8810000e+03  -3.0100244e+03  -8.2649407e+03
   1.8820000e+03  -3.0235483e+03  -4.3396511e+03
   1.8830000e+03  -7.1006345e+03  -9.5764223e+02
   1.8840000e+03  -2.0781962e+04   5.9892961e+03
   1.8850000e+03  -1.0380520e+04   7.3056121e+03
   1.8860000e+03   3.8209716e+03  -1.8001452e+04
   1.8870000e+03  -1.3745950e+03  -2.9599371e+04
   1.8880000e+03  -1.6604215e+01  -6.6592725e+03
   1.8890000e+03  -1.6349084e+03  -1.2054259e+03
   1.8900000e+03  -1.2383345e+04  -1.4402109e+04
   1.8910000e+03  -4.2224596e+03  -1.3905953e+04
   1.8920000e+03  -9.4731100e+01  -1.5090019e+04
   1.8930000e+03  -1.0647778e+04  -1.7537294e+04
   1.8940000e+03  -8.9398130e+02  -1.2007844e+04
   1.8950000e+03   7.7931156e+03  -1.6822066e+04
   1.8960000e+03   1.4203851e+03  -1.9915765e+04
   1.8970000e+03   7.5903926e+03  -9.5391729e+03
   1.8980000e+03   1.8797274e+03  -9.7584091e+03
   1.8990000e+03  -1.6974310e+04  -1.3699777e+04
   1.9000000e+03  -2.8521055e+03  -6.0594443e+03
   1.9010000e+03   2.0869666e+04  -4.8946358e+03
   1.9020000e+03   1.7766238e+04  -9.5733748e+03
   1.9030000e+03   5.5597634e+03  -1.2304532e+04
   1.9040000e+03  -5.6130121e+03  -1.7007862e+04
   1.9050000e+03  -7.2024407e+03  -4.3669382e+03
   1.9060000e+03   9.8826827e+03   1.4271626e+04
   1.9070000e+03   1.7969869e+04  -1.3566661e+03
   1.9080000e+03   8.0679130e+03  -1.9780230e+04
   1.9090000e+03   3.5595498e+03  -6.9882110e+03
   1.9100000e+03  -6.7082033e+02  -1.6770394e+03
   1.9110000e+03  -1.7633841e+03  -9.5579562e+03
   1.9120000e+03   1.6933475e+04  -9.5177330e+02
   1.9130000e+03   2.2170544e+04   9.6229819e+03
   1.9140000e+03   3.7214626e+03   1.0045563e+04
   1.9150000e+03   6.5893642e+03   5.6205950e+03
   1.9160000e+03   1.8998356e+04  -6.2857733e+03
   1.9170000e+03   9.8894796e+03  -4.1832254e+03
   1.9180000e+03   5.5403828e+03   1.4071038e+04
   1.9190000e+03   1.1870385e+04   1.1895082e+04
   1.9200000e+03   1.2693493e+04   2.7454791e+02
   1.9210000e+03   1.3200023e+04   4.1048169e+03
   1.9220000e+03   4.9123422e+03   8.6261825e+03
   1.9230000e+03  -2.7979842e+03   1.3794774e+04
   1.9240000e+03   8.1127871e+03   1.6893916e+04
   1.9250000e+03   1.7649966e+03   5.9935775e+03
   1.9260000e+03  -1.8282626e+04   7.2087065e+03
   1.9270000e+03  -2.5006184e+03   2.3809703e+04
   1.9280000e+03   1.4823452e+04   1.9490147e+04
   1.9290000e+03  -5.7890494e+02   3.0407037e+03
   1.9300000e+03  -7.3216988e+03   2.2088401e+03
   1.9310000e+03  -3.3926797e+03   8.4015819e+03
   1.9320000e+03  -4.4877708e+03   1.6769001e+04
   1.9330000e+03   8.2395854e+03   2.4095511e+04
   1.9340000e+03   1.0980374e+04   1.1528067e+04
   1.9350000e+03  -1.3812011e+04  -4.7318188e+03
   1.9360000e+03  -2.1824988e+04  -1.3213638e+03
   1.9370000e+03  -5.4838601e+03   5.8209640e+03
   1.9380000e+03   5.3684292e+03   1.4128239e+04
   1.9390000e+03  -2.5589018e+02   2.0597876e+04
   1.9400000e+03  -2.7639172e+04   5.2320494e+03
   1.9410000e+03  -4.4213576e+04  -4.8239107e+03
   1.9420000e+03  -1.6884265e+04   7.3039180e+03
   1.9430000e+03   8.3419412e+03   5.0561087e+03
   1.9440000e+03   4.2104444e+02  -4.1599194e+03
   1.9450000e+03  -1.0720994e+04   3.2429349e+03
   1.9460000e+03  -1.8195075e+04   3.6797412e+03
   1.9470000e+03  -1.6247990e+04  -2.5983361e+03
   1.9480000e+03   1.0442638e+03  -4.5276958e+03
   1.9490000e+03  -4.1384789e+03  -1.3623448e+04
   1.9500000e+03  -2.2777333e+04  -7.8783799e+03
   1.9510000e+03  -8.7417725e+03   9.8047918e+03
   1.9520000e+03   2.2594025e+03  -3.1514044e+03
   1.9530000e+03  -1.5713886e+04  -1.6382450e+04
   1.9540000e+03  -1.9441380e+04  -1.4435166e+03
   1.9550000e+03  -1.3122761e+04  -2.0630644e+03
   1.9560000e+03  -8.9326695e+03  -1.5212582e+04
   1.9570000e+03   1.1157346e+04  -1.1338030e+04
   1.9580000e+03   1.0575501e+04  -9.3789261e+03
   1.9590000e+03  -1.3757045e+04  -9.5977579e+03
   1.9600000e+03  -4.4409224e+03  -2.6760710e+03
   1.9610000e+03   1.4616682e+04  -9.7590480e+03
   1.9620000e+03   9.6581303e+03  -1.8764800e+04
   1.9630000e+03   7.4921626e+03  -8.7864174e+03
   1.9640000e+03   4.0156086e+03  -2.9805032e+03
   1.9650000e+03   6.7007265e+03  -2.3883090e+03
   1.9660000e+03   2.9705591e+04   1.8702269e+03
   1.9670000e+03   1.7696796e+04  -8.6740351e+03
   1.9680000e+03  -2.2282572e+04  -1.3175480e+04
   1.9690000e+03  -1.1823985e+04   2.3895930e+03
   1.9700000e+03   2.0422649e+04   1.2477292e+03
   1.9710000e+03   1.8368052e+04  -6.8155801e+03
   1.9720000e+03   1.0184353e+04   1.2188428e+03
   1.9730000e+03   2.3994871e+03   3.1429001e+02
   1.9740000e+03  -1.1113140e+04  -9.0868120e+03
   1.9750000e+03  -1.4235220e+03  -1.1482038e+04
   1.9760000e+03   1.3996464e+04  -1.1169937e+04
   1.9770000e+03   1.5636490e+04  -6.0399021e+02
   1.9780000e+03   2.3272633e+04   8.1566707e+03
   1.9790000e+03   1.4903839e+04  -2.1349034e+03
   1.9800000e+03  -5.6991992e+03  -3.9164367e+03
   1.9810000e+03   1.1483959e+04   3.6967909e+03
   1.9820000e+03   3.2017459e+04  -1.8003232e+03
   1.9830000e+03   1.3287573e+04   7.5396607e+03
   1.9840000e+03  -1.7924035e+03   2.8292063e+04
   1.9850000e+03   4.9439352e+03   1.6327884e+04
   1.9860000e+03   1.5796388e+04  -1.7003137e+03
   1.9870000e+03   2.6122574e+04   4.5449428e+03
   1.9880000e+03   9.2908037e+03   4.5205210e+03
   1.9890000e+03  -2.4047027e+04  -1.4418887e+03
   1.9900000e+03  -1.6014124e+04   3.8848927e+03
   1.9910000e+03   8.3718206e+03   4.8879820e+03
   1.9920000e+03   4.3456357e+03   7.3388593e+03
   1.9930000e+03   2.5396802e+03   9.8794819e+03
   1.9940000e+03  -1.7620095e+03  -1.3971144e+04
   1.9950000e+03  -2.1379780e+04  -2.6980011e+04
   1.9960000e+03  -1.1452976e+04   2.2291091e+03
   1.9970000e+03   1.0117480e+04   1.7944661e+04
   1.9980000e+03   9.2973580e+02   3.8480219e+03
   1.9990000e+03  -1.0643706e+04  -1.4084143e+03
   2.0000000e+03  -1.2556289e+04   1.6309313e+03
