   1.0274000e+02   2.5123000e+01
   9.1759148e+01   2.9190276e+01
   0.0000000e+00  -6.6139064e+04  -6.6139064e+04
   1.0000000e+00  -9.7228269e+04   2.1034768e+04
   2.0000000e+00  -2.7842871e+04   6.1230005e+04
   3.0000000e+00   5.5694413e+04   1.7126602e+04
   4.0000000e+00   5.5210639e+04  -5.1584987e+04
   5.0000000e+00  -6.2403981e+03  -7.2181672e+04
   6.0000000e+00  -4.2752762e+04  -3.9039749e+04
   7.0000000e+00  -2.5781306e+04   4.2176510e+02
   8.0000000e+00  -3.8197960e+01   1.0331494e+04
   9.0000000e+00   1.7171792e+03   2.8101334e+03
   1.0000000e+01  -2.3127085e+03  -6.2011161e+03
   1.1000000e+01   2.8656963e+03  -2.1480477e+04
   1.2000000e+01   3.9217593e+03  -3.5488429e+04
   1.3000000e+01  -5.6669792e+03  -2.7330109e+04
   1.4000000e+01  -3.5594901e+03   5.1590138e+03
   1.5000000e+01   1.3596184e+04   2.1393989e+04
   1.6000000e+01   1.3889645e+04  -2.1602972e+03
   1.7000000e+01  -1.2152940e+03  -2.5189831e+04
   1.8000000e+01  -3.9915360e+03  -2.2392023e+04
   1.9000000e+01   4.8093527e+03  -7.7003702e+03
   2.0000000e+01   1.3219664e+04   9.7230900e+02
   2.1000000e+01   1.2670979e+04  -1.1041602e+04
   2.2000000e+01  -3.9392597e+03  -2.1834756e+04
   2.3000000e+01  -1.0610879e+04  -5.4916620e+03
   2.4000000e+01   2.1498070e+04   9.5493865e+03
   2.5000000e+01   5.0589964e+04  -2.0477281e+03
   2.6000000e+01   3.3825772e+04  -1.6146816e+04
   2.7000000e+01   1.4956549e+03  -7.6406883e+03
   2.8000000e+01  -7.5219381e+03   1.1394758e+04
   2.9000000e+01   1.5101353e+04   1.5606423e+04
   3.0000000e+01   3.8733294e+04   8.1780807e+03
   3.1000000e+01   3.2063586e+04   5.3240384e+03
   3.2000000e+01   1.3956264e+04  -4.9361245e+03
   3.3000000e+01  -6.2690738e+03  -2.3141410e+04
   3.4000000e+01  -2.4080130e+04  -1.3846135e+04
   3.5000000e+01  -1.1806136e+04   2.5725506e+04
   3.6000000e+01   1.9569407e+04   5.4714186e+04
   3.7000000e+01   3.1596668e+04   4.1678712e+04
   3.8000000e+01   1.0283619e+04  -4.5566865e+03
   3.9000000e+01  -8.4212013e+03  -3.7108689e+04
   4.0000000e+01   8.8610369e+03  -2.3008807e+04
   4.1000000e+01   2.2299305e+04   2.8319477e+04
   4.2000000e+01   7.2702977e+03   7.8188479e+04
   4.3000000e+01   4.1318710e+02   7.7584813e+04
   4.4000000e+01   1.2565922e+04   1.6741132e+04
   4.5000000e+01   1.5880699e+04  -4.8021762e+04
   4.6000000e+01   8.0624883e+03  -3.9995526e+04
   4.7000000e+01   2.1442675e+04   3.6526851e+04
   4.8000000e+01   3.4765877e+04   8.0862637e+04
   4.9000000e+01  -8.4190925e+03   4.5791982e+04
   5.0000000e+01  -6.7038938e+04  -4.7127412e+03
   5.1000000e+01  -4.7606245e+04  -1.5337358e+04
   5.2000000e+01   3.8135468e+04  -2.2794980e+03
   5.3000000e+01   7.3810378e+04   2.6344739e+03
   5.4000000e+01   1.2910996e+04   3.8713131e+03
   5.5000000e+01  -5.5712311e+04   1.8076287e+04
   5.6000000e+01  -6.1296102e+04   3.5292085e+04
   5.7000000e+01  -2.4889627e+04   2.8919210e+04
   5.8000000e+01   1.1216334e+04  -3.8628620e+03
   5.9000000e+01   2.9513167e+04  -2.8883011e+04
   6.0000000e+01   2.6475470e+04  -1.9119940e+04
   6.1000000e+01  -1.5783121e+03   1.5477747e+04
   6.2000000e+01  -2.7396135e+04   3.5276506e+04
   6.3000000e+01  -1.9780767e+04   9.6587730e+03
   6.4000000e+01  -4.4919428e+02  -2.9262003e+04
   6.5000000e+01   3.7571275e+02  -2.9096500e+04
   6.6000000e+01  -1.1607705e+04   4.2466434e+03
   6.7000000e+01  -9.1693443e+03   2.1106175e+04
   6.8000000e+01   8.3032511e+03  -3.5421116e+03
   6.9000000e+01   1.0974483e+03  -3.4182799e+04
   7.0000000e+01  -3.4157448e+04  -2.5832305e+04
   7.1000000e+01  -4.5270906e+04   1.2496535e+04
   7.2000000e+01  -3.9132024e+03   2.8042290e+04
   7.3000000e+01   4.2713067e+04  -1.9524385e+03
   7.4000000e+01   2.3899973e+04  -2.7084808e+04
   7.5000000e+01  -4.3296788e+04  -1.4392862e+04
   7.6000000e+01  -6.9524357e+04   7.4812570e+02
   7.7000000e+01  -2.5881205e+04  -5.6148092e+02
   7.8000000e+01   2.3354373e+04  -6.5221736e+03
   7.9000000e+01   1.7987958e+04  -1.7676746e+04
   8.0000000e+01  -2.0202510e+04  -2.9914361e+04
   8.1000000e+01  -3.2413824e+04  -2.3680488e+04
   8.2000000e+01  -9.6927876e+03  -2.9623624e+03
   8.3000000e+01   1.0994001e+04  -1.6684699e+03
   8.4000000e+01   4.9565895e+03  -2.0607109e+04
   8.5000000e+01  -1.4236702e+04  -2.2297519e+04
   8.6000000e+01  -1.2281227e+04  -3.4729576e+03
   8.7000000e+01   1.3534259e+04   2.6084683e+02
   8.8000000e+01   2.0299908e+04  -1.7002864e+04
   8.9000000e+01  -1.0721538e+04  -2.4022545e+04
   9.0000000e+01  -4.2058075e+04  -1.5029626e+04
   9.1000000e+01  -3.6064085e+04  -1.0048037e+04
   9.2000000e+01  -1.9150416e+03  -1.1744252e+04
   9.3000000e+01   1.9054673e+04  -1.0362038e+04
   9.4000000e+01   1.2404336e+04  -4.7462585e+03
   9.5000000e+01   2.1041548e+03  -6.3164244e+03
   9.6000000e+01   6.5391363e+02  -1.5809984e+04
   9.7000000e+01   2.2074824e+03  -1.8912937e+04
   9.8000000e+01   3.3987354e+03  -8.7536094e+03
   9.9000000e+01   2.6147594e+03   1.1612226e+04
   1.0000000e+02   5.4364207e+03   1.7043097e+04
   1.0100000e+02   2.1645784e+04  -4.7948333e+03
   1.0200000e+02   3.7224677e+04  -1.4518391e+04
   1.0300000e+02   2.3708405e+04   2.9781658e+03
   1.0400000e+02  -1.3312923e+04   1.2572094e+04
   1.0500000e+02  -3.7293951e+04   1.7483927e+03
   1.0600000e+02  -2.1598421e+04  -8.5546788e+03
   1.0700000e+02   1.6244143e+04  -4.4042202e+03
   1.0800000e+02   2.5505431e+04   9.2691879e+03
   1.0900000e+02   4.3703704e+03   1.8137719e+04
   1.1000000e+02  -5.3705391e+03   6.5509148e+03
   1.1100000e+02   1.6992415e+03  -1.2152483e+04
   1.1200000e+02   1.0356338e+04  -5.7168996e+03
   1.1300000e+02   1.2445333e+04   1.2024363e+04
   1.1400000e+02   1.0649501e+04   1.1171486e+04
   1.1500000e+02   2.3441940e+04   2.6820198e+03
   1.1600000e+02   4.6398940e+04   1.3579906e+03
   1.1700000e+02   4.4509920e+04   5.7328765e+03
   1.1800000e+02   5.7557245e+03   1.6724416e+04
   1.1900000e+02  -2.7119886e+04   2.5187487e+04
   1.2000000e+02  -1.2306034e+04   1.3203224e+04
   1.2100000e+02   2.7184833e+04  -2.4784308e+03
   1.2200000e+02   4.2654495e+04   9.0881774e+03
   1.2300000e+02   1.6630982e+04   2.7513399e+04
   1.2400000e+02  -1.8362864e+04   2.1751427e+04
   1.2500000e+02  -1.3894641e+04   5.6354650e+03
   1.2600000e+02   1.4621889e+04   2.4061851e+03
   1.2700000e+02   1.7530232e+04   1.2933283e+04
   1.2800000e+02  -3.1230180e+01   1.8584988e+04
   1.2900000e+02  -2.5753029e+03   7.2466163e+03
   1.3000000e+02   1.0014798e+04  -3.6745834e+03
   1.3100000e+02   1.6510210e+04   5.2958711e+03
   1.3200000e+02   1.8161759e+04   2.5834110e+04
   1.3300000e+02   1.6241160e+04   3.6172545e+04
   1.3400000e+02   7.8039014e+01   2.3872866e+04
   1.3500000e+02  -1.4761492e+04  -2.6048783e+03
   1.3600000e+02  -8.2942001e+03  -1.3145584e+04
   1.3700000e+02   8.8422178e+03   4.9033866e+03
   1.3800000e+02   1.4835513e+04   2.2304705e+04
   1.3900000e+02  -2.4533876e+03   1.6288303e+04
   1.4000000e+02  -3.1112033e+04  -2.2067191e+03
   1.4100000e+02  -3.9613439e+04  -1.3560062e+04
   1.4200000e+02  -1.6069253e+04  -1.1791639e+04
   1.4300000e+02   1.3282604e+04  -8.0530011e+03
   1.4400000e+02   1.9723467e+04  -8.9707683e+03
   1.4500000e+02   5.4698564e+03  -1.0759903e+04
   1.4600000e+02  -8.2568977e+03  -5.9180602e+03
   1.4700000e+02  -1.0599717e+04   1.4111885e+04
   1.4800000e+02  -9.9437381e+03   3.0319214e+04
   1.4900000e+02  -1.3271463e+04   1.1682260e+04
   1.5000000e+02  -1.7607284e+04  -2.3961241e+04
   1.5100000e+02  -2.0707654e+04  -2.8887095e+04
   1.5200000e+02  -1.8298849e+04   3.5168763e+03
   1.5300000e+02  -1.1867491e+04   3.1455947e+04
   1.5400000e+02  -1.7775940e+04   1.8092291e+04
   1.5500000e+02  -3.9033754e+04  -2.5548572e+04
   1.5600000e+02  -4.3992678e+04  -5.1913849e+04
   1.5700000e+02  -1.0919650e+04  -3.2844958e+04
   1.5800000e+02   2.7622840e+04   5.2510776e+03
   1.5900000e+02   2.8405408e+04   1.3528833e+04
   1.6000000e+02  -9.3585374e+03  -1.1138299e+04
   1.6100000e+02  -4.6089367e+04  -2.4074155e+04
   1.6200000e+02  -4.2500640e+04  -1.5369619e+04
   1.6300000e+02  -1.3399759e+04  -1.0818512e+04
   1.6400000e+02   2.5093566e+03  -6.3373307e+03
   1.6500000e+02   2.4140444e+03   4.9548017e+03
   1.6600000e+02  -4.6057720e+03   7.1577335e+03
   1.6700000e+02  -1.6929834e+04  -1.0177793e+04
   1.6800000e+02  -2.9220850e+04  -3.4777931e+04
   1.6900000e+02  -3.2259277e+04  -3.2429993e+04
   1.7000000e+02  -1.0770577e+04  -3.3457900e+03
   1.7100000e+02   2.8678900e+04   6.0639070e+03
   1.7200000e+02   3.7903780e+04  -1.5154056e+04
   1.7300000e+02  -5.6402176e+02  -2.9711190e+04
   1.7400000e+02  -2.4560083e+04  -1.4957586e+04
   1.7500000e+02   5.8788835e+03   7.3171344e+03
   1.7600000e+02   4.0028058e+04   5.9634676e+03
   1.7700000e+02   3.1337941e+04  -1.4518502e+04
   1.7800000e+02   6.8426928e+03  -2.4867769e+04
   1.7900000e+02   6.3897679e+03  -1.0687617e+04
   1.8000000e+02   1.0490862e+04   7.6922044e+03
   1.8100000e+02  -8.4414244e+03   5.0563043e+03
   1.8200000e+02  -1.7500730e+04  -1.2344316e+04
   1.8300000e+02  -7.7543380e+02  -1.9061639e+04
   1.8400000e+02   7.8582928e+03   3.8501920e+01
   1.8500000e+02   6.1551389e+03   2.4162808e+04
   1.8600000e+02   9.0794455e+03   2.2893123e+04
   1.8700000e+02   5.0056090e+03   3.3270991e+03
   1.8800000e+02  -4.5655601e+03  -1.3445184e+04
   1.8900000e+02   5.2361881e+03  -1.2150281e+04
   1.9000000e+02   3.2061832e+04   1.0393289e+04
   1.9100000e+02   4.4485247e+04   2.6249949e+04
   1.9200000e+02   3.1287952e+04   1.6946871e+04
   1.9300000e+02   8.9084680e+03  -1.7965063e+03
   1.9400000e+02  -1.7804699e+02  -1.2271235e+04
   1.9500000e+02   1.1393354e+04  -3.9034188e+03
   1.9600000e+02   2.8493509e+04   1.5420748e+04
   1.9700000e+02   3.2822055e+04   2.3717150e+04
   1.9800000e+02   1.1614310e+04   2.1321635e+04
   1.9900000e+02  -2.2072578e+04   1.6069082e+04
   2.0000000e+02  -2.7074334e+04   1.0056031e+04
   2.0100000e+02   8.5617738e+03   1.1278598e+04
   2.0200000e+02   4.4314124e+04   7.7042530e+03
   2.0300000e+02   3.1385978e+04  -5.2082209e+03
   2.0400000e+02  -1.6049443e+04  -2.8683053e+03
   2.0500000e+02  -3.0676517e+04   4.7528256e+03
   2.0600000e+02  -9.2925298e+02   2.6728221e+02
   2.0700000e+02   2.6568229e+04  -9.4023767e+02
   2.0800000e+02   2.8915568e+04   8.7612210e+02
   2.0900000e+02   1.0157466e+04   5.2860701e+03
   2.1000000e+02  -1.1532419e+04   1.7921040e+04
   2.1100000e+02  -1.2495967e+04   2.1046372e+04
   2.1200000e+02   2.1727505e+03   1.4286993e+04
   2.1300000e+02   1.0664994e+04   1.2524128e+04
   2.1400000e+02   6.5895506e+03   1.0119984e+04
   2.1500000e+02  -9.4373909e+03   1.0054790e+04
   2.1600000e+02  -2.1229982e+04   1.9245796e+04
   2.1700000e+02  -5.9524873e+03   1.7595838e+04
   2.1800000e+02   1.5200045e+04  -1.9562687e+03
   2.1900000e+02   1.1254838e+04  -1.2914743e+04
   2.2000000e+02  -6.8398181e+03  -1.2684095e+03
   2.2100000e+02  -1.9202508e+04   1.4866913e+04
   2.2200000e+02  -2.0176521e+04   1.1779134e+04
   2.2300000e+02  -1.4236046e+04   2.4650384e+03
   2.2400000e+02  -6.7661722e+03   1.1997594e+04
   2.2500000e+02  -3.3473098e+03   1.4615481e+04
   2.2600000e+02  -1.2338592e+04  -6.4435673e+03
   2.2700000e+02  -2.0556093e+04  -1.4301178e+04
   2.2800000e+02  -1.4556913e+04   3.5586680e+03
   2.2900000e+02  -6.2834038e+03   2.0366414e+04
   2.3000000e+02  -3.4900890e+02   1.5058900e+04
   2.3100000e+02   4.1070720e+03  -5.6355689e+03
   2.3200000e+02   8.0074567e+02  -1.6385598e+04
   2.3300000e+02  -8.0560556e+03  -1.2327783e+04
   2.3400000e+02  -1.0301949e+04  -6.8641146e+03
   2.3500000e+02  -2.6540217e+03  -8.6987323e+03
   2.3600000e+02  -6.4872393e+03  -1.3691335e+04
   2.3700000e+02  -2.8608682e+04  -9.2225580e+03
   2.3800000e+02  -3.7932432e+04  -3.0434173e+03
   2.3900000e+02  -2.4414870e+04  -7.4124142e+03
   2.4000000e+02  -1.3353864e+04  -1.3608800e+04
   2.4100000e+02  -1.2317153e+04  -1.7611754e+04
   2.4200000e+02  -7.8596976e+03  -1.4790718e+04
   2.4300000e+02  -2.6793835e+03   5.3163576e+03
   2.4400000e+02  -4.3193498e+03   1.9690205e+04
   2.4500000e+02   6.3200680e+02  -1.1462118e+01
   2.4600000e+02   1.1487256e+04  -2.5973267e+04
   2.4700000e+02   1.1848635e+03  -2.5152250e+04
   2.4800000e+02  -2.3388302e+04  -1.6517316e+04
   2.4900000e+02  -2.3745112e+04  -1.8707137e+04
   2.5000000e+02  -2.5639771e+03  -2.1893054e+04
   2.5100000e+02   6.2671364e+03  -1.9813693e+04
   2.5200000e+02  -1.4691338e+03  -1.3436506e+04
   2.5300000e+02  -6.3734229e+03  -6.4595180e+03
   2.5400000e+02  -1.8586086e+02  -1.1296363e+04
   2.5500000e+02   6.4991889e+03  -2.6436479e+04
   2.5600000e+02   6.5748605e+03  -2.3201814e+04
   2.5700000e+02   8.3805556e+03   7.0460683e+02
   2.5800000e+02   1.1357916e+04   1.1099048e+04
   2.5900000e+02   1.1679455e+04   2.8364287e+03
   2.6000000e+02   1.5555608e+04  -7.5222222e+03
   2.6100000e+02   1.8390789e+04  -1.2927296e+04
   2.6200000e+02   1.2433391e+04  -5.1235979e+03
   2.6300000e+02   3.8029616e+03   5.0927615e+03
   2.6400000e+02   1.9139020e+03  -3.8371804e+03
   2.6500000e+02   5.0873106e+03  -2.0745349e+04
   2.6600000e+02   4.4870005e+03  -2.1008942e+04
   2.6700000e+02   3.5401707e+03  -5.0805635e+03
   2.6800000e+02   6.7343816e+03   1.2222542e+04
   2.6900000e+02   8.7934420e+03   1.7923121e+04
   2.7000000e+02   1.4826162e+04   1.7654695e+03
   2.7100000e+02   2.6419469e+04  -1.9923158e+04
   2.7200000e+02   2.2886024e+04  -1.2403314e+04
   2.7300000e+02  -2.8396330e+02   1.7311801e+04
   2.7400000e+02  -9.2335175e+03   2.6849330e+04
   2.7500000e+02   1.0819438e+04   7.0427790e+03
   2.7600000e+02   2.1046513e+04  -7.8578242e+03
   2.7700000e+02  -4.0368945e+03   2.7831171e+03
   2.7800000e+02  -2.8211574e+04   1.9930406e+04
   2.7900000e+02  -1.3359526e+04   2.2754179e+04
   2.8000000e+02   1.8174818e+04   1.4150945e+04
   2.8100000e+02   2.6412773e+04   5.1154069e+03
   2.8200000e+02   1.2869627e+04   4.4297091e+01
   2.8300000e+02  -4.6088587e+02   5.9856213e+03
   2.8400000e+02   3.1028702e+03   2.8659791e+04
   2.8500000e+02   2.0800108e+04   4.5375660e+04
   2.8600000e+02   2.6605584e+04   3.0710932e+04
   2.8700000e+02   1.8683854e+04   1.2194078e+03
   2.8800000e+02   1.6127565e+04  -7.2205509e+03
   2.8900000e+02   1.2904721e+04   1.5537180e+04
   2.9000000e+02   2.9422527e+03   4.1470621e+04
   2.9100000e+02  -3.3431476e+03   3.6327856e+04
   2.9200000e+02  -7.6660657e+03   6.9330305e+03
   2.9300000e+02  -1.3258468e+04  -4.8108713e+03
   2.9400000e+02  -8.4860601e+03   1.3269368e+04
   2.9500000e+02   4.9387814e+03   2.4357251e+04
   2.9600000e+02   8.0096497e+03   1.3210430e+04
   2.9700000e+02  -3.6740252e+03   4.8498596e+03
   2.9800000e+02  -1.8062505e+04   7.2712829e+03
   2.9900000e+02  -1.7187842e+04   8.5806828e+03
   3.0000000e+02   5.2003337e+03   5.4908322e+03
   3.0100000e+02   2.2608437e+04   3.3966173e+03
   3.0200000e+02   1.2842322e+04   3.7064481e+03
   3.0300000e+02  -7.5382025e+03  -1.5555068e+03
   3.0400000e+02  -1.6999119e+04  -1.4830216e+04
   3.0500000e+02  -1.4042081e+04  -2.2203538e+04
   3.0600000e+02  -7.3101521e+03  -1.0470743e+04
   3.0700000e+02  -9.2682589e+03   5.6243435e+03
   3.0800000e+02  -1.9301464e+04   3.3006439e+03
   3.0900000e+02  -1.6882831e+04  -6.8172471e+03
   3.1000000e+02  -7.4083834e+02  -5.9164137e+03
   3.1100000e+02   4.8834028e+03   1.2270206e+03
   3.1200000e+02  -5.3082948e+03   5.8800958e+03
   3.1300000e+02  -1.3443259e+04   6.9516184e+03
   3.1400000e+02  -7.3651995e+03   3.1121483e+02
   3.1500000e+02  -1.2773567e+03  -1.2897640e+04
   3.1600000e+02  -1.6927043e+04  -1.5323819e+04
   3.1700000e+02  -3.6517369e+04  -8.5741086e+03
   3.1800000e+02  -2.6542521e+04  -1.3204387e+04
   3.1900000e+02   2.6310339e+03  -2.0235542e+04
   3.2000000e+02   1.2550332e+04  -1.7810173e+04
   3.2100000e+02  -7.7660988e+03  -2.0335257e+04
   3.2200000e+02  -3.0698176e+04  -3.1168747e+04
   3.2300000e+02  -2.9208481e+04  -3.1924437e+04
   3.2400000e+02  -4.2619498e+03  -1.4620121e+04
   3.2500000e+02   2.0593057e+04  -1.0029450e+02
   3.2600000e+02   1.8032713e+04  -3.4046078e+03
   3.2700000e+02  -1.1264511e+04  -9.3774128e+03
   3.2800000e+02  -3.2863837e+04  -5.7786313e+03
   3.2900000e+02  -2.2004164e+04  -1.4762563e+03
   3.3000000e+02   6.4843799e+03  -8.6052509e+03
   3.3100000e+02   2.0843207e+04  -2.0466838e+04
   3.3200000e+02   4.5121698e+03  -2.0044744e+04
   3.3300000e+02  -2.4089620e+04  -8.5992044e+03
   3.3400000e+02  -2.2957662e+04  -4.6496993e+03
   3.3500000e+02   7.3302534e+03  -1.9958958e+04
   3.3600000e+02   1.4745569e+04  -3.7479863e+04
   3.3700000e+02  -1.7092269e+04  -3.3833288e+04
   3.3800000e+02  -3.8571166e+04  -1.3886688e+04
   3.3900000e+02  -1.0990442e+04   8.4550148e+03
   3.4000000e+02   2.6152125e+04   2.1073120e+04
   3.4100000e+02   2.1898346e+04   1.0612962e+04
   3.4200000e+02  -3.1680914e+03  -1.4541222e+04
   3.4300000e+02  -1.6703303e+04  -2.2112019e+04
   3.4400000e+02  -1.2435346e+04   2.8182075e+03
   3.4500000e+02   1.3482371e+04   3.0147086e+04
   3.4600000e+02   3.5126744e+04   2.6314757e+04
   3.4700000e+02   2.5327792e+04  -2.0085524e+03
   3.4800000e+02   6.9524706e+03  -1.9046899e+04
   3.4900000e+02   6.5313794e+03  -1.1804983e+03
   3.5000000e+02   1.4268960e+04   2.4800405e+04
   3.5100000e+02   1.3404931e+04   2.1071563e+04
   3.5200000e+02   8.6159110e+03  -7.2125006e+02
   3.5300000e+02   1.2111086e+04  -4.4615190e+03
   3.5400000e+02   1.9582504e+04   1.6443472e+04
   3.5500000e+02   2.0022912e+04   3.1026950e+04
   3.5600000e+02   1.5212964e+04   1.9509759e+04
   3.5700000e+02   1.0063319e+04   1.9581281e+03
   3.5800000e+02   5.5491033e+03   4.4282833e+03
   3.5900000e+02   6.5812573e+03   2.1584244e+04
   3.6000000e+02   1.4195580e+04   2.4403260e+04
   3.6100000e+02   2.8917271e+04   1.5126328e+04
   3.6200000e+02   4.2556109e+04   1.4659808e+04
   3.6300000e+02   2.3708098e+04   1.0819658e+04
   3.6400000e+02  -1.4192634e+04   2.7450410e+02
   3.6500000e+02  -6.0345900e+03   3.4283092e+03
   3.6600000e+02   4.0129186e+04   1.9399185e+04
   3.6700000e+02   4.7239012e+04   2.4315939e+04
   3.6800000e+02   6.0093006e+03   7.4003728e+03
   3.6900000e+02  -1.9383376e+04  -3.7816711e+03
   3.7000000e+02  -3.0005014e+03   4.7851056e+03
   3.7100000e+02   2.0350210e+04   8.8970865e+03
   3.7200000e+02   1.6976806e+04   7.4704807e+03
   3.7300000e+02  -1.0475023e+04   1.5988325e+04
   3.7400000e+02  -2.3316709e+04   2.4024679e+04
   3.7500000e+02  -6.2733958e+03   1.5672299e+04
   3.7600000e+02   3.7061300e+01   8.5081953e+02
   3.7700000e+02  -1.8308730e+04  -4.9329932e+03
   3.7800000e+02  -2.3694858e+04  -7.3188222e+03
   3.7900000e+02  -7.2905327e+02  -4.4478532e+03
   3.8000000e+02   1.8928869e+04   6.0552625e+03
   3.8100000e+02   2.5737590e+02   1.8739405e+03
   3.8200000e+02  -4.3074553e+04  -1.6748291e+04
   3.8300000e+02  -6.1497621e+04  -2.1875883e+04
   3.8400000e+02  -3.3141586e+04  -1.1125887e+04
   3.8500000e+02   1.3409365e+04  -3.6427051e+03
   3.8600000e+02   3.8884104e+04  -6.8174570e+02
   3.8700000e+02   3.5063319e+04   7.3822315e+03
   3.8800000e+02   1.2236015e+04   1.2614205e+04
   3.8900000e+02  -1.5883553e+04   7.7628555e+03
   3.9000000e+02  -3.1170550e+04   1.0242241e+03
   3.9100000e+02  -3.2194855e+04  -2.8414358e+03
   3.9200000e+02  -2.8415287e+04  -6.6140653e+03
   3.9300000e+02  -2.4269393e+04  -1.3980129e+04
   3.9400000e+02  -2.9937791e+04  -1.7537618e+04
   3.9500000e+02  -4.3014214e+04  -5.0372755e+03
   3.9600000e+02  -3.6465998e+04   7.6624570e+03
   3.9700000e+02  -2.6580746e+03  -8.6222427e+03
   3.9800000e+02   2.7868870e+04  -3.7463869e+04
   3.9900000e+02   2.8942582e+04  -2.8088842e+04
   4.0000000e+02   1.0418095e+04   1.8304737e+04
   4.0100000e+02   2.5887912e+03   4.1531064e+04
   4.0200000e+02   1.0805556e+04   1.5292775e+04
   4.0300000e+02   4.9213958e+03  -2.2190010e+04
   4.0400000e+02  -2.0394221e+04  -3.2497570e+04
   4.0500000e+02  -2.6794795e+04  -2.0363207e+04
   4.0600000e+02   2.8701443e+03  -9.5851749e+03
   4.0700000e+02   3.0741218e+04  -6.6293594e+03
   4.0800000e+02   1.3974762e+04  -1.2638879e+03
   4.0900000e+02  -2.7238526e+04   1.0962276e+03
   4.1000000e+02  -4.1568149e+04  -1.6822753e+04
   4.1100000e+02  -2.9148774e+04  -3.6118315e+04
   4.1200000e+02  -2.1131116e+04  -2.8475692e+04
   4.1300000e+02  -2.6144615e+04  -1.1354715e+04
   4.1400000e+02  -4.0388515e+04  -8.4343556e+03
   4.1500000e+02  -6.0115276e+04  -1.4427852e+04
   4.1600000e+02  -6.6669742e+04  -1.6919218e+04
   4.1700000e+02  -3.4768930e+04  -1.2414073e+04
   4.1800000e+02   1.9461365e+04  -8.0234984e+03
   4.1900000e+02   4.6798619e+04  -8.1189713e+03
   4.2000000e+02   4.1446722e+04  -4.1931365e+03
   4.2100000e+02   3.7409784e+04   9.9263509e+03
   4.2200000e+02   4.1458613e+04   1.8630045e+04
   4.2300000e+02   4.1141144e+04   1.0545845e+04
   4.2400000e+02   3.8696867e+04   5.0408642e+03
   4.2500000e+02   3.8344785e+04   9.1003685e+03
   4.2600000e+02   3.8663173e+04   8.7698790e+03
   4.2700000e+02   3.3351784e+04   6.2774504e+03
   4.2800000e+02   1.8641390e+04   6.3438396e+03
   4.2900000e+02   8.3442761e+03   3.9375692e+03
   4.3000000e+02   8.1266672e+03  -5.1572388e+03
   4.3100000e+02   6.3081880e+03  -1.5077057e+04
   4.3200000e+02   1.5780605e+03  -1.0093681e+04
   4.3300000e+02  -1.0705524e+03   7.4223639e+03
   4.3400000e+02   6.0251733e+02   1.5423557e+04
   4.3500000e+02   2.5249913e+03   6.8391655e+03
   4.3600000e+02  -3.8396594e+02  -2.3471038e+03
   4.3700000e+02  -2.4031757e+03  -1.3235369e+03
   4.3800000e+02  -1.0193604e+02   2.9912299e+03
   4.3900000e+02   1.1207200e+04   7.9217230e+03
   4.4000000e+02   2.8396660e+04   1.4424171e+04
   4.4100000e+02   2.5821957e+04   1.6880498e+04
   4.4200000e+02   5.9046880e+03   1.8256039e+04
   4.4300000e+02   2.0644369e+03   2.2260343e+04
   4.4400000e+02   1.4545295e+04   1.5683552e+04
   4.4500000e+02   1.5643334e+04  -4.1388101e+03
   4.4600000e+02   4.1452578e+02  -8.5448563e+03
   4.4700000e+02  -1.1591040e+04   1.2426148e+04
   4.4800000e+02  -7.5718307e+03   2.7113084e+04
   4.4900000e+02   1.0781923e+04   2.3608694e+04
   4.5000000e+02   2.8418911e+04   1.8841461e+04
   4.5100000e+02   2.9653220e+04   1.1155591e+04
   4.5200000e+02   2.2346886e+04  -3.7976053e+03
   4.5300000e+02   1.4142283e+04  -6.9319527e+03
   4.5400000e+02  -3.5758165e+03   5.7756547e+03
   4.5500000e+02  -2.3394580e+04   1.2496660e+04
   4.5600000e+02  -2.6593416e+04   1.1737918e+04
   4.5700000e+02  -1.4911278e+04   1.2963640e+04
   4.5800000e+02  -2.9230987e+03   9.7253931e+03
   4.5900000e+02   5.0659919e+03   2.6229007e+03
   4.6000000e+02   9.1887778e+03  -8.6895823e+02
   4.6100000e+02   4.7342632e+03   1.0119644e+03
   4.6200000e+02  -1.1695191e+04   4.8477627e+03
   4.6300000e+02  -3.5420791e+04   6.5942881e+03
   4.6400000e+02  -4.7032382e+04   9.7227723e+03
   4.6500000e+02  -3.4527464e+04   7.2420907e+03
   4.6600000e+02  -1.2764499e+04  -6.4281867e+03
   4.6700000e+02   2.1280013e+03  -1.2506148e+04
   4.6800000e+02   5.3019098e+03  -5.1394573e+03
   4.6900000e+02  -2.1963821e+03   4.0701080e+02
   4.7000000e+02  -1.5120637e+04  -3.6633172e+03
   4.7100000e+02  -2.3398959e+04  -1.2488480e+04
   4.7200000e+02  -1.2776928e+04  -7.2118737e+03
   4.7300000e+02   6.4759731e+03   1.8230099e+04
   4.7400000e+02   2.8350938e+03   2.4898518e+04
   4.7500000e+02  -2.0651041e+04  -1.2694383e+04
   4.7600000e+02  -3.1059282e+04  -4.1436046e+04
   4.7700000e+02  -2.4823376e+04  -1.3204217e+04
   4.7800000e+02  -1.8718925e+04   2.8147686e+04
   4.7900000e+02  -8.8466377e+03   2.2559009e+04
   4.8000000e+02   1.0206384e+03  -1.8763019e+04
   4.8100000e+02  -4.2953650e+03  -4.2438482e+04
   4.8200000e+02  -1.3422949e+04  -3.0949708e+04
   4.8300000e+02  -1.3973756e+04  -1.2444179e+04
   4.8400000e+02  -8.1028498e+03  -5.8276856e+03
   4.8500000e+02  -4.0754770e+03  -9.0489447e+03
   4.8600000e+02  -1.5167563e+04  -1.7140702e+04
   4.8700000e+02  -2.5350729e+04  -2.5444430e+04
   4.8800000e+02  -1.0408978e+04  -2.3099060e+04
   4.8900000e+02   1.3363802e+04  -3.7074799e+03
   4.9000000e+02   2.1583656e+04   6.4798598e+03
   4.9100000e+02   1.4457955e+04  -4.7891168e+03
   4.9200000e+02   8.1736719e+02  -9.0952222e+03
   4.9300000e+02  -1.3812846e+04  -4.0739136e+03
   4.9400000e+02  -1.4530977e+04  -2.9924899e+03
   4.9500000e+02   6.9385313e+03  -1.8788051e+03
   4.9600000e+02   2.2113059e+04  -3.6043095e+03
   4.9700000e+02   1.2852634e+04  -8.2572269e+03
   4.9800000e+02   4.7704808e+03  -1.2555095e+04
   4.9900000e+02   1.2285285e+04  -1.8038627e+04
   5.0000000e+02   1.6401808e+04  -1.8559297e+04
   5.0100000e+02   5.6879044e+03  -1.5456502e+04
   5.0200000e+02  -2.3553937e+03  -1.5342031e+04
   5.0300000e+02   7.2017675e+03  -1.0927092e+04
   5.0400000e+02   1.7764262e+04  -5.8665995e+03
   5.0500000e+02   1.4979636e+04  -1.2169486e+04
   5.0600000e+02   1.3615241e+04  -1.1580441e+04
   5.0700000e+02   1.5684756e+04   9.1326635e+03
   5.0800000e+02   3.3545562e+03   2.3174158e+04
   5.0900000e+02  -9.7224825e+03   1.3132643e+04
   5.1000000e+02   2.4979570e+03  -4.5669563e+03
   5.1100000e+02   2.4498283e+04  -6.5333685e+03
   5.1200000e+02   2.2311020e+04   1.0414951e+04
   5.1300000e+02  -4.7716698e+03   2.4072824e+04
   5.1400000e+02  -1.9473207e+04   1.7066088e+04
   5.1500000e+02   2.7420374e+03  -2.0720590e+03
   5.1600000e+02   3.5811993e+04  -9.1151380e+03
   5.1700000e+02   3.6961467e+04   3.5684233e+03
   5.1800000e+02   5.6434773e+03   1.6567788e+04
   5.1900000e+02  -1.1657235e+04   2.0023563e+04
   5.2000000e+02   6.9254369e+03   2.0002536e+04
   5.2100000e+02   3.0384355e+04   2.1374052e+04
   5.2200000e+02   3.3359829e+04   2.4000723e+04
   5.2300000e+02   1.4526047e+04   1.6605125e+04
   5.2400000e+02  -9.1621540e+03   5.2717550e+02
   5.2500000e+02  -1.0719578e+04   5.5673164e+02
   5.2600000e+02   2.7495272e+03   2.2942621e+04
   5.2700000e+02   6.6188059e+03   3.7869277e+04
   5.2800000e+02   5.2514369e+03   2.1476435e+04
   5.2900000e+02   7.8578799e+03  -4.3389423e+03
   5.3000000e+02   8.1066509e+03  -6.0295813e+03
   5.3100000e+02   1.8883230e+03   6.2219742e+03
   5.3200000e+02  -1.1069750e+04   7.0310733e+03
   5.3300000e+02  -2.4787296e+04   4.2771052e+03
   5.3400000e+02  -1.9945547e+04   6.6864772e+03
   5.3500000e+02   5.0095342e+03   4.4567122e+03
   5.3600000e+02   2.0152587e+04   5.8529812e+03
   5.3700000e+02   1.1640695e+04   1.5924772e+04
   5.3800000e+02   1.1790056e+02   1.9882187e+04
   5.3900000e+02  -1.8920611e+03   1.8278722e+04
   5.4000000e+02  -6.4257132e+03   1.2161424e+04
   5.4100000e+02  -1.3763459e+04   1.3871888e+03
   5.4200000e+02  -9.0871045e+03   1.9906401e+03
   5.4300000e+02   3.6876346e+03   1.1638625e+04
   5.4400000e+02   4.3633682e+03   9.4542677e+03
   5.4500000e+02  -1.7662229e+04  -5.1923083e+03
   5.4600000e+02  -3.5374606e+04  -1.0927599e+04
   5.4700000e+02  -1.5419005e+04  -1.8501530e+03
   5.4800000e+02   1.0091337e+04  -5.0590710e+02
   5.4900000e+02  -4.6917042e+02  -1.4306139e+04
   5.5000000e+02  -2.3612371e+04  -2.1731017e+04
   5.5100000e+02  -2.6991131e+04  -8.9436393e+03
   5.5200000e+02  -1.2980114e+04   6.7750086e+03
   5.5300000e+02  -1.6798943e+03   1.7271046e+02
   5.5400000e+02  -4.7480293e+03  -1.7189309e+04
   5.5500000e+02  -9.3368035e+03  -1.5738088e+04
   5.5600000e+02  -3.5740834e+03   9.5950027e+02
   5.5700000e+02   1.6544478e+03   5.5033126e+03
   5.5800000e+02  -4.5889051e+03  -1.0203133e+04
   5.5900000e+02  -1.4430281e+04  -2.7163137e+04
   5.6000000e+02  -2.0988443e+04  -2.8508806e+04
   5.6100000e+02  -2.2619520e+04  -1.4474041e+04
   5.6200000e+02  -1.2945134e+04  -2.7751608e+03
   5.6300000e+02  -2.5222180e+03  -7.8688269e+03
   5.6400000e+02  -4.0712906e+03  -1.4201843e+04
   5.6500000e+02  -5.4974912e+03  -9.7516148e+03
   5.6600000e+02   1.6561796e+03  -8.2974637e+03
   5.6700000e+02   6.4067294e+03  -1.6766004e+04
   5.6800000e+02  -3.5643296e+03  -2.0181194e+04
   5.6900000e+02  -1.5473464e+04  -4.9882652e+03
   5.7000000e+02  -8.3198077e+03   6.6091419e+03
   5.7100000e+02   2.1828124e+03  -1.0072197e+04
   5.7200000e+02  -1.2963127e+03  -3.2265227e+04
   5.7300000e+02  -6.6802512e+03  -3.2446567e+04
   5.7400000e+02  -8.7077887e+03  -1.6986258e+04
   5.7500000e+02  -6.7530511e+03  -3.1873108e+03
   5.7600000e+02   4.5029964e+03   1.5666201e+03
   5.7700000e+02   1.1217793e+04  -1.2824569e+03
   5.7800000e+02  -2.2455472e+03  -5.6209564e+03
   5.7900000e+02  -1.6272758e+04  -2.4221819e+03
   5.8000000e+02  -5.6660870e+03   1.9368750e+03
   5.8100000e+02   1.5437220e+04  -6.1143959e+03
   5.8200000e+02   2.2813563e+04  -1.3243984e+04
   5.8300000e+02   1.7262696e+04   6.8443903e+02
   5.8400000e+02   9.7268155e+03   2.4540746e+04
   5.8500000e+02   8.5480720e+03   2.9054148e+04
   5.8600000e+02   1.2836604e+04   4.1983216e+03
   5.8700000e+02   8.2405397e+03  -2.6566172e+04
   5.8800000e+02  -7.5167021e+03  -2.5064419e+04
   5.8900000e+02  -1.0199925e+04   1.0430616e+04
   5.9000000e+02   1.2518377e+04   2.8374515e+04
   5.9100000e+02   3.3252575e+04   9.1022623e+03
   5.9200000e+02   2.3364856e+04  -4.3762074e+03
   5.9300000e+02  -2.8501842e+03   3.7628969e+03
   5.9400000e+02  -1.2980001e+04   6.4731107e+03
   5.9500000e+02  -1.9404021e+03  -2.1951275e+03
   5.9600000e+02   1.7546892e+04   1.2560000e-01
   5.9700000e+02   3.0554150e+04   1.7971852e+04
   5.9800000e+02   2.3463281e+04   2.7146706e+04
   5.9900000e+02   7.5726371e+03   1.7436085e+04
   6.0000000e+02   6.4675411e+03   6.8182465e+03
   6.0100000e+02   1.8393561e+04   7.9404355e+03
   6.0200000e+02   1.9021776e+04   1.3236517e+04
   6.0300000e+02   1.2095121e+03   1.2862798e+04
   6.0400000e+02  -4.8045156e+03   1.1155661e+04
   6.0500000e+02   1.4456850e+04   1.0772167e+04
   6.0600000e+02   3.0545532e+04   9.3582462e+03
   6.0700000e+02   2.3294575e+04   1.4137758e+04
   6.0800000e+02  -8.7560704e+02   2.2763168e+04
   6.0900000e+02  -1.3927373e+04   1.6886165e+04
   6.1000000e+02   2.7453630e+03  -3.9185479e+03
   6.1100000e+02   2.2415187e+04  -1.3360789e+04
   6.1200000e+02   1.8499028e+04   4.8514931e+03
   6.1300000e+02   3.6761196e+03   3.0393617e+04
   6.1400000e+02  -3.8439550e+02   3.0035446e+04
   6.1500000e+02   4.5696617e+03   5.9450383e+03
   6.1600000e+02   3.3342518e+03  -5.9253799e+03
   6.1700000e+02  -5.0512491e+03   4.6091222e+03
   6.1800000e+02  -1.4865283e+04   1.3932826e+04
   6.1900000e+02  -1.8280371e+04   8.4907655e+03
   6.2000000e+02  -8.3975519e+03  -3.1437212e+03
   6.2100000e+02  -1.4728286e+03  -3.7148407e+03
   6.2200000e+02  -7.0739760e+03   4.8827172e+03
   6.2300000e+02  -8.5255238e+03   6.9532819e+03
   6.2400000e+02  -4.8962616e+03   1.4416631e+03
   6.2500000e+02  -6.6185040e+03  -8.2398880e+03
   6.2600000e+02  -5.9331726e+03  -1.2855346e+04
   6.2700000e+02  -1.2377904e+03  -4.8166030e+03
   6.2800000e+02  -6.5249478e+03   4.1493684e+03
   6.2900000e+02  -1.9955106e+04   5.0649742e+03
   6.3000000e+02  -2.8084567e+04  -1.2500650e+03
   6.3100000e+02  -2.5594476e+04  -6.6404087e+03
   6.3200000e+02  -1.4930246e+04  -5.2738407e+03
   6.3300000e+02  -9.2690294e+03  -5.7799373e+03
   6.3400000e+02  -1.5442580e+04  -1.1092747e+04
   6.3500000e+02  -2.2388259e+04  -1.5404624e+04
   6.3600000e+02  -2.2291500e+04  -1.4599265e+04
   6.3700000e+02  -1.4135583e+04  -1.5279692e+04
   6.3800000e+02  -3.4122974e+03  -2.0000234e+04
   6.3900000e+02  -4.8338604e+03  -1.1332265e+04
   6.4000000e+02  -1.5990390e+04   1.3853536e+02
   6.4100000e+02  -1.4893412e+04  -6.6499327e+03
   6.4200000e+02  -2.5926044e+03  -1.5772704e+04
   6.4300000e+02  -8.2455693e+02  -1.6840052e+04
   6.4400000e+02  -1.1047575e+04  -1.0610113e+04
   6.4500000e+02  -2.1601967e+04  -3.9195145e+03
   6.4600000e+02  -2.3703099e+04  -1.0162719e+04
   6.4700000e+02  -1.2284207e+04  -1.1045960e+04
   6.4800000e+02   1.8790899e+03   2.3291603e+03
   6.4900000e+02   5.1332379e+03  -4.8017660e+02
   6.5000000e+02  -6.2803749e+02  -2.1524645e+04
   6.5100000e+02  -4.4361926e+03  -2.7208814e+04
   6.5200000e+02  -2.4731303e+03  -9.5671114e+03
   6.5300000e+02  -1.0908875e+02   5.2403646e+03
   6.5400000e+02   2.9740024e+03   1.2225783e+03
   6.5500000e+02   1.4218954e+03  -9.0639634e+03
   6.5600000e+02  -5.5276030e+03  -1.1083261e+04
   6.5700000e+02   2.6271125e+03  -9.4638759e+03
   6.5800000e+02   1.6801888e+04  -8.9550177e+03
   6.5900000e+02   6.8771152e+03  -1.9804966e+03
   6.6000000e+02  -1.1784971e+04   5.7567623e+03
   6.6100000e+02  -2.6462133e+03   1.4187355e+03
   6.6200000e+02   2.5496040e+04  -5.2788953e+03
   6.6300000e+02   3.0117424e+04   1.2089176e+03
   6.6400000e+02   1.1406947e+04   1.0170156e+04
   6.6500000e+02   4.0550193e+03   4.6042007e+03
   6.6600000e+02   9.7409957e+03   8.8286860e+02
   6.6700000e+02   1.8026954e+04   1.1316971e+04
   6.6800000e+02   2.6563454e+04   1.2085160e+04
   6.6900000e+02   2.3072788e+04  -4.9390520e+03
   6.7000000e+02   1.0720724e+04  -1.8593393e+04
   6.7100000e+02   7.8207386e+03  -1.2173946e+04
   6.7200000e+02   9.1109852e+03   7.7438303e+03
   6.7300000e+02   6.5800901e+03   1.7048696e+04
   6.7400000e+02   1.3712844e+04   6.2574136e+03
   6.7500000e+02   2.0086297e+04  -7.6739058e+03
   6.7600000e+02   5.5677638e+03  -3.2557882e+03
   6.7700000e+02  -5.3185567e+03   1.0915224e+04
   6.7800000e+02   5.6443861e+03   1.2535172e+04
   6.7900000e+02   1.9273752e+04   1.0124037e+04
   6.8000000e+02   2.2060434e+04   1.4230713e+04
   6.8100000e+02   1.2652574e+04   1.7620161e+04
   6.8200000e+02  -1.5396897e+02   1.4846811e+04
   6.8300000e+02   2.0739459e+03   8.8060617e+03
   6.8400000e+02   1.8443454e+04   7.2056830e+03
   6.8500000e+02   2.1581562e+04   3.7026220e+03
   6.8600000e+02   7.0535711e+03   3.3650212e+03
   6.8700000e+02   3.3757468e+03   1.5051405e+04
   6.8800000e+02   8.9508984e+03   1.3393077e+04
   6.8900000e+02   2.9881865e+03   8.7952394e+02
   6.9000000e+02  -9.0884858e+03   2.9682149e+03
   6.9100000e+02  -1.4647851e+04   9.4884431e+03
   6.9200000e+02  -4.9972258e+03   6.8844310e+03
   6.9300000e+02   9.5131908e+03  -1.8100997e+03
   6.9400000e+02   4.7089704e+03   2.7780121e+03
   6.9500000e+02  -1.0778753e+04   2.2914558e+04
   6.9600000e+02  -1.3356197e+04   2.3695058e+04
   6.9700000e+02  -3.6107685e+03   4.6726221e+03
   6.9800000e+02   5.7179003e+03  -1.2041600e+03
   6.9900000e+02   5.9605455e+03   8.3440232e+03
   7.0000000e+02  -1.8254549e+03   1.4012826e+04
   7.0100000e+02  -7.3139907e+03   8.7025664e+03
   7.0200000e+02  -5.6195162e+03   4.5030821e+03
   7.0300000e+02  -2.3673918e+02   9.3554223e+03
   7.0400000e+02   5.0410674e+03   8.6216123e+03
   7.0500000e+02  -6.5261351e+03  -6.9571637e+03
   7.0600000e+02  -3.7671556e+04  -1.1464491e+04
   7.0700000e+02  -4.5582210e+04   9.2796900e+03
   7.0800000e+02  -1.5683214e+04   1.7597530e+04
   7.0900000e+02   5.2986644e+03  -3.3541707e+03
   7.1000000e+02  -1.0380834e+04  -1.6938369e+04
   7.1100000e+02  -3.5300397e+04  -5.3672961e+03
   7.1200000e+02  -3.1826686e+04   3.5327921e+03
   7.1300000e+02  -6.8456448e+03  -9.6894422e+03
   7.1400000e+02   3.7150245e+03  -1.6905373e+04
   7.1500000e+02  -6.6820195e+03   2.3038439e+03
   7.1600000e+02  -1.1978513e+04   1.4591853e+04
   7.1700000e+02   4.5147494e+03  -4.7243037e+03
   7.1800000e+02   1.8954435e+04  -2.8772169e+04
   7.1900000e+02   6.3338744e+03  -2.5964656e+04
   7.2000000e+02  -1.5403813e+04  -6.1146054e+03
   7.2100000e+02  -2.7512250e+04   3.3892508e+03
   7.2200000e+02  -2.6020878e+04  -2.8224730e+03
   7.2300000e+02  -4.5220327e+03  -1.3193972e+04
   7.2400000e+02   1.6739150e+04  -1.6043874e+04
   7.2500000e+02   3.1576617e+03  -1.4095411e+04
   7.2600000e+02  -3.5947582e+04  -1.3939259e+04
   7.2700000e+02  -4.8277217e+04  -9.3962208e+03
   7.2800000e+02  -8.7812817e+03  -4.6406426e+03
   7.2900000e+02   3.2614545e+04  -1.0612817e+04
   7.3000000e+02   1.9434806e+04  -2.0183845e+04
   7.3100000e+02  -1.7472540e+04  -2.0145423e+04
   7.3200000e+02  -1.5821535e+04  -1.0049591e+04
   7.3300000e+02   1.2032560e+04  -1.9096759e+03
   7.3400000e+02   1.6632334e+04  -3.9719180e+03
   7.3500000e+02  -2.4798497e+03  -1.2519888e+04
   7.3600000e+02  -9.2691958e+03  -1.6387946e+04
   7.3700000e+02   5.1145035e+03  -9.4232736e+03
   7.3800000e+02   1.4029679e+04  -1.5922801e+03
   7.3900000e+02   6.9507107e+03  -5.4835016e+03
   7.4000000e+02  -3.6335779e+02  -1.8365877e+04
   7.4100000e+02   2.6903516e+03  -2.1801146e+04
   7.4200000e+02   1.0539326e+04  -9.5100178e+03
   7.4300000e+02   9.6662223e+03   1.8392913e+03
   7.4400000e+02   5.0845271e+03   3.0199433e+03
   7.4500000e+02   7.5453975e+03  -5.3726113e+03
   7.4600000e+02   7.7809522e+03  -1.0811592e+04
   7.4700000e+02   8.1361221e+03   1.7516471e+03
   7.4800000e+02   1.5928619e+04   1.3599061e+04
   7.4900000e+02   1.8941218e+04   1.0472678e+04
   7.5000000e+02   1.3453588e+04   4.3680193e+03
   7.5100000e+02   5.7487402e+03  -4.1761213e+03
   7.5200000e+02   7.5261232e+02  -9.2183059e+03
   7.5300000e+02   7.7742078e+03   4.7985875e+03
   7.5400000e+02   2.2116926e+04   2.3798610e+04
   7.5500000e+02   1.9637314e+04   1.7292701e+04
   7.5600000e+02  -2.4549588e+03  -5.1388491e+03
   7.5700000e+02  -1.1471114e+04  -4.5471910e+03
   7.5800000e+02   7.9538035e+03   1.5250425e+04
   7.5900000e+02   2.7971871e+04   1.9253633e+04
   7.6000000e+02   2.0733978e+04   9.4605060e+03
   7.6100000e+02  -3.3971182e+03   1.4991279e+04
   7.6200000e+02  -8.8582724e+03   3.1912706e+04
   7.6300000e+02   1.4953000e+04   2.8373624e+04
   7.6400000e+02   3.5115152e+04   6.8460099e+03
   7.6500000e+02   2.2878081e+04  -2.1676479e+03
   7.6600000e+02  -2.8660812e+03   9.7694484e+03
   7.6700000e+02  -4.0532840e+03   2.5952020e+04
   7.6800000e+02   1.7588894e+04   2.7374957e+04
   7.6900000e+02   2.5814723e+04   1.4778729e+04
   7.7000000e+02   5.8628246e+03   3.0100388e+03
   7.7100000e+02  -1.7429389e+04   3.3842201e+03
   7.7200000e+02  -1.7310628e+04   1.2929171e+04
   7.7300000e+02   1.3326620e+02   1.4242018e+04
   7.7400000e+02   1.0859657e+04   8.7827617e+03
   7.7500000e+02   4.1994071e+03   9.4910711e+03
   7.7600000e+02  -1.0286900e+04   8.2237070e+03
   7.7700000e+02  -1.8845770e+04  -9.9605866e+02
   7.7800000e+02  -1.4780586e+04  -8.0325669e+03
   7.7900000e+02   2.6543996e+03  -1.4888044e+03
   7.8000000e+02   1.4012633e+04   1.3072099e+04
   7.8100000e+02  -1.1266312e+03   1.4827415e+04
   7.8200000e+02  -2.0905165e+04   4.3101079e+03
   7.8300000e+02  -1.6833283e+04   2.9853030e+03
   7.8400000e+02  -1.2064206e+03   1.5454879e+04
   7.8500000e+02   2.7159317e+03   1.9217521e+04
   7.8600000e+02  -1.7389468e+03   1.0709547e+03
   7.8700000e+02  -4.6524574e+03  -1.2857410e+04
   7.8800000e+02  -1.1065777e+04  -4.8242082e+03
   7.8900000e+02  -1.5536824e+04   2.2556212e+03
   7.9000000e+02  -1.1680757e+04  -4.9888289e+03
   7.9100000e+02  -1.4250416e+04  -1.5147390e+04
   7.9200000e+02  -2.1604183e+04  -2.1985962e+04
   7.9300000e+02  -1.5641338e+04  -1.8701864e+04
   7.9400000e+02  -3.2065292e+03  -3.1502742e+03
   7.9500000e+02  -4.8024137e+03   1.2055397e+03
   7.9600000e+02  -1.7152518e+04  -1.4241754e+04
   7.9700000e+02  -2.2673487e+04  -2.2959790e+04
   7.9800000e+02  -2.0471670e+04  -1.5257124e+04
   7.9900000e+02  -1.1724394e+04  -8.0112716e+03
   8.0000000e+02   3.4894201e+03  -8.9047359e+03
   8.0100000e+02   8.6423213e+03  -9.3171235e+03
   8.0200000e+02  -4.6640601e+03  -7.5378508e+03
   8.0300000e+02  -2.3387011e+04  -1.1470937e+04
   8.0400000e+02  -2.8892153e+04  -1.4616157e+04
   8.0500000e+02  -1.5593856e+04  -1.2361615e+04
   8.0600000e+02   3.8543909e+03  -1.4455463e+04
   8.0700000e+02   1.4645827e+04  -1.8333331e+04
   8.0800000e+02   5.5168711e+03  -1.5722066e+04
   8.0900000e+02  -1.1386587e+04  -8.3395633e+03
   8.1000000e+02  -1.0220106e+04  -3.7408375e+03
   8.1100000e+02  -3.4707842e+03  -8.9827596e+03
   8.1200000e+02  -7.2801302e+03  -1.9665468e+04
   8.1300000e+02  -4.4928422e+03  -2.4817533e+04
   8.1400000e+02   5.6417173e+03  -2.0638613e+04
   8.1500000e+02   7.9686943e+03  -9.3226614e+03
   8.1600000e+02   4.6515891e+03   4.2269694e+03
   8.1700000e+02  -3.8497493e+03   5.4832163e+03
   8.1800000e+02  -1.3867781e+04  -1.1238584e+04
   8.1900000e+02  -5.3701272e+03  -1.8697508e+04
   8.2000000e+02   1.3188987e+04  -1.8523634e+03
   8.2100000e+02   1.2371740e+04   1.2772563e+04
   8.2200000e+02   2.0464000e+02   6.2232512e+03
   8.2300000e+02   4.0840380e+02  -8.4780955e+03
   8.2400000e+02   1.4026463e+04  -8.7478199e+03
   8.2500000e+02   2.3931117e+04   8.4059499e+03
   8.2600000e+02   1.3408186e+04   1.8218297e+04
   8.2700000e+02  -2.5928322e+03   6.5192961e+03
   8.2800000e+02   4.5317577e+03  -4.3520513e+03
   8.2900000e+02   2.3309225e+04   2.0637617e+03
   8.3000000e+02   2.2371471e+04   1.1081066e+04
   8.3100000e+02   1.0637098e+04   1.7371580e+04
   8.3200000e+02   1.1257538e+04   2.2376636e+04
   8.3300000e+02   1.2570322e+04   1.3111851e+04
   8.3400000e+02   6.6591588e+03  -3.9578758e+03
   8.3500000e+02   2.0522350e+03  -7.2655708e+03
   8.3600000e+02   1.3955400e+00   7.7539228e+03
   8.3700000e+02   8.2731058e+03   2.4695690e+04
   8.3800000e+02   2.0049500e+04   2.0304164e+04
   8.3900000e+02   1.4643778e+04   9.3919540e+01
   8.4000000e+02  -1.3939381e+03  -8.8085875e+03
   8.4100000e+02  -4.0732478e+03   3.6743727e+03
   8.4200000e+02   1.6726682e+04   2.1872539e+04
   8.4300000e+02   3.0754779e+04   2.5905087e+04
   8.4400000e+02   1.3206086e+04   2.2849820e+04
   8.4500000e+02   2.2767090e+03   1.8498150e+04
   8.4600000e+02   1.9256651e+04   2.2966109e+03
   8.4700000e+02   2.6532637e+04  -7.6528693e+03
   8.4800000e+02   8.0357331e+03   6.4670771e+03
   8.4900000e+02  -7.7287588e+03   2.2198657e+04
   8.5000000e+02   3.1246336e+02   2.0670317e+04
   8.5100000e+02   1.2951722e+04   1.2314274e+04
   8.5200000e+02   8.1025004e+03   6.5750183e+03
   8.5300000e+02  -1.5985604e+02  -1.5243987e+03
   8.5400000e+02  -1.8700815e+03  -7.3327992e+03
   8.5500000e+02  -9.4714007e+03  -1.4554853e+03
   8.5600000e+02  -1.7075723e+04   6.9668190e+03
   8.5700000e+02  -9.1776302e+03   7.6401591e+03
   8.5800000e+02   4.9859342e+03   4.3193573e+03
   8.5900000e+02   7.0202235e+03   8.5077441e+02
   8.6000000e+02  -5.2111200e+03  -1.2168602e+03
   8.6100000e+02  -1.5420328e+04   4.5529643e+03
   8.6200000e+02  -8.6701763e+03   1.1028947e+04
   8.6300000e+02   4.1573033e+03   1.8268124e+03
   8.6400000e+02   4.4866283e+03  -8.7399152e+03
   8.6500000e+02  -3.6405041e+03  -1.1490405e+03
   8.6600000e+02  -5.0947576e+03   8.0610069e+03
   8.6700000e+02  -2.5341383e+03   1.8552817e+03
   8.6800000e+02  -1.2996177e+04  -6.6176695e+03
   8.6900000e+02  -3.0158633e+04  -4.1163950e+03
   8.7000000e+02  -3.0234268e+04  -2.4897584e+03
   8.7100000e+02  -1.6382380e+04  -9.0751577e+03
   8.7200000e+02  -8.2368042e+03  -1.3717841e+04
   8.7300000e+02  -9.5889396e+03  -1.3379887e+04
   8.7400000e+02  -1.6182999e+04  -1.0177505e+04
   8.7500000e+02  -2.4612289e+04  -9.9316139e+03
   8.7600000e+02  -2.2559142e+04  -1.4506564e+04
   8.7700000e+02  -6.7318136e+03  -1.1898978e+04
   8.7800000e+02   2.8504567e+03  -3.0804411e+03
   8.7900000e+02   2.8503300e+02  -7.4193610e+02
   8.8000000e+02  -4.2535742e+03  -6.2694770e+03
   8.8100000e+02  -1.1600606e+04  -9.2239747e+03
   8.8200000e+02  -1.7926637e+04  -3.1665228e+03
   8.8300000e+02  -1.6392298e+04  -1.3779454e+03
   8.8400000e+02  -1.0143131e+04  -8.3646820e+03
   8.8500000e+02  -5.8420039e+03  -7.5396680e+03
   8.8600000e+02  -1.1054498e+04  -3.4885890e+02
   8.8700000e+02  -2.0274172e+04  -7.0066203e+03
   8.8800000e+02  -1.9021742e+04  -2.4355931e+04
   8.8900000e+02  -1.1273662e+04  -2.2097469e+04
   8.9000000e+02  -1.2075350e+04  -1.1315985e+03
   8.9100000e+02  -1.5453652e+04   2.0671852e+03
   8.9200000e+02  -4.5832768e+03  -1.1375859e+04
   8.9300000e+02   9.2039435e+03  -1.2752228e+04
   8.9400000e+02   9.5299774e+03  -6.8176256e+03
   8.9500000e+02   8.4664432e+03  -7.0577771e+03
   8.9600000e+02   1.0250462e+04  -2.6339623e+03
   8.9700000e+02   2.5922415e+03   6.1362402e+03
   8.9800000e+02  -2.7809341e+03   1.9445993e+03
   8.9900000e+02   1.3391347e+04  -8.8344831e+03
   9.0000000e+02   3.1962886e+04  -9.3758008e+03
   9.0100000e+02   2.4236957e+04  -3.6912828e+03
   9.0200000e+02   8.0888976e+02  -5.1073413e+03
   9.0300000e+02  -1.0272729e+04  -1.2801757e+04
   9.0400000e+02   2.2637939e+03  -9.2111946e+03
   9.0500000e+02   2.4918771e+04   5.4936010e+03
   9.0600000e+02   2.7448559e+04   6.6434952e+03
   9.0700000e+02   4.7912313e+03  -1.0388050e+04
   9.0800000e+02  -6.7975069e+03  -1.7464534e+04
   9.0900000e+02   9.8733814e+03   1.1764659e+03
   9.1000000e+02   2.2343312e+04   1.7576491e+04
   9.1100000e+02   1.3375347e+04   1.2506504e+04
   9.1200000e+02   5.4608330e+03   5.7998301e+03
   9.1300000e+02   1.0322497e+04   8.3194242e+03
   9.1400000e+02   2.0919237e+04   1.5224798e+04
   9.1500000e+02   2.6648385e+04   1.6438074e+04
   9.1600000e+02   2.0947088e+04   5.6631289e+03
   9.1700000e+02   9.2956141e+03  -3.2727830e+02
   9.1800000e+02   1.1740266e+03   2.8686341e+03
   9.1900000e+02   5.8052889e+03   2.4105687e+03
   9.2000000e+02   1.5444618e+04   4.5795086e+03
   9.2100000e+02   1.5802767e+04   1.3329875e+04
   9.2200000e+02   1.3222222e+04   1.3438679e+04
   9.2300000e+02   4.5428834e+03  -3.9471110e+02
   9.2400000e+02  -8.8163259e+03  -9.5895944e+03
   9.2500000e+02  -1.3512510e+03   4.8141219e+02
   9.2600000e+02   1.8770504e+04   1.8596251e+04
   9.2700000e+02   1.8984832e+04   2.6566631e+04
   9.2800000e+02  -1.0063080e+03   2.2681144e+04
   9.2900000e+02  -1.2442002e+04   1.8224482e+04
   9.3000000e+02   1.6224362e+03   1.3689798e+04
   9.3100000e+02   1.8571815e+04   9.8686090e+02
   9.3200000e+02   1.2170689e+04  -1.0194152e+04
   9.3300000e+02  -4.4148087e+03   1.0162224e+03
   9.3400000e+02  -7.1323141e+03   2.8439030e+04
   9.3500000e+02  -2.5733952e+03   3.0947776e+04
   9.3600000e+02  -1.0976800e+03   4.1257782e+02
   9.3700000e+02   4.7096373e+03  -1.7170863e+04
   9.3800000e+02   8.2242027e+02  -6.1643069e+03
   9.3900000e+02  -1.9880197e+04   7.3914731e+03
   9.4000000e+02  -2.0605201e+04   9.8106662e+03
   9.4100000e+02   4.0611523e+03   4.4287152e+03
   9.4200000e+02   9.2071399e+03   2.4308974e+03
   9.4300000e+02  -1.8299331e+04   6.9853355e+03
   9.4400000e+02  -3.7781693e+04   7.1780245e+03
   9.4500000e+02  -2.2121191e+04   1.0716921e+03
   9.4600000e+02  -3.6102528e+02  -4.3739573e+02
   9.4700000e+02  -4.1330810e+03   4.8934947e+03
   9.4800000e+02  -1.9651873e+04   8.3031174e+03
   9.4900000e+02  -2.1117269e+04   7.1010764e+03
   9.5000000e+02  -1.1863275e+04   8.0495500e+02
   9.5100000e+02  -9.1137271e+03  -8.5007496e+03
   9.5200000e+02  -1.0241977e+04  -1.0944728e+04
   9.5300000e+02  -7.1633605e+03  -5.7843846e+03
   9.5400000e+02  -5.5848983e+03   1.5288366e+03
   9.5500000e+02  -9.0168327e+03   1.2580907e+03
   9.5600000e+02  -1.2899820e+04  -1.4734059e+04
   9.5700000e+02  -1.2956566e+04  -2.5642016e+04
   9.5800000e+02  -8.2175694e+03  -1.4178802e+04
   9.5900000e+02  -1.7267740e+03   7.1325296e+02
   9.6000000e+02  -4.8508185e+03   1.7643527e+03
   9.6100000e+02  -1.9122079e+04  -6.6669406e+03
   9.6200000e+02  -1.9961080e+04  -1.1147835e+04
   9.6300000e+02  -3.6696548e+03  -4.0054538e+03
   9.6400000e+02  -2.5653892e+02  -1.2195761e+03
   9.6500000e+02  -1.0972459e+04  -1.6216995e+04
   9.6600000e+02  -8.8197267e+03  -2.4351918e+04
   9.6700000e+02   2.7220724e+03  -1.2218995e+04
   9.6800000e+02  -9.3592448e+02  -3.6305408e+03
   9.6900000e+02  -1.1108504e+04  -2.9027195e+03
   9.7000000e+02  -6.5101830e+03  -4.8638021e+03
   9.7100000e+02   2.0001026e+03  -1.5719921e+04
   9.7200000e+02  -1.4485924e+02  -2.2237930e+04
   9.7300000e+02  -4.1274928e+03  -1.7661452e+04
   9.7400000e+02   5.8220414e+03  -1.2489363e+04
   9.7500000e+02   2.0879499e+04  -6.5542634e+03
   9.7600000e+02   1.0717835e+04  -4.0230474e+03
   9.7700000e+02  -1.4411977e+04  -1.2583759e+04
   9.7800000e+02  -1.0066351e+04  -2.4591202e+04
   9.7900000e+02   2.2090498e+04  -2.3605243e+04
   9.8000000e+02   3.6019711e+04  -4.4729871e+03
   9.8100000e+02   1.3440685e+04   1.1253362e+04
   9.8200000e+02  -1.2874780e+04   3.8742022e+03
   9.8300000e+02  -1.0317973e+04  -1.1539528e+04
   9.8400000e+02   1.0498084e+04  -1.4163487e+04
   9.8500000e+02   1.8678093e+04  -5.4460990e+03
   9.8600000e+02   1.0604162e+04   8.7281361e+03
   9.8700000e+02   6.2461549e+03   1.9278868e+04
   9.8800000e+02   6.1377370e+03   1.1144812e+04
   9.8900000e+02   2.7095461e+03  -6.9827806e+03
   9.9000000e+02   5.0309933e+03  -8.4252178e+03
   9.9100000e+02   1.6262385e+04   8.6082751e+03
   9.9200000e+02   2.2459415e+04   1.7580534e+04
   9.9300000e+02   9.5904718e+03   6.7931099e+03
   9.9400000e+02  -5.0333367e+03  -4.3169149e+03
   9.9500000e+02   5.1438644e+03  -5.1430956e+03
   9.9600000e+02   2.1103371e+04   9.1723601e+02
   9.9700000e+02   1.9489465e+04   1.2787904e+04
   9.9800000e+02   8.3201960e+03   1.6039552e+04
   9.9900000e+02   6.2429989e+02   7.1411930e+03
   1.0000000e+03   8.3841647e+03   6.2848460e+03
   1.0010000e+03   1.7093770e+04   1.4740444e+04
   1.0020000e+03   4.2434499e+03   1.5106168e+04
   1.0030000e+03  -4.0114273e+03   6.6723574e+03
   1.0040000e+03   1.3725403e+04   8.4817425e+03
   1.0050000e+03   2.3102263e+04   2.1453535e+04
   1.0060000e+03   1.4290620e+03   2.0399594e+04
   1.0070000e+03  -1.7131882e+04   4.4325892e+03
   1.0080000e+03  -4.4003789e+03  -1.4229728e+03
   1.0090000e+03   1.1261863e+04   9.2102726e+03
   1.0100000e+03   3.2630711e+03   2.2783626e+04
   1.0110000e+03  -4.8208600e+03   2.8039553e+04
   1.0120000e+03   7.1264814e+03   2.3802832e+04
   1.0130000e+03   1.6449232e+04   1.4801365e+04
   1.0140000e+03   2.9384759e+03   8.6905079e+03
   1.0150000e+03  -1.2883574e+04   1.1172884e+04
   1.0160000e+03  -7.4631301e+03   1.5912959e+04
   1.0170000e+03   3.6123287e+03   1.3786836e+04
   1.0180000e+03   3.6602111e+02   8.1870203e+03
   1.0190000e+03  -7.4407137e+03   3.1217965e+03
   1.0200000e+03  -9.7368539e+03  -2.7289569e+03
   1.0210000e+03  -7.8287287e+03  -4.3419311e+03
   1.0220000e+03  -2.2420368e+03  -1.5785874e+03
   1.0230000e+03   3.4139078e+02   1.2009254e+03
   1.0240000e+03  -5.0098089e+03   6.3456105e+03
   1.0250000e+03  -8.8925186e+03   4.4032491e+03
   1.0260000e+03  -2.4746680e+03  -6.8396511e+03
   1.0270000e+03   4.3381366e+03  -6.1390333e+03
   1.0280000e+03   6.2103898e+02   3.7997845e+03
   1.0290000e+03  -4.9054518e+03   1.5193082e+03
   1.0300000e+03  -1.0702471e+04  -8.2018676e+03
   1.0310000e+03  -1.9823009e+04  -8.5784184e+03
   1.0320000e+03  -1.6078189e+04  -3.3976213e+03
   1.0330000e+03  -2.3906305e+02  -7.1801489e+03
   1.0340000e+03   3.8863862e+03  -1.5315378e+04
   1.0350000e+03  -1.0680962e+04  -1.4573661e+04
   1.0360000e+03  -2.4730012e+04  -5.4159794e+03
   1.0370000e+03  -1.7797088e+04   9.1585797e+02
   1.0380000e+03  -4.9659269e+03  -8.1074925e+03
   1.0390000e+03  -8.1804994e+03  -2.2902067e+04
   1.0400000e+03  -1.4003509e+04  -2.1264208e+04
   1.0410000e+03  -1.2669624e+04  -9.7822690e+03
   1.0420000e+03  -1.4393645e+04  -9.8259539e+03
   1.0430000e+03  -1.8364947e+04  -2.0350243e+04
   1.0440000e+03  -1.4943412e+04  -2.3859021e+04
   1.0450000e+03  -6.5001066e+03  -1.4061161e+04
   1.0460000e+03  -4.6721868e+03  -4.6556701e+03
   1.0470000e+03  -8.7050935e+03  -1.0096188e+04
   1.0480000e+03  -8.2996574e+03  -2.0988930e+04
   1.0490000e+03  -2.2780730e+03  -1.6008840e+04
   1.0500000e+03   1.2576413e+03  -2.7419198e+03
   1.0510000e+03  -1.9944434e+03  -3.8988385e+03
   1.0520000e+03  -4.2937685e+03  -1.1449687e+04
   1.0530000e+03  -3.2246455e+03  -3.6913281e+03
   1.0540000e+03  -4.2478259e+03   1.1316044e+04
   1.0550000e+03  -1.0332646e+03   7.7124248e+03
   1.0560000e+03   6.4314926e+03  -8.7846150e+03
   1.0570000e+03   2.8967546e+03  -1.5952278e+04
   1.0580000e+03  -9.8602128e+03  -1.6649511e+04
   1.0590000e+03  -1.1468584e+04  -9.8052020e+03
   1.0600000e+03   4.1608160e+03   5.4877636e+03
   1.0610000e+03   1.7391685e+04   6.0910331e+03
   1.0620000e+03   9.1714253e+03  -9.1078074e+03
   1.0630000e+03  -1.0538280e+04  -1.8758853e+04
   1.0640000e+03  -1.4859957e+04  -1.5721914e+04
   1.0650000e+03   3.8684489e+03  -8.4067519e+02
   1.0660000e+03   2.1086592e+04   1.4256773e+04
   1.0670000e+03   1.4911673e+04   8.8189242e+03
   1.0680000e+03   7.3553692e+03  -1.0884171e+04
   1.0690000e+03   1.8952967e+04  -8.0162733e+03
   1.0700000e+03   2.2052217e+04   2.1094909e+04
   1.0710000e+03   1.2292843e+04   3.1463233e+04
   1.0720000e+03   1.7455780e+04   9.3174079e+03
   1.0730000e+03   2.2847471e+04  -1.0359469e+04
   1.0740000e+03   1.1303037e+04  -6.6181989e+03
   1.0750000e+03   1.9885627e+02   1.2087947e+04
   1.0760000e+03   2.2459982e+03   2.7211607e+04
   1.0770000e+03   1.6659182e+04   2.0507506e+04
   1.0780000e+03   2.4481797e+04  -1.8717813e+03
   1.0790000e+03   1.1295711e+04  -7.0746287e+03
   1.0800000e+03  -3.5069954e+03   1.1637661e+04
   1.0810000e+03   1.2123980e+03   2.4019002e+04
   1.0820000e+03   2.1063652e+04   1.7268002e+04
   1.0830000e+03   2.6442518e+04   5.1089831e+03
   1.0840000e+03   2.8986876e+03   2.7461607e+03
   1.0850000e+03  -1.0134960e+04   1.4713974e+04
   1.0860000e+03   1.3957751e+04   2.5941863e+04
   1.0870000e+03   3.5238349e+04   2.1398515e+04
   1.0880000e+03   2.1881228e+04   5.9091663e+03
   1.0890000e+03   1.7637924e+03  -4.7649462e+03
   1.0900000e+03   4.3926529e+02   1.4930556e+03
   1.0910000e+03   8.8388439e+03   1.4877364e+04
   1.0920000e+03   1.9691356e+04   1.8420768e+04
   1.0930000e+03   2.2491229e+04   1.6177630e+04
   1.0940000e+03   2.2893423e+03   9.4869454e+03
   1.0950000e+03  -2.3551000e+04  -3.6775486e+03
   1.0960000e+03  -2.5011890e+04  -5.2535860e+02
   1.0970000e+03  -6.2038779e+03   2.0902500e+04
   1.0980000e+03   5.3697962e+03   2.1816246e+04
   1.0990000e+03  -2.4704583e+03  -2.9023978e+03
   1.1000000e+03  -1.9871186e+04  -1.5774424e+04
   1.1010000e+03  -2.4296459e+04  -6.4334548e+03
   1.1020000e+03  -2.2970674e+03   1.3571864e+03
   1.1030000e+03   1.6456048e+04  -5.5600975e+02
   1.1040000e+03   3.6505058e+03   1.4205391e+03
   1.1050000e+03  -1.3674771e+04   4.7980139e+03
   1.1060000e+03  -1.1678052e+04  -2.5505578e+03
   1.1070000e+03  -4.5163369e+03  -7.9650367e+03
   1.1080000e+03  -4.6095883e+03   1.6517709e+03
   1.1090000e+03  -1.0743377e+04   9.4827954e+03
   1.1100000e+03  -1.3622699e+04   2.1728557e+03
   1.1110000e+03  -1.0475878e+04  -6.6773793e+03
   1.1120000e+03  -1.4987609e+04  -7.5147564e+03
   1.1130000e+03  -2.5552924e+04  -9.9854046e+03
   1.1140000e+03  -2.3023883e+04  -1.7122695e+04
   1.1150000e+03  -1.4051216e+04  -1.5750007e+04
   1.1160000e+03  -1.7940736e+04  -5.0241581e+03
   1.1170000e+03  -2.3195833e+04  -5.6572762e+03
   1.1180000e+03  -1.3267492e+04  -2.0780825e+04
   1.1190000e+03  -3.3270174e+03  -2.5319786e+04
   1.1200000e+03  -9.4751967e+03  -7.4284501e+03
   1.1210000e+03  -2.0542683e+04   1.1904831e+04
   1.1220000e+03  -2.3673639e+04   7.2172417e+03
   1.1230000e+03  -1.9104394e+04  -1.1385860e+04
   1.1240000e+03  -8.8354307e+03  -1.5702690e+04
   1.1250000e+03   1.6644292e+03  -6.8884827e+03
   1.1260000e+03   4.7980222e+03  -2.5272342e+03
   1.1270000e+03  -2.4604884e+03  -1.0914969e+04
   1.1280000e+03  -1.5744178e+04  -2.3638606e+04
   1.1290000e+03  -2.1785045e+04  -2.1161095e+04
   1.1300000e+03  -1.5613519e+04  -9.9142481e+03
   1.1310000e+03  -6.2010777e+03  -1.1173852e+04
   1.1320000e+03  -2.7002996e+02  -1.9667416e+04
   1.1330000e+03  -5.4742577e+02  -1.9693378e+04
   1.1340000e+03  -4.3129925e+03  -7.8713965e+03
   1.1350000e+03  -9.4037309e+02   6.4341833e+03
   1.1360000e+03   1.2282824e+04   9.1778325e+03
   1.1370000e+03   1.7869682e+04   7.5324656e+02
   1.1380000e+03   4.1218694e+03  -2.7214193e+03
   1.1390000e+03  -6.1097202e+03   3.2737346e+03
   1.1400000e+03   1.0845761e+04   4.5059644e+03
   1.1410000e+03   3.6861274e+04  -1.2132530e+03
   1.1420000e+03   3.3797960e+04  -3.3932314e+03
   1.1430000e+03   3.2731972e+03  -3.1890154e+03
   1.1440000e+03  -1.0060456e+04  -6.5494577e+03
   1.1450000e+03   5.2513766e+03  -1.1296681e+04
   1.1460000e+03   1.8934164e+04  -8.4018376e+03
   1.1470000e+03   1.6463050e+04   1.9229457e+03
   1.1480000e+03   6.9763897e+02   5.7337947e+03
   1.1490000e+03  -8.3974755e+03  -2.3757106e+03
   1.1500000e+03   1.0986174e+04  -1.0294409e+04
   1.1510000e+03   3.3805062e+04  -6.5665570e+02
   1.1520000e+03   2.5000471e+04   1.7365438e+04
   1.1530000e+03   7.1204602e+03   1.6466789e+04
   1.1540000e+03   1.6591105e+04   7.7914899e+03
   1.1550000e+03   3.2278838e+04   1.2528369e+04
   1.1560000e+03   2.4396204e+04   1.4157661e+04
   1.1570000e+03   1.1559966e+04   5.8537067e+03
   1.1580000e+03   1.0979610e+04   7.8980870e+03
   1.1590000e+03   1.3038837e+04   1.6556841e+04
   1.1600000e+03   6.6200167e+03   9.4753961e+03
   1.1610000e+03  -6.9813166e+03  -1.4915671e+03
   1.1620000e+03  -9.0302272e+03   6.9369314e+03
   1.1630000e+03   5.4067231e+03   1.8610424e+04
   1.1640000e+03   1.4658265e+04   1.1514562e+04
   1.1650000e+03   7.8395587e+03  -2.1852994e+03
   1.1660000e+03  -1.1640835e+03  -2.2118659e+03
   1.1670000e+03   2.9050616e+03   7.5502045e+03
   1.1680000e+03   1.2896700e+04   1.3659285e+04
   1.1690000e+03   1.2624550e+04   1.5283214e+04
   1.1700000e+03   3.4786141e+03   1.0969716e+04
   1.1710000e+03  -1.2096642e+03   3.1374577e+03
   1.1720000e+03   1.8959160e+03   6.6644448e+03
   1.1730000e+03   1.7830649e+03   2.0704575e+04
   1.1740000e+03  -3.4982499e+03   2.6325586e+04
   1.1750000e+03  -4.6249437e+03   1.5602973e+04
   1.1760000e+03  -4.5503270e+02   2.8740679e+03
   1.1770000e+03   6.8005749e+03   1.6729935e+03
   1.1780000e+03   9.0285544e+03   4.0142853e+03
   1.1790000e+03  -6.1413233e+03   2.1170843e+03
   1.1800000e+03  -2.5736219e+04   2.4431753e+03
   1.1810000e+03  -2.2765608e+04   4.5949387e+03
   1.1820000e+03  -2.8223725e+03  -4.4124756e+03
   1.1830000e+03   6.0297242e+03  -1.7530606e+04
   1.1840000e+03  -4.5456472e+03  -9.8148817e+03
   1.1850000e+03  -2.1670550e+04   6.7491848e+03
   1.1860000e+03  -2.6273779e+04   5.8382808e+03
   1.1870000e+03  -1.7326856e+04   6.7101610e+02
   1.1880000e+03  -1.2063868e+04   4.4757184e+03
   1.1890000e+03  -6.9426140e+03   4.4328934e+03
   1.1900000e+03   5.2772924e+02  -2.0833579e+03
   1.1910000e+03  -6.2497260e+03  -2.6846249e+03
   1.1920000e+03  -2.1384495e+04   1.3092832e+03
   1.1930000e+03  -2.5081310e+04   2.3398158e+03
   1.1940000e+03  -1.2094258e+04   5.9840095e+03
   1.1950000e+03   5.4271830e+02   4.2000124e+03
   1.1960000e+03  -5.5015299e+03  -1.4624861e+04
   1.1970000e+03  -1.2651098e+04  -2.7505987e+04
   1.1980000e+03  -5.8629206e+03  -1.8687485e+04
   1.1990000e+03  -4.9815871e+03  -8.7240480e+03
   1.2000000e+03  -2.0488056e+04  -1.0189569e+04
   1.2010000e+03  -3.1651280e+04  -1.2987923e+04
   1.2020000e+03  -1.9114749e+04  -1.2720104e+04
   1.2030000e+03   1.0799851e+03  -1.2639241e+04
   1.2040000e+03   3.5069050e+03  -9.9862052e+03
   1.2050000e+03  -1.0499742e+04  -7.9944762e+03
   1.2060000e+03  -1.9964294e+04  -1.1397791e+04
   1.2070000e+03  -5.1294155e+03  -9.6446412e+03
   1.2080000e+03   1.6489643e+04  -2.5421972e+02
   1.2090000e+03   1.1105299e+04   6.0262464e+02
   1.2100000e+03  -7.9997912e+03  -1.0748113e+04
   1.2110000e+03  -7.5274723e+03  -1.8551168e+04
   1.2120000e+03   9.1944141e+03  -1.5567499e+04
   1.2130000e+03   1.3080091e+04  -7.9951637e+03
   1.2140000e+03  -2.7729054e+03  -2.6833174e+03
   1.2150000e+03  -1.1934392e+04  -7.5548869e+03
   1.2160000e+03  -2.6047197e+03  -1.9671904e+04
   1.2170000e+03   6.4296160e+03  -2.2176597e+04
   1.2180000e+03   6.6672592e+03  -9.3976374e+03
   1.2190000e+03   6.2289525e+03   5.0759340e+03
   1.2200000e+03   2.4175636e+03   7.7099948e+03
   1.2210000e+03  -4.0247135e+03   1.1357259e+03
   1.2220000e+03   2.1297067e+03  -7.4987196e+03
   1.2230000e+03   1.5979350e+04  -1.0661769e+04
   1.2240000e+03   1.8475165e+04  -6.8487600e+01
   1.2250000e+03   9.5770980e+03   9.7334591e+03
   1.2260000e+03   3.6096357e+03   3.2895661e+03
   1.2270000e+03   1.0262331e+04  -5.2059882e+03
   1.2280000e+03   1.8082807e+04  -6.2341686e+02
   1.2290000e+03   1.1892351e+04   1.0079776e+04
   1.2300000e+03   4.0892588e+03   7.9190550e+03
   1.2310000e+03   1.2071085e+04  -5.3069224e+03
   1.2320000e+03   2.2911072e+04  -9.2965433e+03
   1.2330000e+03   1.8068796e+04  -2.6834493e+03
   1.2340000e+03   9.4901033e+03   9.5208496e+03
   1.2350000e+03   7.1501317e+03   2.1316312e+04
   1.2360000e+03   1.8085329e+03   1.7162319e+04
   1.2370000e+03   1.4163047e+03   2.4416354e+03
   1.2380000e+03   1.4646075e+04  -9.8456020e+02
   1.2390000e+03   2.4619908e+04   1.0349547e+04
   1.2400000e+03   1.3011955e+04   2.0264412e+04
   1.2410000e+03  -1.1534392e+04   1.7423917e+04
   1.2420000e+03  -1.3556925e+04   8.3206910e+03
   1.2430000e+03   1.6364503e+04   3.6211661e+03
   1.2440000e+03   3.4474690e+04   6.7722833e+03
   1.2450000e+03   9.3106147e+03   1.1639444e+04
   1.2460000e+03  -2.1585088e+04   1.0615235e+04
   1.2470000e+03  -8.2532156e+03   7.4075566e+03
   1.2480000e+03   2.4931963e+04   7.1557904e+03
   1.2490000e+03   2.4130298e+04   6.2974007e+03
   1.2500000e+03  -5.7478310e+03   6.6928436e+03
   1.2510000e+03  -2.0615726e+04   1.9234783e+04
   1.2520000e+03  -3.7432781e+03   3.1018493e+04
   1.2530000e+03   1.3658667e+04   1.4917721e+04
   1.2540000e+03   1.0659494e+04  -8.9446076e+03
   1.2550000e+03   4.8786095e+03  -3.1858167e+03
   1.2560000e+03  -1.2468937e+03   1.7975285e+04
   1.2570000e+03  -1.0036419e+04   2.3856553e+04
   1.2580000e+03  -5.2454880e+03   1.4150137e+04
   1.2590000e+03   7.0375369e+03  -1.5806161e+02
   1.2600000e+03   8.1613292e+03  -9.1143886e+03
   1.2610000e+03  -2.4510746e+03  -9.4492320e+02
   1.2620000e+03  -1.4522449e+04   1.3656829e+04
   1.2630000e+03  -1.5485519e+04   9.3906522e+03
   1.2640000e+03  -1.1036375e+04  -6.5935500e+03
   1.2650000e+03  -1.5640071e+04  -9.8384273e+03
   1.2660000e+03  -1.5310812e+04   8.0549682e+02
   1.2670000e+03  -2.0161451e+03   8.8130307e+03
   1.2680000e+03   1.8628829e+03   4.0372768e+03
   1.2690000e+03  -4.7099051e+03  -2.7039789e+03
   1.2700000e+03  -4.6671254e+03  -2.6564569e+03
   1.2710000e+03   3.4183930e+02  -6.7911991e+03
   1.2720000e+03  -7.5598154e+02  -1.4941932e+04
   1.2730000e+03  -1.2963308e+04  -1.1333992e+04
   1.2740000e+03  -2.1489644e+04  -2.0023230e+03
   1.2750000e+03  -1.4571631e+04  -7.7996498e+03
   1.2760000e+03  -1.1500734e+04  -1.9056263e+04
   1.2770000e+03  -2.1060857e+04  -1.5122692e+04
   1.2780000e+03  -2.0067238e+04  -9.0777951e+03
   1.2790000e+03  -2.0065855e+03  -1.4211820e+04
   1.2800000e+03   1.3283690e+03  -1.4122019e+04
   1.2810000e+03  -2.0563427e+04  -2.5162841e+02
   1.2820000e+03  -3.2357924e+04   6.5070820e+03
   1.2830000e+03  -2.0088845e+04  -7.1610793e+03
   1.2840000e+03  -2.0045675e+03  -1.9649948e+04
   1.2850000e+03   6.4329741e+03  -1.2921126e+04
   1.2860000e+03  -2.1315554e+03  -2.1376603e+03
   1.2870000e+03  -1.1867684e+04  -5.5992717e+03
   1.2880000e+03  -7.9170944e+03  -1.6057705e+04
   1.2890000e+03  -3.1234012e+03  -1.4600048e+04
   1.2900000e+03  -2.6766423e+03  -7.9491130e+03
   1.2910000e+03   1.7623112e+03  -1.7726948e+04
   1.2920000e+03   4.2501079e+03  -2.9730324e+04
   1.2930000e+03  -1.1243001e+03  -1.5708767e+04
   1.2940000e+03   2.5092734e+02   5.6278321e+03
   1.2950000e+03   6.5651577e+03  -4.3892340e+01
   1.2960000e+03  -4.1898059e+03  -1.8525435e+04
   1.2970000e+03  -1.9156016e+04  -1.7181790e+04
   1.2980000e+03  -1.4949700e+04   1.0492292e+03
   1.2990000e+03   6.2825855e+02   9.8238046e+03
   1.3000000e+03   1.2224324e+04   5.4483410e+02
   1.3010000e+03   9.6840773e+03  -8.0712537e+03
   1.3020000e+03  -2.0481265e+03  -8.7513603e+03
   1.3030000e+03  -4.2318549e+03  -6.8440369e+03
   1.3040000e+03   5.3956256e+03   7.7170237e+03
   1.3050000e+03   1.2717982e+04   2.4191297e+04
   1.3060000e+03   1.6045484e+04   1.2188385e+04
   1.3070000e+03   2.1818307e+04  -1.6000466e+04
   1.3080000e+03   1.6646829e+04  -1.9804071e+04
   1.3090000e+03  -8.5701753e+02   3.2170277e+03
   1.3100000e+03   7.8268317e+02   1.7565525e+04
   1.3110000e+03   2.0569765e+04   1.1532340e+04
   1.3120000e+03   2.0905480e+04   2.3968670e+03
   1.3130000e+03  -1.2696279e+03  -2.4465101e+02
   1.3140000e+03  -8.8512207e+03   7.3570154e+03
   1.3150000e+03   1.5458869e+04   1.4386445e+04
   1.3160000e+03   3.7183853e+04   4.8560837e+03
   1.3170000e+03   2.1636745e+04  -3.4838146e+03
   1.3180000e+03  -7.0371713e+03   1.3327624e+04
   1.3190000e+03  -5.2006421e+03   3.8300703e+04
   1.3200000e+03   1.9524891e+04   3.4140903e+04
   1.3210000e+03   3.3491745e+04   1.3696237e+03
   1.3220000e+03   3.1537852e+04  -1.7436453e+04
   1.3230000e+03   1.9665981e+04  -8.2030724e+02
   1.3240000e+03   5.4194157e+03   2.3809882e+04
   1.3250000e+03   4.0459619e+03   2.5483028e+04
   1.3260000e+03   1.4067012e+04   1.3389154e+04
   1.3270000e+03   2.0596543e+04   9.2364739e+03
   1.3280000e+03   1.4638178e+04   7.3270692e+03
   1.3290000e+03   1.0500308e+03   3.2621961e+03
   1.3300000e+03  -4.5572238e+03   6.5263709e+03
   1.3310000e+03   3.2936800e+01   7.5068342e+03
   1.3320000e+03   1.9798318e+03  -3.3512736e+03
   1.3330000e+03  -4.4089372e+03  -5.1892771e+03
   1.3340000e+03  -8.2346369e+03   1.2037213e+04
   1.3350000e+03   5.5748080e+01   2.1900673e+04
   1.3360000e+03   8.7152971e+03   7.7416039e+03
   1.3370000e+03   1.2866471e+03  -1.1152798e+04
   1.3380000e+03  -1.7298628e+04  -6.9297811e+03
   1.3390000e+03  -1.7448218e+04   1.4532597e+04
   1.3400000e+03   7.9939042e+03   1.8982859e+04
   1.3410000e+03   1.9434218e+04   1.9455844e+03
   1.3420000e+03   4.0552963e+03  -1.3038329e+04
   1.3430000e+03  -1.0222438e+04  -1.1105238e+04
   1.3440000e+03  -1.2191214e+04   5.6581960e+03
   1.3450000e+03  -5.2733811e+03   1.3787800e+04
   1.3460000e+03   1.8859398e+02   4.8734230e+03
   1.3470000e+03  -6.9884278e+03  -3.1144834e+03
   1.3480000e+03  -2.0574657e+04  -5.8690008e+03
   1.3490000e+03  -2.5406840e+04  -8.2296423e+03
   1.3500000e+03  -1.8453620e+04  -7.7765766e+03
   1.3510000e+03  -1.7296338e+04   8.7848471e+02
   1.3520000e+03  -2.4830707e+04   6.3389664e+03
   1.3530000e+03  -2.5406959e+04  -8.4214193e+03
   1.3540000e+03  -2.4228122e+04  -2.2718763e+04
   1.3550000e+03  -2.1230729e+04  -1.6849374e+04
   1.3560000e+03  -7.2652821e+03  -4.6097576e+03
   1.3570000e+03  -9.3209160e+02   1.7728709e+03
   1.3580000e+03  -1.3626819e+04  -5.3480629e+03
   1.3590000e+03  -2.3445600e+04  -1.7142766e+04
   1.3600000e+03  -1.3947340e+04  -1.1682314e+04
   1.3610000e+03  -2.0437024e+02  -1.0287068e+02
   1.3620000e+03  -4.1750892e+02  -4.2366508e+03
   1.3630000e+03  -7.6385852e+03  -1.0835713e+04
   1.3640000e+03  -1.4543912e+04  -5.1886285e+03
   1.3650000e+03  -1.9901844e+04  -1.9858844e+03
   1.3660000e+03  -1.3035724e+04  -7.5649264e+03
   1.3670000e+03   2.0075995e+03  -9.7336342e+03
   1.3680000e+03   3.1083613e+03  -7.1805489e+03
   1.3690000e+03  -1.4193022e+04  -8.6944774e+03
   1.3700000e+03  -2.6820827e+04  -1.6945582e+04
   1.3710000e+03  -1.5460344e+04  -1.7555399e+04
   1.3720000e+03   6.7961231e+03  -4.9693934e+03
   1.3730000e+03   1.3476854e+04  -3.2056041e+02
   1.3740000e+03  -1.5944734e+02  -1.0361635e+04
   1.3750000e+03  -1.0709351e+04  -1.7115575e+04
   1.3760000e+03   4.5986727e+02  -5.9378336e+03
   1.3770000e+03   1.2607462e+04   9.8772766e+03
   1.3780000e+03   5.2740011e+03   4.9094687e+03
   1.3790000e+03  -3.0826201e+01  -7.7682600e+03
   1.3800000e+03   1.1345358e+04  -6.5895222e+03
   1.3810000e+03   1.7308410e+04   5.7657274e+02
   1.3820000e+03   9.1443710e+03   7.0413235e+03
   1.3830000e+03   9.1090349e+03   1.0074037e+04
   1.3840000e+03   1.7649472e+04   3.9254165e+03
   1.3850000e+03   1.3479135e+04  -9.1826683e+03
   1.3860000e+03   6.9929819e+03  -1.3548854e+04
   1.3870000e+03   1.2287246e+04   1.2077262e+03
   1.3880000e+03   1.5249935e+04   1.3960376e+04
   1.3890000e+03   9.7191008e+03   4.9066575e+03
   1.3900000e+03   2.0677475e+03  -1.1663207e+04
   1.3910000e+03   4.7635832e+03  -1.2692311e+04
   1.3920000e+03   2.3210533e+04   7.6123510e+02
   1.3930000e+03   2.9964419e+04   8.3457733e+03
   1.3940000e+03   1.4134304e+04   5.1310801e+03
   1.3950000e+03   7.5898904e+03   5.6735275e+02
   1.3960000e+03   1.8224434e+04   1.4479929e+03
   1.3970000e+03   2.3125572e+04   9.1241358e+03
   1.3980000e+03   2.1837809e+04   1.4749429e+04
   1.3990000e+03   2.3108061e+04   1.5177898e+04
   1.4000000e+03   1.8520878e+04   1.2962656e+04
   1.4010000e+03   1.0398852e+04   8.1082970e+03
   1.4020000e+03   7.8528667e+03   5.7931647e+03
   1.4030000e+03   5.8352806e+03   4.8599070e+03
   1.4040000e+03   6.7364458e+03   3.4692237e+03
   1.4050000e+03   1.0297111e+04   6.2667337e+03
   1.4060000e+03   2.3988796e+03   8.8155154e+03
   1.4070000e+03  -1.0191311e+04   5.1664002e+03
   1.4080000e+03  -7.3518633e+03  -9.6682687e+02
   1.4090000e+03   5.8263784e+03  -3.6464635e+03
   1.4100000e+03   9.0948027e+03  -1.4968837e+03
   1.4110000e+03   2.3974080e+03   5.6332647e+03
   1.4120000e+03  -6.5475496e+02   1.3175448e+04
   1.4130000e+03   2.4992955e+03   1.3803076e+04
   1.4140000e+03   5.8514263e+03   1.2148299e+04
   1.4150000e+03  -1.0095631e+02   1.0715814e+04
   1.4160000e+03  -1.0688015e+04   7.1934326e+03
   1.4170000e+03  -7.4058143e+03   6.8099395e+03
   1.4180000e+03   1.4621901e+02   9.0549116e+03
   1.4190000e+03  -7.8378650e+03   1.1935769e+04
   1.4200000e+03  -1.7634415e+04   1.3128151e+04
   1.4210000e+03  -1.4000681e+04   7.2892359e+03
   1.4220000e+03  -1.0567584e+04  -4.5043889e+02
   1.4230000e+03  -1.4046971e+04  -3.5283074e+03
   1.4240000e+03  -8.5269688e+03   4.0803610e+03
   1.4250000e+03   2.8584767e+02   1.9822663e+04
   1.4260000e+03  -1.1871921e+04   1.7377308e+04
   1.4270000e+03  -3.3621373e+04  -8.4958183e+03
   1.4280000e+03  -2.9509149e+04  -1.9434985e+04
   1.4290000e+03   4.2823074e+02  -8.0602938e+02
   1.4300000e+03   1.4031512e+04   1.3656877e+04
   1.4310000e+03  -8.9537470e+03   7.3566572e+03
   1.4320000e+03  -3.4807968e+04  -5.1953243e+03
   1.4330000e+03  -2.9169173e+04  -1.3321547e+04
   1.4340000e+03  -2.1826791e+03  -9.7010913e+03
   1.4350000e+03   1.0432282e+04  -1.9520276e+03
   1.4360000e+03  -3.4102461e+03  -5.5163594e+03
   1.4370000e+03  -2.1949543e+04  -1.2408252e+04
   1.4380000e+03  -2.4435801e+04  -1.0176428e+04
   1.4390000e+03  -1.1471055e+04  -9.0008100e+02
   1.4400000e+03  -4.9993740e+03   2.4985304e+03
   1.4410000e+03  -1.3214340e+04  -7.5899162e+03
   1.4420000e+03  -1.3576645e+04  -1.4263312e+04
   1.4430000e+03  -2.7916648e+03  -2.5238754e+03
   1.4440000e+03   2.9740704e+03   1.0537910e+04
   1.4450000e+03   3.4691768e+03   7.5680322e+02
   1.4460000e+03   5.4630994e+02  -1.7117826e+04
   1.4470000e+03  -6.3020499e+03  -1.3458597e+04
   1.4480000e+03  -7.6627879e+03  -3.0563059e+03
   1.4490000e+03   2.2275503e+03  -1.1487584e+04
   1.4500000e+03   6.3627847e+03  -2.6847409e+04
   1.4510000e+03  -7.5921223e+03  -2.8812205e+04
   1.4520000e+03  -1.4719827e+04  -1.9957630e+04
   1.4530000e+03   1.5386201e+03  -1.2738673e+04
   1.4540000e+03   1.1761957e+04  -7.0156624e+03
   1.4550000e+03  -4.7220178e+03  -4.8468535e+03
   1.4560000e+03  -1.8303740e+04  -1.3531009e+04
   1.4570000e+03  -3.9416882e+03  -1.8897685e+04
   1.4580000e+03   1.5736009e+04  -5.9733020e+03
   1.4590000e+03   1.7212400e+04   8.7452257e+03
   1.4600000e+03   6.9867768e+03   3.6796585e+03
   1.4610000e+03   1.8335345e+03  -8.8052969e+03
   1.4620000e+03   1.0134195e+04  -8.7320768e+03
   1.4630000e+03   2.1499957e+04  -3.9540463e+03
   1.4640000e+03   2.0414943e+04  -3.7138462e+03
   1.4650000e+03   7.1392287e+03  -7.8088470e+03
   1.4660000e+03   1.9608844e+03  -1.2380141e+04
   1.4670000e+03   1.5182548e+04  -8.6585360e+03
   1.4680000e+03   2.0881593e+04  -1.2067311e+03
   1.4690000e+03   6.7947003e+03   2.0864058e+03
   1.4700000e+03  -1.9862250e+03   9.4952930e+02
   1.4710000e+03   6.2286692e+03  -2.2356635e+03
   1.4720000e+03   1.6885022e+04   1.8990456e+03
   1.4730000e+03   1.5120343e+04   1.3427092e+04
   1.4740000e+03   3.6603597e+03   2.0701263e+04
   1.4750000e+03  -1.8113389e+03   1.4587361e+04
   1.4760000e+03   5.3884741e+03  -2.6697722e+02
   1.4770000e+03   1.4265302e+04  -4.9274039e+03
   1.4780000e+03   1.4704291e+04   4.2366811e+03
   1.4790000e+03   1.2904197e+04   1.7345911e+04
   1.4800000e+03   9.0123022e+03   2.4116129e+04
   1.4810000e+03   1.8751083e+03   1.2681304e+04
   1.4820000e+03   4.4780797e+03  -2.4480402e+03
   1.4830000e+03   1.1742943e+04   3.4166006e+03
   1.4840000e+03   1.4493885e+04   1.7226556e+04
   1.4850000e+03   1.5309793e+04   1.0667322e+04
   1.4860000e+03   5.4312726e+03  -4.7018884e+03
   1.4870000e+03  -7.9854488e+03   7.6848683e+03
   1.4880000e+03  -7.7618533e+03   3.4405351e+04
   1.4890000e+03  -2.8155964e+03   2.8515277e+04
   1.4900000e+03  -1.2984378e+03  -2.9636339e+03
   1.4910000e+03   1.5114832e+03  -1.4918164e+04
   1.4920000e+03   5.4104481e+03   3.7463856e+03
   1.4930000e+03   5.9762147e+03   2.4584761e+04
   1.4940000e+03  -1.3245625e+03   2.4433063e+04
   1.4950000e+03  -1.0915921e+04   1.2556091e+04
   1.4960000e+03  -4.6045301e+03   8.8241435e+03
   1.4970000e+03   1.5255746e+04   1.6617036e+04
   1.4980000e+03   2.1491834e+04   2.2074303e+04
   1.4990000e+03   9.2537281e+03   1.1136583e+04
   1.5000000e+03  -6.1582670e+03  -2.5972477e+03
   1.5010000e+03  -1.4927872e+04   4.3396486e+03
   1.5020000e+03  -7.5573639e+03   1.7135924e+04
   1.5030000e+03   6.6435548e+03   1.5527785e+04
   1.5040000e+03   5.5190435e+03   1.1911149e+04
   1.5050000e+03  -5.6883288e+03   4.8385262e+03
   1.5060000e+03  -8.2312297e+03  -1.7253447e+04
   1.5070000e+03  -6.2930498e+03  -3.0076836e+04
   1.5080000e+03  -1.6260442e+04  -1.4274444e+04
   1.5090000e+03  -2.9450824e+04   4.4559596e+03
   1.5100000e+03  -2.3134918e+04   1.5154488e+03
   1.5110000e+03  -3.7875919e+03  -9.8963817e+03
   1.5120000e+03   1.0272134e+03  -9.8919901e+03
   1.5130000e+03  -1.5465535e+04  -1.1019983e+03
   1.5140000e+03  -2.7954154e+04   5.1168580e+01
   1.5150000e+03  -1.8750878e+04  -1.0104258e+04
   1.5160000e+03  -4.4902793e+03  -1.2285720e+04
   1.5170000e+03  -1.8576964e+03  -2.8649379e+03
   1.5180000e+03  -9.1070912e+03   1.8221770e+03
   1.5190000e+03  -1.8309050e+04   7.5361221e+02
   1.5200000e+03  -1.5074188e+04  -5.5224394e+03
   1.5210000e+03   1.6687054e+03  -1.5650840e+04
   1.5220000e+03   5.1083476e+03  -2.2471240e+04
   1.5230000e+03  -1.3744577e+04  -2.6304999e+04
   1.5240000e+03  -2.5064176e+04  -1.9179906e+04
   1.5250000e+03  -1.3542152e+04  -4.7465097e+03
   1.5260000e+03   3.9303192e+03  -6.6458340e+03
   1.5270000e+03   1.0781788e+04  -2.1954080e+04
   1.5280000e+03   2.1068108e+03  -2.7070035e+04
   1.5290000e+03  -1.3710271e+04  -1.6971112e+04
   1.5300000e+03  -2.0774538e+04  -9.7184968e+03
   1.5310000e+03  -1.3226285e+04  -1.2464114e+04
   1.5320000e+03  -2.7939662e+03  -8.4413797e+03
   1.5330000e+03  -1.7787654e+03   4.1361773e+03
   1.5340000e+03  -5.4497506e+03   5.6383410e+03
   1.5350000e+03  -8.3163784e+03  -9.6172467e+03
   1.5360000e+03  -8.2028457e+03  -1.8729299e+04
   1.5370000e+03  -8.1562900e+02  -4.7827665e+03
   1.5380000e+03   6.5207361e+03   1.0904565e+04
   1.5390000e+03   4.8427507e+03   6.5214399e+03
   1.5400000e+03  -1.8256864e+03  -8.0446547e+03
   1.5410000e+03   5.5589990e+02  -1.3121734e+04
   1.5420000e+03   1.0853279e+04  -5.3488060e+03
   1.5430000e+03   5.9024536e+03   2.9575684e+03
   1.5440000e+03  -5.7576325e+03   2.8532995e+03
   1.5450000e+03   1.9834666e+03  -6.4848924e+03
   1.5460000e+03   1.5558648e+04  -1.2422898e+04
   1.5470000e+03   1.9448649e+04  -3.5617190e+03
   1.5480000e+03   2.4184243e+04   8.4856555e+03
   1.5490000e+03   2.8363798e+04   1.1692180e+04
   1.5500000e+03   1.4860761e+04  -9.9046961e+02
   1.5510000e+03  -4.0640564e+03  -1.7509668e+04
   1.5520000e+03   3.5480283e+03  -4.7614257e+03
   1.5530000e+03   2.6814051e+04   2.1798539e+04
   1.5540000e+03   2.8945933e+04   1.8585086e+04
   1.5550000e+03   5.0485695e+03  -3.6584401e+03
   1.5560000e+03  -1.1875587e+04  -2.5047255e+03
   1.5570000e+03   3.3226559e+03   2.4322872e+04
   1.5580000e+03   2.4163054e+04   3.3027310e+04
   1.5590000e+03   2.1302086e+04   1.3202664e+04
   1.5600000e+03   7.3882251e+03   4.7860878e+03
   1.5610000e+03   2.5851450e+03   1.4863503e+04
   1.5620000e+03   1.4435585e+04   1.3887428e+04
   1.5630000e+03   3.2393960e+04   3.4811996e+03
   1.5640000e+03   3.4736507e+04   6.4308706e+03
   1.5650000e+03   1.2870489e+04   1.1412355e+04
   1.5660000e+03  -1.2747319e+04   2.4075056e+03
   1.5670000e+03  -8.2669753e+03  -1.8102959e+03
   1.5680000e+03   1.6392649e+04   8.6847976e+03
   1.5690000e+03   2.0807387e+04   1.9091724e+04
   1.5700000e+03   3.5842534e+03   1.3409042e+04
   1.5710000e+03  -7.1891778e+03  -4.6843918e+03
   1.5720000e+03   4.2915560e+02  -4.0241221e+03
   1.5730000e+03   1.0651711e+04   2.1702294e+04
   1.5740000e+03   4.4727787e+03   3.5555715e+04
   1.5750000e+03  -1.3083093e+04   1.4788929e+04
   1.5760000e+03  -1.8534922e+04  -1.5240992e+04
   1.5770000e+03   2.6957372e+02  -1.2731472e+04
   1.5780000e+03   2.0346198e+04   1.8924636e+04
   1.5790000e+03   1.6350467e+04   3.9495776e+04
   1.5800000e+03  -4.0936603e+03   2.7065510e+04
   1.5810000e+03  -2.1908980e+04  -6.1656507e+03
   1.5820000e+03  -2.2712347e+04  -2.5859654e+04
   1.5830000e+03  -6.6776773e+03  -1.5130705e+04
   1.5840000e+03   4.1045583e+03   8.0884396e+03
   1.5850000e+03  -5.8660034e+03   1.7946030e+04
   1.5860000e+03  -2.0735529e+04   5.0244669e+02
   1.5870000e+03  -1.6854857e+04  -2.6537351e+04
   1.5880000e+03  -1.6578060e+03  -2.6682553e+04
   1.5890000e+03  -1.8303284e+03  -4.4723791e+02
   1.5900000e+03  -2.1511050e+04   1.0812601e+04
   1.5910000e+03  -3.0590710e+04  -6.0216386e+03
   1.5920000e+03  -8.2997912e+03  -1.3660018e+04
   1.5930000e+03   1.0603368e+04   3.3744274e+03
   1.5940000e+03  -6.3316015e+03   1.3634088e+04
   1.5950000e+03  -2.9860270e+04   5.1819602e+02
   1.5960000e+03  -2.9725536e+04  -1.5135450e+04
   1.5970000e+03  -1.5497847e+04  -1.4840895e+04
   1.5980000e+03  -2.8066693e+03  -6.5496659e+03
   1.5990000e+03  -2.3488713e+03  -2.8372729e+03
   1.6000000e+03  -2.0065343e+04  -2.8674066e+03
   1.6010000e+03  -3.5545980e+04  -4.7381320e+03
   1.6020000e+03  -2.2260027e+04  -1.3854256e+04
   1.6030000e+03   4.3164777e+03  -2.5906534e+04
   1.6040000e+03   8.3822735e+03  -1.9514844e+04
   1.6050000e+03  -1.6133269e+04   1.6917539e+03
   1.6060000e+03  -3.7373449e+04   3.5236025e+03
   1.6070000e+03  -1.8826546e+04  -1.5700543e+04
   1.6080000e+03   2.3489907e+04  -2.2174092e+04
   1.6090000e+03   3.0196124e+04  -4.2851113e+03
   1.6100000e+03  -1.3065666e+04   8.9896054e+03
   1.6110000e+03  -4.2905653e+04  -4.8109278e+03
   1.6120000e+03  -1.3145606e+04  -2.1381347e+04
   1.6130000e+03   2.7001222e+04  -1.3922557e+04
   1.6140000e+03   1.7172449e+04   4.1952853e+03
   1.6150000e+03  -2.3938310e+04   4.9272054e+03
   1.6160000e+03  -3.8244060e+04  -1.3641635e+04
   1.6170000e+03  -5.4750584e+03  -2.1945617e+04
   1.6180000e+03   2.8704338e+04  -1.1866318e+04
   1.6190000e+03   2.0150462e+04  -6.4771253e+03
   1.6200000e+03  -6.9972326e+03  -6.5955862e+03
   1.6210000e+03  -1.0363694e+04  -1.7831235e+03
   1.6220000e+03   8.2971639e+03   2.4341331e+03
   1.6230000e+03   2.4184879e+04   2.8126989e+03
   1.6240000e+03   3.0534560e+04   2.7748956e+03
   1.6250000e+03   2.5589281e+04   3.3938808e+03
   1.6260000e+03   5.3053553e+03  -5.6090008e+02
   1.6270000e+03  -5.6612612e+03  -7.7717075e+03
   1.6280000e+03   1.4350480e+04  -3.8554144e+03
   1.6290000e+03   3.7666908e+04   7.8955504e+03
   1.6300000e+03   2.9900062e+04   7.2694074e+03
   1.6310000e+03   1.7851677e+03  -6.5248811e+03
   1.6320000e+03  -9.5459208e+03  -1.3755715e+04
   1.6330000e+03   9.3778520e+03   1.1379000e+01
   1.6340000e+03   3.0774459e+04   1.7747529e+04
   1.6350000e+03   2.1521157e+04   1.4369320e+04
   1.6360000e+03  -2.2944159e+03   3.3576857e+03
   1.6370000e+03   1.9265270e+03   9.4930230e+02
   1.6380000e+03   2.7652618e+04   9.9230930e+02
   1.6390000e+03   3.5874080e+04   1.0053743e+04
   1.6400000e+03   1.8348776e+04   2.3437605e+04
   1.6410000e+03   1.4436619e+03   1.6743602e+04
   1.6420000e+03   7.4375529e+03  -1.9124755e+03
   1.6430000e+03   2.3747753e+04  -4.2949285e+03
   1.6440000e+03   2.4469923e+04   1.0247287e+04
   1.6450000e+03   3.8191862e+03   1.8160688e+04
   1.6460000e+03  -1.2991726e+04   7.1515679e+03
   1.6470000e+03   3.2902344e+02  -5.4209483e+03
   1.6480000e+03   1.8778316e+04   2.0680979e+03
   1.6490000e+03   1.0695762e+04   1.9582760e+04
   1.6500000e+03  -5.8054734e+03   2.0503353e+04
   1.6510000e+03  -8.8981861e+03   8.0106779e+03
   1.6520000e+03  -3.7582740e+03   1.9253007e+03
   1.6530000e+03  -7.8661164e+02   2.5383284e+03
   1.6540000e+03   2.4906866e+03   8.5536655e+03
   1.6550000e+03   8.5410700e+03   1.9476425e+04
   1.6560000e+03   7.0763274e+03   1.9254866e+04
   1.6570000e+03  -5.8568678e+03   2.7147919e+03
   1.6580000e+03  -2.0907881e+04  -7.6411752e+03
   1.6590000e+03  -1.9068333e+04   6.2586627e+03
   1.6600000e+03   1.6802253e+02   2.5095912e+04
   1.6610000e+03   5.6554002e+03   1.9002590e+04
   1.6620000e+03  -7.6633655e+03  -4.7706650e+02
   1.6630000e+03  -1.9357204e+04  -1.8262767e+03
   1.6640000e+03  -2.4309256e+04   9.1499521e+03
   1.6650000e+03  -1.8531159e+04   8.6368350e+03
   1.6660000e+03  -7.6657242e+03   1.7070498e+03
   1.6670000e+03  -9.8710343e+03  -2.2730901e+03
   1.6680000e+03  -1.9433710e+04  -8.9494481e+03
   1.6690000e+03  -1.6302628e+04  -9.7512904e+03
   1.6700000e+03  -6.9341871e+03   2.8786462e+03
   1.6710000e+03  -1.0513284e+04   9.4718067e+03
   1.6720000e+03  -1.9324256e+04  -2.8593011e+03
   1.6730000e+03  -1.6625575e+04  -1.4043359e+04
   1.6740000e+03  -4.1506645e+03  -7.0358723e+03
   1.6750000e+03   5.7604937e+03   3.4033361e+03
   1.6760000e+03  -8.1465945e+02   5.1278081e+03
   1.6770000e+03  -1.8948325e+04   7.1618366e+02
   1.6780000e+03  -2.0439414e+04  -1.0415822e+04
   1.6790000e+03  -5.9933627e+02  -1.6516342e+04
   1.6800000e+03   5.2191458e+03  -8.2194466e+03
   1.6810000e+03  -1.3983847e+04  -3.3738678e+03
   1.6820000e+03  -2.4364075e+04  -1.0495066e+04
   1.6830000e+03  -1.5812200e+04  -1.1067101e+04
   1.6840000e+03  -9.8933518e+03  -3.1109920e+03
   1.6850000e+03  -1.4160673e+04  -9.1852523e+03
   1.6860000e+03  -1.8941004e+04  -2.4618334e+04
   1.6870000e+03  -1.3307134e+04  -2.4275515e+04
   1.6880000e+03  -4.0675530e+03  -1.3001782e+04
   1.6890000e+03  -2.2783784e+03  -1.0420052e+04
   1.6900000e+03  -1.5295821e+03  -1.6758432e+04
   1.6910000e+03  -2.7211065e+02  -1.6206348e+04
   1.6920000e+03   9.9151900e+02  -7.2903761e+03
   1.6930000e+03   8.2162498e+03  -9.0692770e+03
   1.6940000e+03   1.0469277e+04  -1.9097530e+04
   1.6950000e+03   7.3146328e+02  -1.4423382e+04
   1.6960000e+03  -2.3416975e+03   2.1451902e+03
   1.6970000e+03   4.8341036e+03   1.8715845e+03
   1.6980000e+03   6.1463850e+03  -1.6972822e+04
   1.6990000e+03   6.0721055e+03  -1.8233804e+04
   1.7000000e+03   1.1322723e+04   2.0042926e+03
   1.7010000e+03   1.0631754e+04   9.5992669e+03
   1.7020000e+03   2.0092831e+03  -3.1228718e+03
   1.7030000e+03  -1.9791142e+03  -1.6149248e+04
   1.7040000e+03   1.2457439e+04  -1.4818177e+04
   1.7050000e+03   3.3409239e+04  -6.1002025e+03
   1.7060000e+03   2.3498335e+04   2.9537380e+01
   1.7070000e+03  -8.4832902e+03   6.4572490e+03
   1.7080000e+03  -1.0402648e+04   5.2257247e+03
   1.7090000e+03   1.4593889e+04  -8.8466246e+03
   1.7100000e+03   2.0974590e+04  -1.4338591e+04
   1.7110000e+03   1.1185384e+04   6.9317881e+03
   1.7120000e+03   6.5897686e+03   2.9984417e+04
   1.7130000e+03   5.4165042e+03   1.5045245e+04
   1.7140000e+03   1.9437909e+04  -1.0646779e+04
   1.7150000e+03   3.6885917e+04   1.8885815e+03
   1.7160000e+03   1.5827300e+04   2.4578958e+04
   1.7170000e+03  -1.7489380e+04   1.8666131e+04
   1.7180000e+03  -6.5047279e+03   4.0978429e+03
   1.7190000e+03   2.6373803e+04   2.1527245e+03
   1.7200000e+03   2.5851799e+04   4.4822488e+03
   1.7210000e+03   1.4778822e+03   1.0878480e+04
   1.7220000e+03  -3.9674067e+03   2.3304967e+04
   1.7230000e+03   7.4339147e+03   1.6013025e+04
   1.7240000e+03   1.6201212e+04  -9.9815631e+03
   1.7250000e+03   1.7372383e+04  -9.6545057e+03
   1.7260000e+03   8.7122038e+03   2.1680039e+04
   1.7270000e+03   2.2908149e+03   4.2816164e+04
   1.7280000e+03   4.0752617e+03   2.8392734e+04
   1.7290000e+03   6.1968771e+03  -4.4325869e+03
   1.7300000e+03   1.0092061e+04  -1.0340427e+04
   1.7310000e+03   9.5509548e+03   1.5918750e+04
   1.7320000e+03  -4.7302022e+03   2.8581039e+04
   1.7330000e+03  -1.7862674e+04   1.3203162e+04
   1.7340000e+03  -9.2054588e+03  -7.7488761e+02
   1.7350000e+03   9.3909821e+03   4.5921698e+03
   1.7360000e+03   1.0613342e+04   1.6604457e+04
   1.7370000e+03  -3.2738664e+03   1.3169647e+04
   1.7380000e+03  -1.1471663e+04  -9.2808360e+02
   1.7390000e+03  -2.2898952e+03  -7.3422158e+03
   1.7400000e+03   8.6597352e+03  -6.0235007e+03
   1.7410000e+03  -8.8629080e+02   5.8368201e+03
   1.7420000e+03  -1.1030945e+04   2.2286188e+04
   1.7430000e+03  -4.1174163e+03   1.6036846e+04
   1.7440000e+03   3.4080149e+03  -8.3586475e+03
   1.7450000e+03   2.7835966e+03  -1.5946231e+04
   1.7460000e+03  -1.3041519e+04   5.9214246e+03
   1.7470000e+03  -3.5525550e+04   2.9414253e+04
   1.7480000e+03  -2.9169319e+04   1.8298218e+04
   1.7490000e+03   1.6068498e+03  -1.3745740e+04
   1.7500000e+03   9.0086802e+03  -2.2842616e+04
   1.7510000e+03  -1.4382826e+04  -4.2780811e+03
   1.7520000e+03  -2.5433134e+04   1.1502466e+04
   1.7530000e+03  -1.3207320e+04   6.2457420e+03
   1.7540000e+03  -9.1231613e+03  -1.3026533e+04
   1.7550000e+03  -1.7745684e+04  -2.8187175e+04
   1.7560000e+03  -1.8048780e+04  -1.9054180e+04
   1.7570000e+03  -9.3105856e+03   5.9042449e+03
   1.7580000e+03  -8.3308198e+03   7.8821249e+03
   1.7590000e+03  -1.7289580e+04  -1.4314002e+04
   1.7600000e+03  -2.2776123e+04  -2.7241980e+04
   1.7610000e+03  -1.6874710e+04  -2.1046113e+04
   1.7620000e+03  -3.0827744e+03  -6.2548340e+03
   1.7630000e+03   6.4614480e+02   1.4498448e+03
   1.7640000e+03  -1.2316341e+04  -8.8797756e+03
   1.7650000e+03  -1.8681182e+04  -2.3558497e+04
   1.7660000e+03  -7.5565273e+03  -1.7030866e+04
   1.7670000e+03   5.5379080e+03  -1.2804161e+03
   1.7680000e+03   4.1411193e+03  -1.2508709e+04
   1.7690000e+03  -1.0312652e+04  -3.3513325e+04
   1.7700000e+03  -1.4074853e+04  -2.4203760e+04
   1.7710000e+03  -9.5914448e+02   8.3974051e+02
   1.7720000e+03   5.1520380e+03   5.7668702e+03
   1.7730000e+03  -1.5384886e+03  -1.2845160e+04
   1.7740000e+03  -6.0340826e+03  -2.7312410e+04
   1.7750000e+03  -6.3591040e+03  -1.6610333e+04
   1.7760000e+03  -4.3866251e+03   4.4526866e+03
   1.7770000e+03   2.4634554e+03   6.3964779e+03
   1.7780000e+03   5.6328257e+03  -1.4168994e+04
   1.7790000e+03   1.3224341e+03  -2.3831411e+04
   1.7800000e+03  -1.5743756e+03  -3.7137699e+03
   1.7810000e+03  -2.2686475e+03   1.7935200e+04
   1.7820000e+03  -9.4698799e+02   1.2271484e+04
   1.7830000e+03   6.8735733e+03  -1.1629150e+04
   1.7840000e+03   1.6034092e+04  -1.9096202e+04
   1.7850000e+03   1.5468331e+04  -4.0486595e+03
   1.7860000e+03   8.2918422e+03   4.6599476e+02
   1.7870000e+03   9.2132108e+03  -7.4233962e+03
   1.7880000e+03   1.7329627e+04   8.2801591e+02
   1.7890000e+03   2.2644046e+04   1.8404278e+04
   1.7900000e+03   2.0858817e+04   1.3422581e+04
   1.7910000e+03   1.1239268e+04  -8.9950965e+03
   1.7920000e+03   7.2180117e+03  -1.0567103e+04
   1.7930000e+03   1.2822168e+04   1.1280428e+04
   1.7940000e+03   1.2548807e+04   2.5507793e+04
   1.7950000e+03   1.1521994e+04   2.0410045e+04
   1.7960000e+03   1.9231642e+04   7.5236241e+03
   1.7970000e+03   2.2012779e+04   6.7392745e+03
   1.7980000e+03   1.2510756e+04   1.6858968e+04
   1.7990000e+03   2.2794433e+03   1.4933933e+04
   1.8000000e+03   3.4976575e+03   6.5733353e+03
   1.8010000e+03   1.4328243e+04   1.2032069e+04
   1.8020000e+03   2.2202615e+04   1.8013785e+04
   1.8030000e+03   2.1823895e+04   7.8584500e+03
   1.8040000e+03   1.4842767e+04   1.2639474e+03
   1.8050000e+03   2.1176412e+03   1.2629904e+04
   1.8060000e+03  -4.1187401e+03   1.9304245e+04
   1.8070000e+03   8.6978830e+03   1.1852563e+04
   1.8080000e+03   2.5848697e+04   6.9568376e+03
   1.8090000e+03   2.2921849e+04   5.7165811e+03
   1.8100000e+03   2.1698613e+02   4.4580242e+03
   1.8110000e+03  -1.2133182e+04   1.0777199e+04
   1.8120000e+03   3.7860961e+03   2.1252302e+04
   1.8130000e+03   1.7371884e+04   2.1703028e+04
   1.8140000e+03   6.0901458e+03   6.5052717e+03
   1.8150000e+03  -7.9270913e+03  -1.1392745e+04
   1.8160000e+03  -1.1195072e+04  -9.4249772e+03
   1.8170000e+03  -8.9507597e+03   1.1824108e+04
   1.8180000e+03  -3.6737165e+03   2.5003233e+04
   1.8190000e+03  -1.8615057e+03   1.5268662e+04
   1.8200000e+03  -4.0825714e+03  -5.3791382e+03
   1.8210000e+03  -2.2823854e+03  -1.7157809e+04
   1.8220000e+03  -1.7810372e+03  -9.1851753e+03
   1.8230000e+03  -1.0595719e+04   1.1033672e+04
   1.8240000e+03  -1.7691534e+04   1.7419250e+04
   1.8250000e+03  -1.3491648e+04  -4.6516992e+03
   1.8260000e+03  -3.5076837e+03  -2.2199843e+04
   1.8270000e+03  -1.0721234e+02  -3.3584117e+03
   1.8280000e+03  -1.5603584e+04   1.6812196e+04
   1.8290000e+03  -3.5944534e+04   2.0636645e+03
   1.8300000e+03  -3.3688046e+04  -1.8433597e+04
   1.8310000e+03  -1.6235614e+04  -1.2917416e+04
   1.8320000e+03  -9.2718888e+03   3.7872172e+03
   1.8330000e+03  -1.5436541e+04   7.4868984e+03
   1.8340000e+03  -1.8839473e+04  -2.7528372e+03
   1.8350000e+03  -1.4291207e+04  -1.3560889e+04
   1.8360000e+03  -1.0656311e+04  -1.3423843e+04
   1.8370000e+03  -1.0146720e+04  -3.8197043e+03
   1.8380000e+03  -9.7092295e+03  -1.1071031e+03
   1.8390000e+03  -1.0038217e+04  -1.1009735e+04
   1.8400000e+03  -1.4047595e+04  -1.7635913e+04
   1.8410000e+03  -1.8187744e+04  -1.2149002e+04
   1.8420000e+03  -1.4212999e+04  -1.9885239e+03
   1.8430000e+03  -1.0816890e+04   4.8404500e+02
   1.8440000e+03  -1.9007229e+04  -1.1136229e+04
   1.8450000e+03  -2.6496699e+04  -2.0391666e+04
   1.8460000e+03  -1.6311842e+04  -1.3256750e+04
   1.8470000e+03   5.4234408e+03  -6.8814640e+03
   1.8480000e+03   1.1699695e+04  -1.0234398e+04
   1.8490000e+03  -2.1309586e+03  -1.0748085e+04
   1.8500000e+03  -1.1875647e+04  -6.5443004e+03
   1.8510000e+03  -8.0595793e+03  -4.3403144e+03
   1.8520000e+03   2.6203648e+03  -8.0335476e+03
   1.8530000e+03   1.0127570e+04  -1.3992759e+04
   1.8540000e+03   7.7619445e+03  -1.5912877e+04
   1.8550000e+03   3.4267974e+03  -1.2581197e+04
   1.8560000e+03   4.3972126e+03  -1.7182797e+03
   1.8570000e+03   8.0252915e+03   5.3943900e+03
   1.8580000e+03   8.0567567e+03  -2.0151874e+03
   1.8590000e+03  -1.9837110e+01  -8.6360832e+03
   1.8600000e+03  -6.7973174e+03  -9.1009110e+03
   1.8610000e+03   4.3252228e+03  -7.3690699e+03
   1.8620000e+03   2.5574017e+04  -2.9924830e+02
   1.8630000e+03   2.7495094e+04   2.8119134e+03
   1.8640000e+03   7.5931703e+03   1.8746551e+03
   1.8650000e+03  -5.6686023e+03   4.6324945e+03
   1.8660000e+03   3.1737907e+03   2.0513128e+03
   1.8670000e+03   1.8934866e+04  -5.3683640e+03
   1.8680000e+03   1.9892879e+04  -5.7415276e+03
   1.8690000e+03   1.8610400e+04  -1.5918959e+03
   1.8700000e+03   2.8468451e+04  -8.3376248e+02
   1.8710000e+03   2.1748981e+04  -8.1050909e+02
   1.8720000e+03  -2.4144210e+02   1.0379638e+03
   1.8730000e+03  -1.2294342e+03   1.6739993e+03
   1.8740000e+03   1.2336363e+04   6.6205876e+03
   1.8750000e+03   1.7913680e+04   1.5271946e+04
   1.8760000e+03   2.0339645e+04   9.5376436e+03
   1.8770000e+03   2.1432314e+04  -6.3534888e+03
   1.8780000e+03   1.2709480e+04  -1.8877304e+03
   1.8790000e+03   4.1424283e+03   2.0429370e+04
   1.8800000e+03   1.0578196e+04   2.5872288e+04
   1.8810000e+03   1.9472890e+04   1.2091604e+04
   1.8820000e+03   1.5583431e+04   4.3205222e+03
   1.8830000e+03   8.0275603e+03   7.9832395e+03
   1.8840000e+03   7.9018281e+03   8.4245323e+03
   1.8850000e+03   1.0440569e+04  -5.8049938e+02
   1.8860000e+03   6.2589438e+03  -3.6678531e+02
   1.8870000e+03  -1.1920251e+03   1.3762450e+04
   1.8880000e+03  -1.6318792e+03   1.9005276e+04
   1.8890000e+03   1.2492832e+03   1.8038150e+04
   1.8900000e+03  -1.4591917e+03   1.8857533e+04
   1.8910000e+03  -3.0014075e+03   6.3539738e+03
   1.8920000e+03   2.7682904e+03  -1.0666263e+04
   1.8930000e+03   4.0262443e+03  -6.3223432e+03
   1.8940000e+03  -3.7378714e+03   1.5568060e+04
   1.8950000e+03  -7.7802523e+03   2.7606242e+04
   1.8960000e+03  -3.1979634e+03   1.8019373e+04
   1.8970000e+03   1.2023080e+03   3.1322025e+03
   1.8980000e+03  -1.1785923e+03  -1.7017604e+02
   1.8990000e+03  -4.5579426e+03   7.7703720e+03
   1.9000000e+03  -4.3494117e+03   1.2052025e+04
   1.9010000e+03  -8.3407953e+03   2.3342936e+03
   1.9020000e+03  -1.5587335e+04  -8.6590272e+03
   1.9030000e+03  -1.2394604e+04  -3.8135723e+03
   1.9040000e+03  -1.0555333e+03   1.4486587e+04
   1.9050000e+03  -5.6654032e+02   2.3649398e+04
   1.9060000e+03  -1.4540616e+04   7.1630944e+03
   1.9070000e+03  -2.6611028e+04  -1.5668130e+04
   1.9080000e+03  -2.4842576e+04  -1.6624813e+04
   1.9090000e+03  -1.3745042e+04  -9.0059322e+02
   1.9100000e+03  -8.8441418e+03   1.1177465e+04
   1.9110000e+03  -1.3308078e+04   1.3968168e+04
   1.9120000e+03  -1.4974891e+04   5.9873688e+03
   1.9130000e+03  -1.1813956e+04  -8.8670337e+03
   1.9140000e+03  -6.8422001e+03  -1.2079699e+04
   1.9150000e+03  -3.0129725e+03  -2.0847603e+03
   1.9160000e+03  -8.6754643e+03  -2.8710111e+03
   1.9170000e+03  -2.0386945e+04  -2.0217913e+04
   1.9180000e+03  -2.2751724e+04  -2.6321470e+04
   1.9190000e+03  -9.6591226e+03  -8.2268675e+03
   1.9200000e+03   1.8153761e+03   6.4868364e+03
   1.9210000e+03  -6.4723069e+03   1.8264555e+03
   1.9220000e+03  -2.0654492e+04  -1.2834330e+04
   1.9230000e+03  -1.9622791e+04  -2.9611028e+04
   1.9240000e+03  -6.2236940e+03  -2.8227680e+04
   1.9250000e+03   2.6060165e+03  -3.0672162e+03
   1.9260000e+03  -4.1670945e+03   1.3583695e+04
   1.9270000e+03  -1.7143846e+04   5.3469251e+03
   1.9280000e+03  -1.7069710e+04  -1.0959275e+04
   1.9290000e+03  -1.7980206e+02  -1.8603670e+04
   1.9300000e+03   1.2807175e+04  -1.8298139e+04
   1.9310000e+03   5.5620089e+03  -1.9804683e+04
   1.9320000e+03  -5.8240075e+03  -2.4422542e+04
   1.9330000e+03  -4.7445696e+03  -2.2898356e+04
   1.9340000e+03  -4.1311826e+02  -9.2471541e+03
   1.9350000e+03  -1.7034998e+03   4.2953948e+03
   1.9360000e+03   9.3442020e+02  -2.6076000e+01
   1.9370000e+03   1.1973890e+04  -1.9874115e+04
   1.9380000e+03   1.4668198e+04  -3.1732036e+04
   1.9390000e+03   4.9476616e+03  -1.7567463e+04
   1.9400000e+03   1.7342368e+03   6.1190736e+03
   1.9410000e+03   1.0841904e+04   1.5458722e+04
   1.9420000e+03   1.5314894e+04   1.0280268e+04
   1.9430000e+03   4.5537086e+03  -2.1831794e+03
   1.9440000e+03  -1.0644454e+03  -8.5660600e+03
   1.9450000e+03   1.2619922e+04  -4.9350291e+03
   1.9460000e+03   2.4841081e+04  -5.6618486e+03
   1.9470000e+03   2.1060709e+04  -5.7279166e+03
   1.9480000e+03   6.2966429e+03   4.3179630e+03
   1.9490000e+03  -5.6343720e+03   8.6464082e+03
   1.9500000e+03  -7.7073830e+02   3.9649876e+02
   1.9510000e+03   1.6481318e+04  -3.5612718e+03
   1.9520000e+03   3.1898060e+04   2.4920851e+03
   1.9530000e+03   2.9380844e+04   6.4346841e+03
   1.9540000e+03   8.6343532e+03   4.3339005e+03
   1.9550000e+03  -3.4078121e+03  -5.3215457e+02
   1.9560000e+03   4.0351331e+03  -1.5490454e+03
   1.9570000e+03   1.5084352e+04   1.0971826e+04
   1.9580000e+03   1.5421661e+04   2.5874346e+04
   1.9590000e+03   6.2114541e+03   2.2014034e+04
   1.9600000e+03   6.5623160e+03   5.2664752e+03
   1.9610000e+03   1.8740001e+04   9.2293354e+02
   1.9620000e+03   1.8242381e+04   1.6942001e+04
   1.9630000e+03   3.0244952e+03   3.0787746e+04
   1.9640000e+03  -3.4926084e+03   2.0483169e+04
   1.9650000e+03   4.6138167e+03   1.1046416e+03
   1.9660000e+03   1.4075075e+04   3.4376623e+03
   1.9670000e+03   1.3794587e+04   1.7005539e+04
   1.9680000e+03   2.4468236e+03   1.5615685e+04
   1.9690000e+03  -7.3889605e+03   1.1833196e+04
   1.9700000e+03  -2.6878286e+03   9.8767899e+03
   1.9710000e+03   1.0230804e+04  -1.5090577e+03
   1.9720000e+03   1.0866013e+04  -1.5471099e+03
   1.9730000e+03  -6.0578795e+03   1.7518793e+04
   1.9740000e+03  -1.3277454e+04   3.0499404e+04
   1.9750000e+03   3.7861622e+03   2.2751933e+04
   1.9760000e+03   1.8585020e+04   2.7045753e+03
   1.9770000e+03   9.5968845e+03  -5.9544416e+03
   1.9780000e+03  -1.5042039e+04   5.7079965e+03
   1.9790000e+03  -2.5414289e+04   2.1402925e+04
   1.9800000e+03  -5.6141709e+03   2.1332649e+04
   1.9810000e+03   8.6290846e+03   5.2073022e+02
   1.9820000e+03  -8.1716452e+03  -1.3384042e+04
   1.9830000e+03  -2.2707747e+04   2.6086382e+03
   1.9840000e+03  -9.1794883e+03   1.9221110e+04
   1.9850000e+03   9.3829970e+03   3.2422617e+03
   1.9860000e+03   1.4022497e+03  -2.2720771e+04
   1.9870000e+03  -2.4683194e+04  -1.8016812e+04
   1.9880000e+03  -3.0170537e+04   7.5997184e+03
   1.9890000e+03  -8.3124050e+03   1.4427402e+04
   1.9900000e+03   5.9985807e+03  -2.1303251e+03
   1.9910000e+03  -4.8264306e+03  -1.5877985e+04
   1.9920000e+03  -1.9000169e+04  -1.3835956e+04
   1.9930000e+03  -1.5923513e+04  -6.1704606e+03
   1.9940000e+03  -9.7507037e+03  -2.4496616e+03
   1.9950000e+03  -1.9314358e+04  -1.7488389e+02
   1.9960000e+03  -2.7998917e+04  -2.9393896e+03
   1.9970000e+03  -1.7647963e+04  -1.6095451e+04
   1.9980000e+03   7.6511424e+02  -2.4724373e+04
   1.9990000e+03   8.4272884e+03  -1.8611398e+04
   2.0000000e+03  -6.0621464e+03  -1.1328958e+04
