   1.0274000e+02   2.5123000e+01
   9.4135585e+01   3.1906747e+01
   0.0000000e+00   2.9822976e+04   2.9822976e+04
   1.0000000e+00  -1.0167467e+04   1.5715838e+04
   2.0000000e+00  -6.2699372e+04  -6.5718456e+02
   3.0000000e+00  -5.2459220e+04   1.0502546e+04
   4.0000000e+00   3.1583904e+04   8.3554186e+03
   5.0000000e+00   1.0007680e+05  -1.3982500e+04
   6.0000000e+00   5.1302412e+04  -2.2859577e+04
   7.0000000e+00  -6.7461394e+04   1.2036489e+03
   8.0000000e+00  -1.0347591e+05   2.5373298e+04
   9.0000000e+00  -2.3654292e+04   3.9533526e+03
   1.0000000e+01   5.2772797e+04  -3.4149877e+04
   1.1000000e+01   5.7128343e+04  -4.0345831e+04
   1.2000000e+01   1.8493521e+04  -1.1033733e+04
   1.3000000e+01  -3.3605442e+04   2.1486866e+04
   1.4000000e+01  -4.9585597e+04   7.1672341e+02
   1.5000000e+01   6.1099444e+03  -5.9526263e+04
   1.6000000e+01   5.7934471e+04  -5.8277638e+04
   1.7000000e+01   9.2719031e+03   2.2951538e+04
   1.8000000e+01  -8.6723717e+04   7.1251836e+04
   1.9000000e+01  -6.7756070e+04   2.5119103e+04
   2.0000000e+01   7.1974684e+04  -4.0282321e+04
   2.1000000e+01   1.1996679e+05  -4.2971308e+04
   2.2000000e+01  -1.1425120e+04   1.5952531e+04
   2.3000000e+01  -1.1337714e+05   5.9783970e+04
   2.4000000e+01  -2.9014273e+04   1.5964968e+04
   2.5000000e+01   9.3052110e+04  -6.5275486e+04
   2.6000000e+01   7.5457184e+04  -7.4416976e+04
   2.7000000e+01  -2.3068010e+04  -3.7586609e+03
   2.8000000e+01  -5.8247039e+04   5.3967745e+04
   2.9000000e+01  -1.2298398e+04   3.3329899e+04
   3.0000000e+01   2.3182283e+04  -2.4254442e+04
   3.1000000e+01   7.3596439e+03  -4.8535109e+04
   3.2000000e+01   2.9372235e+03  -3.0016882e+04
   3.3000000e+01   2.2928169e+04   9.9867473e+03
   3.4000000e+01   4.2906790e+02   3.7038185e+04
   3.5000000e+01  -3.7595995e+04   1.6690928e+04
   3.6000000e+01  -1.1396871e+04  -1.9312265e+04
   3.7000000e+01   4.1794648e+04  -7.9738794e+03
   3.8000000e+01   5.6811440e+04   3.3977429e+04
   3.9000000e+01   3.7598200e+04   3.8253703e+04
   4.0000000e+01  -1.0350111e+04  -1.0325137e+04
   4.1000000e+01  -4.8001361e+04  -5.9063366e+04
   4.2000000e+01  -5.0601199e+03  -4.3320560e+04
   4.3000000e+01   6.8259424e+04   3.1471591e+04
   4.4000000e+01   4.6115759e+04   7.5713641e+04
   4.5000000e+01  -5.1317205e+04   3.1781058e+04
   4.6000000e+01  -7.0928518e+04  -3.4777477e+04
   4.7000000e+01   2.2093455e+04  -2.8907845e+04
   4.8000000e+01   7.7791661e+04   2.4507393e+04
   4.9000000e+01   1.1493154e+04   4.0342390e+04
   5.0000000e+01  -5.7304178e+04   1.1419566e+04
   5.1000000e+01  -2.1823331e+04  -1.0689424e+04
   5.2000000e+01   4.5081653e+04   2.0053193e+04
   5.3000000e+01   4.4277530e+04   7.3915132e+04
   5.4000000e+01  -6.8238423e+03   5.5968579e+04
   5.5000000e+01  -3.2448478e+04  -2.5835102e+04
   5.6000000e+01   7.4863091e+02  -6.8855528e+04
   5.7000000e+01   3.8472108e+04  -4.6397182e+04
   5.8000000e+01   2.0375460e+04   9.2836573e+03
   5.9000000e+01  -2.0990378e+04   6.6912006e+04
   6.0000000e+01  -2.6582574e+04   6.1465339e+04
   6.1000000e+01   6.6727800e+03  -2.0919651e+04
   6.2000000e+01   3.6495613e+04  -7.0954545e+04
   6.3000000e+01   8.6951705e+03  -2.9278617e+04
   6.4000000e+01  -7.0166453e+04   3.1021905e+04
   6.5000000e+01  -9.8683569e+04   5.1334756e+04
   6.6000000e+01  -1.2808562e+04   3.6011993e+04
   6.7000000e+01   8.5118168e+04   1.4606007e+04
   6.8000000e+01   6.6696829e+04   1.4647030e+04
   6.9000000e+01  -3.0165705e+04   1.7993017e+04
   7.0000000e+01  -9.4175342e+04  -2.4526766e+03
   7.1000000e+01  -7.8684817e+04  -2.8524644e+04
   7.2000000e+01   5.1268881e+03  -2.4147783e+04
   7.3000000e+01   7.5321897e+04   1.0722356e+04
   7.4000000e+01   4.3849804e+04   3.0737110e+04
   7.5000000e+01  -4.0427963e+04   8.4528006e+03
   7.6000000e+01  -6.0610525e+04  -3.2059471e+04
   7.7000000e+01  -7.4065738e+03  -5.0859546e+04
   7.8000000e+01   3.0274003e+04  -2.2684274e+04
   7.9000000e+01   2.7832798e+03   3.1876320e+04
   8.0000000e+01  -3.9069282e+04   4.8033033e+04
   8.1000000e+01  -3.0159836e+04  -1.6803551e+03
   8.2000000e+01   2.0008709e+04  -6.0946214e+04
   8.3000000e+01   4.9594336e+04  -6.2958289e+04
   8.4000000e+01   5.4708274e+03  -5.4721156e+03
   8.5000000e+01  -7.3198824e+04   5.4178788e+04
   8.6000000e+01  -6.5378170e+04   4.8327561e+04
   8.7000000e+01   3.5866668e+04  -2.4420668e+04
   8.8000000e+01   8.3733116e+04  -8.4335380e+04
   8.9000000e+01   9.8251009e+03  -7.2139368e+04
   9.0000000e+01  -7.2904921e+04  -1.7458015e+04
   9.1000000e+01  -4.6552194e+04   2.2484653e+04
   9.2000000e+01   3.9282652e+04   2.3616257e+04
   9.3000000e+01   5.2405302e+04  -1.4601349e+04
   9.4000000e+01  -1.8924719e+04  -5.0939779e+04
   9.5000000e+01  -6.3085467e+04  -3.3283407e+04
   9.6000000e+01  -2.3682390e+04   3.4636441e+03
   9.7000000e+01   3.3372789e+04   4.4875849e+03
   9.8000000e+01   3.9535391e+04  -1.1021676e+03
   9.9000000e+01   1.1894005e+03   2.1747082e+04
   1.0000000e+02  -3.9446216e+04   4.1916292e+04
   1.0100000e+02  -4.0954863e+04   1.1418282e+04
   1.0200000e+02   4.4735870e+03  -4.9479640e+04
   1.0300000e+02   5.4046220e+04  -5.5113445e+04
   1.0400000e+02   5.4125233e+04   1.2615041e+04
   1.0500000e+02   5.6386571e+03   5.8592694e+04
   1.0600000e+02  -1.9061774e+04   2.0482758e+04
   1.0700000e+02   2.1106244e+04  -4.3022431e+04
   1.0800000e+02   6.4049379e+04  -5.2918104e+04
   1.0900000e+02   4.7756831e+04  -1.2752569e+04
   1.1000000e+02  -3.7728965e+02   1.8426970e+04
   1.1100000e+02  -2.4896486e+04   1.2415824e+04
   1.1200000e+02  -1.2757172e+04  -1.3051637e+03
   1.1300000e+02   1.3475850e+04   8.0614535e+02
   1.1400000e+02   1.6548268e+04   1.7155385e+03
   1.1500000e+02  -1.3074108e+04  -8.0452279e+03
   1.1600000e+02  -3.1831593e+04  -4.0123554e+03
   1.1700000e+02  -1.5494706e+04   2.5749025e+04
   1.1800000e+02   7.1016479e+03   4.3686552e+04
   1.1900000e+02   8.3104665e+03   2.5374180e+04
   1.2000000e+02  -6.0726330e+03   3.0944267e+03
   1.2100000e+02  -5.4110717e+02  -1.0863133e+03
   1.2200000e+02   3.3253919e+04   2.8322600e+03
   1.2300000e+02   5.1127252e+04   1.1931536e+04
   1.2400000e+02   3.2828141e+04   2.5041840e+04
   1.2500000e+02   1.0467796e+04   2.5665990e+04
   1.2600000e+02   4.8044002e+03   7.6834240e+03
   1.2700000e+02   9.9001715e+02  -6.6781452e+03
   1.2800000e+02   1.4800519e+03  -9.4092339e+03
   1.2900000e+02   1.8086145e+04  -4.7396167e+03
   1.3000000e+02   1.7318589e+04   2.0753270e+04
   1.3100000e+02  -1.0811728e+04   4.9209656e+04
   1.3200000e+02  -1.9897750e+04   3.9281110e+04
   1.3300000e+02  -5.9168613e+03   7.1732383e+01
   1.3400000e+02   2.7747540e+01  -1.8401710e+04
   1.3500000e+02  -1.5759798e+03   6.7278962e+03
   1.3600000e+02  -4.7747889e+03   3.8592068e+04
   1.3700000e+02  -1.3984017e+04   3.2149132e+04
   1.3800000e+02  -2.3038459e+04  -2.6074747e+03
   1.3900000e+02  -1.8883894e+04  -2.1505952e+04
   1.4000000e+02  -7.0488217e+02  -1.5563951e+04
   1.4100000e+02   1.1128323e+03  -9.5522257e+03
   1.4200000e+02  -2.9378777e+04   2.9606267e+03
   1.4300000e+02  -3.6835150e+04   2.2043103e+04
   1.4400000e+02   3.9110301e+03   9.1134045e+03
   1.4500000e+02   2.3963077e+04  -2.3320209e+04
   1.4600000e+02  -8.1715790e+03  -3.0355551e+04
   1.4700000e+02  -4.7355851e+04  -1.6027787e+04
   1.4800000e+02  -4.4096364e+04   6.9039250e+03
   1.4900000e+02   1.4284289e+04   3.3666109e+04
   1.5000000e+02   6.1035142e+04   3.0838983e+04
   1.5100000e+02   2.9589461e+04  -1.2441674e+04
   1.5200000e+02  -3.0703492e+04  -4.4747665e+04
   1.5300000e+02  -4.2678306e+04  -3.4329317e+04
   1.5400000e+02  -1.4575151e+04  -1.0424851e+02
   1.5500000e+02   1.0090101e+04   3.1138190e+04
   1.5600000e+02   1.9346262e+04   2.4332203e+04
   1.5700000e+02   9.8242341e+03  -2.1103563e+04
   1.5800000e+02  -1.5024300e+04  -5.0128176e+04
   1.5900000e+02  -2.6876647e+04  -3.1826867e+04
   1.6000000e+02  -2.4114740e+04   9.2309483e+03
   1.6100000e+02  -2.3395005e+04   2.6354269e+04
   1.6200000e+02  -7.4333128e+03   5.8871301e+03
   1.6300000e+02   1.9751084e+04  -1.2989221e+04
   1.6400000e+02   2.0837606e+04  -1.3483935e+04
   1.6500000e+02  -1.6017216e+03  -2.2709196e+04
   1.6600000e+02  -1.9900697e+04  -3.2737173e+04
   1.6700000e+02  -2.5430822e+04  -1.1477987e+04
   1.6800000e+02  -1.3697071e+04   1.3891006e+04
   1.6900000e+02   1.2822873e+04   7.0019643e+03
   1.7000000e+02   2.8254760e+04  -3.8187866e+03
   1.7100000e+02   1.5950010e+04   1.5225478e+03
   1.7200000e+02  -6.7649459e+03  -1.5217505e+03
   1.7300000e+02  -2.1164196e+04  -2.3100082e+04
   1.7400000e+02  -2.2990048e+04  -3.8578567e+04
   1.7500000e+02  -7.1710882e+03  -1.7711400e+04
   1.7600000e+02   1.6547959e+04   1.6585738e+04
   1.7700000e+02   2.3425829e+04   6.6942147e+03
   1.7800000e+02   1.2816542e+04  -2.9172955e+04
   1.7900000e+02   4.9533687e+03  -2.4557980e+04
   1.8000000e+02   8.0678035e+03   2.1777428e+03
   1.8100000e+02   1.2881043e+04  -1.8268373e+03
   1.8200000e+02   1.1079715e+04  -1.2681008e+04
   1.8300000e+02   8.5402636e+03  -4.9235707e+03
   1.8400000e+02   9.1397808e+03   3.3689964e+03
   1.8500000e+02   1.0004710e+04   7.6041636e+03
   1.8600000e+02   7.9630583e+03   3.0871296e+03
   1.8700000e+02   2.9050328e+02  -3.5964259e+03
   1.8800000e+02   3.0886452e+03   1.1138573e+04
   1.8900000e+02   1.9597765e+04   2.8585970e+04
   1.9000000e+02   1.9436503e+04   2.1241924e+04
   1.9100000e+02   6.9350237e+03   2.8222180e+03
   1.9200000e+02   7.9076408e+03  -7.3684160e+03
   1.9300000e+02   1.0784502e+04  -3.3108352e+03
   1.9400000e+02   2.7853626e+03   1.6247341e+04
   1.9500000e+02  -1.5630571e+04   3.0520967e+04
   1.9600000e+02  -3.6189449e+04   1.6438074e+04
   1.9700000e+02  -2.3523857e+04  -5.5756058e+02
   1.9800000e+02   1.7924646e+04   8.5245266e+02
   1.9900000e+02   2.1426582e+04  -4.4750009e+03
   2.0000000e+02  -1.3667266e+04  -1.7267289e+04
   2.0100000e+02  -2.6443350e+04  -8.9303558e+03
   2.0200000e+02  -1.2354439e+04   2.1430786e+04
   2.0300000e+02   1.0386087e+04   4.1428777e+04
   2.0400000e+02   3.1042648e+04   2.9091876e+04
   2.0500000e+02   2.4493798e+04   2.2631401e+03
   2.0600000e+02  -3.9664759e+03  -1.9800544e+04
   2.0700000e+02  -2.6892948e+04  -2.4293868e+04
   2.0800000e+02  -2.6397974e+04   2.2281826e+03
   2.0900000e+02   1.1351742e+03   3.3047153e+04
   2.1000000e+02   3.1743559e+04   2.8603192e+04
   2.1100000e+02   4.9814029e+04  -2.4853647e+03
   2.1200000e+02   4.6445575e+04  -2.0834363e+04
   2.1300000e+02   1.8957488e+03  -1.3967172e+04
   2.1400000e+02  -4.8035993e+04  -2.3727666e+03
   2.1500000e+02  -3.4820149e+04   4.1829961e+03
   2.1600000e+02   2.3041511e+04   1.3984531e+04
   2.1700000e+02   4.0184701e+04   3.5486029e+04
   2.1800000e+02  -5.0043392e+02   4.7868408e+04
   2.1900000e+02  -3.4844476e+04   1.4116359e+04
   2.2000000e+02  -1.9165976e+04  -2.7120797e+04
   2.2100000e+02   2.2565315e+04  -1.2369362e+04
   2.2200000e+02   3.0509680e+04   1.7052780e+04
   2.2300000e+02  -3.8108127e+03   7.3441224e+03
   2.2400000e+02  -2.0172259e+04  -1.1629539e+04
   2.2500000e+02   7.6787165e+02  -1.7646516e+04
   2.2600000e+02   1.8058321e+04  -1.5322950e+04
   2.2700000e+02   1.1399358e+04  -1.1863228e+03
   2.2800000e+02  -4.6093032e+03   8.2890314e+02
   2.2900000e+02  -1.2813847e+04  -7.9766354e+03
   2.3000000e+02  -8.8974825e+03   8.0081704e+03
   2.3100000e+02   3.5492010e+03   1.4664247e+04
   2.3200000e+02   6.2544128e+03  -1.5123443e+04
   2.3300000e+02  -1.9905636e+04  -2.4452688e+04
   2.3400000e+02  -4.7784674e+04   4.4516821e+03
   2.3500000e+02  -3.2108372e+04   2.1705988e+04
   2.3600000e+02   1.3264917e+04   1.7534662e+03
   2.3700000e+02   2.4206458e+04  -2.6027193e+04
   2.3800000e+02  -1.7378572e+04  -1.6351030e+04
   2.3900000e+02  -4.8732186e+04   1.9671224e+04
   2.4000000e+02  -3.1307469e+04   1.7576189e+04
   2.4100000e+02  -4.3795715e+03  -2.2594009e+04
   2.4200000e+02   5.4026470e+03  -2.6775040e+04
   2.4300000e+02   9.8242580e+03   7.5154339e+03
   2.4400000e+02   5.5427087e+03   2.2447166e+04
   2.4500000e+02  -3.8181571e+03   1.2715619e+04
   2.4600000e+02  -4.3520475e+03  -8.6394425e+03
   2.4700000e+02  -1.2851253e+04  -3.4252232e+04
   2.4800000e+02  -3.5060354e+04  -3.9434587e+04
   2.4900000e+02  -4.9148321e+04  -1.0868553e+04
   2.5000000e+02  -3.6230219e+04   2.6714773e+04
   2.5100000e+02   1.4258121e+04   2.0912927e+04
   2.5200000e+02   5.6731749e+04  -2.5181711e+04
   2.5300000e+02   4.2965301e+04  -4.1592822e+04
   2.5400000e+02   1.6880439e+04  -1.3183002e+04
   2.5500000e+02   7.0114243e+02   5.1583873e+03
   2.5600000e+02  -3.6338941e+04  -9.7153331e+03
   2.5700000e+02  -5.3442320e+04  -1.7154644e+04
   2.5800000e+02  -1.0073352e+04   1.6436382e+03
   2.5900000e+02   3.8702920e+04   5.5748150e+03
   2.6000000e+02   4.6334615e+04  -1.2620790e+04
   2.6100000e+02   2.7228728e+04  -1.1819535e+04
   2.6200000e+02  -3.3394255e+03   9.6703943e+03
   2.6300000e+02  -2.9183586e+04   8.6034965e+03
   2.6400000e+02  -2.5399597e+04  -1.7274142e+04
   2.6500000e+02   5.8320800e+03  -1.5460972e+04
   2.6600000e+02   3.0197780e+04   1.4665052e+04
   2.6700000e+02   1.1063227e+04   2.1231152e+04
   2.6800000e+02  -3.4159915e+04  -4.6803315e+03
   2.6900000e+02  -3.9337341e+04  -3.5250204e+04
   2.7000000e+02   1.1937879e+04  -3.5022168e+04
   2.7100000e+02   6.5932982e+04   1.0463753e+04
   2.7200000e+02   7.0366291e+04   4.6500028e+04
   2.7300000e+02   3.1640954e+04   1.3174734e+04
   2.7400000e+02   3.5444933e+03  -4.2508329e+04
   2.7500000e+02   6.3310797e+03  -3.5550404e+04
   2.7600000e+02   9.8328630e+03   1.3441356e+04
   2.7700000e+02  -6.1662018e+03   3.4883799e+04
   2.7800000e+02  -2.7730023e+04   1.8374394e+04
   2.7900000e+02  -2.8491734e+04  -1.3533233e+03
   2.8000000e+02  -3.8905105e+03   9.1733092e+03
   2.8100000e+02   2.7745171e+04   2.5893899e+04
   2.8200000e+02   4.1204166e+04   6.4612232e+03
   2.8300000e+02   2.0692442e+04  -1.4243355e+04
   2.8400000e+02  -7.4694424e+03   6.6637526e+03
   2.8500000e+02  -3.1976746e+03   3.2373225e+04
   2.8600000e+02   2.4102708e+04   1.9338169e+04
   2.8700000e+02   3.4129038e+04  -9.0902202e+03
   2.8800000e+02   1.8029964e+04  -1.4630653e+04
   2.8900000e+02   3.2654047e+03   2.6240493e+03
   2.9000000e+02  -1.0257670e+03   2.2735019e+04
   2.9100000e+02  -1.1735865e+04   2.5115578e+04
   2.9200000e+02  -1.5831339e+04   1.7405534e+04
   2.9300000e+02   1.2436883e+04   1.9107918e+04
   2.9400000e+02   3.5010177e+04   1.3857807e+04
   2.9500000e+02  -1.0912792e+03   4.4854356e+02
   2.9600000e+02  -5.7098522e+04   3.8542009e+03
   2.9700000e+02  -6.6208247e+04   9.4678896e+03
   2.9800000e+02  -3.3415215e+04   3.6618995e+02
   2.9900000e+02   6.9413049e+03   5.5899200e+03
   3.0000000e+02   3.1487572e+04   2.9095856e+04
   3.0100000e+02   3.1280202e+04   2.6413132e+04
   3.0200000e+02   1.9382496e+04   6.7056802e+02
   3.0300000e+02   1.9371196e+03  -7.5793626e+03
   3.0400000e+02  -1.0407546e+04   5.3491279e+03
   3.0500000e+02   3.9310331e+03   3.1652136e+04
   3.0600000e+02   1.4396948e+04   4.3195698e+04
   3.0700000e+02  -1.2435200e+04   7.4387872e+03
   3.0800000e+02  -3.1217286e+04  -3.5702747e+04
   3.0900000e+02  -1.6607260e+04  -3.1219541e+04
   3.1000000e+02  -9.1163180e+03   7.9281336e+03
   3.1100000e+02  -1.5860209e+04   2.6241574e+04
   3.1200000e+02  -2.3017834e+04  -3.0643004e+03
   3.1300000e+02  -3.3092158e+04  -3.7724664e+04
   3.1400000e+02  -2.3770046e+04  -3.1461344e+04
   3.1500000e+02   8.0607188e+03  -6.1634120e+03
   3.1600000e+02   1.8335735e+04  -3.8809042e+03
   3.1700000e+02  -8.4571134e+03  -2.0174365e+04
   3.1800000e+02  -4.4552981e+04  -3.2439526e+04
   3.1900000e+02  -4.8644746e+04  -2.7517807e+04
   3.2000000e+02   3.6852365e+03   1.5954967e+02
   3.2100000e+02   6.0870920e+04   1.7720348e+04
   3.2200000e+02   5.2413208e+04   4.7237476e+03
   3.2300000e+02   8.7518539e+03  -7.0059776e+03
   3.2400000e+02  -1.3753575e+04  -1.6901473e+04
   3.2500000e+02  -2.9552945e+04  -3.2367354e+04
   3.2600000e+02  -4.3253269e+04  -2.9169237e+04
   3.2700000e+02  -3.8491176e+04  -1.9579636e+04
   3.2800000e+02  -3.2300056e+04  -1.6313477e+04
   3.2900000e+02  -2.2115026e+04  -5.0327532e+03
   3.3000000e+02   3.9457183e+03  -7.6753364e+03
   3.3100000e+02   1.4916201e+04  -3.2008841e+04
   3.3200000e+02  -9.1906210e+02  -3.7157164e+04
   3.3300000e+02  -1.4314992e+04  -1.8342576e+04
   3.3400000e+02  -1.3689268e+04   2.4255982e+03
   3.3500000e+02  -8.5287843e+03   2.1739753e+04
   3.3600000e+02   9.4260336e+03   2.3187118e+04
   3.3700000e+02   5.4216909e+04   2.6633782e+03
   3.3800000e+02   8.2627353e+04  -1.1295099e+04
   3.3900000e+02   3.8710511e+04  -9.8823807e+03
   3.4000000e+02  -3.4539693e+04  -5.0528913e+03
   3.4100000e+02  -6.2928980e+04   2.0507547e+03
   3.4200000e+02  -4.6167522e+04   1.5701945e+04
   3.4300000e+02  -1.0740100e+04   1.6943551e+04
   3.4400000e+02   2.2397649e+04  -1.1964085e+04
   3.4500000e+02   3.0246917e+04  -3.2836196e+04
   3.4600000e+02   1.5185329e+04  -8.2624158e+03
   3.4700000e+02   7.5797962e+03   3.0391403e+04
   3.4800000e+02   2.6692771e+04   3.1874904e+04
   3.4900000e+02   4.5886984e+04  -5.8351140e+01
   3.5000000e+02   3.5335750e+04  -1.2208077e+04
   3.5100000e+02   1.6982715e+04   5.8196393e+03
   3.5200000e+02   2.5591846e+04   1.4040981e+04
   3.5300000e+02   6.0945537e+04   8.0521635e+03
   3.5400000e+02   7.6133947e+04   1.3888529e+04
   3.5500000e+02   2.8005083e+04   3.5349729e+04
   3.5600000e+02  -4.2605148e+04   4.2181581e+04
   3.5700000e+02  -6.8110476e+04   1.3560997e+04
   3.5800000e+02  -4.1179755e+04  -1.3231577e+04
   3.5900000e+02   3.4763072e+03  -4.0250343e+03
   3.6000000e+02   1.6162280e+04   1.1298662e+04
   3.6100000e+02  -1.7259825e+04   4.1376953e+03
   3.6200000e+02  -4.4201124e+04  -6.9896493e+03
   3.6300000e+02  -2.7199300e+04  -7.2745022e+03
   3.6400000e+02   2.4251956e+03  -3.9450059e+03
   3.6500000e+02   1.4169511e+04   1.3103642e+03
   3.6600000e+02   2.8752889e+04   7.4889226e+03
   3.6700000e+02   5.6752645e+04   1.4735093e+04
   3.6800000e+02   6.6518158e+04   2.6813585e+04
   3.6900000e+02   4.5035835e+04   4.1663565e+04
   3.7000000e+02   1.4238099e+04   5.2383093e+04
   3.7100000e+02  -4.4267034e+03   3.6169809e+04
   3.7200000e+02  -1.2682209e+04  -9.2490545e+03
   3.7300000e+02  -3.3956471e+04  -3.3269038e+04
   3.7400000e+02  -5.7100821e+04  -1.5372066e+04
   3.7500000e+02  -3.4668376e+04  -1.8584906e+03
   3.7600000e+02   1.0185096e+04  -1.4150955e+04
   3.7700000e+02  -7.4488664e+03  -2.1543794e+04
   3.7800000e+02  -8.0965383e+04  -2.1734612e+04
   3.7900000e+02  -9.6720800e+04  -3.4597404e+04
   3.8000000e+02  -1.2716278e+04  -3.9631880e+04
   3.8100000e+02   5.9418274e+04  -2.0849601e+04
   3.8200000e+02   2.8165506e+04   6.2906634e+03
   3.8300000e+02  -4.0168137e+04   2.3878238e+04
   3.8400000e+02  -4.8943503e+04   1.8266697e+04
   3.8500000e+02  -7.1298327e+02   8.8866004e+03
   3.8600000e+02   4.8701910e+04   1.8378298e+04
   3.8700000e+02   5.7667770e+04   2.7895217e+04
   3.8800000e+02   2.7108076e+04   2.6047001e+04
   3.8900000e+02   2.2669435e+02   1.9540529e+04
   3.9000000e+02   5.9039841e+03   9.6861647e+03
   3.9100000e+02   1.7044189e+04   6.0133613e+03
   3.9200000e+02   3.7116276e+03   1.1088017e+04
   3.9300000e+02  -1.0876429e+04   8.0389770e+03
   3.9400000e+02   6.3415128e+03  -3.5650123e+03
   3.9500000e+02   3.3323758e+04  -1.1549797e+04
   3.9600000e+02   1.3761090e+04  -2.3591974e+04
   3.9700000e+02  -3.9011555e+04  -2.9598824e+04
   3.9800000e+02  -4.0133477e+04  -8.5892552e+03
   3.9900000e+02   4.7696813e+03   4.4688045e+03
   4.0000000e+02   7.9598748e+03  -2.4218005e+04
   4.0100000e+02  -2.9588391e+04  -5.7720111e+04
   4.0200000e+02  -4.9961146e+04  -4.9027089e+04
   4.0300000e+02  -4.5642354e+04  -7.3696726e+03
   4.0400000e+02  -2.9015558e+04   1.8793216e+04
   4.0500000e+02  -3.0491571e+03   4.2858013e+03
   4.0600000e+02   9.3646279e+03  -2.3506837e+04
   4.0700000e+02  -1.2475770e+04  -2.2188567e+04
   4.0800000e+02  -4.0359525e+04   2.8445568e+03
   4.0900000e+02  -3.8823694e+04   1.1498296e+04
   4.1000000e+02  -5.6777045e+03   2.0356685e+02
   4.1100000e+02   3.1807259e+04  -1.0385281e+04
   4.1200000e+02   3.1898958e+04  -8.1605866e+03
   4.1300000e+02   8.8567692e+03   9.9822034e+03
   4.1400000e+02  -2.1113100e+01   1.8808802e+04
   4.1500000e+02  -9.4202627e+03   1.8895921e+02
   4.1600000e+02  -1.2729553e+04  -2.4115908e+04
   4.1700000e+02   5.7771981e+03  -2.7848584e+04
   4.1800000e+02   1.7894159e+04  -1.8840121e+03
   4.1900000e+02   2.0131651e+04   2.8177420e+04
   4.2000000e+02   2.5663819e+04   1.8964748e+04
   4.2100000e+02   2.9363866e+04  -1.8594571e+04
   4.2200000e+02   3.0531485e+04  -2.6023988e+04
   4.2300000e+02   2.3641295e+04   1.0921721e+04
   4.2400000e+02   8.2357795e+03   4.3692159e+04
   4.2500000e+02   5.5774613e+03   2.8949706e+04
   4.2600000e+02   2.3435584e+04  -2.0762988e+04
   4.2700000e+02   3.3590019e+04  -3.8067775e+04
   4.2800000e+02   1.3101693e+04   8.0620570e+03
   4.2900000e+02  -2.0869209e+04   4.3706103e+04
   4.3000000e+02  -3.6925474e+04   1.2357502e+04
   4.3100000e+02  -1.9909710e+04  -3.2589704e+04
   4.3200000e+02   9.1367924e+03  -3.0395345e+04
   4.3300000e+02   1.4799034e+04   6.3399546e+03
   4.3400000e+02   4.7550626e+03   2.7047670e+04
   4.3500000e+02  -3.0813346e+03   1.1900719e+04
   4.3600000e+02  -1.8453834e+04  -3.5513713e+03
   4.3700000e+02  -2.1592929e+04   6.0431689e+03
   4.3800000e+02   1.3691752e+04   1.5404547e+04
   4.3900000e+02   4.2173087e+04   8.3233562e+03
   4.4000000e+02   2.2692296e+04  -6.2697171e+03
   4.4100000e+02  -7.6023140e+01  -1.9678199e+04
   4.4200000e+02   8.3172616e+03  -8.5989679e+03
   4.4300000e+02   9.9300476e+03   2.0931181e+04
   4.4400000e+02  -1.1955774e+04   2.1915396e+04
   4.4500000e+02  -1.5535319e+04   1.1708095e+03
   4.4600000e+02   1.6048696e+04   1.1440593e+03
   4.4700000e+02   4.2155247e+04   1.5281181e+04
   4.4800000e+02   2.5418192e+04   1.5152754e+04
   4.4900000e+02  -2.2733723e+04   3.3779417e+03
   4.5000000e+02  -5.0429266e+04   3.6998577e+02
   4.5100000e+02  -2.0901577e+04   6.1150410e+03
   4.5200000e+02   3.1839006e+04   7.1078407e+03
   4.5300000e+02   4.3631817e+04  -2.5242731e+02
   4.5400000e+02   3.7123289e+03  -8.0183343e+03
   4.5500000e+02  -3.8002175e+04  -8.1631032e+03
   4.5600000e+02  -3.7313405e+04  -6.2317465e+03
   4.5700000e+02  -5.2297742e+03   1.8829005e+03
   4.5800000e+02   2.6539670e+04   1.9184137e+04
   4.5900000e+02   3.4662854e+04   2.1404832e+04
   4.6000000e+02   1.0600886e+03   9.9997452e+03
   4.6100000e+02  -4.4236013e+04   2.7500887e+03
   4.6200000e+02  -3.9486120e+04  -1.0989589e+04
   4.6300000e+02   1.1797257e+04  -1.8971772e+04
   4.6400000e+02   4.0486671e+04   9.3956409e+03
   4.6500000e+02   1.0268000e+04   4.0170807e+04
   4.6600000e+02  -3.3944221e+04   1.3158926e+04
   4.6700000e+02  -2.9738053e+04  -3.9212456e+04
   4.6800000e+02   8.9689816e+03  -3.9494333e+04
   4.6900000e+02   1.6118319e+04   5.3940824e+03
   4.7000000e+02  -6.6453596e+03   3.0383449e+04
   4.7100000e+02  -8.0359192e+03   4.5456039e+03
   4.7200000e+02  -3.1017740e+03  -2.6867011e+04
   4.7300000e+02  -1.8824251e+04  -6.3514577e+03
   4.7400000e+02  -2.3266049e+04   2.8242649e+04
   4.7500000e+02  -6.7547324e+03   1.6525434e+04
   4.7600000e+02  -1.0556587e+03  -1.3560239e+04
   4.7700000e+02  -1.9365790e+04  -1.4245880e+04
   4.7800000e+02  -3.8843369e+04   2.2402521e+03
   4.7900000e+02  -2.7342087e+04   4.4703653e+03
   4.8000000e+02   2.3770355e+03  -6.6901573e+02
   4.8100000e+02   1.4968897e+04   1.7111510e+03
   4.8200000e+02   1.6217995e+04   1.6184508e+02
   4.8300000e+02   1.2666702e+04  -1.0081295e+04
   4.8400000e+02  -1.1970686e+04  -1.3211390e+04
   4.8500000e+02  -3.5809713e+04  -5.1276839e+03
   4.8600000e+02  -2.2226287e+04  -5.7017719e+03
   4.8700000e+02   1.6664681e+04  -1.4562636e+04
   4.8800000e+02   4.4102624e+04  -9.8915685e+03
   4.8900000e+02   2.9266904e+04  -3.3520784e+03
   4.9000000e+02  -1.9849353e+04  -1.0325032e+04
   4.9100000e+02  -3.7863909e+04  -1.5217708e+04
   4.9200000e+02   8.1315130e+02  -6.4532570e+03
   4.9300000e+02   3.3686901e+04   6.6379955e+03
   4.9400000e+02   1.8410431e+04  -1.6781860e+03
   4.9500000e+02  -1.2823916e+04  -3.1702328e+04
   4.9600000e+02  -1.7756108e+04  -3.3974572e+04
   4.9700000e+02   4.9017365e+03   8.1453645e+03
   4.9800000e+02   1.5121931e+04   3.3551986e+04
   4.9900000e+02  -1.2665969e+04   5.5089850e+03
   5.0000000e+02  -2.9232715e+04  -3.0605700e+04
   5.0100000e+02   8.4431784e+02  -3.6952504e+04
   5.0200000e+02   2.4265728e+04  -1.9757070e+04
   5.0300000e+02   1.6302902e+04   8.5107930e+03
   5.0400000e+02   4.5579181e+03   2.3795242e+04
   5.0500000e+02  -3.2827239e+03   1.3851679e+04
   5.0600000e+02   1.7878476e+03  -3.1904319e+03
   5.0700000e+02   1.3477721e+04  -1.2416189e+04
   5.0800000e+02   1.7374889e+04  -5.2654671e+03
   5.0900000e+02   2.6481505e+04   1.6354089e+04
   5.1000000e+02   2.8416714e+04   2.7070851e+04
   5.1100000e+02   4.0603418e+03   9.8498033e+03
   5.1200000e+02  -1.9632694e+04  -1.3489773e+04
   5.1300000e+02  -1.3668430e+04  -1.2202763e+04
   5.1400000e+02   5.9385326e+03   9.0691792e+03
   5.1500000e+02   4.3914447e+03   1.8781063e+04
   5.1600000e+02  -1.2687151e+04  -1.1319570e+03
   5.1700000e+02  -1.4821037e+04  -2.3551360e+04
   5.1800000e+02   9.4017496e+03  -1.1320611e+04
   5.1900000e+02   3.7433908e+04   1.4225716e+04
   5.2000000e+02   2.2141092e+04   8.8331536e+03
   5.2100000e+02  -2.1862761e+04  -1.7734603e+04
   5.2200000e+02  -2.7084544e+04  -1.8761888e+04
   5.2300000e+02   8.3926341e+03   1.4758353e+04
   5.2400000e+02   3.9427522e+04   3.7482587e+04
   5.2500000e+02   3.9584210e+04   1.7317678e+04
   5.2600000e+02   1.0105037e+04  -1.9755457e+04
   5.2700000e+02  -1.5762255e+04  -1.8378934e+04
   5.2800000e+02  -9.9289370e+03   2.3783230e+04
   5.2900000e+02   1.4121492e+04   3.8626197e+04
   5.3000000e+02   2.0110919e+04   1.0508722e+04
   5.3100000e+02  -9.4427744e+03  -5.6118821e+03
   5.3200000e+02  -3.9246577e+04   5.1630093e+03
   5.3300000e+02  -1.2556506e+04   1.7313932e+04
   5.3400000e+02   4.3081749e+04   1.4493031e+04
   5.3500000e+02   3.2594867e+04   6.1564755e+03
   5.3600000e+02  -2.9856139e+04   1.3320641e+04
   5.3700000e+02  -4.4340433e+04   2.9048230e+04
   5.3800000e+02  -8.2451066e+03   3.3102002e+04
   5.3900000e+02   1.9815756e+04   1.7375889e+04
   5.4000000e+02   1.9827216e+04  -8.7578461e+03
   5.4100000e+02  -4.3079900e+01  -1.6731464e+04
   5.4200000e+02  -1.1336406e+04  -1.6523167e+03
   5.4300000e+02  -7.4848137e+02   1.2046084e+04
   5.4400000e+02   1.5528131e+04   1.3152799e+04
   5.4500000e+02   2.4407920e+04  -1.8321712e+03
   5.4600000e+02   8.8261673e+03  -2.3600022e+04
   5.4700000e+02  -2.1239437e+04  -2.0732341e+04
   5.4800000e+02  -2.2027750e+04   2.4738551e+03
   5.4900000e+02  -3.8118470e+03   6.9987678e+03
   5.5000000e+02  -6.1434279e+03  -4.8397153e+03
   5.5100000e+02  -1.5338210e+04  -6.4437650e+03
   5.5200000e+02  -1.6472232e+04   1.7535917e+03
   5.5300000e+02  -2.5639458e+04   1.5404685e+04
   5.5400000e+02  -2.9651833e+04   2.7756607e+04
   5.5500000e+02  -6.1253597e+03   1.3238058e+04
   5.5600000e+02   1.1521875e+04  -2.1190685e+04
   5.5700000e+02  -6.7602759e+03  -2.7477404e+04
   5.5800000e+02  -2.4937048e+04  -9.7420890e+02
   5.5900000e+02  -1.5541731e+04   1.6076575e+04
   5.6000000e+02   1.1645460e+03   3.2811963e+03
   5.6100000e+02   3.8367801e+03  -2.8680738e+04
   5.6200000e+02  -5.2493995e+03  -4.3502117e+04
   5.6300000e+02  -1.6980315e+03  -2.0987814e+04
   5.6400000e+02   7.4762666e+03  -6.6830605e+03
   5.6500000e+02  -1.0196445e+04  -2.6860540e+04
   5.6600000e+02  -2.6555916e+04  -3.4868289e+04
   5.6700000e+02  -1.1455227e+04  -1.1328979e+04
   5.6800000e+02  -1.9115044e+03   6.7127055e+03
   5.6900000e+02  -1.3362675e+04   4.6542742e+03
   5.7000000e+02  -1.3099237e+04  -1.3959500e+03
   5.7100000e+02   5.3867995e+03  -5.5513282e+03
   5.7200000e+02   1.7217324e+04  -7.5563880e+03
   5.7300000e+02   9.3962337e+03  -4.8726526e+03
   5.7400000e+02  -9.2032908e+03   1.4779233e+03
   5.7500000e+02  -1.0097308e+04   3.6707397e+03
   5.7600000e+02   1.2804198e+04  -9.0896214e+03
   5.7700000e+02   1.8898887e+04  -2.1373992e+04
   5.7800000e+02   7.1115332e+03  -1.0598302e+04
   5.7900000e+02   4.0318004e+03   5.1442069e+03
   5.8000000e+02  -8.1298441e+03   1.0295390e+01
   5.8100000e+02  -1.6193923e+04  -1.9584640e+04
   5.8200000e+02   4.2616954e+03  -2.5742356e+04
   5.8300000e+02   1.3495207e+04  -1.6120136e+03
   5.8400000e+02  -4.6532506e+03   2.8851816e+04
   5.8500000e+02  -1.6818551e+04   2.8525489e+04
   5.8600000e+02  -4.7012482e+03  -4.3373977e+02
   5.8700000e+02   2.1277395e+04  -1.9523257e+04
   5.8800000e+02   3.3742520e+04  -9.0415965e+03
   5.8900000e+02   2.4463285e+04   1.2197884e+04
   5.9000000e+02   1.1784697e+04   1.9887948e+04
   5.9100000e+02   7.8125440e+03   3.0409052e+03
   5.9200000e+02   1.3535999e+04  -1.2035491e+04
   5.9300000e+02   2.1557401e+04   5.5171486e+03
   5.9400000e+02   1.6730150e+04   1.7448542e+04
   5.9500000e+02   3.8496651e+03  -3.4175565e+03
   5.9600000e+02   5.8894396e+03  -9.7479117e+03
   5.9700000e+02   1.0722906e+04   9.6463968e+03
   5.9800000e+02  -5.7049605e+03   1.6304676e+04
   5.9900000e+02  -1.7099218e+04   9.8749325e+03
   6.0000000e+02  -1.1550915e+03   5.2500220e+03
   6.0100000e+02   1.2619293e+04   1.3314787e+03
   6.0200000e+02   7.2439663e+03   6.2838486e+03
   6.0300000e+02   5.0337539e+03   1.2739708e+04
   6.0400000e+02   1.3016491e+04   2.5525199e+03
   6.0500000e+02   1.6630375e+04  -3.1521993e+03
   6.0600000e+02   1.3212258e+04   1.1331717e+04
   6.0700000e+02   1.1740337e+03   2.1083162e+04
   6.0800000e+02  -1.0489773e+04   1.3847302e+04
   6.0900000e+02   1.9635657e+03   4.0711412e+03
   6.1000000e+02   2.5479219e+04   6.6737338e+03
   6.1100000e+02   2.6075580e+04   2.0401019e+04
   6.1200000e+02   4.4784532e+03   2.2350510e+04
   6.1300000e+02  -9.5953878e+03  -1.5878014e+03
   6.1400000e+02  -4.4523610e+03  -1.9758914e+04
   6.1500000e+02  -5.6475028e+03   1.2441878e+03
   6.1600000e+02  -1.2402807e+04   2.8541589e+04
   6.1700000e+02   3.5628955e+03   2.2733959e+04
   6.1800000e+02   1.8054179e+04   5.8637822e+03
   6.1900000e+02  -3.1201517e+02  -5.4014058e+02
   6.2000000e+02  -2.1809628e+04  -9.2579399e+03
   6.2100000e+02  -1.7927038e+04  -1.7458706e+04
   6.2200000e+02  -7.5126534e+03  -5.2004145e+03
   6.2300000e+02  -6.5898803e+03   1.1825679e+04
   6.2400000e+02  -1.0298927e+04   6.1759247e+03
   6.2500000e+02  -2.2182797e+04  -3.2318832e+03
   6.2600000e+02  -2.7815450e+04  -1.6518160e+03
   6.2700000e+02  -7.5001885e+03  -3.5244957e+03
   6.2800000e+02   4.6927631e+03  -3.4712878e+02
   6.2900000e+02  -1.7909084e+04   1.3148444e+04
   6.3000000e+02  -4.0334146e+04   1.0805078e+04
   6.3100000e+02  -3.2745700e+04  -1.1680324e+04
   6.3200000e+02  -7.2311133e+03  -1.5603834e+04
   6.3300000e+02   1.0627318e+04   8.0110760e+03
   6.3400000e+02   7.1253822e+03   1.1886409e+04
   6.3500000e+02  -9.9383329e+03  -1.3277703e+04
   6.3600000e+02  -1.6255568e+04  -2.9024295e+04
   6.3700000e+02  -8.1277571e+02  -2.1140823e+04
   6.3800000e+02   1.1964431e+04   1.0919816e+03
   6.3900000e+02   3.4319578e+02   8.2851702e+03
   6.4000000e+02  -1.3924529e+04  -1.5152791e+04
   6.4100000e+02   1.0108034e+03  -3.0542758e+04
   6.4200000e+02   2.5554015e+04  -1.8691284e+04
   6.4300000e+02   1.3370190e+04  -5.6953102e+03
   6.4400000e+02  -2.1989994e+04  -1.6758933e+03
   6.4500000e+02  -3.2326092e+04  -6.9043924e+03
   6.4600000e+02  -1.1987217e+04  -1.6174464e+04
   6.4700000e+02   1.9128636e+04  -6.0955696e+03
   6.4800000e+02   2.7061999e+04   1.3356468e+04
   6.4900000e+02  -1.0364671e+04   5.7746019e+03
   6.5000000e+02  -3.6487115e+04  -1.7532164e+04
   6.5100000e+02  -2.0421435e+03  -2.0211452e+04
   6.5200000e+02   3.3618320e+04  -2.4974583e+03
   6.5300000e+02   1.5890658e+04   7.2335385e+03
   6.5400000e+02  -2.1446779e+04  -3.0900195e+03
   6.5500000e+02  -3.2804491e+04  -8.2856621e+03
   6.5600000e+02  -5.5687593e+03   6.3773878e+03
   6.5700000e+02   3.6551556e+04   1.3070097e+04
   6.5800000e+02   4.2622926e+04  -2.2038389e+03
   6.5900000e+02   4.9771283e+03  -1.5166315e+04
   6.6000000e+02  -2.6229532e+04  -7.9488423e+03
   6.6100000e+02  -1.9880186e+04   1.2708776e+04
   6.6200000e+02   1.2876461e+04   2.3195315e+04
   6.6300000e+02   3.6427058e+04   1.2837581e+03
   6.6400000e+02   1.5909011e+04  -3.3712063e+04
   6.6500000e+02  -2.0867432e+04  -3.9065228e+04
   6.6600000e+02  -1.7420479e+04  -1.1423312e+04
   6.6700000e+02   1.1458710e+04   2.0254211e+04
   6.6800000e+02   2.0014960e+04   2.7236111e+04
   6.6900000e+02   6.9199377e+03   2.4872629e+03
   6.7000000e+02  -5.6986422e+03  -1.8726044e+04
   6.7100000e+02  -1.0536353e+03  -5.9825539e+03
   6.7200000e+02   1.8325214e+04   1.4461201e+04
   6.7300000e+02   3.3338152e+04   1.0557819e+04
   6.7400000e+02   3.0417043e+04   5.1261284e+03
   6.7500000e+02   5.0752478e+03   1.8293923e+04
   6.7600000e+02  -2.3644792e+04   1.6191087e+04
   6.7700000e+02  -1.5044060e+04  -8.7437633e+03
   6.7800000e+02   2.5094005e+04  -1.5721280e+04
   6.7900000e+02   3.6522449e+04   7.8469535e+03
   6.8000000e+02   4.3520469e+03   3.0690140e+04
   6.8100000e+02  -2.2265916e+04   1.8813123e+04
   6.8200000e+02  -1.7134657e+04  -5.5652487e+03
   6.8300000e+02  -9.2387738e+02  -1.2800116e+03
   6.8400000e+02   1.1595415e+03   9.0221270e+03
   6.8500000e+02  -2.8136883e+03   8.0126810e+03
   6.8600000e+02   1.4960308e+04   1.1408684e+04
   6.8700000e+02   3.4975824e+04   2.7909886e+03
   6.8800000e+02   1.6921495e+04  -1.4086801e+04
   6.8900000e+02  -1.4042208e+04  -3.9849232e+03
   6.9000000e+02  -1.4638410e+04   1.2056275e+04
   6.9100000e+02   5.2933917e+03  -7.6730865e+02
   6.9200000e+02   1.8685185e+04  -1.1614146e+04
   6.9300000e+02   1.2074364e+04   1.8691802e+03
   6.9400000e+02  -1.1129043e+04   8.8285968e+03
   6.9500000e+02  -2.5253929e+04   4.1823390e+03
   6.9600000e+02  -1.9364957e+04   8.3317669e+03
   6.9700000e+02  -7.7412881e+03   1.7433629e+04
   6.9800000e+02   5.6770613e+03   2.1450706e+04
   6.9900000e+02   1.0389426e+04   1.6780780e+04
   7.0000000e+02  -7.7754458e+03   3.2374933e+03
   7.0100000e+02  -1.9607237e+04  -9.2903532e+03
   7.0200000e+02   2.4119867e+03  -4.4195306e+03
   7.0300000e+02   2.5063126e+04   1.5578666e+04
   7.0400000e+02   1.5388220e+04   2.4150834e+04
   7.0500000e+02  -3.8228137e+03   1.3676000e+04
   7.0600000e+02  -9.3144003e+03  -1.2422730e+03
   7.0700000e+02  -9.4545801e+03  -1.5710659e+04
   7.0800000e+02  -8.3080334e+03  -2.6522589e+04
   7.0900000e+02  -8.0126434e+03  -2.3788784e+04
   7.1000000e+02  -1.1685525e+04  -6.9534146e+03
   7.1100000e+02  -1.8723317e+04   6.0258133e+03
   7.1200000e+02  -3.4211611e+04   4.8639243e+03
   7.1300000e+02  -3.6788670e+04  -1.7045844e+03
   7.1400000e+02  -9.7211906e+03  -1.1137529e+04
   7.1500000e+02   8.3703222e+03  -1.1382141e+04
   7.1600000e+02  -2.4856550e+03   1.0948080e+04
   7.1700000e+02  -1.5558887e+04   2.3698746e+04
   7.1800000e+02  -1.1758037e+04   2.0132913e+03
   7.1900000e+02   7.5715435e+03  -1.7847508e+04
   7.2000000e+02   1.8965505e+04  -7.6448772e+03
   7.2100000e+02   6.3341052e+03   1.0716604e+04
   7.2200000e+02  -4.3813118e+03   1.1635693e+04
   7.2300000e+02   5.3490774e+03  -6.6307315e+03
   7.2400000e+02   9.5465203e+03  -2.5703638e+04
   7.2500000e+02  -6.5508218e+03  -2.8768772e+04
   7.2600000e+02  -2.2562780e+04  -1.7001370e+04
   7.2700000e+02  -2.3956092e+04   1.9982595e+03
   7.2800000e+02  -7.3351101e+03   3.1144173e+03
   7.2900000e+02   1.5630994e+04  -2.1770812e+04
   7.3000000e+02   1.9169147e+04  -2.4897791e+04
   7.3100000e+02   3.2870520e+03   2.7969683e+03
   7.3200000e+02  -1.5560278e+04   1.3270590e+04
   7.3300000e+02  -2.3085906e+04   8.6654325e+02
   7.3400000e+02  -8.6215392e+03  -5.2998141e+03
   7.3500000e+02   1.3172156e+04   5.0713480e+03
   7.3600000e+02   2.6512990e+04   1.4322335e+04
   7.3700000e+02   2.7454408e+04   4.3326043e+03
   7.3800000e+02   7.4061221e+03  -1.0879309e+04
   7.3900000e+02  -1.7109303e+04  -1.2617594e+04
   7.4000000e+02  -1.7583924e+04  -6.6076339e+03
   7.4100000e+02  -2.7380655e+03  -7.8490805e+03
   7.4200000e+02   4.3989049e+03  -1.5515516e+04
   7.4300000e+02   3.9170510e+03  -1.4938081e+04
   7.4400000e+02   4.6584967e+03  -6.1188757e+03
   7.4500000e+02   7.1509114e+03  -2.6326024e+03
   7.4600000e+02   9.8321259e+03  -1.1743200e+04
   7.4700000e+02   7.8696103e+03  -1.8715917e+04
   7.4800000e+02   7.4170951e+02  -1.1606720e+03
   7.4900000e+02   1.5523832e+03   1.9922239e+04
   7.5000000e+02   1.1729436e+04   4.7717413e+03
   7.5100000e+02   1.6605648e+04  -2.2996226e+04
   7.5200000e+02   9.6913619e+03  -5.5182095e+03
   7.5300000e+02  -9.2659821e+03   3.5516978e+04
   7.5400000e+02  -2.7573794e+04   2.9142584e+04
   7.5500000e+02  -1.4917865e+04  -8.1699024e+03
   7.5600000e+02   2.1702656e+04  -1.1902393e+04
   7.5700000e+02   3.0534214e+04   1.8636638e+04
   7.5800000e+02   5.6752071e+03   3.8318623e+04
   7.5900000e+02  -6.6984192e+03   1.2953936e+04
   7.6000000e+02   5.7204037e+03  -2.7752841e+04
   7.6100000e+02   1.9053917e+04  -2.2387965e+04
   7.6200000e+02   1.8063839e+04   1.1841764e+04
   7.6300000e+02   3.5773906e+03   1.5839235e+04
   7.6400000e+02  -4.5230385e+03  -8.2159482e+03
   7.6500000e+02   9.7788281e+03  -2.1221776e+04
   7.6600000e+02   2.6902910e+04  -4.9527383e+03
   7.6700000e+02   2.6314482e+04   2.4478709e+04
   7.6800000e+02   8.8112279e+03   2.7883805e+04
   7.6900000e+02  -2.0583778e+04  -9.8258203e+02
   7.7000000e+02  -2.9102410e+04  -1.5662122e+04
   7.7100000e+02   1.8825857e+03   1.1196380e+03
   7.7200000e+02   2.4617585e+04   2.0041587e+04
   7.7300000e+02   2.0068887e+04   2.9163066e+04
   7.7400000e+02   1.3719257e+04   2.2216147e+04
   7.7500000e+02  -1.0442120e+02  -2.2114878e+03
   7.7600000e+02  -1.3726317e+04  -1.0449798e+04
   7.7700000e+02  -3.1058615e+03   9.6198329e+03
   7.7800000e+02   1.0795963e+04   2.4991825e+04
   7.7900000e+02   3.9521047e+03   1.6591136e+04
   7.8000000e+02  -9.7420871e+03  -9.7583268e+02
   7.8100000e+02  -1.4277773e+04   2.9803716e+03
   7.8200000e+02  -8.0475955e+03   2.5636850e+04
   7.8300000e+02   2.1815459e+03   1.8967134e+04
   7.8400000e+02  -5.3491447e+03  -1.1951708e+04
   7.8500000e+02  -3.0278253e+04  -1.7471254e+04
   7.8600000e+02  -3.5265958e+04  -7.0874988e+03
   7.8700000e+02  -1.3289215e+04  -1.9437338e+03
   7.8800000e+02   7.3514292e+03   5.6867488e+03
   7.8900000e+02   3.8380411e+03   7.4273950e+03
   7.9000000e+02  -2.0995375e+04   1.1694873e+03
   7.9100000e+02  -2.5560811e+04  -3.1435213e+03
   7.9200000e+02   2.2972881e+03  -4.2634519e+03
   7.9300000e+02   1.9815340e+04   4.1455320e+03
   7.9400000e+02   1.1853545e+04   1.7003257e+04
   7.9500000e+02  -4.7715034e+03   8.9654443e+03
   7.9600000e+02  -1.8704465e+04  -1.6871447e+04
   7.9700000e+02  -1.8177861e+04  -1.6027722e+04
   7.9800000e+02  -4.1612228e+03   1.4594411e+04
   7.9900000e+02   1.3386832e+03   1.7190547e+04
   8.0000000e+02  -5.6919039e+03  -1.9082456e+04
   8.0100000e+02  -4.5921641e+03  -3.9028226e+04
   8.0200000e+02  -2.5414565e+03  -1.7175762e+04
   8.0300000e+02  -1.6328047e+04   1.0143961e+04
   8.0400000e+02  -2.1839375e+04   8.1833030e+03
   8.0500000e+02  -2.0611550e+03  -1.1670464e+04
   8.0600000e+02   1.5005473e+04  -2.3290672e+04
   8.0700000e+02   4.5112898e+03  -1.3412385e+04
   8.0800000e+02  -1.7333474e+04   4.3121993e+03
   8.0900000e+02  -2.3770723e+04  -8.8480049e+02
   8.1000000e+02  -1.5581994e+04  -1.9506892e+04
   8.1100000e+02  -3.1904072e+03  -1.6504126e+04
   8.1200000e+02   8.2784840e+03   1.5951181e+03
   8.1300000e+02   9.1472326e+03  -2.2295633e+03
   8.1400000e+02  -3.1194138e+02  -2.6443132e+04
   8.1500000e+02   5.3113695e+02  -3.0613704e+04
   8.1600000e+02   1.4482112e+04  -1.3299923e+04
   8.1700000e+02   9.6592774e+03  -1.9214043e+02
   8.1800000e+02  -1.3563693e+04   2.6424773e+03
   8.1900000e+02  -1.4097883e+04  -5.7458027e+03
   8.2000000e+02   1.0747262e+04  -8.7394327e+03
   8.2100000e+02   2.7816228e+04  -1.6451760e+03
   8.2200000e+02   1.7212118e+04  -9.8176637e+03
   8.2300000e+02  -1.0608708e+04  -1.8752774e+04
   8.2400000e+02  -2.0511484e+04  -9.3702854e+02
   8.2500000e+02  -5.0841371e+02   1.7349082e+04
   8.2600000e+02   1.8550255e+04   7.4862760e+03
   8.2700000e+02   1.1407727e+04  -9.6218092e+03
   8.2800000e+02  -7.3561972e+03  -1.3318879e+04
   8.2900000e+02  -6.8796244e+03  -1.2732925e+04
   8.3000000e+02   1.8049806e+04  -6.8209078e+03
   8.3100000e+02   3.5064118e+04   8.2342440e+02
   8.3200000e+02   1.7756777e+04   2.2816011e+03
   8.3300000e+02  -3.2135014e+03   1.2405504e+04
   8.3400000e+02   4.7810141e+03   1.6347942e+04
   8.3500000e+02   1.9762567e+04  -2.6981951e+03
   8.3600000e+02   2.5813026e+04  -8.0616137e+03
   8.3700000e+02   2.2542366e+04   1.1544265e+04
   8.3800000e+02   2.1252882e+03   2.2874290e+04
   8.3900000e+02  -1.1391871e+04   1.6362623e+04
   8.4000000e+02   4.9558260e+03   7.8505245e+03
   8.4100000e+02   2.3145459e+04   8.9962906e+03
   8.4200000e+02   1.4821281e+04   1.5114088e+04
   8.4300000e+02  -6.0029258e+03   9.0480195e+03
   8.4400000e+02  -1.3100414e+04  -6.5957409e+03
   8.4500000e+02  -4.7478963e+02  -6.3039029e+03
   8.4600000e+02   1.4696821e+04   1.0657027e+04
   8.4700000e+02   1.1309606e+04   2.4317175e+04
   8.4800000e+02  -5.9233485e+02   2.4071025e+04
   8.4900000e+02  -4.7409633e+03   7.2324124e+03
   8.5000000e+02  -1.1100784e+04  -4.4574091e+03
   8.5100000e+02  -9.0367149e+03   7.4166866e+03
   8.5200000e+02   1.4569622e+04   2.1312878e+04
   8.5300000e+02   2.6641895e+04   2.2342449e+04
   8.5400000e+02   3.2246580e+03   1.8079335e+04
   8.5500000e+02  -3.0791670e+04   1.1208637e+04
   8.5600000e+02  -3.2590849e+04   3.1280559e+03
   8.5700000e+02   6.4553116e+03   2.4474057e+03
   8.5800000e+02   3.9081835e+04   1.2542215e+04
   8.5900000e+02   1.9678515e+04   1.2054423e+04
   8.6000000e+02  -3.0151345e+04  -1.0210591e+04
   8.6100000e+02  -4.3123585e+04  -1.6224766e+04
   8.6200000e+02  -3.1173317e+03   1.7973379e+04
   8.6300000e+02   2.7976983e+04   4.6183307e+04
   8.6400000e+02   6.9002314e+03   2.2394889e+04
   8.6500000e+02  -3.3250265e+04  -2.5366792e+04
   8.6600000e+02  -3.7056399e+04  -4.3418035e+04
   8.6700000e+02  -3.3911708e+03  -2.3602493e+04
   8.6800000e+02   1.5996146e+04   8.6282137e+03
   8.6900000e+02  -4.1541462e+03   2.4867195e+04
   8.7000000e+02  -2.6709269e+04   7.0814668e+03
   8.7100000e+02  -1.6038702e+04  -1.9188284e+04
   8.7200000e+02   5.9583170e+03  -1.2985793e+04
   8.7300000e+02   6.9165747e+03  -9.2949781e+02
   8.7400000e+02  -7.0018751e+03  -1.0670404e+04
   8.7500000e+02  -1.3203439e+04  -3.0673200e+03
   8.7600000e+02  -3.2177544e+03   1.5714735e+04
   8.7700000e+02   4.9907400e+02   6.9853561e+03
   8.7800000e+02  -1.2166369e+04  -1.0211231e+04
   8.7900000e+02  -1.5259880e+04  -2.1440935e+04
   8.8000000e+02  -1.2277416e+04  -2.6450556e+04
   8.8100000e+02  -1.4317199e+04  -2.2389933e+04
   8.8200000e+02  -3.2407639e+03  -2.3401998e+04
   8.8300000e+02   1.2712915e+04  -1.4886354e+04
   8.8400000e+02   1.2645578e+04   9.4120742e+03
   8.8500000e+02  -2.5992265e+03   5.8197928e+03
   8.8600000e+02  -1.9868890e+04  -2.5749611e+04
   8.8700000e+02  -1.5967684e+04  -3.4091215e+04
   8.8800000e+02   4.8178176e+03  -1.0136025e+04
   8.8900000e+02   9.8175127e+03   1.2448036e+04
   8.9000000e+02  -1.1487952e+03   1.3046336e+04
   8.9100000e+02  -5.2637168e+03  -5.4018418e+03
   8.9200000e+02  -2.6618828e+03  -1.9197993e+04
   8.9300000e+02  -2.1437633e+03  -7.0459140e+03
   8.9400000e+02  -3.2754726e+03   7.1928682e+03
   8.9500000e+02  -4.6739643e+03  -2.9645134e+03
   8.9600000e+02  -7.2884866e+02  -1.7249983e+04
   8.9700000e+02   8.0025869e+03  -1.8975220e+04
   8.9800000e+02   8.7664474e+03  -1.3014431e+04
   8.9900000e+02   3.0702610e+03   2.4260986e+03
   9.0000000e+02   1.9833718e+03   1.4213662e+04
   9.0100000e+02   2.0726856e+03   5.3246845e+03
   9.0200000e+02   1.1539609e+03  -4.5917622e+03
   9.0300000e+02   1.0896894e+04  -3.4273195e+03
   9.0400000e+02   2.6894478e+04  -5.4350390e+03
   9.0500000e+02   2.3992715e+04  -2.7846203e+03
   9.0600000e+02  -1.0387839e+03   8.4895727e+03
   9.0700000e+02  -2.1380362e+04   8.7171473e+03
   9.0800000e+02  -1.1155942e+04  -4.4685205e+03
   9.0900000e+02   1.6726260e+04  -1.7485474e+04
   9.1000000e+02   1.7926186e+04  -1.7456769e+04
   9.1100000e+02  -3.4839461e+03  -5.2415145e+03
   9.1200000e+02  -6.1660109e+03   4.6247633e+03
   9.1300000e+02   7.1568207e+03   1.2485239e+04
   9.1400000e+02   1.7364422e+04   1.8391736e+04
   9.1500000e+02   1.8610786e+04   6.0714165e+03
   9.1600000e+02   8.7765720e+03  -4.4547575e+03
   9.1700000e+02   6.5703059e+03   2.6926784e+04
   9.1800000e+02   1.8419608e+04   5.6323034e+04
   9.1900000e+02   2.0598101e+04   2.5458354e+04
   9.2000000e+02   9.3220516e+03  -1.0686735e+04
   9.2100000e+02  -3.2751275e+02  -6.8017727e+03
   9.2200000e+02  -4.2405301e+03   2.8730423e+03
   9.2300000e+02  -5.7120598e+03   1.2352864e+04
   9.2400000e+02  -8.5743430e+03   1.8590018e+04
   9.2500000e+02  -6.5678152e+03   7.0801290e+01
   9.2600000e+02   6.1156350e+03  -1.8426061e+04
   9.2700000e+02   1.3638702e+04  -8.7111395e+03
   9.2800000e+02   5.7304540e+03   9.8443060e+03
   9.2900000e+02  -5.9234170e+03   1.3144504e+04
   9.3000000e+02  -7.5224878e+03   1.0294111e+04
   9.3100000e+02   5.9025267e+03   1.3147130e+04
   9.3200000e+02   1.6234646e+04   1.1091111e+04
   9.3300000e+02   5.3268535e+03   4.1589320e+03
   9.3400000e+02  -7.2420388e+03   8.5994719e+03
   9.3500000e+02  -3.0229170e+03   1.9689910e+04
   9.3600000e+02   7.3555187e+02   1.0702694e+04
   9.3700000e+02  -7.2914453e+03  -1.5147189e+04
   9.3800000e+02  -8.7075451e+03  -1.7447153e+04
   9.3900000e+02  -3.7426940e+02   1.0144807e+04
   9.4000000e+02  -2.8426685e+03   2.8437863e+04
   9.4100000e+02  -8.0159914e+03   7.1015739e+03
   9.4200000e+02  -1.3452823e+03  -3.6359539e+04
   9.4300000e+02  -1.9864569e+03  -3.8351176e+04
   9.4400000e+02  -1.1489946e+04   1.4473662e+04
   9.4500000e+02  -6.5404904e+03   3.8847984e+04
   9.4600000e+02   7.5749110e+02  -2.7030169e+03
   9.4700000e+02  -1.2065128e+04  -2.9470678e+04
   9.4800000e+02  -2.0491754e+04   1.8556321e+03
   9.4900000e+02  -5.1775030e+03   2.7628421e+04
   9.5000000e+02   4.8662145e+03   1.3627081e+04
   9.5100000e+02  -2.3837871e+03  -1.2085406e+04
   9.5200000e+02  -8.2186493e+03  -2.6364792e+04
   9.5300000e+02  -4.1064328e+03  -5.7326225e+03
   9.5400000e+02   8.0563585e+03   3.3358588e+04
   9.5500000e+02   1.1750452e+04   2.4895209e+04
   9.5600000e+02   1.9248009e+03  -2.4651835e+04
   9.5700000e+02   1.1196913e+03  -3.6120466e+04
   9.5800000e+02   4.8657746e+03   2.4590196e+03
   9.5900000e+02  -5.4253146e+03   2.3311738e+04
   9.6000000e+02  -1.3113982e+04  -5.6107274e+03
   9.6100000e+02  -6.1528394e+03  -3.1751346e+04
   9.6200000e+02  -5.3354355e+03  -7.1517990e+03
   9.6300000e+02  -1.6310095e+04   2.0481834e+04
   9.6400000e+02  -1.4076587e+04  -5.7779650e+03
   9.6500000e+02   6.4658157e+02  -4.4085985e+04
   9.6600000e+02  -3.8361963e+03  -3.9754680e+04
   9.6700000e+02  -2.0957670e+04  -5.0622418e+03
   9.6800000e+02  -1.5489701e+04   1.8536571e+04
   9.6900000e+02   2.8347043e+03   4.5134814e+03
   9.7000000e+02   3.4561845e+03  -2.2043453e+04
   9.7100000e+02  -2.3984858e+03  -2.4070742e+04
   9.7200000e+02  -2.8933692e+02  -5.0614722e+03
   9.7300000e+02  -6.2174244e+03   1.5147243e+04
   9.7400000e+02  -1.2365778e+04   1.0338510e+04
   9.7500000e+02   8.7391651e+02  -1.3450663e+04
   9.7600000e+02   6.3973659e+03  -1.3862215e+04
   9.7700000e+02  -9.8576174e+03   3.0757164e+03
   9.7800000e+02  -8.2319357e+03   9.1800531e+03
   9.7900000e+02   1.6943468e+04   1.0963949e+04
   9.8000000e+02   1.7125164e+04   4.3538462e+03
   9.8100000e+02  -1.9897097e+04  -2.1047586e+04
   9.8200000e+02  -3.8714494e+04  -2.9762199e+04
   9.8300000e+02  -2.6441886e+03   4.8615908e+03
   9.8400000e+02   3.5339328e+04   2.5659143e+04
   9.8500000e+02   1.9295556e+04  -7.9761674e+03
   9.8600000e+02  -1.2294009e+04  -3.3459632e+04
   9.8700000e+02  -5.1131497e+03  -1.1344131e+04
   9.8800000e+02   1.7792673e+04   1.0637437e+04
   9.8900000e+02   1.3998080e+04  -7.5399674e+02
   9.9000000e+02  -4.5715752e+02  -2.0015397e+04
   9.9100000e+02   6.6119611e+03  -1.1757791e+04
   9.9200000e+02   2.6340852e+04   1.5175764e+04
   9.9300000e+02   3.1374846e+04   2.1973623e+04
   9.9400000e+02   6.8457870e+03   6.3207263e+03
   9.9500000e+02  -2.0012031e+04  -1.0748276e+03
   9.9600000e+02  -6.2386716e+03   1.0699829e+04
   9.9700000e+02   2.0582822e+04   2.6485073e+04
   9.9800000e+02   1.3123114e+04   2.3378559e+04
   9.9900000e+02  -4.3752558e+03  -2.4364102e+03
   1.0000000e+03   1.5494283e+03  -1.8594639e+04
   1.0010000e+03   1.5577003e+04  -2.4774044e+03
   1.0020000e+03   1.5018837e+04   1.9415710e+04
   1.0030000e+03   4.1037040e+03   1.4485871e+04
   1.0040000e+03   1.4084126e+03  -6.0489335e+03
   1.0050000e+03   1.6607061e+04  -6.7236511e+03
   1.0060000e+03   3.0572528e+04   1.5925726e+04
   1.0070000e+03   1.6462520e+04   2.5198539e+04
   1.0080000e+03  -5.1930052e+03   2.0970918e+02
   1.0090000e+03  -3.6013690e+03  -2.3050549e+04
   1.0100000e+03   9.7711136e+03  -4.2054899e+03
   1.0110000e+03   1.6492395e+04   2.5051036e+04
   1.0120000e+03   4.0429830e+03   2.1483119e+04
   1.0130000e+03  -1.4989656e+04   8.8151016e+03
   1.0140000e+03  -8.7380672e+03   5.3409649e+03
   1.0150000e+03   5.0277908e+03  -4.7679633e+03
   1.0160000e+03   2.0905962e+02  -7.9317264e+03
   1.0170000e+03  -4.5279572e+03   1.0034281e+04
   1.0180000e+03   3.2648310e+03   2.5240304e+04
   1.0190000e+03   1.1321165e+04   1.9578114e+04
   1.0200000e+03   3.4585497e+03   3.0024778e+03
   1.0210000e+03  -1.6945593e+04  -6.9104607e+03
   1.0220000e+03  -2.2417747e+04  -2.1456025e+03
   1.0230000e+03  -5.4158956e+03   9.6951964e+03
   1.0240000e+03   6.4062432e+03   1.6870574e+04
   1.0250000e+03   1.4208970e+03   1.5167127e+04
   1.0260000e+03  -4.9300300e+01   7.3064200e+03
   1.0270000e+03   9.9131740e+02  -3.0823258e+02
   1.0280000e+03  -1.1246907e+04  -8.6229915e+03
   1.0290000e+03  -2.0433316e+04  -1.3202375e+04
   1.0300000e+03  -7.0384447e+03   2.9764207e+03
   1.0310000e+03   1.2935493e+04   1.9087757e+04
   1.0320000e+03   5.1656225e+03   5.5235621e+02
   1.0330000e+03  -2.1334848e+04  -2.1904994e+04
   1.0340000e+03  -2.0128623e+04  -1.2683168e+04
   1.0350000e+03  -4.3910860e+03   2.5672681e+03
   1.0360000e+03  -1.2907317e+04   4.3466954e+03
   1.0370000e+03  -2.6765835e+04   4.4359992e+03
   1.0380000e+03  -2.5683309e+04   3.2758972e+02
   1.0390000e+03  -1.5087558e+04  -1.1295894e+04
   1.0400000e+03  -2.0140874e+03  -1.6888050e+04
   1.0410000e+03  -3.5130064e+03  -1.2492193e+04
   1.0420000e+03  -1.7746773e+04  -2.7356798e+03
   1.0430000e+03  -1.7232934e+04   3.0315849e+03
   1.0440000e+03  -6.4425987e+02  -6.9901040e+03
   1.0450000e+03   8.5960986e+03  -1.8219398e+04
   1.0460000e+03   2.3080147e+03  -1.4378944e+04
   1.0470000e+03  -1.3567152e+04  -7.3708461e+03
   1.0480000e+03  -2.5412747e+04  -6.1262926e+03
   1.0490000e+03  -1.0906764e+04  -1.4493041e+04
   1.0500000e+03   2.2539520e+04  -2.7154597e+04
   1.0510000e+03   2.7177243e+04  -1.5845267e+04
   1.0520000e+03  -6.8558695e+03   1.0229092e+04
   1.0530000e+03  -2.7003408e+04   4.6329514e+03
   1.0540000e+03  -1.1238592e+04  -1.9324364e+04
   1.0550000e+03   6.4676190e+03  -1.8759947e+04
   1.0560000e+03   4.5130220e+03  -7.7077265e+03
   1.0570000e+03  -7.7120346e+03  -6.6733646e+03
   1.0580000e+03  -1.0777499e+04  -7.4637900e+03
   1.0590000e+03  -6.4602861e+03  -7.8963226e+03
   1.0600000e+03  -1.2830463e+04  -1.5121780e+03
   1.0610000e+03  -1.0809254e+04   9.6652592e+03
   1.0620000e+03   1.2727380e+04   1.7960448e+03
   1.0630000e+03   2.0270437e+04  -1.9670032e+04
   1.0640000e+03   6.1816258e+03  -2.3192015e+04
   1.0650000e+03   6.2275535e+03  -9.0721140e+03
   1.0660000e+03   2.1373967e+04   1.0445683e+03
   1.0670000e+03   2.8546362e+04   8.2055688e+03
   1.0680000e+03   2.4735985e+04   1.3275546e+04
   1.0690000e+03   1.6788083e+04   2.7576696e+03
   1.0700000e+03   8.2110261e+03  -1.2288701e+04
   1.0710000e+03   9.3782894e+03  -1.4809240e+04
   1.0720000e+03   2.2082800e+04  -2.7748577e+03
   1.0730000e+03   2.4001870e+04   2.3674435e+04
   1.0740000e+03   1.8579634e+03   3.3395739e+04
   1.0750000e+03  -1.8524186e+04   2.0180294e+03
   1.0760000e+03  -4.4084588e+03  -2.2395651e+04
   1.0770000e+03   2.4137580e+04   1.3412239e+03
   1.0780000e+03   2.0488497e+04   3.3271452e+04
   1.0790000e+03  -6.3590501e+03   2.6197374e+04
   1.0800000e+03  -1.2120880e+04  -3.9575602e+03
   1.0810000e+03   1.0476768e+04  -1.1506158e+04
   1.0820000e+03   3.2737481e+04   1.3531787e+04
   1.0830000e+03   2.9947730e+04   2.9881088e+04
   1.0840000e+03   7.7663643e+03   1.2673450e+04
   1.0850000e+03  -6.9924222e+03  -8.4634163e+03
   1.0860000e+03  -7.3487457e+02  -1.0103121e+04
   1.0870000e+03   2.1448619e+04   8.2254213e+03
   1.0880000e+03   3.8942927e+04   2.9872035e+04
   1.0890000e+03   1.8340910e+04   1.9310820e+04
   1.0900000e+03  -2.6115660e+04  -3.9933919e+03
   1.0910000e+03  -3.1949050e+04   5.7993650e+03
   1.0920000e+03   8.8570525e+02   2.6618835e+04
   1.0930000e+03   1.7584921e+04   2.6951547e+04
   1.0940000e+03   5.0873253e+03   1.0036133e+04
   1.0950000e+03  -1.6274331e+04  -8.2273937e+03
   1.0960000e+03  -2.5374037e+04  -1.9860772e+03
   1.0970000e+03  -1.0964569e+04   1.9970577e+04
   1.0980000e+03   7.2818252e+03   2.0600056e+04
   1.0990000e+03   4.7139970e+03   4.3046477e+03
   1.1000000e+03  -7.5318831e+03  -3.6014688e+03
   1.1010000e+03  -1.0094369e+04  -6.2315523e+03
   1.1020000e+03  -1.0553645e+04  -9.2587845e+03
   1.1030000e+03  -9.9559049e+03  -2.8108075e+03
   1.1040000e+03   2.5057774e+03   1.1558554e+04
   1.1050000e+03   1.2440217e+04   1.9726781e+04
   1.1060000e+03   5.9162925e+03   6.8478004e+03
   1.1070000e+03  -1.0538259e+04  -2.5353740e+04
   1.1080000e+03  -2.6633020e+04  -3.3543480e+04
   1.1090000e+03  -2.6554399e+04   5.6616915e+03
   1.1100000e+03  -8.9660309e+03   3.1486597e+04
   1.1110000e+03   4.7740457e+02  -2.7058411e+03
   1.1120000e+03  -1.4491383e+04  -3.9632832e+04
   1.1130000e+03  -3.3852286e+04  -2.1251736e+04
   1.1140000e+03  -2.8257748e+04   1.5675528e+04
   1.1150000e+03  -5.8292457e+03   1.6475825e+04
   1.1160000e+03   1.8236492e+03  -1.0999142e+04
   1.1170000e+03  -6.9542460e+03  -2.2603765e+04
   1.1180000e+03  -9.9706393e+03  -1.2439984e+03
   1.1190000e+03  -8.6455933e+03   1.5717279e+04
   1.1200000e+03  -1.4906674e+04  -2.3970504e+03
   1.1210000e+03  -1.3376806e+04  -2.7709469e+04
   1.1220000e+03   4.9888380e+03  -2.4782406e+04
   1.1230000e+03   1.9779569e+04   4.2117572e+03
   1.1240000e+03   1.4944778e+04   2.3321352e+04
   1.1250000e+03  -7.8011729e+03  -2.3441094e+03
   1.1260000e+03  -2.8772183e+04  -4.2556956e+04
   1.1270000e+03  -2.5610054e+04  -3.5448035e+04
   1.1280000e+03  -5.0183639e+03   2.2431369e+03
   1.1290000e+03   8.1975115e+03   8.7376281e+03
   1.1300000e+03   4.5916989e+03  -9.8835393e+03
   1.1310000e+03  -8.2849333e+03  -1.1799614e+04
   1.1320000e+03  -1.7185751e+04  -3.2190782e+03
   1.1330000e+03  -5.4175423e+03  -8.8700837e+03
   1.1340000e+03   1.8286726e+04  -1.8876916e+04
   1.1350000e+03   1.7693614e+04  -1.1684309e+04
   1.1360000e+03  -2.9432696e+03   4.6089684e+03
   1.1370000e+03  -5.9650550e+03   5.7212673e+03
   1.1380000e+03   9.3548083e+03  -7.2546261e+03
   1.1390000e+03   1.9744447e+04  -1.2998645e+04
   1.1400000e+03   1.3889654e+04  -6.3529018e+03
   1.1410000e+03  -3.0234207e+03  -2.2267702e+02
   1.1420000e+03  -4.7194933e+03  -5.0469113e+03
   1.1430000e+03   1.9131875e+04  -1.5381818e+04
   1.1440000e+03   2.7381677e+04  -1.1083107e+04
   1.1450000e+03   2.3037146e+03   6.8620250e+03
   1.1460000e+03  -8.2728458e+03   7.4267688e+03
   1.1470000e+03   8.7163175e+03  -1.0678338e+04
   1.1480000e+03   1.7528559e+04  -1.3687435e+04
   1.1490000e+03   1.5492594e+04   4.8792005e+03
   1.1500000e+03   1.9144820e+04   1.8027349e+04
   1.1510000e+03   2.1799302e+04   9.5750668e+03
   1.1520000e+03   4.5913274e+03   8.3131693e+02
   1.1530000e+03  -1.4528588e+04   1.4203836e+04
   1.1540000e+03   4.2427084e+03   2.5950872e+04
   1.1550000e+03   2.9595408e+04   1.3040284e+04
   1.1560000e+03   1.3998127e+04  -3.0263926e+03
   1.1570000e+03  -6.6895801e+03  -1.3468561e+03
   1.1580000e+03   2.4551838e+02   1.1582265e+04
   1.1590000e+03   6.6320228e+03   1.7635110e+04
   1.1600000e+03  -1.3425861e+03   4.5505397e+03
   1.1610000e+03  -4.2057524e+03  -1.2229846e+04
   1.1620000e+03   7.4423777e+03  -4.5877210e+03
   1.1630000e+03   2.4695938e+04   1.7728329e+04
   1.1640000e+03   2.5949888e+04   1.7041955e+04
   1.1650000e+03  -4.7031322e+02  -4.9270956e+03
   1.1660000e+03  -2.0010252e+04  -9.7477647e+03
   1.1670000e+03  -1.8678116e+03   1.1499492e+04
   1.1680000e+03   2.3059626e+04   3.3535039e+04
   1.1690000e+03   1.6661146e+04   3.4402477e+04
   1.1700000e+03  -1.2253510e+04   9.0333961e+03
   1.1710000e+03  -2.5780754e+04  -1.4906137e+04
   1.1720000e+03  -8.3402808e+03  -1.3301747e+03
   1.1730000e+03   1.2958111e+04   2.7939283e+04
   1.1740000e+03   1.6237394e+04   2.7566498e+04
   1.1750000e+03   7.2592022e+03   8.7046115e+03
   1.1760000e+03  -4.9788060e+03   2.6856595e+03
   1.1770000e+03  -7.8079158e+03   4.2999994e+03
   1.1780000e+03   6.9972035e+03  -1.4067181e+03
   1.1790000e+03   1.4656380e+04  -7.6252341e+03
   1.1800000e+03  -6.3611696e+03  -3.9353770e+00
   1.1810000e+03  -2.6966650e+04   1.5897900e+04
   1.1820000e+03  -2.5442743e+04   1.7132048e+04
   1.1830000e+03  -1.9215006e+04  -1.3749973e+03
   1.1840000e+03  -1.3649848e+04  -1.8102506e+04
   1.1850000e+03  -1.2755175e+04  -2.2907253e+04
   1.1860000e+03  -2.3725128e+04  -2.0516197e+04
   1.1870000e+03  -2.3359005e+04  -2.5361656e+03
   1.1880000e+03  -2.6703355e+03   2.3259611e+04
   1.1890000e+03   6.8084210e+03   1.7447879e+04
   1.1900000e+03  -3.4099147e+03  -2.2227254e+04
   1.1910000e+03  -5.7738996e+03  -3.4194790e+04
   1.1920000e+03  -7.9839110e+02   4.9509122e+03
   1.1930000e+03  -9.5207903e+03   2.1961224e+04
   1.1940000e+03  -1.5933028e+04  -1.2458539e+04
   1.1950000e+03  -1.4741506e+03  -2.4310351e+04
   1.1960000e+03   1.3159320e+04  -1.0108887e+02
   1.1970000e+03   3.5321524e+03   5.9155699e+03
   1.1980000e+03  -2.2142842e+04  -3.9491286e+03
   1.1990000e+03  -2.8838792e+04  -1.4794378e+04
   1.2000000e+03  -8.2890145e+03  -2.9987512e+04
   1.2010000e+03   8.4541454e+03  -2.2460910e+04
   1.2020000e+03   1.0536825e+04   6.7750514e+03
   1.2030000e+03   5.8949470e+03   3.7171124e+03
   1.2040000e+03  -4.7268554e+03  -2.6097443e+04
   1.2050000e+03  -8.4226897e+03  -2.0535772e+04
   1.2060000e+03  -2.3094421e+03   1.1823940e+04
   1.2070000e+03  -2.1971180e+03   2.1190315e+04
   1.2080000e+03  -6.2204302e+02   1.1083638e+04
   1.2090000e+03   4.6143709e+03  -2.3441540e+03
   1.2100000e+03  -7.4189280e+03  -1.5311600e+04
   1.2110000e+03  -2.1521464e+04  -7.2101088e+03
   1.2120000e+03  -1.1714169e+04   1.6880919e+04
   1.2130000e+03   4.8272610e+03   1.7845705e+04
   1.2140000e+03   1.0328661e+04  -3.8567278e+03
   1.2150000e+03   4.8508122e+03  -2.0664542e+04
   1.2160000e+03  -9.6133711e+03  -2.6828887e+04
   1.2170000e+03  -1.0367674e+04  -1.5980409e+04
   1.2180000e+03   1.4717359e+04   2.5977871e+03
   1.2190000e+03   2.8307633e+04   5.3818274e+02
   1.2200000e+03   1.2037526e+04  -1.1742702e+04
   1.2210000e+03  -4.8400932e+01  -9.5306028e+03
   1.2220000e+03   4.5963267e+03   3.0734162e+03
   1.2230000e+03   8.6183600e+03   5.5238576e+03
   1.2240000e+03   7.3807101e+03  -1.2088496e+04
   1.2250000e+03   6.2078584e+03  -1.8825528e+04
   1.2260000e+03   1.0003842e+04   4.1484437e+03
   1.2270000e+03   6.3483980e+03   1.9134110e+04
   1.2280000e+03  -1.2972672e+04   6.8867903e+03
   1.2290000e+03  -1.7009518e+04  -9.9342313e+03
   1.2300000e+03   8.5412290e+03  -1.3460634e+04
   1.2310000e+03   2.8296711e+04  -1.3333775e+03
   1.2320000e+03   1.5207820e+04   7.9169713e+03
   1.2330000e+03  -9.6302571e+03  -3.1557926e+03
   1.2340000e+03  -6.0188197e+03  -1.2168558e+04
   1.2350000e+03   2.0711606e+04   3.6318869e+03
   1.2360000e+03   2.5513401e+04   1.9566655e+04
   1.2370000e+03   3.7113642e+03   1.0475723e+04
   1.2380000e+03  -4.4873174e+03  -4.1310017e+03
   1.2390000e+03   8.9627801e+03  -7.2161372e+02
   1.2400000e+03   1.7792429e+04   1.1219780e+04
   1.2410000e+03   1.9412671e+04   1.7506772e+04
   1.2420000e+03   1.3653416e+04   1.5375591e+04
   1.2430000e+03  -6.5298702e+03   2.7605539e+03
   1.2440000e+03  -1.1981442e+04  -5.0130966e+03
   1.2450000e+03   1.1012324e+04   4.0525547e+03
   1.2460000e+03   2.5410856e+04   1.2958926e+04
   1.2470000e+03   1.1556074e+04   1.5503077e+04
   1.2480000e+03  -1.1020066e+04   1.0495232e+04
   1.2490000e+03  -1.4667786e+04  -3.4353770e+03
   1.2500000e+03   1.7239351e+03  -4.3446602e+03
   1.2510000e+03   1.0051619e+04   7.1271762e+03
   1.2520000e+03   5.0205235e+03   1.2793752e+04
   1.2530000e+03  -6.5972229e+02   1.4908203e+04
   1.2540000e+03  -1.2209128e+04   1.3138294e+04
   1.2550000e+03  -1.5633795e+04   8.2497358e+03
   1.2560000e+03   1.0450403e+04   4.1547908e+03
   1.2570000e+03   3.0230195e+04   6.2090203e+03
   1.2580000e+03   8.5537473e+03   1.8186443e+04
   1.2590000e+03  -1.7258253e+04   1.6478778e+04
   1.2600000e+03  -1.1711788e+04  -3.8756297e+03
   1.2610000e+03  -5.8021068e+02  -7.7127843e+03
   1.2620000e+03  -4.2162249e+03   1.0732478e+04
   1.2630000e+03  -3.2258924e+03   2.1880566e+04
   1.2640000e+03   1.0472031e+03   1.2363171e+04
   1.2650000e+03  -1.1593826e+04  -5.1950405e+03
   1.2660000e+03  -2.4673422e+04  -1.5211962e+04
   1.2670000e+03  -1.7605228e+04  -7.1251884e+03
   1.2680000e+03  -7.8730985e+02   8.7055949e+03
   1.2690000e+03   7.2859058e+03   2.1686043e+03
   1.2700000e+03  -3.0629258e+03  -9.9912523e+03
   1.2710000e+03  -1.5990429e+04   4.3577743e+03
   1.2720000e+03  -1.4915690e+04   8.0288315e+03
   1.2730000e+03  -9.3721806e+03  -1.5829554e+04
   1.2740000e+03  -6.4729829e+03  -1.7490999e+04
   1.2750000e+03  -9.1206354e+03   1.5841943e+03
   1.2760000e+03  -1.4384832e+04   1.3619403e+03
   1.2770000e+03  -1.3757739e+04  -6.1479400e+03
   1.2780000e+03  -1.6785269e+04  -4.0808471e+03
   1.2790000e+03  -2.0367987e+04  -9.3250501e+02
   1.2800000e+03  -1.3394930e+04   5.7327715e+03
   1.2810000e+03  -1.3248771e+04   5.0372610e+03
   1.2820000e+03  -1.9271030e+04  -1.7897400e+04
   1.2830000e+03  -1.1641347e+04  -3.5949321e+04
   1.2840000e+03  -2.5983361e+03  -1.9629727e+04
   1.2850000e+03  -2.2036596e+03   1.1586907e+04
   1.2860000e+03   4.1474923e+03   8.1410000e+03
   1.2870000e+03   9.2669736e+03  -3.3426391e+04
   1.2880000e+03  -4.4583932e+02  -4.3797351e+04
   1.2890000e+03  -3.3039724e+03   2.7394965e+03
   1.2900000e+03   6.9385808e+03   2.9636811e+04
   1.2910000e+03   4.6435621e+03  -5.2629641e+03
   1.2920000e+03   4.0003450e+02  -3.9719812e+04
   1.2930000e+03   9.3922913e+03  -2.6458195e+04
   1.2940000e+03   3.0567921e+03   5.0025051e+03
   1.2950000e+03  -1.3274457e+04   1.5690186e+04
   1.2960000e+03  -2.1174302e+03   7.0428284e+02
   1.2970000e+03   1.7948854e+04  -1.5222953e+04
   1.2980000e+03   1.1603947e+04  -1.4638366e+04
   1.2990000e+03  -1.0652719e+04  -1.0336235e+04
   1.3000000e+03  -1.6524980e+04  -9.7422935e+03
   1.3010000e+03   5.3012050e+03  -5.8996691e+03
   1.3020000e+03   1.8628273e+04   5.8266858e+03
   1.3030000e+03   3.1760642e+03   1.6091122e+04
   1.3040000e+03   1.4072700e+03   2.2356582e+03
   1.3050000e+03   1.9680530e+04  -2.0224439e+04
   1.3060000e+03   1.8776076e+04  -1.6056204e+04
   1.3070000e+03   1.1396343e+04  -2.4620055e+02
   1.3080000e+03   2.0748021e+04   5.1361895e+03
   1.3090000e+03   2.5414344e+04   4.9047244e+03
   1.3100000e+03   1.5655527e+04  -3.3421473e+03
   1.3110000e+03   2.2347187e+03  -1.1997753e+04
   1.3120000e+03  -8.3904936e+03  -1.3941393e+03
   1.3130000e+03   3.0583208e+03   1.2123736e+04
   1.3140000e+03   3.1619952e+04   1.7429939e+03
   1.3150000e+03   2.9061820e+04  -1.0750547e+04
   1.3160000e+03  -5.6107756e+03   1.3818403e+03
   1.3170000e+03  -1.8481664e+04   1.9352000e+04
   1.3180000e+03   5.8970606e+03   2.4305539e+04
   1.3190000e+03   3.0477788e+04   1.6764537e+04
   1.3200000e+03   2.1129227e+04   1.2660781e+03
   1.3210000e+03  -2.2921844e+03   2.9382472e+03
   1.3220000e+03   3.0760287e+03   2.5880009e+04
   1.3230000e+03   2.0322262e+04   2.7895741e+04
   1.3240000e+03   1.0176622e+04   1.0599292e+04
   1.3250000e+03  -1.4371335e+04   1.1825134e+04
   1.3260000e+03  -2.6463185e+04   1.6327443e+04
   1.3270000e+03  -1.8752998e+04   9.2372372e+03
   1.3280000e+03   1.1082771e+04   1.2119029e+04
   1.3290000e+03   3.7026072e+04   1.3974529e+04
   1.3300000e+03   1.6999421e+04  -3.7677641e+03
   1.3310000e+03  -2.8845510e+04  -1.5113120e+04
   1.3320000e+03  -3.7576798e+04  -1.5788627e+03
   1.3330000e+03  -1.6998540e+03   1.8239753e+04
   1.3340000e+03   3.0513018e+04   2.8159376e+04
   1.3350000e+03   1.9817757e+04   1.7832055e+04
   1.3360000e+03  -2.0366570e+04  -1.1966563e+04
   1.3370000e+03  -3.3855206e+04  -1.9022323e+04
   1.3380000e+03  -8.6375781e+03   1.6005638e+04
   1.3390000e+03   2.3901928e+03   3.6238890e+04
   1.3400000e+03  -1.5865872e+04   7.2650824e+03
   1.3410000e+03  -2.0830385e+04  -2.0869835e+04
   1.3420000e+03  -2.1730308e+03  -6.3170893e+03
   1.3430000e+03   8.8311649e+03   1.9143878e+04
   1.3440000e+03   2.9424157e+03   2.1103260e+04
   1.3450000e+03  -6.4084286e+03   7.1190026e+03
   1.3460000e+03  -1.6589221e+04  -1.3463948e+04
   1.3470000e+03  -2.3691376e+04  -2.5261238e+04
   1.3480000e+03  -1.1909335e+04  -1.3910969e+04
   1.3490000e+03   1.4049802e+04   2.2171297e+03
   1.3500000e+03   1.9317407e+04   7.5435818e+03
   1.3510000e+03  -9.7134796e+03   4.9764096e+03
   1.3520000e+03  -3.6524472e+04  -5.9869857e+03
   1.3530000e+03  -2.8060985e+04  -2.1388730e+04
   1.3540000e+03  -3.4529670e+03  -2.1942985e+04
   1.3550000e+03   1.2566504e+03  -1.5268484e+03
   1.3560000e+03  -7.4202990e+03   9.6542872e+03
   1.3570000e+03  -1.0326665e+02   1.3134089e+03
   1.3580000e+03   4.9121588e+03  -2.6175419e+03
   1.3590000e+03  -1.9412829e+04  -1.4277575e+03
   1.3600000e+03  -2.7738905e+04  -4.0962956e+03
   1.3610000e+03   7.6063587e+03  -1.2433657e+04
   1.3620000e+03   2.4731917e+04  -2.2945680e+04
   1.3630000e+03  -1.6889410e+03  -1.8268971e+04
   1.3640000e+03  -1.6498165e+04  -8.9274125e+03
   1.3650000e+03   2.5593803e+03  -1.7665127e+04
   1.3660000e+03   1.6182081e+04  -2.3026834e+04
   1.3670000e+03  -3.7935657e+03  -1.2097309e+04
   1.3680000e+03  -3.1922975e+04  -1.1752119e+04
   1.3690000e+03  -2.4019645e+04  -1.8650702e+04
   1.3700000e+03   1.3375111e+04  -7.4647609e+03
   1.3710000e+03   2.3933866e+04   5.4300221e+03
   1.3720000e+03  -3.7907179e+03   1.2770552e+03
   1.3730000e+03  -1.5384224e+04  -9.2786304e+03
   1.3740000e+03   8.3104904e+02  -1.5612578e+04
   1.3750000e+03   7.2066364e+03  -2.5155995e+03
   1.3760000e+03   6.3001395e+03   2.4462919e+04
   1.3770000e+03   9.5422245e+03   2.1009586e+04
   1.3780000e+03   5.8177413e+03  -1.9006446e+04
   1.3790000e+03   1.0535856e+04  -3.4833650e+04
   1.3800000e+03   2.9218321e+04  -2.9870995e+03
   1.3810000e+03   2.2478130e+04   1.2308774e+04
   1.3820000e+03  -6.2795375e+03  -1.0664914e+04
   1.3830000e+03  -2.6822470e+03  -1.2424973e+04
   1.3840000e+03   2.5549008e+04   1.0096198e+04
   1.3850000e+03   2.5421696e+04   1.6122623e+04
   1.3860000e+03  -9.1445000e+00   4.7385775e+03
   1.3870000e+03  -1.2433644e+04  -1.5972261e+04
   1.3880000e+03  -9.8865610e+02  -2.6827475e+04
   1.3890000e+03   1.3436350e+04  -4.1489033e+03
   1.3900000e+03   1.3252510e+04   3.2177956e+04
   1.3910000e+03   5.0686957e+03   4.4418244e+04
   1.3920000e+03  -4.2737750e+03   1.6880111e+04
   1.3930000e+03  -8.0696158e+03  -2.0065472e+04
   1.3940000e+03   1.2339262e+03  -9.7316154e+03
   1.3950000e+03   1.0132490e+04   3.0005212e+04
   1.3960000e+03   1.0185234e+04   2.7888760e+04
   1.3970000e+03   1.0813603e+04  -5.2697489e+03
   1.3980000e+03   9.8969306e+03  -1.0143138e+04
   1.3990000e+03   2.2283077e+03   1.2635490e+04
   1.4000000e+03   9.3660804e+02   2.4850962e+04
   1.4010000e+03   1.0124018e+04   1.1133393e+04
   1.4020000e+03   8.9407110e+03  -1.0400337e+04
   1.4030000e+03  -1.6678912e+03  -1.4982063e+04
   1.4040000e+03  -4.3793785e+03   4.7867541e+03
   1.4050000e+03  -5.0942052e+03   2.9051084e+04
   1.4060000e+03  -5.5552398e+02   2.0530951e+04
   1.4070000e+03   9.4253770e+03  -1.3849779e+04
   1.4080000e+03  -4.7769604e+03  -1.9730348e+04
   1.4090000e+03  -3.2751638e+04   1.3389221e+04
   1.4100000e+03  -2.4590150e+04   3.4035017e+04
   1.4110000e+03   1.3022868e+04   1.4085791e+04
   1.4120000e+03   2.5029517e+04  -7.9030567e+03
   1.4130000e+03  -1.7938755e+03  -1.0982584e+03
   1.4140000e+03  -2.8619289e+04   1.1670273e+04
   1.4150000e+03  -1.4777195e+04   9.6585710e+03
   1.4160000e+03   2.9950502e+04  -8.7061126e+02
   1.4170000e+03   3.6570830e+04   2.7458128e+02
   1.4180000e+03  -7.5069362e+03   1.4625990e+04
   1.4190000e+03  -2.6700571e+04   9.9324155e+03
   1.4200000e+03  -5.2366464e+03  -1.3435003e+04
   1.4210000e+03   1.1810233e+04  -1.8520089e+04
   1.4220000e+03   1.5315924e+04  -4.0223802e+03
   1.4230000e+03  -1.5417709e+03   4.4027005e+03
   1.4240000e+03  -4.0276912e+04   3.8980512e+03
   1.4250000e+03  -4.9475609e+04   1.9217633e+03
   1.4260000e+03  -3.6499289e+03  -4.1862815e+03
   1.4270000e+03   3.4158207e+04  -2.1219210e+03
   1.4280000e+03   1.3622384e+04   6.8045968e+03
   1.4290000e+03  -2.9302270e+04  -8.4419537e+02
   1.4300000e+03  -3.8508160e+04  -5.6268874e+03
   1.4310000e+03  -1.4346983e+03   3.3445766e+03
   1.4320000e+03   3.7277211e+04   3.0378670e+03
   1.4330000e+03   2.5931698e+04   2.3382911e+03
   1.4340000e+03  -1.3635791e+04  -1.2353340e+03
   1.4350000e+03  -2.4517893e+04  -1.5429859e+04
   1.4360000e+03  -2.4127113e+03  -1.3866633e+04
   1.4370000e+03   1.1391805e+04  -4.7424455e+03
   1.4380000e+03  -4.5767148e+03  -1.0784663e+04
   1.4390000e+03  -1.7901757e+04  -1.0663914e+04
   1.4400000e+03  -3.3108671e+03   6.7257988e+03
   1.4410000e+03   9.3135329e+03   1.3829872e+04
   1.4420000e+03   1.4622387e+03  -2.3699594e+03
   1.4430000e+03  -6.0819236e+03  -2.2109610e+04
   1.4440000e+03  -7.3460639e+03  -2.4647243e+04
   1.4450000e+03  -5.7662893e+03  -2.9147597e+03
   1.4460000e+03   4.5440553e+03   1.7890432e+04
   1.4470000e+03   1.0426494e+04   2.7888262e+03
   1.4480000e+03   3.5699199e+03  -2.3139274e+04
   1.4490000e+03  -2.2122245e+03  -1.9063253e+04
   1.4500000e+03  -1.0997098e+04  -2.6117683e+03
   1.4510000e+03  -1.9805705e+04  -3.4321936e+03
   1.4520000e+03  -8.1571230e+03  -1.7724471e+04
   1.4530000e+03   8.1558173e+03  -2.1499472e+04
   1.4540000e+03   5.6256033e+03   1.1473565e+03
   1.4550000e+03  -5.4443256e+03   2.5638057e+04
   1.4560000e+03  -9.0043798e+03   1.3780401e+04
   1.4570000e+03  -2.7272913e+02  -2.0463972e+04
   1.4580000e+03   8.0430996e+03  -2.9286332e+04
   1.4590000e+03  -2.1208238e+03  -1.8114828e+03
   1.4600000e+03  -1.7998167e+04   2.5041193e+04
   1.4610000e+03  -9.5245715e+03   1.7015058e+04
   1.4620000e+03   2.1699686e+04  -9.3126673e+03
   1.4630000e+03   3.2246965e+04  -1.9138015e+04
   1.4640000e+03  -6.3177113e+03  -1.3239109e+04
   1.4650000e+03  -4.3463337e+04  -2.1311450e+03
   1.4660000e+03  -1.4951223e+04   6.2946226e+03
   1.4670000e+03   3.8095160e+04  -1.9328667e+03
   1.4680000e+03   3.2708972e+04  -1.5411519e+04
   1.4690000e+03  -1.4146183e+04  -1.1584568e+04
   1.4700000e+03  -2.9054358e+04   5.7631462e+03
   1.4710000e+03  -3.8357659e+03   2.0953172e+04
   1.4720000e+03   2.2221277e+04   2.2357859e+04
   1.4730000e+03   2.7793852e+04   4.4604124e+03
   1.4740000e+03   8.8737344e+03  -1.6007301e+04
   1.4750000e+03  -1.2818987e+04  -1.1040230e+04
   1.4760000e+03  -3.8534421e+03   1.1165921e+04
   1.4770000e+03   2.2635915e+04   1.9128714e+04
   1.4780000e+03   2.8737058e+04   7.6187850e+03
   1.4790000e+03   9.5169270e+03  -1.2517078e+04
   1.4800000e+03  -4.8061446e+03  -2.4015086e+04
   1.4810000e+03   6.2969193e+03  -6.2080205e+03
   1.4820000e+03   1.2178107e+04   2.5140883e+04
   1.4830000e+03  -5.4069474e+03   2.9767333e+04
   1.4840000e+03  -8.2180329e+03   5.4005937e+03
   1.4850000e+03   1.2965916e+04  -8.0551178e+03
   1.4860000e+03   2.4585419e+04   1.4972812e+04
   1.4870000e+03   1.7313693e+04   3.7748065e+04
   1.4880000e+03   3.6833576e+03   1.0948518e+04
   1.4890000e+03  -5.6338938e+03  -2.3484422e+04
   1.4900000e+03   6.0001970e+01  -3.6733792e+03
   1.4910000e+03   1.3552188e+04   2.7040941e+04
   1.4920000e+03   1.1471045e+04   2.1914057e+04
   1.4930000e+03   6.0781065e+03   1.6638960e+03
   1.4940000e+03   1.2793616e+04  -2.3231889e+04
   1.4950000e+03   4.3266190e+02  -3.4518389e+04
   1.4960000e+03  -2.6065862e+04  -4.3083572e+03
   1.4970000e+03  -2.2423335e+04   3.8442585e+04
   1.4980000e+03   7.0790682e+03   4.1512857e+04
   1.4990000e+03   2.8775971e+04   5.7464881e+03
   1.5000000e+03   1.5304437e+04  -1.6014430e+04
   1.5010000e+03  -2.2564682e+04  -2.2576781e+03
   1.5020000e+03  -2.7258337e+04   1.4992720e+04
   1.5030000e+03   7.1170165e+03   1.5812092e+04
   1.5040000e+03   2.2160067e+04   6.2794448e+03
   1.5050000e+03   2.9749767e+03   9.0712733e+03
   1.5060000e+03  -1.5483234e+04   2.8042644e+04
   1.5070000e+03  -1.4247569e+04   2.1075123e+04
   1.5080000e+03  -5.7647242e+03  -1.2909787e+04
   1.5090000e+03  -1.2706760e+04  -2.1838102e+04
   1.5100000e+03  -2.5838357e+04  -9.5548963e+02
   1.5110000e+03  -1.0822025e+04   1.2195576e+04
   1.5120000e+03   1.5361432e+04   5.3477176e+03
   1.5130000e+03   4.5747044e+03  -2.3492187e+03
   1.5140000e+03  -2.8231065e+04  -6.6993579e+03
   1.5150000e+03  -3.3290305e+04  -2.4110833e+04
   1.5160000e+03  -8.4399879e+03  -3.1601411e+04
   1.5170000e+03   1.4255303e+04  -4.8519128e+03
   1.5180000e+03   1.5095936e+04   1.2834147e+04
   1.5190000e+03  -6.8999526e+03   3.3733000e+02
   1.5200000e+03  -2.4497819e+04  -6.0227960e+03
   1.5210000e+03  -1.0321312e+04  -3.3018296e+03
   1.5220000e+03   5.1559147e+03  -7.8985206e+03
   1.5230000e+03  -3.7469504e+03  -1.4844414e+04
   1.5240000e+03  -1.1443056e+04  -1.2230147e+04
   1.5250000e+03  -1.2724128e+04   8.9119031e+03
   1.5260000e+03  -1.2716070e+04   1.9205359e+04
   1.5270000e+03  -7.9548121e+03  -9.7055335e+03
   1.5280000e+03  -1.4233715e+04  -3.8148515e+04
   1.5290000e+03  -2.5363021e+04  -3.1951673e+04
   1.5300000e+03  -1.9429692e+04  -1.3994995e+04
   1.5310000e+03  -4.1471739e+03  -7.7718481e+03
   1.5320000e+03   4.0437749e+03  -1.1940617e+04
   1.5330000e+03  -4.4734460e+02  -1.8509737e+04
   1.5340000e+03  -9.6676399e+03  -2.0666422e+04
   1.5350000e+03  -9.2948606e+03  -1.3679637e+04
   1.5360000e+03   1.9246480e+03  -4.4148748e+03
   1.5370000e+03   1.4529212e+04  -2.7366231e+03
   1.5380000e+03   2.2380348e+04  -5.6573759e+03
   1.5390000e+03   1.7356301e+04  -4.7297829e+03
   1.5400000e+03  -1.9966146e+03   4.1903050e+03
   1.5410000e+03  -5.3167116e+03   9.2915294e+03
   1.5420000e+03   1.4589749e+04   7.6942331e+02
   1.5430000e+03   1.2159782e+04  -2.8444569e+03
   1.5440000e+03  -9.9136569e+03   4.7606977e+03
   1.5450000e+03  -2.8197517e+03  -2.1731808e+02
   1.5460000e+03   2.1199621e+04  -1.8763871e+04
   1.5470000e+03   1.9336185e+04  -2.1041952e+04
   1.5480000e+03   6.3394316e+02  -3.2721421e+02
   1.5490000e+03  -3.2744960e+03   1.6998608e+04
   1.5500000e+03   7.0547457e+03   1.6539014e+04
   1.5510000e+03   1.7944109e+04   3.6810233e+03
   1.5520000e+03   2.2987182e+04  -8.5979948e+03
   1.5530000e+03   1.5349288e+04   1.5503365e+03
   1.5540000e+03   3.4072131e+03   2.9822086e+04
   1.5550000e+03   3.8230531e+02   3.5321356e+04
   1.5560000e+03   4.3665299e+03   3.5331348e+03
   1.5570000e+03   1.5535993e+04  -2.5908157e+04
   1.5580000e+03   2.6165493e+04  -1.4505561e+04
   1.5590000e+03   1.7816769e+04   2.2507228e+04
   1.5600000e+03  -1.4866771e+03   3.3447713e+04
   1.5610000e+03  -7.6434348e+03   6.7994132e+01
   1.5620000e+03   2.3976167e+03  -3.0240655e+04
   1.5630000e+03   1.7774789e+04  -1.4049310e+04
   1.5640000e+03   2.8166011e+04   2.4297091e+04
   1.5650000e+03   2.3364648e+04   3.6816523e+04
   1.5660000e+03   3.1251228e+03   2.0490050e+04
   1.5670000e+03  -1.3142902e+04   1.0504072e+04
   1.5680000e+03  -3.4997241e+03   1.5657580e+04
   1.5690000e+03   1.7755752e+04   1.5424207e+04
   1.5700000e+03   1.5817630e+04   1.1434562e+04
   1.5710000e+03  -4.9499705e+03   1.1858994e+04
   1.5720000e+03  -1.9163005e+04   1.0543040e+04
   1.5730000e+03  -1.5570811e+04   5.3732435e+03
   1.5740000e+03   6.6607155e+03   3.2428255e+03
   1.5750000e+03   1.9481887e+04   1.2712931e+04
   1.5760000e+03   1.6452952e+03   1.6499962e+04
   1.5770000e+03  -1.8478964e+04  -4.9835312e+03
   1.5780000e+03  -1.7975917e+04  -2.1032418e+04
   1.5790000e+03  -8.2760955e+03  -2.1486298e+03
   1.5800000e+03  -5.7327931e+03   2.1919658e+04
   1.5810000e+03  -9.7212730e+03   1.0949605e+04
   1.5820000e+03  -2.8292067e+03  -1.4877097e+04
   1.5830000e+03   9.2632312e+03  -7.5474650e+03
   1.5840000e+03  -5.3641891e+03   1.8136137e+04
   1.5850000e+03  -3.7189749e+04   1.6407328e+04
   1.5860000e+03  -3.0246088e+04  -6.7874540e+03
   1.5870000e+03   1.5978306e+04  -1.8457311e+04
   1.5880000e+03   2.9492908e+04  -6.3725069e+03
   1.5890000e+03  -2.1257305e+03   1.2901394e+04
   1.5900000e+03  -2.1327287e+04   9.2936548e+03
   1.5910000e+03  -2.1586320e+04  -1.2759508e+04
   1.5920000e+03  -2.1222199e+04  -1.7298943e+04
   1.5930000e+03  -1.0918026e+04  -9.3054219e+03
   1.5940000e+03  -6.9132486e+03  -1.2803068e+04
   1.5950000e+03  -1.7321341e+04  -1.0824176e+04
   1.5960000e+03  -1.6078073e+04  -2.5205942e+03
   1.5970000e+03  -1.4448562e+04  -8.4744177e+03
   1.5980000e+03  -2.3753956e+04  -1.2854935e+04
   1.5990000e+03  -1.8182506e+04  -9.2511922e+03
   1.6000000e+03   3.4532539e+03  -1.0739580e+04
   1.6010000e+03   2.2189664e+04  -7.2147555e+03
   1.6020000e+03   1.4626363e+04  -1.5885246e+03
   1.6030000e+03  -1.8781688e+04  -1.0857332e+04
   1.6040000e+03  -1.9516410e+04  -1.9615818e+04
   1.6050000e+03   1.9447851e+04  -8.5778058e+03
   1.6060000e+03   2.5723749e+04   1.0004259e+04
   1.6070000e+03  -1.1547588e+04   1.2783867e+04
   1.6080000e+03  -3.5975925e+04  -7.8700093e+03
   1.6090000e+03  -2.2877378e+04  -2.4393380e+04
   1.6100000e+03   3.1817809e+03  -1.1721811e+04
   1.6110000e+03   1.1611485e+04   2.4746327e+03
   1.6120000e+03   3.0748952e+03  -3.8525285e+02
   1.6130000e+03  -1.3112465e+03  -3.8727800e+03
   1.6140000e+03   2.1848632e+03  -1.5365394e+04
   1.6150000e+03   2.5452968e+03  -3.1861975e+04
   1.6160000e+03   6.8658814e+03  -1.9468450e+04
   1.6170000e+03   1.5342354e+04   1.2815683e+04
   1.6180000e+03   6.0687379e+03   1.5615019e+04
   1.6190000e+03  -3.8899234e+03  -1.4471279e+04
   1.6200000e+03   1.4139208e+04  -2.8774888e+04
   1.6210000e+03   3.2154327e+04  -1.0147508e+04
   1.6220000e+03   1.8339173e+04   1.5458832e+04
   1.6230000e+03  -1.1822477e+04   2.3522032e+04
   1.6240000e+03  -1.9799580e+04   7.1871058e+03
   1.6250000e+03   3.1191952e+03  -7.5320348e+03
   1.6260000e+03   1.7616407e+04   1.9859151e+03
   1.6270000e+03   8.0398929e+03   2.0438164e+04
   1.6280000e+03   2.8636706e+03   2.4675191e+04
   1.6290000e+03   6.6021666e+03   1.3175779e+03
   1.6300000e+03   6.4879839e+03  -2.4157798e+04
   1.6310000e+03   4.1444234e+03  -7.6420617e+03
   1.6320000e+03  -2.1485734e+03   2.5262373e+04
   1.6330000e+03  -1.7090212e+03   1.9406078e+04
   1.6340000e+03   2.0088272e+04  -8.3462682e+03
   1.6350000e+03   3.3787299e+04  -1.3565262e+04
   1.6360000e+03   1.5777521e+04  -4.8794204e+02
   1.6370000e+03  -4.8885683e+03   1.2485859e+04
   1.6380000e+03  -5.0737223e+03   1.7272566e+04
   1.6390000e+03   8.6914335e+03   9.1488913e+03
   1.6400000e+03   1.7631439e+04   8.6234236e+03
   1.6410000e+03   6.6563334e+03   1.5801603e+04
   1.6420000e+03  -6.8613024e+03   2.5810874e+03
   1.6430000e+03  -2.9462491e+03  -6.3096655e+03
   1.6440000e+03   6.9170932e+03   1.6157950e+04
   1.6450000e+03   1.1721379e+04   3.0020330e+04
   1.6460000e+03   8.7120854e+03   5.2439774e+03
   1.6470000e+03  -2.7783648e+03  -1.9571872e+04
   1.6480000e+03  -2.9065042e+03  -2.4644957e+03
   1.6490000e+03   1.5585375e+04   2.3168373e+04
   1.6500000e+03   1.7437831e+04   1.4681010e+04
   1.6510000e+03  -4.4689620e+03  -3.1446995e+03
   1.6520000e+03  -1.1801663e+04  -1.0760897e+04
   1.6530000e+03  -5.1253271e+03  -1.5757509e+04
   1.6540000e+03  -4.2382519e+03  -4.1621925e+03
   1.6550000e+03   1.4894050e+03   1.7078249e+04
   1.6560000e+03   6.7826327e+02   1.0528147e+04
   1.6570000e+03  -2.3423726e+04  -1.1618586e+04
   1.6580000e+03  -3.4661726e+04  -5.1772822e+03
   1.6590000e+03  -8.1489770e+03   1.5083726e+04
   1.6600000e+03   1.4846414e+04   1.5682098e+04
   1.6610000e+03  -1.8360102e+03   1.2507294e+04
   1.6620000e+03  -2.6519731e+04   1.0450330e+04
   1.6630000e+03  -1.3228322e+04  -3.6572918e+03
   1.6640000e+03   2.4008158e+04  -3.5117373e+03
   1.6650000e+03   3.2735778e+04   1.6825170e+04
   1.6660000e+03   2.3064791e+03   1.4544827e+04
   1.6670000e+03  -1.9492883e+04  -1.4847760e+04
   1.6680000e+03  -5.5169430e+03  -3.3303593e+04
   1.6690000e+03   1.6399826e+04  -2.2176534e+04
   1.6700000e+03   2.1309558e+04   2.1234932e+03
   1.6710000e+03   3.5926162e+03   6.0302573e+03
   1.6720000e+03  -2.9339656e+04  -8.5591805e+03
   1.6730000e+03  -3.9532696e+04  -6.3682980e+03
   1.6740000e+03  -1.1055807e+04   3.1843001e+03
   1.6750000e+03   5.9880418e+03  -7.2531880e+03
   1.6760000e+03  -1.9219971e+04  -8.8140804e+03
   1.6770000e+03  -3.9018657e+04   1.4690064e+04
   1.6780000e+03  -1.4291333e+04   1.7976625e+04
   1.6790000e+03   1.5867238e+04  -4.9817037e+03
   1.6800000e+03   1.0184322e+03  -7.9630288e+03
   1.6810000e+03  -3.6877269e+04   1.0291343e+04
   1.6820000e+03  -3.3553720e+04   1.7509079e+04
   1.6830000e+03   1.2888050e+04   3.8873970e+03
   1.6840000e+03   3.4085613e+04  -1.7175824e+04
   1.6850000e+03   6.9914166e+03  -2.5839816e+04
   1.6860000e+03  -1.8566719e+04  -1.9725015e+04
   1.6870000e+03  -1.3469857e+04  -5.6770252e+03
   1.6880000e+03   2.3353793e+03   5.5719306e+03
   1.6890000e+03   8.6288454e+03  -5.4693179e+03
   1.6900000e+03   4.4011757e+03  -2.5592973e+04
   1.6910000e+03  -4.8440122e+03  -2.1599926e+04
   1.6920000e+03  -1.1126784e+04  -3.3161606e+03
   1.6930000e+03  -8.8512466e+03  -2.3240328e+03
   1.6940000e+03  -3.5955942e+03  -1.4059829e+04
   1.6950000e+03  -3.2918364e+03  -1.4155169e+04
   1.6960000e+03  -8.0370290e+03  -5.6984079e+03
   1.6970000e+03  -8.4366334e+03   8.4488140e+01
   1.6980000e+03   3.8475366e+02   7.7931940e+03
   1.6990000e+03   6.4923612e+03   1.1174746e+04
   1.7000000e+03   8.6919626e+03  -3.7969228e+03
   1.7010000e+03   1.4359005e+04  -2.1294749e+04
   1.7020000e+03   1.1077259e+04  -7.1954608e+03
   1.7030000e+03  -3.1564894e+03   2.2030775e+04
   1.7040000e+03  -3.7805526e+03   1.9663273e+04
   1.7050000e+03   1.9385025e+04  -3.6179067e+03
   1.7060000e+03   3.3704253e+04  -1.7401597e+04
   1.7070000e+03   8.7311216e+03  -1.7680476e+04
   1.7080000e+03  -1.6457576e+04  -4.4798945e+03
   1.7090000e+03   3.7008384e+03   7.7949073e+03
   1.7100000e+03   3.1990278e+04   8.4450010e+03
   1.7110000e+03   2.0320009e+04   2.6849051e+03
   1.7120000e+03  -6.5640147e+03  -7.6183106e+03
   1.7130000e+03  -5.4368284e+03  -1.3286685e+04
   1.7140000e+03   1.1365184e+04  -7.3749382e+03
   1.7150000e+03   1.2157549e+04   5.3659279e+03
   1.7160000e+03   4.0624064e+03   1.1337815e+04
   1.7170000e+03   5.7056535e+03   1.2099988e+03
   1.7180000e+03   1.1382122e+04  -1.8294109e+03
   1.7190000e+03   2.9630051e+03   1.4327841e+04
   1.7200000e+03  -1.1992165e+04   1.8506349e+04
   1.7210000e+03  -4.8334569e+03  -2.7111405e+02
   1.7220000e+03   1.7079085e+04  -1.1097531e+04
   1.7230000e+03   2.9419092e+04   5.3545091e+03
   1.7240000e+03   2.4660758e+04   2.5566425e+04
   1.7250000e+03  -4.8132481e+03   1.7366143e+04
   1.7260000e+03  -2.7164095e+04  -3.2831007e+03
   1.7270000e+03   3.4708782e+03   3.1879834e+03
   1.7280000e+03   4.3825786e+04   2.0061422e+04
   1.7290000e+03   2.8496255e+04   1.0030199e+04
   1.7300000e+03  -8.5540775e+03  -6.4453368e+03
   1.7310000e+03  -8.9522565e+03  -1.9414934e+03
   1.7320000e+03   8.3303872e+03   1.5878448e+04
   1.7330000e+03   7.3675519e+03   2.5674001e+04
   1.7340000e+03  -6.1539905e+03   6.5804564e+03
   1.7350000e+03  -1.2760511e+04  -1.5131142e+04
   1.7360000e+03  -1.8030771e+03  -1.2675989e+03
   1.7370000e+03   8.5156437e+03   1.7589998e+04
   1.7380000e+03  -6.2282583e+03   8.3992923e+03
   1.7390000e+03  -2.4784031e+04  -3.0706198e+03
   1.7400000e+03  -1.7695967e+04   6.1758283e+03
   1.7410000e+03   2.6287124e+03   1.8091840e+04
   1.7420000e+03   1.0469641e+04   1.2741961e+04
   1.7430000e+03  -2.2735320e+03  -2.0250200e+03
   1.7440000e+03  -2.1822434e+04  -4.7190843e+03
   1.7450000e+03  -1.8171075e+04   1.1768245e+04
   1.7460000e+03   7.1430972e+03   1.9643015e+04
   1.7470000e+03   8.3614078e+03   2.3523863e+03
   1.7480000e+03  -1.2976575e+04  -9.7391699e+03
   1.7490000e+03  -1.3005135e+04  -3.4483529e+03
   1.7500000e+03  -4.5753155e+03   2.8709873e+03
   1.7510000e+03  -1.1617158e+04  -9.6998082e+02
   1.7520000e+03  -1.7766612e+04  -1.1497651e+04
   1.7530000e+03  -1.4122971e+04  -1.1184799e+04
   1.7540000e+03  -1.9555005e+03   2.5491097e+03
   1.7550000e+03   3.7432201e+03   8.4200443e+03
   1.7560000e+03  -1.5908035e+04  -4.8625116e+02
   1.7570000e+03  -2.8624217e+04  -8.2337470e+03
   1.7580000e+03  -4.8186181e+03  -4.3245033e+03
   1.7590000e+03   1.2359939e+04  -2.2568601e+03
   1.7600000e+03  -6.6676445e+03  -4.8411358e+03
   1.7610000e+03  -2.1333042e+04  -2.3734924e+03
   1.7620000e+03  -9.0195878e+03  -8.0133106e+03
   1.7630000e+03   5.1359287e+02  -1.8685784e+04
   1.7640000e+03  -1.2328796e+04  -1.4027470e+04
   1.7650000e+03  -2.7384998e+04  -7.0289332e+03
   1.7660000e+03  -1.3282569e+04  -1.6617917e+04
   1.7670000e+03   1.5857316e+04  -2.7881920e+04
   1.7680000e+03   1.2539213e+04  -1.4743821e+04
   1.7690000e+03  -1.5884976e+04   4.9273585e+03
   1.7700000e+03  -2.0595688e+04  -6.6088741e+03
   1.7710000e+03  -1.2842955e+03  -2.3167116e+04
   1.7720000e+03   8.5665479e+03  -4.8347000e+03
   1.7730000e+03   6.1395071e+03   1.3718747e+04
   1.7740000e+03   1.3683070e+03  -6.1137557e+03
   1.7750000e+03  -6.5824482e+03  -2.6415533e+04
   1.7760000e+03  -2.0482003e+03  -4.7404861e+03
   1.7770000e+03   1.8133965e+04   2.5173714e+04
   1.7780000e+03   1.7370034e+04   1.3414983e+04
   1.7790000e+03  -8.0619370e+03  -2.3139819e+04
   1.7800000e+03  -1.2301512e+04  -3.0074838e+04
   1.7810000e+03   1.3656435e+04  -3.3295312e+03
   1.7820000e+03   2.4853672e+04   3.1767297e+03
   1.7830000e+03   4.4542754e+03  -2.0284844e+04
   1.7840000e+03  -8.1928655e+03  -2.1492999e+04
   1.7850000e+03   5.5089251e+03   3.8160098e+03
   1.7860000e+03   1.7480932e+04   9.7876453e+03
   1.7870000e+03   1.5429568e+04  -7.3576598e+03
   1.7880000e+03   8.6070888e+03  -1.6828833e+04
   1.7890000e+03   1.4319839e+03  -8.7066821e+03
   1.7900000e+03   4.1704445e+03   7.6763284e+03
   1.7910000e+03   1.2570002e+04   2.1010291e+04
   1.7920000e+03   9.3952266e+03   2.1441058e+04
   1.7930000e+03   1.1036746e+04   9.5133748e+03
   1.7940000e+03   2.5027198e+04  -3.0140429e+03
   1.7950000e+03   2.1501007e+04  -5.8395984e+03
   1.7960000e+03   5.4927930e+03   2.6309641e+03
   1.7970000e+03   5.1277767e+03   1.2335618e+04
   1.7980000e+03   1.6760539e+04   1.3371084e+04
   1.7990000e+03   2.4284323e+04   1.2492097e+04
   1.8000000e+03   1.4643890e+04   1.6233771e+04
   1.8010000e+03  -2.8526984e+03   1.7663926e+04
   1.8020000e+03  -1.3575753e+03   1.2051908e+04
   1.8030000e+03   7.5062333e+03   3.2653726e+03
   1.8040000e+03   2.6923278e+03   5.9799287e+03
   1.8050000e+03   5.4844661e+03   2.4130754e+04
   1.8060000e+03   1.4861255e+04   2.4648302e+04
   1.8070000e+03  -2.0459352e+03  -1.1021460e+03
   1.8080000e+03  -1.7552193e+04  -7.2714935e+03
   1.8090000e+03   3.4870208e+03   8.8703334e+03
   1.8100000e+03   1.6323326e+04   7.3972839e+03
   1.8110000e+03  -1.3130382e+03   3.5069185e+03
   1.8120000e+03  -9.7680316e+03   1.2932296e+04
   1.8130000e+03  -4.2308687e+03   4.8354951e+03
   1.8140000e+03  -4.5032176e+03  -3.0031308e+03
   1.8150000e+03  -8.6054435e+03   1.7482324e+04
   1.8160000e+03  -1.2025185e+04   2.5918415e+04
   1.8170000e+03  -1.3039534e+04   8.2502385e+03
   1.8180000e+03  -5.6706402e+03  -6.7056896e+03
   1.8190000e+03   8.7758265e+03  -9.8806350e+03
   1.8200000e+03   1.0699604e+04   3.9630262e+03
   1.8210000e+03  -8.1866061e+03   1.8917968e+04
   1.8220000e+03  -2.0498334e+04   1.1175526e+04
   1.8230000e+03  -1.0675485e+04  -4.2963806e+03
   1.8240000e+03  -5.7303940e+01  -1.3195575e+04
   1.8250000e+03  -1.5644873e+03  -1.8064717e+04
   1.8260000e+03  -4.3798249e+03  -1.7180595e+04
   1.8270000e+03  -7.1738311e+03  -4.9830296e+03
   1.8280000e+03  -1.8665353e+04   1.7536761e+04
   1.8290000e+03  -2.4787329e+04   2.1768393e+04
   1.8300000e+03  -1.1546624e+04  -8.0466189e+03
   1.8310000e+03  -2.3945826e+03  -3.0758526e+04
   1.8320000e+03  -1.4258911e+04  -1.6421809e+04
   1.8330000e+03  -2.7177561e+04   4.9602563e+03
   1.8340000e+03  -2.2015192e+04   8.1397030e+03
   1.8350000e+03  -2.8856893e+03   5.1537856e+02
   1.8360000e+03   5.0697830e+03  -1.5143221e+04
   1.8370000e+03  -9.7396949e+03  -1.6993395e+04
   1.8380000e+03  -2.0004811e+04   8.5152890e+03
   1.8390000e+03  -1.1618096e+04   4.8222490e+03
   1.8400000e+03   3.2360256e+03  -3.3709544e+04
   1.8410000e+03   1.8888763e+04  -2.8089229e+04
   1.8420000e+03   1.6214938e+04   1.3885426e+04
   1.8430000e+03  -1.3384828e+04   2.0735899e+04
   1.8440000e+03  -2.9615532e+04  -6.4304326e+03
   1.8450000e+03  -6.6189847e+03  -2.6667931e+04
   1.8460000e+03   1.9023641e+04  -2.6268758e+04
   1.8470000e+03   5.3444900e+03  -1.3331044e+04
   1.8480000e+03  -2.4196718e+04   6.2780331e+03
   1.8490000e+03  -1.8323709e+04   2.1799279e+04
   1.8500000e+03   9.6172534e+03   8.1081149e+03
   1.8510000e+03   1.1107535e+04  -2.6340296e+04
   1.8520000e+03  -6.3056726e+03  -3.2999114e+04
   1.8530000e+03  -1.1034062e+03  -3.8386547e+03
   1.8540000e+03   2.0816742e+04   1.6557930e+04
   1.8550000e+03   2.1314246e+04   3.5731151e+03
   1.8560000e+03   7.7931404e+03  -2.0550943e+04
   1.8570000e+03   1.1307091e+04  -2.2068990e+04
   1.8580000e+03   1.7904834e+04  -2.9396566e+03
   1.8590000e+03   5.8349353e+03   4.7101886e+03
   1.8600000e+03  -4.2228512e+03  -1.0445801e+03
   1.8610000e+03   6.5763820e+03   7.9583708e+02
   1.8620000e+03   1.8455521e+04   4.6730892e+03
   1.8630000e+03   8.5357708e+03   4.6328868e+03
   1.8640000e+03  -9.2860612e+03   9.8952611e+03
   1.8650000e+03  -2.4728764e+03   1.2270221e+04
   1.8660000e+03   1.7879656e+04   3.7327001e+03
   1.8670000e+03   1.2850620e+04  -3.6881859e+03
   1.8680000e+03  -4.9958179e+03  -7.2020630e+03
   1.8690000e+03  -9.7053438e+03  -1.0177892e+04
   1.8700000e+03  -6.3726051e+03  -1.0543389e+03
   1.8710000e+03   1.3712804e+04   1.2153821e+04
   1.8720000e+03   3.4737495e+04  -7.4717393e+02
   1.8730000e+03   1.2053897e+04  -2.1465107e+04
   1.8740000e+03  -2.6802138e+04  -1.0923374e+04
   1.8750000e+03  -2.1257217e+04   4.8227281e+03
   1.8760000e+03   1.6255364e+04   2.4201117e+03
   1.8770000e+03   3.6248986e+04   1.1245839e+04
   1.8780000e+03   2.5858382e+04   2.6892188e+04
   1.8790000e+03   1.0289903e+03   2.6194256e+04
   1.8800000e+03  -1.2271217e+04   1.8956889e+04
   1.8810000e+03   4.3807335e+03   1.0693021e+04
   1.8820000e+03   2.0106248e+04   7.8841573e+03
   1.8830000e+03   3.6653858e+03   1.1985783e+04
   1.8840000e+03  -1.2283067e+04   3.4437662e+03
   1.8850000e+03   3.9319543e+02  -6.9832491e+03
   1.8860000e+03   1.7523157e+04   9.9187280e+02
   1.8870000e+03   8.3568012e+03   5.7512929e+03
   1.8880000e+03  -1.8337939e+04  -9.5361216e+03
   1.8890000e+03  -2.4502704e+04  -2.2216680e+04
   1.8900000e+03  -4.5672047e+03  -1.3487225e+04
   1.8910000e+03   1.4859706e+04   3.0629175e+03
   1.8920000e+03   1.8597377e+04   9.2623799e+03
   1.8930000e+03   4.2464430e+03   3.7452336e+03
   1.8940000e+03  -1.3393012e+04   2.5595956e+03
   1.8950000e+03  -1.1806799e+04   1.6473110e+04
   1.8960000e+03   4.0117732e+03   2.1887835e+04
   1.8970000e+03   1.0059195e+04   1.1356257e+04
   1.8980000e+03   4.7246289e+03   1.2239419e+04
   1.8990000e+03   1.6354466e+02   1.6192722e+04
   1.9000000e+03  -8.6267814e+03   7.4777608e+03
   1.9010000e+03  -1.6963276e+04   8.0638800e+03
   1.9020000e+03  -1.0500697e+04   1.4432860e+04
   1.9030000e+03   3.6155682e+02   4.1970843e+03
   1.9040000e+03   4.9484956e+03  -4.7230285e+03
   1.9050000e+03   5.4637328e+02  -3.5264879e+03
   1.9060000e+03  -1.6619325e+04  -9.5711334e+03
   1.9070000e+03  -2.4199256e+04  -6.5872607e+03
   1.9080000e+03  -2.4579552e+03   8.2047989e+03
   1.9090000e+03   1.5593933e+04   5.8924498e+03
   1.9100000e+03   2.7573967e+03   4.7706036e+02
   1.9110000e+03  -1.1891754e+04   6.6299816e+02
   1.9120000e+03  -1.4827125e+04  -8.4515420e+03
   1.9130000e+03  -1.8127874e+04  -2.1320979e+03
   1.9140000e+03  -1.1307094e+04   1.4671614e+04
   1.9150000e+03  -4.1742682e+03   1.4854902e+03
   1.9160000e+03  -1.1126807e+04  -1.5981876e+04
   1.9170000e+03  -9.7077887e+03  -4.5627878e+03
   1.9180000e+03   2.2759680e+03   2.1474597e+03
   1.9190000e+03   8.2951881e+03  -1.7594125e+04
   1.9200000e+03   2.1535347e+02  -3.4307256e+04
   1.9210000e+03  -2.5829980e+04  -2.3319945e+04
   1.9220000e+03  -3.5513093e+04   4.7402422e+03
   1.9230000e+03   5.0361890e+02   1.2170236e+04
   1.9240000e+03   3.2641194e+04  -1.3976927e+04
   1.9250000e+03   7.6459794e+03  -2.8964239e+04
   1.9260000e+03  -3.7778424e+04  -1.0922834e+04
   1.9270000e+03  -3.7850366e+04   6.6469541e+03
   1.9280000e+03   4.0271795e+03   1.0011462e+04
   1.9290000e+03   2.7357843e+04   3.5488194e+03
   1.9300000e+03   2.6555717e+03  -1.6284551e+04
   1.9310000e+03  -1.9732198e+04  -2.4077169e+04
   1.9320000e+03   1.2028678e+03   1.3104111e+03
   1.9330000e+03   2.1053464e+04   1.8933649e+04
   1.9340000e+03   1.1792430e+04  -1.0649291e+03
   1.9350000e+03  -2.0799860e+02  -2.0896039e+04
   1.9360000e+03  -9.6570117e+03  -1.2868496e+04
   1.9370000e+03  -1.0179669e+04   1.8954964e+03
   1.9380000e+03   8.2477806e+03  -2.8059228e+03
   1.9390000e+03   1.9319621e+04  -1.8455598e+04
   1.9400000e+03   1.1466122e+04  -1.0574077e+04
   1.9410000e+03   4.3032554e+03   1.2712760e+04
   1.9420000e+03   2.5057797e+03   1.2880188e+04
   1.9430000e+03   6.3991223e+02  -9.2819198e+02
   1.9440000e+03  -1.3638772e+03  -3.8583300e+03
   1.9450000e+03   2.8218855e+03  -5.8808357e+03
   1.9460000e+03   1.9578453e+04  -1.6088660e+04
   1.9470000e+03   2.4942689e+04  -1.2807367e+04
   1.9480000e+03  -6.4053540e+02   1.4924189e+04
   1.9490000e+03  -1.9396596e+04   2.7770817e+04
   1.9500000e+03  -8.5788454e+03  -1.3935580e+03
   1.9510000e+03   8.3204880e+03  -2.9744065e+04
   1.9520000e+03   2.2584255e+04  -1.9058875e+04
   1.9530000e+03   2.0424958e+04   2.5983479e+03
   1.9540000e+03  -1.9453105e+03   1.0391798e+04
   1.9550000e+03  -2.8487025e+03   1.6721160e+04
   1.9560000e+03   1.6772069e+04   1.4759378e+04
   1.9570000e+03   1.7301704e+04  -4.6765810e+02
   1.9580000e+03   8.5831458e+03  -3.7574751e+03
   1.9590000e+03   7.0570568e+03   7.3018001e+03
   1.9600000e+03   3.9133986e+03   1.6636234e+04
   1.9610000e+03   3.3639279e+03   1.9124176e+04
   1.9620000e+03   6.4043000e+03   9.9450159e+03
   1.9630000e+03   1.0775911e+03  -5.6196616e+03
   1.9640000e+03  -6.5373526e+03  -9.6476677e+03
   1.9650000e+03  -1.7305215e+03   4.0955694e+03
   1.9660000e+03   8.2828704e+03   1.5172071e+04
   1.9670000e+03   8.7106186e+03  -5.6474657e+02
   1.9680000e+03   5.7332578e+03  -2.4769127e+04
   1.9690000e+03   9.3317499e+03  -1.2376928e+04
   1.9700000e+03   8.4990793e+03   2.4410954e+04
   1.9710000e+03  -1.0963378e+03   2.4048698e+04
   1.9720000e+03   1.0637805e+03  -5.1550464e+03
   1.9730000e+03   1.3716506e+04  -7.3810638e+03
   1.9740000e+03   1.0636210e+04   9.6005880e+03
   1.9750000e+03  -1.7899304e+03   2.2233081e+04
   1.9760000e+03  -6.9475875e+03   3.0576298e+04
   1.9770000e+03  -1.3511646e+04   2.2590950e+04
   1.9780000e+03  -1.5039372e+04   7.5748158e+03
   1.9790000e+03  -1.0961386e+03   7.8587354e+03
   1.9800000e+03   8.7216960e+03   1.2757743e+04
   1.9810000e+03   1.2266436e+02   1.1349372e+04
   1.9820000e+03  -1.4028608e+04   1.0548346e+04
   1.9830000e+03  -1.3647996e+04   6.4384886e+03
   1.9840000e+03   7.2043396e+02  -2.4023792e+03
   1.9850000e+03   1.0064506e+04  -3.1505291e+03
   1.9860000e+03   6.1024022e+03  -4.6586102e+03
   1.9870000e+03  -8.1868750e+03  -1.5313005e+04
   1.9880000e+03  -1.6898303e+04  -1.0781516e+04
   1.9890000e+03  -7.6002666e+03   1.1393570e+04
   1.9900000e+03   9.8616118e+02   2.0639912e+04
   1.9910000e+03  -6.2442693e+02   3.0801320e+02
   1.9920000e+03  -9.7899409e+03  -2.9190248e+04
   1.9930000e+03  -3.2576332e+04  -2.3596043e+04
   1.9940000e+03  -4.2623429e+04   1.4079090e+04
   1.9950000e+03  -2.0828924e+04   2.8422586e+04
   1.9960000e+03  -2.1829707e+03   3.8831449e+03
   1.9970000e+03  -5.1857870e+03  -2.3657082e+04
   1.9980000e+03  -1.3161482e+04  -2.7084351e+04
   1.9990000e+03  -1.8576895e+04  -6.4680950e+03
   2.0000000e+03  -1.6187284e+04   1.9051924e+04
