   1.0274000e+02   2.5123000e+01
   1.0319670e+02   2.6059800e+01
   0.0000000e+00   6.4092898e+05   6.4092898e+05
   1.0000000e+00  -1.4927309e+05   6.5667854e+05
   2.0000000e+00  -4.3483070e+05   4.2022200e+04
   3.0000000e+00   2.8237250e+05  -4.2174359e+05
   4.0000000e+00   8.1673366e+05  -3.6077487e+05
   5.0000000e+00   3.4193187e+05   3.5994180e+05
   6.0000000e+00  -4.6100738e+05   8.5612304e+05
   7.0000000e+00  -6.5470831e+05   1.9860962e+05
   8.0000000e+00  -2.8871993e+05  -7.9817901e+05
   9.0000000e+00   1.4555657e+05  -8.7118615e+05
   1.0000000e+01   3.6178005e+05   8.5262470e+04
   1.1000000e+01   2.2273787e+05   9.8373558e+05
   1.2000000e+01  -1.6333523e+05   6.2768770e+05
   1.3000000e+01  -5.4063788e+05  -5.0527739e+05
   1.4000000e+01  -4.9929911e+05  -8.9461857e+05
   1.5000000e+01   2.4967263e+05  -1.9898900e+05
   1.6000000e+01   9.2549457e+05   5.8185824e+05
   1.7000000e+01   4.8777049e+05   4.1780630e+05
   1.8000000e+01  -4.7695812e+05  -3.9543257e+05
   1.9000000e+01  -5.6685935e+05  -5.2779461e+05
   2.0000000e+01   1.9809451e+05   1.1926671e+05
   2.1000000e+01   6.3257998e+05   3.8215494e+05
   2.2000000e+01   2.2160160e+05   6.4958892e+04
   2.3000000e+01  -5.8036117e+05  -2.2768904e+05
   2.4000000e+01  -9.5716666e+05  -3.5554642e+05
   2.5000000e+01  -3.8748426e+05  -2.7723019e+05
   2.6000000e+01   3.8608640e+05   5.5081199e+04
   2.7000000e+01   2.5247839e+05   3.3922978e+05
   2.8000000e+01  -4.4701709e+05   2.9735778e+05
   2.9000000e+01  -6.4250652e+05  -1.4245779e+04
   3.0000000e+01  -9.8125712e+04  -1.9051625e+05
   3.1000000e+01   5.1095365e+05   9.8517701e+04
   3.2000000e+01   4.9750015e+05   3.6369129e+05
   3.3000000e+01   8.6371926e+04   4.7655481e+04
   3.4000000e+01   4.9409803e+04  -2.3742481e+05
   3.5000000e+01   5.1586584e+05   4.3941841e+04
   3.6000000e+01   7.7897225e+05   2.5939155e+05
   3.7000000e+01   3.3382168e+05   2.1471845e+05
   3.8000000e+01  -3.9727735e+05   2.4006015e+05
   3.9000000e+01  -8.0505353e+05  -1.6624636e+05
   4.0000000e+01  -7.7344774e+05  -9.0690907e+05
   4.1000000e+01  -3.6856745e+05  -7.0731644e+05
   4.2000000e+01   1.0874423e+05   2.7823704e+05
   4.3000000e+01   8.6333393e+04   5.0655051e+05
   4.4000000e+01  -4.0097732e+05  -1.5044767e+05
   4.5000000e+01  -5.2704789e+05  -5.5994061e+05
   4.6000000e+01  -1.1147240e+03  -2.9356585e+05
   4.7000000e+01   4.3557968e+05   2.6824873e+05
   4.8000000e+01   3.2321693e+05   4.5483491e+05
   4.9000000e+01   9.3523572e+04  -2.5166772e+04
   5.0000000e+01   1.4462513e+05  -3.7855332e+05
   5.1000000e+01   3.3766033e+05   2.6385609e+04
   5.2000000e+01   3.9334759e+05   4.8932552e+05
   5.3000000e+01   2.0392802e+05   2.1499663e+05
   5.4000000e+01  -7.8838174e+04  -3.2953127e+05
   5.5000000e+01  -1.8932322e+05  -1.8018146e+05
   5.6000000e+01  -1.4936077e+05   3.1029951e+05
   5.7000000e+01  -1.2672965e+05   1.3685145e+05
   5.8000000e+01  -9.3837853e+04  -2.9605285e+05
   5.9000000e+01  -8.5174790e+04  -1.6364502e+05
   6.0000000e+01  -1.6154172e+05   1.9287672e+05
   6.1000000e+01  -1.2854656e+05   2.0212176e+05
   6.2000000e+01   1.1696047e+05  -4.0965924e+04
   6.3000000e+01   2.6993489e+05  -1.4735889e+05
   6.4000000e+01   5.1210310e+04  -6.0923458e+04
   6.5000000e+01  -2.0693219e+05  -4.7820458e+04
   6.6000000e+01  -2.0834266e+04  -2.5183733e+04
   6.7000000e+01   3.5547954e+05   1.9824668e+05
   6.8000000e+01   3.3709672e+05   2.3102719e+05
   6.9000000e+01  -3.9776660e+04  -9.6052668e+04
   7.0000000e+01  -2.5379227e+05  -2.1074535e+05
   7.1000000e+01  -7.6448090e+04   2.2334424e+04
   7.2000000e+01   2.1297763e+05   1.5430621e+05
   7.3000000e+01   2.1812400e+05   6.9150449e+04
   7.4000000e+01  -9.0744103e+04  -8.9085215e+04
   7.5000000e+01  -2.8386789e+05  -1.0954875e+05
   7.6000000e+01  -1.1595472e+05   7.6390488e+04
   7.7000000e+01   1.5626545e+05   1.2559248e+05
   7.8000000e+01   2.3279913e+05  -4.6641036e+04
   7.9000000e+01   1.1982649e+04  -8.2384364e+04
   8.0000000e+01  -2.1203805e+05   3.3515974e+04
   8.1000000e+01  -3.4276592e+04   5.0362930e+04
   8.2000000e+01   2.4048413e+05   1.4309075e+04
   8.3000000e+01   1.2512772e+05   1.3366970e+04
   8.4000000e+01  -1.3792551e+05  -5.5936240e+03
   8.5000000e+01  -1.3862486e+05   4.4707158e+04
   8.6000000e+01   6.0742178e+04   1.0939497e+05
   8.7000000e+01   1.7649517e+05  -1.0713087e+04
   8.8000000e+01   6.5049152e+04  -1.2249014e+05
   8.9000000e+01  -1.2639986e+05  -1.9875296e+04
   9.0000000e+01  -1.4475538e+05   1.2376665e+05
   9.1000000e+01  -1.7486161e+04   1.0176195e+05
   9.2000000e+01   7.9110826e+04  -7.5801698e+04
   9.3000000e+01   8.9138266e+04  -1.2470505e+05
   9.4000000e+01  -1.6017739e+04   7.0573356e+04
   9.5000000e+01  -1.1980980e+05   1.3862340e+05
   9.6000000e+01  -6.4285242e+04  -5.7880918e+04
   9.7000000e+01   3.6194788e+04  -1.1869828e+05
   9.8000000e+01   7.0541141e+04   6.2478166e+04
   9.9000000e+01   4.7518295e+04   1.1438949e+05
   1.0000000e+02  -4.0737826e+04  -1.2022152e+04
   1.0100000e+02  -9.5942678e+04  -3.0999248e+04
   1.0200000e+02  -4.9436766e+04   5.2458837e+04
   1.0300000e+02  -1.1697777e+04   4.7714478e+04
   1.0400000e+02  -4.1216629e+03  -3.6318016e+04
   1.0500000e+02   6.4721752e+04  -5.8808281e+04
   1.0600000e+02   6.7825289e+04  -1.2981687e+04
   1.0700000e+02  -1.1289293e+05   8.1024804e+03
   1.0800000e+02  -2.2239511e+05   1.4396453e+04
   1.0900000e+02  -8.5960121e+04   1.5020173e+04
   1.1000000e+02   9.2428594e+04  -3.7723401e+04
   1.1100000e+02   9.7591813e+04  -9.6411355e+04
   1.1200000e+02  -1.4356553e+04  -5.9955529e+04
   1.1300000e+02  -3.5978722e+04   2.5394604e+04
   1.1400000e+02   1.3564733e+04   3.0269362e+04
   1.1500000e+02  -1.9465672e+04   2.4338511e+04
   1.1600000e+02  -6.9115830e+04   4.4319368e+04
   1.1700000e+02  -1.9095076e+04  -5.1004593e+04
   1.1800000e+02   7.6642701e+04  -1.2727542e+05
   1.1900000e+02   7.6001137e+04  -3.4534099e+03
   1.2000000e+02  -4.5503412e+04   1.2115396e+05
   1.2100000e+02  -1.3663156e+05   6.3904367e+04
   1.2200000e+02  -7.6744799e+04  -9.0800456e+04
   1.2300000e+02   4.9392773e+04  -1.6024228e+05
   1.2400000e+02   4.3861555e+04  -4.7673563e+04
   1.2500000e+02  -4.7637573e+04   1.0071193e+05
   1.2600000e+02  -2.7500944e+04   7.8142933e+04
   1.2700000e+02   2.0407367e+04  -6.2314242e+04
   1.2800000e+02  -3.4396537e+04  -1.2980364e+05
   1.2900000e+02  -8.1369578e+04  -6.3164491e+04
   1.3000000e+02  -1.1256977e+03   4.9961870e+04
   1.3100000e+02   1.1345878e+05   4.3496224e+04
   1.3200000e+02   6.4396817e+04  -6.1736390e+04
   1.3300000e+02  -8.8716223e+04  -3.6053607e+04
   1.3400000e+02  -8.3098894e+04   7.3989265e+04
   1.3500000e+02   7.5614500e+04   4.0616512e+04
   1.3600000e+02   1.0381666e+05  -8.2277605e+04
   1.3700000e+02  -3.3927862e+04  -1.1213639e+05
   1.3800000e+02  -6.0199133e+04  -2.5015698e+04
   1.3900000e+02   2.0303588e+04   7.5445970e+04
   1.4000000e+02   2.4380078e+04   1.1139883e+05
   1.4100000e+02   3.1918117e+04   5.6983809e+04
   1.4200000e+02   6.6386746e+04  -6.3896454e+04
   1.4300000e+02   4.2516040e+04  -1.1557231e+05
   1.4400000e+02   3.0407944e+03  -2.2772356e+04
   1.4500000e+02  -2.8842464e+04   8.0983163e+04
   1.4600000e+02  -3.1853295e+04   5.5881556e+04
   1.4700000e+02   3.8350605e+04  -2.2639296e+04
   1.4800000e+02   7.9800724e+04  -2.4852602e+04
   1.4900000e+02   2.1908275e+03  -1.7518660e+04
   1.5000000e+02  -4.6823656e+04  -3.4374543e+04
   1.5100000e+02   2.1690780e+04   1.7549383e+04
   1.5200000e+02   4.9000780e+04   6.4669860e+04
   1.5300000e+02   4.3030038e+03   1.9098871e+04
   1.5400000e+02   1.7306464e+04  -8.2763837e+03
   1.5500000e+02   6.9134028e+04   2.3341575e+04
   1.5600000e+02   5.0805174e+04   2.0330050e+04
   1.5700000e+02  -1.9213191e+04   1.8926281e+04
   1.5800000e+02  -4.1382834e+03   6.5885554e+04
   1.5900000e+02   8.3642057e+04   5.8894103e+04
   1.6000000e+02   7.0978538e+04   1.0173676e+04
   1.6100000e+02  -3.4528847e+04  -2.4377792e+03
   1.6200000e+02  -5.2062791e+04   1.8013902e+04
   1.6300000e+02   2.8556528e+04   6.6323143e+04
   1.6400000e+02   3.8732886e+04   1.9157043e+04
   1.6500000e+02  -1.9065814e+04  -1.1586218e+05
   1.6600000e+02  -1.2164224e+04  -8.4237103e+04
   1.6700000e+02   3.1497024e+04   7.2342364e+04
   1.6800000e+02   2.9846664e+04   1.0341634e+05
   1.6900000e+02  -2.4001136e+04   1.0877889e+04
   1.7000000e+02  -5.4778108e+04  -5.5906152e+04
   1.7100000e+02  -9.3274643e+02  -2.8517794e+04
   1.7200000e+02   3.7265175e+04   3.2643308e+04
   1.7300000e+02   9.1079415e+03   3.6670873e+04
   1.7400000e+02  -1.8445116e+04   4.8150156e+03
   1.7500000e+02  -4.1650794e+04   2.0034853e+04
   1.7600000e+02  -4.4707760e+04   4.6574522e+04
   1.7700000e+02  -4.4916283e+03   1.7900030e+04
   1.7800000e+02   1.5354691e+04  -1.0967851e+04
   1.7900000e+02  -1.0836482e+04  -1.9122186e+04
   1.8000000e+02  -1.4120919e+03  -2.5443102e+04
   1.8100000e+02   2.6932559e+04  -1.3424842e+04
   1.8200000e+02  -2.2192204e+04  -9.4474533e+03
   1.8300000e+02  -4.6868332e+04   1.7942403e+03
   1.8400000e+02   2.6527733e+04   4.7963538e+04
   1.8500000e+02   4.5297517e+04   5.0082825e+04
   1.8600000e+02  -3.8740275e+04  -2.2947342e+04
   1.8700000e+02  -1.0463261e+05  -6.0985314e+04
   1.8800000e+02  -6.7428105e+04  -1.3883674e+04
   1.8900000e+02   1.5471736e+04   1.7639443e+04
   1.9000000e+02   1.7729753e+04   5.4470347e+03
   1.9100000e+02  -4.1346041e+04   1.0821482e+03
   1.9200000e+02  -5.9359812e+04  -8.7923294e+03
   1.9300000e+02  -4.6800184e+04  -2.0816379e+04
   1.9400000e+02  -3.2776540e+04  -3.4633294e+04
   1.9500000e+02   1.6414320e+04  -4.5069658e+04
   1.9600000e+02   3.8666137e+04  -7.7494729e+03
   1.9700000e+02  -2.8433978e+04   2.2924403e+04
   1.9800000e+02  -5.5878084e+04   6.6766294e+02
   1.9900000e+02   5.1883471e+03  -5.8490785e+03
   2.0000000e+02   4.1525645e+04   5.6739345e+03
   2.0100000e+02   1.4508691e+04  -2.1626734e+04
   2.0200000e+02  -4.5919935e+04  -3.8813734e+04
   2.0300000e+02  -5.3991524e+04  -2.8674152e+03
   2.0400000e+02   2.1395946e+04   1.0635702e+04
   2.0500000e+02   5.3095754e+04  -8.6587958e+03
   2.0600000e+02  -2.4186890e+03  -1.9755400e+04
   2.0700000e+02  -5.0824814e+04  -3.0493323e+04
   2.0800000e+02  -5.5057368e+04  -1.2221130e+04
   2.0900000e+02  -2.4678143e+04  -1.1361630e+02
   2.1000000e+02   3.1990297e+04  -4.4094169e+04
   2.1100000e+02   3.6107938e+04  -5.7245467e+04
   2.1200000e+02  -1.7197328e+04  -7.6677429e+03
   2.1300000e+02   2.5907165e+03   2.4894672e+04
   2.1400000e+02   3.8895899e+04  -9.5312507e+03
   2.1500000e+02  -1.9236778e+04  -6.2276262e+04
   2.1600000e+02  -4.7139667e+04  -2.5184557e+04
   2.1700000e+02   1.1403159e+04   6.4747140e+04
   2.1800000e+02   5.9776996e+04   4.2482864e+04
   2.1900000e+02   5.7630489e+04  -5.0715238e+04
   2.2000000e+02   1.1327379e+04  -1.7162752e+04
   2.2100000e+02  -2.5843547e+04   6.7843073e+04
   2.2200000e+02   1.0144984e+04   2.6796697e+04
   2.2300000e+02   5.8627122e+04  -3.0882615e+04
   2.2400000e+02   2.0489812e+04  -1.7813319e+04
   2.2500000e+02  -1.9961969e+04  -4.6716050e+03
   2.2600000e+02   2.6723661e+04   1.1672730e+04
   2.2700000e+02   5.4105579e+04   3.5660781e+03
   2.2800000e+02   1.4039584e+04  -4.2806655e+04
   2.2900000e+02  -2.7290480e+04  -1.5119346e+04
   2.3000000e+02  -1.7691257e+04   5.3943657e+04
   2.3100000e+02   5.0929672e+04   1.6964269e+04
   2.3200000e+02   7.4822708e+04  -4.0882424e+04
   2.3300000e+02   1.8272811e+04  -1.5143883e+03
   2.3400000e+02  -1.0236256e+04   2.7815069e+04
   2.3500000e+02  -2.1935197e+03   2.2170017e+04
   2.3600000e+02  -9.6709910e+03   4.3519100e+04
   2.3700000e+02   1.5712124e+04   3.7067681e+04
   2.3800000e+02   6.8872094e+04   1.1953915e+04
   2.3900000e+02   3.9554361e+04   5.0109259e+03
   2.4000000e+02  -2.3792544e+04  -6.6323941e+03
   2.4100000e+02  -8.3104659e+03   5.3681518e+03
   2.4200000e+02   2.7707198e+04   2.6263321e+04
   2.4300000e+02   3.4758515e+04   1.6766297e+03
   2.4400000e+02   3.1402287e+03  -2.3673532e+04
   2.4500000e+02  -5.2599978e+04   1.7242185e+03
   2.4600000e+02  -3.5022458e+04   3.3464786e+04
   2.4700000e+02   2.3062394e+04   3.4584485e+04
   2.4800000e+02   2.1270613e+04   5.6110001e+03
   2.4900000e+02  -6.4432966e+02  -4.0660994e+04
   2.5000000e+02   7.7545395e+03  -1.7251291e+04
   2.5100000e+02   1.9960251e+04   6.0795149e+04
   2.5200000e+02   7.6097375e+03   6.4696713e+04
   2.5300000e+02  -1.2792141e+04   2.3058530e+04
   2.5400000e+02  -1.6661356e+04  -1.3337574e+04
   2.5500000e+02  -4.5014118e+03  -3.4852555e+04
   2.5600000e+02  -4.6298713e+03   1.1081376e+04
   2.5700000e+02  -9.2128638e+03   5.6349175e+04
   2.5800000e+02   2.3589442e+04   2.9416221e+04
   2.5900000e+02   7.5635176e+03  -1.1172886e+04
   2.6000000e+02  -7.7301957e+04  -2.1197242e+04
   2.6100000e+02  -6.3833022e+04   8.1365736e+03
   2.6200000e+02   1.7306484e+04   4.8362901e+04
   2.6300000e+02   2.5167658e+04   1.9362393e+04
   2.6400000e+02  -6.1350313e+02  -6.6713274e+04
   2.6500000e+02  -2.4567877e+04  -6.2174397e+04
   2.6600000e+02  -6.0049141e+04   3.0973609e+04
   2.6700000e+02  -5.1095571e+04   4.3638695e+04
   2.6800000e+02   1.1966160e+04  -5.1202002e+03
   2.6900000e+02   3.8306267e+04  -1.9240408e+04
   2.7000000e+02   8.3058461e+03  -2.2458953e+04
   2.7100000e+02  -2.7821060e+04  -4.9697522e+03
   2.7200000e+02  -4.2011020e+04   2.4104221e+04
   2.7300000e+02  -1.4918954e+04   1.0424659e+04
   2.7400000e+02  -1.1261812e+04  -6.2636760e+03
   2.7500000e+02  -4.5975902e+04   3.7045857e+03
   2.7600000e+02  -2.6657810e+04  -9.3042503e+03
   2.7700000e+02  -5.3431509e+03  -2.9025765e+04
   2.7800000e+02  -2.2072738e+04  -1.9049273e+04
   2.7900000e+02  -4.7694886e+03  -1.7687076e+04
   2.8000000e+02  -1.7933363e+03  -1.8658513e+04
   2.8100000e+02  -4.0775639e+04  -1.6910546e+04
   2.8200000e+02  -2.3750987e+04  -4.1367888e+04
   2.8300000e+02   2.7403946e+04  -3.0419180e+04
   2.8400000e+02   7.0952029e+03   1.2890719e+04
   2.8500000e+02  -1.9741346e+04   2.2656935e+03
   2.8600000e+02   1.4304166e+04  -3.1012334e+04
   2.8700000e+02   2.2754341e+04  -3.0662200e+04
   2.8800000e+02   1.5476537e+03  -5.2056001e+03
   2.8900000e+02  -1.0948158e+04   1.7810139e+04
   2.9000000e+02  -1.6357713e+04  -1.5656686e+03
   2.9100000e+02   1.7477599e+04  -5.1167448e+04
   2.9200000e+02   2.8498859e+04  -4.2257918e+04
   2.9300000e+02  -2.6405442e+04   2.0560422e+04
   2.9400000e+02  -5.0678802e+04   2.0463510e+04
   2.9500000e+02  -1.5014969e+04  -2.4843198e+04
   2.9600000e+02   2.2289429e+04  -3.6307878e+04
   2.9700000e+02   2.4751262e+04  -2.6513487e+04
   2.9800000e+02  -5.9999260e+03   1.0048951e+04
   2.9900000e+02  -2.4461408e+04   2.6595732e+04
   3.0000000e+02   1.8153366e+04  -1.3453820e+04
   3.0100000e+02   5.6171195e+04  -1.0957605e+04
   3.0200000e+02   9.3908528e+03   2.2838726e+04
   3.0300000e+02  -1.9961131e+04  -2.4944008e+03
   3.0400000e+02   1.8642144e+04  -3.0272330e+04
   3.0500000e+02   3.9037070e+04  -8.6624316e+03
   3.0600000e+02   5.0284164e+04   9.8222271e+03
   3.0700000e+02   4.9438840e+04   1.4008694e+04
   3.0800000e+02   8.2887823e+03   1.5387713e+04
   3.0900000e+02  -1.0873042e+04  -4.2020623e+03
   3.1000000e+02   3.6479780e+03  -2.3051732e+03
   3.1100000e+02   2.0166683e+04   1.7302331e+04
   3.1200000e+02   4.8278224e+04  -1.2695563e+03
   3.1300000e+02   4.7552117e+04   1.1888318e+02
   3.1400000e+02  -8.9525061e+03   2.2651995e+04
   3.1500000e+02  -1.6142090e+04   1.1586930e+04
   3.1600000e+02   3.8141704e+04   2.2390003e+04
   3.1700000e+02   2.9182541e+04   4.2011122e+04
   3.1800000e+02  -1.6180593e+04   1.1414685e+04
   3.1900000e+02  -2.2578163e+04  -1.6962360e+04
   3.2000000e+02  -3.5896809e+03  -1.0385457e+04
   3.2100000e+02   2.7120349e+04   9.7989820e+03
   3.2200000e+02   2.3218172e+04   4.7870924e+04
   3.2300000e+02  -3.1033470e+03   4.9200215e+04
   3.2400000e+02   1.2404831e+04  -2.6323358e+04
   3.2500000e+02   3.0423075e+04  -4.5149889e+04
   3.2600000e+02   1.6654824e+04   2.3206004e+04
   3.2700000e+02   1.1968408e+04   3.6957069e+04
   3.2800000e+02   1.3838828e+04   1.0287764e+04
   3.2900000e+02  -5.7126248e+03  -1.0587613e+03
   3.3000000e+02   3.6025882e+03  -6.4809963e+03
   3.3100000e+02   3.2743584e+04   2.3645789e+04
   3.3200000e+02  -4.5887239e+03   4.1118199e+04
   3.3300000e+02  -3.9970436e+04   7.9064638e+03
   3.3400000e+02  -1.4525906e+04   4.0583565e+03
   3.3500000e+02   2.3481875e+03   3.8133123e+04
   3.3600000e+02  -3.3181449e+03   3.6396480e+04
   3.3700000e+02  -3.5595845e+04   4.7467223e+03
   3.3800000e+02  -6.0647392e+04  -1.0341527e+04
   3.3900000e+02  -1.0658844e+04  -9.1744630e+03
   3.4000000e+02   4.5935587e+04   1.9289052e+04
   3.4100000e+02   2.4068107e+04   3.9105552e+04
   3.4200000e+02  -2.8808438e+04  -5.4284469e+03
   3.4300000e+02  -4.0495763e+04  -2.6033875e+04
   3.4400000e+02  -2.3491668e+04   1.0020032e+04
   3.4500000e+02  -5.4023201e+03   7.9693105e+03
   3.4600000e+02   2.8539905e+03  -2.0933011e+04
   3.4700000e+02  -1.6938840e+04  -2.3292805e+04
   3.4800000e+02  -2.5845892e+04  -8.1905200e+03
   3.4900000e+02  -1.7565797e+04   2.3577078e+03
   3.5000000e+02  -2.5631164e+04  -1.0460691e+04
   3.5100000e+02  -1.8046228e+04  -2.6536508e+04
   3.5200000e+02  -1.0520236e+04   2.0457330e+03
   3.5300000e+02  -2.6765310e+04   3.2472828e+04
   3.5400000e+02  -2.4853276e+04  -1.1938254e+04
   3.5500000e+02  -1.1804523e+04  -4.1493747e+04
   3.5600000e+02  -1.1788597e+04   3.1944839e+03
   3.5700000e+02  -9.3633747e+03   7.4880103e+03
   3.5800000e+02  -8.9956016e+03  -2.0512238e+04
   3.5900000e+02  -2.6744854e+04  -1.6525362e+04
   3.6000000e+02  -1.8401136e+04  -2.3401774e+04
   3.6100000e+02   1.7443407e+04  -2.8743539e+04
   3.6200000e+02   4.3445922e+03  -1.8695425e+04
   3.6300000e+02  -2.5102671e+04  -2.4723820e+04
   3.6400000e+02  -2.3550063e+04  -1.7946409e+04
   3.6500000e+02  -1.8207674e+04   6.3836105e+03
   3.6600000e+02  -3.1753893e+03  -1.5125493e+03
   3.6700000e+02  -2.9175616e+03  -1.7218083e+04
   3.6800000e+02  -1.6105065e+04  -2.4751482e+03
   3.6900000e+02   5.8366900e+03   2.4359660e+01
   3.7000000e+02   1.8406094e+04  -8.8494665e+03
   3.7100000e+02  -9.5277077e+03  -9.7870510e+03
   3.7200000e+02  -1.7434893e+04  -2.4747533e+04
   3.7300000e+02   9.6314945e+03  -1.4589206e+04
   3.7400000e+02   2.5818383e+04   1.0556640e+04
   3.7500000e+02   3.1467554e+04  -1.2606489e+04
   3.7600000e+02   1.9388371e+04  -3.7674036e+04
   3.7700000e+02  -2.1237964e+04  -2.5957297e+04
   3.7800000e+02  -1.1985561e+04  -6.4839727e+03
   3.7900000e+02   3.1710209e+04   1.0523629e+04
   3.8000000e+02   3.3407026e+04   7.4767393e+03
   3.8100000e+02   2.9391209e+04  -2.1042855e+04
   3.8200000e+02   9.5374209e+03  -1.8100697e+04
   3.8300000e+02  -2.4449815e+04   1.8062359e+04
   3.8400000e+02  -5.9219768e+03   1.2509177e+04
   3.8500000e+02   2.3131892e+04  -1.5953982e+03
   3.8600000e+02   1.4962990e+04   1.6592954e+04
   3.8700000e+02   1.2738913e+02   7.6200480e+03
   3.8800000e+02  -1.0749745e+03  -4.4222536e+03
   3.8900000e+02   1.6025109e+04   3.5617654e+03
   3.9000000e+02   4.3484595e+04  -1.2259286e+04
   3.9100000e+02   3.6174812e+04  -1.6334005e+04
   3.9200000e+02   2.7480230e+02   7.6158340e+03
   3.9300000e+02   1.6421761e+04   2.1935506e+04
   3.9400000e+02   4.8145768e+04   2.8100805e+04
   3.9500000e+02   3.4177807e+04   1.2308046e+04
   3.9600000e+02   3.1775501e+04  -2.3318577e+04
   3.9700000e+02   2.3214800e+04  -1.0261602e+04
   3.9800000e+02  -1.7497910e+04   3.3393039e+04
   3.9900000e+02  -1.8607113e+04   2.8088654e+04
   4.0000000e+02   1.7034357e+04   2.3871511e+04
   4.0100000e+02   2.7331136e+04   3.8016481e+04
   4.0200000e+02   1.0240339e+04   7.7671974e+03
   4.0300000e+02  -5.8332752e+03  -5.5143541e+03
   4.0400000e+02  -1.2712447e+04   1.7889021e+04
   4.0500000e+02   6.4007936e+03   1.8162680e+04
   4.0600000e+02   2.2645033e+04   2.4058396e+04
   4.0700000e+02  -1.0992178e+04   2.7101796e+04
   4.0800000e+02  -1.7548351e+04   7.7575925e+02
   4.0900000e+02   1.6858478e+04   1.3459641e+03
   4.1000000e+02   2.2251018e+04   2.1948735e+04
   4.1100000e+02   3.4019998e+04  -4.5279681e+03
   4.1200000e+02   3.0502611e+04  -3.3767412e+04
   4.1300000e+02  -1.6419000e+04   1.7690311e+02
   4.1400000e+02  -2.7533374e+04   3.8950200e+04
   4.1500000e+02  -9.5982094e+03   4.4630906e+04
   4.1600000e+02  -9.4050748e+03   2.7263299e+04
   4.1700000e+02  -6.2253377e+03  -1.5809492e+04
   4.1800000e+02  -4.5363403e+03  -2.5056367e+04
   4.1900000e+02  -2.9387916e+04   6.6808607e+03
   4.2000000e+02  -3.9211230e+04   2.3563914e+04
   4.2100000e+02  -1.3009720e+04   3.1151907e+04
   4.2200000e+02  -2.7828393e+03   1.9286360e+04
   4.2300000e+02  -3.0576091e+03  -1.0315917e+04
   4.2400000e+02  -1.0566143e+04  -1.5440348e+04
   4.2500000e+02  -3.6481301e+04  -8.1864794e+03
   4.2600000e+02  -2.3600194e+04  -9.0663944e+03
   4.2700000e+02   5.1490629e+02   1.7149967e+03
   4.2800000e+02  -1.7801351e+04   1.3850166e+04
   4.2900000e+02  -2.7934503e+04  -1.2965751e+03
   4.3000000e+02  -1.8941586e+04  -6.6237684e+03
   4.3100000e+02  -2.4431211e+04   2.4062762e+02
   4.3200000e+02  -2.2887042e+04  -2.3525933e+04
   4.3300000e+02  -5.2189347e+02  -2.2849029e+04
   4.3400000e+02   8.8736506e+01   4.8082122e+03
   4.3500000e+02  -1.8974687e+04  -1.0513534e+04
   4.3600000e+02  -2.8512280e+04  -2.3566063e+04
   4.3700000e+02  -2.7144613e+04  -7.5577435e+03
   4.3800000e+02   1.0769146e+04  -1.2221843e+04
   4.3900000e+02   2.8498129e+04  -2.1557139e+04
   4.4000000e+02  -1.9999412e+04  -1.1281482e+04
   4.4100000e+02  -3.7617396e+04  -1.4313308e+04
   4.4200000e+02  -2.5829794e+04  -2.2896406e+04
   4.4300000e+02  -2.6957326e+04  -1.1249610e+04
   4.4400000e+02   1.6570888e+03  -7.0342528e+03
   4.4500000e+02   2.1335747e+04   4.6808506e+03
   4.4600000e+02  -9.7220574e+03   1.7148900e+04
   4.4700000e+02  -3.1825754e+04  -2.6694692e+04
   4.4800000e+02  -1.0573209e+04  -5.0751323e+04
   4.4900000e+02   6.1861768e+03  -1.1030725e+04
   4.5000000e+02   2.6069267e+03  -1.5307025e+02
   4.5100000e+02   7.0026375e+03  -1.4512063e+04
   4.5200000e+02   9.0435891e+03  -8.1047691e+03
   4.5300000e+02   2.1266603e+04  -2.9568050e+01
   4.5400000e+02   3.4211950e+04   4.6296595e+03
   4.5500000e+02   7.6631654e+03  -5.2972801e+03
   4.5600000e+02  -1.6029479e+04  -3.9145558e+04
   4.5700000e+02  -1.5014139e+04  -4.2342875e+04
   4.5800000e+02   5.7216030e+03  -6.6579827e+03
   4.5900000e+02   4.7614719e+04   6.8262774e+03
   4.6000000e+02   4.2234119e+04   1.8683661e+04
   4.6100000e+02  -1.5760552e+04   2.6064267e+04
   4.6200000e+02  -3.2247351e+04  -2.0153018e+04
   4.6300000e+02   3.2152375e+03  -4.0719201e+04
   4.6400000e+02   2.5842855e+04  -1.2915144e+04
   4.6500000e+02   3.2890133e+04  -7.6760758e+03
   4.6600000e+02   2.8333581e+04   1.2673365e+04
   4.6700000e+02   5.9794319e+02   4.5780102e+04
   4.6800000e+02   9.0062852e+03   2.3162939e+04
   4.6900000e+02   3.5280909e+04  -9.9586041e+03
   4.7000000e+02   1.4039343e+04   1.5334700e+03
   4.7100000e+02   6.2098804e+03   1.7645496e+04
   4.7200000e+02   2.3983137e+04   1.9631248e+04
   4.7300000e+02   2.9239322e+04   2.0726012e+04
   4.7400000e+02   3.6440106e+04   8.3115837e+03
   4.7500000e+02   1.7662275e+04   4.8599370e+03
   4.7600000e+02  -1.6740550e+04   8.9030841e+03
   4.7700000e+02  -1.8901094e+03  -7.0108936e+03
   4.7800000e+02   2.4395698e+04   7.7992173e+03
   4.7900000e+02   5.0315021e+03   3.1312780e+04
   4.8000000e+02   3.9839285e+03  -9.3891941e+02
   4.8100000e+02   3.7259160e+04  -1.8198220e+04
   4.8200000e+02   2.1620035e+04   1.2289546e+04
   4.8300000e+02  -1.3441006e+04   2.4980534e+04
   4.8400000e+02  -1.5059913e+04   1.2521625e+04
   4.8500000e+02   2.1268479e+02  -1.7327422e+03
   4.8600000e+02   3.2379877e+04  -1.3425337e+04
   4.8700000e+02   3.3053836e+04   7.0479761e+03
   4.8800000e+02  -5.3608553e+03   3.9146580e+04
   4.8900000e+02  -1.0109706e+04   2.1347635e+04
   4.9000000e+02  -1.8021465e+03   1.2647854e+04
   4.9100000e+02  -2.1448764e+04   3.0058670e+04
   4.9200000e+02  -2.5171488e+04  -6.5176391e+03
   4.9300000e+02  -1.0620064e+03  -2.5251306e+04
   4.9400000e+02   2.5023965e+03   1.3839823e+04
   4.9500000e+02   6.1500417e+02   1.9200544e+04
   4.9600000e+02   3.7090311e+03   1.2354533e+04
   4.9700000e+02  -2.1495073e+04   2.3555617e+04
   4.9800000e+02  -1.3065823e+04   1.0718198e+04
   4.9900000e+02   2.2615610e+04  -2.5023612e+03
   5.0000000e+02   3.0635854e+03   9.0372900e+03
   5.0100000e+02  -1.9298910e+04   1.2354421e+04
   5.0200000e+02  -2.8349216e+04   1.0476681e+04
   5.0300000e+02  -3.6591618e+04   1.0039812e+04
   5.0400000e+02   2.9023163e+03  -6.3825740e+03
   5.0500000e+02   1.7111702e+04   6.1180127e+03
   5.0600000e+02  -4.0973683e+04   2.6372795e+04
   5.0700000e+02  -5.2655862e+04  -1.4104287e+04
   5.0800000e+02   2.1504732e+03  -2.7868848e+04
   5.0900000e+02   7.7984918e+03   3.6343728e+03
   5.1000000e+02  -2.4022716e+04  -1.4276834e+04
   5.1100000e+02  -2.3753908e+04  -2.9756525e+04
   5.1200000e+02  -2.1051653e+04  -8.8234560e+01
   5.1300000e+02  -1.1443159e+04   7.4089049e+03
   5.1400000e+02   1.2596828e+03  -7.6166041e+03
   5.1500000e+02  -1.2651438e+04  -9.8081231e+03
   5.1600000e+02  -7.6745044e+03  -1.7281037e+04
   5.1700000e+02  -6.9934688e+03  -1.7690425e+04
   5.1800000e+02  -3.0730376e+04   8.2607265e+03
   5.1900000e+02  -1.2446996e+04   2.6806089e+03
   5.2000000e+02   6.9111361e+03  -2.3401767e+04
   5.2100000e+02  -1.7889096e+04  -7.4670901e+03
   5.2200000e+02  -1.9330877e+04   1.0367810e+04
   5.2300000e+02  -1.2782993e+03  -4.2824308e+03
   5.2400000e+02  -2.0224867e+04  -4.0327630e+04
   5.2500000e+02  -2.7294546e+04  -5.8778019e+04
   5.2600000e+02  -8.2512910e+02  -1.2837126e+04
   5.2700000e+02   2.5743252e+03   2.4453774e+04
   5.2800000e+02   3.9500932e+02  -6.2035682e+03
   5.2900000e+02  -7.7828460e+03  -2.4201711e+04
   5.3000000e+02  -2.3135698e+04  -8.3785089e+03
   5.3100000e+02   1.1509989e+04  -1.7742625e+04
   5.3200000e+02   2.9803179e+04  -2.1739516e+04
   5.3300000e+02  -2.4338164e+03   3.0679522e+03
   5.3400000e+02   5.9268584e+03  -1.8091738e+03
   5.3500000e+02   2.7070664e+04  -6.8870059e+03
   5.3600000e+02   7.8253253e+03   1.5024677e+04
   5.3700000e+02  -1.2084043e+03  -4.5530340e+01
   5.3800000e+02   2.0629286e+03  -2.9227914e+04
   5.3900000e+02  -1.8421671e+04  -3.3865386e+04
   5.4000000e+02  -1.0692208e+04  -1.6826970e+04
   5.4100000e+02   2.1993639e+04   2.6691615e+04
   5.4200000e+02   2.1868835e+03   2.6577160e+04
   5.4300000e+02  -1.5388656e+02  -2.7601282e+04
   5.4400000e+02   4.8599736e+04  -2.9511486e+04
   5.4500000e+02   5.1939197e+04   1.2953881e+04
   5.4600000e+02   2.3135240e+04   6.0406449e+03
   5.4700000e+02   2.1936008e+03  -2.1296650e+04
   5.4800000e+02   4.8851864e+03  -8.0305169e+03
   5.4900000e+02   4.7450886e+04   4.7322352e+03
   5.5000000e+02   5.4665897e+04   1.3387245e+04
   5.5100000e+02   6.4844588e+03   2.3060459e+04
   5.5200000e+02  -8.6385497e+03  -1.0441111e+04
   5.5300000e+02   1.4291714e+04  -2.1049854e+04
   5.5400000e+02   1.1297389e+04   1.5784866e+04
   5.5500000e+02  -2.8705006e+03   2.0531630e+04
   5.5600000e+02  -6.4845105e+03   2.1001131e+04
   5.5700000e+02  -1.1892036e+04   2.6565301e+04
   5.5800000e+02   1.8596987e+04  -1.9559782e+03
   5.5900000e+02   3.8170081e+04  -4.5563121e+02
   5.6000000e+02  -5.9862178e+03   4.1610416e+04
   5.6100000e+02  -1.1096982e+04   3.7860365e+04
   5.6200000e+02   2.2036295e+04   6.1510139e+03
   5.6300000e+02   2.4713131e+04  -7.6933440e+02
   5.6400000e+02   3.3981832e+04  -9.0039893e+03
   5.6500000e+02   3.0396238e+04   2.0964988e+03
   5.6600000e+02  -7.1086808e+03   3.0434419e+04
   5.6700000e+02  -1.1392126e+04   7.1550381e+03
   5.6800000e+02   1.1256882e+04  -1.6357536e+04
   5.6900000e+02  -3.3038921e+03   7.3249496e+03
   5.7000000e+02  -1.5693309e+04   2.1395269e+04
   5.7100000e+02   8.3342786e+03   2.0741359e+04
   5.7200000e+02   5.3902138e+03   1.7651044e+04
   5.7300000e+02  -1.5700479e+04   1.1778972e+04
   5.7400000e+02  -2.0402040e+04   2.1707667e+04
   5.7500000e+02  -1.7920497e+04   2.5416391e+04
   5.7600000e+02   5.9155640e+03   2.1642213e+03
   5.7700000e+02   7.1060258e+03  -7.2674584e+03
   5.7800000e+02  -2.3983378e+04   3.9300937e+03
   5.7900000e+02  -1.7931649e+04  -1.3431655e+02
   5.8000000e+02   8.6521822e+02   1.1951351e+04
   5.8100000e+02  -3.5022770e+03   3.2948046e+04
   5.8200000e+02   4.0592143e+03   6.6901307e+03
   5.8300000e+02   1.2248591e+04  -6.9336004e+03
   5.8400000e+02  -1.5702189e+04   1.2299808e+04
   5.8500000e+02  -2.5452682e+04   3.3735958e+03
   5.8600000e+02   3.7389940e+03  -2.3912353e+03
   5.8700000e+02  -1.0229730e+04   9.2819197e+03
   5.8800000e+02  -4.0356089e+04  -5.4095664e+02
   5.8900000e+02  -3.2486794e+04  -1.4051595e+04
   5.9000000e+02  -2.0137753e+04  -1.5027755e+04
   5.9100000e+02  -3.1964350e+03  -1.6654377e+04
   5.9200000e+02  -1.5843010e+04  -2.5335545e+03
   5.9300000e+02  -5.5793786e+04   1.2820675e+04
   5.9400000e+02  -3.6725629e+04  -1.6839475e+04
   5.9500000e+02   3.0702223e+02  -3.7153725e+04
   5.9600000e+02  -9.8338303e+03  -1.4117444e+04
   5.9700000e+02  -2.0054486e+04  -8.0426788e+03
   5.9800000e+02  -1.3492385e+04  -1.4975529e+03
   5.9900000e+02  -1.4536287e+04   9.7736297e+03
   6.0000000e+02  -2.7899025e+03  -1.0259009e+04
   6.0100000e+02   1.1645270e+04  -1.5388470e+04
   6.0200000e+02  -8.4643687e+02  -7.3154241e+03
   6.0300000e+02   8.2533891e+03  -1.8673087e+04
   6.0400000e+02   1.5228366e+04  -1.2700550e+04
   6.0500000e+02  -3.1532602e+04  -4.0906816e+03
   6.0600000e+02  -3.7852026e+04  -2.8820987e+04
   6.0700000e+02   7.6498586e+03  -2.7335782e+04
   6.0800000e+02   1.5606995e+04   9.4067275e+03
   6.0900000e+02  -1.6844226e+02  -3.2688265e+03
   6.1000000e+02  -9.0533653e+03  -3.3701797e+04
   6.1100000e+02  -1.4220307e+04  -2.4264280e+04
   6.1200000e+02  -1.1074001e+04  -1.7403771e+04
   6.1300000e+02  -6.1702098e+03  -7.3339029e+03
   6.1400000e+02  -2.9444027e+03  -9.9866336e+02
   6.1500000e+02   1.7430995e+04  -2.4843610e+04
   6.1600000e+02   3.0306278e+04  -1.8595123e+04
   6.1700000e+02  -1.1666164e+03   6.7888033e+03
   6.1800000e+02  -7.9092467e+03  -6.4993209e+03
   6.1900000e+02   2.5656913e+04  -1.5677319e+04
   6.2000000e+02   1.8832881e+04  -3.2934111e+03
   6.2100000e+02  -3.4945881e+03  -1.1190879e+04
   6.2200000e+02  -1.4557583e+03  -9.8047116e+03
   6.2300000e+02   1.7787268e+04   2.0230275e+04
   6.2400000e+02   5.2291120e+04   1.5288321e+04
   6.2500000e+02   4.1941559e+04  -6.9872141e+03
   6.2600000e+02  -1.9498139e+04  -1.8195759e+03
   6.2700000e+02  -2.3170079e+04  -4.3849372e+03
   6.2800000e+02   4.1546766e+04   1.4795794e+03
   6.2900000e+02   6.2314868e+04   1.7900646e+04
   6.3000000e+02   2.6552063e+04   2.7861218e+03
   6.3100000e+02  -2.3801228e+03  -3.5055346e+03
   6.3200000e+02  -8.7595876e+03   1.4837017e+04
   6.3300000e+02   2.2340293e+04   1.3983662e+04
   6.3400000e+02   4.2075043e+04   4.2307530e+03
   6.3500000e+02   6.2930551e+03   7.8444052e+03
   6.3600000e+02  -5.0510876e+03   6.5198911e+03
   6.3700000e+02   1.0212897e+04   6.6151419e+03
   6.3800000e+02  -7.6797753e+02   1.9713611e+04
   6.3900000e+02  -2.2064733e+03   1.2091264e+04
   6.4000000e+02   1.0891660e+04   6.5580405e+02
   6.4100000e+02   1.2918047e+04   7.4801094e+03
   6.4200000e+02   1.8193423e+04   3.1809720e+02
   6.4300000e+02   2.5040091e+04   6.2992394e+03
   6.4400000e+02   1.3489592e+04   2.2309009e+04
   6.4500000e+02   6.3219934e+03   3.8714650e+03
   6.4600000e+02   4.4915740e+03  -2.3643801e+03
   6.4700000e+02  -1.7599428e+04   1.6923951e+04
   6.4800000e+02  -7.0925277e+03   2.0193166e+04
   6.4900000e+02   2.8872786e+04   2.6638510e+04
   6.5000000e+02   1.8568788e+04   4.0156275e+04
   6.5100000e+02  -5.4618697e+03   2.6216553e+04
   6.5200000e+02  -2.0072505e+04   1.4158430e+04
   6.5300000e+02  -2.0026709e+04   2.1646498e+04
   6.5400000e+02   1.2934954e+04   3.0163296e+03
   6.5500000e+02   1.3734223e+04  -3.9442398e+03
   6.5600000e+02  -2.9411149e+04   2.0250439e+04
   6.5700000e+02  -3.2609358e+04   6.0194924e+03
   6.5800000e+02  -3.9114988e+03  -1.4547668e+04
   6.5900000e+02  -5.5167247e+03  -1.3294159e+04
   6.6000000e+02  -4.4210585e+03  -1.8480293e+04
   6.6100000e+02   7.3244019e+03   9.3315169e+02
   6.6200000e+02  -2.5304373e+04   1.8128232e+04
   6.6300000e+02  -4.7127334e+04  -7.4782370e+02
   6.6400000e+02  -2.1182294e+04   3.1776310e+02
   6.6500000e+02   5.3061230e+03   2.2384497e+04
   6.6600000e+02   2.9037960e+04   1.3556652e+04
   6.6700000e+02   6.1182891e+03  -9.6443373e+03
   6.6800000e+02  -5.5099568e+04  -8.8733293e+03
   6.6900000e+02  -4.4304425e+04   4.7746560e+03
   6.7000000e+02   8.2282219e+03   2.1034687e+04
   6.7100000e+02   3.0942309e+02   1.4189986e+04
   6.7200000e+02  -3.8755998e+04  -2.3084838e+04
   6.7300000e+02  -3.7255307e+04  -2.0999636e+04
   6.7400000e+02  -5.5370032e+03  -6.3265627e+03
   6.7500000e+02   1.9575454e+04  -2.8311682e+04
   6.7600000e+02   3.8467344e+03  -9.4228566e+03
   6.7700000e+02  -5.0546247e+04   2.2254472e+04
   6.7800000e+02  -4.5272611e+04  -1.3925065e+04
   6.7900000e+02   8.3269369e+03  -4.4944872e+04
   6.8000000e+02   4.6916524e+03  -2.1751437e+04
   6.8100000e+02  -8.9382879e+03   2.6669887e+03
   6.8200000e+02   2.9615620e+02   5.8336157e+03
   6.8300000e+02  -7.2735980e+03  -1.2565279e+04
   6.8400000e+02  -4.1094002e+03  -4.3891945e+04
   6.8500000e+02   3.9718403e+03  -2.9780561e+04
   6.8600000e+02  -1.4261815e+04   8.2758752e+03
   6.8700000e+02  -2.3376169e+04  -7.5045677e+03
   6.8800000e+02  -5.9926863e+03  -1.4689586e+04
   6.8900000e+02  -1.4462965e+03   1.2579410e+04
   6.9000000e+02  -1.0039974e+03  -9.8409518e+03
   6.9100000e+02   1.1222571e+04  -3.5596768e+04
   6.9200000e+02  -3.8353719e+03  -4.4030992e+03
   6.9300000e+02  -1.1046171e+04   1.7759520e+04
   6.9400000e+02   1.5858546e+04   3.2335475e+03
   6.9500000e+02   1.9249314e+04  -2.2470329e+04
   6.9600000e+02   5.4815101e+03  -4.2294590e+04
   6.9700000e+02  -6.2397827e+03  -1.7905048e+04
   6.9800000e+02  -2.8046140e+03   2.0354024e+04
   6.9900000e+02   3.3015426e+04  -7.9183333e+02
   7.0000000e+02   3.1108155e+04  -2.5219797e+04
   7.0100000e+02  -1.7020926e+04  -1.5817921e+04
   7.0200000e+02  -9.8473555e+03  -2.2742377e+04
   7.0300000e+02   3.5604046e+04  -8.0972837e+03
   7.0400000e+02   2.6575537e+04   2.1630073e+04
   7.0500000e+02  -1.0641175e+02   2.1407184e+03
   7.0600000e+02   5.8342863e+03  -9.4436231e+03
   7.0700000e+02   2.0291048e+04   1.4882739e+04
   7.0800000e+02   4.7777367e+04   1.7624455e+04
   7.0900000e+02   3.6601960e+04   5.7903917e+03
   7.1000000e+02  -3.1130404e+04   2.7002531e+02
   7.1100000e+02  -2.3799145e+04  -1.7310298e+04
   7.1200000e+02   4.9262410e+04  -1.2349903e+04
   7.1300000e+02   6.1901163e+04   2.8785232e+04
   7.1400000e+02   2.1908362e+04   2.3935828e+04
   7.1500000e+02  -1.4964189e+04  -1.3203489e+04
   7.1600000e+02  -1.9092266e+04  -8.8891673e+03
   7.1700000e+02   1.6388333e+04   1.0880768e+04
   7.1800000e+02   4.0063898e+04   2.9100811e+04
   7.1900000e+02   1.4344793e+04   2.8909865e+04
   7.2000000e+02  -9.4372269e+03  -1.0381161e+03
   7.2100000e+02  -3.1549778e+02   6.8830614e+03
   7.2200000e+02   2.0377467e+04   3.4448787e+04
   7.2300000e+02   5.1309323e+04   6.1422539e+03
   7.2400000e+02   2.9885658e+04  -1.9789737e+04
   7.2500000e+02  -4.0879107e+04   1.6408456e+04
   7.2600000e+02  -3.0490521e+04   4.6118321e+04
   7.2700000e+02   2.2890857e+04   3.3894935e+04
   7.2800000e+02   2.1994266e+04   9.5340416e+03
   7.2900000e+02   5.9787181e+03  -2.1451930e+04
   7.3000000e+02  -8.1263591e+03  -4.8761766e+03
   7.3100000e+02  -2.1213102e+04   4.9544253e+04
   7.3200000e+02  -9.2113809e+03   2.8275707e+04
   7.3300000e+02   5.3348046e+03  -2.4299826e+04
   7.3400000e+02  -4.2857293e+03  -2.0464335e+04
   7.3500000e+02  -2.6977101e+03   7.1717679e+03
   7.3600000e+02   1.0754030e+04   3.6807407e+04
   7.3700000e+02  -1.2039597e+04   3.8195728e+04
   7.3800000e+02  -2.7836659e+04   1.4462083e+03
   7.3900000e+02  -1.5072046e+04  -4.7970452e+03
   7.4000000e+02  -1.6331541e+04   2.3443597e+04
   7.4100000e+02  -8.8985643e+03   2.2886968e+04
   7.4200000e+02  -5.2871499e+03   4.9206977e+03
   7.4300000e+02  -2.2659874e+04  -2.9108611e+03
   7.4400000e+02  -2.1139764e+04  -2.0914050e+04
   7.4500000e+02  -1.4425755e+04  -1.3222630e+04
   7.4600000e+02  -1.6602161e+04   1.3917144e+04
   7.4700000e+02  -1.1422553e+04  -1.0883751e+04
   7.4800000e+02  -7.2361367e+03  -2.5383489e+04
   7.4900000e+02  -4.7628250e+03  -9.9492170e+02
   7.5000000e+02   9.5352540e+03  -7.1820648e+03
   7.5100000e+02   6.1860013e+02  -4.8241092e+03
   7.5200000e+02  -4.6442061e+04   1.4285928e+04
   7.5300000e+02  -3.9863823e+04  -4.5317129e+03
   7.5400000e+02   1.3059506e+04  -1.5245790e+04
   7.5500000e+02   1.3446688e+04   6.9957365e+03
   7.5600000e+02  -9.0962853e+03   7.1381994e+03
   7.5700000e+02  -2.4303431e+04  -7.8409506e+03
   7.5800000e+02  -3.2342389e+04  -5.8940349e+03
   7.5900000e+02  -8.8204351e+03  -8.8256941e+03
   7.6000000e+02  -1.0986160e+03  -9.2746622e+03
   7.6100000e+02  -2.3632757e+04  -6.1584098e+03
   7.6200000e+02  -2.2202698e+04  -2.1324306e+04
   7.6300000e+02  -1.2447822e+04  -1.5127440e+04
   7.6400000e+02  -2.3356217e+04  -8.4243000e+03
   7.6500000e+02  -1.0758892e+04  -3.7276664e+04
   7.6600000e+02   1.7056784e+04  -2.9266209e+04
   7.6700000e+02   4.9016470e+02  -2.6129159e+03
   7.6800000e+02  -1.3050285e+04  -2.4356991e+04
   7.6900000e+02   4.0744526e+03  -3.0456873e+04
   7.7000000e+02   9.3734658e+03  -2.5533008e+03
   7.7100000e+02   1.8504442e+04  -1.1362974e+04
   7.7200000e+02   1.0939338e+04  -2.0833812e+04
   7.7300000e+02  -1.7213966e+04   1.1464752e+04
   7.7400000e+02   2.8129931e+03   1.1158422e+04
   7.7500000e+02   3.1127994e+04  -1.3750791e+04
   7.7600000e+02   6.3631902e+03  -8.0039707e+03
   7.7700000e+02  -1.2325171e+04  -1.0683934e+04
   7.7800000e+02   2.3328960e+03  -7.7632776e+03
   7.7900000e+02   2.8467240e+03   1.2889579e+04
   7.8000000e+02   6.2091238e+03  -6.9605555e+03
   7.8100000e+02   2.0928574e+04  -3.8944753e+04
   7.8200000e+02   1.0911065e+04  -3.3366959e+04
   7.8300000e+02   1.9240944e+04  -7.4404285e+03
   7.8400000e+02   3.1593499e+04   1.4602459e+04
   7.8500000e+02  -4.0207028e+02   8.2360152e+03
   7.8600000e+02  -4.7288944e+03  -2.1855436e+04
   7.8700000e+02   1.8130140e+04  -1.8628334e+04
   7.8800000e+02   1.8453424e+04   2.1198325e+04
   7.8900000e+02   1.9812953e+04   2.7940683e+04
   7.9000000e+02   1.3764893e+04   1.3826347e+04
   7.9100000e+02   8.4608470e+03   1.8048945e+04
   7.9200000e+02   3.2803604e+04   9.0259884e+03
   7.9300000e+02   3.3662155e+04   3.9512435e+03
   7.9400000e+02  -2.0482162e+04   9.7818432e+03
   7.9500000e+02  -3.2665454e+04  -5.3840739e+03
   7.9600000e+02   2.8302492e+04   3.0005178e+03
   7.9700000e+02   4.5319908e+04   2.6533842e+04
   7.9800000e+02   1.1171043e+04   4.4488202e+03
   7.9900000e+02  -3.4422811e+03  -1.1474250e+04
   8.0000000e+02   2.5734241e+03   1.1223741e+04
   8.0100000e+02   3.1225458e+04   8.4260367e+03
   8.0200000e+02   3.6069273e+04  -6.4341067e+03
   8.0300000e+02  -2.7877040e+03   1.1595877e+04
   8.0400000e+02  -4.8732543e+03   2.3257910e+04
   8.0500000e+02   2.0127666e+04   3.2059695e+04
   8.0600000e+02   1.1780502e+04   4.9997797e+04
   8.0700000e+02   5.4038515e+03   2.8679476e+04
   8.0800000e+02   1.1053833e+04  -2.0748124e+03
   8.0900000e+02  -1.4629217e+04  -4.6838436e+03
   8.1000000e+02  -2.4148574e+04   1.0921596e+03
   8.1100000e+02  -2.8800019e+03   2.1800829e+04
   8.1200000e+02  -8.1128640e+03   2.6849585e+04
   8.1300000e+02   1.2399714e+04  -5.1357166e+03
   8.1400000e+02   3.2574512e+04  -9.9385508e+03
   8.1500000e+02  -2.2232372e+04   1.1058003e+04
   8.1600000e+02  -4.0783055e+04  -3.3937703e+03
   8.1700000e+02  -2.9348046e+03  -5.4546295e+03
   8.1800000e+02   7.7947225e+03   3.6237983e+04
   8.1900000e+02   4.8855665e+03   3.2228250e+04
   8.2000000e+02  -1.2787981e+04  -4.8767308e+03
   8.2100000e+02  -2.7226719e+04  -1.5086788e+03
   8.2200000e+02  -5.3705046e+03   1.5142727e+04
   8.2300000e+02   5.6972957e+03   3.2435846e+04
   8.2400000e+02  -1.6564053e+04   2.5922038e+04
   8.2500000e+02  -2.4790365e+04  -2.5003573e+04
   8.2600000e+02  -1.3596388e+04  -3.5298932e+04
   8.2700000e+02  -1.8879867e+04   3.0061437e+03
   8.2800000e+02  -1.4943919e+04   7.9478024e+03
   8.2900000e+02  -6.2508794e+03  -1.3004067e+04
   8.3000000e+02  -3.0480372e+04  -2.6750279e+04
   8.3100000e+02  -3.1284257e+04  -2.5957033e+04
   8.3200000e+02  -4.9396245e+03   1.0986841e+04
   8.3300000e+02  -5.0932019e+03   2.9044356e+04
   8.3400000e+02  -7.6607346e+03  -2.2749450e+04
   8.3500000e+02  -1.2746333e+04  -3.4782336e+04
   8.3600000e+02  -3.1432707e+04   1.0410936e+04
   8.3700000e+02  -1.9439485e+04   7.3907640e+03
   8.3800000e+02   5.0836960e+03   1.2240376e+03
   8.3900000e+02  -1.4137695e+04   8.9107150e+03
   8.4000000e+02  -2.9156212e+04  -2.0329836e+04
   8.4100000e+02  -5.5605807e+03  -2.2886330e+04
   8.4200000e+02   6.2902682e+03  -4.1536560e+02
   8.4300000e+02   1.0743428e+04  -1.3829176e+04
   8.4400000e+02  -4.5176663e+03  -2.6010990e+04
   8.4500000e+02  -3.9512918e+04  -1.9691113e+04
   8.4600000e+02  -1.1281543e+04  -2.7654419e+04
   8.4700000e+02   2.5080842e+04  -2.8280180e+04
   8.4800000e+02   2.7479338e+02  -7.3241066e+03
   8.4900000e+02  -5.9600601e+03  -1.0350496e+04
   8.5000000e+02   3.8483512e+03  -1.8994219e+04
   8.5100000e+02  -1.4756752e+04  -9.9207687e+03
   8.5200000e+02  -1.0573676e+04  -2.3767149e+04
   8.5300000e+02   1.6204733e+04  -1.8999424e+04
   8.5400000e+02   9.9311522e+03   1.0395184e+04
   8.5500000e+02   5.2649946e+03  -5.8976928e+03
   8.5600000e+02   2.0239050e+04  -1.4851599e+04
   8.5700000e+02   6.4802842e+03   7.4814183e+03
   8.5800000e+02  -1.6106553e+03  -7.1775548e+03
   8.5900000e+02  -1.7390804e+03  -2.1296112e+04
   8.6000000e+02  -2.2195666e+04   1.2002439e+03
   8.6100000e+02   2.3313423e+03   2.7802091e+03
   8.6200000e+02   3.5076528e+04  -7.3050341e+03
   8.6300000e+02   1.1733008e+04   2.3784260e+02
   8.6400000e+02  -1.0186678e+03  -1.2718989e+04
   8.6500000e+02   1.7112204e+04  -1.9629657e+04
   8.6600000e+02   3.5251073e+04   1.3679371e+03
   8.6700000e+02   4.0589982e+04  -8.7262628e+02
   8.6800000e+02   1.7387339e+04   1.8812108e+03
   8.6900000e+02  -6.9761978e+03   2.0890741e+04
   8.7000000e+02   1.2585222e+04   9.7548637e+03
   8.7100000e+02   4.3289838e+04   6.2151765e+03
   8.7200000e+02   3.4230503e+04   2.3466334e+04
   8.7300000e+02   1.7673521e+04   1.8299102e+04
   8.7400000e+02   2.0626197e+03   2.6625212e+03
   8.7500000e+02  -1.6821148e+04  -2.5971255e+03
   8.7600000e+02   1.0988920e+04   6.3304494e+03
   8.7700000e+02   3.8711601e+04   3.4113876e+04
   8.7800000e+02   1.5021517e+04   3.0933649e+04
   8.7900000e+02   6.8115174e+02  -2.8529769e+04
   8.8000000e+02   5.4968161e+03  -3.8862696e+04
   8.8100000e+02   5.6900690e+01   1.8590250e+04
   8.8200000e+02  -9.1613349e+02   3.1417784e+04
   8.8300000e+02   4.6725056e+03   1.7345523e+04
   8.8400000e+02   4.4448834e+03   1.5638983e+04
   8.8500000e+02   1.0472541e+04  -6.8166236e+03
   8.8600000e+02   6.7645001e+03  -5.3330701e+03
   8.8700000e+02  -1.3298270e+04   3.0161989e+04
   8.8800000e+02   1.3178058e+04   3.8097658e+04
   8.8900000e+02   3.8201269e+04   3.0642315e+04
   8.9000000e+02  -9.1941436e+03   2.6233844e+04
   8.9100000e+02  -2.7134826e+04  -8.9463230e+01
   8.9200000e+02   2.9715859e+03  -9.2554600e+03
   8.9300000e+02   5.5022217e+03   2.7179152e+04
   8.9400000e+02   5.7972565e+03   3.0890467e+04
   8.9500000e+02   5.4629067e+03   1.7797185e+03
   8.9600000e+02  -2.1959793e+04   5.2110315e+03
   8.9700000e+02  -3.1435509e+04   9.7919519e+03
   8.9800000e+02  -5.3124328e+03   9.2767329e+03
   8.9900000e+02   4.3226695e+03   9.8585490e+03
   9.0000000e+02   3.9746402e+02  -1.3806935e+04
   9.0100000e+02   3.4488056e+03  -7.6210577e+03
   9.0200000e+02  -2.1550817e+04   1.8731903e+04
   9.0300000e+02  -3.7450047e+04  -7.5871018e+03
   9.0400000e+02  -1.3942866e+04  -2.2682437e+04
   9.0500000e+02   3.5093446e+03   7.9430109e+03
   9.0600000e+02   1.7703298e+04   8.8487750e+03
   9.0700000e+02   1.0893162e+03  -9.4480390e+02
   9.0800000e+02  -4.4882740e+04   2.6696844e+03
   9.0900000e+02  -2.4997935e+04  -2.2400061e+04
   9.1000000e+02   1.7373051e+04  -2.1156046e+04
   9.1100000e+02  -1.2367593e+04   1.5351461e+04
   9.1200000e+02  -4.2520022e+04   5.3622200e+03
   9.1300000e+02  -2.5468885e+04  -2.4804393e+03
   9.1400000e+02  -2.7692196e+04   1.5709747e+04
   9.1500000e+02  -2.6874743e+04  -5.2981179e+03
   9.1600000e+02   9.1969201e+03  -2.2304908e+04
   9.1700000e+02   1.2136936e+04  -3.9720271e+03
   9.1800000e+02  -1.8139967e+04  -2.3780332e+03
   9.1900000e+02  -5.0946572e+04  -1.5597082e+04
   9.2000000e+02  -5.6476814e+04  -2.6004625e+04
   9.2100000e+02   5.3733980e+03  -3.9073665e+04
   9.2200000e+02   3.1838796e+04  -2.1583611e+04
   9.2300000e+02  -1.8800722e+04   1.1874867e+04
   9.2400000e+02  -2.4715053e+04  -9.2798844e+03
   9.2500000e+02   8.7522062e+03  -3.8225694e+04
   9.2600000e+02   8.8219356e+03  -2.2051814e+04
   9.2700000e+02   1.0344431e+03  -1.0234496e+04
   9.2800000e+02   5.0874810e+03   5.5989570e+02
   9.2900000e+02  -4.4938327e+03   1.1854165e+04
   9.3000000e+02  -8.0141907e+03  -4.6674398e+03
   9.3100000e+02   1.2212601e+04  -1.7449174e+04
   9.3200000e+02   1.3727378e+04  -2.0838979e+04
   9.3300000e+02   6.4380551e+03  -2.0352299e+04
   9.3400000e+02   5.6499670e+02   3.2302335e+03
   9.3500000e+02  -2.2159496e+04   1.5181287e+04
   9.3600000e+02  -7.7283469e+03  -1.2430813e+04
   9.3700000e+02   2.7627163e+04  -2.2291204e+04
   9.3800000e+02   1.8003163e+04   4.2232926e+03
   9.3900000e+02   7.8038120e+03  -3.7431196e+03
   9.4000000e+02   1.8384057e+04  -2.5869741e+04
   9.4100000e+02   1.1155558e+04  -7.1342483e+03
   9.4200000e+02   7.4245894e+03   3.7993454e+03
   9.4300000e+02   2.0557074e+04   5.4452708e+03
   9.4400000e+02   1.0924695e+04   9.5510625e+03
   9.4500000e+02   5.6905878e+03  -1.3947538e+04
   9.4600000e+02   2.2598754e+04  -1.3642560e+04
   9.4700000e+02   1.2194284e+04   1.2842531e+04
   9.4800000e+02   1.0433700e+04   3.0253794e+03
   9.4900000e+02   2.0909755e+04  -9.2899913e+02
   9.5000000e+02   2.4200238e+02   1.5889176e+04
   9.5100000e+02   9.0529895e+03  -6.3807253e+03
   9.5200000e+02   2.7397239e+04  -2.1077445e+04
   9.5300000e+02   5.2837311e+02   1.4950644e+04
   9.5400000e+02  -4.2887250e+03   2.6187864e+04
   9.5500000e+02   2.2886671e+04   9.6788766e+03
   9.5600000e+02   2.7960494e+04   5.2430235e+03
   9.5700000e+02   1.3742015e+04  -8.5354994e+03
   9.5800000e+02   4.3710306e+03  -2.0385051e+03
   9.5900000e+02   8.5171814e+03   2.8617309e+04
   9.6000000e+02   2.8889704e+04   2.9352095e+04
   9.6100000e+02   3.2867520e+04   1.9191826e+04
   9.6200000e+02  -5.2537268e+02   1.5055577e+04
   9.6300000e+02  -5.8327339e+03   5.4710145e+03
   9.6400000e+02   8.3687344e+03   1.7567343e+04
   9.6500000e+02  -1.4459413e+04   3.4454898e+04
   9.6600000e+02  -1.1404919e+04   5.5336323e+03
   9.6700000e+02   1.3038021e+04  -2.1258544e+04
   9.6800000e+02  -9.4366213e+02  -3.5654032e+02
   9.6900000e+02  -4.3318219e+03   8.2417881e+03
   9.7000000e+02   8.6535365e+03   2.1983488e+03
   9.7100000e+02  -8.5719571e+03   4.5001141e+03
   9.7200000e+02  -1.7232197e+04  -8.0493905e+03
   9.7300000e+02   1.2324010e+04   1.3363286e+04
   9.7400000e+02   2.2341974e+04   4.4052888e+04
   9.7500000e+02   7.2532984e+03   3.5890320e+02
   9.7600000e+02   3.6828503e+03  -2.8339422e+04
   9.7700000e+02  -5.5067989e+03   1.3377439e+04
   9.7800000e+02  -3.9291440e+02   3.4486073e+04
   9.7900000e+02   1.1382321e+04   1.9546584e+04
   9.8000000e+02  -1.6452369e+04   1.1524478e+04
   9.8100000e+02  -3.0257816e+04   1.2201265e+04
   9.8200000e+02  -1.6521360e+04   1.9937311e+04
   9.8300000e+02  -1.8540173e+04   9.7841716e+03
   9.8400000e+02  -1.4088449e+04  -2.6743298e+04
   9.8500000e+02  -9.9199514e+03  -1.1103743e+04
   9.8600000e+02  -3.4470164e+04   3.8798624e+04
   9.8700000e+02  -4.8077685e+04   1.4849666e+04
   9.8800000e+02  -2.1129265e+04  -2.6528878e+04
   9.8900000e+02   7.9040913e+03  -1.5571559e+04
   9.9000000e+02   1.9425344e+04  -2.8389787e+03
   9.9100000e+02   4.5516286e+03   3.3309999e+03
   9.9200000e+02  -3.5082231e+04  -1.3454911e+03
   9.9300000e+02  -2.5005170e+04  -2.2576460e+04
   9.9400000e+02   1.3628421e+04  -4.7954673e+03
   9.9500000e+02   6.6252490e+03   2.4736976e+04
   9.9600000e+02  -5.7039075e+03  -4.3037092e+03
   9.9700000e+02  -2.6984978e+04  -2.9162339e+04
   9.9800000e+02  -4.9041453e+04  -8.3838941e+03
   9.9900000e+02  -1.1822005e+04  -3.6481866e+03
   1.0000000e+03   1.6313949e+04  -1.9019340e+03
   1.0010000e+03  -1.6471792e+04  -1.4841144e+03
   1.0020000e+03  -4.1992500e+04  -3.4595303e+04
   1.0030000e+03  -2.8057519e+04  -2.6739432e+04
   1.0040000e+03  -4.8202414e+03   6.2722574e+03
   1.0050000e+03   1.6922287e+04  -1.5809157e+04
   1.0060000e+03   1.7332455e+04  -1.9238552e+04
   1.0070000e+03  -2.0483992e+04   9.4296394e+03
   1.0080000e+03  -2.1054999e+04  -1.1669076e+04
   1.0090000e+03   1.9020139e+04  -3.6907600e+04
   1.0100000e+03   1.1411673e+04  -1.6045944e+04
   1.0110000e+03  -1.2350608e+04  -6.6395645e+03
   1.0120000e+03  -1.3483817e+04  -1.7880771e+04
   1.0130000e+03  -4.3643828e+03  -1.7601588e+04
   1.0140000e+03   2.1744010e+04  -1.9324342e+04
   1.0150000e+03   2.1804784e+04  -4.7165813e+03
   1.0160000e+03  -2.0079446e+04   1.5076672e+04
   1.0170000e+03  -3.0650252e+04  -1.1041452e+04
   1.0180000e+03   9.2565649e+03  -2.5756587e+04
   1.0190000e+03   2.6710735e+04  -6.7937393e+03
   1.0200000e+03   1.5987654e+04  -9.9972598e+03
   1.0210000e+03   1.9072494e+04  -9.0848300e+02
   1.0220000e+03   1.4753695e+04   1.9692755e+04
   1.0230000e+03   1.7962090e+04  -7.5701182e+03
   1.0240000e+03   2.3962374e+04  -2.7749768e+04
   1.0250000e+03  -4.5663047e+03  -5.3575062e+02
   1.0260000e+03  -1.5482309e+03   2.9386011e+03
   1.0270000e+03   3.4880868e+04  -9.5234569e+03
   1.0280000e+03   3.8349110e+04   1.9110670e+03
   1.0290000e+03   2.7007314e+04  -6.3791033e+03
   1.0300000e+03   4.7321478e+03  -3.8789688e+03
   1.0310000e+03  -2.4290868e+04   2.4145298e+04
   1.0320000e+03  -1.1044647e+04   1.0098159e+04
   1.0330000e+03   2.6144674e+04   6.5433367e+03
   1.0340000e+03   2.6392435e+04   2.5045279e+04
   1.0350000e+03   1.9749141e+04  -4.6004602e+03
   1.0360000e+03   3.4773944e+04  -1.2429137e+04
   1.0370000e+03   1.6854140e+04   2.6708933e+04
   1.0380000e+03  -5.2135226e+03   2.7320166e+04
   1.0390000e+03   9.0743648e+03   4.0142221e+03
   1.0400000e+03   1.6879776e+04   3.3138845e+03
   1.0410000e+03   2.3769537e+04   4.4704827e+03
   1.0420000e+03   2.1743447e+04   5.7937456e+03
   1.0430000e+03   7.8493195e+03   1.5486446e+04
   1.0440000e+03   2.6216574e+04   8.2607455e+03
   1.0450000e+03   2.3685977e+04   7.6416957e+03
   1.0460000e+03  -2.5064680e+04   2.7400535e+04
   1.0470000e+03  -2.3905271e+04   1.4730109e+04
   1.0480000e+03   1.9421703e+04  -3.0079133e+03
   1.0490000e+03   1.4524226e+04   1.3210228e+04
   1.0500000e+03  -8.6659167e+02   1.4131646e+04
   1.0510000e+03   2.4176761e+03  -9.8036411e+02
   1.0520000e+03  -2.3671351e+04   3.7728534e+03
   1.0530000e+03  -2.2506176e+04   1.8975141e+04
   1.0540000e+03   9.0053539e+03   3.3845605e+04
   1.0550000e+03  -5.3505194e+03   3.2127392e+04
   1.0560000e+03  -9.8178958e+03   4.1070862e+02
   1.0570000e+03   8.8903810e+03  -7.8480074e+03
   1.0580000e+03   1.2172602e+03   2.5146299e+04
   1.0590000e+03  -5.1773821e+03   2.6874286e+04
   1.0600000e+03  -1.0168256e+04   7.6103910e+03
   1.0610000e+03  -1.8823185e+04   8.4905703e+03
   1.0620000e+03  -5.9429090e+03   4.6060408e+03
   1.0630000e+03   2.3250885e+03   1.2525150e+04
   1.0640000e+03  -1.9527118e+04   1.0965068e+04
   1.0650000e+03  -2.6263587e+04  -3.6080845e+04
   1.0660000e+03  -1.6030994e+04  -4.3166175e+04
   1.0670000e+03  -3.6114624e+04   8.7418781e+03
   1.0680000e+03  -3.5894050e+04   2.3035817e+04
   1.0690000e+03  -1.3345647e+04  -5.6434513e+03
   1.0700000e+03  -3.0253970e+04  -1.9462972e+04
   1.0710000e+03  -2.5506279e+04  -1.9555944e+04
   1.0720000e+03   3.6522562e+03  -4.9518788e+03
   1.0730000e+03  -4.2795281e+03   2.1524404e+04
   1.0740000e+03  -9.6662284e+03   8.5371238e+03
   1.0750000e+03  -6.4887220e+03  -1.2450154e+04
   1.0760000e+03  -1.7501270e+04  -4.7732710e+01
   1.0770000e+03  -7.0827075e+03  -4.5965465e+03
   1.0780000e+03   1.1678396e+04  -4.5101349e+03
   1.0790000e+03  -1.1493534e+04   1.1896498e+04
   1.0800000e+03  -2.7270449e+04  -1.3815172e+04
   1.0810000e+03  -2.1691520e+01  -3.9699215e+04
   1.0820000e+03  -5.1234259e+02  -2.3152425e+04
   1.0830000e+03  -1.8995199e+04  -7.4555139e+03
   1.0840000e+03  -1.8717036e+04  -9.6375182e+03
   1.0850000e+03  -2.2627112e+04  -2.0917818e+04
   1.0860000e+03  -7.0413382e+03  -3.4745423e+04
   1.0870000e+03   8.0782351e+03  -2.3838261e+04
   1.0880000e+03  -8.0833233e+03   1.9170029e+03
   1.0890000e+03  -1.1933974e+04  -8.3495816e+03
   1.0900000e+03  -2.4836458e+03  -2.4116983e+04
   1.0910000e+03   1.0553709e+04  -9.5723229e+03
   1.0920000e+03   3.2191763e+04   4.0201535e+03
   1.0930000e+03   1.8931683e+04   2.3793480e+04
   1.0940000e+03  -2.5702950e+04   1.4820688e+04
   1.0950000e+03  -1.1643382e+04  -3.9382501e+04
   1.0960000e+03   3.7256672e+04  -2.6072611e+04
   1.0970000e+03   1.6570586e+04   2.6587706e+04
   1.0980000e+03  -8.9406087e+03  -1.2761567e+03
   1.0990000e+03   1.0037190e+04  -4.0520908e+04
   1.1000000e+03   9.0217404e+03  -2.5886469e+04
   1.1010000e+03   1.0713292e+04  -1.8683767e+04
   1.1020000e+03   9.6360531e+03  -1.7489851e+04
   1.1030000e+03  -1.1955801e+04  -5.2046936e+03
   1.1040000e+03   7.7769908e+03  -1.4942518e+04
   1.1050000e+03   3.5750600e+04  -2.7407514e+03
   1.1060000e+03   1.7099655e+04   3.0642268e+04
   1.1070000e+03   5.3706831e+02   2.7587301e+03
   1.1080000e+03   1.3304086e+04  -2.4053249e+04
   1.1090000e+03   2.1666249e+04   4.2687440e+03
   1.1100000e+03   2.6150657e+04   1.4516965e+04
   1.1110000e+03   3.1626752e+04   1.3252699e+04
   1.1120000e+03   1.3983245e+04   2.0933832e+04
   1.1130000e+03   7.1238036e+03  -1.1826532e+03
   1.1140000e+03   1.2958027e+04  -2.3575553e+04
   1.1150000e+03   1.1476209e+03  -7.9892717e+03
   1.1160000e+03   1.5460643e+04   1.4643365e+04
   1.1170000e+03   2.7398330e+04   2.8017983e+04
   1.1180000e+03   3.1591727e+03   2.6907904e+04
   1.1190000e+03   2.8904008e+03   7.7136979e+02
   1.1200000e+03   1.4520534e+04   2.8537161e+03
   1.1210000e+03   9.9286876e+03   3.4736193e+04
   1.1220000e+03   1.6026807e+04   2.5250877e+04
   1.1230000e+03   2.1756294e+04   1.5440859e+04
   1.1240000e+03   7.8349738e+03   2.9799974e+04
   1.1250000e+03   3.3421823e+03   8.0356608e+03
   1.1260000e+03   8.4597226e+03  -5.7445721e+03
   1.1270000e+03  -9.3462935e+02   2.3789664e+04
   1.1280000e+03   1.6415789e+04   2.5739912e+04
   1.1290000e+03   2.7864025e+04  -5.1464197e+03
   1.1300000e+03  -2.6946617e+04  -1.4174500e+04
   1.1310000e+03  -4.5443133e+04  -1.0403127e+03
   1.1320000e+03   5.1772067e+02   1.8820109e+04
   1.1330000e+03   1.9212843e+04   2.9582737e+04
   1.1340000e+03   6.3035981e+03   1.0928784e+04
   1.1350000e+03  -2.0067138e+04   1.6491388e+03
   1.1360000e+03  -3.4180939e+04   1.2804878e+04
   1.1370000e+03  -3.6805757e+03   4.8084519e+03
   1.1380000e+03   2.2261963e+04   8.8173970e+03
   1.1390000e+03  -1.2936638e+03   2.3997767e+04
   1.1400000e+03  -2.2621019e+04   7.7457966e+03
   1.1410000e+03  -1.3068558e+04  -3.0893269e+03
   1.1420000e+03  -1.2747524e+04   3.9169210e+03
   1.1430000e+03  -1.0978747e+04   5.2345370e+03
   1.1440000e+03  -8.7766742e+03   1.3479530e+04
   1.1450000e+03  -2.5615403e+04   1.4765856e+04
   1.1460000e+03  -1.3305971e+04  -4.9584772e+03
   1.1470000e+03   2.9784524e+03  -5.0672325e+03
   1.1480000e+03  -2.3726650e+04   1.1282753e+04
   1.1490000e+03  -3.6005301e+04  -6.4248955e+03
   1.1500000e+03  -1.7136550e+04  -2.0989068e+04
   1.1510000e+03  -8.9916424e+03  -2.6169754e+03
   1.1520000e+03  -1.5731820e+04  -4.8932694e+03
   1.1530000e+03  -2.3769498e+04  -1.2727212e+04
   1.1540000e+03  -2.5268948e+04  -6.5225450e+03
   1.1550000e+03  -1.9887698e+03  -1.5914887e+04
   1.1560000e+03   1.5164800e+04  -1.4850284e+04
   1.1570000e+03  -1.6126281e+04  -9.9749526e+03
   1.1580000e+03  -2.7299309e+04  -2.5333428e+04
   1.1590000e+03  -8.9654621e+03  -1.0795561e+04
   1.1600000e+03  -2.0247432e+04   1.1712207e+04
   1.1610000e+03  -8.8781047e+03  -1.6243181e+04
   1.1620000e+03   2.0167169e+04  -1.7072988e+04
   1.1630000e+03   1.1753475e+04   2.8514865e+04
   1.1640000e+03  -8.8949054e+03   1.2345787e+03
   1.1650000e+03  -4.0158945e+04  -6.0483157e+04
   1.1660000e+03  -5.3061962e+04  -4.2123754e+04
   1.1670000e+03   4.0602571e+03   5.5137903e+03
   1.1680000e+03   5.5268669e+04   2.1162155e+04
   1.1690000e+03   1.7086693e+04   2.0506665e+03
   1.1700000e+03  -2.9023659e+04  -3.6075491e+04
   1.1710000e+03  -1.4901463e+04  -3.0846786e+04
   1.1720000e+03   4.6351068e+03   5.1864836e+03
   1.1730000e+03   2.7914488e+04  -3.5465185e+03
   1.1740000e+03   3.4337135e+04  -2.3982207e+04
   1.1750000e+03  -1.1072725e+04  -3.2541505e+03
   1.1760000e+03  -1.6518664e+04   5.9073733e+03
   1.1770000e+03   1.2229078e+04  -1.4738437e+04
   1.1780000e+03   6.2382497e+03  -2.1318837e+04
   1.1790000e+03   8.1055293e+03  -1.8822405e+04
   1.1800000e+03   4.8693303e+03  -2.5333247e+03
   1.1810000e+03  -2.1708882e+04   1.0571949e+04
   1.1820000e+03  -3.1859898e+03  -1.7940425e+04
   1.1830000e+03   4.8990251e+04  -1.6605090e+04
   1.1840000e+03   4.6641787e+04   2.4280591e+04
   1.1850000e+03   5.2777415e+03   1.1034790e+04
   1.1860000e+03  -2.7527976e+03  -2.2661422e+04
   1.1870000e+03   1.0963206e+04  -1.3132135e+04
   1.1880000e+03   2.8402553e+04   5.9911916e+03
   1.1890000e+03   3.5034043e+04   1.2155898e+04
   1.1900000e+03   1.7278271e+04   9.3094041e+03
   1.1910000e+03   1.5031118e+04  -6.0381425e+03
   1.1920000e+03   1.0320814e+04  -7.3422847e+03
   1.1930000e+03  -4.0913865e+03   1.1187886e+04
   1.1940000e+03   2.3090015e+04   5.6652632e+03
   1.1950000e+03   4.2106353e+04  -4.3735565e+03
   1.1960000e+03   5.9136157e+03   9.8270081e+03
   1.1970000e+03  -2.1938088e+04   1.5410694e+04
   1.1980000e+03  -6.3154641e+03   1.6629376e+04
   1.1990000e+03   7.8537145e+03   9.8644371e+03
   1.2000000e+03   1.6569038e+04  -8.8997721e+03
   1.2010000e+03   3.2949611e+04   1.3437067e+04
   1.2020000e+03   3.9688473e+03   4.1732206e+04
   1.2030000e+03  -3.3140899e+04   6.9836153e+03
   1.2040000e+03  -1.2410395e+04  -2.1518244e+04
   1.2050000e+03   1.4590635e+04   9.5004835e+03
   1.2060000e+03   2.8319239e+04   2.5599891e+04
   1.2070000e+03   2.0359881e+04   1.5679082e+04
   1.2080000e+03  -1.1271083e+04   2.4856683e+04
   1.2090000e+03  -3.7715001e+03   1.6402848e+04
   1.2100000e+03   1.4196767e+04   3.6109217e+03
   1.2110000e+03  -5.3694647e+03   2.0935632e+04
   1.2120000e+03  -7.3700378e+03   2.2175434e+04
   1.2130000e+03   1.1131760e+04   1.7778992e+04
   1.2140000e+03  -2.1549450e+01   1.3373170e+04
   1.2150000e+03  -4.0158181e+03  -8.8609079e+03
   1.2160000e+03   1.2488445e+04   9.2366637e+03
   1.2170000e+03  -1.1965425e+04   4.2713083e+04
   1.2180000e+03  -3.6300032e+04   2.1067217e+04
   1.2190000e+03  -1.6840490e+04  -4.7307210e+03
   1.2200000e+03  -2.0056737e+03  -2.2270983e+03
   1.2210000e+03   7.6738197e+03  -5.7411282e+03
   1.2220000e+03   3.3456975e+03   7.7836167e+03
   1.2230000e+03  -1.9625146e+04   3.3320097e+04
   1.2240000e+03  -1.5973470e+04   3.5929283e+03
   1.2250000e+03  -1.0693204e+04  -2.9697337e+04
   1.2260000e+03  -2.2992142e+04  -8.2015801e+03
   1.2270000e+03  -1.4107184e+04  -3.3506366e+03
   1.2280000e+03  -3.4038061e+03  -1.1360424e+04
   1.2290000e+03  -1.9839166e+04   1.1398400e+04
   1.2300000e+03  -2.1810547e+04   1.9536835e+04
   1.2310000e+03  -1.2912768e+04  -9.1565094e+02
   1.2320000e+03  -2.8142411e+04  -2.5637781e+04
   1.2330000e+03  -1.3826580e+04  -3.2478447e+04
   1.2340000e+03   7.7187180e+03  -6.3641542e+02
   1.2350000e+03  -1.6594184e+04   2.4046709e+04
   1.2360000e+03  -7.3678507e+03  -7.1389713e+03
   1.2370000e+03   9.0029119e+03  -3.0317712e+04
   1.2380000e+03  -2.6607113e+04  -4.4985277e+03
   1.2390000e+03  -2.4332093e+04  -3.0933731e+03
   1.2400000e+03   1.0421064e+04  -2.3759797e+04
   1.2410000e+03  -2.3711598e+03  -1.5940804e+04
   1.2420000e+03  -2.7663768e+04  -1.0821905e+04
   1.2430000e+03  -2.1375227e+04  -7.7798967e+03
   1.2440000e+03  -1.0668361e+04  -5.5139486e+03
   1.2450000e+03  -1.1319580e+03  -2.4943728e+04
   1.2460000e+03   2.2923159e+03  -2.0194461e+04
   1.2470000e+03  -2.8753936e+04   4.5423765e+03
   1.2480000e+03  -3.0598241e+04  -5.7846276e+02
   1.2490000e+03   1.4751780e+04  -9.1453530e+03
   1.2500000e+03   2.3401077e+04  -2.4219845e+03
   1.2510000e+03   1.1939968e+04  -8.2455210e+03
   1.2520000e+03  -3.9603676e+03  -1.8500053e+04
   1.2530000e+03  -3.2086758e+04  -2.1867979e+04
   1.2540000e+03  -1.3319133e+04  -2.7280965e+04
   1.2550000e+03   2.6246018e+04  -5.4443986e+03
   1.2560000e+03   2.3714605e+04   1.3584955e+04
   1.2570000e+03   7.8387002e+03  -3.0401774e+04
   1.2580000e+03   8.1346822e+03  -5.3638669e+04
   1.2590000e+03   1.0322020e+04  -1.4828817e+04
   1.2600000e+03   1.7600162e+04   5.9777234e+03
   1.2610000e+03   2.6267689e+04   7.9328547e+03
   1.2620000e+03   7.6060976e+03  -1.0639005e+03
   1.2630000e+03  -2.1419678e+03  -2.9592385e+04
   1.2640000e+03   1.7060439e+04  -1.3167697e+04
   1.2650000e+03   2.5709676e+04   3.5150432e+04
   1.2660000e+03   2.7637429e+04   2.3552581e+04
   1.2670000e+03   5.4646646e+03  -1.1917318e+04
   1.2680000e+03  -2.1881210e+04  -7.4592920e+03
   1.2690000e+03   1.0290305e+04  -3.6065741e+03
   1.2700000e+03   3.5871465e+04   6.0780445e+03
   1.2710000e+03   5.1728333e+03   2.8348696e+04
   1.2720000e+03  -6.9530858e+03   3.1569654e+03
   1.2730000e+03   1.3559850e+04  -2.5825523e+04
   1.2740000e+03   1.9041798e+04  -4.5743626e+03
   1.2750000e+03   2.4440179e+04   2.4569684e+04
   1.2760000e+03   2.9188851e+04   3.3350171e+04
   1.2770000e+03   4.4327752e+03   7.0803967e+03
   1.2780000e+03   1.5847361e+04  -2.2674932e+04
   1.2790000e+03   4.2165206e+04   2.9170969e+03
   1.2800000e+03  -8.9364299e+03   4.0926317e+04
   1.2810000e+03  -2.4961959e+04   3.4752867e+04
   1.2820000e+03   3.4210468e+04   1.8637562e+04
   1.2830000e+03   3.5011308e+04   9.1604756e+03
   1.2840000e+03   1.9384051e+02  -7.6553097e+03
   1.2850000e+03  -5.5586945e+03   1.3461563e+04
   1.2860000e+03  -7.9260109e+03   4.7205762e+04
   1.2870000e+03   4.0210219e+02   6.6638689e+03
   1.2880000e+03   1.2080255e+04  -3.2219318e+04
   1.2890000e+03  -2.0882876e+03  -4.3624065e+03
   1.2900000e+03  -3.8642013e+03   1.4839966e+04
   1.2910000e+03   1.1416503e+04   2.5248944e+04
   1.2920000e+03  -1.3708363e+03   3.2826502e+04
   1.2930000e+03  -7.3328889e+03  -3.7111574e+03
   1.2940000e+03  -2.3345564e+03  -1.3736424e+04
   1.2950000e+03  -1.2203408e+04   3.2809510e+04
   1.2960000e+03   1.1765662e+04   3.8222926e+04
   1.2970000e+03   2.6178503e+04   1.5386658e+04
   1.2980000e+03  -1.9386848e+04   2.2872534e+04
   1.2990000e+03  -4.4972658e+04   1.2186243e+04
   1.3000000e+03  -2.8123387e+04  -2.5342961e+03
   1.3010000e+03   9.2590000e+01   1.0254578e+04
   1.3020000e+03   2.0784416e+04   1.6219989e+03
   1.3030000e+03  -1.1433784e+04  -6.9682698e+03
   1.3040000e+03  -6.2223546e+04  -4.5137849e+03
   1.3050000e+03  -2.9546942e+04  -2.2477122e+04
   1.3060000e+03   3.4647099e+04  -9.2215669e+03
   1.3070000e+03   1.2305513e+04   2.5066719e+04
   1.3080000e+03  -2.5924143e+04   1.1657312e+04
   1.3090000e+03  -1.8196365e+04  -6.3050730e+03
   1.3100000e+03  -1.8606868e+04   1.4033713e+03
   1.3110000e+03  -4.6601510e+03  -1.1292929e+04
   1.3120000e+03   6.3227102e+03  -1.4364952e+04
   1.3130000e+03  -3.1418359e+04   1.7945685e+04
   1.3140000e+03  -4.4181968e+04   1.4262739e+04
   1.3150000e+03  -1.5108830e+04  -1.2278280e+04
   1.3160000e+03  -5.1499249e+03  -1.3943622e+04
   1.3170000e+03  -1.4652834e+04  -3.0292079e+04
   1.3180000e+03  -2.8970047e+04  -3.4276676e+04
   1.3190000e+03  -3.7308786e+04  -5.2212809e+03
   1.3200000e+03  -3.5154040e+03  -1.0248505e+04
   1.3210000e+03   3.1558140e+04  -2.8338772e+04
   1.3220000e+03  -5.9878928e+03  -1.8543509e+04
   1.3230000e+03  -4.1124683e+04  -1.3872737e+04
   1.3240000e+03  -2.1665017e+04  -9.1672921e+03
   1.3250000e+03  -7.0564940e+03  -1.3018862e+03
   1.3260000e+03   9.4275022e+03  -2.2154702e+04
   1.3270000e+03   1.0729413e+04  -2.5405643e+04
   1.3280000e+03  -1.7749201e+04   1.1357163e+04
   1.3290000e+03  -7.7939910e+02   9.8984930e+03
   1.3300000e+03   3.0266568e+04  -1.4361499e+04
   1.3310000e+03   1.1380009e+03  -1.7153784e+04
   1.3320000e+03  -2.5208601e+04  -3.3141978e+04
   1.3330000e+03   3.6228200e+03  -2.3814753e+04
   1.3340000e+03   2.6567912e+04   1.6107739e+04
   1.3350000e+03   1.8134021e+04   1.2182721e+03
   1.3360000e+03   5.8336575e+03  -3.8260834e+04
   1.3370000e+03  -1.3046321e+04  -3.2094097e+04
   1.3380000e+03  -7.6626520e+03  -4.2268293e+03
   1.3390000e+03   1.7101045e+04   1.0617671e+04
   1.3400000e+03   1.5102658e+04   7.4130566e+03
   1.3410000e+03   2.1719681e+04  -1.0271314e+04
   1.3420000e+03   2.1624546e+04  -1.4743646e+04
   1.3430000e+03  -8.3890962e+03   3.0171824e+03
   1.3440000e+03   8.7375270e+01   8.5366142e+03
   1.3450000e+03   2.7260309e+04   1.4102112e+04
   1.3460000e+03   2.6312897e+04   1.2052699e+04
   1.3470000e+03   2.6412223e+04  -3.6944904e+04
   1.3480000e+03   1.4284583e+04  -3.8588374e+04
   1.3490000e+03  -1.5286897e+04   3.1188056e+04
   1.3500000e+03   4.0532944e+03   2.9914303e+04
   1.3510000e+03   4.3960989e+04  -1.9402086e+04
   1.3520000e+03   1.9445515e+04  -4.5794610e+03
   1.3530000e+03  -7.0166444e+03   3.0383757e+04
   1.3540000e+03   7.4755445e+03   3.2771127e+04
   1.3550000e+03   1.1738948e+04   1.3386621e+04
   1.3560000e+03   2.7526891e+04  -2.0211155e+04
   1.3570000e+03   3.6971901e+04  -1.6909016e+04
   1.3580000e+03   4.4249158e+03   3.0299974e+04
   1.3590000e+03  -1.0984566e+04   3.4026310e+04
   1.3600000e+03   5.4165800e+02   7.3007761e+03
   1.3610000e+03   1.4633788e+04   4.3696649e+03
   1.3620000e+03   3.8213983e+04  -6.7176795e+03
   1.3630000e+03   3.8618720e+04  -5.8962138e+03
   1.3640000e+03  -6.8852523e+03   2.4281745e+04
   1.3650000e+03  -2.9642581e+04   3.2734231e+04
   1.3660000e+03   1.8005515e+03   2.6461201e+04
   1.3670000e+03   1.5016262e+04   2.3517303e+04
   1.3680000e+03   7.7448093e+03   1.0045165e+04
   1.3690000e+03   1.5457137e+03   9.7557028e+03
   1.3700000e+03  -2.0761264e+04   2.7584840e+04
   1.3710000e+03  -7.9393594e+03   1.6999480e+04
   1.3720000e+03   1.5115571e+04  -4.9692247e+03
   1.3730000e+03  -1.1418942e+04   4.9972814e+03
   1.3740000e+03  -1.6455295e+04   1.0152884e+04
   1.3750000e+03   9.8643906e+03   7.8974752e+03
   1.3760000e+03   1.1611148e+04   1.1560536e+04
   1.3770000e+03   4.1314146e+03  -8.9653316e+03
   1.3780000e+03  -1.1149330e+04  -8.9991146e+03
   1.3790000e+03  -3.0702720e+04   1.1228307e+04
   1.3800000e+03  -9.8621237e+03  -2.4690459e+03
   1.3810000e+03   9.3165091e+03   7.2351824e+03
   1.3820000e+03  -2.3468587e+04   3.2145079e+04
   1.3830000e+03  -2.8429043e+04   4.9296283e+03
   1.3840000e+03  -7.2094091e+03  -6.8697134e+03
   1.3850000e+03  -2.5956341e+04   2.0921833e+04
   1.3860000e+03  -1.5804654e+04   1.1439533e+04
   1.3870000e+03   1.6507537e+04  -8.4861601e+03
   1.3880000e+03  -4.2023830e+03   3.3627591e+03
   1.3890000e+03  -2.5440818e+04  -7.6473382e+03
   1.3900000e+03  -2.4817954e+04  -2.3925326e+04
   1.3910000e+03  -2.5391389e+04   8.2230340e+02
   1.3920000e+03  -1.0276649e+03   1.5517298e+04
   1.3930000e+03   1.3118984e+04   3.2595400e+03
   1.3940000e+03  -2.8705661e+04  -2.3754143e+04
   1.3950000e+03  -5.2941497e+04  -5.4866759e+04
   1.3960000e+03  -2.5757512e+04  -2.7410466e+04
   1.3970000e+03  -1.0220512e+04   2.7072460e+04
   1.3980000e+03  -3.1309260e+02   9.9420210e+03
   1.3990000e+03   2.3559767e+03  -3.7473518e+04
   1.4000000e+03  -1.9629123e+04  -3.3432751e+04
   1.4010000e+03  -1.4601634e+04  -3.1485825e+03
   1.4020000e+03  -1.0526076e+04   1.1231887e+04
   1.4030000e+03  -2.4186770e+04   2.1660332e+03
   1.4040000e+03   6.8952834e+03  -2.1700719e+04
   1.4050000e+03   2.8623926e+04  -1.7470709e+04
   1.4060000e+03  -1.2101754e+03   2.3169494e+03
   1.4070000e+03  -6.8970438e+03  -1.2420160e+04
   1.4080000e+03   6.9900813e+03  -1.7013243e+04
   1.4090000e+03  -1.7158819e+04  -4.9195953e+03
   1.4100000e+03  -2.5886593e+04  -2.6298828e+04
   1.4110000e+03   1.1729230e+04  -2.7625666e+04
   1.4120000e+03   2.3470607e+04   7.5438390e+03
   1.4130000e+03   1.5799402e+04   1.5142395e+03
   1.4140000e+03   7.2618976e+03  -2.9530707e+04
   1.4150000e+03  -2.3735833e+04  -2.3101243e+04
   1.4160000e+03  -1.7278424e+04   3.1759786e+03
   1.4170000e+03   2.0766193e+04   2.3185720e+04
   1.4180000e+03   2.4218627e+04   1.8322152e+04
   1.4190000e+03   1.5968963e+04  -2.3392132e+04
   1.4200000e+03   8.6781974e+03  -3.0082837e+04
   1.4210000e+03  -4.7950898e+03   6.4310982e+03
   1.4220000e+03   8.4717170e+02  -6.3405141e+03
   1.4230000e+03   2.2135139e+04  -2.9308613e+04
   1.4240000e+03   1.9884206e+04  -7.3091728e+03
   1.4250000e+03   5.7578666e+03   1.0717074e+03
   1.4260000e+03   1.5621960e+04  -4.1448284e+03
   1.4270000e+03   2.1738570e+04  -2.6023337e+02
   1.4280000e+03   2.1286903e+04  -5.6147509e+03
   1.4290000e+03   2.2924694e+04   1.9674375e+03
   1.4300000e+03   9.6267414e+03   2.1099175e+04
   1.4310000e+03   1.7323507e+04   9.7814814e+03
   1.4320000e+03   2.5165616e+04  -2.5167014e+03
   1.4330000e+03   1.7627171e+03   1.2621372e+04
   1.4340000e+03   9.9720262e+03   1.0856880e+04
   1.4350000e+03   2.9221564e+04   6.1983231e+03
   1.4360000e+03   4.9425111e+03   2.0662204e+04
   1.4370000e+03  -1.0549664e+04   3.5202612e+03
   1.4380000e+03   6.6978593e+03  -1.6740732e+04
   1.4390000e+03   1.4819923e+04   6.1272307e+03
   1.4400000e+03   1.5766906e+04   2.4598542e+04
   1.4410000e+03   9.2019180e+03   2.5823677e+04
   1.4420000e+03  -1.2519888e+04   1.6798769e+04
   1.4430000e+03   1.1350768e+04  -1.3859736e+04
   1.4440000e+03   4.6940204e+04  -1.2520572e+04
   1.4450000e+03   8.7563318e+03   3.0186961e+04
   1.4460000e+03  -2.3905190e+04   3.5127665e+04
   1.4470000e+03  -9.8654890e+03   1.4902579e+04
   1.4480000e+03   4.3323590e+03   8.0244843e+03
   1.4490000e+03   3.0021415e+04  -1.0586261e+04
   1.4500000e+03   2.8030273e+04   3.0192059e+03
   1.4510000e+03  -1.8716772e+04   4.6725994e+04
   1.4520000e+03  -2.7440460e+04   3.3768499e+04
   1.4530000e+03  -1.5132522e+03   6.1176021e+03
   1.4540000e+03   1.0712281e+03   9.4640255e+03
   1.4550000e+03   5.4397711e+03   2.2019891e+03
   1.4560000e+03   3.6655243e+03   3.7890034e+03
   1.4570000e+03  -3.5167982e+04   1.5232203e+04
   1.4580000e+03  -3.5763757e+04  -6.0036804e+03
   1.4590000e+03  -4.1977242e+03  -1.2922809e+04
   1.4600000e+03  -1.8935118e+04   2.1116124e+04
   1.4610000e+03  -2.0459107e+04   1.6825854e+04
   1.4620000e+03   5.0724116e+03  -1.1117760e+04
   1.4630000e+03  -2.8989968e+03   5.1983457e+03
   1.4640000e+03  -1.0628468e+04   7.1321007e+03
   1.4650000e+03  -2.9105518e+03  -1.1226025e+04
   1.4660000e+03  -8.9870794e+03   3.7677728e+03
   1.4670000e+03  -9.6525434e+03   1.4176583e+04
   1.4680000e+03   6.1250324e+03   1.5110279e+04
   1.4690000e+03   4.1552618e+03   9.9562785e+03
   1.4700000e+03  -1.1759400e+04  -1.4431619e+04
   1.4710000e+03  -1.9893784e+04  -5.9063548e+03
   1.4720000e+03  -2.9641543e+04   1.1460627e+04
   1.4730000e+03  -1.8683243e+04  -1.3407227e+04
   1.4740000e+03  -1.3668606e+04  -1.7585561e+04
   1.4750000e+03  -4.2835227e+04   3.4867610e+03
   1.4760000e+03  -2.2159778e+04  -1.5476874e+04
   1.4770000e+03   1.3352065e+04  -2.7929892e+04
   1.4780000e+03  -2.0263587e+04  -1.9819072e+03
   1.4790000e+03  -3.9133766e+04  -1.1173107e+04
   1.4800000e+03  -1.1230079e+04  -3.1150101e+04
   1.4810000e+03   4.0116973e+03  -1.3350408e+04
   1.4820000e+03   6.7803756e+03  -8.6754819e+03
   1.4830000e+03  -3.7489814e+03  -9.9469850e+02
   1.4840000e+03  -2.4158257e+04   1.5524210e+04
   1.4850000e+03   2.9088305e+02  -1.6088084e+04
   1.4860000e+03   3.3716270e+04  -3.4962986e+04
   1.4870000e+03  -7.8165210e+02  -2.0986461e+02
   1.4880000e+03  -2.0135653e+04   1.8611662e+03
   1.4890000e+03   7.7068414e+03  -3.2922745e+04
   1.4900000e+03  -2.0542599e+03  -3.0295997e+04
   1.4910000e+03  -1.0323955e+04  -1.2750545e+03
   1.4920000e+03   1.4155835e+03   8.6965570e+03
   1.4930000e+03  -1.0128783e+04  -1.0749121e+04
   1.4940000e+03  -3.4655169e+03  -3.9317317e+04
   1.4950000e+03   1.8006883e+04  -1.9131856e+04
   1.4960000e+03   1.3797383e+04   1.7387235e+04
   1.4970000e+03   5.7251739e+03  -1.0047553e+04
   1.4980000e+03   2.0056726e+03  -3.2120402e+04
   1.4990000e+03  -5.8660037e+03  -5.0444257e+02
   1.5000000e+03   8.8888777e+03   1.7346532e+04
   1.5010000e+03   3.1546071e+04   4.1904128e+03
   1.5020000e+03   1.4525889e+04  -2.3549270e+04
   1.5030000e+03   2.5618004e+03  -3.4803595e+04
   1.5040000e+03   1.3819819e+04  -2.2968767e+03
   1.5050000e+03   5.9386516e+03   2.1667423e+04
   1.5060000e+03   1.3523244e+04  -5.5039988e+02
   1.5070000e+03   2.4019233e+04  -1.7067761e+04
   1.5080000e+03   3.9133201e+03   1.1921369e+03
   1.5090000e+03   6.7301137e+03   9.9678384e+03
   1.5100000e+03   2.1313402e+04  -3.3788660e+02
   1.5110000e+03   1.6325879e+04  -6.5715201e+03
   1.5120000e+03   2.6221233e+04  -6.5110892e+03
   1.5130000e+03   3.1457480e+04   1.8369813e+04
   1.5140000e+03   1.0096866e+03   3.5255180e+04
   1.5150000e+03  -7.8149857e+03   1.4081548e+03
   1.5160000e+03   1.2266479e+04  -1.3614083e+04
   1.5170000e+03   4.4348356e+03   1.4066260e+04
   1.5180000e+03   8.6241140e+03   2.0822095e+04
   1.5190000e+03   2.9402226e+04   1.6435522e+04
   1.5200000e+03   1.4411366e+04   1.8734902e+04
   1.5210000e+03   1.0474668e+04  -9.6989413e+02
   1.5220000e+03   9.2719471e+03  -8.0833926e+03
   1.5230000e+03  -1.9318436e+04   2.1492879e+04
   1.5240000e+03  -5.2720752e+03   3.1007235e+04
   1.5250000e+03   3.5692828e+04   2.3159806e+04
   1.5260000e+03   3.1802823e+04   2.0419593e+04
   1.5270000e+03   4.1764783e+03   3.4399939e+03
   1.5280000e+03  -7.1772138e+03   6.9368723e+03
   1.5290000e+03  -6.4020162e+03   2.5252688e+04
   1.5300000e+03   4.8709099e+03   1.6274501e+04
   1.5310000e+03   1.3220072e+04   1.9714311e+04
   1.5320000e+03  -5.9624327e+03   2.4291939e+04
   1.5330000e+03  -6.4531265e+03  -3.7147827e+03
   1.5340000e+03   8.8556407e+03   2.7147689e+03
   1.5350000e+03  -1.4707477e+04   3.3016510e+04
   1.5360000e+03  -2.0748857e+04   2.4491639e+03
   1.5370000e+03  -1.1843488e+04  -2.7300507e+04
   1.5380000e+03  -3.1794480e+04   2.1941315e+03
   1.5390000e+03  -1.1002692e+04   1.0581687e+04
   1.5400000e+03   2.4378003e+04   1.4519425e+03
   1.5410000e+03  -5.1209876e+03   1.5113178e+04
   1.5420000e+03  -3.6005859e+04   4.4826802e+03
   1.5430000e+03  -2.0958638e+04  -5.2813861e+03
   1.5440000e+03  -1.2502309e+03   8.2743775e+03
   1.5450000e+03   1.2433883e+04   3.3403682e+03
   1.5460000e+03   2.1812619e+03   1.1036684e+04
   1.5470000e+03  -3.3815998e+04   2.1818962e+04
   1.5480000e+03  -1.5230312e+04  -1.6041678e+04
   1.5490000e+03   1.6533168e+04  -3.0829878e+04
   1.5500000e+03  -2.6662910e+04   1.4565602e+04
   1.5510000e+03  -4.5408617e+04   2.7838886e+04
   1.5520000e+03  -9.0472132e+03  -3.4881038e+03
   1.5530000e+03  -4.3093432e+03  -2.3315427e+04
   1.5540000e+03  -1.6242456e+04  -3.3434671e+04
   1.5550000e+03  -2.5836165e+04  -1.8955979e+04
   1.5560000e+03  -3.5345876e+04   5.1935005e+03
   1.5570000e+03  -1.6354891e+04  -1.3000612e+04
   1.5580000e+03   4.3405005e+03  -2.1035317e+04
   1.5590000e+03  -1.1746614e+04  -1.3330271e+03
   1.5600000e+03  -2.2577133e+04  -1.2906189e+04
   1.5610000e+03  -8.7053287e+03  -1.8045117e+04
   1.5620000e+03  -3.2207694e+03   2.8842719e+03
   1.5630000e+03   1.4387087e+04  -4.3481011e+03
   1.5640000e+03   1.6868512e+04  -1.7864580e+04
   1.5650000e+03  -2.8302617e+04  -9.8619992e+03
   1.5660000e+03  -2.4613622e+04  -1.4647265e+04
   1.5670000e+03   1.8328945e+04  -1.2353046e+04
   1.5680000e+03   9.4856839e+03   6.6733598e+03
   1.5690000e+03  -9.5607386e+03  -1.4662324e+04
   1.5700000e+03  -4.5915308e+03  -3.6301753e+04
   1.5710000e+03   7.5228606e+03  -1.3291886e+04
   1.5720000e+03   2.1627896e+04  -4.0058855e+03
   1.5730000e+03   7.5992672e+03  -5.1785727e+03
   1.5740000e+03  -3.1574605e+04  -7.9017692e+03
   1.5750000e+03  -2.5913231e+04  -3.3414653e+04
   1.5760000e+03   2.1442823e+04  -2.5950726e+04
   1.5770000e+03   2.7717621e+04   1.0222269e+04
   1.5780000e+03   7.3409023e+03   9.6843411e+03
   1.5790000e+03  -5.0881961e+03  -3.0856578e+03
   1.5800000e+03  -1.5787725e+04  -1.0901589e+04
   1.5810000e+03   1.7532827e+04  -3.2476514e+04
   1.5820000e+03   4.8045183e+04  -1.8698676e+04
   1.5830000e+03   1.2183715e+04   2.6357237e+04
   1.5840000e+03  -9.5962771e+03   1.7848987e+04
   1.5850000e+03   1.1059191e+04  -9.4842189e+03
   1.5860000e+03   2.4641350e+04  -4.6543539e+03
   1.5870000e+03   2.9477556e+04  -9.2215261e+03
   1.5880000e+03   2.2867143e+04  -2.5258758e+03
   1.5890000e+03  -1.1782338e+03   1.5995904e+04
   1.5900000e+03  -6.5151472e+03   8.3478000e-01
   1.5910000e+03   1.1208619e+04   4.7447129e+02
   1.5920000e+03   1.4813949e+04   2.6782120e+04
   1.5930000e+03   2.3417869e+04   1.1088535e+04
   1.5940000e+03   2.9346666e+04  -1.6136775e+04
   1.5950000e+03   1.4347029e+03  -4.3667634e+03
   1.5960000e+03   2.0845682e+03   1.1252112e+04
   1.5970000e+03   3.1630027e+04   1.8462395e+04
   1.5980000e+03   2.9169939e+04   2.1344975e+04
   1.5990000e+03   1.5131765e+04  -3.6449320e+03
   1.6000000e+03  -9.5932320e+01  -9.2799384e+03
   1.6010000e+03  -1.2041242e+04   1.7134927e+04
   1.6020000e+03   1.1075611e+04   9.0821646e+03
   1.6030000e+03   3.1490322e+04   8.4230660e+03
   1.6040000e+03   1.3078618e+02   3.6171835e+04
   1.6050000e+03  -2.2112953e+04   2.3260515e+04
   1.6060000e+03   3.6873111e+03   5.6516309e+03
   1.6070000e+03   1.2559617e+04   1.8350330e+04
   1.6080000e+03   7.3137568e+03   1.7873362e+04
   1.6090000e+03   6.4602073e+03   2.0842529e+04
   1.6100000e+03  -1.0464732e+04   3.6471517e+04
   1.6110000e+03   9.8108450e+02   1.6526637e+04
   1.6120000e+03   1.4324540e+04  -1.5162936e+04
   1.6130000e+03  -6.0385928e+03  -1.7586419e+04
   1.6140000e+03   1.0109893e+04  -1.1809262e+04
   1.6150000e+03   2.0095529e+04   1.6150583e+04
   1.6160000e+03  -3.2991766e+04   4.1458224e+04
   1.6170000e+03  -4.4988348e+04   3.4399700e+03
   1.6180000e+03   1.0063753e+04  -2.2721675e+04
   1.6190000e+03   2.4575258e+04   4.4959924e+03
   1.6200000e+03  -6.3523822e+03   1.7602903e+04
   1.6210000e+03  -2.0215271e+04   2.2098862e+04
   1.6220000e+03  -2.6494192e+04   1.9708084e+04
   1.6230000e+03  -2.2092717e+04  -9.4309051e+03
   1.6240000e+03  -1.2964728e+04  -8.5720983e+03
   1.6250000e+03  -2.6714407e+04   2.4451770e+04
   1.6260000e+03  -1.8469701e+04   1.6599426e+04
   1.6270000e+03   4.2806278e+03  -1.0204854e+04
   1.6280000e+03  -8.5189449e+03  -1.0035593e+04
   1.6290000e+03  -2.4726068e+04  -1.9570637e+04
   1.6300000e+03  -2.6541622e+04  -2.3080038e+04
   1.6310000e+03  -2.1595809e+04   3.4440226e+03
   1.6320000e+03  -4.8479476e+03   4.6471127e+03
   1.6330000e+03  -2.2636455e+03  -8.1861378e+03
   1.6340000e+03  -2.0426678e+04  -5.4035601e+03
   1.6350000e+03  -1.1909286e+04  -4.3795176e+03
   1.6360000e+03   1.1375388e+04   9.3612772e+03
   1.6370000e+03  -4.7268427e+03   6.3454301e+03
   1.6380000e+03  -1.5572035e+04  -3.4156668e+04
   1.6390000e+03  -8.0287895e+03  -3.0772357e+04
   1.6400000e+03  -2.9705135e+04   1.4578612e+04
   1.6410000e+03  -2.9944059e+04   1.1331292e+04
   1.6420000e+03  -3.4075748e+02  -1.2703088e+04
   1.6430000e+03   8.6946108e+03  -1.1293815e+04
   1.6440000e+03   4.1091306e+03  -2.5688981e+04
   1.6450000e+03  -2.7670757e+04  -2.8307130e+04
   1.6460000e+03  -5.3418798e+04  -3.7844844e+03
   1.6470000e+03  -3.8956335e+03  -1.6289988e+04
   1.6480000e+03   4.7418110e+04  -2.7595934e+04
   1.6490000e+03   1.4420098e+04  -1.5641906e+04
   1.6500000e+03  -1.9848515e+04  -2.7719532e+04
   1.6510000e+03  -7.7422270e+01  -1.7812939e+04
   1.6520000e+03  -7.5278187e+02   1.9522862e+03
   1.6530000e+03  -5.2738592e+03  -3.1795167e+04
   1.6540000e+03   2.0110586e+04  -3.7432155e+04
   1.6550000e+03   1.3917416e+04   1.9147227e+04
   1.6560000e+03  -1.7060026e+03   3.2807898e+04
   1.6570000e+03   4.1265756e+03  -3.1222282e+03
   1.6580000e+03   3.3384524e+03  -1.7747587e+04
   1.6590000e+03   1.2329520e+04  -4.1424909e+03
   1.6600000e+03   1.6039231e+04   2.2782099e+04
   1.6610000e+03  -4.8331980e+03   1.0524087e+04
   1.6620000e+03  -2.0170545e+03  -4.5442694e+04
   1.6630000e+03   2.6611532e+04  -2.8682161e+04
   1.6640000e+03   3.1174509e+04   3.1375028e+04
   1.6650000e+03   1.8179374e+04   1.4742556e+04
   1.6660000e+03   1.0070326e+04  -1.2472429e+04
   1.6670000e+03   8.5525257e+03  -6.0562141e+03
   1.6680000e+03   3.9642926e+04  -2.4600235e+04
   1.6690000e+03   5.3874326e+04  -2.5710094e+04
   1.6700000e+03  -4.7195775e+03   1.2779560e+04
   1.6710000e+03  -3.4350948e+04   1.6967078e+04
   1.6720000e+03   8.4789417e+03   5.1676464e+03
   1.6730000e+03   4.0060055e+04   1.6442510e+04
   1.6740000e+03   2.9882541e+04   5.7039298e+03
   1.6750000e+03  -7.0825077e+03   1.9026418e+03
   1.6760000e+03  -2.1564321e+04   2.8239714e+04
   1.6770000e+03   1.6702725e+04   1.2930237e+04
   1.6780000e+03   3.3858404e+04  -6.9937451e+03
   1.6790000e+03  -6.1656272e+03   2.4371612e+04
   1.6800000e+03  -1.1802576e+04   4.1477669e+04
   1.6810000e+03   3.0048471e+04   2.4115945e+04
   1.6820000e+03   2.6513747e+04   2.8613328e+03
   1.6830000e+03   1.1820261e+04  -1.2382968e+04
   1.6840000e+03   2.5561388e+04   3.0204327e+03
   1.6850000e+03   1.4970783e+02   2.9385170e+04
   1.6860000e+03  -2.7815350e+04   9.5140956e+03
   1.6870000e+03  -1.3211998e+03  -2.1948898e+04
   1.6880000e+03   3.2403661e+04  -1.0447496e+04
   1.6890000e+03   2.4560034e+04   9.3444019e+03
   1.6900000e+03  -3.0158472e+04   2.8995993e+04
   1.6910000e+03  -5.2679355e+04   4.3092848e+04
   1.6920000e+03   4.6139344e+03   3.0636739e+03
   1.6930000e+03   3.6736238e+04  -2.7575148e+04
   1.6940000e+03  -6.0211567e+03   1.0837533e+04
   1.6950000e+03  -2.4950714e+04   4.2412494e+04
   1.6960000e+03   1.3076081e+03   3.3660972e+04
   1.6970000e+03   3.2811506e+03   4.3684495e+03
   1.6980000e+03  -2.0637764e+03  -3.1833435e+04
   1.6990000e+03  -4.7513203e+03  -1.9861642e+04
   1.7000000e+03  -2.9696849e+04   2.9766908e+04
   1.7010000e+03  -2.5573279e+04   2.7569537e+04
   1.7020000e+03   5.3565656e+02  -5.3587356e+03
   1.7030000e+03  -1.2999491e+03  -5.8321991e+03
   1.7040000e+03  -4.2786857e+03   1.2277987e+02
   1.7050000e+03  -1.4986340e+04   1.6738256e+04
   1.7060000e+03  -4.0496872e+04   3.3000966e+04
   1.7070000e+03  -2.3670027e+04  -2.4515665e+03
   1.7080000e+03   1.6403948e+04  -1.7651344e+04
   1.7090000e+03   7.3696884e+03   1.6181970e+04
   1.7100000e+03  -1.7600101e+04   9.2241714e+03
   1.7110000e+03  -1.9438370e+04  -1.4940447e+04
   1.7120000e+03  -2.5938392e+04  -6.5112295e+03
   1.7130000e+03  -7.4332764e+03  -2.8106496e+03
   1.7140000e+03   1.1150845e+04  -1.0325629e+04
   1.7150000e+03  -3.4081434e+04  -2.2057742e+04
   1.7160000e+03  -5.1368218e+04  -3.5293451e+04
   1.7170000e+03  -1.1008847e+04  -8.2717359e+03
   1.7180000e+03   4.3717484e+03   2.6096666e+04
   1.7190000e+03   9.6355616e+03  -1.1086164e+04
   1.7200000e+03   2.2979592e+03  -5.0286838e+04
   1.7210000e+03  -4.0486151e+04  -2.1326017e+04
   1.7220000e+03  -3.9034721e+04   6.2927986e+03
   1.7230000e+03   1.9382568e+04   9.4710029e+03
   1.7240000e+03   3.7588356e+04   2.0317346e+03
   1.7250000e+03   1.4271347e+04  -2.4102632e+04
   1.7260000e+03  -8.7681185e+03  -2.0149394e+04
   1.7270000e+03  -3.5678768e+04   1.0455033e+04
   1.7280000e+03  -1.5625766e+04  -4.3951829e+02
   1.7290000e+03   2.6408289e+04  -2.2107181e+04
   1.7300000e+03  -8.6174826e+02  -7.1590457e+03
   1.7310000e+03  -2.6566990e+04  -3.2232833e+03
   1.7320000e+03   2.0816115e+03  -1.9207627e+04
   1.7330000e+03   1.4868573e+04  -1.7882911e+04
   1.7340000e+03   6.5835909e+02  -1.9317857e+04
   1.7350000e+03  -1.0960279e+04  -1.5722088e+04
   1.7360000e+03  -6.8197981e+03  -3.2614898e+03
   1.7370000e+03   1.1675619e+04  -2.6308790e+04
   1.7380000e+03   1.4515644e+04  -3.3934130e+04
   1.7390000e+03   4.1011356e+02  -4.7974561e+02
   1.7400000e+03   1.3150388e+04  -3.3913403e+03
   1.7410000e+03   2.6472407e+04  -1.9404259e+04
   1.7420000e+03  -3.4046384e+03  -3.1161850e+03
   1.7430000e+03  -2.9610957e+03   7.6319785e+03
   1.7440000e+03   2.9504787e+04   2.0856425e+04
   1.7450000e+03   2.0989939e+04   3.0838288e+04
   1.7460000e+03   1.9649352e+04  -1.1135857e+04
   1.7470000e+03   2.6512851e+04  -3.5698388e+04
   1.7480000e+03   6.4545860e+02   5.5196311e+03
   1.7490000e+03  -3.0566991e+03   1.7195922e+04
   1.7500000e+03   1.6909526e+04   1.1004430e+03
   1.7510000e+03   1.8651110e+04   9.3931602e+03
   1.7520000e+03   1.6015441e+04  -1.9667199e+03
   1.7530000e+03   1.7828351e+04  -1.0653217e+04
   1.7540000e+03   9.1373422e+03   5.4972530e+03
   1.7550000e+03   2.6338124e+03  -1.3721409e+03
   1.7560000e+03   9.8309643e+03   1.1098918e+03
   1.7570000e+03   1.0942016e+04   2.3481346e+04
   1.7580000e+03   2.0828664e+04   1.2443484e+04
   1.7590000e+03   3.1235814e+04   1.0102031e+03
   1.7600000e+03   1.3703159e+04   1.7073771e+04
   1.7610000e+03   9.4974588e+03   1.4980664e+04
   1.7620000e+03   7.0056760e+03   1.0138329e+04
   1.7630000e+03  -1.1391146e+04   2.2557650e+04
   1.7640000e+03   5.3209399e+03   7.1801604e+03
   1.7650000e+03   1.9201925e+04  -3.1061405e+03
   1.7660000e+03  -2.1395665e+03   2.6809989e+04
   1.7670000e+03  -4.3867802e+02   3.4000068e+04
   1.7680000e+03   6.5111083e+03   1.2751583e+04
   1.7690000e+03  -1.9363894e+04  -1.1491935e+04
   1.7700000e+03  -1.2027476e+04  -2.6562256e+04
   1.7710000e+03   2.8896623e+04   1.5927918e+04
   1.7720000e+03   1.6535305e+04   6.1527035e+04
   1.7730000e+03  -1.0211988e+04   2.0194090e+04
   1.7740000e+03  -5.0116437e+03  -2.4868868e+04
   1.7750000e+03  -4.3449079e+03   3.9504588e+03
   1.7760000e+03   1.1717040e+04   3.1144478e+04
   1.7770000e+03   1.9595201e+04   2.6423407e+04
   1.7780000e+03  -1.8468539e+04   2.3831416e+04
   1.7790000e+03  -3.2883838e+04   5.2228630e+03
   1.7800000e+03  -1.0707564e+04  -3.2530992e+03
   1.7810000e+03  -4.1908144e+03   2.1241661e+04
   1.7820000e+03  -5.5236973e+03   1.6353595e+04
   1.7830000e+03  -9.3287643e+03  -5.0990514e+03
   1.7840000e+03  -3.5516364e+04  -2.3793143e+03
   1.7850000e+03  -4.1317987e+04  -4.4043276e+03
   1.7860000e+03  -5.1722560e+03  -3.3748042e+03
   1.7870000e+03   8.4316319e+03   1.7263758e+03
   1.7880000e+03  -4.2289714e+03  -2.0339926e+04
   1.7890000e+03  -2.5417466e+04  -2.8610124e+04
   1.7900000e+03  -4.5845411e+04   2.7891866e+03
   1.7910000e+03  -7.6069411e+03   7.4345714e+03
   1.7920000e+03   2.7992284e+04  -1.8982189e+04
   1.7930000e+03  -1.0773205e+04  -1.4974258e+04
   1.7940000e+03  -3.2375140e+04   2.0264096e+03
   1.7950000e+03  -1.1919489e+04   6.9053624e+03
   1.7960000e+03  -1.3834810e+04   3.8640181e+03
   1.7970000e+03  -2.1038026e+04  -1.8677126e+04
   1.7980000e+03  -9.8983169e+03  -2.0922899e+04
   1.7990000e+03  -1.3700243e+04   5.1161951e+03
   1.8000000e+03  -1.6622103e+04   4.1972128e+02
   1.8010000e+03  -1.8423444e+03  -1.2676730e+04
   1.8020000e+03  -1.8230356e+04  -3.5549723e+03
   1.8030000e+03  -2.8134244e+04  -6.9410071e+03
   1.8040000e+03   1.6627518e+03  -1.2841031e+04
   1.8050000e+03   1.7554329e+03  -9.4441297e+03
   1.8060000e+03  -1.7069472e+04  -2.6859364e+04
   1.8070000e+03  -1.9507891e+04  -3.0080949e+04
   1.8080000e+03  -2.3945651e+03   1.5413196e+03
   1.8090000e+03   3.6739184e+04   1.0360810e+03
   1.8100000e+03   2.4475503e+04  -1.8054846e+04
   1.8110000e+03  -3.7432217e+04  -1.5300667e+04
   1.8120000e+03  -3.0680436e+04  -2.6340541e+04
   1.8130000e+03   3.0897965e+04  -2.4447305e+04
   1.8140000e+03   4.0458047e+04   2.2946353e+03
   1.8150000e+03   1.7276584e+04  -7.1029088e+03
   1.8160000e+03   3.4306494e+03  -1.8763455e+04
   1.8170000e+03  -2.3511415e+04  -1.0278572e+03
   1.8180000e+03  -5.2599573e+03  -1.1607163e+04
   1.8190000e+03   4.6324856e+04  -2.5823230e+04
   1.8200000e+03   1.8492144e+04   5.7185627e+03
   1.8210000e+03  -1.6199205e+04   2.0461563e+04
   1.8220000e+03   6.8859795e+03  -2.8673050e+03
   1.8230000e+03   5.3695816e+03  -1.5741154e+04
   1.8240000e+03  -1.1238520e+03  -2.0336779e+04
   1.8250000e+03   2.4040645e+04  -2.0550499e+03
   1.8260000e+03   2.3494803e+04   2.6690149e+04
   1.8270000e+03   2.8584355e+03   2.5624380e+03
   1.8280000e+03   1.2587470e+04  -2.1163950e+04
   1.8290000e+03   2.7213924e+04  -3.9927320e+02
   1.8300000e+03   2.9758524e+04   1.0917729e+03
   1.8310000e+03   3.4353005e+04  -5.4501173e+03
   1.8320000e+03   1.3450609e+04   1.0072709e+04
   1.8330000e+03  -3.6870715e+03   8.6059760e+03
   1.8340000e+03   1.0706302e+04   1.6453884e+03
   1.8350000e+03   1.1312133e+04   1.3625647e+04
   1.8360000e+03   1.6667142e+04   1.0450547e+04
   1.8370000e+03   2.4094479e+04   7.5635922e+03
   1.8380000e+03  -1.4579027e+03   2.8901674e+04
   1.8390000e+03  -1.0259179e+04   2.0182033e+04
   1.8400000e+03   9.9289848e+03  -5.5595901e+03
   1.8410000e+03   2.1798395e+04   2.8978770e+03
   1.8420000e+03   2.4712091e+04   1.1725252e+04
   1.8430000e+03   1.3600392e+04   1.4666269e+04
   1.8440000e+03  -1.1727150e+04   2.0236796e+04
   1.8450000e+03  -5.8856411e+03   2.2512526e+03
   1.8460000e+03   2.8682531e+04  -8.1057700e+03
   1.8470000e+03   2.0371703e+04   1.5600874e+04
   1.8480000e+03  -3.0186137e+03   3.4612320e+04
   1.8490000e+03   3.6283155e+03   2.6452313e+04
   1.8500000e+03  -8.8858384e+03   6.7319030e+01
   1.8510000e+03  -2.0902501e+04  -1.7607251e+04
   1.8520000e+03  -7.7744991e+03   1.2407767e+04
   1.8530000e+03  -6.4491326e+03   4.8767304e+04
   1.8540000e+03   4.2491538e+02   1.8557338e+04
   1.8550000e+03   8.4096625e+03  -9.1690160e+03
   1.8560000e+03  -1.2877290e+04   2.0661996e+04
   1.8570000e+03  -2.6716032e+04   2.4251239e+04
   1.8580000e+03  -1.4118973e+04  -9.1089501e+02
   1.8590000e+03  -4.7639667e+03  -4.4313808e+03
   1.8600000e+03   9.6590739e+03  -7.7382780e+03
   1.8610000e+03   1.7180508e+04   5.0594754e+03
   1.8620000e+03  -2.3941595e+04   3.9232106e+04
   1.8630000e+03  -4.7347117e+04   3.1144915e+04
   1.8640000e+03  -1.5513809e+04  -8.5828014e+03
   1.8650000e+03  -9.0571456e+02  -2.2918594e+04
   1.8660000e+03  -4.9176310e+03  -2.2634509e+04
   1.8670000e+03  -1.9336955e+04  -7.3592656e+03
   1.8680000e+03  -3.9900304e+04   1.7451476e+04
   1.8690000e+03  -1.3339295e+04   2.6206670e+03
   1.8700000e+03   1.2299984e+04  -3.3453829e+03
   1.8710000e+03  -1.7072298e+04   2.0192093e+04
   1.8720000e+03  -3.1150587e+04  -1.6457357e+04
   1.8730000e+03  -7.3000737e+03  -4.8893107e+04
   1.8740000e+03  -6.9965494e+02   2.6570935e+03
   1.8750000e+03  -4.8730644e+03   2.4437255e+04
   1.8760000e+03  -7.6639483e+03  -1.5361324e+04
   1.8770000e+03  -2.8660172e+04  -2.6080367e+04
   1.8780000e+03  -2.0688022e+04  -8.5195440e+03
   1.8790000e+03   7.3472343e+03  -2.1834061e+03
   1.8800000e+03  -1.5209626e+04  -1.3539197e+04
   1.8810000e+03  -3.3527427e+04  -3.6691461e+04
   1.8820000e+03  -1.4337591e+04  -2.6815933e+04
   1.8830000e+03   1.7369011e+02   8.7028907e+03
   1.8840000e+03   1.4671735e+04  -1.7078182e+03
   1.8850000e+03   5.7875006e+03  -1.6786128e+04
   1.8860000e+03  -2.3977195e+04   1.0087720e+03
   1.8870000e+03  -1.0485607e+04  -1.3749239e+04
   1.8880000e+03   1.9362744e+04  -2.7920010e+04
   1.8890000e+03   8.7723193e+03  -2.3898013e+03
   1.8900000e+03  -2.0865602e+03   3.9504128e+03
   1.8910000e+03   4.4984422e+03  -1.7360649e+03
   1.8920000e+03  -5.9037839e+03  -7.3566127e+03
   1.8930000e+03  -4.0029891e+03  -3.6339182e+04
   1.8940000e+03   3.0014088e+03  -3.2233212e+04
   1.8950000e+03  -9.7028695e+03   1.4688847e+04
   1.8960000e+03   1.7533275e+04   1.0695584e+04
   1.8970000e+03   3.6964816e+04  -2.9609060e+04
   1.8980000e+03  -1.0294718e+04  -2.4889204e+04
   1.8990000e+03  -1.9082270e+04  -2.7165315e+03
   1.9000000e+03   2.3733839e+04   7.6170493e+03
   1.9010000e+03   3.1359455e+04   5.1723874e+03
   1.9020000e+03   2.0027091e+04  -2.7595086e+04
   1.9030000e+03   1.5199678e+04  -2.8861975e+04
   1.9040000e+03  -4.4873468e+03   2.2188175e+04
   1.9050000e+03  -3.0475129e+03   2.8386599e+04
   1.9060000e+03   3.6888523e+04  -1.0328831e+04
   1.9070000e+03   4.4679151e+04  -1.6913314e+04
   1.9080000e+03   1.3654916e+04   3.7083136e+03
   1.9090000e+03  -1.3127640e+04   2.4615192e+04
   1.9100000e+03  -1.4056851e+04   2.8800235e+04
   1.9110000e+03   3.5685458e+04  -4.9030492e+03
   1.9120000e+03   5.9481870e+04  -2.6435214e+04
   1.9130000e+03   1.8441471e+03   3.1593437e+03
   1.9140000e+03  -2.9008089e+04   2.0993470e+04
   1.9150000e+03   5.6398335e+02   6.1873549e+03
   1.9160000e+03   2.1241916e+04  -1.2290881e+04
   1.9170000e+03   2.9933149e+04  -1.8697088e+04
   1.9180000e+03   2.4858173e+04   1.8679273e+04
   1.9190000e+03  -9.2555690e+03   4.3301489e+04
   1.9200000e+03  -1.7172533e+04  -6.7424318e+03
   1.9210000e+03   1.2533621e+04  -2.8827413e+04
   1.9220000e+03   2.1715394e+04   2.3375423e+04
   1.9230000e+03   2.5645500e+04   4.6715165e+04
   1.9240000e+03   1.4078867e+04   2.5562264e+04
   1.9250000e+03  -3.2381664e+04   1.2757944e+04
   1.9260000e+03  -2.0220814e+04  -1.1274422e+03
   1.9270000e+03   3.0764800e+04   6.5290202e+03
   1.9280000e+03   2.2059766e+04   3.9176799e+04
   1.9290000e+03  -3.0601955e+03   1.5033357e+04
   1.9300000e+03  -1.0687777e+04  -2.2824535e+04
   1.9310000e+03  -1.9586253e+04   3.7728970e+03
   1.9320000e+03  -1.0926225e+04   2.4836591e+04
   1.9330000e+03   2.0482851e+03   2.1289141e+04
   1.9340000e+03  -3.6791800e+03   1.7560550e+04
   1.9350000e+03   4.9541302e+03  -1.0232081e+04
   1.9360000e+03   1.2344346e+04  -1.6073438e+04
   1.9370000e+03  -1.8211540e+04   1.2006750e+04
   1.9380000e+03  -1.8748700e+04   1.2688930e+04
   1.9390000e+03   7.3931269e+03   1.1969647e+04
   1.9400000e+03  -1.2206211e+04   2.7359030e+04
   1.9410000e+03  -2.3144042e+04   1.0539386e+04
   1.9420000e+03  -8.1606638e+03  -6.6821138e+03
   1.9430000e+03  -7.2140179e+03   4.9193303e+03
   1.9440000e+03  -8.0671564e+02   5.7405892e+03
   1.9450000e+03  -1.0142849e+04   1.5840789e+04
   1.9460000e+03  -3.6882377e+04   2.5475632e+04
   1.9470000e+03  -2.7164871e+04  -1.5121905e+04
   1.9480000e+03   1.1076647e+03  -3.3704327e+04
   1.9490000e+03  -1.6963939e+02   4.5139505e+03
   1.9500000e+03  -9.4479993e+03   2.1668037e+04
   1.9510000e+03  -3.6494597e+03   7.4220422e+03
   1.9520000e+03  -1.1967940e+04  -1.5973560e+04
   1.9530000e+03  -1.9520230e+04  -3.5687971e+04
   1.9540000e+03  -8.6602257e+03  -9.8605291e+03
   1.9550000e+03  -7.5298658e+03   2.4261431e+04
   1.9560000e+03  -6.4797208e+03  -6.1956320e+03
   1.9570000e+03  -1.6828141e+04  -3.1225461e+04
   1.9580000e+03  -3.5503580e+04   4.6157668e+03
   1.9590000e+03  -8.9978531e+03   1.5210580e+04
   1.9600000e+03   1.4094729e+04  -9.1357524e+03
   1.9610000e+03  -1.4654476e+04  -2.7439345e+04
   1.9620000e+03  -2.6996826e+04  -5.1194977e+04
   1.9630000e+03  -8.2782586e+03  -3.1473099e+04
   1.9640000e+03  -6.8679848e+03   1.9856896e+04
   1.9650000e+03   5.3248013e+03   8.7867792e+03
   1.9660000e+03   2.8961403e+04  -2.0957628e+04
   1.9670000e+03  -3.7308569e+03  -9.2619056e+03
   1.9680000e+03  -3.5104216e+04  -1.1625574e+04
   1.9690000e+03  -2.7262084e+03  -2.9667817e+04
   1.9700000e+03   1.7513003e+04  -1.2825211e+04
   1.9710000e+03   5.8508397e+03   8.6122052e+03
   1.9720000e+03  -7.6790186e+03   2.4156809e+03
   1.9730000e+03  -1.5628884e+04  -1.5021395e+04
   1.9740000e+03   4.1864403e+03  -2.8095224e+04
   1.9750000e+03   2.1054352e+04  -4.1283170e+03
   1.9760000e+03   3.0761805e+03   2.0449974e+04
   1.9770000e+03  -8.4284624e+03  -1.8878560e+04
   1.9780000e+03   4.9684136e+03  -4.2782612e+04
   1.9790000e+03   1.3596194e+04  -1.2266442e+04
   1.9800000e+03   1.6655268e+04  -3.5449840e+03
   1.9810000e+03   1.5498056e+04  -2.9934668e+03
   1.9820000e+03   6.6095161e+02   6.5945703e+03
   1.9830000e+03   9.8560980e+03  -1.2702291e+04
   1.9840000e+03   2.3860976e+04  -2.1289100e+04
   1.9850000e+03  -1.0287491e+03  -3.7926834e+02
   1.9860000e+03   2.5927165e+02  -4.3945287e+03
   1.9870000e+03   2.4801955e+04  -8.2342030e+03
   1.9880000e+03   1.2606952e+04   1.4172128e+04
   1.9890000e+03   3.0754029e+03   9.3817621e+03
   1.9900000e+03   7.1058322e+03  -1.3684810e+03
   1.9910000e+03   9.8019093e+03   9.6690950e+03
   1.9920000e+03   3.4631441e+04   3.2641518e+03
   1.9930000e+03   3.6260313e+04   2.0975494e+03
   1.9940000e+03  -1.3991977e+04   9.2244375e+03
   1.9950000e+03  -1.4053106e+04  -4.2093149e+03
   1.9960000e+03   4.4043152e+04   5.9799397e+03
   1.9970000e+03   4.1612765e+04   2.4367379e+04
   1.9980000e+03   8.1632242e+03   4.1343957e+03
   1.9990000e+03   8.2875408e+03   9.7264397e+03
   2.0000000e+03   7.4134204e+03   4.2910616e+04
