   1.0274000e+02   2.5123000e+01
   1.0060900e+02   2.5778000e+01
   0.0000000e+00   3.1342082e+05   3.1342082e+05
   1.0000000e+00   4.3760316e+05  -2.3651528e+04
   2.0000000e+00   1.9237534e+05  -1.6019978e+05
   3.0000000e+00  -3.0308041e+05   4.4338040e+04
   4.0000000e+00  -5.5845521e+05   1.2349705e+05
   5.0000000e+00  -1.9185994e+05  -8.1896110e+04
   6.0000000e+00   3.9103241e+05  -1.5010912e+05
   7.0000000e+00   5.2151058e+05   3.1839099e+04
   8.0000000e+00   1.0959265e+05   2.2321323e+05
   9.0000000e+00  -3.8138208e+05   2.1536231e+05
   1.0000000e+01  -4.0577041e+05  -8.8045248e+04
   1.1000000e+01   9.1266654e+04  -3.9844438e+05
   1.2000000e+01   4.7916443e+05  -3.1822371e+05
   1.3000000e+01   2.4062728e+05   9.1494602e+04
   1.4000000e+01  -2.3171299e+05   4.0280993e+05
   1.5000000e+01  -2.6715772e+05   2.3855638e+05
   1.6000000e+01   6.4370919e+04  -2.4520495e+05
   1.7000000e+01   2.5804589e+05  -4.3467874e+05
   1.8000000e+01   1.6820805e+05  -8.3298743e+04
   1.9000000e+01  -2.3246728e+04   3.5312427e+05
   2.0000000e+01  -1.7073305e+05   3.4668865e+05
   2.1000000e+01  -1.6088778e+05  -5.0933660e+04
   2.2000000e+01   4.7632899e+04  -3.4715537e+05
   2.3000000e+01   1.8866882e+05  -2.0638979e+05
   2.4000000e+01   6.2327821e+03   1.5881087e+05
   2.5000000e+01  -2.7255123e+05   2.5662672e+05
   2.6000000e+01  -2.5838364e+05   8.3881852e+03
   2.7000000e+01   5.7829607e+04  -2.5387119e+05
   2.8000000e+01   3.1535401e+05  -2.4936882e+05
   2.9000000e+01   2.2583355e+05   4.6872750e+04
   3.0000000e+01  -1.1084926e+05   2.6980234e+05
   3.1000000e+01  -3.2606873e+05   1.0528977e+05
   3.2000000e+01  -1.5079084e+05  -1.8085423e+05
   3.3000000e+01   2.2362974e+05  -2.3235503e+05
   3.4000000e+01   3.1171364e+05  -8.2931672e+04
   3.5000000e+01   1.1259615e+03   1.0991343e+05
   3.6000000e+01  -2.7875555e+05   1.8806689e+05
   3.7000000e+01  -1.7414624e+05  -1.6811463e+04
   3.8000000e+01   1.0971971e+05  -2.8821177e+05
   3.9000000e+01   1.7626999e+05  -1.9095209e+05
   4.0000000e+01   4.5948566e+03   1.3431510e+05
   4.1000000e+01  -1.4235376e+05   2.0399470e+05
   4.2000000e+01  -1.2440032e+05  -3.7065811e+04
   4.3000000e+01   3.0888892e+03  -2.3146247e+05
   4.4000000e+01   1.4510930e+05  -1.0022636e+05
   4.5000000e+01   1.3575049e+05   1.5618717e+05
   4.6000000e+01  -1.0255178e+05   1.7547766e+05
   4.7000000e+01  -2.6845640e+05   2.7059856e+03
   4.8000000e+01  -1.0144070e+05  -1.2265495e+05
   4.9000000e+01   1.9211955e+05  -9.8736485e+04
   5.0000000e+01   2.1278962e+05   4.8738427e+04
   5.1000000e+01  -1.5009842e+05   1.4100339e+05
   5.2000000e+01  -4.3452470e+05   3.0890528e+04
   5.3000000e+01  -1.7394595e+05  -1.1522111e+05
   5.4000000e+01   3.3312766e+05  -8.1172384e+04
   5.5000000e+01   4.3572828e+05   3.9439134e+04
   5.6000000e+01   5.8984331e+03   9.6151635e+04
   5.7000000e+01  -4.3859137e+05   7.1196951e+04
   5.8000000e+01  -3.8438342e+05  -3.1221284e+04
   5.9000000e+01   4.3699023e+04  -9.0305354e+04
   6.0000000e+01   2.8247031e+05   5.6359576e+03
   6.1000000e+01   1.1815147e+05   1.3482377e+05
   6.2000000e+01  -8.8048575e+04   1.4813549e+05
   6.3000000e+01  -6.1074479e+04   1.7181517e+04
   6.4000000e+01   4.1605838e+04  -1.5609194e+05
   6.5000000e+01   1.6685139e+04  -1.1928518e+05
   6.6000000e+01  -7.0752519e+04   1.5041134e+05
   6.7000000e+01  -4.8124304e+04   2.4909513e+05
   6.8000000e+01  -1.3221600e+03   1.1854012e+04
   6.9000000e+01   4.4155725e+04  -1.8909631e+05
   7.0000000e+01   3.4142950e+05  -8.8525752e+04
   7.1000000e+01   5.3957288e+05   1.4503351e+05
   7.2000000e+01   6.4857638e+04   1.8726046e+05
   7.3000000e+01  -4.1688651e+05  -1.0091659e+04
   7.4000000e+01  -3.7572701e+04  -1.0034517e+05
   7.5000000e+01   5.1660469e+05   4.5883526e+04
   7.6000000e+01   2.2930331e+05   1.0076620e+05
   7.7000000e+01  -5.7126760e+05  -7.9786714e+04
   7.8000000e+01  -9.3721515e+05  -2.5409405e+05
   7.9000000e+01  -4.5712940e+05  -1.9527484e+05
   8.0000000e+01   3.5463524e+05   6.5059864e+04
   8.1000000e+01   4.5448576e+05   2.3368102e+05
   8.2000000e+01  -1.8761828e+05   8.5996547e+04
   8.3000000e+01  -4.1155094e+05  -1.5002336e+05
   8.4000000e+01   1.4888061e+05  -1.1602455e+05
   8.5000000e+01   5.3437746e+05   1.0920189e+05
   8.6000000e+01   1.2937477e+05   1.7429549e+05
   8.7000000e+01  -3.6857175e+05   1.5646309e+04
   8.8000000e+01  -1.1034494e+05  -3.1874407e+04
   8.9000000e+01   4.5079754e+05   1.5439237e+05
   9.0000000e+01   4.1213184e+05   1.6105381e+05
   9.1000000e+01   1.0051805e+05  -1.2915167e+05
   9.2000000e+01   1.3394305e+05  -2.2516596e+05
   9.3000000e+01   4.1569804e+02   1.5356390e+04
   9.4000000e+01  -4.0188312e+05   1.9509556e+05
   9.5000000e+01  -1.8923340e+05   9.0605172e+04
   9.6000000e+01   3.2704411e+05  -1.7123314e+05
   9.7000000e+01   1.9165418e+05  -2.6436896e+05
   9.8000000e+01  -1.8137560e+05   1.7280457e+04
   9.9000000e+01  -1.6973280e+05   2.8881226e+05
   1.0000000e+02   1.6670545e+03   1.1681475e+05
   1.0100000e+02   8.1135264e+04  -1.8101420e+05
   1.0200000e+02   8.9605573e+03  -1.9057804e+05
   1.0300000e+02  -9.5708708e+04  -1.5036851e+04
   1.0400000e+02   2.0206799e+04   1.3874634e+05
   1.0500000e+02   1.6225130e+05   1.2232832e+05
   1.0600000e+02  -1.6889167e+04  -5.8008782e+04
   1.0700000e+02  -2.2023577e+05  -1.3224706e+05
   1.0800000e+02  -5.2144917e+04  -2.1949091e+04
   1.0900000e+02   1.9168586e+05   2.7634489e+04
   1.1000000e+02   9.1002319e+04  -6.2861909e+04
   1.1100000e+02  -1.4625813e+05  -9.5138747e+04
   1.1200000e+02  -8.4299699e+04   2.6997772e+04
   1.1300000e+02   1.2401869e+05   1.4077044e+05
   1.1400000e+02   4.4699096e+04   4.1421171e+04
   1.1500000e+02  -1.4569194e+05  -1.8591194e+05
   1.1600000e+02  -5.2195462e+04  -1.8370488e+05
   1.1700000e+02   1.3591949e+05   6.1419696e+04
   1.1800000e+02   9.3687329e+04   1.5582758e+05
   1.1900000e+02  -5.2239026e+04   2.6365407e+04
   1.2000000e+02  -7.3008632e+04  -9.2862401e+04
   1.2100000e+02  -1.2254423e+04  -1.1914854e+05
   1.2200000e+02   7.3900535e+03  -5.4108178e+04
   1.2300000e+02  -3.4409379e+04   5.2556647e+04
   1.2400000e+02  -9.0601678e+04   6.7704474e+04
   1.2500000e+02  -8.1114188e+04  -1.4630272e+04
   1.2600000e+02  -1.1660132e+04  -7.9057624e+04
   1.2700000e+02   1.8810006e+04  -7.1761646e+04
   1.2800000e+02  -7.4678251e+03   2.5678856e+04
   1.2900000e+02  -3.0777802e+04   1.2402845e+05
   1.3000000e+02  -2.2928278e+04   5.2612106e+04
   1.3100000e+02  -3.6718738e+03  -9.2100858e+04
   1.3200000e+02  -1.2503165e+04  -1.0080314e+05
   1.3300000e+02  -3.9447276e+04   1.1820081e+03
   1.3400000e+02  -2.0586976e+04   1.0534603e+05
   1.3500000e+02   3.2592894e+04   9.8000428e+04
   1.3600000e+02   3.6961444e+04  -4.9744885e+04
   1.3700000e+02  -1.8141070e+04  -1.2319018e+05
   1.3800000e+02  -6.8411946e+04  -1.9411183e+03
   1.3900000e+02  -3.8566814e+04   1.0571083e+05
   1.4000000e+02   3.1336335e+04   4.7977939e+04
   1.4100000e+02  -1.2384590e+04  -5.7591312e+04
   1.4200000e+02  -1.0008355e+05  -7.8550840e+04
   1.4300000e+02  -3.7155036e+04   4.3341003e+03
   1.4400000e+02   7.9332531e+04   9.4539370e+04
   1.4500000e+02   8.4993576e+04   5.9044765e+04
   1.4600000e+02   1.3750839e+04  -2.4136009e+04
   1.4700000e+02  -5.6626625e+04  -2.2117092e+04
   1.4800000e+02  -4.2680573e+04   1.8135746e+04
   1.4900000e+02   4.1853184e+04   5.7680387e+04
   1.5000000e+02   1.7897124e+04   7.0467926e+04
   1.5100000e+02  -6.7285341e+04   2.0863736e+04
   1.5200000e+02   1.0048825e+04  -1.5509215e+04
   1.5300000e+02   1.0959168e+05  -2.1295484e+03
   1.5400000e+02   4.6592397e+04   1.2930146e+04
   1.5500000e+02  -1.9433781e+04   3.6732105e+04
   1.5600000e+02  -2.0419698e+04   5.3743237e+04
   1.5700000e+02  -1.0837710e+04   1.1421453e+04
   1.5800000e+02   3.1929683e+04  -2.8707022e+04
   1.5900000e+02   4.9799668e+04  -1.6791898e+04
   1.6000000e+02   3.1360503e+04  -1.1297812e+04
   1.6100000e+02   3.3757330e+04   1.5495073e+04
   1.6200000e+02   2.4114152e+03   6.9071051e+04
   1.6300000e+02  -3.2751472e+04   5.4764578e+04
   1.6400000e+02   1.7493005e+04   1.5022533e+04
   1.6500000e+02   3.9788767e+04   5.9358640e+03
   1.6600000e+02  -1.7052811e+04  -9.5951134e+03
   1.6700000e+02   1.7174353e+03   1.3809116e+03
   1.6800000e+02   6.2266842e+04   4.0262444e+04
   1.6900000e+02   3.2197031e+04   3.0281735e+04
   1.7000000e+02   2.1014006e+03  -1.3624665e+04
   1.7100000e+02   2.1966170e+04  -4.1481410e+04
   1.7200000e+02   1.8394158e+04  -5.8739593e+04
   1.7300000e+02   7.8175237e+03  -1.8957897e+04
   1.7400000e+02   1.1882255e+04   6.3135807e+04
   1.7500000e+02   2.3712060e+04   4.0311874e+04
   1.7600000e+02   3.8766319e+04  -4.2328624e+04
   1.7700000e+02  -2.5634891e+03  -4.3728721e+04
   1.7800000e+02  -6.6539968e+04  -1.8784107e+04
   1.7900000e+02  -1.7896841e+04  -4.9841194e+03
   1.8000000e+02   7.0872804e+04   1.1996759e+04
   1.8100000e+02   2.8353802e+04   2.1640993e+03
   1.8200000e+02  -6.8491263e+04   3.0279403e+03
   1.8300000e+02  -7.1927885e+04   1.1518434e+04
   1.8400000e+02   1.3688284e+04  -3.6559573e+04
   1.8500000e+02   8.4940923e+04  -6.6163574e+04
   1.8600000e+02   3.2573602e+04  -5.4507205e+03
   1.8700000e+02  -4.9918848e+04   3.1325904e+04
   1.8800000e+02  -1.2857800e+04  -1.1706531e+04
   1.8900000e+02   4.0111449e+04  -4.9340986e+04
   1.9000000e+02   2.5893838e+04  -5.3446875e+04
   1.9100000e+02   6.4604742e+03  -1.7563456e+04
   1.9200000e+02  -4.1540636e+04   2.4044351e+04
   1.9300000e+02  -7.6521025e+04  -9.6942152e+03
   1.9400000e+02   5.2581375e+03  -5.3096326e+04
   1.9500000e+02   6.6456097e+04  -3.3850346e+04
   1.9600000e+02  -5.4362493e+03  -1.1128525e+04
   1.9700000e+02  -4.6109955e+04  -8.6700911e+03
   1.9800000e+02  -5.6703649e+03  -2.0805654e+04
   1.9900000e+02   5.8510197e+03  -4.9790862e+04
   2.0000000e+02  -1.1987460e+04  -4.1397320e+04
   2.0100000e+02  -3.4960377e+04   1.4437820e+04
   2.0200000e+02  -3.1970443e+04   3.5215994e+04
   2.0300000e+02   5.0392197e+03   2.2419898e+04
   2.0400000e+02  -9.5688730e+03   1.1337285e+04
   2.0500000e+02  -4.0218467e+04  -4.6428021e+04
   2.0600000e+02  -6.4890628e+02  -7.9777665e+04
   2.0700000e+02   1.6362873e+04   2.0913680e+02
   2.0800000e+02  -3.5709615e+04   7.8472404e+04
   2.0900000e+02  -5.2441886e+04   6.3307193e+04
   2.1000000e+02  -2.1824394e+04  -2.5173653e+04
   2.1100000e+02   6.0119749e+03  -9.5977220e+04
   2.1200000e+02   3.1466803e+04  -2.6781556e+04
   2.1300000e+02   7.7148460e+03   8.3296354e+04
   2.1400000e+02  -4.5865924e+04   4.5436477e+04
   2.1500000e+02  -3.3227141e+04  -5.1584134e+04
   2.1600000e+02  -1.2958800e+04  -4.2098608e+04
   2.1700000e+02  -2.0967660e+04   2.5230583e+04
   2.1800000e+02   8.6303320e+03   6.1654463e+04
   2.1900000e+02   2.1979978e+04   4.4464320e+04
   2.2000000e+02  -1.6921611e+03  -2.3576317e+04
   2.2100000e+02  -3.6524989e+03  -3.5587870e+04
   2.2200000e+02  -2.6553858e+04   3.3714629e+04
   2.2300000e+02  -5.5891534e+04   4.7970930e+04
   2.2400000e+02  -4.9711349e+03   1.2091341e+04
   2.2500000e+02   3.4799553e+04  -7.9118085e+02
   2.2600000e+02  -1.8485938e+04  -2.5754337e+03
   2.2700000e+02  -3.4786346e+04   2.2130232e+04
   2.2800000e+02   1.4376111e+04   3.8408598e+04
   2.2900000e+02   1.7925569e+04  -6.9514397e+03
   2.3000000e+02  -1.9430692e+04  -2.7096072e+04
   2.3100000e+02  -4.1328445e+04   2.7335708e+04
   2.3200000e+02   4.9544400e+03   6.6792473e+04
   2.3300000e+02   9.2465454e+04   5.8494152e+04
   2.3400000e+02   6.4841398e+04   1.1510009e+04
   2.3500000e+02  -4.8257308e+04  -6.1805194e+04
   2.3600000e+02  -5.4248030e+04  -4.0927773e+04
   2.3700000e+02   2.1654558e+04   6.1643414e+04
   2.3800000e+02   5.2662693e+04   6.5629110e+04
   2.3900000e+02   4.6732005e+04   6.8077669e+03
   2.4000000e+02   1.3127341e+04   2.1678126e+02
   2.4100000e+02  -3.7854306e+04   6.9853955e+03
   2.4200000e+02  -2.1955427e+04   7.1705653e+03
   2.4300000e+02   3.1189856e+04   8.0263254e+03
   2.4400000e+02   4.5032271e+04   3.3364171e+02
   2.4500000e+02   4.9618760e+04   1.5460812e+04
   2.4600000e+02   2.3213960e+04   2.9771203e+04
   2.4700000e+02  -2.4429857e+04  -1.7265787e+04
   2.4800000e+02  -7.5141620e+02  -4.2941542e+04
   2.4900000e+02   3.9848159e+04   1.1838565e+04
   2.5000000e+02   2.0055590e+04   2.9042817e+04
   2.5100000e+02  -9.6334105e+03   1.5991347e+03
   2.5200000e+02  -8.9442240e+03   1.7628085e+03
   2.5300000e+02   2.8739336e+04  -1.5468404e+04
   2.5400000e+02   7.7066807e+04  -2.6370191e+04
   2.5500000e+02   5.1933373e+04   2.1767915e+03
   2.5600000e+02  -3.0599352e+04   7.6681270e+03
   2.5700000e+02  -4.6355343e+04   1.2426009e+04
   2.5800000e+02  -7.6037142e+03   3.6315356e+04
   2.5900000e+02   1.2029952e+04   1.1868293e+04
   2.6000000e+02   3.5973622e+04  -3.7950247e+04
   2.6100000e+02   3.8211791e+04  -4.9131970e+04
   2.6200000e+02   2.5890899e+03  -4.2214530e+04
   2.6300000e+02  -3.8966417e+03  -7.7045865e+03
   2.6400000e+02   1.6375432e+03   4.4207240e+04
   2.6500000e+02  -9.4935732e+03   1.6758653e+04
   2.6600000e+02  -2.2323647e+03  -4.2903648e+04
   2.6700000e+02   1.1740786e+04  -4.0172958e+04
   2.6800000e+02   2.2929454e+04  -2.6520743e+04
   2.6900000e+02   4.7959565e+04  -1.3388397e+04
   2.7000000e+02   3.4414952e+04   2.0677885e+03
   2.7100000e+02  -3.0696892e+04  -2.1656846e+04
   2.7200000e+02  -5.4789832e+04  -3.7522765e+04
   2.7300000e+02  -3.4985161e+04  -1.6004728e+04
   2.7400000e+02  -1.4879981e+04  -2.1897145e+03
   2.7500000e+02   2.0259494e+04   2.4375324e+03
   2.7600000e+02   1.7056198e+04  -1.6927858e+03
   2.7700000e+02  -2.4773756e+04  -3.6352015e+04
   2.7800000e+02  -2.3651225e+04  -4.2115887e+04
   2.7900000e+02  -2.6442923e+04   9.7958441e+03
   2.8000000e+02  -5.1555631e+04   2.4496414e+04
   2.8100000e+02  -2.0750370e+04   1.1244220e+03
   2.8200000e+02   2.0334096e+04  -9.6071609e+03
   2.8300000e+02   4.8236419e+03  -3.1857413e+04
   2.8400000e+02  -8.7565375e+03  -1.9772598e+04
   2.8500000e+02  -1.0679854e+03   2.2444790e+04
   2.8600000e+02  -1.1688715e+04   3.0511181e+03
   2.8700000e+02  -2.2351891e+04  -2.9490080e+04
   2.8800000e+02  -4.0618035e+04  -1.6754583e+04
   2.8900000e+02  -5.3345150e+04  -4.6718678e+03
   2.9000000e+02   3.9167492e+03  -1.2016166e+03
   2.9100000e+02   4.3974572e+04  -9.5318556e+03
   2.9200000e+02  -4.1025431e+03  -4.3967794e+04
   2.9300000e+02  -4.2614433e+04  -2.5389727e+04
   2.9400000e+02  -5.0122814e+04   5.2681842e+04
   2.9500000e+02  -4.5317310e+04   5.0776371e+04
   2.9600000e+02  -3.7845902e+03  -1.2704839e+04
   2.9700000e+02   1.9257620e+04  -2.3512631e+04
   2.9800000e+02  -1.0581894e+04  -4.3020150e+03
   2.9900000e+02  -3.7299930e+04   2.3692055e+04
   3.0000000e+02  -4.3039552e+04   3.8792167e+04
   3.0100000e+02  -2.0284189e+04   7.4440876e+03
   3.0200000e+02   4.1916547e+04   3.0227476e+03
   3.0300000e+02   4.2182922e+04   3.1798537e+04
   3.0400000e+02  -4.5448837e+04   6.7929135e+03
   3.0500000e+02  -6.5897312e+04  -2.2062076e+04
   3.0600000e+02  -7.5425385e+03   8.1657636e+03
   3.0700000e+02   2.3785416e+04   1.5180344e+04
   3.0800000e+02   2.2303292e+04  -9.4711913e+03
   3.0900000e+02  -9.4026124e+03   2.5416295e+03
   3.1000000e+02  -3.0504437e+04   1.6779262e+04
   3.1100000e+02   9.6119907e+03   2.6456924e+04
   3.1200000e+02   3.1845148e+04   2.9136225e+04
   3.1300000e+02   8.2992566e+03  -1.8692624e+04
   3.1400000e+02   1.4303297e+04  -1.7945525e+04
   3.1500000e+02   2.5907826e+04   6.5245755e+04
   3.1600000e+02   1.7070668e+04   8.3396821e+04
   3.1700000e+02   4.4093825e+04   1.8915752e+04
   3.1800000e+02   5.4813582e+04  -3.4079532e+04
   3.1900000e+02  -3.4163943e+02  -3.4938882e+04
   3.2000000e+02  -2.6379394e+04   2.2518548e+04
   3.2100000e+02  -8.3133048e+03   6.7914380e+04
   3.2200000e+02   1.3236928e+04   2.2416486e+04
   3.2300000e+02   4.4492437e+04  -2.8466935e+04
   3.2400000e+02   2.9448839e+04  -7.3454570e+01
   3.2500000e+02  -1.9450120e+04   2.9539038e+04
   3.2600000e+02  -9.6799215e+03   3.2180143e+04
   3.2700000e+02   2.4365596e+04   2.3014341e+04
   3.2800000e+02   3.5371609e+04  -2.2834592e+04
   3.2900000e+02   4.6929408e+04  -2.8124985e+04
   3.3000000e+02   2.9651639e+04   2.4555129e+04
   3.3100000e+02  -7.2913244e+03   3.0998917e+04
   3.3200000e+02   1.0891516e+04   1.0171696e+04
   3.3300000e+02   3.5986708e+04   4.7412632e+03
   3.3400000e+02   1.6541968e+04  -1.5229630e+04
   3.3500000e+02   1.6468274e+04  -1.5096789e+04
   3.3600000e+02   1.5476187e+04   1.2735275e+04
   3.3700000e+02  -6.9068158e+03  -1.7110660e+03
   3.3800000e+02   1.7384115e+04  -1.9480833e+04
   3.3900000e+02   3.4298832e+04   7.8268169e+03
   3.4000000e+02  -8.3668727e+03   7.1021203e+03
   3.4100000e+02  -2.6881312e+04  -6.7200560e+03
   3.4200000e+02  -1.1971340e+04  -2.2667546e+03
   3.4300000e+02   1.2589072e+03  -3.4509556e+04
   3.4400000e+02   3.0335879e+04  -3.3829232e+04
   3.4500000e+02   2.7533732e+04   2.4432288e+04
   3.4600000e+02  -1.4351715e+04   1.3882014e+04
   3.4700000e+02  -2.3748080e+03  -3.8820422e+04
   3.4800000e+02   2.1343839e+04  -4.0320800e+04
   3.4900000e+02  -8.8189236e+03  -2.5810214e+04
   3.5000000e+02  -1.6106444e+04  -1.2202898e+04
   3.5100000e+02  -2.0961563e+03   5.0259947e+03
   3.5200000e+02  -7.0437740e+03  -2.3739411e+04
   3.5300000e+02   5.4927120e+03  -5.8171859e+04
   3.5400000e+02   5.9409893e+03  -3.1218590e+04
   3.5500000e+02  -1.5773778e+04  -6.1716589e+03
   3.5600000e+02  -7.6057490e+03  -5.4393118e+02
   3.5700000e+02  -1.2568784e+04   7.3641189e+03
   3.5800000e+02  -5.1312742e+04  -2.6186208e+04
   3.5900000e+02  -4.6947251e+04  -5.0901106e+04
   3.6000000e+02  -1.5003108e+04  -2.1681764e+04
   3.6100000e+02  -1.1863450e+04  -4.4036732e+03
   3.6200000e+02  -6.7576805e+03  -7.2671154e+03
   3.6300000e+02  -7.5464250e+03  -1.3788673e+04
   3.6400000e+02  -2.2683567e+04  -2.7681085e+04
   3.6500000e+02  -6.1443127e+03  -7.1752983e+03
   3.6600000e+02  -6.1274934e+03   3.0671748e+04
   3.6700000e+02  -3.5676019e+04   7.3921728e+03
   3.6800000e+02  -1.6850333e+04  -3.1624869e+04
   3.6900000e+02   5.5091771e+02  -1.9318309e+04
   3.7000000e+02  -2.2894544e+04  -9.7712136e+03
   3.7100000e+02  -1.3974126e+04   5.3011745e+03
   3.7200000e+02  -2.2038982e+03   4.6047935e+04
   3.7300000e+02  -2.4251373e+04   3.3736473e+04
   3.7400000e+02  -6.8062641e+03  -9.0714830e+03
   3.7500000e+02   1.6036103e+04  -2.4669371e+04
   3.7600000e+02  -2.4091400e+04  -3.1344104e+04
   3.7700000e+02  -4.6592501e+04  -9.5572511e+03
   3.7800000e+02  -3.0870659e+04   2.3124887e+04
   3.7900000e+02  -2.2565671e+04   1.3780048e+04
   3.8000000e+02   9.2345589e+03   7.7756175e+03
   3.8100000e+02   3.3552101e+04   2.0489661e+04
   3.8200000e+02   1.1906853e+04  -1.2482042e+04
   3.8300000e+02  -1.4314143e+04  -3.3208959e+04
   3.8400000e+02  -3.8700743e+04   1.9432975e+04
   3.8500000e+02  -3.5061412e+04   4.0004865e+04
   3.8600000e+02   1.7068572e+04   1.8615671e+04
   3.8700000e+02   3.7514521e+04   2.4973813e+04
   3.8800000e+02   1.1269274e+04   2.0389391e+04
   3.8900000e+02   1.1884064e+04   2.0040299e+04
   3.9000000e+02   1.3396212e+04   3.1918940e+04
   3.9100000e+02  -1.6969226e+04   1.7954596e+02
   3.9200000e+02  -6.9466404e+03  -6.3490781e+03
   3.9300000e+02   2.7122145e+04   4.4910337e+04
   3.9400000e+02   1.6872277e+04   5.0380767e+04
   3.9500000e+02   1.8083317e+03   1.4643774e+04
   3.9600000e+02  -2.2566592e+03   7.1927681e+03
   3.9700000e+02   6.8458145e+03   3.0694447e+03
   3.9800000e+02   4.0025311e+04   1.5338154e+04
   3.9900000e+02   2.2432743e+04   5.7078117e+04
   4.0000000e+02  -2.6188450e+04   3.6392840e+04
   4.0100000e+02  -6.5713380e+03  -1.5559905e+04
   4.0200000e+02   2.7137219e+04  -6.5795824e+03
   4.0300000e+02   2.0370518e+04   1.3294922e+04
   4.0400000e+02   2.3314969e+04   2.6798333e+04
   4.0500000e+02   2.0542402e+04   3.1844232e+04
   4.0600000e+02   1.5733190e+03  -1.1650513e+04
   4.0700000e+02   2.5728242e+04  -2.9708887e+04
   4.0800000e+02   4.4606099e+04   1.1092436e+04
   4.0900000e+02   1.2068874e+04   1.3729401e+04
   4.1000000e+02   4.1337368e+03  -1.3740421e+04
   4.1100000e+02   8.0286233e+03  -1.5513027e+03
   4.1200000e+02  -7.2650769e+03   6.6201339e+03
   4.1300000e+02   1.3829002e+04   4.3628047e+03
   4.1400000e+02   3.4122571e+04   2.4022857e+04
   4.1500000e+02   1.7388879e+04   5.5976562e+02
   4.1600000e+02   1.6203732e+04  -3.8492725e+04
   4.1700000e+02   1.0424553e+04  -2.3043641e+04
   4.1800000e+02  -1.5752924e+04  -1.2478419e+04
   4.1900000e+02  -3.6260088e+03  -4.7213002e+03
   4.2000000e+02   2.2261649e+04   1.2534999e+04
   4.2100000e+02   1.8674058e+04  -1.5658207e+04
   4.2200000e+02   1.8021418e+04  -3.8541235e+04
   4.2300000e+02   3.7570587e+03  -2.1482908e+04
   4.2400000e+02  -1.2530990e+04  -2.2284459e+04
   4.2500000e+02   2.1540063e+04  -1.8725276e+04
   4.2600000e+02   2.0815593e+04   1.4204928e+04
   4.2700000e+02  -3.3724750e+04   9.5597973e+03
   4.2800000e+02  -2.8603218e+04  -1.4615587e+04
   4.2900000e+02   5.1143549e+03  -1.8641929e+03
   4.3000000e+02   1.0618773e+04  -1.3972611e+04
   4.3100000e+02   2.4364645e+04  -4.0683498e+04
   4.3200000e+02   1.3911450e+04  -2.3062529e+04
   4.3300000e+02  -3.3886422e+04  -1.5000160e+04
   4.3400000e+02  -3.7810052e+04  -1.4076420e+04
   4.3500000e+02  -4.5801886e+03  -7.7149038e+03
   4.3600000e+02   5.4149824e+03  -3.7765912e+04
   4.3700000e+02   7.1002094e+03  -3.7024751e+04
   4.3800000e+02  -1.2486361e+04   1.0382531e+04
   4.3900000e+02  -4.9364648e+04  -2.2440745e+03
   4.4000000e+02  -3.1675468e+04  -3.9217132e+04
   4.4100000e+02  -2.8091660e+02  -1.0421569e+04
   4.4200000e+02  -6.8411378e+03   1.8416720e+04
   4.4300000e+02  -6.8295599e+03   1.2766828e+04
   4.4400000e+02  -1.6911813e+04   5.5230156e+03
   4.4500000e+02  -3.8180135e+04  -3.3574631e+04
   4.4600000e+02  -1.7975870e+04  -4.7268664e+04
   4.4700000e+02   3.5987780e+03   5.2231981e+03
   4.4800000e+02  -1.1177952e+04   1.4923406e+04
   4.4900000e+02  -1.7545589e+04  -6.8370775e+03
   4.5000000e+02  -1.2944749e+04  -3.3956019e+03
   4.5100000e+02  -9.8725710e+03  -1.4660131e+04
   4.5200000e+02   1.5550781e+04  -8.0802066e+03
   4.5300000e+02   9.2063959e+03   2.0692452e+04
   4.5400000e+02  -4.7074145e+04  -3.8556536e+02
   4.5500000e+02  -4.4869336e+04  -2.4215813e+04
   4.5600000e+02  -1.3823008e+03   1.2369779e+04
   4.5700000e+02   1.3598146e+03   3.4227294e+04
   4.5800000e+02   1.1885720e+03   9.5990532e+03
   4.5900000e+02  -1.1761450e+03  -2.4916050e+03
   4.6000000e+02  -2.1242250e+04  -9.1229095e+03
   4.6100000e+02  -1.7497043e+04  -9.6475703e+02
   4.6200000e+02  -9.1663236e+03   3.6272057e+04
   4.6300000e+02  -1.1913968e+04   3.2520906e+04
   4.6400000e+02   1.1380840e+02   6.1864322e+03
   4.6500000e+02  -3.9876033e+03   1.3878169e+04
   4.6600000e+02  -1.4463710e+04   1.8720737e+04
   4.6700000e+02   1.8764742e+04   1.4575184e+04
   4.6800000e+02   2.5224279e+04   1.2771132e+04
   4.6900000e+02  -1.5115423e+04  -1.9495213e+03
   4.7000000e+02  -6.3575609e+03   1.7582512e+03
   4.7100000e+02   9.6035306e+03   2.7950800e+04
   4.7200000e+02  -1.1806828e+04   1.4169248e+04
   4.7300000e+02   2.2943401e+03  -8.8779240e+03
   4.7400000e+02   2.0926501e+04   1.5653465e+04
   4.7500000e+02   6.4187417e+03   2.4272858e+04
   4.7600000e+02   8.1470265e+03   2.0944058e+04
   4.7700000e+02   4.8858014e+03   3.9616506e+04
   4.7800000e+02  -4.3681337e+03   1.1986167e+04
   4.7900000e+02   2.9897015e+04  -1.3492351e+04
   4.8000000e+02   3.9995703e+04   2.5723268e+04
   4.8100000e+02  -7.6541704e+03   4.0509929e+04
   4.8200000e+02  -8.1002899e+03   1.6525108e+04
   4.8300000e+02   3.0737963e+04  -1.1345992e+02
   4.8400000e+02   3.6474166e+04  -1.5625360e+04
   4.8500000e+02   3.3949498e+04   2.7798015e+03
   4.8600000e+02   8.6515013e+03   4.6067839e+04
   4.8700000e+02  -2.5053022e+04   1.8507259e+04
   4.8800000e+02   4.5459318e+03  -3.4956694e+04
   4.8900000e+02   3.2273609e+04  -9.6995719e+03
   4.9000000e+02   9.5336865e+03   1.7233455e+04
   4.9100000e+02   9.8405816e+02   1.8384729e+03
   4.9200000e+02   1.4004214e+03  -3.2618390e+03
   4.9300000e+02   1.5944813e+03  -1.2512671e+04
   4.9400000e+02   2.9901488e+04   2.7079050e+03
   4.9500000e+02   2.8120762e+04   3.2141628e+04
   4.9600000e+02  -1.0497392e+04  -6.8086624e+03
   4.9700000e+02   4.6561482e+03  -4.1102220e+04
   4.9800000e+02   3.0391389e+04  -7.1848054e+03
   4.9900000e+02   1.2836930e+04   1.3330527e+04
   5.0000000e+02   2.3839514e+04   9.2620412e+03
   5.0100000e+02   2.8244116e+04   9.9057091e+03
   5.0200000e+02  -1.0395614e+04  -2.0202687e+04
   5.0300000e+02   2.8091557e+03  -4.6320633e+04
   5.0400000e+02   3.6425035e+04  -2.0151698e+04
   5.0500000e+02   1.5115643e+04  -3.8849760e+03
   5.0600000e+02   8.1185434e+02  -2.0058975e+03
   5.0700000e+02   9.2121813e+03   5.4157671e+03
   5.0800000e+02   1.6349111e+03  -2.5034079e+04
   5.0900000e+02  -1.7890420e+03  -3.5131614e+04
   5.1000000e+02  -9.7916829e+03  -5.4371389e+03
   5.1100000e+02  -2.4739674e+04  -1.9498562e+04
   5.1200000e+02   4.7185380e+02  -2.9862164e+04
   5.1300000e+02   1.0651713e+04  -6.8903811e+02
   5.1400000e+02  -3.2639420e+04  -7.8613632e+03
   5.1500000e+02  -3.0804707e+04  -2.5966850e+04
   5.1600000e+02   2.3010303e+03  -2.6467427e+03
   5.1700000e+02  -9.6676119e+03  -1.2233104e+03
   5.1800000e+02  -1.9646874e+04  -3.0038413e+04
   5.1900000e+02  -1.0402190e+04  -2.6061189e+04
   5.2000000e+02  -2.0946211e+02  -1.4424902e+04
   5.2100000e+02   1.9833421e+04  -5.9210180e+03
   5.2200000e+02   5.2211152e+03   9.4354615e+03
   5.2300000e+02  -3.8687004e+04  -1.5200779e+04
   5.2400000e+02  -2.9174403e+04  -3.6728897e+04
   5.2500000e+02   5.3093252e+03  -2.1216257e+04
   5.2600000e+02  -5.7901670e+01  -2.6335361e+04
   5.2700000e+02  -1.1623174e+04  -1.2019312e+04
   5.2800000e+02  -2.9725326e+04   3.2526163e+04
   5.2900000e+02  -4.8191450e+04   1.7661347e+04
   5.3000000e+02  -7.2595313e+03  -1.4729464e+04
   5.3100000e+02   1.4384859e+04   6.9840483e+02
   5.3200000e+02  -4.1595895e+04   1.5537933e+03
   5.3300000e+02  -6.3603822e+04  -4.9254634e+03
   5.3400000e+02  -3.6643602e+04   2.0163685e+04
   5.3500000e+02  -1.8834313e+04   1.3450035e+04
   5.3600000e+02   4.3575249e+03  -6.1384440e+03
   5.3700000e+02   6.0821508e+03   2.7712225e+03
   5.3800000e+02  -2.0606740e+04  -1.3894533e+04
   5.3900000e+02  -1.0331635e+04  -1.7483453e+04
   5.4000000e+02   1.0431123e+04   1.9408227e+04
   5.4100000e+02   1.7253265e+03   1.8975444e+04
   5.4200000e+02   8.0429355e+03   1.1985002e+03
   5.4300000e+02   7.7175183e+02   3.7416943e+03
   5.4400000e+02  -2.9606924e+04  -8.2392717e+03
   5.4500000e+02  -1.3490600e+03  -4.3745956e+03
   5.4600000e+02   2.9145121e+04   3.4457456e+04
   5.4700000e+02  -3.6831120e+03   3.4491347e+04
   5.4800000e+02  -2.5445243e+04   7.2707160e+03
   5.4900000e+02  -2.8639803e+04   1.1701257e+04
   5.5000000e+02  -2.9633543e+04   9.4813633e+03
   5.5100000e+02  -4.9873602e+03   1.4483936e+04
   5.5200000e+02   5.8900870e+02   4.4200263e+04
   5.5300000e+02  -8.2975082e+03   2.6347198e+04
   5.5400000e+02   2.8753061e+04   1.8403383e+03
   5.5500000e+02   5.0422653e+04   1.7100070e+04
   5.5600000e+02   1.0295412e+04   1.1654734e+04
   5.5700000e+02  -1.1577693e+03   7.4709752e+03
   5.5800000e+02   2.4915275e+04   2.2254441e+04
   5.5900000e+02   2.1453278e+04   7.5388204e+03
   5.6000000e+02   1.1956925e+04   1.7762226e+03
   5.6100000e+02   9.6864594e+03   2.7427179e+04
   5.6200000e+02   1.5650302e+04   1.7388869e+04
   5.6300000e+02   4.1308256e+04  -5.0041683e+03
   5.6400000e+02   1.8717189e+04   9.9342497e+03
   5.6500000e+02  -2.9531219e+04   1.5043226e+04
   5.6600000e+02   7.0263136e+02   2.3227765e+04
   5.6700000e+02   4.3345203e+04   4.1313833e+04
   5.6800000e+02   2.6450710e+04   5.3974597e+03
   5.6900000e+02   1.6006738e+04  -1.8982851e+04
   5.7000000e+02   1.8604443e+04   8.5806822e+03
   5.7100000e+02   1.0517983e+04   2.8037689e+03
   5.7200000e+02   2.7233947e+04  -1.0375291e+04
   5.7300000e+02   4.3519240e+04   9.4952037e+03
   5.7400000e+02   3.3639386e+04   5.4612916e+03
   5.7500000e+02   2.7763074e+04  -3.3185822e+03
   5.7600000e+02   9.1756532e+02   1.2806603e+04
   5.7700000e+02  -2.2533040e+04  -1.2736527e+04
   5.7800000e+02   1.9679250e+04  -4.4574903e+04
   5.7900000e+02   4.0311870e+04  -5.4469379e+03
   5.8000000e+02  -5.4709117e+03   1.6238914e+04
   5.8100000e+02  -1.9580043e+04  -7.9881027e+03
   5.8200000e+02  -8.0464259e+02  -9.0358577e+03
   5.8300000e+02   5.7957786e+03  -6.2636177e+03
   5.8400000e+02   1.9560952e+04   5.4227308e+03
   5.8500000e+02   7.5704314e+03   1.2397377e+04
   5.8600000e+02  -2.7469803e+04  -3.2101082e+04
   5.8700000e+02  -4.1904388e+03  -4.4008523e+04
   5.8800000e+02   3.3930987e+04  -1.1777980e+03
   5.8900000e+02   2.4879439e+04  -2.7795176e+03
   5.9000000e+02   1.6081159e+04  -1.6095492e+04
   5.9100000e+02  -1.6896087e+03   9.6634741e+03
   5.9200000e+02  -2.6297950e+04  -1.3232616e+04
   5.9300000e+02  -6.8866126e+03  -6.9002737e+04
   5.9400000e+02  -6.7841746e+03  -5.0940565e+04
   5.9500000e+02  -4.9032962e+04  -1.0374847e+04
   5.9600000e+02  -4.7327831e+04  -2.5743896e+03
   5.9700000e+02  -2.0577302e+04  -1.0774120e+04
   5.9800000e+02  -1.2631208e+04  -4.1764264e+04
   5.9900000e+02   9.4242324e+03  -3.4882503e+04
   6.0000000e+02   4.7553133e+03   7.7595348e+03
   6.0100000e+02  -4.7633555e+04  -5.9973082e+03
   6.0200000e+02  -4.7072849e+04  -3.1146300e+04
   6.0300000e+02   1.0130436e+03  -1.7075236e+04
   6.0400000e+02   1.7576997e+04  -8.6389552e+03
   6.0500000e+02   1.3792103e+04   2.1902340e+03
   6.0600000e+02  -1.8948898e+04   1.8395135e+04
   6.0700000e+02  -5.5879236e+04  -9.7831568e+03
   6.0800000e+02  -2.3994227e+04  -3.8867171e+04
   6.0900000e+02   1.1361979e+04  -9.2662670e+03
   6.1000000e+02  -9.7848976e+03   9.9103231e+03
   6.1100000e+02  -2.4396434e+04  -5.0529170e+02
   6.1200000e+02  -2.5087410e+04   3.1941999e+03
   6.1300000e+02  -2.5075592e+04  -8.8819673e+03
   6.1400000e+02   5.5470954e+03  -1.6311117e+04
   6.1500000e+02   1.1259376e+04   1.0688543e+04
   6.1600000e+02  -3.2077051e+04   2.3921815e+04
   6.1700000e+02  -2.7540358e+04   1.8944600e+04
   6.1800000e+02  -1.1856818e+03   9.5979587e+03
   6.1900000e+02  -1.8054945e+04  -5.8559187e+03
   6.2000000e+02  -7.3733609e+03   1.1787988e+03
   6.2100000e+02   1.0955371e+04   2.5546303e+04
   6.2200000e+02  -1.2865956e+04   1.7767505e+04
   6.2300000e+02  -1.4411413e+04  -3.0130551e+03
   6.2400000e+02  -8.0685983e+03   9.8200244e+03
   6.2500000e+02  -1.4475458e+04   1.8936958e+04
   6.2600000e+02   1.1942894e+04   1.7845535e+04
   6.2700000e+02   1.9221733e+04   2.4185574e+04
   6.2800000e+02  -1.0651691e+04  -4.0724733e+02
   6.2900000e+02   1.7895933e+03  -1.1099610e+04
   6.3000000e+02   2.1170492e+04   2.2843090e+04
   6.3100000e+02  -1.7815641e+03   3.3865549e+04
   6.3200000e+02   1.5337010e+03   3.3272883e+04
   6.3300000e+02   1.8850303e+04   3.1587515e+04
   6.3400000e+02   7.5918530e+01  -5.6324140e+02
   6.3500000e+02   1.0770834e+03  -1.9920164e+03
   6.3600000e+02   1.7667724e+04   4.0038749e+04
   6.3700000e+02   1.3269977e+04   3.7574603e+04
   6.3800000e+02   2.1132374e+04   7.9896225e+03
   6.3900000e+02   1.6685696e+04   6.5952783e+03
   6.4000000e+02  -6.1583389e+03  -1.7275216e+03
   6.4100000e+02   1.3555202e+04   1.0450307e+04
   6.4200000e+02   3.4740798e+04   5.0276428e+04
   6.4300000e+02   1.1102923e+04   2.1974462e+04
   6.4400000e+02   1.3180107e+03  -2.4320003e+04
   6.4500000e+02   1.1300695e+04  -6.8067690e+03
   6.4600000e+02   1.3766379e+04   1.5423599e+04
   6.4700000e+02   3.3872412e+04   2.5083944e+04
   6.4800000e+02   3.5653938e+04   1.8794535e+04
   6.4900000e+02  -7.8566995e+02  -2.5477608e+04
   6.5000000e+02  -1.4778995e+03  -3.3951861e+04
   6.5100000e+02   1.5568070e+04   1.7389247e+04
   6.5200000e+02   7.4728176e+03   3.3724311e+04
   6.5300000e+02   1.2315645e+04   1.0053984e+04
   6.5400000e+02   1.0655858e+04  -1.6778655e+03
   6.5500000e+02   2.6724564e+03  -2.1158557e+04
   6.5600000e+02   2.8169365e+04  -1.4554378e+04
   6.5700000e+02   2.0630712e+04   2.1454978e+04
   6.5800000e+02  -2.2562831e+04  -6.4391802e+03
   6.5900000e+02  -4.4451663e+03  -3.6746165e+04
   6.6000000e+02   2.9113826e+04  -9.1915500e+02
   6.6100000e+02   1.7992253e+04   9.1337318e+03
   6.6200000e+02   1.6109981e+04  -4.1714048e+03
   6.6300000e+02   7.2650872e+03  -4.8186630e+03
   6.6400000e+02  -1.3964475e+04  -3.4254246e+04
   6.6500000e+02   1.2152347e+04  -3.7421044e+04
   6.6600000e+02   2.3361972e+04   1.6501233e+04
   6.6700000e+02  -8.3213936e+03   1.7426407e+04
   6.6800000e+02   3.7828248e+03  -3.3785248e+04
   6.6900000e+02   2.4260335e+04  -4.6679031e+04
   6.7000000e+02  -1.5923812e+03  -4.1656530e+04
   6.7100000e+02  -1.8912433e+04  -2.3399709e+04
   6.7200000e+02  -2.1209688e+04   8.4388275e+03
   6.7300000e+02  -2.2426286e+04  -8.9155284e+03
   6.7400000e+02   3.8068136e+03  -3.1192148e+04
   6.7500000e+02   1.6088882e+04  -2.0350479e+04
   6.7600000e+02  -1.3485710e+04  -2.9887885e+04
   6.7700000e+02  -2.5003813e+04  -2.1606404e+04
   6.7800000e+02  -2.6967262e+04   1.6289609e+04
   6.7900000e+02  -3.9681369e+04   3.1691344e+03
   6.8000000e+02  -1.2093033e+04  -2.7149401e+04
   6.8100000e+02   1.4497077e+04  -1.4890119e+04
   6.8200000e+02  -4.0789234e+03  -1.3697070e+04
   6.8300000e+02  -8.7095576e+03  -1.8906156e+04
   6.8400000e+02  -1.0106131e+04   4.5124928e+03
   6.8500000e+02  -2.4889714e+04  -5.6845617e+03
   6.8600000e+02  -4.4933562e+03  -2.3427206e+04
   6.8700000e+02   9.4081090e+03   5.5081412e+02
   6.8800000e+02  -1.5516022e+04  -9.5397739e+03
   6.8900000e+02  -1.9588710e+04  -3.1087735e+04
   6.9000000e+02  -1.9893287e+04  -8.2564708e+03
   6.9100000e+02  -3.3882388e+04   3.6098510e+03
   6.9200000e+02  -1.3275691e+04   9.5491127e+03
   6.9300000e+02  -9.2792174e+03   1.9123815e+04
   6.9400000e+02  -3.9290861e+04  -1.1426809e+04
   6.9500000e+02  -1.6293179e+04  -2.7083479e+04
   6.9600000e+02   1.2461325e+04   1.7802404e+04
   6.9700000e+02  -1.5997195e+04   3.8970151e+04
   6.9800000e+02  -3.8281440e+04   1.6106136e+04
   6.9900000e+02  -3.7721739e+04   6.1278900e+03
   7.0000000e+02  -1.3053759e+04  -2.2659479e+03
   7.0100000e+02   4.2139883e+04   9.3168238e+03
   7.0200000e+02   3.3204027e+04   3.9099608e+04
   7.0300000e+02  -4.4712333e+04   1.3557930e+04
   7.0400000e+02  -4.8443839e+04  -8.1269914e+03
   7.0500000e+02   1.1065088e+04   1.8375618e+04
   7.0600000e+02   2.4022868e+04   1.0744621e+04
   7.0700000e+02   1.8989430e+04  -1.4999339e+03
   7.0800000e+02   1.2362477e+04   2.3619592e+04
   7.0900000e+02  -1.5469224e+04   2.5755218e+04
   7.1000000e+02  -6.6604155e+03   1.9235594e+04
   7.1100000e+02   2.0588383e+04   3.3128707e+04
   7.1200000e+02   1.1458502e+04   1.6353855e+04
   7.1300000e+02   8.7854120e+01  -2.6604490e+03
   7.1400000e+02  -6.8554589e+03   2.2698805e+04
   7.1500000e+02  -7.6111680e+03   2.3104167e+04
   7.1600000e+02   2.0109019e+04   4.0264969e+03
   7.1700000e+02   2.6001259e+04   1.3208643e+04
   7.1800000e+02  -7.9615293e+03   6.3103984e+03
   7.1900000e+02  -2.4674386e+04   7.9651079e+03
   7.2000000e+02  -2.0745251e+04   2.7400895e+04
   7.2100000e+02   5.8980523e+03   2.7258937e+03
   7.2200000e+02   6.5556868e+04  -7.0040365e+03
   7.2300000e+02   6.5801590e+04   2.9847470e+04
   7.2400000e+02  -6.3376282e+03   3.3035956e+04
   7.2500000e+02  -2.2865379e+04   1.5677685e+04
   7.2600000e+02   1.3970775e+04   1.5363898e+04
   7.2700000e+02   3.2089315e+04  -8.1863348e+03
   7.2800000e+02   3.7461751e+04  -2.1339559e+04
   7.2900000e+02   1.5649882e+04   1.5425082e+04
   7.3000000e+02  -8.8591764e+03   1.8318115e+04
   7.3100000e+02   2.3439970e+04  -1.2934747e+04
   7.3200000e+02   5.0886101e+04  -1.8245082e+04
   7.3300000e+02   1.9313725e+04  -2.8366564e+04
   7.3400000e+02  -9.4983474e+03  -1.4343915e+04
   7.3500000e+02  -1.3932259e+04   2.7214740e+04
   7.3600000e+02   3.0339170e+03   8.0765692e+03
   7.3700000e+02   5.4951555e+04  -2.9889008e+04
   7.3800000e+02   5.1852161e+04  -2.1235693e+04
   7.3900000e+02  -2.5901493e+04  -4.1161533e+03
   7.4000000e+02  -3.6130241e+04   1.4073155e+04
   7.4100000e+02   1.7196579e+04   1.9051099e+04
   7.4200000e+02   3.3392295e+04  -2.1941543e+04
   7.4300000e+02   2.5778561e+04  -3.0002626e+04
   7.4400000e+02   3.7033663e+03   1.9729086e+04
   7.4500000e+02  -2.1383633e+04   6.5958965e+03
   7.4600000e+02  -3.7765286e+03  -3.8793573e+04
   7.4700000e+02   1.4908393e+04  -2.0789337e+04
   7.4800000e+02  -4.6581322e+02  -5.9529763e+03
   7.4900000e+02  -1.8271536e+03  -1.1571957e+04
   7.5000000e+02  -2.8716529e+03  -1.3568620e+04
   7.5100000e+02  -2.0404016e+04  -3.6421532e+04
   7.5200000e+02   3.1759697e+03  -3.0857672e+04
   7.5300000e+02   2.4906716e+04   2.9958025e+03
   7.5400000e+02  -6.3241935e+03  -3.5354861e+03
   7.5500000e+02  -1.2293973e+04  -1.3307866e+04
   7.5600000e+02  -1.6849772e+03   3.4160081e+03
   7.5700000e+02  -1.9674813e+04  -1.0670620e+04
   7.5800000e+02  -7.7314024e+03  -3.1518256e+04
   7.5900000e+02   1.5355572e+04  -7.5981591e+03
   7.6000000e+02   1.5959317e+03   4.5713260e+02
   7.6100000e+02  -1.1758685e+04  -1.3277999e+04
   7.6200000e+02  -2.9795747e+04  -7.9219786e+03
   7.6300000e+02  -4.5600728e+04  -2.6390978e+04
   7.6400000e+02  -1.5392942e+04  -3.6465344e+04
   7.6500000e+02  -1.2498415e+04  -2.4396124e+03
   7.6600000e+02  -5.7380296e+04  -1.9365033e+03
   7.6700000e+02  -3.2002571e+04  -1.8505958e+04
   7.6800000e+02   2.1075075e+04   3.2536797e+03
   7.6900000e+02   1.2638100e+03   1.1410675e+04
   7.7000000e+02  -3.1118345e+04  -4.3308592e+03
   7.7100000e+02  -4.6473691e+04  -2.6891534e+03
   7.7200000e+02  -3.6885019e+04  -5.5361724e+03
   7.7300000e+02   1.9006045e+04  -6.0587787e+03
   7.7400000e+02   2.8585367e+04   1.6013951e+04
   7.7500000e+02  -2.0129286e+04  -1.6914856e+03
   7.7600000e+02  -2.5926806e+04  -3.3684503e+04
   7.7700000e+02  -1.2947392e+04  -1.1284887e+04
   7.7800000e+02  -1.5699275e+04   8.5567200e+03
   7.7900000e+02   6.0164431e+03   1.7243720e+04
   7.8000000e+02   3.7887538e+03   3.0924123e+04
   7.8100000e+02  -4.0841208e+04   1.4255265e+03
   7.8200000e+02  -2.8696354e+04  -2.3759901e+04
   7.8300000e+02   1.0297623e+04   6.5162937e+03
   7.8400000e+02  -9.8574809e+03   3.5428875e+04
   7.8500000e+02  -2.6499151e+04   3.5282467e+04
   7.8600000e+02  -1.5257590e+04   1.8258726e+04
   7.8700000e+02  -1.3681220e+04  -1.1013817e+04
   7.8800000e+02  -6.5416180e+02  -6.5473274e+02
   7.8900000e+02   5.8387931e+03   4.9770651e+04
   7.9000000e+02  -2.3027608e+03   3.4405724e+04
   7.9100000e+02   1.9936755e+04  -1.6702543e+04
   7.9200000e+02   3.9914526e+04  -6.3570270e+03
   7.9300000e+02   2.4257559e+04   1.5742493e+04
   7.9400000e+02   1.2289542e+04   3.4891499e+04
   7.9500000e+02   6.0834411e+02   4.7589895e+04
   7.9600000e+02  -8.2995915e+03   1.5602125e+03
   7.9700000e+02   2.3218142e+04  -1.7335364e+04
   7.9800000e+02   3.3588261e+04   2.5860423e+04
   7.9900000e+02  -6.5586055e+03   2.2189194e+04
   8.0000000e+02  -9.1165175e+03  -6.2035193e+03
   8.0100000e+02   1.2410475e+04   8.4940417e+03
   8.0200000e+02   1.0144802e+04   1.8004956e+04
   8.0300000e+02   1.7218989e+04   1.8076042e+04
   8.0400000e+02   1.2230884e+04   3.1022446e+04
   8.0500000e+02  -3.2548789e+03   8.8404217e+03
   8.0600000e+02   2.5089828e+04  -1.0589889e+04
   8.0700000e+02   4.4999715e+04   1.7206580e+04
   8.0800000e+02   2.2318131e+04   1.5261812e+04
   8.0900000e+02   1.9881312e+04   3.4818013e+03
   8.1000000e+02   1.8273935e+04   2.9585009e+04
   8.1100000e+02  -1.6190097e+03   2.2526706e+04
   8.1200000e+02   2.5103042e+04  -8.1396080e+03
   8.1300000e+02   4.4770509e+04  -1.0453844e+04
   8.1400000e+02   1.9458456e+03  -9.9140099e+03
   8.1500000e+02  -4.6236805e+03  -4.1186297e+02
   8.1600000e+02   2.2428794e+04   1.6837530e+04
   8.1700000e+02   1.5141209e+04  -4.3565282e+03
   8.1800000e+02   1.9978817e+04  -2.4551343e+04
   8.1900000e+02   3.0834126e+04  -3.9204182e+03
   8.2000000e+02   1.2286654e+04  -3.1465097e+03
   8.2100000e+02   5.8402321e+03  -1.1565643e+04
   8.2200000e+02   8.6092279e+02   6.2896460e+02
   8.2300000e+02  -1.2635281e+04  -1.8975878e+04
   8.2400000e+02   1.0833658e+04  -3.2262524e+04
   8.2500000e+02   2.4007627e+04  -1.1221086e+04
   8.2600000e+02  -5.5727222e+03  -1.8495715e+04
   8.2700000e+02  -7.5001989e+03  -1.6646025e+04
   8.2800000e+02  -4.4974152e+03   1.2808884e+04
   8.2900000e+02  -2.1895582e+04  -6.6492528e+02
   8.3000000e+02  -1.2449388e+03  -2.3156574e+04
   8.3100000e+02   4.4689116e+03  -1.1283792e+04
   8.3200000e+02  -2.8221661e+04  -2.3264250e+04
   8.3300000e+02  -9.8049958e+03  -4.1400338e+04
   8.3400000e+02   1.6191911e+04  -1.2910552e+04
   8.3500000e+02  -1.3840066e+04   7.3722117e+02
   8.3600000e+02  -3.2485883e+04  -1.1392918e+04
   8.3700000e+02  -1.7676469e+04  -1.5053459e+04
   8.3800000e+02  -3.4110366e+03  -4.2096842e+04
   8.3900000e+02   7.5953693e+03  -4.1953477e+04
   8.4000000e+02  -4.2332668e+03   1.4733229e+03
   8.4100000e+02  -3.0855900e+04  -1.3101794e+04
   8.4200000e+02  -2.6212228e+04  -4.5016527e+04
   8.4300000e+02  -2.2053288e+04  -2.0692356e+04
   8.4400000e+02  -2.9563320e+04  -1.5374679e+03
   8.4500000e+02  -2.4590730e+03   2.7530460e+03
   8.4600000e+02  -2.7268198e+03   1.6618585e+04
   8.4700000e+02  -4.2914372e+04  -3.6067167e+03
   8.4800000e+02  -1.8818832e+04  -2.7513909e+04
   8.4900000e+02   2.4526907e+04  -3.8201835e+03
   8.5000000e+02   6.8718423e+03   4.3016097e+03
   8.5100000e+02  -1.7200321e+04  -1.5124303e+03
   8.5200000e+02  -2.7787918e+04   1.8193006e+04
   8.5300000e+02  -2.5955021e+04   1.6798876e+03
   8.5400000e+02   1.0812680e+04  -2.1441902e+04
   8.5500000e+02   1.6635043e+04   3.3550502e+03
   8.5600000e+02  -2.6503385e+04   6.1966013e+03
   8.5700000e+02  -3.1825318e+04  -6.5249329e+03
   8.5800000e+02  -1.8975913e+04   7.1880147e+03
   8.5900000e+02  -2.6423185e+04   3.7098777e+03
   8.6000000e+02  -1.4188211e+04  -2.7705766e+02
   8.6100000e+02  -1.1692843e+04   1.9351807e+04
   8.6200000e+02  -2.3210271e+04   6.0082773e+03
   8.6300000e+02  -4.8309265e+03  -7.8747359e+03
   8.6400000e+02  -3.1383466e+03   2.4350242e+04
   8.6500000e+02  -1.0632706e+04   2.2144510e+04
   8.6600000e+02   2.1645653e+04   1.0180540e+02
   8.6700000e+02   2.2953360e+04   2.2437886e+04
   8.6800000e+02  -1.3869870e+04   2.5433209e+04
   8.6900000e+02  -1.5252504e+02   1.9931043e+04
   8.7000000e+02   2.3734255e+04   3.9823695e+04
   8.7100000e+02   4.2208919e+03   2.2740677e+04
   8.7200000e+02  -3.7794621e+03   4.7319734e+03
   8.7300000e+02  -8.6378332e+03   2.5953249e+04
   8.7400000e+02  -2.1937598e+04   2.3170001e+04
   8.7500000e+02   1.0717587e+04   1.3452794e+04
   8.7600000e+02   3.6932118e+04   2.6996441e+04
   8.7700000e+02   1.2979585e+04   6.6492034e+03
   8.7800000e+02   7.1961983e+03  -1.6805973e+04
   8.7900000e+02   1.5148217e+04   1.1458360e+04
   8.8000000e+02   1.3126551e+04   1.9794961e+04
   8.8100000e+02   3.0508557e+04   4.4188861e+03
   8.8200000e+02   3.2703182e+04   1.6650873e+04
   8.8300000e+02   7.9269440e+03   1.5784639e+04
   8.8400000e+02   9.6519106e+03   1.5643685e+04
   8.8500000e+02   9.7423072e+03   3.2300671e+04
   8.8600000e+02  -3.1773166e+03   1.4204635e+04
   8.8700000e+02   2.9519289e+04   3.3733527e+02
   8.8800000e+02   4.8764628e+04   1.7083784e+04
   8.8900000e+02   9.9180804e+03   1.0882399e+04
   8.9000000e+02  -3.9523520e+03   3.3107416e+03
   8.9100000e+02   4.9588879e+03   1.7355073e+04
   8.9200000e+02   1.0448802e+04  -2.9582600e+02
   8.9300000e+02   3.2302182e+04  -2.5246080e+04
   8.9400000e+02   2.0399399e+04  -7.9296032e+03
   8.9500000e+02  -1.0402057e+04  -6.6725308e+03
   8.9600000e+02   1.2606689e+04  -1.5380670e+04
   8.9700000e+02   3.1565548e+04   8.3269918e+03
   8.9800000e+02  -8.0474711e+02  -4.1682763e+03
   8.9900000e+02  -2.1452669e+04  -3.4134785e+04
   9.0000000e+02  -1.7714297e+04  -1.3836030e+04
   9.0100000e+02  -2.8758266e+03   5.5113562e+03
   9.0200000e+02   4.1090658e+04   6.4254782e+03
   9.0300000e+02   5.0385491e+04  -3.7595870e+01
   9.0400000e+02  -1.7305792e+02  -3.1595939e+04
   9.0500000e+02  -1.7340817e+04  -3.3536231e+04
   9.0600000e+02  -6.7748394e+03   9.5875814e+03
   9.0700000e+02  -4.5916565e+03   1.0860600e+04
   9.0800000e+02   2.0120783e+04  -2.1820824e+04
   9.0900000e+02   2.0837546e+04  -3.0688830e+04
   9.1000000e+02  -1.0009566e+04  -4.1580558e+04
   9.1100000e+02  -3.5831743e+03  -2.9266503e+04
   9.1200000e+02  -9.6973134e+02   1.3368611e+04
   9.1300000e+02  -2.5376746e+04  -2.7981959e+03
   9.1400000e+02  -1.2316569e+04  -3.6218428e+04
   9.1500000e+02  -1.5018735e+03  -2.1574794e+04
   9.1600000e+02  -2.6392928e+04  -2.1727466e+04
   9.1700000e+02  -1.0338036e+04  -2.8936916e+04
   9.1800000e+02   1.4255145e+04  -8.6333846e+03
   9.1900000e+02  -1.0598350e+04  -8.7955635e+03
   9.2000000e+02  -2.2254429e+04  -2.7319019e+04
   9.2100000e+02  -2.9387801e+04  -2.7706631e+04
   9.2200000e+02  -4.3186280e+04  -1.9698395e+04
   9.2300000e+02  -4.5224766e+03   6.0121100e+03
   9.2400000e+02   1.8929799e+04   2.6582205e+04
   9.2500000e+02  -1.6172432e+04  -1.9790787e+04
   9.2600000e+02  -2.0724047e+04  -5.0507957e+04
   9.2700000e+02  -1.9751090e+03  -2.9296802e+02
   9.2800000e+02  -1.6369664e+03   2.1259630e+04
   9.2900000e+02   6.9106029e+03   5.5884714e+03
   9.3000000e+02  -1.1564534e+04   4.7795502e+03
   9.3100000e+02  -5.4587873e+04  -1.8262926e+04
   9.3200000e+02  -3.0851355e+04  -2.3060541e+04
   9.3300000e+02   1.5544309e+04   1.3968835e+04
   9.3400000e+02   6.2417651e+03   1.4036832e+04
   9.3500000e+02  -1.4551806e+04  -4.1221431e+03
   9.3600000e+02  -4.2477097e+04   7.6636571e+03
   9.3700000e+02  -5.7189270e+04   5.9511554e+03
   9.3800000e+02  -4.4813318e+02   5.7266205e+03
   9.3900000e+02   3.4935132e+04   3.0097331e+04
   9.4000000e+02  -4.6203470e+03   1.1959918e+04
   9.4100000e+02  -2.0555654e+04  -1.1358357e+04
   9.4200000e+02  -1.0337750e+04   1.6503741e+04
   9.4300000e+02  -1.0855913e+04   2.2545050e+04
   9.4400000e+02   1.4032651e+04   2.0684568e+04
   9.4500000e+02   2.2347784e+04   3.6469372e+04
   9.4600000e+02  -1.7116145e+04   4.4094474e+03
   9.4700000e+02  -2.0076074e+04  -1.8124177e+04
   9.4800000e+02   5.8054537e+03   2.2916905e+04
   9.4900000e+02   4.3297233e+03   3.7078003e+04
   9.5000000e+02   9.4373787e+03   9.9659537e+03
   9.5100000e+02   2.2516695e+03   4.2666888e+03
   9.5200000e+02  -2.6293444e+04   7.5035763e+03
   9.5300000e+02  -1.1631136e+04   1.4692258e+04
   9.5400000e+02   7.9131774e+03   3.0924376e+04
   9.5500000e+02  -3.7947016e+03   8.3350084e+03
   9.5600000e+02   4.8997705e+03  -9.8122721e+03
   9.5700000e+02   1.1238667e+04   2.3875302e+04
   9.5800000e+02   4.4517110e+03   2.7827173e+04
   9.5900000e+02   3.4289957e+04   1.1994423e+04
   9.6000000e+02   4.2678733e+04   2.2650186e+04
   9.6100000e+02  -1.1729915e+03   6.8161233e+03
   9.6200000e+02  -2.8795304e+03  -3.8474710e+03
   9.6300000e+02   2.2924887e+04   2.6673192e+04
   9.6400000e+02   2.1736866e+04   2.5263705e+04
   9.6500000e+02   3.5072860e+04   1.0871540e+02
   9.6600000e+02   3.2001117e+04   6.0272142e+03
   9.6700000e+02  -9.7184818e+03   3.2437939e+03
   9.6800000e+02  -1.8497461e+04  -9.3696538e+03
   9.6900000e+02  -6.0859702e+03   2.1866727e+03
   9.7000000e+02   4.1412954e+03  -6.1787730e+03
   9.7100000e+02   3.4428358e+04  -1.2659910e+04
   9.7200000e+02   3.0422571e+04   1.2336161e+04
   9.7300000e+02  -1.1957548e+04  -1.7666861e+03
   9.7400000e+02  -1.6035800e+03  -1.7223942e+04
   9.7500000e+02   3.6428487e+04   6.3467851e+03
   9.7600000e+02   3.4298758e+04  -6.9545161e+03
   9.7700000e+02   2.6319419e+04  -2.2580994e+04
   9.7800000e+02   1.2810241e+04   7.4083842e+03
   9.7900000e+02  -9.7261282e+03   1.5736183e+04
   9.8000000e+02   1.0402414e+04  -1.8543286e+03
   9.8100000e+02   2.9770416e+04  -3.7131240e+03
   9.8200000e+02   1.5225842e+04  -6.7175377e+03
   9.8300000e+02   1.4613361e+04  -4.9508113e+03
   9.8400000e+02   3.2993340e+02   5.7163538e+03
   9.8500000e+02  -2.3200635e+04  -2.4885643e+04
   9.8600000e+02   2.9661888e+03  -5.0663812e+04
   9.8700000e+02   2.2561971e+04  -1.1455867e+04
   9.8800000e+02   1.3645064e+03   1.3346155e+04
   9.8900000e+02   1.3983794e+03   3.1858742e+03
   9.9000000e+02   5.7945167e+03  -1.1193231e+04
   9.9100000e+02  -1.0536556e+04  -4.8388799e+04
   9.9200000e+02  -1.7440148e+03  -4.7131549e+04
   9.9300000e+02   3.0337477e+03   6.4314782e+03
   9.9400000e+02  -1.4928583e+04   1.5963186e+04
   9.9500000e+02   6.3370870e+02  -3.5304661e+03
   9.9600000e+02   6.5266508e+03  -4.7010669e+03
   9.9700000e+02  -1.7578984e+04  -2.6864771e+04
   9.9800000e+02  -2.4174147e+03  -3.6344222e+04
   9.9900000e+02   2.8248347e+03   5.3150434e+03
   1.0000000e+03  -2.7998364e+04   7.9601457e+03
   1.0010000e+03  -1.1853056e+04  -2.9860902e+04
   1.0020000e+03   6.9008989e+03  -2.6859093e+04
   1.0030000e+03  -2.9681897e+04  -1.4324467e+04
   1.0040000e+03  -4.0438190e+04  -7.2037369e+03
   1.0050000e+03  -1.8086741e+04   1.0909306e+03
   1.0060000e+03  -1.4114906e+04  -2.4419600e+04
   1.0070000e+03  -1.9350903e+03  -2.9852443e+04
   1.0080000e+03  -6.2653104e+03   7.5266450e+03
   1.0090000e+03  -4.1509624e+04   8.0085630e+03
   1.0100000e+03  -2.8943234e+04  -8.3565357e+03
   1.0110000e+03   3.7713334e+03   2.1361184e+03
   1.0120000e+03  -2.5883324e+03  -5.4181290e+03
   1.0130000e+03  -7.7591854e+03  -1.8519040e+03
   1.0140000e+03  -1.6737137e+04   3.0322222e+04
   1.0150000e+03  -3.2350540e+04  -7.2380868e+02
   1.0160000e+03  -1.1110151e+04  -4.1382243e+04
   1.0170000e+03   1.6193386e+03  -7.3957063e+03
   1.0180000e+03  -2.5111266e+04   9.0743773e+03
   1.0190000e+03  -2.5916056e+04   1.9979735e+03
   1.0200000e+03  -1.0290161e+04   1.7675429e+04
   1.0210000e+03  -2.2246122e+04   4.7814455e+03
   1.0220000e+03  -2.1414928e+04  -9.8293372e+03
   1.0230000e+03  -1.5206431e+04   9.4799272e+03
   1.0240000e+03  -2.4087528e+04   1.7524717e+04
   1.0250000e+03  -1.3790960e+03   2.2410233e+04
   1.0260000e+03   1.5745966e+04   3.1103996e+04
   1.0270000e+03   2.2598118e+03   6.2650416e+03
   1.0280000e+03   1.4187593e+04  -5.0754326e+03
   1.0290000e+03   3.3423448e+03   3.2793240e+04
   1.0300000e+03  -3.6417708e+04   2.8893136e+04
   1.0310000e+03  -2.6250619e+03  -1.0884746e+04
   1.0320000e+03   4.8290541e+04   1.6795691e+03
   1.0330000e+03   2.3359006e+04   1.8356132e+04
   1.0340000e+03  -6.4255788e+03   1.4294827e+04
   1.0350000e+03  -5.2987164e+03   2.5791973e+04
   1.0360000e+03  -6.1149993e+03   2.0435418e+04
   1.0370000e+03   7.6739771e+03   1.1931453e+04
   1.0380000e+03   1.4218257e+04   2.8097836e+04
   1.0390000e+03   3.5335957e+03   2.9287024e+04
   1.0400000e+03   2.4610287e+04   2.2073409e+04
   1.0410000e+03   3.1846114e+04   2.3222682e+04
   1.0420000e+03   8.9647517e+02   5.3095121e+03
   1.0430000e+03   7.6522447e+03  -1.0447331e+03
   1.0440000e+03   2.6544580e+04   1.9438408e+04
   1.0450000e+03   1.9467138e+04   4.0413286e+03
   1.0460000e+03   3.7393685e+04  -1.2686113e+04
   1.0470000e+03   4.7152497e+04   1.1794322e+04
   1.0480000e+03   7.6033207e+03   4.5082506e+03
   1.0490000e+03  -8.5536589e+03  -9.0616075e+03
   1.0500000e+03   1.1357733e+04   1.8270121e+04
   1.0510000e+03   1.9974339e+04   1.6629337e+04
   1.0520000e+03   2.9245019e+04   1.0073962e+03
   1.0530000e+03   2.0548561e+04   1.8224808e+04
   1.0540000e+03  -9.1432198e+03   1.9759025e+04
   1.0550000e+03   5.5096528e+02   4.8085109e+03
   1.0560000e+03   1.9162357e+04   1.8934602e+03
   1.0570000e+03   1.6407817e+04  -8.4346992e+03
   1.0580000e+03   2.8720168e+04  -2.0744703e+03
   1.0590000e+03   1.5411714e+04   1.6181515e+04
   1.0600000e+03  -1.9710244e+04  -2.1140580e+04
   1.0610000e+03   5.2186161e+03  -4.9923249e+04
   1.0620000e+03   4.0203941e+04  -1.5833497e+04
   1.0630000e+03   1.8818566e+04  -1.0244309e+04
   1.0640000e+03   5.3562012e+02  -1.9740488e+04
   1.0650000e+03  -3.6459997e+03  -3.8153761e+03
   1.0660000e+03  -1.8919936e+04  -1.4128707e+04
   1.0670000e+03   3.9240646e+02  -1.6558826e+04
   1.0680000e+03   2.4355752e+04   2.0670634e+03
   1.0690000e+03  -1.2502545e+02  -1.5009643e+04
   1.0700000e+03  -1.4933075e+04  -2.4525398e+04
   1.0710000e+03  -1.0829123e+04  -2.2388329e+03
   1.0720000e+03  -9.0778447e+03  -5.3437624e+03
   1.0730000e+03   1.2516874e+04  -1.2507105e+04
   1.0740000e+03   6.6027283e+03  -9.5990528e+03
   1.0750000e+03  -2.3260834e+04  -4.6982635e+04
   1.0760000e+03  -4.8419464e+02  -5.7412632e+04
   1.0770000e+03   1.6218091e+04  -1.6543631e+03
   1.0780000e+03  -2.5177591e+04   1.5899646e+03
   1.0790000e+03  -4.2515605e+04  -3.7377901e+04
   1.0800000e+03  -2.4942600e+04  -3.3066066e+04
   1.0810000e+03  -1.0217547e+04  -2.4064072e+04
   1.0820000e+03   1.4757347e+04  -1.1593588e+04
   1.0830000e+03  -5.7434216e+02   1.9041269e+04
   1.0840000e+03  -5.3732167e+04   1.1377354e+04
   1.0850000e+03  -3.3618780e+04  -1.4893363e+04
   1.0860000e+03   1.7457200e+04  -1.2367318e+04
   1.0870000e+03   6.5567497e+03  -1.7381660e+04
   1.0880000e+03  -1.5250172e+04  -1.9713186e+04
   1.0890000e+03  -2.3327881e+04   6.2921845e+03
   1.0900000e+03  -3.1049949e+04  -1.2816423e+03
   1.0910000e+03  -1.9692876e+04  -1.9375157e+04
   1.0920000e+03  -2.0042768e+04   1.3985023e+03
   1.0930000e+03  -3.5139065e+04  -2.8517657e+03
   1.0940000e+03  -1.1808045e+04  -7.1766842e+03
   1.0950000e+03   4.0899083e+03   2.4175245e+04
   1.0960000e+03  -3.3186663e+04   8.4256701e+03
   1.0970000e+03  -4.1272966e+04  -2.2822086e+04
   1.0980000e+03  -1.0347026e+04   6.4515838e+03
   1.0990000e+03   1.7474849e+03   3.4108989e+04
   1.1000000e+03   2.1935289e+04   2.2210354e+04
   1.1010000e+03   2.3821122e+04   2.8904916e+03
   1.1020000e+03  -2.0880035e+04  -1.9078734e+04
   1.1030000e+03  -2.9188437e+04  -8.3807409e+03
   1.1040000e+03  -7.8348504e+03   3.9952926e+04
   1.1050000e+03  -7.4985877e+03   3.1797295e+04
   1.1060000e+03   7.5520796e+03  -5.4540239e+03
   1.1070000e+03   1.5221176e+04   1.4144623e+04
   1.1080000e+03  -7.5654758e+03   2.5692029e+04
   1.1090000e+03  -5.7600433e+03   1.8550963e+04
   1.1100000e+03  -3.0003270e+03   3.2700350e+04
   1.1110000e+03  -2.4881615e+04   1.6451482e+04
   1.1120000e+03  -9.2996942e+03  -5.0559649e+03
   1.1130000e+03   1.8405984e+04   1.5041696e+04
   1.1140000e+03   1.4805056e+04   2.7977061e+04
   1.1150000e+03   2.0900867e+04   3.0079688e+04
   1.1160000e+03   1.3093884e+04   3.3648956e+04
   1.1170000e+03  -1.0300417e+04   4.1650938e+03
   1.1180000e+03   1.5241917e+04  -1.4171019e+04
   1.1190000e+03   3.4900987e+04   1.9634106e+04
   1.1200000e+03   7.3607615e+03   2.8852266e+04
   1.1210000e+03   4.8928809e+03   1.2666863e+04
   1.1220000e+03   2.3545996e+04   2.0099560e+04
   1.1230000e+03   2.4921459e+04   7.1028538e+03
   1.1240000e+03   2.6634337e+04  -1.1501589e+03
   1.1250000e+03   1.1288153e+04   2.2100493e+04
   1.1260000e+03  -1.0659456e+04   7.7089086e+03
   1.1270000e+03   1.4824003e+04  -9.5244694e+03
   1.1280000e+03   3.2943769e+04   1.0907004e+04
   1.1290000e+03   6.4115200e+03   3.8573049e+03
   1.1300000e+03   9.4653994e+03  -1.0870024e+04
   1.1310000e+03   2.0972296e+04   1.1587046e+04
   1.1320000e+03  -2.2193123e+03   1.5463272e+04
   1.1330000e+03   1.1631980e+03  -1.9237494e+03
   1.1340000e+03   2.4114182e+04  -2.2058475e+02
   1.1350000e+03   2.8229615e+04  -1.0783022e+04
   1.1360000e+03   3.4444528e+04  -1.2400791e+04
   1.1370000e+03   1.5803128e+04   1.4441438e+04
   1.1380000e+03  -1.1495430e+04  -4.1350502e+03
   1.1390000e+03   2.6072913e+04  -2.9435259e+04
   1.1400000e+03   5.1682798e+04  -1.2989243e+03
   1.1410000e+03   3.3196110e+03   7.9897741e+03
   1.1420000e+03  -1.4418819e+04  -7.1992568e+03
   1.1430000e+03   5.4487029e+03  -1.5812625e+04
   1.1440000e+03   3.8560622e+03  -3.9069345e+04
   1.1450000e+03   4.8006155e+03  -2.7478586e+04
   1.1460000e+03  -1.5377586e+04   2.6608714e+04
   1.1470000e+03  -3.6659845e+04   1.8024830e+04
   1.1480000e+03   1.0578646e+04  -3.4086077e+04
   1.1490000e+03   4.0540477e+04  -3.2207229e+04
   1.1500000e+03  -7.4074099e+02  -8.7146559e+03
   1.1510000e+03  -2.5295031e+04   3.1200591e+03
   1.1520000e+03  -1.8157136e+04  -1.6600976e+03
   1.1530000e+03  -2.8655964e+03  -5.0989239e+04
   1.1540000e+03   2.5468386e+04  -5.9168252e+04
   1.1550000e+03   1.1665089e+04   4.2914826e+03
   1.1560000e+03  -3.6999603e+04   1.4323614e+04
   1.1570000e+03  -2.1659756e+04  -2.2385675e+04
   1.1580000e+03   1.4829343e+04  -3.0685810e+04
   1.1590000e+03  -4.8666859e+03  -3.7000961e+04
   1.1600000e+03  -2.0796747e+04  -2.7992369e+04
   1.1610000e+03  -2.5993705e+04   8.0541721e+03
   1.1620000e+03  -3.7565634e+04  -2.3742118e+03
   1.1630000e+03  -8.2526985e+03  -3.2140771e+04
   1.1640000e+03   1.2644654e+04  -1.4815943e+03
   1.1650000e+03  -1.1207900e+04   2.3854551e+04
   1.1660000e+03  -1.2405396e+04   2.7102881e+03
   1.1670000e+03  -6.9687979e+03  -1.6106115e+04
   1.1680000e+03  -2.2131262e+04  -3.2407302e+04
   1.1690000e+03  -1.1596383e+04  -1.5364719e+04
   1.1700000e+03  -7.4722106e+03   3.0067008e+04
   1.1710000e+03  -3.2754406e+04   1.2565553e+04
   1.1720000e+03  -2.2360130e+04  -2.7528302e+04
   1.1730000e+03  -8.6682672e+03  -1.7415980e+04
   1.1740000e+03  -2.6254458e+04  -6.2631581e+03
   1.1750000e+03  -8.8980433e+03   1.6284093e+02
   1.1760000e+03   3.2099511e+03   1.7810889e+04
   1.1770000e+03  -2.8945354e+04  -9.2819240e+02
   1.1780000e+03  -2.4822326e+04  -1.7179763e+04
   1.1790000e+03  -4.8897860e+03   2.1164849e+04
   1.1800000e+03  -7.6776367e+03   3.4192054e+04
   1.1810000e+03   1.5125221e+04   1.0643480e+04
   1.1820000e+03   1.5056304e+04   1.1505673e+04
   1.1830000e+03  -3.9341074e+04   1.1008800e+04
   1.1840000e+03  -4.5444086e+04   1.5652256e+04
   1.1850000e+03  -9.6716461e+02   3.1627705e+04
   1.1860000e+03   1.5320597e+04   1.1370224e+04
   1.1870000e+03   1.2674766e+04  -1.2913898e+03
   1.1880000e+03  -7.6969234e+03   1.7861093e+04
   1.1890000e+03  -3.1029788e+04   9.9301292e+03
   1.1900000e+03  -4.8257417e+03   2.7449194e+03
   1.1910000e+03   9.0970216e+03   2.2696494e+04
   1.1920000e+03  -1.9560451e+04   8.7722702e+03
   1.1930000e+03  -7.4813495e+03  -7.4931614e+03
   1.1940000e+03   1.8930984e+04   2.6631277e+04
   1.1950000e+03   1.5176785e+04   3.1684615e+04
   1.1960000e+03   2.8458014e+04   6.8410462e+02
   1.1970000e+03   3.0462690e+04   2.6106102e+03
   1.1980000e+03  -3.0817051e+03   1.2061447e+04
   1.1990000e+03   1.6894960e+02   2.2828035e+04
   1.2000000e+03   2.7200226e+04   3.0056669e+04
   1.2010000e+03   2.4741877e+04   4.8896154e+03
   1.2020000e+03   2.4189904e+04   1.3294387e+04
   1.2030000e+03   1.1742962e+04   5.0036578e+04
   1.2040000e+03  -1.5438522e+04   2.0412000e+04
   1.2050000e+03   1.1888718e+04  -1.9330090e+04
   1.2060000e+03   3.6374705e+04   1.7643582e+03
   1.2070000e+03   9.8102021e+02   1.1064018e+04
   1.2080000e+03  -6.4860960e+03  -8.9764508e+02
   1.2090000e+03   1.4522600e+04   1.0589837e+04
   1.2100000e+03   1.7804309e+04  -2.4226015e+03
   1.2110000e+03   4.0293111e+04  -2.0569827e+04
   1.2120000e+03   4.9963853e+04   2.5761911e+03
   1.2130000e+03   9.5113209e+03   6.3505648e+03
   1.2140000e+03  -1.2027368e+04   6.9530050e+03
   1.2150000e+03  -1.2117747e+03   2.5785496e+04
   1.2160000e+03   8.7051111e+03  -2.8260770e+03
   1.2170000e+03   3.1439084e+04  -2.7337900e+04
   1.2180000e+03   2.9805937e+04   2.2105004e+03
   1.2190000e+03  -6.6484191e+03   1.2157337e+04
   1.2200000e+03  -1.2065848e+03  -1.9239200e+03
   1.2210000e+03   2.0493603e+04  -5.0804824e+03
   1.2220000e+03   9.6890828e+03  -1.8039641e+04
   1.2230000e+03   1.2060882e+04  -1.5475396e+04
   1.2240000e+03   1.4662307e+04   9.0843669e+03
   1.2250000e+03   3.3783807e+03  -1.5657732e+04
   1.2260000e+03   1.8996837e+04  -4.9545052e+04
   1.2270000e+03   1.6688334e+04  -2.3272014e+04
   1.2280000e+03  -1.6558683e+04  -1.4436390e+03
   1.2290000e+03  -2.7407849e+03  -1.8889755e+03
   1.2300000e+03   2.2058333e+04  -4.9410671e+03
   1.2310000e+03   3.8140314e+03  -3.4246820e+04
   1.2320000e+03  -9.1119333e+02  -3.4450399e+04
   1.2330000e+03  -3.4155842e+03   9.1829909e+03
   1.2340000e+03  -2.5592922e+04   8.6081028e+03
   1.2350000e+03  -7.5515214e+03  -1.9275076e+04
   1.2360000e+03   1.2408132e+04  -1.3203165e+04
   1.2370000e+03  -1.0044322e+04  -1.4593678e+04
   1.2380000e+03  -1.1470731e+04  -2.9493962e+04
   1.2390000e+03  -5.9884671e+03  -1.6846692e+04
   1.2400000e+03  -3.0830046e+04  -1.0608061e+04
   1.2410000e+03  -3.5966350e+04  -1.0627544e+04
   1.2420000e+03  -2.1121193e+04   5.8313897e+02
   1.2430000e+03  -8.2165384e+03  -2.2354221e+04
   1.2440000e+03   1.7367594e+04  -3.5498321e+04
   1.2450000e+03   6.3675480e+03  -4.0576142e+03
   1.2460000e+03  -4.2895540e+04  -3.4402747e+03
   1.2470000e+03  -3.9218583e+04  -1.6637526e+04
   1.2480000e+03  -1.6546631e+04  -1.8925235e+03
   1.2490000e+03  -2.5858579e+04  -4.8050095e+03
   1.2500000e+03  -1.0664279e+04  -1.5293013e+04
   1.2510000e+03  -7.7693322e+03  -8.0830479e+03
   1.2520000e+03  -4.4358881e+04  -1.6516536e+04
   1.2530000e+03  -3.2167225e+04  -1.2432262e+04
   1.2540000e+03   4.7880183e+03   1.9281572e+04
   1.2550000e+03  -1.2486013e+03   5.4613510e+03
   1.2560000e+03  -1.4318592e+04  -1.4968740e+04
   1.2570000e+03  -2.3068513e+04   1.0637047e+04
   1.2580000e+03  -2.9956324e+04   2.5257537e+03
   1.2590000e+03  -6.5095752e+03  -1.0184070e+04
   1.2600000e+03   7.4631812e+03   2.4777727e+04
   1.2610000e+03  -1.2031304e+04   2.3981886e+04
   1.2620000e+03  -1.3273560e+04   6.1814764e+03
   1.2630000e+03  -1.6085002e+04   2.8158782e+04
   1.2640000e+03  -3.2323397e+04   1.8350589e+04
   1.2650000e+03  -7.5478047e+03  -2.3740819e+04
   1.2660000e+03   4.9074506e+03  -1.5277161e+04
   1.2670000e+03  -2.4724719e+04   2.2734425e+04
   1.2680000e+03  -9.9830800e+03   4.1490228e+04
   1.2690000e+03   2.3147531e+04   3.3182716e+04
   1.2700000e+03   1.2860193e+04  -1.4856771e+04
   1.2710000e+03   2.8684581e+03  -2.9925659e+04
   1.2720000e+03  -7.3588720e+02   2.9390753e+04
   1.2730000e+03  -5.2483075e+03   4.6783473e+04
   1.2740000e+03   2.6018895e+04   1.3460968e+04
   1.2750000e+03   4.2322222e+04   1.0338934e+04
   1.2760000e+03   7.5385114e+03   1.5066520e+04
   1.2770000e+03   2.7167785e+03   3.0546787e+04
   1.2780000e+03   1.6312650e+04   5.3321794e+04
   1.2790000e+03   3.6469460e+03   2.6277871e+04
   1.2800000e+03   2.0825216e+04  -6.7540082e+02
   1.2810000e+03   3.3210340e+04   2.1222911e+04
   1.2820000e+03   3.5836362e+03   2.2709022e+04
   1.2830000e+03   3.5791968e+03   5.0696642e+03
   1.2840000e+03   7.8313166e+03   1.9056887e+04
   1.2850000e+03  -3.5062339e+03   1.5587982e+04
   1.2860000e+03   3.1767234e+04  -5.0696212e+03
   1.2870000e+03   4.8536903e+04   6.3868073e+03
   1.2880000e+03   2.2321832e+03   1.0660027e+04
   1.2890000e+03  -2.4508581e+03   5.2942285e+03
   1.2900000e+03   3.2664084e+04   7.1685712e+03
   1.2910000e+03   3.0517316e+04  -1.1611600e+04
   1.2920000e+03   2.0860775e+04  -8.2139419e+03
   1.2930000e+03   1.4369246e+04   2.4873703e+04
   1.2940000e+03   6.9253076e+03   1.4221660e+04
   1.2950000e+03   3.3329656e+04  -1.3730708e+04
   1.2960000e+03   3.2671210e+04  -5.9190649e+03
   1.2970000e+03  -1.5675107e+04  -1.1663767e+03
   1.2980000e+03  -1.3078559e+04  -5.4311826e+03
   1.2990000e+03   2.2339747e+04   3.3321517e+02
   1.3000000e+03   2.6544749e+04  -1.4640441e+04
   1.3010000e+03   2.1955680e+04  -1.7299774e+04
   1.3020000e+03  -3.8344561e+03   1.1549474e+04
   1.3030000e+03  -3.7573876e+04  -3.5981604e+03
   1.3040000e+03  -6.8870069e+03  -3.0570413e+04
   1.3050000e+03   3.7367475e+04  -1.5320555e+04
   1.3060000e+03   1.5995234e+04  -1.7291376e+04
   1.3070000e+03  -1.2064130e+04  -2.4334745e+04
   1.3080000e+03  -9.7196542e+03  -2.6340090e+03
   1.3090000e+03   6.9087968e+02  -8.3089148e+03
   1.3100000e+03   2.2962815e+04  -3.0564865e+04
   1.3110000e+03   1.8314096e+04  -1.7025865e+04
   1.3120000e+03  -1.0045164e+04  -1.1671988e+04
   1.3130000e+03  -2.9974470e+03  -3.1248390e+04
   1.3140000e+03  -5.7492179e+03  -2.7648131e+04
   1.3150000e+03  -2.8668778e+04  -1.8918829e+04
   1.3160000e+03  -4.3865546e+03  -1.2643703e+04
   1.3170000e+03   1.0697024e+04  -1.9262672e+02
   1.3180000e+03  -2.4620325e+04  -2.3205676e+04
   1.3190000e+03  -2.6604045e+04  -4.0538861e+04
   1.3200000e+03  -5.7560004e+03  -1.6480900e+04
   1.3210000e+03  -1.8147221e+04  -1.4638573e+04
   1.3220000e+03  -2.2381180e+04  -1.6413831e+04
   1.3230000e+03  -2.4350613e+04   6.2160827e+03
   1.3240000e+03  -3.7661911e+04  -4.0952217e+03
   1.3250000e+03  -9.5963402e+03  -2.4425691e+04
   1.3260000e+03   7.6834349e+03  -6.7856190e+03
   1.3270000e+03  -2.5031041e+04  -1.7852962e+03
   1.3280000e+03  -2.4305321e+04  -1.0994561e+04
   1.3290000e+03  -4.6775173e+03   3.3697745e+03
   1.3300000e+03  -1.6188742e+04  -2.9676809e+03
   1.3310000e+03  -1.7174091e+04  -8.4606122e+03
   1.3320000e+03  -1.3835197e+04   2.1349428e+04
   1.3330000e+03  -2.7755350e+04   7.6192122e+03
   1.3340000e+03  -2.0566618e+04  -2.4462644e+04
   1.3350000e+03  -2.1367374e+03  -1.5618452e+04
   1.3360000e+03  -1.2663186e+03  -1.7077690e+04
   1.3370000e+03   4.0514847e+03  -3.6540840e+03
   1.3380000e+03  -8.0503433e+03   3.5747633e+04
   1.3390000e+03  -4.7689720e+04   1.7620368e+04
   1.3400000e+03  -3.6732705e+04  -2.0035401e+04
   1.3410000e+03   1.3578193e+04  -6.7258449e+03
   1.3420000e+03   2.0170805e+04   8.6818808e+03
   1.3430000e+03  -2.5609448e+03   1.5323923e+04
   1.3440000e+03  -2.0977014e+04   3.7766028e+04
   1.3450000e+03  -2.5210760e+04   3.1919633e+04
   1.3460000e+03  -8.0102812e+03   1.2741392e+04
   1.3470000e+03  -4.5665207e+03   1.7867585e+04
   1.3480000e+03  -6.8156430e+03   1.0276088e+04
   1.3490000e+03   2.1290996e+04   1.4612364e+04
   1.3500000e+03   2.2006378e+04   3.9220281e+04
   1.3510000e+03  -1.4826738e+04   2.0084485e+04
   1.3520000e+03  -1.0954751e+04   5.5717034e+03
   1.3530000e+03   3.5059562e+03   3.2951342e+04
   1.3540000e+03  -1.7926310e+03   2.3934342e+04
   1.3550000e+03   2.5863891e+04  -4.6392558e+03
   1.3560000e+03   3.4541889e+04   1.2315349e+04
   1.3570000e+03  -7.8427437e+02   2.6598588e+04
   1.3580000e+03   9.3253486e+03   1.8884482e+04
   1.3590000e+03   3.0074296e+04   2.5231804e+04
   1.3600000e+03   9.0582623e+03   1.2750372e+04
   1.3610000e+03   8.7409837e+03  -7.1869889e+03
   1.3620000e+03   1.4192502e+04   3.8134984e+03
   1.3630000e+03  -7.7361400e+02   4.9799450e+03
   1.3640000e+03   2.1169626e+04   1.1981489e+04
   1.3650000e+03   4.1775600e+04   3.2213814e+04
   1.3660000e+03   9.9795488e+03   7.5731737e+03
   1.3670000e+03  -2.3173537e+03  -1.2870027e+04
   1.3680000e+03   1.6014663e+04   1.0364048e+04
   1.3690000e+03   1.9212273e+04   1.8930711e+04
   1.3700000e+03   2.2099622e+04   1.8248899e+04
   1.3710000e+03   1.5604903e+04   2.1495378e+04
   1.3720000e+03   9.6143613e+03  -6.7521757e+03
   1.3730000e+03   3.5431318e+04  -1.8645234e+04
   1.3740000e+03   3.0188307e+04   1.8208805e+04
   1.3750000e+03  -1.4333034e+04   1.3513222e+04
   1.3760000e+03  -1.1016049e+04  -2.4330305e+04
   1.3770000e+03   2.2035629e+04  -1.6595753e+04
   1.3780000e+03   2.8883228e+04  -1.0071393e+04
   1.3790000e+03   2.8772858e+04  -1.6655549e+04
   1.3800000e+03   1.0898025e+04  -2.5496720e+03
   1.3810000e+03  -2.2173176e+04  -8.5238460e+03
   1.3820000e+03  -5.7353548e+03  -2.2534138e+04
   1.3830000e+03   2.2370809e+04  -1.3319175e+04
   1.3840000e+03   6.9886077e+03  -1.2756245e+04
   1.3850000e+03   5.4625622e+03  -1.0602212e+04
   1.3860000e+03   3.0386818e+03   1.7186715e+03
   1.3870000e+03  -2.5641206e+04  -1.7998635e+04
   1.3880000e+03  -7.9995345e+03  -3.6707723e+04
   1.3890000e+03   2.1607254e+04  -1.5984405e+04
   1.3900000e+03   4.5344461e+03  -1.5957443e+04
   1.3910000e+03  -7.1678623e+03  -2.4259199e+04
   1.3920000e+03  -1.2929090e+04  -2.2675549e+03
   1.3930000e+03  -1.4644361e+04  -1.4797021e+04
   1.3940000e+03   2.0098258e+04  -4.0180751e+04
   1.3950000e+03   1.9981867e+04  -2.1608857e+04
   1.3960000e+03  -2.8877375e+04  -8.2201929e+03
   1.3970000e+03  -2.3564807e+04  -5.8158342e+03
   1.3980000e+03   9.2057794e+03  -4.3254301e+03
   1.3990000e+03   3.1498913e+03  -2.5374530e+04
   1.4000000e+03  -5.9181070e+03  -2.2479251e+04
   1.4010000e+03  -2.6950916e+04   1.1954684e+04
   1.4020000e+03  -5.2928836e+04   5.0627049e+03
   1.4030000e+03  -2.1480451e+04  -2.3954123e+04
   1.4040000e+03   1.3011118e+04  -2.2930354e+04
   1.4050000e+03  -3.7633384e+03  -2.4749829e+04
   1.4060000e+03  -1.9890058e+04  -1.3695701e+04
   1.4070000e+03  -3.0241848e+04   2.5641442e+04
   1.4080000e+03  -3.4601779e+04   1.5871290e+04
   1.4090000e+03   7.5817508e+02  -1.8407236e+04
   1.4100000e+03   1.4340260e+04  -1.4244289e+04
   1.4110000e+03  -2.2418429e+04  -1.0736718e+04
   1.4120000e+03  -1.9997064e+04   1.3106224e+03
   1.4130000e+03   9.5334192e+03   2.5875474e+04
   1.4140000e+03   8.4622445e+02   2.4102211e+03
   1.4150000e+03  -1.0882028e+04  -2.5646434e+04
   1.4160000e+03  -1.9431849e+04  -2.9586351e+03
   1.4170000e+03  -3.1631565e+04   8.5789264e+03
   1.4180000e+03  -1.1722790e+04  -8.2182266e+02
   1.4190000e+03   1.2232451e+03   7.0930833e+03
   1.4200000e+03  -1.6804184e+04  -1.1611362e+03
   1.4210000e+03  -1.6017134e+04  -2.9880832e+03
   1.4220000e+03  -1.6596631e+04   2.8603854e+04
   1.4230000e+03  -2.9649065e+04   2.1407505e+04
   1.4240000e+03  -4.2782978e+03   8.8303336e+02
   1.4250000e+03   1.1286286e+04   2.1346793e+04
   1.4260000e+03  -1.8794805e+04   2.0710724e+04
   1.4270000e+03  -1.5528907e+04   3.0322584e+03
   1.4280000e+03   2.0317800e+03   1.4925162e+04
   1.4290000e+03  -1.0157582e+04   2.1063329e+04
   1.4300000e+03   7.0431121e+03   1.2363351e+04
   1.4310000e+03   1.9763596e+04   1.2304505e+04
   1.4320000e+03  -1.0205155e+04   1.0274693e+04
   1.4330000e+03  -6.3481594e+03   2.2102792e+04
   1.4340000e+03   1.2019011e+04   4.4387270e+04
   1.4350000e+03   1.4080674e+03   1.7728665e+04
   1.4360000e+03   1.1443135e+04  -1.3381711e+04
   1.4370000e+03   1.6564437e+04   1.4093119e+04
   1.4380000e+03  -9.4044951e+03   3.2156389e+04
   1.4390000e+03   3.3941038e+03   2.3037682e+04
   1.4400000e+03   2.8917934e+04   1.8812781e+04
   1.4410000e+03   9.5469922e+03   9.6247870e+02
   1.4420000e+03   4.1966815e+03   4.8539262e+02
   1.4430000e+03   1.2943483e+04   2.5622524e+04
   1.4440000e+03   4.0746193e+03   1.6608126e+04
   1.4450000e+03   2.4548138e+04  -4.5597860e+03
   1.4460000e+03   3.4068305e+04   3.8363424e+03
   1.4470000e+03  -1.0037511e+03   2.6006790e+03
   1.4480000e+03   4.8445852e+03   1.5062946e+03
   1.4490000e+03   3.4535425e+04   2.6305722e+04
   1.4500000e+03   2.5905779e+04   1.2742651e+04
   1.4510000e+03   1.8281682e+04  -1.4884878e+04
   1.4520000e+03   1.5445458e+04   3.1917320e+02
   1.4530000e+03   9.2782606e+03  -8.2820119e+03
   1.4540000e+03   3.4476599e+04  -1.4085821e+04
   1.4550000e+03   4.1786121e+04   2.4843442e+04
   1.4560000e+03   3.0122988e+03   1.0810667e+04
   1.4570000e+03   8.1635000e+02  -3.2930415e+04
   1.4580000e+03   1.8039115e+04  -1.9628321e+04
   1.4590000e+03   4.1670621e+03   3.2341029e+03
   1.4600000e+03   1.8873824e+04   1.0763245e+04
   1.4610000e+03   3.1198924e+04   1.2411966e+04
   1.4620000e+03  -9.0737014e+03  -2.3922993e+04
   1.4630000e+03  -1.5637300e+04  -4.9106273e+04
   1.4640000e+03   1.5065597e+04  -9.7405175e+03
   1.4650000e+03   2.0234467e+04   1.5191654e+04
   1.4660000e+03   1.6349870e+04  -3.8322707e+02
   1.4670000e+03  -3.5579443e+03  -1.2456202e+04
   1.4680000e+03  -2.0308595e+04  -3.3558411e+04
   1.4690000e+03   1.9612884e+04  -2.3143726e+04
   1.4700000e+03   3.8168423e+04   2.2256549e+04
   1.4710000e+03  -6.0898628e+03   1.6562837e+03
   1.4720000e+03  -1.2028833e+04  -4.9758717e+04
   1.4730000e+03   3.4785304e+03  -4.1254378e+04
   1.4740000e+03  -1.6285216e+04  -7.7698527e+03
   1.4750000e+03  -6.1233863e+03   1.6777328e+04
   1.4760000e+03   1.0929917e+04   1.6995043e+04
   1.4770000e+03  -1.5920833e+04  -3.5053978e+04
   1.4780000e+03  -2.3701473e+04  -6.6636592e+04
   1.4790000e+03  -1.9756876e+04  -1.9371197e+04
   1.4800000e+03  -3.0001366e+04   1.1649089e+04
   1.4810000e+03  -9.2403891e+03  -6.5616757e+03
   1.4820000e+03   1.7025028e+03  -1.8632239e+04
   1.4830000e+03  -2.7206049e+04  -3.3797992e+04
   1.4840000e+03  -2.5199408e+04  -2.2309517e+04
   1.4850000e+03  -7.7793644e+03   1.9477099e+04
   1.4860000e+03  -1.9131056e+04   5.3586636e+03
   1.4870000e+03  -1.6701908e+04  -2.6350608e+04
   1.4880000e+03  -1.5161609e+04  -7.8046560e+03
   1.4890000e+03  -3.3638391e+04   5.2904247e+03
   1.4900000e+03  -1.8035911e+04   9.7938373e+02
   1.4910000e+03  -1.8843034e+03   5.4462597e+03
   1.4920000e+03  -1.6173977e+04  -1.2426439e+04
   1.4930000e+03  -5.7332098e+03  -2.5778911e+04
   1.4940000e+03  -8.7463593e+03   4.0530542e+03
   1.4950000e+03  -4.6785766e+04   1.8171204e+04
   1.4960000e+03  -3.2658767e+04   1.0552861e+04
   1.4970000e+03   3.6496890e+03   6.3410171e+03
   1.4980000e+03  -1.1042081e+04  -2.4475091e+04
   1.4990000e+03  -2.0513542e+04  -2.4678400e+04
   1.5000000e+03  -9.8639423e+03   2.8661320e+04
   1.5010000e+03  -2.2060538e+04   3.4295571e+04
   1.5020000e+03  -2.4807799e+04   9.4362499e+02
   1.5030000e+03  -1.4891863e+04  -8.3719933e+03
   1.5040000e+03  -9.9594430e+03  -9.5256451e+03
   1.5050000e+03   1.7485015e+04   9.7657806e+03
   1.5060000e+03   1.6565435e+04   4.5117100e+04
   1.5070000e+03  -2.8122332e+04   2.6945466e+04
   1.5080000e+03  -2.0773330e+04  -1.1229116e+04
   1.5090000e+03   5.9227399e+03   1.3065583e+04
   1.5100000e+03  -8.3766423e+03   4.2852789e+04
   1.5110000e+03   6.4030335e+03   2.6984198e+04
   1.5120000e+03   3.2649952e+04   1.2681438e+03
   1.5130000e+03   1.4679476e+04  -1.5214844e+04
   1.5140000e+03   8.7613761e+03   1.5022672e+04
   1.5150000e+03   7.0985019e+03   6.0149622e+04
   1.5160000e+03  -1.6421723e+04   2.8951138e+04
   1.5170000e+03   2.2855429e+03  -1.5983458e+04
   1.5180000e+03   3.1495943e+04  -1.6314170e+03
   1.5190000e+03   1.8036417e+04   1.5555902e+04
   1.5200000e+03   1.7036466e+04   2.0265049e+04
   1.5210000e+03   1.8704894e+04   2.7922675e+04
   1.5220000e+03   1.9428393e+03   6.8203386e+03
   1.5230000e+03   1.6286907e+04  -6.2023195e+03
   1.5240000e+03   3.0407711e+04   3.3394044e+04
   1.5250000e+03   1.5134953e+04   4.3175341e+04
   1.5260000e+03   2.1199222e+04   9.2677842e+03
   1.5270000e+03   3.1044582e+04   7.5178339e+03
   1.5280000e+03   1.7063951e+04   4.3833278e+03
   1.5290000e+03   2.1547376e+04  -7.2128522e+03
   1.5300000e+03   2.6598414e+04   1.0715534e+04
   1.5310000e+03   6.1597421e+03   9.9080680e+03
   1.5320000e+03   9.8347915e+03  -4.5874596e+03
   1.5330000e+03   1.8323485e+04  -2.7368671e+02
   1.5340000e+03   5.1908883e+03  -9.0575560e+03
   1.5350000e+03   2.2923872e+04  -6.9360503e+03
   1.5360000e+03   3.2915653e+04   1.5805385e+04
   1.5370000e+03   4.5116237e+03  -4.4738813e+03
   1.5380000e+03   7.9783828e+03  -3.0108451e+04
   1.5390000e+03   1.3848789e+04  -5.3648335e+03
   1.5400000e+03  -2.9897937e+03   6.8880860e+03
   1.5410000e+03   2.0150377e+04   9.8441100e+03
   1.5420000e+03   3.1131119e+04   2.8762632e+04
   1.5430000e+03  -7.3845009e+03  -6.6739712e+03
   1.5440000e+03  -8.1298304e+03  -4.7790245e+04
   1.5450000e+03   1.0892344e+04  -2.0569964e+04
   1.5460000e+03  -5.2779723e+02  -8.0745177e+03
   1.5470000e+03   1.0654896e+04  -2.5700421e+04
   1.5480000e+03   1.7595783e+04  -1.8405673e+04
   1.5490000e+03  -1.5196741e+04  -1.6104392e+04
   1.5500000e+03  -1.5317368e+04  -2.2874995e+04
   1.5510000e+03  -2.2553163e+03  -1.1237928e+04
   1.5520000e+03  -1.7423242e+04  -1.3271059e+04
   1.5530000e+03  -3.2578935e+03  -2.6684580e+04
   1.5540000e+03   1.4356512e+04  -1.9021903e+04
   1.5550000e+03  -7.1310210e+03  -1.6902080e+04
   1.5560000e+03  -1.4312008e+04  -9.1494991e+03
   1.5570000e+03  -1.3463579e+04   1.2283752e+04
   1.5580000e+03  -2.8121354e+04  -1.4523541e+04
   1.5590000e+03  -1.8610646e+04  -4.6765482e+04
   1.5600000e+03  -7.3915004e+03  -2.9936547e+04
   1.5610000e+03  -1.5433164e+04  -2.3009062e+04
   1.5620000e+03   1.0709258e+03  -1.5606096e+04
   1.5630000e+03   1.8437239e+02   7.7290770e+03
   1.5640000e+03  -4.4716057e+04  -1.5261780e+04
   1.5650000e+03  -4.2757175e+04  -3.7275429e+04
   1.5660000e+03  -1.4691694e+03   4.4507237e+03
   1.5670000e+03   8.4676746e+03   2.0199752e+04
   1.5680000e+03   2.3029656e+03  -1.6236038e+04
   1.5690000e+03  -2.2779347e+04  -1.7452896e+04
   1.5700000e+03  -4.9980702e+04   3.1117495e+03
   1.5710000e+03  -1.9905172e+04   1.1860949e+04
   1.5720000e+03   1.0284054e+04   1.1790942e+04
   1.5730000e+03  -1.4978907e+04  -2.4966171e+04
   1.5740000e+03  -2.5534731e+04  -3.3552344e+04
   1.5750000e+03  -1.3806058e+04   1.9479802e+04
   1.5760000e+03  -2.1804220e+04   2.3853224e+04
   1.5770000e+03  -1.7812910e+04  -9.6232406e+03
   1.5780000e+03  -1.4797045e+04  -6.3816660e+03
   1.5790000e+03  -2.6255258e+04  -5.7302214e+03
   1.5800000e+03  -2.3457946e+03  -1.3650794e+02
   1.5810000e+03   8.2036997e+03   3.4750403e+04
   1.5820000e+03  -2.1818458e+04   2.9467391e+04
   1.5830000e+03  -7.2633012e+03  -5.3917701e+03
   1.5840000e+03   1.8400318e+04  -3.3634748e+03
   1.5850000e+03  -7.0430588e+03   2.5243967e+03
   1.5860000e+03  -1.9750260e+04   1.4398597e+04
   1.5870000e+03  -1.5970986e+03   4.3565966e+04
   1.5880000e+03   1.3631054e+04   2.0227837e+04
   1.5890000e+03   2.3588736e+04  -7.8511761e+03
   1.5900000e+03  -1.8220022e+03   2.2230180e+04
   1.5910000e+03  -3.7846065e+04   3.0003256e+04
   1.5920000e+03  -2.7339778e+03   1.5874198e+04
   1.5930000e+03   4.1401481e+04   2.6375965e+04
   1.5940000e+03   1.3221210e+04   1.5371081e+04
   1.5950000e+03  -1.1618120e+04   9.1774950e+02
   1.5960000e+03  -2.7855911e+03   2.3905591e+04
   1.5970000e+03   2.4402759e+03   2.5098428e+04
   1.5980000e+03   2.2396202e+04   7.6328288e+03
   1.5990000e+03   2.8575549e+04   1.9611540e+04
   1.6000000e+03   1.5722822e+03   1.2169495e+04
   1.6010000e+03   2.5797338e+03  -1.4281573e+03
   1.6020000e+03   1.8687939e+04   2.4659289e+04
   1.6030000e+03   1.7788481e+04   2.6648163e+04
   1.6040000e+03   3.4876272e+04   1.6415939e+04
   1.6050000e+03   3.7367370e+04   2.9740944e+04
   1.6060000e+03  -2.7043243e+03   2.5914962e+03
   1.6070000e+03  -1.3274021e+04  -2.6221288e+04
   1.6080000e+03   4.8002199e+03   7.0153904e+03
   1.6090000e+03   1.0737699e+04   3.0195037e+04
   1.6100000e+03   3.1719193e+04   2.0709190e+04
   1.6110000e+03   3.6366022e+04   1.7621547e+04
   1.6120000e+03   6.5379903e+03  -8.2878773e+03
   1.6130000e+03   6.0898859e+03  -3.1418633e+04
   1.6140000e+03   1.4967111e+04   2.9996428e+03
   1.6150000e+03   1.2136216e+04   1.9319918e+04
   1.6160000e+03   3.4672385e+04  -5.1389058e+03
   1.6170000e+03   3.0192690e+04  -5.5324396e+03
   1.6180000e+03  -7.3897272e+03  -9.1975973e+03
   1.6190000e+03   1.1922511e+04  -1.0238394e+04
   1.6200000e+03   4.0855887e+04   1.2290898e+04
   1.6210000e+03   1.0781680e+04  -5.4206291e+03
   1.6220000e+03  -7.6422565e+03  -3.6012754e+04
   1.6230000e+03  -5.4527634e+03  -2.7996105e+04
   1.6240000e+03  -1.6109329e+04  -2.2853892e+04
   1.6250000e+03   3.8019185e+03  -1.1778345e+04
   1.6260000e+03   2.4584361e+04   1.0971999e+04
   1.6270000e+03   4.9299153e+03  -1.4533935e+04
   1.6280000e+03  -3.4817120e+03  -4.3826493e+04
   1.6290000e+03  -5.9801553e+03  -1.5848975e+04
   1.6300000e+03  -1.1722261e+04  -6.2505818e+03
   1.6310000e+03   1.0971359e+04  -2.4090613e+04
   1.6320000e+03   5.5631890e+03  -1.3991621e+04
   1.6330000e+03  -2.9268480e+04  -1.3475676e+04
   1.6340000e+03  -3.1900858e+03  -1.2876712e+04
   1.6350000e+03   2.7975013e+04   1.6582666e+03
   1.6360000e+03  -7.7293783e+03  -2.3596831e+04
   1.6370000e+03  -2.8305835e+04  -4.1447448e+04
   1.6380000e+03  -1.4878124e+04  -1.6456989e+04
   1.6390000e+03  -1.4436639e+04  -1.2640384e+04
   1.6400000e+03  -1.3786699e+03  -1.8561277e+04
   1.6410000e+03   2.6260891e+03  -6.6712699e+03
   1.6420000e+03  -2.4801271e+04  -1.5522003e+04
   1.6430000e+03  -2.0924189e+04  -2.2965507e+04
   1.6440000e+03  -8.6885353e+02  -1.2521391e+03
   1.6450000e+03  -5.7761460e+03  -6.0866665e+03
   1.6460000e+03  -5.2859526e+03  -1.7126187e+04
   1.6470000e+03  -2.3862071e+04   1.3583216e+04
   1.6480000e+03  -5.7031885e+04   1.7692429e+04
   1.6490000e+03  -2.1374872e+04  -1.0056472e+04
   1.6500000e+03   2.5975551e+04  -1.4749596e+04
   1.6510000e+03  -2.5980455e+03  -1.8214577e+04
   1.6520000e+03  -3.2069836e+04  -1.0205457e+04
   1.6530000e+03  -3.0364899e+04   1.3934228e+04
   1.6540000e+03  -3.1221787e+04   2.6072649e+03
   1.6550000e+03  -6.4899254e+03  -1.3609650e+04
   1.6560000e+03   9.4020701e+03   1.8116153e+03
   1.6570000e+03  -1.4069169e+04   1.3907763e+03
   1.6580000e+03  -1.3840273e+04  -3.7478375e+03
   1.6590000e+03  -1.0259622e+04   1.5302546e+04
   1.6600000e+03  -3.1002632e+04   1.0047372e+04
   1.6610000e+03  -1.8617147e+04   8.8086227e+03
   1.6620000e+03  -2.0865020e+03   4.5035723e+04
   1.6630000e+03  -1.7053448e+04   3.0930238e+04
   1.6640000e+03  -8.2692266e+03  -1.1905032e+04
   1.6650000e+03   5.2854215e+03   3.3187768e+02
   1.6660000e+03  -1.3621604e+04   1.7671804e+04
   1.6670000e+03  -1.9098345e+04   2.4858218e+04
   1.6680000e+03  -1.2808227e+04   4.1878204e+04
   1.6690000e+03  -4.9715053e+03   1.8971018e+04
   1.6700000e+03   2.8314863e+04  -1.5866723e+04
   1.6710000e+03   2.8547505e+04  -2.0680139e+03
   1.6720000e+03  -1.3791166e+04   1.1302564e+04
   1.6730000e+03  -1.3007969e+04   9.5225014e+03
   1.6740000e+03   5.2558218e+03   2.5670663e+04
   1.6750000e+03   4.0018871e+03   1.6796467e+04
   1.6760000e+03   2.3739890e+04  -1.6994889e+03
   1.6770000e+03   1.8134602e+04   1.9415101e+04
   1.6780000e+03  -2.5230502e+04   2.1904640e+04
   1.6790000e+03  -5.7103944e+03   6.8766647e+03
   1.6800000e+03   4.2062146e+04   1.6498906e+04
   1.6810000e+03   2.3990487e+04   9.9551023e+03
   1.6820000e+03  -8.4492839e+03   9.4249228e+03
   1.6830000e+03  -1.3312927e+04   3.9903927e+04
   1.6840000e+03   5.4175031e+02   2.6315375e+04
   1.6850000e+03   4.5175383e+04  -1.4335002e+04
   1.6860000e+03   5.6864941e+04  -2.4163681e+03
   1.6870000e+03   2.3983853e+03   1.9180108e+04
   1.6880000e+03  -1.7815525e+04   1.3650476e+04
   1.6890000e+03   2.3828925e+04   1.0303080e+04
   1.6900000e+03   5.8936655e+04  -9.7262771e+03
   1.6910000e+03   5.8529865e+04  -1.8984080e+04
   1.6920000e+03   1.4417200e+04   1.5354173e+04
   1.6930000e+03  -2.4561945e+04   1.9307131e+04
   1.6940000e+03   9.7102107e+03  -1.1653478e+03
   1.6950000e+03   4.3825754e+04   1.5245167e+03
   1.6960000e+03   1.4995348e+04  -1.1070443e+04
   1.6970000e+03   3.1488742e+03  -1.5509832e+04
   1.6980000e+03   1.6122566e+04   1.0292559e+04
   1.6990000e+03   9.3123790e+03   5.4600536e+03
   1.7000000e+03   1.2862662e+04  -1.3030865e+04
   1.7010000e+03   1.0458963e+04  -5.1087313e+03
   1.7020000e+03  -2.2532010e+03  -1.2713716e+04
   1.7030000e+03   2.1650692e+04  -2.2039488e+04
   1.7040000e+03   2.4926288e+04   2.4193111e+03
   1.7050000e+03  -1.2853805e+04  -1.7384022e+03
   1.7060000e+03  -4.1010443e+03  -3.1440983e+04
   1.7070000e+03   1.8943872e+04  -2.6965889e+04
   1.7080000e+03  -4.5903565e+03  -1.8146942e+04
   1.7090000e+03  -1.2473532e+04  -2.9677504e+03
   1.7100000e+03   4.7419602e+03   1.9659272e+04
   1.7110000e+03   7.8388311e+03  -1.0755823e+04
   1.7120000e+03   1.5747371e+04  -4.7035251e+04
   1.7130000e+03   3.4747394e+03  -2.6399626e+04
   1.7140000e+03  -2.5566758e+04  -3.2935050e+03
   1.7150000e+03   8.2767694e+02  -5.7718053e+03
   1.7160000e+03   2.2348854e+04  -1.3984456e+04
   1.7170000e+03  -1.8202527e+04  -3.1267827e+04
   1.7180000e+03  -3.0316821e+04  -2.7525158e+04
   1.7190000e+03  -9.2609877e+03   4.6989914e+03
   1.7200000e+03  -7.3671931e+03  -2.8696527e+03
   1.7210000e+03  -6.7642706e+02  -2.6470793e+04
   1.7220000e+03  -1.0631788e+04  -1.6970087e+04
   1.7230000e+03  -4.3438986e+04  -2.4681713e+04
   1.7240000e+03  -3.6432305e+04  -1.4462926e+04
   1.7250000e+03  -1.6553389e+04   3.1111828e+04
   1.7260000e+03  -1.9592069e+04   3.2690956e+03
   1.7270000e+03  -4.1751676e+03  -5.0839135e+04
   1.7280000e+03   6.6910299e+02  -2.9377510e+04
   1.7290000e+03  -3.3467162e+04   6.2939766e+02
   1.7300000e+03  -4.4628642e+04   9.3608203e+03
   1.7310000e+03  -3.3983629e+04   2.9104047e+04
   1.7320000e+03  -2.8125546e+04   1.5498390e+04
   1.7330000e+03  -3.0494373e+03  -2.0080768e+04
   1.7340000e+03   3.3732163e+03  -1.9524769e+04
   1.7350000e+03  -2.4468064e+04  -1.7340585e+04
   1.7360000e+03  -1.9254961e+04  -7.3342532e+03
   1.7370000e+03  -4.5757163e+03   2.9919718e+04
   1.7380000e+03  -2.4165100e+04   1.4919189e+04
   1.7390000e+03  -2.3498214e+04  -2.4121601e+04
   1.7400000e+03  -5.6131427e+03  -1.2736051e+04
   1.7410000e+03  -5.9228695e+03  -3.8775800e+03
   1.7420000e+03   5.0622433e+03   3.9758589e+03
   1.7430000e+03   3.2594715e+03   3.2810055e+04
   1.7440000e+03  -2.4878050e+04   1.5852891e+04
   1.7450000e+03  -2.0478246e+04  -1.5343373e+04
   1.7460000e+03  -1.0471575e+04   1.3606696e+04
   1.7470000e+03  -1.8260067e+04   3.4634320e+04
   1.7480000e+03   9.6606005e+03   1.0969618e+04
   1.7490000e+03   2.3458257e+04   5.4616362e+03
   1.7500000e+03  -2.1269673e+04   8.2544828e+03
   1.7510000e+03  -2.8262785e+04   1.0571929e+04
   1.7520000e+03   1.5675577e+04   2.8122915e+04
   1.7530000e+03   2.7687735e+04   1.4746617e+04
   1.7540000e+03   1.2073982e+04   1.4077700e+03
   1.7550000e+03  -1.0097618e+04   2.6333833e+04
   1.7560000e+03  -1.5232933e+04   2.3619846e+04
   1.7570000e+03   3.8594722e+04   1.2586733e+04
   1.7580000e+03   6.5951451e+04   3.4863046e+04
   1.7590000e+03   9.0946388e+03   3.4282820e+04
   1.7600000e+03  -2.0091003e+04   1.7836373e+04
   1.7610000e+03   4.2708402e+03   2.1445230e+04
   1.7620000e+03   2.6230097e+04   8.1613003e+03
   1.7630000e+03   4.9085171e+04   1.4903463e+03
   1.7640000e+03   3.3336304e+04   3.5985207e+04
   1.7650000e+03  -1.5255866e+04   3.1590359e+04
   1.7660000e+03   3.4635588e+03  -1.0362308e+04
   1.7670000e+03   5.5163462e+04  -4.8516780e+03
   1.7680000e+03   3.9911131e+04   1.4215226e+04
   1.7690000e+03   6.3955876e+02   1.7408380e+04
   1.7700000e+03  -4.6141020e+03   1.9940505e+04
   1.7710000e+03   1.7587641e+04  -3.9314210e+03
   1.7720000e+03   5.5185279e+04  -1.8211522e+04
   1.7730000e+03   4.1056012e+04   5.3602894e+03
   1.7740000e+03  -2.5066558e+04   9.2067392e+03
   1.7750000e+03  -2.2057848e+04  -4.0615284e+02
   1.7760000e+03   2.9939158e+04   8.8989111e+03
   1.7770000e+03   3.6163178e+04   2.3953106e+03
   1.7780000e+03   2.2143272e+04  -6.4127131e+03
   1.7790000e+03  -1.5443142e+03   3.9062248e+03
   1.7800000e+03  -1.5806848e+04  -1.4256821e+04
   1.7810000e+03   2.6590577e+04  -2.1305533e+04
   1.7820000e+03   4.1806461e+04   1.4390538e+04
   1.7830000e+03  -6.2099005e+03  -2.5643027e+03
   1.7840000e+03  -9.5680125e+03  -4.0473138e+04
   1.7850000e+03   1.6875312e+04  -1.3650952e+04
   1.7860000e+03   3.0762618e+03   4.6234145e+03
   1.7870000e+03  -4.7199700e+03  -1.9622470e+04
   1.7880000e+03  -3.4499761e+03  -3.6235784e+04
   1.7890000e+03  -1.2792293e+04  -3.3605738e+04
   1.7900000e+03   8.7712320e+03  -8.0400976e+03
   1.7910000e+03   1.9714714e+04   6.1879163e+03
   1.7920000e+03  -1.4019893e+04  -2.9401217e+04
   1.7930000e+03  -2.2855065e+04  -4.3135006e+04
   1.7940000e+03  -1.4326562e+04  -6.2271973e+03
   1.7950000e+03  -2.1017077e+04  -9.7615670e+03
   1.7960000e+03  -7.7039171e+03  -2.7881197e+04
   1.7970000e+03  -4.7008802e+02  -2.4132882e+02
   1.7980000e+03  -1.8268424e+04  -6.4857765e+03
   1.7990000e+03  -1.7387351e+04  -4.4277159e+04
   1.8000000e+03  -2.4392938e+04  -4.3662541e+04
   1.8010000e+03  -4.2192915e+04  -2.7747498e+04
   1.8020000e+03  -9.9925799e+03  -5.4260630e+03
   1.8030000e+03   1.5267466e+04   5.0947603e+03
   1.8040000e+03  -1.7506110e+04  -2.6198844e+04
   1.8050000e+03  -2.7024549e+04  -3.3589758e+04
   1.8060000e+03  -6.1376582e+03   4.9770562e+03
   1.8070000e+03  -5.3224367e+03   9.7872212e+03
   1.8080000e+03  -2.7016918e+03  -1.5287503e+04
   1.8090000e+03  -9.8073110e+03  -1.1958911e+04
   1.8100000e+03  -3.4865825e+04  -3.9707437e+02
   1.8110000e+03  -2.2166863e+04   1.2866275e+04
   1.8120000e+03  -2.9048606e+03   2.4945401e+04
   1.8130000e+03  -2.4819028e+04  -1.0643318e+04
   1.8140000e+03  -2.7574354e+04  -3.3957905e+04
   1.8150000e+03  -1.3722435e+04   1.5896854e+03
   1.8160000e+03  -3.2870182e+04   4.8748396e+03
   1.8170000e+03  -3.1245569e+04  -1.7667352e+04
   1.8180000e+03   4.6076523e+03   2.4374905e+03
   1.8190000e+03   1.4510453e+04   2.2388845e+04
   1.8200000e+03  -2.1108264e+03   2.0182075e+04
   1.8210000e+03  -2.6817771e+04   2.0031444e+04
   1.8220000e+03  -2.8875933e+04   4.0417673e+03
   1.8230000e+03   1.3477591e+04  -2.5935942e+03
   1.8240000e+03   2.9817591e+04   2.7526414e+04
   1.8250000e+03  -1.3989080e+03   3.0584682e+04
   1.8260000e+03  -1.1650164e+04   1.5684483e+04
   1.8270000e+03  -1.5074151e+04   2.6860945e+04
   1.8280000e+03  -2.4752420e+04   8.0901275e+03
   1.8290000e+03   7.5071397e+03  -5.3036206e+03
   1.8300000e+03   2.4411286e+04   3.6895117e+04
   1.8310000e+03  -9.2736895e+03   4.0241680e+04
   1.8320000e+03  -3.3726326e+03   5.4188734e+03
   1.8330000e+03   1.9792653e+04   5.4439713e+03
   1.8340000e+03   2.2091950e+03   1.2999599e+04
   1.8350000e+03   3.7435484e+03   2.0592966e+04
   1.8360000e+03   1.6277654e+04   3.4585147e+04
   1.8370000e+03   1.0736790e+04   1.9049918e+04
   1.8380000e+03   2.6467556e+04   3.7376170e+03
   1.8390000e+03   2.2218934e+04   1.9720529e+04
   1.8400000e+03  -1.4848567e+04   1.7537331e+04
   1.8410000e+03  -3.1233037e+03   9.2643206e+03
   1.8420000e+03   2.5667483e+04   2.5410178e+04
   1.8430000e+03   1.4848960e+04   1.1033644e+04
   1.8440000e+03   1.9050168e+04  -1.2093474e+04
   1.8450000e+03   3.1012095e+04   1.0533674e+04
   1.8460000e+03   8.4700925e+03   2.1637525e+04
   1.8470000e+03   1.7081197e+03   5.4894367e+03
   1.8480000e+03   1.3497909e+04   4.5827411e+03
   1.8490000e+03   1.3443986e+04   2.8452586e+03
   1.8500000e+03   3.1346148e+04   2.3322432e+03
   1.8510000e+03   3.7629962e+04   2.0447309e+04
   1.8520000e+03   1.1764152e+04   1.7790270e+04
   1.8530000e+03   1.4024279e+04   2.4921675e+02
   1.8540000e+03   1.8566562e+04   3.8221040e+03
   1.8550000e+03  -7.7172945e+03  -8.7238792e+03
   1.8560000e+03  -2.3502223e+03  -2.1793199e+04
   1.8570000e+03   1.9109700e+04   2.0079082e+03
   1.8580000e+03   9.6096689e+03   1.8144008e+03
   1.8590000e+03   1.0810801e+04  -1.0428193e+04
   1.8600000e+03   1.3309994e+04   2.1899354e+03
   1.8610000e+03  -2.3337584e+03  -1.7956153e+04
   1.8620000e+03   1.7560879e+04  -3.9816963e+04
   1.8630000e+03   3.1262554e+04  -1.8118096e+04
   1.8640000e+03  -2.4827278e+03  -1.5716534e+04
   1.8650000e+03   3.0828131e+03  -2.5516385e+04
   1.8660000e+03   3.4429895e+04  -9.6601111e+03
   1.8670000e+03   1.8652865e+04  -9.7193541e+03
   1.8680000e+03  -5.4135858e+03  -1.8059578e+04
   1.8690000e+03  -1.9634126e+04  -1.2957182e+04
   1.8700000e+03  -2.1961838e+04  -3.3371100e+04
   1.8710000e+03   9.4084329e+03  -3.5918271e+04
   1.8720000e+03   9.7412904e+03   1.1184010e+04
   1.8730000e+03  -3.2445316e+04   1.1885005e+04
   1.8740000e+03  -2.7940269e+04  -2.4121626e+04
   1.8750000e+03  -4.7104681e+03  -1.9654194e+04
   1.8760000e+03  -1.2271943e+04  -1.9235824e+04
   1.8770000e+03  -2.2518618e+03  -2.8958213e+04
   1.8780000e+03  -1.7551732e+03  -8.9840217e+03
   1.8790000e+03  -2.9403186e+04  -3.4022243e+03
   1.8800000e+03  -8.7111740e+03  -1.6217304e+04
   1.8810000e+03   1.9503379e+04  -1.5426230e+04
   1.8820000e+03  -6.6539977e+03  -3.4049746e+04
   1.8830000e+03  -1.9172281e+04  -4.1134758e+04
   1.8840000e+03  -7.5332882e+03   2.7022852e+03
   1.8850000e+03  -6.9407237e+03   1.1913816e+04
   1.8860000e+03  -5.5383971e+02  -9.8080916e+03
   1.8870000e+03  -1.7915660e+04   7.5094226e+03
   1.8880000e+03  -5.7204117e+04   1.0090084e+04
   1.8890000e+03  -4.0780942e+04  -4.7151992e+03
   1.8900000e+03   1.1907528e+03   2.0714965e+03
   1.8910000e+03   3.3398139e+03  -7.8919529e+03
   1.8920000e+03  -5.7920565e+03  -6.4534268e+03
   1.8930000e+03  -2.5733766e+04   2.5567357e+04
   1.8940000e+03  -4.5229397e+04   1.1528407e+04
   1.8950000e+03  -1.4999845e+04  -2.5444984e+04
   1.8960000e+03   6.2430280e+03  -9.4546974e+03
   1.8970000e+03  -1.3517475e+04   9.1907010e+03
   1.8980000e+03  -6.3484435e+03  -4.9814435e+03
   1.8990000e+03   2.3729106e+03  -6.9618164e+03
   1.9000000e+03  -1.5961945e+04  -4.7737019e+03
   1.9010000e+03  -7.1048339e+03   1.1673252e+04
   1.9020000e+03  -1.7057106e+03   4.8305920e+04
   1.9030000e+03  -2.7585975e+04   2.9478209e+04
   1.9040000e+03  -1.6942709e+04  -5.0342027e+03
   1.9050000e+03   4.7569425e+03   1.3365609e+04
   1.9060000e+03  -1.1399036e+04   1.6839630e+04
   1.9070000e+03  -6.2836501e+03   4.5061883e+03
   1.9080000e+03   8.2591276e+03   1.3242585e+04
   1.9090000e+03  -6.7622868e+03   7.1873345e+03
   1.9100000e+03  -4.7338406e+03   9.5767860e+03
   1.9110000e+03  -3.1893879e+03   3.0413222e+04
   1.9120000e+03  -1.2025256e+04   1.1795052e+04
   1.9130000e+03   1.7705639e+04  -4.2262334e+03
   1.9140000e+03   2.8586329e+04   2.5455016e+04
   1.9150000e+03  -5.3019810e+03   2.6327365e+04
   1.9160000e+03  -5.8479902e+03   8.2149673e+03
   1.9170000e+03   3.9093712e+03   2.3052372e+04
   1.9180000e+03  -7.1008916e+03   1.7616154e+04
   1.9190000e+03   2.0762108e+04   4.0972428e+03
   1.9200000e+03   4.6818960e+04   2.3481954e+04
   1.9210000e+03   8.6265431e+03   2.6467800e+04
   1.9220000e+03  -1.5086227e+04   1.4143253e+04
   1.9230000e+03   3.4037006e+03   2.8199608e+03
   1.9240000e+03   1.3655128e+04  -2.3512002e+04
   1.9250000e+03   2.7784772e+04  -1.2794448e+04
   1.9260000e+03   2.3966965e+04   3.5259427e+04
   1.9270000e+03  -5.7207657e+03   3.1038447e+04
   1.9280000e+03   1.4571573e+04   1.1533923e+02
   1.9290000e+03   5.1267537e+04   5.5511167e+03
   1.9300000e+03   3.4211645e+04   4.0939303e+02
   1.9310000e+03   1.2963114e+04  -8.2374707e+03
   1.9320000e+03   7.3988926e+03   1.2144777e+04
   1.9330000e+03   7.3608965e+03   7.6575800e+03
   1.9340000e+03   3.3165488e+04   1.7405159e+03
   1.9350000e+03   3.2935800e+04   2.1341782e+04
   1.9360000e+03  -4.4185138e+03   6.2235504e+02
   1.9370000e+03   4.5441465e+03  -2.4154070e+04
   1.9380000e+03   2.9081955e+04  -3.3097744e+03
   1.9390000e+03   1.4542242e+04  -2.8813104e+03
   1.9400000e+03   1.0087435e+04  -2.0196439e+04
   1.9410000e+03   3.7546556e+03  -4.6976142e+03
   1.9420000e+03  -1.3612766e+04   2.2357224e+03
   1.9430000e+03   2.1009041e+04  -1.0795561e+04
   1.9440000e+03   5.2536904e+04  -1.2108281e+04
   1.9450000e+03   1.3591469e+04  -2.7664376e+04
   1.9460000e+03  -2.0587131e+04  -2.7058089e+04
   1.9470000e+03  -1.6247679e+04   1.2756371e+04
   1.9480000e+03  -2.7094132e+03   4.1169831e+03
   1.9490000e+03   2.3129502e+04  -2.9094260e+04
   1.9500000e+03   1.9088461e+04  -1.8783030e+04
   1.9510000e+03  -2.1513059e+04  -2.1041676e+04
   1.9520000e+03  -1.8981973e+04  -2.6017973e+04
   1.9530000e+03   3.3785575e+03   4.9014004e+03
   1.9540000e+03  -4.5059142e+03   1.0964806e+04
   1.9550000e+03   5.0162949e+02  -1.5276102e+04
   1.9560000e+03   8.2245618e+02  -2.9416618e+04
   1.9570000e+03  -2.0012850e+04  -3.4364950e+04
   1.9580000e+03  -7.0445860e+03  -1.8862881e+04
   1.9590000e+03   1.8766882e+03   5.3352699e+03
   1.9600000e+03  -2.7322967e+04  -1.7461021e+04
   1.9610000e+03  -2.7547823e+04  -3.8970822e+04
   1.9620000e+03  -9.5008535e+03  -1.2514498e+04
   1.9630000e+03  -1.4963294e+04  -9.5207273e+03
   1.9640000e+03  -9.9220802e+03  -1.9855806e+04
   1.9650000e+03  -1.2929123e+04  -6.4792240e+03
   1.9660000e+03  -3.6475694e+04  -1.9771263e+04
   1.9670000e+03  -1.8296289e+04  -2.7944093e+04
   1.9680000e+03   2.1808556e+02   7.6310073e+03
   1.9690000e+03  -2.7270413e+04   2.3493752e+04
   1.9700000e+03  -2.4171573e+04   8.1390596e+03
   1.9710000e+03  -3.9237841e+03  -1.2490492e+04
   1.9720000e+03  -1.9876082e+04  -3.6776335e+04
   1.9730000e+03  -2.4267029e+04  -1.5204152e+04
   1.9740000e+03  -2.2444769e+04   3.8779654e+04
   1.9750000e+03  -3.4029894e+04   1.7115004e+04
   1.9760000e+03  -1.7555386e+04  -3.4275795e+04
   1.9770000e+03  -3.3725449e+03  -1.1280271e+04
   1.9780000e+03  -1.2788457e+04   1.7855133e+04
   1.9790000e+03   2.7976924e+03   9.3206101e+03
   1.9800000e+03   2.7523889e+03   5.4583558e+03
   1.9810000e+03  -3.8985319e+04   2.1060293e+03
   1.9820000e+03  -3.1799905e+04   7.7829139e+03
   1.9830000e+03   9.2440036e+03   1.5955324e+04
   1.9840000e+03   6.7586450e+03   1.8700503e+02
   1.9850000e+03  -1.5408429e+03   9.8468268e+03
   1.9860000e+03  -8.8950017e+03   4.3718096e+04
   1.9870000e+03  -3.0102301e+04   2.1591439e+04
   1.9880000e+03  -1.2463980e+04  -1.2245983e+04
   1.9890000e+03   9.2914748e+03   1.3819188e+04
   1.9900000e+03  -8.5071817e+03   3.0649082e+04
   1.9910000e+03  -3.4424001e+03   1.8667304e+04
   1.9920000e+03   1.4809320e+04   2.4284884e+04
   1.9930000e+03   6.5413449e+03   1.7959980e+04
   1.9940000e+03   1.3920932e+04   1.4342771e+04
   1.9950000e+03   2.5900873e+04   2.9897135e+04
   1.9960000e+03   1.7005990e+04   7.6884937e+03
   1.9970000e+03   1.9378367e+04  -1.5931733e+04
   1.9980000e+03   9.9972494e+03   3.5749200e+03
   1.9990000e+03  -1.1338276e+04   1.7404401e+04
   2.0000000e+03   1.3560997e+04   3.2983716e+04
