   1.0274000e+02   2.5123000e+01
   1.0151040e+02   2.4934100e+01
   0.0000000e+00  -2.8525360e+05  -2.8525360e+05
   1.0000000e+00  -1.9092485e+05  -1.0277068e+05
   2.0000000e+00   1.8382112e+05   2.0476511e+05
   3.0000000e+00   3.4667983e+05   4.7009950e+05
   4.0000000e+00   1.4291664e+05   2.4144476e+05
   5.0000000e+00  -6.9663341e+04  -3.6923062e+05
   6.0000000e+00  -1.4661117e+05  -5.4745220e+05
   7.0000000e+00  -6.6989156e+04  -3.3148256e+04
   8.0000000e+00   1.2630178e+05   5.5435534e+05
   9.0000000e+00   8.9948988e+04   4.6290310e+05
   1.0000000e+01  -2.5708780e+05  -3.0068672e+05
   1.1000000e+01  -3.6861535e+05  -7.2263508e+05
   1.2000000e+01   1.0363788e+05  -1.6911722e+05
   1.3000000e+01   6.2485547e+05   5.4510962e+05
   1.4000000e+01   4.2160120e+05   4.5937515e+05
   1.5000000e+01  -3.7786644e+05  -1.5988670e+05
   1.6000000e+01  -7.1627635e+05  -4.9957556e+05
   1.7000000e+01  -1.0908373e+05  -2.7713006e+05
   1.8000000e+01   5.2581605e+05   1.9287981e+05
   1.9000000e+01   4.2205867e+05   3.7469135e+05
   2.0000000e+01  -1.0997089e+04   1.5572943e+05
   2.1000000e+01  -2.8580216e+05  -7.0207529e+04
   2.2000000e+01  -2.7396792e+05  -1.9603939e+05
   2.3000000e+01   9.2725912e+03  -2.2164227e+05
   2.4000000e+01   1.7399865e+05   3.7600615e+04
   2.5000000e+01   1.3230530e+04   2.3397358e+05
   2.6000000e+01  -1.1635764e+05   3.8814828e+03
   2.7000000e+01  -2.8188982e+04  -2.3476087e+05
   2.8000000e+01   1.2974207e+05  -1.5847351e+05
   2.9000000e+01   1.7173250e+05   2.8648566e+03
   3.0000000e+01  -9.9474720e+04   4.0062726e+04
   3.1000000e+01  -4.4896323e+05  -4.6848494e+04
   3.2000000e+01  -3.1998685e+05  -1.1526350e+05
   3.3000000e+01   1.8709392e+05  -1.1196838e+04
   3.4000000e+01   5.0597046e+05   1.5790955e+05
   3.5000000e+01   4.0427378e+05   1.7118297e+05
   3.6000000e+01  -2.0876183e+04   3.6196488e+04
   3.7000000e+01  -3.6744719e+05  -1.1596322e+05
   3.8000000e+01  -2.9539350e+05  -1.0591657e+05
   3.9000000e+01  -4.3101665e+04   1.7281492e+05
   4.0000000e+01   2.4973053e+05   3.4147362e+05
   4.1000000e+01   7.5200984e+05   4.3261802e+04
   4.2000000e+01   9.2591991e+05  -2.5547733e+05
   4.3000000e+01   1.8367114e+05  -8.8984364e+04
   4.4000000e+01  -7.1595562e+05   9.5933641e+04
   4.5000000e+01  -1.0268012e+06  -1.4010271e+05
   4.6000000e+01  -1.1067090e+06  -3.6956858e+05
   4.7000000e+01  -7.3112760e+05  -9.2062116e+04
   4.8000000e+01   4.9347377e+05   3.3320360e+05
   4.9000000e+01   1.1287221e+06   1.6340473e+05
   5.0000000e+01   1.8234671e+05  -3.9512937e+05
   5.1000000e+01  -6.1002348e+05  -3.3869578e+05
   5.2000000e+01  -1.5301429e+05   2.9235754e+05
   5.3000000e+01   1.1252202e+05   4.2534088e+05
   5.4000000e+01  -2.4599158e+05  -9.0471966e+04
   5.5000000e+01   5.1892675e+04  -3.5873320e+05
   5.6000000e+01   8.1075401e+05   1.5003589e+04
   5.7000000e+01   7.1541243e+05   4.2262993e+05
   5.8000000e+01  -1.2601579e+05   2.5403930e+05
   5.9000000e+01  -5.7979339e+05  -1.9210071e+05
   6.0000000e+01  -2.2550161e+05  -2.7808830e+05
   6.1000000e+01   3.3136289e+05  -1.2362203e+04
   6.2000000e+01   3.0751593e+05   2.0503280e+05
   6.3000000e+01  -2.4285940e+05   2.3127346e+05
   6.4000000e+01  -4.6231848e+05   8.3191287e+04
   6.5000000e+01  -8.2744954e+04  -1.4954295e+05
   6.6000000e+01   2.2561896e+05  -1.9874504e+05
   6.7000000e+01   1.2093941e+05   1.7983779e+04
   6.8000000e+01  -1.3718751e+05   2.1037050e+05
   6.9000000e+01  -2.2365913e+05   1.0937926e+05
   7.0000000e+01   1.2321446e+04  -1.5779226e+05
   7.1000000e+01   2.5031971e+05  -1.8212736e+05
   7.2000000e+01   1.4349654e+05   6.9143159e+04
   7.3000000e+01  -7.1214106e+04   1.7330179e+05
   7.4000000e+01  -9.9891984e+04   7.0315877e+03
   7.5000000e+01  -3.3764921e+04  -1.3401463e+05
   7.6000000e+01   6.5101792e+04  -5.7747077e+04
   7.7000000e+01   1.9887243e+05   1.3433559e+05
   7.8000000e+01   1.0738247e+05   2.0811242e+05
   7.9000000e+01  -1.7421324e+05   4.3842642e+04
   8.0000000e+01  -1.8135205e+05  -1.8324988e+05
   8.1000000e+01   3.1668113e+04  -1.8003421e+05
   8.2000000e+01   9.4977747e+04   4.8718176e+04
   8.3000000e+01   1.8413375e+04   2.3368976e+05
   8.4000000e+01  -6.6209306e+04   1.6331356e+05
   8.5000000e+01  -9.2353360e+04  -1.2251268e+05
   8.6000000e+01  -6.8770810e+04  -2.6334348e+05
   8.7000000e+01  -1.3212220e+04  -7.3777790e+04
   8.8000000e+01   9.3003783e+04   1.3263391e+05
   8.9000000e+01   9.3731300e+04   1.2726599e+05
   9.0000000e+01  -6.2646020e+04  -1.4387919e+03
   9.1000000e+01  -9.1111466e+04  -1.2187479e+05
   9.2000000e+01   7.6605727e+04  -8.5728515e+04
   9.3000000e+01   1.2955502e+05   8.0146998e+04
   9.4000000e+01  -1.3371738e+04   9.2782496e+04
   9.5000000e+01  -9.6925058e+04  -6.4431572e+04
   9.6000000e+01  -1.5725689e+04  -1.0305461e+05
   9.7000000e+01   1.2015727e+05  -1.7499566e+04
   9.8000000e+01   1.3009116e+05   3.4547314e+04
   9.9000000e+01  -5.0160329e+04   4.7872646e+04
   1.0000000e+02  -1.3519728e+05   1.3544479e+02
   1.0100000e+02   1.8483084e+04  -6.7080703e+04
   1.0200000e+02   8.1277789e+04  -8.6966894e+04
   1.0300000e+02  -5.0634520e+04  -1.0656736e+05
   1.0400000e+02  -7.4816107e+04  -4.1414104e+04
   1.0500000e+02   4.3994262e+04   1.1832326e+05
   1.0600000e+02   5.8563886e+04   1.0823035e+05
   1.0700000e+02  -4.3442650e+04  -7.5854840e+04
   1.0800000e+02  -8.1581712e+04  -1.3147527e+05
   1.0900000e+02   6.8700561e+03  -2.7645919e+04
   1.1000000e+02   7.6506944e+04   4.4986406e+04
   1.1100000e+02  -2.0885860e+03   5.3963270e+04
   1.1200000e+02  -2.2976400e+04   2.4431268e+04
   1.1300000e+02   1.1695167e+05  -1.5435770e+04
   1.1400000e+02   1.0486615e+05  -9.1897180e+02
   1.1500000e+02  -7.7967575e+04  -4.0752042e+03
   1.1600000e+02  -1.1264325e+05  -5.3618267e+04
   1.1700000e+02   6.5621695e+03  -2.6255092e+04
   1.1800000e+02   7.9557089e+04   3.9669139e+04
   1.1900000e+02   5.5267685e+04   3.7892833e+04
   1.2000000e+02   1.6141760e+04   2.9062639e+03
   1.2100000e+02   2.5718973e+03  -5.0399640e+04
   1.2200000e+02  -5.0166773e+04  -9.7680127e+04
   1.2300000e+02  -1.0057486e+05  -3.0129743e+04
   1.2400000e+02  -1.9919004e+04   9.9438154e+04
   1.2500000e+02   6.2206468e+04   1.2079238e+05
   1.2600000e+02  -1.5663869e+04   2.9799856e+04
   1.2700000e+02  -7.3536520e+04  -8.5237886e+04
   1.2800000e+02  -3.1256182e+04  -9.7151605e+04
   1.2900000e+02  -1.9016131e+04   4.1107297e+04
   1.3000000e+02   3.4110700e+04   1.1250318e+05
   1.3100000e+02   1.0844547e+05   4.4078425e+04
   1.3200000e+02   2.8091037e+04  -1.6419622e+02
   1.3300000e+02  -8.3150175e+04  -3.6661342e+04
   1.3400000e+02  -5.9139914e+04  -6.8464424e+04
   1.3500000e+02   9.1239487e+03   6.4471970e+01
   1.3600000e+02   6.0754829e+04   6.0004182e+04
   1.3700000e+02   8.1690937e+04   3.1855781e+04
   1.3800000e+02  -1.2091129e+04   1.9087629e+04
   1.3900000e+02  -1.2481754e+05   9.6363220e+03
   1.4000000e+02  -8.0113965e+04  -2.9567200e+04
   1.4100000e+02   2.6919303e+04  -1.6543488e+04
   1.4200000e+02   4.5950790e+04   1.2883585e+04
   1.4300000e+02  -1.8212142e+04   2.6734205e+04
   1.4400000e+02  -7.9457363e+04   7.7109102e+04
   1.4500000e+02  -4.0206961e+04   5.8915505e+04
   1.4600000e+02   1.2347923e+04  -3.9839878e+04
   1.4700000e+02  -3.3023820e+04  -4.9610159e+04
   1.4800000e+02  -3.4427066e+04   7.8502059e+03
   1.4900000e+02   7.1338648e+04   4.4960357e+04
   1.5000000e+02   8.8480425e+04   7.0369987e+04
   1.5100000e+02  -2.2670813e+04   3.2108448e+04
   1.5200000e+02  -5.2764880e+04  -5.0647349e+04
   1.5300000e+02   2.4281037e+04  -4.4037310e+04
   1.5400000e+02   4.9028002e+04   1.2445096e+04
   1.5500000e+02  -1.0667295e+03   1.4205320e+04
   1.5600000e+02  -4.7457290e+04   1.3771029e+04
   1.5700000e+02  -4.8659641e+03   8.6414422e+03
   1.5800000e+02   7.3991553e+04  -2.3960855e+04
   1.5900000e+02   2.6192562e+04  -1.7456443e+04
   1.6000000e+02  -6.7551911e+04  -1.6132450e+04
   1.6100000e+02  -6.2971788e+04  -2.1024934e+04
   1.6200000e+02  -9.3936446e+03   3.5319026e+04
   1.6300000e+02   5.5991927e+04   3.6794379e+04
   1.6400000e+02   7.1468493e+04  -3.0698222e+04
   1.6500000e+02  -1.5977026e+04  -9.0248550e+03
   1.6600000e+02  -4.7332624e+04   4.3205317e+04
   1.6700000e+02   4.0575262e+04   1.1053389e+04
   1.6800000e+02   5.7084122e+04  -2.3154324e+04
   1.6900000e+02  -8.7753544e+03  -2.7967992e+04
   1.7000000e+02  -2.0198345e+04  -3.0219608e+04
   1.7100000e+02  -1.9923293e+04   8.0060753e+03
   1.7200000e+02  -1.7304740e+04  -1.0424411e+03
   1.7300000e+02   2.6422754e+04  -7.4315485e+04
   1.7400000e+02   3.6896865e+04  -3.8239922e+04
   1.7500000e+02   2.2608179e+04   3.4973315e+04
   1.7600000e+02   6.9834561e+03   1.5601629e+03
   1.7700000e+02  -2.9969637e+04  -3.1224721e+04
   1.7800000e+02  -3.9641022e+02  -1.8887377e+04
   1.7900000e+02   7.5030047e+04  -7.8651411e+03
   1.8000000e+02   4.5544638e+04   2.1055620e+04
   1.8100000e+02  -3.7725282e+04   3.3684536e+04
   1.8200000e+02  -3.7895894e+04  -6.4721058e+03
   1.8300000e+02   1.0435170e+04  -4.0811369e+04
   1.8400000e+02   5.1256186e+04  -3.5292540e+04
   1.8500000e+02   4.9709065e+04   9.4055308e+03
   1.8600000e+02  -3.1526697e+04   6.9462579e+04
   1.8700000e+02  -6.4451887e+04   2.2842244e+04
   1.8800000e+02  -6.6861724e+02  -9.3507931e+04
   1.8900000e+02   1.6480622e+04  -6.7100281e+04
   1.9000000e+02   6.5874335e+03   3.6822074e+04
   1.9100000e+02   8.7004209e+03   4.9315614e+04
   1.9200000e+02  -1.9214407e+04   8.1767802e+03
   1.9300000e+02   1.6184738e+03  -4.8992031e+04
   1.9400000e+02   4.1514233e+04  -6.3458027e+04
   1.9500000e+02  -1.5414176e+04   1.7776715e+04
   1.9600000e+02  -5.3364452e+04   5.3707245e+04
   1.9700000e+02   1.3093323e+04  -5.7638479e+03
   1.9800000e+02   3.0949583e+04  -1.2659049e+04
   1.9900000e+02  -2.4190502e+04   1.4763719e+04
   2.0000000e+02  -3.1833760e+04  -8.4039062e+03
   2.0100000e+02  -1.0110518e+04  -2.9111326e+03
   2.0200000e+02   1.5247000e+04   1.9991143e+04
   2.0300000e+02   1.5959309e+04   7.0077321e+03
   2.0400000e+02  -4.9090936e+04   1.7516336e+04
   2.0500000e+02  -4.0174529e+04   1.1007514e+04
   2.0600000e+02   5.0773932e+04  -2.5477296e+04
   2.0700000e+02   3.4371627e+04  -1.8299469e+04
   2.0800000e+02  -3.7099775e+04  -1.9979925e+04
   2.0900000e+02  -3.2333226e+04  -2.2360838e+04
   2.1000000e+02  -7.5928563e+02   3.1261413e+04
   2.1100000e+02   1.6319730e+04   3.3995490e+04
   2.1200000e+02   1.5494183e+04  -2.7926595e+04
   2.1300000e+02  -2.9324999e+04  -1.7680767e+04
   2.1400000e+02  -6.3517817e+04   2.9636494e+04
   2.1500000e+02  -3.6764665e+04   1.8028087e+04
   2.1600000e+02  -1.5566299e+03   8.7164135e+03
   2.1700000e+02   3.9127828e+04   1.7129557e+04
   2.1800000e+02   5.7359344e+04   1.9360984e+04
   2.1900000e+02  -8.6016152e+03   4.2789138e+04
   2.2000000e+02  -4.8227082e+04   1.1214210e+04
   2.2100000e+02  -2.1847718e+04  -5.9807580e+04
   2.2200000e+02  -2.4985080e+04  -2.9896476e+04
   2.2300000e+02  -6.3862092e+03   3.2328231e+04
   2.2400000e+02   4.7788869e+04   3.4907792e+04
   2.2500000e+02   2.7386979e+04   2.9779918e+04
   2.2600000e+02  -2.6122706e+04   3.7953389e+03
   2.2700000e+02  -9.4256966e+03  -3.2529301e+04
   2.2800000e+02   2.0054257e+04   3.2978710e+03
   2.2900000e+02   3.0501775e+03   4.0781802e+04
   2.3000000e+02  -2.1381550e+04  -1.2791857e+03
   2.3100000e+02  -2.7444176e+04  -2.4904109e+04
   2.3200000e+02   1.8835172e+04  -2.5126494e+02
   2.3300000e+02   7.0879699e+04   2.6332781e+04
   2.3400000e+02   3.1477610e+04   5.8312577e+04
   2.3500000e+02  -1.6504779e+04   2.0496863e+04
   2.3600000e+02  -2.9919306e+04  -7.0480061e+04
   2.3700000e+02  -6.3937023e+04  -6.7533972e+04
   2.3800000e+02  -2.8980559e+04  -1.0544424e+03
   2.3900000e+02   5.7637693e+04   3.9840919e+04
   2.4000000e+02   4.1606885e+04   5.7402229e+04
   2.4100000e+02  -2.0023185e+03   3.4848429e+04
   2.4200000e+02   3.3785505e+04   1.0869319e+03
   2.4300000e+02   3.4483282e+04   1.5318686e+04
   2.4400000e+02  -2.1428251e+04   2.0111651e+04
   2.4500000e+02  -2.6403677e+04  -1.5310587e+04
   2.4600000e+02  -8.8189027e+03  -1.2773555e+04
   2.4700000e+02   1.3010412e+04  -7.2280016e+03
   2.4800000e+02   4.7895081e+04  -3.6246420e+04
   2.4900000e+02   2.2291505e+04  -1.1763163e+04
   2.5000000e+02  -1.9859698e+04   2.0792413e+04
   2.5100000e+02  -1.6886706e+04   2.1707527e+02
   2.5200000e+02  -2.1266803e+04  -7.2803606e+03
   2.5300000e+02  -1.7497525e+04  -2.6254771e+04
   2.5400000e+02   5.4328137e+03  -5.2574066e+04
   2.5500000e+02  -1.1222989e+03  -5.1515101e+03
   2.5600000e+02   3.3475232e+02   3.7564372e+04
   2.5700000e+02   2.5072214e+04   1.6537408e+03
   2.5800000e+02  -3.3199557e+03  -1.8118099e+04
   2.5900000e+02  -3.1522541e+04   8.5129455e+03
   2.6000000e+02   2.3267467e+04   2.7307837e+04
   2.6100000e+02   5.1170695e+04   3.4374230e+04
   2.6200000e+02   1.3117189e+04  -8.0836722e+03
   2.6300000e+02  -1.3949465e+04  -6.5838214e+04
   2.6400000e+02  -3.1926563e+04  -2.6159576e+04
   2.6500000e+02  -9.6472481e+03   1.5004263e+04
   2.6600000e+02   3.3216849e+04  -2.6824708e+04
   2.6700000e+02   1.2230738e+04  -4.4600254e+04
   2.6800000e+02  -7.9444810e+03  -3.2006473e+04
   2.6900000e+02   2.7680982e+03  -1.5131178e+04
   2.7000000e+02  -2.3398929e+04   2.4047944e+04
   2.7100000e+02  -3.1560067e+04   6.0071429e+03
   2.7200000e+02   1.1607980e+04  -5.1099984e+04
   2.7300000e+02   1.4505259e+04  -2.1141071e+04
   2.7400000e+02  -3.3664398e+03   2.9661645e+04
   2.7500000e+02   6.9259359e+03   9.6193459e+03
   2.7600000e+02  -1.7650891e+04  -3.9490741e+03
   2.7700000e+02  -2.2443822e+04  -8.7519190e+03
   2.7800000e+02   2.6918544e+04  -1.9513736e+04
   2.7900000e+02   4.7842184e+03   2.0647190e+04
   2.8000000e+02  -3.4601453e+04   2.2725601e+04
   2.8100000e+02   8.0375651e+02  -3.6204352e+04
   2.8200000e+02   2.2638613e+04  -2.7837432e+04
   2.8300000e+02   1.8897518e+04   7.1034620e+03
   2.8400000e+02   1.5038275e+04   1.5852485e+03
   2.8500000e+02  -1.3603906e+04  -3.9300356e+02
   2.8600000e+02  -9.2956808e+03  -9.4198831e+03
   2.8700000e+02   2.8990433e+04  -1.8995772e+04
   2.8800000e+02  -4.9306829e+03   1.2009931e+04
   2.8900000e+02  -5.1684858e+04   2.7226274e+04
   2.9000000e+02  -7.5986669e+03   2.0951239e+03
   2.9100000e+02   2.4613598e+04   3.7831559e+03
   2.9200000e+02   8.3192892e+03   3.4142120e+03
   2.9300000e+02   5.9726797e+03  -7.4233855e+03
   2.9400000e+02  -1.6520643e+04   3.7966974e+04
   2.9500000e+02  -2.4893308e+04   4.4446913e+04
   2.9600000e+02   9.4629573e+03  -1.5448709e+04
   2.9700000e+02   1.8187923e+04  -3.6114410e+03
   2.9800000e+02   2.0230555e+04   3.0001142e+04
   2.9900000e+02   2.0023499e+04   1.2811420e+04
   3.0000000e+02  -1.5997297e+04   1.9846973e+04
   3.0100000e+02  -1.9803504e+04   2.6651560e+04
   3.0200000e+02   1.2656144e+04  -8.4439433e+03
   3.0300000e+02  -5.3172460e+03  -1.8558474e+04
   3.0400000e+02  -2.1117956e+04   1.5759949e+03
   3.0500000e+02   1.8152570e+04   2.2765140e+04
   3.0600000e+02   9.4351726e+03   4.3810419e+04
   3.0700000e+02  -3.7266597e+04   3.6345731e+03
   3.0800000e+02  -3.9157792e+04  -4.9326101e+04
   3.0900000e+02  -3.1336378e+04   7.1659060e+03
   3.1000000e+02  -4.4786777e+02   5.8098133e+04
   3.1100000e+02   4.3219054e+04   1.7588750e+04
   3.1200000e+02   1.9363289e+04  -5.0532291e+02
   3.1300000e+02  -1.4363263e+04   7.1286698e+03
   3.1400000e+02  -8.2733395e+03   1.7005332e+04
   3.1500000e+02  -1.4651586e+04   5.3124125e+04
   3.1600000e+02  -7.9837810e+03   3.9821105e+04
   3.1700000e+02   2.4074811e+04  -1.3269358e+04
   3.1800000e+02   7.9743910e+03  -2.1121161e+03
   3.1900000e+02  -1.0088686e+04   1.2246518e+04
   3.2000000e+02   1.8497521e+04  -2.5672998e+04
   3.2100000e+02  -6.6416742e+03  -2.2208430e+04
   3.2200000e+02  -3.5950831e+04  -6.1652343e+03
   3.2300000e+02   8.8827453e+03  -3.4021710e+04
   3.2400000e+02   2.5204826e+03  -2.0996422e+04
   3.2500000e+02  -3.4040256e+04   3.5493037e+03
   3.2600000e+02  -7.5944420e+03  -6.3626957e+03
   3.2700000e+02   7.6301354e+03   1.6863835e+04
   3.2800000e+02   2.9338897e+03   1.9037864e+04
   3.2900000e+02   3.1211475e+03  -2.8502700e+04
   3.3000000e+02  -1.1797026e+04  -2.2420211e+04
   3.3100000e+02   1.2040825e+04   9.2466620e+03
   3.3200000e+02   4.8716853e+04   4.6587545e+03
   3.3300000e+02  -2.5435795e+03   1.3682526e+04
   3.3400000e+02  -4.7600358e+04   5.8014835e+03
   3.3500000e+02  -3.4851282e+03  -4.3251608e+04
   3.3600000e+02   2.7198363e+03  -3.1927150e+04
   3.3700000e+02  -1.5095940e+04  -2.9478602e+03
   3.3800000e+02   2.4950594e+04  -3.1511805e+04
   3.3900000e+02   2.6874814e+04  -2.5501603e+04
   3.4000000e+02   9.6525376e+03  -6.4555126e+03
   3.4100000e+02   3.0401188e+04  -1.3736819e+04
   3.4200000e+02   6.5813502e+03   1.8287584e+04
   3.4300000e+02  -2.2968861e+04   1.3969088e+04
   3.4400000e+02   1.3719146e+03  -4.0706872e+04
   3.4500000e+02   1.3278811e+04  -2.9166246e+04
   3.4600000e+02   2.0198849e+04  -5.9129776e+03
   3.4700000e+02   3.9634554e+04  -2.4107812e+04
   3.4800000e+02   7.7982106e+03  -1.3999370e+04
   3.4900000e+02  -2.1943542e+04  -8.2701499e+03
   3.5000000e+02   1.9457163e+04  -3.3712585e+04
   3.5100000e+02   3.0581853e+04  -1.0027563e+04
   3.5200000e+02   6.4733161e+03   2.2475722e+04
   3.5300000e+02   1.9893748e+04  -2.7982674e+03
   3.5400000e+02  -1.3410886e+03  -2.0095737e+04
   3.5500000e+02  -3.8931732e+04  -2.3523070e+04
   3.5600000e+02  -8.8228584e+03  -1.8081699e+04
   3.5700000e+02   3.1269291e+04   2.9997952e+04
   3.5800000e+02   3.9150773e+04   3.8305201e+04
   3.5900000e+02   5.7637804e+03  -3.1927868e+03
   3.6000000e+02  -6.6429059e+04   2.9523693e+02
   3.6100000e+02  -6.7120999e+04   4.8502237e+03
   3.6200000e+02   3.0589711e+04  -1.7301642e+04
   3.6300000e+02   7.1851065e+04   8.0779445e+03
   3.6400000e+02   2.1643715e+04   3.3564991e+04
   3.6500000e+02  -1.5643999e+04   1.0621279e+04
   3.6600000e+02  -3.0354587e+04   1.5214736e+04
   3.6700000e+02  -1.2336747e+04   2.0338417e+04
   3.6800000e+02   2.9960797e+04  -1.0932323e+04
   3.6900000e+02   5.9268896e+03   8.4390102e+02
   3.7000000e+02  -2.4113976e+04   1.8488914e+04
   3.7100000e+02   3.2083378e+03   1.4697424e+03
   3.7200000e+02  -3.5818899e+03   1.3580041e+04
   3.7300000e+02  -2.8083137e+04   1.4257947e+04
   3.7400000e+02  -1.5585630e+04  -6.8857872e+03
   3.7500000e+02  -1.1789900e+04   1.6204714e+04
   3.7600000e+02  -3.3387940e+03   2.5358071e+04
   3.7700000e+02   2.0402533e+04  -5.0386442e+02
   3.7800000e+02  -9.5643578e+03   1.1791465e+04
   3.7900000e+02  -4.7572000e+04   1.4689152e+04
   3.8000000e+02  -2.1015100e+04  -1.6333789e+04
   3.8100000e+02  -1.1468703e+04   9.6324091e+03
   3.8200000e+02  -2.2176568e+04   3.9365629e+04
   3.8300000e+02   2.2037723e+02   1.0981498e+04
   3.8400000e+02  -7.2670244e+03   1.5742032e+04
   3.8500000e+02  -1.1985257e+04   2.6347637e+04
   3.8600000e+02   1.9800475e+04  -1.8452509e+03
   3.8700000e+02  -3.3350076e+03   7.2668878e+03
   3.8800000e+02  -3.2355166e+04   1.1063955e+04
   3.8900000e+02   6.0584168e+02  -2.0186381e+04
   3.9000000e+02   1.2105082e+04   5.0608601e+03
   3.9100000e+02   7.6662254e+02   4.1203954e+04
   3.9200000e+02   1.0733482e+04   1.1620465e+04
   3.9300000e+02  -7.1717128e+03  -1.1849139e+04
   3.9400000e+02  -2.0937867e+04  -9.6442061e+03
   3.9500000e+02   1.1565113e+04  -1.4427358e+04
   3.9600000e+02   3.3281572e+03   6.1822143e+03
   3.9700000e+02  -2.1396999e+04   1.0526859e+04
   3.9800000e+02  -5.7748902e+03  -1.8467613e+04
   3.9900000e+02  -2.0612723e+04  -5.3591126e+01
   4.0000000e+02  -2.4305931e+04   6.3767466e+03
   4.0100000e+02   1.5922883e+04  -3.6664750e+04
   4.0200000e+02   7.2032945e+03  -2.9047994e+04
   4.0300000e+02  -6.6214241e+03   7.5618840e+02
   4.0400000e+02   2.7631740e+04   3.9091715e+03
   4.0500000e+02   3.0181694e+04   1.6237984e+04
   4.0600000e+02   7.5659460e+03   9.1656009e+02
   4.0700000e+02   1.2946867e+04  -3.7087941e+04
   4.0800000e+02   4.7069238e+03  -2.0155828e+04
   4.0900000e+02  -3.7643595e+03   1.1107408e+03
   4.1000000e+02   2.3948176e+04  -2.3283419e+04
   4.1100000e+02   1.6880834e+04  -1.8925173e+04
   4.1200000e+02  -3.7670477e+03  -5.6504127e+03
   4.1300000e+02   1.0329525e+04  -1.7692041e+04
   4.1400000e+02  -1.0749460e+04   8.8442830e+03
   4.1500000e+02  -1.8357609e+04   1.3250677e+04
   4.1600000e+02   2.2373645e+04  -2.7275565e+04
   4.1700000e+02   8.2627501e+03  -6.2061840e+03
   4.1800000e+02  -1.1867062e+04   7.5325231e+03
   4.1900000e+02   2.7042870e+04  -3.6054267e+04
   4.2000000e+02   4.0310626e+04  -1.7458611e+04
   4.2100000e+02   2.5393321e+04   3.2575045e+04
   4.2200000e+02   2.7302578e+04   2.2734068e+04
   4.2300000e+02   1.0867793e+04   2.0015603e+03
   4.2400000e+02  -1.2405122e+03  -2.1905954e+04
   4.2500000e+02   1.8207913e+04  -4.9307623e+04
   4.2600000e+02   6.0611029e+03  -5.6560213e+03
   4.2700000e+02  -4.9319491e+03   3.9986201e+04
   4.2800000e+02   1.3675975e+04   7.6110321e+03
   4.2900000e+02  -2.0045943e+04  -1.2486040e+04
   4.3000000e+02  -4.1410945e+04  -1.5696098e+04
   4.3100000e+02   4.5951142e+03  -2.2075240e+04
   4.3200000e+02   5.7587847e+03   2.1129519e+04
   4.3300000e+02  -1.9979309e+04   2.8968874e+04
   4.3400000e+02   9.3344300e+02  -2.8149026e+04
   4.3500000e+02   1.0617230e+04  -2.6442451e+04
   4.3600000e+02   2.1848332e+03   9.7851678e+03
   4.3700000e+02   1.3423831e+04   5.0239164e+03
   4.3800000e+02   1.9934171e+03   7.4692874e+03
   4.3900000e+02  -1.1027981e+04   1.6669753e+04
   4.4000000e+02   1.8660388e+04   7.2153928e+03
   4.4100000e+02   1.5406634e+04   1.7906527e+04
   4.4200000e+02  -1.1377456e+04   1.2151141e+04
   4.4300000e+02  -6.0618565e+03  -1.7550584e+04
   4.4400000e+02  -1.9252825e+04   9.0657963e+03
   4.4500000e+02  -1.7233743e+04   2.5810245e+04
   4.4600000e+02   1.0719802e+04  -1.4364167e+04
   4.4700000e+02  -1.5171257e+04  -9.7829914e+03
   4.4800000e+02  -3.1367757e+04   1.7558234e+04
   4.4900000e+02  -4.6249255e+02   7.7871824e+03
   4.5000000e+02  -4.9549135e+03   4.2952840e+03
   4.5100000e+02  -1.9873480e+04   1.3840425e+02
   4.5200000e+02  -3.3216325e+03  -8.4503286e+03
   4.5300000e+02  -7.4930085e+03   1.3068117e+04
   4.5400000e+02  -1.2861109e+04   6.1946371e+03
   4.5500000e+02   9.7604990e+03  -2.9106945e+04
   4.5600000e+02  -7.5122511e+03   6.8660110e+03
   4.5700000e+02  -2.4938717e+04   3.9562094e+04
   4.5800000e+02   7.4542854e+03  -1.6294555e+03
   4.5900000e+02  -2.7209807e+02  -3.4232989e+03
   4.6000000e+02  -2.1111701e+04   1.3275537e+04
   4.6100000e+02  -7.2964656e+03  -1.0668536e+04
   4.6200000e+02  -2.3150767e+04   1.3603219e+03
   4.6300000e+02  -2.2651424e+04   1.7477398e+04
   4.6400000e+02   1.5028814e+04   8.6563736e+02
   4.6500000e+02   2.5035548e+03   1.2367001e+04
   4.6600000e+02  -1.4342807e+04   7.7476030e+03
   4.6700000e+02   1.5712584e+04  -2.9764343e+04
   4.6800000e+02   5.8121687e+03  -8.2590257e+03
   4.6900000e+02  -2.1503003e+04   2.7845213e+04
   4.7000000e+02   8.7287545e+03   5.5189710e+03
   4.7100000e+02   1.4443181e+04  -1.1566966e+01
   4.7200000e+02  -4.4073462e+02   6.8530693e+03
   4.7300000e+02   2.8322633e+04  -1.8394214e+04
   4.7400000e+02   1.7913001e+04  -9.5767453e+03
   4.7500000e+02  -1.1671115e+04   6.6665928e+02
   4.7600000e+02   1.7574191e+03  -2.1395329e+04
   4.7700000e+02  -6.5891421e+03   5.8876124e+03
   4.7800000e+02  -5.0806554e+03   3.5556979e+04
   4.7900000e+02   2.7228873e+04   1.1282110e+04
   4.8000000e+02   3.8257198e+02  -1.1199058e+03
   4.8100000e+02  -3.7807943e+04  -5.3789711e+03
   4.8200000e+02  -5.8964567e+03  -7.0130149e+03
   4.8300000e+02   1.8749871e+04   3.2922978e+04
   4.8400000e+02   1.7397844e+03   3.9284834e+04
   4.8500000e+02  -2.2626448e+03  -1.6126386e+04
   4.8600000e+02  -6.3057964e+03  -1.7353672e+04
   4.8700000e+02   2.5123035e+03   1.1702942e+04
   4.8800000e+02   2.7913536e+04  -7.6562898e+03
   4.8900000e+02   1.0716819e+03  -9.0000356e+03
   4.9000000e+02  -1.0859685e+04  -4.1688472e+03
   4.9100000e+02   3.3480348e+04  -2.5125471e+04
   4.9200000e+02   2.3745253e+04  -4.3080247e+03
   4.9300000e+02  -1.7806365e+03   1.0680541e+04
   4.9400000e+02   2.0442108e+04  -1.2369745e+04
   4.9500000e+02   1.1683879e+04   3.6563122e+03
   4.9600000e+02  -6.8034721e+03   8.8294099e+03
   4.9700000e+02   1.2787967e+04  -3.0381040e+04
   4.9800000e+02   1.8210389e+03  -1.7185612e+04
   4.9900000e+02  -1.5063386e+04   2.1247648e+04
   5.0000000e+02   1.0835305e+04   2.0821664e+04
   5.0100000e+02   2.0605074e+03   2.0951890e+04
   5.0200000e+02  -1.2377741e+04  -1.2409383e+04
   5.0300000e+02   1.7512810e+04  -5.9604786e+04
   5.0400000e+02   2.0391783e+03  -1.2458945e+04
   5.0500000e+02  -2.1305524e+04   2.9869845e+04
   5.0600000e+02   7.2892722e+03  -8.3194244e+03
   5.0700000e+02   9.0536947e+03  -1.3541036e+04
   5.0800000e+02   2.5022548e+03  -3.8502199e+03
   5.0900000e+02   9.4940793e+03  -2.7619251e+04
   5.1000000e+02  -2.5280442e+04  -1.8317276e+04
   5.1100000e+02  -3.2178377e+04   1.0941161e+03
   5.1200000e+02   2.4164977e+04  -8.2722856e+03
   5.1300000e+02   2.8011470e+04  -4.4263306e+03
   5.1400000e+02  -1.0628813e+04  -1.1311867e+04
   5.1500000e+02  -9.1395877e+03  -2.8017296e+04
   5.1600000e+02  -1.2277314e+04   1.1917035e+04
   5.1700000e+02  -6.5369547e+03   2.4250106e+04
   5.1800000e+02   3.0080854e+04  -3.2038193e+04
   5.1900000e+02   7.1855395e+03  -2.4198753e+04
   5.2000000e+02  -2.5858615e+04   1.3533660e+04
   5.2100000e+02   1.3868234e+03   3.1116701e+03
   5.2200000e+02   5.0807745e+03   9.2547194e+03
   5.2300000e+02  -1.2682657e+03   8.2577217e+02
   5.2400000e+02   2.5606180e+04  -3.2486266e+04
   5.2500000e+02   1.4292640e+04  -6.6812987e+03
   5.2600000e+02  -1.9118270e+04   1.9380295e+04
   5.2700000e+02  -1.4958084e+04  -5.8211389e+02
   5.2800000e+02  -1.6374495e+04   1.1573783e+04
   5.2900000e+02  -1.1886620e+04   2.1036493e+04
   5.3000000e+02   1.9032170e+04  -1.7402767e+04
   5.3100000e+02  -3.7118255e+03  -1.2732785e+04
   5.3200000e+02  -2.7427489e+04   1.6004043e+04
   5.3300000e+02   1.0742825e+04   3.1125695e+03
   5.3400000e+02  -4.1114737e+02   1.3097570e+04
   5.3500000e+02  -3.0267453e+04   2.5418672e+04
   5.3600000e+02   6.7543941e+02   4.1807100e+03
   5.3700000e+02   9.7022549e+03   1.4619622e+04
   5.3800000e+02   3.5154303e+03   1.7554308e+04
   5.3900000e+02   1.8016174e+04  -9.2386247e+03
   5.4000000e+02  -4.2408014e+02   9.0083240e+03
   5.4100000e+02  -1.1395045e+04   2.8878308e+04
   5.4200000e+02   9.6843148e+03   5.7741864e+03
   5.4300000e+02  -1.2752309e+04   1.5309398e+03
   5.4400000e+02  -2.5728016e+04   2.7280434e+03
   5.4500000e+02   1.7810285e+04  -9.6432691e+03
   5.4600000e+02   9.1627028e+03   2.1103033e+04
   5.4700000e+02  -1.4996373e+04   4.1726126e+04
   5.4800000e+02   1.5308043e+04   1.0627907e+04
   5.4900000e+02   5.8656929e+02   1.0009015e+04
   5.5000000e+02  -2.8132129e+04   8.1062445e+03
   5.5100000e+02  -6.7086891e+03  -1.8100717e+04
   5.5200000e+02  -5.5093456e+03   1.0171060e+04
   5.5300000e+02  -2.2303441e+03   2.8200507e+04
   5.5400000e+02   1.3763948e+04  -3.8185429e+03
   5.5500000e+02  -1.7693616e+04   5.6930482e+03
   5.5600000e+02  -3.1951849e+04   2.1819787e+04
   5.5700000e+02   4.7357058e+03  -6.1711980e+03
   5.5800000e+02   1.7405184e+03  -7.7309085e+03
   5.5900000e+02  -1.7214779e+04   1.5047510e+03
   5.6000000e+02   9.2101378e+03  -2.2973729e+04
   5.6100000e+02   8.4375015e+03  -9.2743509e+03
   5.6200000e+02  -1.2065993e+04   2.6910174e+04
   5.6300000e+02  -1.8497832e+03   2.1192429e+04
   5.6400000e+02  -1.5624707e+04   1.6972633e+04
   5.6500000e+02  -1.1259894e+04  -7.7979115e+03
   5.6600000e+02   3.0326251e+04  -4.6354901e+04
   5.6700000e+02   1.0411574e+04  -6.9544876e+03
   5.6800000e+02  -1.4547030e+04   2.5921176e+04
   5.6900000e+02   1.3756287e+04  -1.1231561e+04
   5.7000000e+02   1.3708614e+04  -1.9464557e+04
   5.7100000e+02   1.0264071e+03  -5.7959514e+03
   5.7200000e+02   1.2044604e+04  -7.5242375e+03
   5.7300000e+02  -8.6946464e+03   3.1609846e+02
   5.7400000e+02  -2.2464367e+04  -2.4984753e+04
   5.7500000e+02   1.1400869e+04  -5.6495297e+04
   5.7600000e+02   7.1757803e+03  -6.4823404e+03
   5.7700000e+02  -8.8107310e+03   2.7335403e+04
   5.7800000e+02   1.7995922e+04  -1.7402936e+04
   5.7900000e+02   8.3472716e+03  -2.1648530e+04
   5.8000000e+02  -6.9395007e+03  -2.5178188e+03
   5.8100000e+02   1.9472836e+04  -2.0201599e+04
   5.8200000e+02   2.1628056e+04  -1.3231608e+04
   5.8300000e+02   2.5145422e+04  -6.9911609e+03
   5.8400000e+02   3.6404757e+04  -1.3219478e+04
   5.8500000e+02  -4.6976776e+02   2.2320681e+04
   5.8600000e+02  -1.3753197e+04   1.8635747e+04
   5.8700000e+02   2.7164318e+04  -4.1137765e+04
   5.8800000e+02   1.6715283e+04  -3.5280349e+04
   5.8900000e+02  -2.5128411e+04  -2.3307333e+03
   5.9000000e+02  -7.0196878e+03  -1.4857107e+04
   5.9100000e+02   1.5749132e+04  -9.0018671e+03
   5.9200000e+02   1.3947916e+04  -7.6457553e+03
   5.9300000e+02   1.5980761e+04  -3.2036029e+04
   5.9400000e+02  -1.0902766e+04  -5.1577114e+02
   5.9500000e+02  -1.4177116e+04   2.6659215e+04
   5.9600000e+02   2.7943922e+04   2.5693473e+03
   5.9700000e+02   1.4971315e+04   1.4893580e+04
   5.9800000e+02  -1.5233914e+04   1.8508717e+04
   5.9900000e+02   6.0177979e+02  -1.5155818e+04
   6.0000000e+02   1.4507694e+03   1.2853711e+04
   6.0100000e+02  -2.7416919e+02   4.6137804e+04
   6.0200000e+02   1.8478950e+04   2.3831471e+03
   6.0300000e+02  -3.8386780e+03  -2.6024544e+04
   6.0400000e+02  -2.4734391e+04  -6.1506364e+03
   6.0500000e+02   3.6837268e+03   1.3660118e+04
   6.0600000e+02  -1.6900957e+03   3.5097364e+04
   6.0700000e+02  -1.8277522e+04   1.2811066e+04
   6.0800000e+02  -3.7241464e+03  -3.6986479e+04
   6.0900000e+02  -2.7064001e+04  -1.0209585e+04
   6.1000000e+02  -2.4916286e+04   2.5853070e+04
   6.1100000e+02   3.0675333e+04   7.0841072e+03
   6.1200000e+02   1.9998696e+04   1.0209000e+04
   6.1300000e+02  -1.2781288e+04   1.1943328e+04
   6.1400000e+02   6.7634409e+02  -3.3244142e+03
   6.1500000e+02  -6.1848814e+03   1.7927573e+04
   6.1600000e+02  -1.6987309e+04   1.5047408e+04
   6.1700000e+02   4.8216163e+03  -1.3007796e+04
   6.1800000e+02   7.8445149e+02   2.5479301e+04
   6.1900000e+02  -1.2786893e+04   5.0172008e+04
   6.2000000e+02  -6.0887048e+02  -5.7217333e+02
   6.2100000e+02  -2.7282219e+04  -8.7965738e+03
   6.2200000e+02  -4.7928348e+04   1.3750566e+04
   6.2300000e+02  -3.6943296e+03   1.3358371e+03
   6.2400000e+02   1.7109868e+03   1.8628626e+04
   6.2500000e+02  -2.1011292e+04   2.6214674e+04
   6.2600000e+02  -8.7142078e+03  -8.5341737e+03
   6.2700000e+02  -1.7256104e+04   1.0745506e+04
   6.2800000e+02  -1.7558676e+04   3.0055160e+04
   6.2900000e+02   4.9151615e+03  -1.6474848e+04
   6.3000000e+02  -1.8751956e+04  -3.0153321e+04
   6.3100000e+02  -2.3840111e+04  -6.5274023e+03
   6.3200000e+02   2.7398689e+04  -2.2694403e+03
   6.3300000e+02   2.2177255e+04   1.4173676e+04
   6.3400000e+02  -2.0122572e+04   1.0207499e+04
   6.3500000e+02  -8.7711901e+03  -3.2845833e+04
   6.3600000e+02  -4.4267618e+03  -2.4799359e+04
   6.3700000e+02  -8.3177098e+03  -3.3770474e+03
   6.3800000e+02   1.9268567e+04  -1.8984316e+04
   6.3900000e+02   4.8146461e+03   3.8709627e+03
   6.4000000e+02  -1.1109228e+04   1.1729938e+04
   6.4100000e+02   2.2408037e+04  -2.3844051e+04
   6.4200000e+02   1.3108778e+04   1.2611803e+03
   6.4300000e+02  -1.5722257e+04   3.0188086e+04
   6.4400000e+02  -4.4823076e+02   8.1018486e+03
   6.4500000e+02   1.0188571e+04   3.6587093e+03
   6.4600000e+02   1.4657599e+04  -1.2886155e+04
   6.4700000e+02   2.6498909e+04  -3.5886129e+04
   6.4800000e+02   4.5113329e+03   1.4029565e+04
   6.4900000e+02  -1.2630252e+04   4.8181505e+04
   6.5000000e+02   1.0520499e+04  -8.2649696e+03
   6.5100000e+02  -9.9591180e+02  -4.2372540e+04
   6.5200000e+02  -1.7071015e+04  -2.7613590e+04
   6.5300000e+02   1.8312603e+04  -1.6466214e+04
   6.5400000e+02   2.2645487e+04   7.1111255e+03
   6.5500000e+02   2.1124522e+04  -5.0987412e+03
   6.5600000e+02   4.6598478e+04  -3.8120753e+04
   6.5700000e+02   8.5562296e+03   8.5790076e+03
   6.5800000e+02  -2.8064490e+04   3.9575606e+04
   6.5900000e+02   9.1030161e+03  -1.8757369e+04
   6.6000000e+02   2.9167322e+04  -4.4397974e+04
   6.6100000e+02   2.6143110e+04  -1.5893769e+04
   6.6200000e+02   2.9433161e+04   1.6032910e+04
   6.6300000e+02  -8.5086908e+03   5.1205929e+04
   6.6400000e+02  -3.3080601e+04   2.2512359e+04
   6.6500000e+02   1.2570275e+04  -4.5254355e+04
   6.6600000e+02   2.5128672e+04  -1.3079359e+04
   6.6700000e+02  -3.0302380e+03   3.1741309e+04
   6.6800000e+02   7.6218437e+03  -1.5781796e+04
   6.6900000e+02   1.0065511e+04  -2.6779927e+04
   6.7000000e+02   5.3483200e+03   2.9473673e+03
   6.7100000e+02   1.4598998e+04  -5.9767251e+03
   6.7200000e+02  -1.6613558e+04   1.6293286e+03
   6.7300000e+02  -2.6040539e+04   3.4234654e+03
   6.7400000e+02   1.7652467e+04  -2.1471932e+04
   6.7500000e+02   1.6193304e+04  -1.1260929e+03
   6.7600000e+02  -7.9262873e+03   1.3425926e+04
   6.7700000e+02  -3.2924468e+03  -1.5312281e+04
   6.7800000e+02  -1.7163745e+04   2.6768516e+02
   6.7900000e+02  -1.5751384e+04   2.7851894e+04
   6.8000000e+02   2.3232395e+04   4.6454736e+03
   6.8100000e+02   4.4276570e+03   1.3099822e+03
   6.8200000e+02  -3.3834109e+04   7.6203588e+03
   6.8300000e+02  -1.6060644e+04  -1.0102478e+04
   6.8400000e+02  -1.2845496e+04   1.1493235e+04
   6.8500000e+02  -1.2374103e+04   2.2206924e+04
   6.8600000e+02   2.7109812e+03  -6.8677589e+03
   6.8700000e+02  -2.7136628e+04   6.4392432e+03
   6.8800000e+02  -2.4582747e+04   4.2678770e+03
   6.8900000e+02   2.5598427e+04  -3.3136773e+04
   6.9000000e+02   4.2506908e+03  -6.7126752e+03
   6.9100000e+02  -3.6496507e+04   2.0764695e+04
   6.9200000e+02  -1.5192332e+04  -6.9371246e+03
   6.9300000e+02  -4.8089315e+03  -6.8467842e+02
   6.9400000e+02  -3.1403960e+03   1.3307309e+04
   6.9500000e+02   2.6029259e+04  -1.3470261e+04
   6.9600000e+02   2.1534336e+03  -2.5338787e+03
   6.9700000e+02  -3.5618926e+04   2.1689333e+04
   6.9800000e+02  -5.7095076e+03   1.1524507e+04
   6.9900000e+02  -2.9077827e+03   2.4099392e+04
   7.0000000e+02  -2.3178362e+04   1.2183528e+04
   7.0100000e+02   8.3892394e+02  -3.0136137e+04
   7.0200000e+02  -1.8947888e+03  -2.2443383e+03
   7.0300000e+02  -1.3607921e+04   2.3389663e+04
   7.0400000e+02   1.1542565e+04  -5.8491487e+03
   7.0500000e+02   3.1980599e+03  -1.0410685e+03
   7.0600000e+02  -1.7634835e+04   3.9902622e+03
   7.0700000e+02   3.6069916e+03  -2.3776782e+04
   7.0800000e+02   1.3853226e+04  -3.9346399e+03
   7.0900000e+02   1.2045856e+04   2.4395823e+04
   7.1000000e+02   1.6960809e+04   3.1043967e+02
   7.1100000e+02  -1.6395137e+04  -3.7229552e+02
   7.1200000e+02  -2.3361348e+04   8.7251696e+03
   7.1300000e+02   2.6437242e+04  -1.9716979e+04
   7.1400000e+02   7.0060591e+03  -9.1432439e+03
   7.1500000e+02  -3.8269639e+04   1.2793283e+04
   7.1600000e+02  -7.7396203e+03  -2.7190695e+03
   7.1700000e+02   1.6727836e+04   1.7074123e+04
   7.1800000e+02   1.4668585e+04   3.3093219e+04
   7.1900000e+02   1.7860632e+04   3.5772723e+03
   7.2000000e+02  -7.2365317e+03   4.2122563e+03
   7.2100000e+02  -1.3082712e+04   9.9078680e+03
   7.2200000e+02   2.3905670e+04  -9.9192041e+03
   7.2300000e+02   1.8215726e+04   2.4095628e+03
   7.2400000e+02  -2.9476756e+02   1.2902122e+04
   7.2500000e+02   2.2389218e+04  -2.1390152e+03
   7.2600000e+02   7.1435458e+03   1.7309196e+04
   7.2700000e+02  -1.2907117e+04   1.9488099e+04
   7.2800000e+02   2.1860285e+04  -1.8283728e+04
   7.2900000e+02   1.1580113e+04  -3.9348068e+03
   7.3000000e+02  -1.8006876e+04   7.5950931e+03
   7.3100000e+02   9.1849058e+03  -2.4390872e+04
   7.3200000e+02   1.9937781e+04  -4.9411538e+03
   7.3300000e+02   9.8260071e+03   1.4835710e+04
   7.3400000e+02   2.1139251e+03  -1.1228515e+04
   7.3500000e+02  -2.8174179e+04   1.0508160e+03
   7.3600000e+02  -1.9956102e+04   7.9588837e+03
   7.3700000e+02   2.7767863e+04  -2.5348156e+04
   7.3800000e+02   1.7157381e+04  -1.0618106e+04
   7.3900000e+02  -7.5389567e+03   9.6768991e+03
   7.4000000e+02   1.4032127e+04  -1.3153893e+04
   7.4100000e+02  -2.6003376e+03   3.9352229e+03
   7.4200000e+02  -2.7564024e+04   2.2294006e+04
   7.4300000e+02   9.8323753e+03  -9.8147890e+03
   7.4400000e+02   1.2654120e+04  -1.4359456e+04
   7.4500000e+02  -1.3723550e+04  -1.9339553e+04
   7.4600000e+02  -9.3527984e+02  -4.2393540e+04
   7.4700000e+02  -3.7953475e+03  -6.4960065e+03
   7.4800000e+02  -3.4113893e+03   1.6757741e+04
   7.4900000e+02   1.8020533e+04  -2.2058879e+04
   7.5000000e+02  -4.7161075e+03  -2.8643834e+04
   7.5100000e+02  -1.9610226e+04  -1.3822859e+04
   7.5200000e+02   1.4597689e+04  -1.7466892e+04
   7.5300000e+02   1.3459607e+04   4.0312865e+03
   7.5400000e+02  -4.4282310e+03   1.0060104e+04
   7.5500000e+02   1.8061230e+04  -1.8262168e+04
   7.5600000e+02   7.9366344e+03   9.8111609e+03
   7.5700000e+02  -1.6698995e+04   3.5018377e+04
   7.5800000e+02   1.1973734e+04  -1.3355039e+04
   7.5900000e+02   1.4228971e+04  -2.0820812e+04
   7.6000000e+02  -5.8624839e+03   5.3073633e+03
   7.6100000e+02   5.5439950e+03  -9.7484503e+03
   7.6200000e+02  -8.7965593e+03  -1.0805178e+04
   7.6300000e+02  -1.5422121e+04  -1.0427269e+04
   7.6400000e+02   1.0547542e+04  -2.0907401e+04
   7.6500000e+02  -1.6838605e+04   6.0268727e+03
   7.6600000e+02  -4.4274266e+04   4.4209897e+03
   7.6700000e+02   2.9212693e+03  -3.1502810e+04
   7.6800000e+02   2.8431031e+04  -1.0169267e+01
   7.6900000e+02   4.3415381e+02   3.3419134e+04
   7.7000000e+02  -1.4287256e+04  -1.9092461e+03
   7.7100000e+02  -1.9793127e+04  -1.1339059e+03
   7.7200000e+02   1.5783157e+03   2.6435153e+04
   7.7300000e+02   4.0051915e+04   3.4105796e+03
   7.7400000e+02   8.9116335e+03  -5.0899587e+03
   7.7500000e+02  -2.5105106e+04   1.8356632e+03
   7.7600000e+02   9.6743137e+03  -4.5718882e+03
   7.7700000e+02   2.0186841e+04   2.5080697e+04
   7.7800000e+02  -9.4070447e+02   3.5057500e+04
   7.7900000e+02  -9.4867277e+03  -2.3726952e+03
   7.8000000e+02  -2.6326753e+04  -2.2786577e+03
   7.8100000e+02  -1.3531856e+04   9.6602935e+03
   7.8200000e+02   2.5667811e+04   3.4161144e+03
   7.8300000e+02   8.4437440e+01   3.3643259e+04
   7.8400000e+02  -3.7900390e+04   4.0568662e+04
   7.8500000e+02  -1.2858132e+03  -1.5145122e+04
   7.8600000e+02   1.8824788e+04  -1.1558743e+04
   7.8700000e+02  -5.7987714e+03   3.8596070e+04
   7.8800000e+02  -1.1929816e+04   2.6658021e+04
   7.8900000e+02  -2.8688331e+04   1.5791904e+03
   7.9000000e+02  -2.3759592e+04  -7.2535755e+03
   7.9100000e+02   1.7517194e+04  -1.0106665e+04
   7.9200000e+02   7.0957766e+02   2.6473607e+04
   7.9300000e+02  -1.8059639e+04   3.5053655e+04
   7.9400000e+02   2.1290177e+04  -4.0971236e+03
   7.9500000e+02   1.9638649e+04  -4.0378545e+03
   7.9600000e+02  -1.4461259e+04  -4.6039128e+02
   7.9700000e+02  -1.0705979e+04  -1.5202959e+04
   7.9800000e+02  -6.6912005e+03   1.9007620e+04
   7.9900000e+02   9.8793932e+02   3.6799538e+04
   8.0000000e+02   2.3008312e+04  -3.8490431e+03
   8.0100000e+02  -3.8683087e+03   2.5414265e+02
   8.0200000e+02  -2.9477062e+04   1.6656768e+04
   8.0300000e+02  -4.5151353e+03  -1.9007467e+04
   8.0400000e+02  -1.1658812e+04  -1.6150321e+04
   8.0500000e+02  -1.7174731e+04   1.2075500e+04
   8.0600000e+02   2.0266500e+04   3.7010247e+02
   8.0700000e+02   1.0292002e+04  -3.9656621e+03
   8.0800000e+02  -1.9224046e+04  -1.2332045e+04
   8.0900000e+02  -9.1720212e+03  -3.2159717e+04
   8.1000000e+02  -7.1974375e+03  -1.6034785e+04
   8.1100000e+02   2.6317895e+03  -1.0397224e+04
   8.1200000e+02   3.0560826e+04  -2.4310010e+04
   8.1300000e+02   7.8636133e+03  -2.6642811e+03
   8.1400000e+02  -1.7218877e+04  -3.6390236e+03
   8.1500000e+02   1.8881141e+04  -3.5251157e+04
   8.1600000e+02   2.5004838e+04  -4.5989080e+03
   8.1700000e+02  -1.0629044e+03   1.9706827e+04
   8.1800000e+02   7.7941781e+03  -1.9327207e+04
   8.1900000e+02   5.5992164e+02  -1.6250182e+04
   8.2000000e+02  -3.1678826e+02  -1.7702321e+03
   8.2100000e+02   3.0473347e+04  -2.6741826e+04
   8.2200000e+02   8.7834050e+03  -5.3087945e+03
   8.2300000e+02  -2.0640475e+04   1.7300777e+04
   8.2400000e+02   3.2174014e+03  -1.5265551e+04
   8.2500000e+02   1.4895624e+04  -1.9256129e+04
   8.2600000e+02   1.2062550e+04  -9.3659961e+03
   8.2700000e+02   1.3982686e+04  -2.4225141e+04
   8.2800000e+02  -9.9768522e+03  -5.8419141e+03
   8.2900000e+02  -1.2266591e+04   1.0628400e+04
   8.3000000e+02   2.7138736e+04  -1.3227188e+04
   8.3100000e+02   2.4536255e+04  -8.0667528e+03
   8.3200000e+02   1.2419930e+04  -6.5430169e+03
   8.3300000e+02   3.4738583e+04  -3.3188158e+04
   8.3400000e+02   8.6120703e+03  -1.8524603e+03
   8.3500000e+02  -2.0529713e+04   2.4261512e+04
   8.3600000e+02   7.0730296e+03  -6.2853809e+03
   8.3700000e+02   1.0903026e+04   4.5566970e+03
   8.3800000e+02   1.5606567e+04   1.4534162e+04
   8.3900000e+02   4.1872704e+04  -2.0755515e+04
   8.4000000e+02   6.6407741e+03  -4.9969706e+03
   8.4100000e+02  -3.3624175e+04   2.7452458e+04
   8.4200000e+02  -8.9922303e+03   5.1506673e+03
   8.4300000e+02  -9.7811374e+02  -4.5619114e+03
   8.4400000e+02  -1.5590354e+04   3.2629382e+03
   8.4500000e+02  -2.4586878e+03  -2.7613619e+03
   8.4600000e+02  -1.0538113e+04   2.4862348e+04
   8.4700000e+02  -1.3009820e+04   3.3740606e+04
   8.4800000e+02   1.9430224e+04  -1.4986392e+04
   8.4900000e+02  -6.7383609e+03  -8.7395879e+03
   8.5000000e+02  -3.1404690e+04   3.1308471e+04
   8.5100000e+02   1.2732924e+04   2.3749706e+04
   8.5200000e+02   3.9281648e+03   1.9474096e+04
   8.5300000e+02  -3.4144955e+04   6.7435323e+03
   8.5400000e+02  -1.4336370e+04  -2.0796302e+04
   8.5500000e+02  -3.1971422e+03   3.5259062e+03
   8.5600000e+02  -6.0611624e+03   1.8995764e+04
   8.5700000e+02  -2.0143348e+03  -8.4167039e+03
   8.5800000e+02  -3.4393431e+04   1.1378327e+04
   8.5900000e+02  -3.9324989e+04   3.4731016e+04
   8.6000000e+02   1.6782636e+04   1.2957435e+03
   8.6100000e+02   1.7907333e+04   5.4658818e+02
   8.6200000e+02  -1.8535072e+04   1.4454452e+04
   8.6300000e+02  -1.4658662e+04  -1.0011863e+04
   8.6400000e+02  -2.4806651e+04   8.7027605e+03
   8.6500000e+02  -1.7628720e+04   3.4899716e+04
   8.6600000e+02   2.6506996e+04   6.2856476e+03
   8.6700000e+02  -5.1700151e+02  -1.5200512e+03
   8.6800000e+02  -4.4957097e+04  -4.1305603e+03
   8.6900000e+02  -1.6755792e+04  -2.0580119e+04
   8.7000000e+02   6.3387893e+03   1.5567006e+04
   8.7100000e+02   2.1490269e+03   3.4838793e+04
   8.7200000e+02   5.5366682e+03  -1.5408488e+04
   8.7300000e+02  -1.2789336e+04  -2.5683227e+04
   8.7400000e+02  -2.6152415e+04   7.2964023e+03
   8.7500000e+02  -1.6613523e+03   9.8991776e+03
   8.7600000e+02   1.1312299e+03   1.0392747e+04
   8.7700000e+02   6.0609493e+02  -6.2015621e+03
   8.7800000e+02   2.4964161e+04  -3.3974090e+04
   8.7900000e+02  -3.6305783e+03   9.7531892e+03
   8.8000000e+02  -3.2009423e+04   3.7953574e+04
   8.8100000e+02   1.1820608e+04  -1.3973431e+04
   8.8200000e+02   2.9761985e+04  -2.4474499e+04
   8.8300000e+02   9.3075198e+03  -1.5965900e+02
   8.8400000e+02  -1.8377598e+03  -7.6336230e+03
   8.8500000e+02  -2.4169630e+04  -2.1915572e+03
   8.8600000e+02  -4.5782675e+03   1.3752555e+03
   8.8700000e+02   5.7514765e+04  -2.0566286e+04
   8.8800000e+02   3.8886167e+04  -1.3593924e+04
   8.8900000e+02  -2.2395381e+04  -1.9975474e+03
   8.9000000e+02  -9.9678604e+03  -2.0543866e+04
   8.9100000e+02   1.7412306e+04  -8.5240937e+03
   8.9200000e+02   2.1337294e+04   6.8722780e+03
   8.9300000e+02   2.9942782e+04  -1.7120105e+04
   8.9400000e+02   6.0567260e+03  -7.8032339e+03
   8.9500000e+02  -2.4447376e+03   9.9435214e+03
   8.9600000e+02   3.2723135e+04  -2.5462001e+03
   8.9700000e+02   1.4256476e+04   1.0276219e+04
   8.9800000e+02  -1.6606428e+04   4.4675844e+02
   8.9900000e+02   7.7839598e+03  -3.4038954e+04
   9.0000000e+02   1.0894624e+04  -7.4598834e+03
   9.0100000e+02  -9.2685517e+02   5.7659850e+03
   9.0200000e+02   1.6992371e+04  -3.0287405e+04
   9.0300000e+02   6.9561524e+03  -1.3078242e+04
   9.0400000e+02  -1.2163150e+04   1.5409415e+04
   9.0500000e+02   1.1317537e+04  -1.0052832e+04
   9.0600000e+02   1.8416300e+04  -9.1943215e+03
   9.0700000e+02   1.7412083e+04   6.8835692e+03
   9.0800000e+02   3.2883487e+04  -9.4744932e+03
   9.0900000e+02  -5.3540819e+03   4.6898656e+03
   9.1000000e+02  -3.4464016e+04   2.2979023e+04
   9.1100000e+02   9.3034696e+03   8.5412746e+03
   9.1200000e+02   2.0390600e+04   1.5444011e+04
   9.1300000e+02   2.6019487e+03   7.1228967e+03
   9.1400000e+02   1.2579876e+04  -1.7299623e+04
   9.1500000e+02  -5.5894745e+03   6.7721126e+03
   9.1600000e+02  -2.5572215e+04   5.2599961e+03
   9.1700000e+02   1.8556634e+03  -3.6524453e+04
   9.1800000e+02   4.3732705e+03  -1.2082893e+04
   9.1900000e+02  -1.5248259e+04   1.8174133e+04
   9.2000000e+02  -3.6002934e+03  -1.4131161e+04
   9.2100000e+02  -1.1861734e+04  -4.6711466e+03
   9.2200000e+02  -2.0144589e+04   2.4146939e+04
   9.2300000e+02   6.1787146e+03  -7.6172085e+03
   9.2400000e+02  -1.1054788e+04  -1.0059671e+04
   9.2500000e+02  -2.8286014e+04   1.6919468e+04
   9.2600000e+02   4.6866342e+03   9.4252365e+03
   9.2700000e+02  -1.3398197e+03   1.4650445e+04
   9.2800000e+02  -1.6499663e+04   9.2393559e+03
   9.2900000e+02   4.8801907e+03  -1.4942488e+04
   9.3000000e+02  -5.9726926e+03   1.2310756e+04
   9.3100000e+02  -1.8275616e+04   2.8088352e+04
   9.3200000e+02   3.9013880e+03  -9.7380751e+03
   9.3300000e+02  -1.0542140e+04  -1.5631091e+04
   9.3400000e+02  -2.8861668e+04  -4.7094425e+03
   9.3500000e+02   2.9233368e+03  -1.3197988e+04
   9.3600000e+02  -4.8578961e+02   1.2170305e+04
   9.3700000e+02  -2.7664699e+04   2.1691897e+04
   9.3800000e+02  -9.3210083e+03  -2.0435271e+04
   9.3900000e+02  -9.6256808e+03  -1.1172878e+04
   9.4000000e+02  -1.1333296e+04   1.6446730e+04
   9.4100000e+02   2.5521277e+04  -9.6601839e+03
   9.4200000e+02   1.4099408e+04  -8.2754756e+03
   9.4300000e+02  -1.8454293e+04   1.6257647e+04
   9.4400000e+02  -6.4017053e+03   1.4176089e+04
   9.4500000e+02  -6.7695082e+03   2.4515539e+04
   9.4600000e+02  -1.2944177e+04   2.2923091e+04
   9.4700000e+02   6.2651317e+03  -3.1237648e+03
   9.4800000e+02  -3.7406215e+03   4.8160120e+02
   9.4900000e+02  -2.0422496e+04  -2.2706951e+03
   9.5000000e+02   4.4275254e+03  -1.7462485e+04
   9.5100000e+02   4.0426427e+03   1.8569749e+04
   9.5200000e+02  -1.1617111e+04   2.8914748e+04
   9.5300000e+02   1.4052732e+04  -2.1321505e+04
   9.5400000e+02   1.2318232e+04  -1.5070217e+04
   9.5500000e+02  -6.9068416e+03   1.4306839e+04
   9.5600000e+02   1.2389689e+04   1.1876146e+03
   9.5700000e+02   9.1619650e+03   1.2123176e+04
   9.5800000e+02  -2.4418633e+03   1.6493256e+04
   9.5900000e+02   1.8759909e+04  -1.4954531e+04
   9.6000000e+02   1.3563656e+04  -2.8782723e+03
   9.6100000e+02  -1.1792821e+03   2.6510402e+04
   9.6200000e+02   1.4015483e+04   2.0537361e+04
   9.6300000e+02   1.3775398e+03   1.5225111e+04
   9.6400000e+02  -1.8651011e+04  -9.0882841e+03
   9.6500000e+02   7.4333675e+03  -4.8323406e+04
   9.6600000e+02   1.1190408e+04  -1.5498356e+04
   9.6700000e+02  -7.2175441e+03   3.0868213e+04
   9.6800000e+02   5.7486492e+03   6.4336429e+03
   9.6900000e+02   2.8611298e+03  -9.7373769e+03
   9.7000000e+02   8.3566594e+02  -9.1156630e+03
   9.7100000e+02   1.6597473e+04  -1.8949738e+04
   9.7200000e+02  -5.0929007e+03   1.0446517e+04
   9.7300000e+02   3.8963490e+02   1.5690518e+04
   9.7400000e+02   4.5990857e+04  -2.6533075e+04
   9.7500000e+02   2.4284472e+04  -7.8975735e+03
   9.7600000e+02  -1.7363614e+04   2.8043184e+04
   9.7700000e+02  -5.4188843e+03   4.2454798e+03
   9.7800000e+02  -1.2391844e+03  -1.1900398e+04
   9.7900000e+02  -9.7468648e+02  -1.4701123e+04
   9.8000000e+02   2.4205919e+04  -2.5423965e+04
   9.8100000e+02   9.5132682e+03   4.4562622e+03
   9.8200000e+02  -1.7813332e+04   1.5683378e+04
   9.8300000e+02  -6.8273421e+03  -2.6766488e+04
   9.8400000e+02  -1.6940957e+04  -1.8311890e+04
   9.8500000e+02  -1.1537537e+04   9.8484123e+03
   9.8600000e+02   3.0772261e+04  -5.1159828e+03
   9.8700000e+02   8.4477595e+03  -5.6724530e+02
   9.8800000e+02  -1.7276931e+04  -5.5199283e+03
   9.8900000e+02   2.3376560e+04  -3.4658386e+04
   9.9000000e+02   1.8943465e+04  -7.2152258e+03
   9.9100000e+02  -1.8125559e+04   2.2065541e+04
   9.9200000e+02  -7.5453027e+02  -7.3292035e+03
   9.9300000e+02   7.7346552e+03  -2.1252420e+04
   9.9400000e+02  -3.9869312e+03  -1.6518245e+04
   9.9500000e+02   8.7689954e+03  -2.4580993e+04
   9.9600000e+02  -6.0911895e+03  -1.3884177e+03
   9.9700000e+02  -1.9169640e+04   1.5548274e+04
   9.9800000e+02   8.5442034e+03  -9.4247231e+03
   9.9900000e+02  -6.4834092e+03  -5.5621476e+03
   1.0000000e+03  -2.4289425e+04   6.0402962e+02
   1.0010000e+03   7.0547244e+03  -1.3825021e+04
   1.0020000e+03   3.6056745e+03   1.5816088e+04
   1.0030000e+03  -8.7462312e+03   1.9299525e+04
   1.0040000e+03   7.5693977e+03  -3.2250454e+04
   1.0050000e+03  -6.5483631e+03  -2.0888313e+04
   1.0060000e+03  -1.0447724e+04   2.1530048e+04
   1.0070000e+03   1.8894649e+04   1.2794404e+04
   1.0080000e+03  -3.5847931e+02   4.1907710e+03
   1.0090000e+03  -2.1907507e+04  -1.9466802e+03
   1.0100000e+03   1.8639192e+04  -2.3384606e+04
   1.0110000e+03   2.0064581e+04  -5.3287140e+03
   1.0120000e+03  -1.3215627e+04   9.3260458e+03
   1.0130000e+03   5.4317538e+03  -1.2743487e+04
   1.0140000e+03   7.7129705e+03   1.1945504e+04
   1.0150000e+03  -1.1765395e+04   3.5520849e+04
   1.0160000e+03  -4.9771604e+03   2.7117916e+03
   1.0170000e+03  -2.1647578e+04   4.6557862e+03
   1.0180000e+03  -2.2417979e+04   2.0351351e+04
   1.0190000e+03   1.0918623e+04   5.9840426e+03
   1.0200000e+03  -6.0856795e+03   2.2353755e+04
   1.0210000e+03  -1.6403460e+04   3.3601258e+04
   1.0220000e+03   2.1399648e+04   1.0984308e+04
   1.0230000e+03   2.7522465e+03   1.7006610e+04
   1.0240000e+03  -3.3588098e+04   1.3321170e+04
   1.0250000e+03   2.0436354e+03  -1.7959073e+04
   1.0260000e+03   2.0536785e+04   6.3398456e+03
   1.0270000e+03  -1.2268846e+03   3.2786142e+04
   1.0280000e+03  -3.5181668e+03   3.4974395e+03
   1.0290000e+03  -2.0477462e+04   2.1454788e+03
   1.0300000e+03  -1.9020901e+04   5.6345523e+03
   1.0310000e+03   1.6068273e+04  -1.4788348e+04
   1.0320000e+03  -1.0683648e+04   1.3209636e+04
   1.0330000e+03  -4.2326288e+04   2.4071003e+04
   1.0340000e+03  -5.3637399e+03  -1.0586712e+04
   1.0350000e+03   1.4298050e+04   1.5605660e+04
   1.0360000e+03   9.2188956e+03   4.0230081e+04
   1.0370000e+03   1.8130902e+04  -2.8476571e+03
   1.0380000e+03  -6.6828753e+02  -4.7924022e+03
   1.0390000e+03  -1.7406753e+04   2.0416172e+04
   1.0400000e+03   2.7186670e+03  -9.5334085e+03
   1.0410000e+03  -3.4622300e+03  -2.5638997e+04
   1.0420000e+03  -8.0959821e+03  -7.8232301e+03
   1.0430000e+03   1.7871720e+04   1.9613046e+03
   1.0440000e+03  -7.3640595e+03   2.1872845e+04
   1.0450000e+03  -2.8711718e+04   4.2254309e+03
   1.0460000e+03   1.1078389e+04  -4.0920509e+04
   1.0470000e+03   6.7931253e+03  -1.5318565e+04
   1.0480000e+03  -2.0594375e+04   8.6226564e+03
   1.0490000e+03   1.8338115e+03  -1.7041503e+04
   1.0500000e+03   1.4204288e+04  -3.1796076e+03
   1.0510000e+03   1.5459457e+04   6.6882322e+03
   1.0520000e+03   3.0193734e+04  -1.9845322e+04
   1.0530000e+03   5.1777849e+03  -2.4702056e+03
   1.0540000e+03  -2.4126868e+04   5.4874574e+03
   1.0550000e+03  -3.7776101e+03  -3.3547270e+04
   1.0560000e+03   4.9393922e+03  -1.9880027e+04
   1.0570000e+03   1.1187652e+04   4.5948064e+03
   1.0580000e+03   3.7159775e+04  -2.4889853e+04
   1.0590000e+03   5.1371887e+03  -1.9619895e+04
   1.0600000e+03  -2.7292053e+04   2.0302849e+03
   1.0610000e+03   8.6364636e+03  -1.4548004e+04
   1.0620000e+03   1.3900260e+04  -7.9412809e+03
   1.0630000e+03  -6.1603762e+03  -4.6243231e+03
   1.0640000e+03   9.1409617e+03  -2.7020147e+04
   1.0650000e+03   7.0204775e+03  -6.3914885e+03
   1.0660000e+03   4.1561671e+03   4.8908443e+03
   1.0670000e+03   3.4065092e+04  -3.0978948e+04
   1.0680000e+03   2.5547187e+04  -1.8824547e+04
   1.0690000e+03  -7.6351656e+02   1.3819183e+04
   1.0700000e+03   1.6420560e+04  -4.0930083e+03
   1.0710000e+03   1.3450216e+04  -6.0063536e+03
   1.0720000e+03   2.9567332e+02   1.6442809e+03
   1.0730000e+03   2.3255906e+04  -1.7373939e+04
   1.0740000e+03   1.2448002e+04   5.1246900e+02
   1.0750000e+03  -1.3152170e+03   1.0321677e+04
   1.0760000e+03   2.2743292e+04  -1.7914613e+04
   1.0770000e+03  -2.9413544e+03   9.4129630e+03
   1.0780000e+03  -3.5038784e+04   3.1655051e+04
   1.0790000e+03  -7.3566681e+03  -1.2696174e+04
   1.0800000e+03   2.6507848e+03  -2.2193832e+04
   1.0810000e+03  -1.8491467e+02  -3.5951744e+03
   1.0820000e+03   2.1067912e+04  -4.9667462e+03
   1.0830000e+03   3.4248514e+03   2.0106996e+04
   1.0840000e+03  -2.6565961e+04   2.9200746e+04
   1.0850000e+03  -4.9920880e+03  -6.9488135e+03
   1.0860000e+03   3.6036686e+03   2.5578636e+03
   1.0870000e+03  -5.5433785e+03   2.6342609e+04
   1.0880000e+03   6.2569984e+03   4.9089312e+03
   1.0890000e+03  -1.2658862e+04   1.0760251e+04
   1.0900000e+03  -1.9929249e+04   2.0997290e+04
   1.0910000e+03   1.6999220e+04   1.1443435e+03
   1.0920000e+03   1.6924284e+03   2.3659784e+04
   1.0930000e+03  -3.1069804e+04   3.5863526e+04
   1.0940000e+03  -1.6142297e+04  -2.1740357e+03
   1.0950000e+03  -1.5041499e+04   5.4533204e+03
   1.0960000e+03  -1.4689165e+04   2.3751094e+04
   1.0970000e+03   1.0843703e+04  -1.9591463e+03
   1.0980000e+03  -6.8684797e+03   7.8625054e+03
   1.0990000e+03  -3.6570300e+04   2.5839375e+04
   1.1000000e+03  -1.3127839e+04  -3.5403482e+03
   1.1010000e+03  -3.4763112e+03  -3.9032494e+03
   1.1020000e+03  -1.6092213e+04   1.0235029e+04
   1.1030000e+03  -1.0552847e+04  -2.5587002e+03
   1.1040000e+03  -2.9566031e+04   1.4576565e+04
   1.1050000e+03  -2.8740005e+04   1.2403770e+04
   1.1060000e+03   1.9588045e+04  -2.8005182e+04
   1.1070000e+03   1.3504667e+04  -4.6538620e+03
   1.1080000e+03  -1.9750226e+04   2.6982915e+04
   1.1090000e+03  -1.0017101e+04  -2.6575052e+03
   1.1100000e+03  -5.3158984e+03  -1.1005089e+04
   1.1110000e+03  -3.4797067e+03   1.7186709e+03
   1.1120000e+03   7.9637826e+03  -4.9745050e+03
   1.1130000e+03  -1.3912089e+04   1.2406704e+04
   1.1140000e+03  -2.1450625e+04   2.0438465e+04
   1.1150000e+03   1.4086396e+04  -1.5040506e+04
   1.1160000e+03   6.8399419e+03  -1.4627069e+04
   1.1170000e+03  -1.4565705e+04  -1.3140621e+03
   1.1180000e+03   6.0889245e+03  -1.9293130e+04
   1.1190000e+03  -2.5812015e+03   1.6376262e+02
   1.1200000e+03  -9.7375041e+03   6.8096517e+03
   1.1210000e+03   2.1538942e+04  -2.6711983e+04
   1.1220000e+03   5.6898557e+03   7.4302909e+02
   1.1230000e+03  -1.6370229e+04   1.8839438e+04
   1.1240000e+03   1.0083127e+04  -2.5050408e+04
   1.1250000e+03   1.9347644e+04  -2.1340147e+04
   1.1260000e+03   2.0380326e+04  -9.2768006e+02
   1.1270000e+03   2.4710099e+04  -1.2748502e+04
   1.1280000e+03  -8.6545057e+03   8.3432610e+03
   1.1290000e+03  -1.2501877e+04   1.8026620e+04
   1.1300000e+03   4.0592178e+04  -1.7029827e+04
   1.1310000e+03   4.0349268e+04  -8.0850049e+03
   1.1320000e+03   4.4731347e+03   7.9830033e+03
   1.1330000e+03   9.3718673e+03  -2.4832482e+04
   1.1340000e+03   4.1865118e+03  -2.0584332e+04
   1.1350000e+03   3.2625112e+03   1.4467026e+03
   1.1360000e+03   2.6698276e+04  -1.5436618e+04
   1.1370000e+03   5.2710876e+03  -8.1375589e+03
   1.1380000e+03  -6.6614531e+03   3.1351098e+03
   1.1390000e+03   2.7747759e+04  -1.3771994e+04
   1.1400000e+03   1.4185495e+04  -3.4957493e+03
   1.1410000e+03  -1.7089088e+04   3.4496340e+03
   1.1420000e+03   2.7344776e+03  -5.4572300e+03
   1.1430000e+03   1.1693130e+04   2.3157937e+04
   1.1440000e+03   6.8779267e+03   2.0614911e+04
   1.1450000e+03   2.6435702e+04  -2.9842784e+04
   1.1460000e+03   1.4826425e+04  -1.1477403e+04
   1.1470000e+03  -1.8117889e+03   2.6221228e+04
   1.1480000e+03   1.7738870e+04   3.8164582e+03
   1.1490000e+03  -5.5096304e+03   7.0934106e+03
   1.1500000e+03  -2.3764446e+04   1.6354846e+04
   1.1510000e+03   1.9299174e+04  -1.8076484e+04
   1.1520000e+03   1.7260958e+04  -1.4898708e+04
   1.1530000e+03  -8.6046625e+03   4.7591631e+03
   1.1540000e+03  -1.2795955e+03  -3.6177639e+03
   1.1550000e+03  -2.3013507e+04   4.3102236e+03
   1.1560000e+03  -2.7730034e+04  -6.6114896e+03
   1.1570000e+03   1.9225723e+04  -2.6603428e+04
   1.1580000e+03   1.4252701e+04   1.7220446e+04
   1.1590000e+03  -2.3571990e+04   3.1572336e+04
   1.1600000e+03  -1.7479349e+04  -2.9928312e+04
   1.1610000e+03  -1.8504887e+04  -3.3138141e+04
   1.1620000e+03  -1.4674108e+04   1.7701480e+04
   1.1630000e+03   2.2796707e+04   3.8632592e+04
   1.1640000e+03   5.4341335e+03   4.6803103e+04
   1.1650000e+03  -2.8723045e+04   7.1642244e+03
   1.1660000e+03  -6.6936217e+03  -5.4867939e+04
   1.1670000e+03  -8.2700991e+03  -2.1149528e+04
   1.1680000e+03  -2.0828076e+04   3.4218670e+04
   1.1690000e+03   7.9178670e+01   1.7678792e+04
   1.1700000e+03  -1.0068368e+04   1.4487213e+03
   1.1710000e+03  -2.1365649e+04  -7.6075271e+03
   1.1720000e+03  -7.1676750e+02  -2.6460009e+04
   1.1730000e+03  -1.7953305e+04   1.6056254e+02
   1.1740000e+03  -2.8759609e+04   2.1806366e+04
   1.1750000e+03   1.1607015e+04  -7.8652210e+03
   1.1760000e+03   3.4611332e+03  -6.5359867e+03
   1.1770000e+03  -2.7229693e+04   8.3403574e+03
   1.1780000e+03   1.8120641e+03  -3.3966259e+03
   1.1790000e+03   1.5336905e+04   1.8493547e+04
   1.1800000e+03   2.9285955e+03   1.8151943e+04
   1.1810000e+03   1.0599448e+03  -2.4254235e+04
   1.1820000e+03  -2.5124475e+04  -6.9444786e+02
   1.1830000e+03  -2.0628851e+04   2.2066373e+04
   1.1840000e+03   2.2791766e+04  -1.4461107e+04
   1.1850000e+03   7.1324204e+03  -3.9812105e+03
   1.1860000e+03  -2.0044779e+04   2.4010081e+04
   1.1870000e+03   1.3744189e+03   6.9718588e+03
   1.1880000e+03   1.1930242e+03   8.9849126e+03
   1.1890000e+03  -5.1793132e+03   3.4113386e+03
   1.1900000e+03   1.9626667e+04  -3.5342317e+04
   1.1910000e+03   2.1170707e+03  -1.3339018e+04
   1.1920000e+03  -2.1162907e+04   2.6137095e+04
   1.1930000e+03   1.5348190e+04   6.3882894e+03
   1.1940000e+03   1.4749989e+04   6.1845102e+03
   1.1950000e+03  -1.8748251e+04   9.8860276e+03
   1.1960000e+03  -2.3196122e+03  -2.1624003e+04
   1.1970000e+03   1.1161656e+04  -5.0561569e+03
   1.1980000e+03   7.2509781e+03   1.8093998e+04
   1.1990000e+03   5.9201231e+03  -3.9416265e+03
   1.2000000e+03  -1.6197299e+04   1.2530636e+04
   1.2010000e+03  -4.1889618e+03   3.1765716e+04
   1.2020000e+03   3.7492828e+04  -2.0530417e+03
   1.2030000e+03   1.2797338e+04  -7.0977347e+03
   1.2040000e+03  -1.5709027e+04   4.0554806e+03
   1.2050000e+03   1.7520981e+04  -1.2973396e+04
   1.2060000e+03   1.3521367e+04   3.3083480e+03
   1.2070000e+03  -7.6427333e+03   1.1221674e+04
   1.2080000e+03   2.3723236e+04  -2.5824157e+04
   1.2090000e+03   2.1760595e+04  -7.8016864e+03
   1.2100000e+03  -1.0111755e+03   2.6731917e+04
   1.2110000e+03   1.1617701e+04   2.4820655e+03
   1.2120000e+03  -3.2497465e+03  -1.3058093e+04
   1.2130000e+03  -9.7896627e+03  -1.8860999e+04
   1.2140000e+03   1.7177941e+04  -1.9729197e+04
   1.2150000e+03  -5.7894120e+03   2.5782317e+04
   1.2160000e+03  -2.6681890e+04   3.5468112e+04
   1.2170000e+03   1.3609037e+03  -1.0864985e+04
   1.2180000e+03  -2.6469626e+03  -5.6474076e+03
   1.2190000e+03  -2.5297756e+03   1.3402612e+04
   1.2200000e+03   3.6543519e+04  -9.6110316e+03
   1.2210000e+03   1.0426611e+04   2.7268955e+03
   1.2220000e+03  -3.4112164e+04   1.8692358e+04
   1.2230000e+03   1.7961953e+03  -1.4889179e+04
   1.2240000e+03   2.9300767e+04  -1.7151559e+04
   1.2250000e+03   2.1725514e+04  -5.8554678e+03
   1.2260000e+03   1.5982184e+04  -2.2931123e+04
   1.2270000e+03  -1.6138191e+04  -1.3513671e+04
   1.2280000e+03  -1.2288476e+04  -1.6096419e+04
   1.2290000e+03   3.4014206e+04  -3.9395008e+04
   1.2300000e+03   1.0643076e+04   3.5914959e+02
   1.2310000e+03  -3.2347113e+04   3.1379265e+04
   1.2320000e+03  -1.1037944e+04  -2.1148839e+04
   1.2330000e+03   5.9439480e+03  -4.1226699e+04
   1.2340000e+03   3.2510094e+03   3.5218805e+03
   1.2350000e+03   8.3397292e+03   1.5507837e+04
   1.2360000e+03  -1.8249979e+04   3.6427969e+03
   1.2370000e+03  -2.6799033e+04  -8.8311012e+03
   1.2380000e+03   1.5065788e+04  -2.6440584e+04
   1.2390000e+03   9.3480043e+03  -2.6488634e+03
   1.2400000e+03  -1.0167530e+04   1.4086910e+04
   1.2410000e+03   1.5206375e+04  -1.1750402e+04
   1.2420000e+03   1.8609913e+03  -1.7182843e+03
   1.2430000e+03  -1.9044257e+04   8.5750223e+03
   1.2440000e+03   8.9354907e+03  -1.5590107e+04
   1.2450000e+03   6.0497106e+03  -2.5701623e+03
   1.2460000e+03  -1.3993744e+04   1.2479998e+04
   1.2470000e+03   3.4065810e+01  -6.9319139e+03
   1.2480000e+03  -1.0134382e+04   3.0350759e+02
   1.2490000e+03  -2.0361510e+04   6.0356604e+03
   1.2500000e+03   1.4060938e+04  -1.6367455e+04
   1.2510000e+03   6.4648032e+03   3.1150151e+03
   1.2520000e+03  -2.1973465e+04   2.2122686e+04
   1.2530000e+03   2.6429045e+03  -7.0713176e+03
   1.2540000e+03   6.2551837e+02   2.9868239e+03
   1.2550000e+03  -1.5017441e+04   1.9498949e+04
   1.2560000e+03   1.2111348e+04  -9.6208574e+03
   1.2570000e+03  -2.3189039e+03   2.0415768e+03
   1.2580000e+03  -3.3079431e+04   1.6790344e+04
   1.2590000e+03  -1.1850782e+04  -1.4065877e+04
   1.2600000e+03  -1.6185205e+03  -2.3299715e+03
   1.2610000e+03   3.3715937e+03   2.4890835e+04
   1.2620000e+03   2.1190083e+04   1.2690804e+04
   1.2630000e+03  -1.2179580e+04   1.3578794e+04
   1.2640000e+03  -3.7355676e+04   9.9356634e+03
   1.2650000e+03   9.4675804e+03  -7.9317277e+03
   1.2660000e+03   2.6960809e+04   2.0104558e+04
   1.2670000e+03   2.5330572e+03   3.4387740e+04
   1.2680000e+03  -3.8351160e+03   3.7687989e+03
   1.2690000e+03  -2.4445365e+04   2.5750193e+04
   1.2700000e+03  -1.7384187e+04   4.8775852e+04
   1.2710000e+03   3.0036709e+04   1.7339792e+02
   1.2720000e+03   1.2666896e+04  -1.8215856e+04
   1.2730000e+03  -2.3248905e+04   6.8132674e+03
   1.2740000e+03  -6.7261170e+03   1.3691689e+04
   1.2750000e+03  -5.7315085e+03   2.2873495e+04
   1.2760000e+03  -9.1519597e+03   1.0410165e+04
   1.2770000e+03   1.8391351e+04  -2.4598365e+04
   1.2780000e+03   1.3185871e+04  -3.6422170e+03
   1.2790000e+03  -1.0431852e+04   2.6659228e+04
   1.2800000e+03  -1.4093914e+02  -2.4542564e+03
   1.2810000e+03  -3.5341829e+03  -1.6760278e+04
   1.2820000e+03  -7.9315698e+03  -8.0220837e+03
   1.2830000e+03   1.3403251e+04  -1.2680903e+04
   1.2840000e+03  -1.2196506e+04   1.8398867e+04
   1.2850000e+03  -3.1444864e+04   3.2168257e+04
   1.2860000e+03   1.5946845e+04  -1.6432605e+04
   1.2870000e+03   2.0197397e+04  -2.5449877e+04
   1.2880000e+03  -4.7094201e+03  -5.6901220e+03
   1.2890000e+03   1.1059088e+04  -9.8250206e+03
   1.2900000e+03  -4.5745347e+02   6.4863926e+03
   1.2910000e+03  -1.7391492e+04  -3.6555902e+02
   1.2920000e+03   1.1118895e+04  -4.7357554e+04
   1.2930000e+03   9.3851624e+03  -3.0167643e+04
   1.2940000e+03  -1.0448086e+04   1.5877328e+04
   1.2950000e+03   9.0691620e+03   3.4781383e+03
   1.2960000e+03   1.0620647e+04  -6.7815057e+03
   1.2970000e+03   4.5270374e+03  -9.3788085e+03
   1.2980000e+03   2.2220127e+04  -3.2116911e+04
   1.2990000e+03  -3.1943508e+03  -7.7080518e+03
   1.3000000e+03  -2.0657296e+04   1.8084037e+04
   1.3010000e+03   2.7630465e+04  -1.0266225e+04
   1.3020000e+03   3.9661080e+04  -1.1014000e+04
   1.3030000e+03   9.8329036e+03  -4.3890970e+03
   1.3040000e+03   1.6438013e+03  -2.3319265e+04
   1.3050000e+03  -5.7972254e+03  -8.1200036e+03
   1.3060000e+03   5.6685227e+03  -7.9956139e+03
   1.3070000e+03   3.2043530e+04  -4.0340675e+04
   1.3080000e+03   7.0150450e+03  -1.9941121e+04
   1.3090000e+03  -1.5479143e+04  -6.0159132e+02
   1.3100000e+03   1.3005954e+04  -2.4971882e+04
   1.3110000e+03   6.6690480e+03  -7.8558226e+02
   1.3120000e+03  -1.0603261e+04   2.7476452e+04
   1.3130000e+03   1.9615471e+04  -9.2667744e+03
   1.3140000e+03   8.5481058e+03  -1.5612976e+04
   1.3150000e+03  -2.1605583e+04   7.2419400e+03
   1.3160000e+03   6.6353312e+03   6.4310644e+03
   1.3170000e+03   1.5617614e+04   2.8031261e+04
   1.3180000e+03  -2.1791297e+03   2.4313966e+04
   1.3190000e+03   1.8193340e+03  -2.2972336e+04
   1.3200000e+03  -7.8227519e+03  -1.3039575e+04
   1.3210000e+03  -1.6798043e+03   8.6831207e+03
   1.3220000e+03   3.2557787e+04  -1.3438667e+04
   1.3230000e+03   1.0636365e+04   1.2283599e+03
   1.3240000e+03  -2.9353941e+04   1.8615468e+04
   1.3250000e+03  -1.7204716e+04  -1.3085946e+04
   1.3260000e+03  -1.3486315e+04  -1.3797755e+03
   1.3270000e+03  -6.2216654e+03   3.1136275e+04
   1.3280000e+03   3.1905338e+04   9.6170183e+03
   1.3290000e+03   1.1172454e+04   6.8512457e+03
   1.3300000e+03  -3.0610808e+04   1.7096212e+04
   1.3310000e+03  -1.9790085e+04  -1.2921890e+03
   1.3320000e+03  -2.4376014e+04   1.6736908e+04
   1.3330000e+03  -2.1162325e+04   3.1950075e+04
   1.3340000e+03   2.2503749e+04   5.7598310e+03
   1.3350000e+03   1.0059793e+04   1.1703435e+04
   1.3360000e+03  -3.2035400e+04   8.7149986e+03
   1.3370000e+03  -2.2209177e+04  -2.5666786e+04
   1.3380000e+03  -1.5378095e+04   8.8607461e+02
   1.3390000e+03  -1.4155380e+04   3.0630202e+04
   1.3400000e+03   7.8638707e+03  -3.2777363e+03
   1.3410000e+03  -1.5123851e+04  -6.1725150e+03
   1.3420000e+03  -3.1444372e+04   9.2902003e+03
   1.3430000e+03   1.3328144e+04  -1.0036024e+04
   1.3440000e+03   7.2952361e+03   9.2938535e+03
   1.3450000e+03  -2.2476994e+04   3.3666855e+04
   1.3460000e+03   3.8434191e+02   6.4940156e+03
   1.3470000e+03  -1.2021722e+04   6.8174649e+03
   1.3480000e+03  -3.6066353e+04   1.7235675e+04
   1.3490000e+03  -1.6919886e+03  -6.8143297e+03
   1.3500000e+03   1.0833856e+04   1.7639039e+03
   1.3510000e+03  -9.8140953e+03   2.5732025e+04
   1.3520000e+03  -8.7680820e+03   1.6190556e+04
   1.3530000e+03  -7.7448083e+03   9.4743761e+03
   1.3540000e+03   4.8816803e+03  -7.4715627e+03
   1.3550000e+03   2.5940094e+04  -3.3134122e+04
   1.3560000e+03  -1.1854293e+04  -9.3150983e+03
   1.3570000e+03  -3.3908198e+04   2.5075263e+03
   1.3580000e+03   2.3521196e+04  -2.7271313e+04
   1.3590000e+03   3.3828065e+04  -7.9792617e+03
   1.3600000e+03  -3.8069815e+03   1.0349159e+04
   1.3610000e+03  -6.6385305e+03  -1.8134800e+04
   1.3620000e+03  -1.8590657e+04  -5.7256911e+03
   1.3630000e+03  -6.8130458e+03   7.6291454e+03
   1.3640000e+03   4.2669266e+04  -1.5694784e+04
   1.3650000e+03   2.1984792e+04   3.3392060e+03
   1.3660000e+03  -2.0314792e+04   2.0826759e+04
   1.3670000e+03   3.9631970e+03  -5.2800798e+03
   1.3680000e+03   2.3582505e+04   1.9457702e+03
   1.3690000e+03   1.7494991e+04   9.9334157e+03
   1.3700000e+03   1.3716738e+04  -3.1165870e+04
   1.3710000e+03  -9.3593367e+03  -3.6599040e+04
   1.3720000e+03   7.4352730e+03  -6.9516298e+03
   1.3730000e+03   6.2254910e+04  -3.7946866e+03
   1.3740000e+03   2.7898091e+04   5.3165771e+03
   1.3750000e+03  -3.0317223e+04  -1.6314522e+03
   1.3760000e+03  -5.1655859e+03  -3.0948865e+04
   1.3770000e+03   1.6049855e+04  -5.0209918e+03
   1.3780000e+03   1.7482018e+04   1.2546167e+04
   1.3790000e+03   2.6988306e+04  -2.1404564e+04
   1.3800000e+03  -6.9945992e+03  -4.1711604e+03
   1.3810000e+03  -2.2031663e+04   1.7392620e+04
   1.3820000e+03   2.6198222e+04  -2.3084375e+04
   1.3830000e+03   2.8981448e+04  -1.5665251e+04
   1.3840000e+03  -8.7138790e+03   2.4756700e+04
   1.3850000e+03  -6.2697315e+03   3.4604655e+03
   1.3860000e+03   5.7176159e+02  -7.7378342e+03
   1.3870000e+03   1.2302382e+04   3.8334737e+03
   1.3880000e+03   3.3708366e+04  -1.2964487e+04
   1.3890000e+03  -7.7937334e+03   2.5873290e+03
   1.3900000e+03  -4.3152579e+04   2.2903194e+04
   1.3910000e+03   5.6236892e+03  -9.2586080e+02
   1.3920000e+03   3.0385923e+04   5.1060062e+03
   1.3930000e+03  -1.1648099e+02   1.0739221e+04
   1.3940000e+03  -1.4976847e+04  -2.0405788e+04
   1.3950000e+03  -1.5632880e+04  -7.1397359e+03
   1.3960000e+03   9.1429493e+02   1.3903183e+04
   1.3970000e+03   2.1134901e+04  -1.0278906e+04
   1.3980000e+03  -9.8665062e+03  -5.1583070e+03
   1.3990000e+03  -2.9773736e+04   1.6513951e+04
   1.4000000e+03   1.2430001e+04   1.4517677e+03
   1.4010000e+03   8.9125230e+03  -2.1056377e+03
   1.4020000e+03  -3.4515873e+04   4.6443233e+02
   1.4030000e+03  -1.9758636e+04  -7.3028688e+03
   1.4040000e+03  -2.0447718e+03   1.8400382e+04
   1.4050000e+03  -6.2488492e+03   1.7228454e+04
   1.4060000e+03  -2.1182506e+03  -2.5033159e+04
   1.4070000e+03  -2.5083173e+04  -3.9895067e+03
   1.4080000e+03  -2.6044289e+04   2.5715117e+04
   1.4090000e+03   1.4630371e+04  -5.1824180e+03
   1.4100000e+03   4.8666124e+02  -1.4685709e+04
   1.4110000e+03  -2.5511262e+04  -4.5343185e+03
   1.4120000e+03   5.1029702e+03  -9.5892461e+03
   1.4130000e+03   4.4105066e+03   1.0276444e+04
   1.4140000e+03  -2.3044093e+04   1.1439518e+04
   1.4150000e+03  -4.2578838e+03  -2.3273058e+04
   1.4160000e+03  -2.0840314e+03  -1.7046705e+03
   1.4170000e+03  -1.6789655e+04   3.1915827e+04
   1.4180000e+03   2.5625593e+03   8.9398413e+03
   1.4190000e+03  -8.7432190e+03   5.1917190e+03
   1.4200000e+03  -2.7078859e+04   2.4984275e+03
   1.4210000e+03   1.0801098e+03  -2.6718749e+04
   1.4220000e+03   5.9245705e+03   1.9782553e+03
   1.4230000e+03  -1.9769262e+03   3.0259756e+04
   1.4240000e+03   6.2247331e+03  -5.6055815e+02
   1.4250000e+03  -1.5726009e+04  -1.1304412e+03
   1.4260000e+03  -1.6369925e+04   7.5797902e+03
   1.4270000e+03   2.9067537e+04  -1.1476071e+04
   1.4280000e+03   2.3171235e+04   2.8867468e+03
   1.4290000e+03  -1.4815388e+04   6.1338247e+03
   1.4300000e+03  -8.8236355e+03  -2.2075831e+04
   1.4310000e+03  -5.4110242e+02   1.1437089e+04
   1.4320000e+03   1.0051547e+04   4.6498038e+04
   1.4330000e+03   3.0848128e+04   4.8864840e+03
   1.4340000e+03  -1.5846497e+03  -2.0186592e+04
   1.4350000e+03  -1.7356443e+04  -1.2664534e+04
   1.4360000e+03   2.8664991e+04  -1.2067953e+03
   1.4370000e+03   1.7985926e+04   3.8387959e+04
   1.4380000e+03  -2.5538635e+04   2.3779161e+04
   1.4390000e+03  -1.1088385e+04  -3.8441479e+04
   1.4400000e+03   1.1094662e+04  -1.0643747e+04
   1.4410000e+03   1.7231967e+04   3.6769319e+04
   1.4420000e+03   1.4709222e+04   6.4209742e+03
   1.4430000e+03  -1.3997064e+04  -9.6202959e+03
   1.4440000e+03  -6.1949358e+03  -5.1002543e+03
   1.4450000e+03   3.7991939e+04  -2.1643077e+04
   1.4460000e+03   9.5491766e+03   6.7312895e+03
   1.4470000e+03  -3.2160882e+04   3.5827183e+04
   1.4480000e+03  -2.8106152e+03   1.8092283e+03
   1.4490000e+03   9.9781364e+03  -3.5165480e+03
   1.4500000e+03   9.1907330e+03   1.2279333e+04
   1.4510000e+03   2.2616998e+04  -2.0048103e+03
   1.4520000e+03  -8.8774321e+03   1.6969544e+04
   1.4530000e+03  -1.6500305e+04   2.1919015e+04
   1.4540000e+03   2.3537366e+04  -2.6946637e+04
   1.4550000e+03   8.6872983e+03  -2.1071908e+04
   1.4560000e+03  -1.4892578e+04   1.0721866e+04
   1.4570000e+03   9.6831392e+03  -9.9912479e+03
   1.4580000e+03   1.2161466e+04  -1.6087495e+04
   1.4590000e+03   8.0711994e+03  -9.1300510e+03
   1.4600000e+03   2.6867854e+04  -2.6100463e+04
   1.4610000e+03  -5.7190298e+02  -1.1978870e+04
   1.4620000e+03  -2.7762977e+04   1.7669644e+03
   1.4630000e+03   9.6252210e+03  -1.7504679e+04
   1.4640000e+03   1.6541387e+04  -8.0339770e+01
   1.4650000e+03  -5.8340783e+03   1.2536983e+04
   1.4660000e+03   1.0174994e+03  -1.6629939e+04
   1.4670000e+03  -1.4263040e+04  -7.7694342e+03
   1.4680000e+03  -1.5668083e+04   4.3703105e+03
   1.4690000e+03   2.2269802e+04  -1.6944336e+04
   1.4700000e+03   7.6588683e+03   3.0101090e+01
   1.4710000e+03  -2.1111412e+04   1.1475606e+04
   1.4720000e+03  -2.4849405e+03  -2.7951515e+04
   1.4730000e+03  -7.3002409e+03  -2.8726945e+04
   1.4740000e+03  -1.7824818e+04  -4.0025252e+03
   1.4750000e+03   9.8436048e+03  -1.6139308e+04
   1.4760000e+03   8.4233392e+02  -9.8875254e+03
   1.4770000e+03  -1.2357864e+04   1.5287327e+03
   1.4780000e+03   2.3558666e+04  -1.6004407e+04
   1.4790000e+03   9.9000640e+03   3.8906388e+02
   1.4800000e+03  -2.1297038e+04   9.8664143e+03
   1.4810000e+03   9.0390674e+03  -1.6220000e+04
   1.4820000e+03   1.1076456e+04   5.6323358e+03
   1.4830000e+03  -9.3827695e+03   1.9125236e+04
   1.4840000e+03   4.6819854e+03  -1.5101664e+04
   1.4850000e+03  -5.6661875e+03   1.8356453e+03
   1.4860000e+03  -2.0257537e+04   2.6040546e+04
   1.4870000e+03   3.9056916e+02  -5.1255829e+03
   1.4880000e+03  -1.6919930e+03  -6.5886978e+03
   1.4890000e+03  -7.5660363e+03   9.0863946e+03
   1.4900000e+03   1.2779717e+04  -1.2578667e+04
   1.4910000e+03  -3.1423003e+03  -5.1100444e+03
   1.4920000e+03  -1.6628245e+04   1.1727066e+04
   1.4930000e+03   1.7583490e+04  -1.2298958e+04
   1.4940000e+03   1.0208076e+04  -6.1830029e+02
   1.4950000e+03  -1.4562288e+04   2.0965158e+04
   1.4960000e+03   6.1836643e+03  -6.7172539e+03
   1.4970000e+03   5.1969093e+03   5.8775189e+02
   1.4980000e+03   1.0157390e+01   2.9871522e+04
   1.4990000e+03   1.8390432e+04   1.2158486e+04
   1.5000000e+03  -1.1451295e+04   5.2131888e+03
   1.5010000e+03  -3.9937585e+04   2.0737329e+04
   1.5020000e+03  -1.5711660e+03   2.7482065e+04
   1.5030000e+03   1.5763385e+04   4.4539701e+04
   1.5040000e+03  -6.4424712e+03   2.4189861e+04
   1.5050000e+03  -6.3983583e+03  -3.5127004e+04
   1.5060000e+03  -1.5432988e+04  -1.4726522e+04
   1.5070000e+03  -2.1162036e+04   4.1984668e+04
   1.5080000e+03   1.5151222e+04   2.3837246e+04
   1.5090000e+03   1.7131132e+04  -2.7792290e+01
   1.5100000e+03  -8.1718378e+03  -9.1162227e+03
   1.5110000e+03  -3.6490340e+03  -2.8325070e+04
   1.5120000e+03  -1.3955998e+04   7.1351014e+03
   1.5130000e+03  -7.6703091e+03   3.1056589e+04
   1.5140000e+03   2.6624963e+04  -1.6807370e+04
   1.5150000e+03  -3.7588254e+03  -1.8172012e+04
   1.5160000e+03  -3.7022496e+04   2.5426377e+04
   1.5170000e+03  -5.2403762e+03   3.4309822e+04
   1.5180000e+03  -2.6499703e+03   3.8432641e+04
   1.5190000e+03  -1.5593768e+04   1.2858352e+04
   1.5200000e+03   7.3549139e+03  -4.4269858e+04
   1.5210000e+03  -6.6819467e+03  -2.0204792e+04
   1.5220000e+03  -1.8170535e+04   4.0058739e+04
   1.5230000e+03   2.1388411e+04   2.7963347e+04
   1.5240000e+03   9.0176205e+03  -1.5115089e+03
   1.5250000e+03  -1.9360848e+04  -2.9730471e+04
   1.5260000e+03   8.4690678e+03  -5.2572057e+04
   1.5270000e+03   6.4617343e+03  -9.3991056e+03
   1.5280000e+03  -8.7550975e+03   1.5716235e+04
   1.5290000e+03   1.4453547e+04  -1.9157352e+04
   1.5300000e+03   1.5243673e+04  -9.7298292e+03
   1.5310000e+03   9.2843181e+03   6.1337614e+03
   1.5320000e+03   1.6949450e+04  -1.6177935e+04
   1.5330000e+03  -1.0534448e+04   3.5175251e+03
   1.5340000e+03  -1.7970237e+04   2.1018220e+04
   1.5350000e+03   2.3984121e+04  -1.6955611e+04
   1.5360000e+03   1.8552969e+04  -1.8649736e+04
   1.5370000e+03  -9.7476164e+03   6.0676984e+03
   1.5380000e+03  -1.4823075e+02  -8.0500155e+03
   1.5390000e+03  -1.3875442e+04  -1.1500714e+04
   1.5400000e+03  -1.4490439e+04  -1.4480996e+04
   1.5410000e+03   3.3200022e+04  -3.6012362e+04
   1.5420000e+03   2.8182158e+04  -1.3723410e+04
   1.5430000e+03   7.7698218e+02  -2.6572442e+03
   1.5440000e+03   1.3940781e+04  -3.5240389e+04
   1.5450000e+03   1.4645546e+03  -1.5109903e+04
   1.5460000e+03  -4.0556557e+03   1.0583716e+04
   1.5470000e+03   3.4895272e+04  -2.4472032e+04
   1.5480000e+03   2.3124337e+04  -3.0580553e+04
   1.5490000e+03  -1.1346276e+04  -4.4780693e+03
   1.5500000e+03   7.1331788e+03   4.7548553e+03
   1.5510000e+03   8.2898063e+03   2.4450670e+04
   1.5520000e+03   2.0612681e+03   9.2668507e+03
   1.5530000e+03   2.5638661e+04  -4.0659749e+04
   1.5540000e+03   5.6405584e+02  -1.4364895e+04
   1.5550000e+03  -1.8416312e+04   3.4272397e+04
   1.5560000e+03   2.4506541e+04   1.5610601e+04
   1.5570000e+03   1.7810261e+04  -3.0109849e+03
   1.5580000e+03  -1.5871548e+04  -1.1424584e+04
   1.5590000e+03  -1.6600974e+03  -1.8406099e+04
   1.5600000e+03  -9.6355806e+02   2.3053151e+04
   1.5610000e+03  -9.5272039e+03   3.7478749e+04
   1.5620000e+03   4.2800579e+02  -1.0644354e+04
   1.5630000e+03  -1.8534007e+04  -7.7150991e+03
   1.5640000e+03  -2.2756523e+04   2.4352433e+04
   1.5650000e+03   1.9120567e+04   1.0609089e+04
   1.5660000e+03   1.3718024e+04   9.1797677e+03
   1.5670000e+03  -1.3831791e+04   3.1088095e+03
   1.5680000e+03  -9.6321435e+02  -2.7889370e+04
   1.5690000e+03  -1.7078014e+04   7.2013771e+03
   1.5700000e+03  -2.4725162e+04   4.0357324e+04
   1.5710000e+03   2.1258302e+04  -9.0914709e+03
   1.5720000e+03   1.4917605e+04  -2.3681038e+04
   1.5730000e+03  -1.8639159e+04   4.8000171e+03
   1.5740000e+03  -4.4936211e+03   3.6927236e+03
   1.5750000e+03  -7.4575995e+03   1.4189816e+04
   1.5760000e+03  -2.3926369e+04   2.2648145e+04
   1.5770000e+03  -1.0182370e+04   8.9466168e+03
   1.5780000e+03  -1.2916887e+04   2.5378343e+04
   1.5790000e+03  -1.6474960e+04   2.7720062e+04
   1.5800000e+03   1.0009013e+04  -5.9391538e+03
   1.5810000e+03  -2.1331433e+03   7.8339990e+03
   1.5820000e+03  -2.6654188e+04   2.9945306e+04
   1.5830000e+03  -8.8882890e+03   4.2708514e+03
   1.5840000e+03  -2.5519243e+04   1.8452201e+03
   1.5850000e+03  -4.1362217e+04   1.0312759e+04
   1.5860000e+03   7.3808416e+03  -7.9510297e+03
   1.5870000e+03   1.4583755e+04  -1.2348744e+03
   1.5880000e+03  -1.7868639e+04   9.0258585e+02
   1.5890000e+03  -1.0260728e+04  -2.1570880e+04
   1.5900000e+03  -4.0904309e+03  -3.1900605e+03
   1.5910000e+03  -1.9325116e+03   1.4753113e+04
   1.5920000e+03   3.1678803e+03  -3.7209066e+02
   1.5930000e+03  -2.9263007e+04   1.3994782e+04
   1.5940000e+03  -2.4212038e+04   8.1015826e+03
   1.5950000e+03   4.3145148e+04  -3.7434390e+04
   1.5960000e+03   3.2619209e+04  -9.6203169e+03
   1.5970000e+03  -3.1264072e+04   3.6539274e+04
   1.5980000e+03  -2.2815650e+04   4.7158029e+03
   1.5990000e+03   3.3050766e+03  -1.9196758e+04
   1.6000000e+03   1.4047587e+04  -1.6798488e+04
   1.6010000e+03   2.9554935e+04  -1.4060207e+04
   1.6020000e+03   7.3997890e+03   2.3186271e+04
   1.6030000e+03  -5.1984867e+02   1.9241629e+04
   1.6040000e+03   2.8646090e+04  -4.0597195e+04
   1.6050000e+03   6.7325483e+03  -2.8953459e+04
   1.6060000e+03  -1.5996616e+04   2.4055784e+04
   1.6070000e+03   2.1295408e+04   2.3196929e+04
   1.6080000e+03   2.8284746e+04   4.9361466e+03
   1.6090000e+03   5.0966681e+03  -1.9233705e+04
   1.6100000e+03   1.2019314e+04  -4.0990780e+04
   1.6110000e+03  -1.0367877e+02   4.1860182e+03
   1.6120000e+03  -9.3671736e+03   4.2325155e+04
   1.6130000e+03   2.4270702e+04  -4.6964799e+03
   1.6140000e+03   1.2333420e+04  -3.9288485e+04
   1.6150000e+03  -1.1982430e+04  -3.2926067e+04
   1.6160000e+03   2.3868291e+04  -1.4587250e+04
   1.6170000e+03   2.4813058e+04   3.2543636e+04
   1.6180000e+03  -8.2969631e+03   2.2270197e+04
   1.6190000e+03  -6.5942252e+02  -4.5886029e+04
   1.6200000e+03   8.8467669e+03  -2.7782743e+04
   1.6210000e+03   1.9801848e+04   2.5776465e+04
   1.6220000e+03   3.4236198e+04   8.4193000e+03
   1.6230000e+03  -2.7837215e+03  -1.0396300e+04
   1.6240000e+03  -2.2487631e+04  -1.1663891e+04
   1.6250000e+03   2.5123796e+04  -2.1876566e+04
   1.6260000e+03   2.5733948e+04   1.0505778e+04
   1.6270000e+03  -1.0957582e+04   3.4543521e+04
   1.6280000e+03   1.8286368e+03  -8.1944296e+03
   1.6290000e+03  -1.0117924e+03  -2.3463519e+04
   1.6300000e+03  -1.0491164e+04  -4.8054204e+03
   1.6310000e+03   1.9588550e+04   1.3520265e+03
   1.6320000e+03   5.1957542e+03   3.0798636e+04
   1.6330000e+03  -2.4266569e+04   2.1256329e+04
   1.6340000e+03  -1.1037607e+04  -4.2370936e+04
   1.6350000e+03  -2.4887258e+04  -3.2108754e+04
   1.6360000e+03  -2.4823017e+04   1.2345895e+04
   1.6370000e+03   2.8292784e+04   4.0281736e+02
   1.6380000e+03   2.1055461e+04  -1.2159823e+03
   1.6390000e+03  -2.5360327e+04   5.0981363e+03
   1.6400000e+03  -1.2256963e+04  -1.2283887e+04
   1.6410000e+03   1.2851486e+02   1.1669510e+04
   1.6420000e+03  -7.2684891e+03   2.7859935e+04
   1.6430000e+03   4.0822318e+03  -1.6595757e+04
   1.6440000e+03  -1.1627204e+04  -1.6860538e+04
   1.6450000e+03  -1.7407172e+04   1.7630310e+04
   1.6460000e+03   1.6282967e+04   1.5387585e+04
   1.6470000e+03  -4.2162180e+03   2.1347215e+04
   1.6480000e+03  -3.8537862e+04   8.2046577e+03
   1.6490000e+03  -1.0433434e+04  -3.5410497e+04
   1.6500000e+03   2.9642621e+03  -1.6070510e+04
   1.6510000e+03  -9.9617961e+03   1.6596400e+04
   1.6520000e+03  -3.5159535e+02  -1.4067593e+03
   1.6530000e+03  -7.6989603e+03   7.0442285e+03
   1.6540000e+03  -1.6972288e+04   1.7417643e+04
   1.6550000e+03   1.1807002e+04  -1.8476721e+04
   1.6560000e+03   3.2993380e+03  -1.2456745e+04
   1.6570000e+03  -3.4692687e+04   1.8452235e+04
   1.6580000e+03  -1.9799500e+04   2.8000736e+03
   1.6590000e+03   2.5723930e+02   1.3411052e+03
   1.6600000e+03   7.9155595e+03   6.1097856e+03
   1.6610000e+03   1.8645927e+04  -1.6105328e+04
   1.6620000e+03  -1.7699375e+04   3.9528852e+03
   1.6630000e+03  -3.8046137e+04   2.8474855e+04
   1.6640000e+03   5.6374291e+03   3.0016377e+03
   1.6650000e+03   2.0966496e+04  -2.9490957e+03
   1.6660000e+03   9.8792643e+03   3.6342803e+03
   1.6670000e+03   8.4484374e+03  -3.0205520e+03
   1.6680000e+03  -2.3501344e+04   2.1456873e+04
   1.6690000e+03  -3.2551096e+04   2.6257581e+04
   1.6700000e+03   2.2579297e+04  -1.3753397e+04
   1.6710000e+03   3.2872236e+04  -9.3762348e+03
   1.6720000e+03  -7.8254562e+03   1.0860515e+04
   1.6730000e+03  -9.8543049e+03   7.8017211e+02
   1.6740000e+03  -1.4935357e+03   2.4138942e+04
   1.6750000e+03   1.1578181e+04   2.7565077e+04
   1.6760000e+03   3.3445588e+04  -3.2112928e+04
   1.6770000e+03  -1.6721258e+02  -2.9051265e+04
   1.6780000e+03  -2.3120522e+04   2.9495553e+04
   1.6790000e+03   1.7156551e+04   3.1925005e+04
   1.6800000e+03   2.4791372e+04   2.4921307e+03
   1.6810000e+03   1.0488642e+04  -2.2027364e+04
   1.6820000e+03   1.3454402e+04  -2.5556197e+04
   1.6830000e+03  -2.1766785e+04   1.7639828e+04
   1.6840000e+03  -3.6160822e+04   2.7878570e+04
   1.6850000e+03   2.4206477e+04  -2.3052941e+04
   1.6860000e+03   3.9290307e+04  -1.9665356e+04
   1.6870000e+03  -6.9085824e+03   2.5904918e+04
   1.6880000e+03  -2.1039345e+04   2.7249237e+04
   1.6890000e+03  -1.6981307e+04   1.3336155e+04
   1.6900000e+03   1.1104150e+04  -1.3414261e+04
   1.6910000e+03   4.8490455e+04  -3.9711180e+04
   1.6920000e+03   8.2312516e+03  -2.1844599e+03
   1.6930000e+03  -2.6381424e+04   2.9519515e+04
   1.6940000e+03   1.6720022e+04   5.2275830e+03
   1.6950000e+03   2.0431011e+04  -1.0700102e+03
   1.6960000e+03  -8.6594158e+03  -5.3536813e+03
   1.6970000e+03   7.7809996e+03  -2.8603957e+04
   1.6980000e+03   7.7795796e+03  -1.1203597e+04
   1.6990000e+03  -9.8420372e+03   4.7060025e+03
   1.7000000e+03   3.4620958e+03  -1.3671805e+04
   1.7010000e+03  -3.4511549e+03   1.0298606e+03
   1.7020000e+03  -1.0415671e+04   4.5531234e+03
   1.7030000e+03   1.5604948e+04  -3.0143190e+04
   1.7040000e+03  -5.5621059e+03  -6.3423180e+03
   1.7050000e+03  -3.1639454e+04   2.2378398e+04
   1.7060000e+03   6.0950265e+03  -1.5763130e+04
   1.7070000e+03   1.6159362e+04  -3.0443651e+04
   1.7080000e+03  -1.6159847e+03  -1.5663966e+04
   1.7090000e+03   8.8238166e+03  -6.1584169e+03
   1.7100000e+03  -3.1837682e+03   1.9613230e+04
   1.7110000e+03  -1.7121201e+04   2.0260540e+03
   1.7120000e+03   4.9897694e+03  -4.7203824e+04
   1.7130000e+03  -2.0064516e+03  -1.9553901e+04
   1.7140000e+03  -1.5585407e+04   1.9681289e+04
   1.7150000e+03   1.6919305e+04  -1.1669407e+04
   1.7160000e+03   1.6103187e+04  -2.0514485e+04
   1.7170000e+03  -1.4846347e+04   4.4797190e+03
   1.7180000e+03  -1.2758337e+03  -3.6027490e+03
   1.7190000e+03   4.6185473e+03  -7.0368420e+03
   1.7200000e+03   3.9298116e+02  -1.1181943e+04
   1.7210000e+03   1.7338799e+04  -2.9215253e+04
   1.7220000e+03  -3.8657016e+03   3.3877690e+03
   1.7230000e+03  -1.4235499e+04   2.8803428e+04
   1.7240000e+03   2.7715584e+04  -6.2211215e+03
   1.7250000e+03   1.8804093e+04  -9.1599337e+03
   1.7260000e+03  -2.1358783e+04   4.9409055e+03
   1.7270000e+03  -1.6806634e+04  -1.7568098e+04
   1.7280000e+03  -1.1865887e+04  -4.7000608e+03
   1.7290000e+03   2.4800832e+03   2.7738675e+04
   1.7300000e+03   3.6824092e+04   1.7875066e+04
   1.7310000e+03   6.5758415e+03   1.4995014e+04
   1.7320000e+03  -4.1159784e+04   1.1178480e+04
   1.7330000e+03  -1.9682328e+04  -1.1528207e+04
   1.7340000e+03  -2.2652254e+03   5.4607054e+03
   1.7350000e+03   1.8499730e+01   1.2440372e+04
   1.7360000e+03   1.9146222e+04  -1.1551176e+04
   1.7370000e+03  -5.0702019e+03   2.3295520e+04
   1.7380000e+03  -2.5126674e+04   4.8324362e+04
   1.7390000e+03   8.3964343e+03  -1.1385661e+03
   1.7400000e+03   3.3895443e+03  -1.5346700e+04
   1.7410000e+03  -1.5869816e+04   6.2271317e+03
   1.7420000e+03   1.5787660e+04   5.5061409e+03
   1.7430000e+03   1.2778563e+04   3.0671673e+04
   1.7440000e+03  -2.0444454e+04   4.0693870e+04
   1.7450000e+03  -5.8956864e+03  -1.0759247e+04
   1.7460000e+03  -1.5261741e+03  -1.8195124e+04
   1.7470000e+03  -9.8753464e+03   1.7575194e+04
   1.7480000e+03   9.2676835e+03   1.7079100e+04
   1.7490000e+03  -1.7342332e+04   2.1114562e+04
   1.7500000e+03  -4.5018675e+04   1.6587210e+04
   1.7510000e+03   4.7905334e+03  -1.7523053e+04
   1.7520000e+03   2.5003116e+04  -1.0539792e+03
   1.7530000e+03  -8.4618114e+03   2.7519560e+04
   1.7540000e+03  -1.5706799e+04   5.2609327e+03
   1.7550000e+03  -1.3558729e+04  -1.8523133e+03
   1.7560000e+03  -5.8988431e+03   1.8304003e+03
   1.7570000e+03   1.0627467e+04  -9.4468775e+03
   1.7580000e+03  -9.7296298e+03   1.8654336e+04
   1.7590000e+03  -2.0070980e+04   3.3263079e+04
   1.7600000e+03   1.8970576e+04  -1.8003713e+04
   1.7610000e+03   1.7820282e+04  -3.2379789e+04
   1.7620000e+03  -1.4900011e+04  -3.7501021e+03
   1.7630000e+03  -6.5806653e+03   2.6319041e+03
   1.7640000e+03  -2.8657038e+03   2.3786547e+04
   1.7650000e+03   6.5301939e+03   2.2994171e+04
   1.7660000e+03   3.6868029e+04  -2.6000202e+04
   1.7670000e+03   4.7497784e+03  -2.5690922e+04
   1.7680000e+03  -3.0187596e+04   7.0045240e+02
   1.7690000e+03   5.4333015e+03  -3.3528141e+03
   1.7700000e+03   1.5847431e+04   5.6458515e+03
   1.7710000e+03  -1.6427060e+03  -1.2829480e+01
   1.7720000e+03   1.2192566e+04  -2.5486220e+04
   1.7730000e+03   1.9764927e+03  -5.0673868e+03
   1.7740000e+03  -1.8598227e+04   3.1393585e+03
   1.7750000e+03   7.6542747e+03  -3.1683193e+04
   1.7760000e+03   1.3230670e+04  -1.8755939e+04
   1.7770000e+03  -1.8164269e+03  -2.9911469e+03
   1.7780000e+03   1.9451675e+04  -3.6387188e+04
   1.7790000e+03   1.0036759e+04  -1.9890801e+04
   1.7800000e+03  -1.4627338e+04   1.3141686e+04
   1.7810000e+03   1.4544903e+04  -9.4460800e+03
   1.7820000e+03   2.4948928e+04  -1.1607282e+04
   1.7830000e+03   1.1199767e+04  -1.2891988e+04
   1.7840000e+03   1.5830258e+04  -3.9415671e+04
   1.7850000e+03  -5.3866532e+03  -5.1724025e+03
   1.7860000e+03  -9.8345160e+03   2.7216977e+04
   1.7870000e+03   2.8548170e+04  -1.2181951e+04
   1.7880000e+03   1.4467250e+04  -1.7407654e+04
   1.7890000e+03  -1.7447667e+04   8.3293511e+03
   1.7900000e+03   8.9226205e+03  -1.0831053e+04
   1.7910000e+03   1.9987591e+04  -8.5430120e+03
   1.7920000e+03   5.7417497e+03   1.1999621e+04
   1.7930000e+03   8.4516299e+03  -1.6706263e+04
   1.7940000e+03  -1.1944480e+04  -2.5489720e+04
   1.7950000e+03  -1.1501871e+04  -8.4703698e+02
   1.7960000e+03   3.0016821e+04   1.9086188e+03
   1.7970000e+03   1.1421456e+04   1.2626725e+04
   1.7980000e+03  -1.5504048e+04   7.4773447e+03
   1.7990000e+03   1.8954055e+04  -2.2225047e+04
   1.8000000e+03   1.4701658e+04   7.0593502e+02
   1.8010000e+03  -1.6819888e+04   2.5025335e+04
   1.8020000e+03  -8.4347945e+02  -3.5110306e+03
   1.8030000e+03  -8.0670718e+02  -2.2661993e+03
   1.8040000e+03  -1.3243478e+04   2.1430866e+04
   1.8050000e+03   7.5052159e+03   1.1129330e+04
   1.8060000e+03  -7.7689849e+03   8.6740858e+03
   1.8070000e+03  -3.3366373e+04   1.0039991e+04
   1.8080000e+03  -3.1664821e+03   5.8720000e-01
   1.8090000e+03   5.7246020e+03   2.3606953e+04
   1.8100000e+03  -8.1922200e+03   2.6586932e+04
   1.8110000e+03  -4.7120643e+02  -1.6489030e+04
   1.8120000e+03  -1.6389364e+04  -6.5738763e+03
   1.8130000e+03  -1.3680774e+04   2.2341401e+04
   1.8140000e+03   2.6177579e+04   5.2260858e+03
   1.8150000e+03   7.2109601e+03   9.3640544e+03
   1.8160000e+03  -2.9399170e+04   1.6596226e+04
   1.8170000e+03  -1.4240613e+04  -9.2993923e+03
   1.8180000e+03  -1.6449215e+04   5.2554027e+03
   1.8190000e+03  -2.0568953e+04   2.9991122e+04
   1.8200000e+03   1.4628584e+04   9.0240957e+03
   1.8210000e+03  -6.2965904e+03   1.3274025e+04
   1.8220000e+03  -5.2585992e+04   2.5281351e+04
   1.8230000e+03  -1.7843428e+04  -5.6919073e+03
   1.8240000e+03   1.3306337e+04  -6.0198859e+03
   1.8250000e+03  -3.7405089e+03   1.3408374e+04
   1.8260000e+03  -1.8606004e+04  -1.4814638e+02
   1.8270000e+03  -4.0167332e+04   2.3222883e+03
   1.8280000e+03  -1.9495265e+04   3.0613278e+03
   1.8290000e+03   3.4406982e+04  -1.1777733e+04
   1.8300000e+03   8.8886931e+03   1.8375473e+04
   1.8310000e+03  -3.5055069e+04   2.7943437e+04
   1.8320000e+03  -9.1446855e+03  -2.0457679e+04
   1.8330000e+03   8.3308958e+03  -1.0335958e+04
   1.8340000e+03   5.8483590e+03   3.3961118e+04
   1.8350000e+03   2.0754740e+04   1.3754644e+04
   1.8360000e+03   9.4533852e+02  -1.2483962e+04
   1.8370000e+03  -1.3845957e+04  -2.1764341e+04
   1.8380000e+03   2.4852711e+04  -3.3141055e+04
   1.8390000e+03   1.8186096e+04   2.2236566e+03
   1.8400000e+03  -1.8777148e+04   2.0033822e+04
   1.8410000e+03  -3.4338482e+03  -2.1459607e+04
   1.8420000e+03   2.2289519e+03  -1.4993650e+04
   1.8430000e+03  -6.9382422e+03   1.2547808e+03
   1.8440000e+03   1.1541101e+04  -3.2513240e+04
   1.8450000e+03   8.3619061e+03  -1.1095742e+04
   1.8460000e+03  -4.0563768e+03   3.4637811e+04
   1.8470000e+03   1.1912941e+04   7.5935031e+03
   1.8480000e+03   1.2959872e+04  -1.7561516e+04
   1.8490000e+03   1.1087972e+04  -1.1815833e+04
   1.8500000e+03   2.5539070e+04  -1.1379796e+04
   1.8510000e+03   7.4725019e+03   1.4089380e+04
   1.8520000e+03   4.7840545e+03   1.2510672e+04
   1.8530000e+03   4.2776902e+04  -4.2469886e+04
   1.8540000e+03   2.1793776e+04  -3.2793541e+04
   1.8550000e+03  -1.1366837e+04   1.5814695e+04
   1.8560000e+03   8.9984415e+03   5.6030619e+03
   1.8570000e+03  -5.8743242e+03  -7.7516740e+03
   1.8580000e+03  -2.2484436e+04  -1.8856934e+04
   1.8590000e+03   1.7603986e+04  -4.3357323e+04
   1.8600000e+03   2.7688528e+04  -4.2766394e+03
   1.8610000e+03   1.5240281e+04   3.9581437e+04
   1.8620000e+03   2.2412788e+04   6.3897143e+03
   1.8630000e+03  -7.8273250e+03  -1.4512601e+04
   1.8640000e+03  -2.8422217e+04  -1.1444762e+04
   1.8650000e+03   2.2419244e+04  -2.4075649e+04
   1.8660000e+03   3.8533344e+04   9.1826865e+03
   1.8670000e+03   6.1182175e+03   3.1475900e+04
   1.8680000e+03   1.3278815e+04  -1.9977597e+04
   1.8690000e+03   1.4477931e+04  -2.5647411e+04
   1.8700000e+03   1.1836494e+03   1.4865415e+04
   1.8710000e+03   7.9498152e+03   1.3890926e+04
   1.8720000e+03  -2.2072570e+04   1.1542086e+04
   1.8730000e+03  -4.0903196e+04   6.5254573e+02
   1.8740000e+03   7.8195931e+03  -2.6698672e+04
   1.8750000e+03   2.4250441e+04   1.9445038e+03
   1.8760000e+03  -6.0200577e+03   3.3325988e+04
   1.8770000e+03  -2.0477749e+04   8.9061873e+03
   1.8780000e+03  -3.4315703e+04  -3.3340909e+02
   1.8790000e+03  -2.5192097e+04  -2.5276653e+03
   1.8800000e+03   1.3469125e+04  -2.0626960e+04
   1.8810000e+03   1.8874741e+03   9.3301903e+03
   1.8820000e+03  -2.1900357e+04   3.3176479e+04
   1.8830000e+03   1.6591589e+03  -5.0481790e+03
   1.8840000e+03  -4.1965714e+03  -1.3788896e+04
   1.8850000e+03  -1.6920953e+04  -1.7357906e+03
   1.8860000e+03   1.2359957e+04  -1.4517354e+04
   1.8870000e+03   1.0860964e+03   4.5666207e+03
   1.8880000e+03  -2.0671085e+04   1.2096470e+04
   1.8890000e+03   4.2033143e+03  -1.8982391e+04
   1.8900000e+03   6.8038440e+01   6.4920517e+03
   1.8910000e+03  -1.8250509e+04   3.9160778e+04
   1.8920000e+03  -4.5818229e+03   3.8615882e+03
   1.8930000e+03  -1.5631940e+04  -1.0613124e+04
   1.8940000e+03  -2.9014538e+04   2.3730386e+03
   1.8950000e+03  -4.0425897e+03  -1.0170547e+04
   1.8960000e+03  -8.0577291e+03   4.4192416e+03
   1.8970000e+03  -2.0538614e+04   2.3142544e+04
   1.8980000e+03   5.7831916e+03   1.0870876e+03
   1.8990000e+03  -4.8136812e+03   1.6945118e+03
   1.9000000e+03  -2.5952757e+04  -6.1752965e+02
   1.9010000e+03   4.7701990e+03  -2.6276123e+04
   1.9020000e+03   5.2621256e+03   5.8771614e+03
   1.9030000e+03  -1.5617141e+04   3.1987458e+04
   1.9040000e+03   7.7593355e+03  -1.1939949e+04
   1.9050000e+03   1.7211600e+04  -2.5049345e+04
   1.9060000e+03   6.8297712e+03   2.0270873e+02
   1.9070000e+03   1.4733073e+04   8.6314136e+03
   1.9080000e+03  -4.0368874e+03   2.4538047e+04
   1.9090000e+03  -2.6524850e+04   1.7708069e+04
   1.9100000e+03   6.7938179e+03  -2.0510209e+04
   1.9110000e+03   2.3824871e+04  -6.4161010e+03
   1.9120000e+03  -5.4721600e+03   2.2146689e+04
   1.9130000e+03  -1.6577231e+04   6.0068264e+03
   1.9140000e+03  -1.4426116e+04   1.2664992e+04
   1.9150000e+03   1.2414357e+04   1.9475768e+04
   1.9160000e+03   5.0715065e+04  -7.9683764e+03
   1.9170000e+03   1.0558183e+04   5.9407524e+03
   1.9180000e+03  -3.5253615e+04   1.8484644e+04
   1.9190000e+03   3.8311607e+03  -1.5466916e+04
   1.9200000e+03   3.0174827e+04  -1.2979564e+04
   1.9210000e+03   1.6228290e+04   1.0306519e+03
   1.9220000e+03   1.2217831e+04  -9.9749229e+03
   1.9230000e+03  -5.3563166e+03   1.7486260e+04
   1.9240000e+03  -4.2933357e+03   2.8667041e+04
   1.9250000e+03   3.2603473e+04  -2.5376112e+04
   1.9260000e+03   1.4139451e+04  -3.6742574e+04
   1.9270000e+03  -2.4599904e+04   7.2432359e+02
   1.9280000e+03   7.6916527e+02   1.2750204e+04
   1.9290000e+03   1.6496299e+04   1.9291797e+04
   1.9300000e+03   5.8084023e+03   4.2481446e+03
   1.9310000e+03   9.1410676e+03  -2.3507858e+04
   1.9320000e+03  -1.4749365e+04   1.1248000e+04
   1.9330000e+03  -2.1621814e+04   2.9702260e+04
   1.9340000e+03   1.9425374e+04  -1.8729826e+04
   1.9350000e+03   1.1434800e+04  -1.4031130e+04
   1.9360000e+03  -2.1679377e+04   2.0918102e+04
   1.9370000e+03   2.2028160e+01  -2.4574198e+03
   1.9380000e+03   1.5814234e+04  -1.6565804e+04
   1.9390000e+03   2.9654085e+03  -7.5804541e+03
   1.9400000e+03   7.8626697e+03  -1.4450613e+04
   1.9410000e+03  -1.4076363e+02   4.1653174e+03
   1.9420000e+03  -1.2168726e+04   1.1513546e+04
   1.9430000e+03   6.6962089e+03  -2.5373805e+04
   1.9440000e+03   1.8671344e+03  -2.1265934e+04
   1.9450000e+03  -5.5981093e+03  -1.0361630e+03
   1.9460000e+03   1.9477742e+04  -2.0489994e+04
   1.9470000e+03   1.5083063e+03  -1.3797127e+04
   1.9480000e+03  -3.0215891e+04   2.8952757e+02
   1.9490000e+03  -1.1039030e+04  -2.0021750e+04
   1.9500000e+03   2.7246796e+03  -1.3269452e+04
   1.9510000e+03   5.8653573e+03   8.0444814e+02
   1.9520000e+03   1.6169808e+04  -1.1207877e+04
   1.9530000e+03  -6.5929987e+03   8.1089363e+03
   1.9540000e+03  -1.9248178e+04   2.0753061e+04
   1.9550000e+03   1.5115038e+04  -1.3177852e+04
   1.9560000e+03   1.5420752e+04  -9.5492219e+03
   1.9570000e+03  -9.1007773e+03   8.5584619e+03
   1.9580000e+03   4.5070177e+03  -1.7595124e+04
   1.9590000e+03   3.8163230e+02  -1.5545967e+04
   1.9600000e+03  -1.1849211e+04   3.3348052e+03
   1.9610000e+03   1.1708399e+04  -6.4077590e+03
   1.9620000e+03   2.0916420e+03   1.5589736e+03
   1.9630000e+03  -1.5435199e+04  -6.3732264e+03
   1.9640000e+03   9.3268833e+03  -3.1486601e+04
   1.9650000e+03   1.5628223e+03   4.0675234e+03
   1.9660000e+03  -1.8060484e+04   2.4183153e+04
   1.9670000e+03   5.8808504e+03  -1.8722583e+04
   1.9680000e+03   9.0196817e+03  -1.5605899e+04
   1.9690000e+03  -5.3406564e+03   1.7971605e+04
   1.9700000e+03   1.6358391e+03   1.2995523e+04
   1.9710000e+03  -1.2746430e+04   1.8282265e+04
   1.9720000e+03  -1.3222027e+04   1.5790229e+04
   1.9730000e+03   2.4624972e+04  -1.7257022e+04
   1.9740000e+03   9.0452014e+03   6.7321455e+03
   1.9750000e+03  -2.5384326e+04   4.4239960e+04
   1.9760000e+03  -1.1040541e+04   1.0484298e+04
   1.9770000e+03  -1.2879589e+04  -9.9259545e+03
   1.9780000e+03  -8.8986426e+03   4.9982843e+03
   1.9790000e+03   3.0599210e+04   1.8803843e+03
   1.9800000e+03   1.4727459e+04   1.2180608e+04
   1.9810000e+03  -2.7635055e+04   1.9945038e+04
   1.9820000e+03  -1.4626351e+04  -1.0000956e+03
   1.9830000e+03  -3.2058776e+03   1.7472981e+02
   1.9840000e+03  -7.3868253e+03   3.0110105e+03
   1.9850000e+03   8.8690446e+03  -9.6258827e+03
   1.9860000e+03  -3.4928270e+03   2.1342784e+04
   1.9870000e+03  -1.1423270e+04   4.5332089e+04
   1.9880000e+03   2.9342120e+04   1.1679297e+04
   1.9890000e+03   1.4650535e+04   3.5980762e+03
   1.9900000e+03  -2.8603962e+04   1.9435324e+04
   1.9910000e+03  -8.5093989e+03   1.1535306e+04
   1.9920000e+03  -4.2744314e+03   1.9109626e+04
   1.9930000e+03  -9.7961072e+03   1.7222167e+04
   1.9940000e+03   1.9727822e+04  -1.3456184e+04
   1.9950000e+03   1.0875492e+03  -5.0751599e+03
   1.9960000e+03  -3.1837346e+04   1.1635226e+04
   1.9970000e+03  -1.0122016e+04  -5.4140612e+03
   1.9980000e+03  -3.6445566e+03   1.1121121e+03
   1.9990000e+03  -1.2557397e+04   6.0144788e+03
   2.0000000e+03   5.0970134e+03  -1.8619782e+04
