   1.0274000e+02   2.5123000e+01
   9.7261002e+01   3.0690701e+01
   0.0000000e+00  -2.5560110e+04  -2.5560110e+04
   1.0000000e+00   8.1335843e+03  -7.6171189e+03
   2.0000000e+00   2.7096046e+04   4.6616722e+04
   3.0000000e+00   7.9264477e+03   4.2102636e+04
   4.0000000e+00  -1.8059449e+04  -2.1304189e+04
   5.0000000e+00  -3.2579527e+04  -4.6044384e+04
   6.0000000e+00  -3.3876997e+04  -4.2632563e+03
   7.0000000e+00  -1.3521881e+03   3.4759043e+04
   8.0000000e+00   6.4859992e+04   1.4977498e+04
   9.0000000e+00   7.6932030e+04  -1.9689418e+04
   1.0000000e+01  -2.6571279e+04  -6.5909811e+03
   1.1000000e+01  -1.1155584e+05   1.4932283e+03
   1.2000000e+01  -4.5990827e+04  -5.0372894e+04
   1.3000000e+01   6.0908047e+04  -6.8407498e+04
   1.4000000e+01   6.6867993e+04   1.4488014e+04
   1.5000000e+01   3.3627741e+03   7.5110743e+04
   1.6000000e+01  -2.5809395e+04   1.5403596e+04
   1.7000000e+01  -2.6782164e+03  -6.9473257e+04
   1.8000000e+01  -1.0987431e+04  -5.0249420e+04
   1.9000000e+01  -6.8345816e+04   6.3768649e+04
   2.0000000e+01  -7.2535118e+04   1.2124134e+05
   2.1000000e+01   1.7927307e+04   3.5390840e+04
   2.2000000e+01   1.0606884e+05  -7.8891436e+04
   2.3000000e+01   9.4569103e+04  -9.5795018e+04
   2.4000000e+01  -5.4215550e+03  -4.1382192e+03
   2.5000000e+01  -1.1315035e+05   1.1438943e+05
   2.6000000e+01  -1.2177464e+05   1.1166429e+05
   2.7000000e+01   3.7163264e+03  -3.1653153e+04
   2.8000000e+01   1.2216515e+05  -1.4239345e+05
   2.9000000e+01   1.0312214e+05  -1.0497143e+05
   3.0000000e+01   4.3606006e+03   1.2033952e+04
   3.1000000e+01  -6.7685771e+04   8.0892393e+04
   3.2000000e+01  -7.6954295e+04   6.1821729e+04
   3.3000000e+01  -2.8044543e+04   1.6106011e+04
   3.4000000e+01   3.6591982e+04  -1.3491736e+04
   3.5000000e+01   4.8859063e+04  -4.3298278e+04
   3.6000000e+01   1.2288646e+04  -5.5510748e+04
   3.7000000e+01  -4.5686560e+03  -1.5917452e+04
   3.8000000e+01   2.4167978e+03   4.0731860e+04
   3.9000000e+01  -1.2822001e+04   5.3056266e+04
   4.0000000e+01  -4.4126254e+04   4.2877571e+03
   4.1000000e+01  -2.1746673e+04  -4.4719061e+04
   4.2000000e+01   7.2586165e+04  -2.1858106e+04
   4.3000000e+01   1.0685502e+05   3.0627332e+04
   4.4000000e+01  -7.9399868e+03   2.2259923e+04
   4.5000000e+01  -1.2353218e+05  -3.5807292e+04
   4.6000000e+01  -6.9942313e+04  -4.0821694e+04
   4.7000000e+01   6.9101115e+04   4.3437120e+04
   4.8000000e+01   7.7584940e+04   1.0429471e+05
   4.9000000e+01  -4.6391967e+04   5.4661391e+04
   5.0000000e+01  -8.3353125e+04  -4.3636068e+04
   5.1000000e+01   3.6811736e+04  -7.9157255e+04
   5.2000000e+01   1.1793390e+05  -1.2500946e+04
   5.3000000e+01   2.9164720e+04   6.1951538e+04
   5.4000000e+01  -8.1993798e+04   4.5189264e+04
   5.5000000e+01  -4.7294409e+04  -1.3032307e+04
   5.6000000e+01   5.8731287e+04  -2.8286959e+04
   5.7000000e+01   8.1102172e+04  -1.6906046e+04
   5.8000000e+01   2.0659209e+04  -3.0753127e+04
   5.9000000e+01  -3.1140735e+04  -4.4436006e+04
   6.0000000e+01  -4.2588834e+04  -9.0909759e+02
   6.1000000e+01  -2.7249272e+04   5.7424278e+04
   6.2000000e+01   3.3878077e+03   4.2080751e+04
   6.3000000e+01   2.5130761e+04  -2.1622455e+04
   6.4000000e+01   1.2083130e+04  -3.4886402e+04
   6.5000000e+01  -3.1871238e+04  -1.2497151e+03
   6.6000000e+01  -5.9048010e+04   5.8047559e+03
   6.7000000e+01  -2.7695815e+04  -1.4171423e+03
   6.8000000e+01   3.7862862e+04   2.3719219e+04
   6.9000000e+01   7.9741842e+04   4.8563272e+04
   7.0000000e+01   5.1624932e+04   1.2804056e+04
   7.1000000e+01  -2.7612315e+04  -5.8410141e+04
   7.2000000e+01  -6.1402225e+04  -7.1443644e+04
   7.3000000e+01  -7.0976686e+03  -2.6102048e+03
   7.4000000e+01   5.6360199e+04   6.5277648e+04
   7.5000000e+01   4.2735797e+04   5.0911188e+04
   7.6000000e+01  -2.2134190e+04  -1.3100416e+04
   7.7000000e+01  -5.2303041e+04  -2.7595083e+04
   7.8000000e+01  -3.5215051e+04   3.7302407e+03
   7.9000000e+01  -1.6339622e+04   1.0639847e+03
   8.0000000e+01  -1.8716169e+04  -3.5576582e+04
   8.1000000e+01  -2.3923341e+04  -3.0418262e+04
   8.2000000e+01  -2.2924103e+03   3.5893407e+04
   8.3000000e+01   2.8434630e+04   6.8129276e+04
   8.4000000e+01   2.6183784e+04   1.2782852e+04
   8.5000000e+01  -1.5733303e+04  -5.2770917e+04
   8.6000000e+01  -5.6232643e+04  -6.7626391e+04
   8.7000000e+01  -4.0492018e+04  -3.9966516e+04
   8.8000000e+01   1.5459721e+04   1.4980053e+04
   8.9000000e+01   4.2576739e+04   6.7815263e+04
   9.0000000e+01   2.8973913e+04   6.3894645e+04
   9.1000000e+01   1.8199872e+04  -1.3718929e+04
   9.2000000e+01   1.3356599e+04  -8.6087808e+04
   9.3000000e+01  -1.6969375e+04  -5.8008827e+04
   9.4000000e+01  -3.2101599e+04   4.5721301e+04
   9.5000000e+01   8.5168815e+03   9.0858291e+04
   9.6000000e+01   2.7934256e+04   2.2195503e+04
   9.7000000e+01  -1.7865233e+04  -5.3867843e+04
   9.8000000e+01  -4.3476730e+04  -5.7847810e+04
   9.9000000e+01  -3.3101110e+03  -2.5643490e+04
   1.0000000e+02   2.4368350e+04   7.2181132e+03
   1.0100000e+02  -3.3495729e+03   2.8048260e+04
   1.0200000e+02  -1.9819203e+04   1.9413531e+04
   1.0300000e+02  -6.1576252e+03  -1.1502812e+04
   1.0400000e+02  -5.2614776e+03  -3.2847917e+04
   1.0500000e+02  -1.5088631e+02  -2.9089880e+04
   1.0600000e+02   2.3143521e+04  -7.7848238e+03
   1.0700000e+02   2.7571310e+04   1.2660502e+04
   1.0800000e+02   5.3930920e+03   1.1461577e+04
   1.0900000e+02  -1.1080092e+04   2.7314902e+03
   1.1000000e+02   2.8089128e+03   2.3097381e+03
   1.1100000e+02   2.7300662e+04  -1.0589399e+04
   1.1200000e+02   2.0129106e+04  -2.6181333e+04
   1.1300000e+02  -1.5630103e+04  -1.6776999e+04
   1.1400000e+02  -4.3914383e+04   8.1370325e+03
   1.1500000e+02  -3.4708930e+04   2.5899189e+04
   1.1600000e+02   2.8597325e+04   2.0578072e+04
   1.1700000e+02   8.2149950e+04   1.7253933e+03
   1.1800000e+02   2.3322647e+04  -5.2910846e+03
   1.1900000e+02  -8.6061489e+04   2.2827882e+03
   1.2000000e+02  -7.7302405e+04   1.3225150e+04
   1.2100000e+02   3.2653184e+04   2.0990811e+04
   1.2200000e+02   7.3078335e+04   1.7251970e+04
   1.2300000e+02   1.7298433e+04   6.6517641e+03
   1.2400000e+02  -1.8407064e+04   1.5620989e+04
   1.2500000e+02  -1.4540000e+01   2.8184474e+04
   1.2600000e+02   2.6108701e+04   2.4599125e+03
   1.2700000e+02   3.2362074e+04  -3.2163668e+04
   1.2800000e+02   6.9531320e+03  -2.8806457e+04
   1.2900000e+02  -3.0921490e+04   7.4336991e+03
   1.3000000e+02  -3.6220265e+04   4.3094575e+04
   1.3100000e+02   1.2336230e+04   3.9235694e+04
   1.3200000e+02   6.7469218e+04   3.0766270e+02
   1.3300000e+02   4.2056077e+04  -2.9839613e+04
   1.3400000e+02  -3.3188928e+04  -1.9704099e+04
   1.3500000e+02  -3.5867742e+04   2.7354832e+04
   1.3600000e+02   2.2811943e+04   5.2477909e+04
   1.3700000e+02   4.0516551e+04   1.2214334e+04
   1.3800000e+02   1.2323727e+04  -2.7858565e+04
   1.3900000e+02  -1.5344255e+03   2.9380035e+03
   1.4000000e+02   8.3902417e+03   3.9708135e+04
   1.4100000e+02  -9.5810282e+03   1.7101769e+03
   1.4200000e+02  -6.4192283e+04  -5.7701762e+04
   1.4300000e+02  -5.7124261e+04  -5.4221994e+04
   1.4400000e+02   3.8076861e+04   1.4157494e+04
   1.4500000e+02   7.4808067e+04   6.4892339e+04
   1.4600000e+02  -8.7920892e+03   1.4436020e+04
   1.4700000e+02  -9.0607462e+04  -7.3762595e+04
   1.4800000e+02  -7.9262790e+04  -7.4639271e+04
   1.4900000e+02  -8.3944573e+02   2.0372634e+03
   1.5000000e+02   5.6784743e+04   6.4073884e+04
   1.5100000e+02   3.7966805e+04   6.2665454e+04
   1.5200000e+02  -1.3817760e+04   1.1082765e+04
   1.5300000e+02  -3.5714829e+04  -3.9733390e+04
   1.5400000e+02  -3.2581125e+04  -3.6870526e+04
   1.5500000e+02  -4.5142546e+04   1.4082575e+04
   1.5600000e+02  -5.0763194e+04   4.1961775e+04
   1.5700000e+02   8.3812155e+03   1.4204557e+04
   1.5800000e+02   7.7001107e+04  -3.3802009e+04
   1.5900000e+02   6.5563852e+04  -6.3814039e+04
   1.6000000e+02   1.4788748e+04  -5.0986264e+04
   1.6100000e+02  -6.5856676e+03  -6.1570868e+03
   1.6200000e+02  -2.4250853e+04   2.1567433e+04
   1.6300000e+02  -5.3268629e+04   7.3693706e+03
   1.6400000e+02  -2.7746214e+04  -2.1922077e+04
   1.6500000e+02   4.7386843e+04  -2.2858152e+04
   1.6600000e+02   5.8050931e+04   1.2554968e+04
   1.6700000e+02  -1.7089690e+04   3.6318965e+04
   1.6800000e+02  -6.1205061e+04   4.7778774e+03
   1.6900000e+02  -1.2478020e+04  -3.3724171e+04
   1.7000000e+02   4.2839787e+04  -2.2970279e+03
   1.7100000e+02   3.1789511e+04   5.5799014e+04
   1.7200000e+02   4.3213924e+03   3.6292715e+04
   1.7300000e+02  -1.0894787e+04  -5.2432307e+04
   1.7400000e+02  -4.6889719e+04  -9.7092700e+04
   1.7500000e+02  -6.0560848e+04  -3.7854295e+04
   1.7600000e+02   1.9684739e+04   4.4395330e+04
   1.7700000e+02   1.1891217e+05   4.6227492e+04
   1.7800000e+02   8.6442302e+04  -3.2948143e+03
   1.7900000e+02  -4.6348159e+04  -2.1704665e+04
   1.8000000e+02  -1.0444720e+05  -1.9883111e+04
   1.8100000e+02  -4.5428669e+04  -3.3356333e+04
   1.8200000e+02   3.4472768e+04  -3.1250607e+04
   1.8300000e+02   6.1264063e+04   1.1762927e+04
   1.8400000e+02   2.7738682e+04   5.5679123e+04
   1.8500000e+02  -7.8829188e+03   4.4246860e+04
   1.8600000e+02   5.6716085e+03  -7.6994421e+03
   1.8700000e+02   2.4481507e+04  -2.2636569e+04
   1.8800000e+02   4.4708908e+03   1.6561081e+04
   1.8900000e+02  -9.7318911e+03   4.4798085e+04
   1.9000000e+02   5.4585618e+03   2.5719821e+04
   1.9100000e+02   1.2169588e+04   2.1940217e+03
   1.9200000e+02  -2.4894587e+03   1.6360933e+04
   1.9300000e+02  -3.0854798e+04   3.2191840e+04
   1.9400000e+02  -5.8526292e+04   6.2432255e+03
   1.9500000e+02  -5.1038556e+04  -3.3563819e+04
   1.9600000e+02  -1.9570920e+04  -4.2453734e+04
   1.9700000e+02  -1.2979790e+04  -1.8565903e+04
   1.9800000e+02  -1.3265868e+04   1.4319605e+04
   1.9900000e+02   1.6229811e+04   3.4666808e+04
   2.0000000e+02   4.1102500e+04   2.3707331e+04
   2.0100000e+02   3.8613151e+04  -6.2923841e+03
   2.0200000e+02   3.2197392e+04  -1.7661874e+04
   2.0300000e+02   2.9567896e+04  -1.4372691e+04
   2.0400000e+02   3.6007249e+04  -2.3404750e+03
   2.0500000e+02   4.5438994e+04   3.5007109e+04
   2.0600000e+02   3.0665704e+04   5.7269040e+04
   2.0700000e+02  -1.0215823e+03   2.3336438e+04
   2.0800000e+02  -2.0733421e+04  -2.1498706e+04
   2.0900000e+02  -3.3466576e+04  -1.6358572e+04
   2.1000000e+02  -6.6937515e+04   2.9183282e+04
   2.1100000e+02  -1.0720836e+05   4.0819482e+04
   2.1200000e+02  -8.9968401e+04  -1.4302598e+04
   2.1300000e+02   8.6356116e+03  -5.2108398e+04
   2.1400000e+02   1.0481152e+05  -1.2150705e+04
   2.1500000e+02   8.4407985e+04   2.8273602e+04
   2.1600000e+02  -2.6497675e+04   1.0826090e+04
   2.1700000e+02  -8.5992931e+04  -2.9198881e+04
   2.1800000e+02  -4.4165260e+04  -5.9440741e+04
   2.1900000e+02   4.4849945e+04  -3.9884799e+04
   2.2000000e+02   1.2128817e+05   2.9377985e+04
   2.2100000e+02   1.2865271e+05   5.5667415e+04
   2.2200000e+02   5.2230925e+04   9.6725360e+03
   2.2300000e+02  -4.5200041e+04  -3.6716181e+04
   2.2400000e+02  -8.0313718e+04  -3.5382547e+04
   2.2500000e+02  -5.1359825e+04   6.0261613e+03
   2.2600000e+02  -3.6233587e+04   4.9013145e+04
   2.2700000e+02  -5.4743778e+04   5.0180487e+04
   2.2800000e+02  -4.3618480e+04  -5.8769202e+03
   2.2900000e+02   2.3426436e+04  -6.4793344e+04
   2.3000000e+02   9.0318625e+04  -4.5468706e+04
   2.3100000e+02   8.1614866e+04   2.8076351e+04
   2.3200000e+02  -4.6184391e+03   5.5003675e+04
   2.3300000e+02  -7.5776545e+04   8.8630036e+03
   2.3400000e+02  -5.8858917e+04  -4.8021105e+04
   2.3500000e+02   1.5064155e+04  -6.0886114e+04
   2.3600000e+02   7.1149243e+04  -3.6786933e+04
   2.3700000e+02   5.4422686e+04  -1.0177719e+04
   2.3800000e+02  -2.2212248e+04   7.3963047e+03
   2.3900000e+02  -7.2608978e+04   1.2575417e+04
   2.4000000e+02  -6.6946486e+04  -2.2530489e+02
   2.4100000e+02  -4.4622526e+04  -8.2193041e+03
   2.4200000e+02  -9.4693447e+03   2.0409548e+03
   2.4300000e+02   2.3461989e+04   5.1692820e+03
   2.4400000e+02   2.2339112e+04  -2.2363520e+03
   2.4500000e+02   1.2182048e+04  -5.7574774e+03
   2.4600000e+02   2.2678544e+04   2.6755882e+03
   2.4700000e+02   4.4278361e+04   3.0000612e+04
   2.4800000e+02   4.9098308e+04   3.4976168e+04
   2.4900000e+02   9.7062175e+03  -1.5396748e+04
   2.5000000e+02  -4.8550286e+04  -5.5993645e+04
   2.5100000e+02  -5.2329987e+04  -3.1114712e+04
   2.5200000e+02   1.5353871e+04   1.3328445e+04
   2.5300000e+02   7.7871540e+04   2.3437422e+04
   2.5400000e+02   5.0022895e+04   1.2335620e+03
   2.5500000e+02  -5.7050929e+04  -3.1524113e+04
   2.5600000e+02  -1.2116976e+05  -3.4889117e+04
   2.5700000e+02  -5.8651685e+04   8.9821606e+03
   2.5800000e+02   5.0643740e+04   4.2868490e+04
   2.5900000e+02   8.3673942e+04   3.0163146e+04
   2.6000000e+02   3.7824731e+04   1.1379564e+04
   2.6100000e+02  -9.1330837e+03   2.3295802e+04
   2.6200000e+02  -2.9500176e+04   3.4549620e+04
   2.6300000e+02  -4.0991571e+04  -6.2206690e+03
   2.6400000e+02  -3.6917960e+04  -4.6833676e+04
   2.6500000e+02  -2.2390770e+04  -1.0644764e+04
   2.6600000e+02  -2.5184551e+04   3.9724737e+04
   2.6700000e+02  -4.1744105e+04   2.0460159e+04
   2.6800000e+02  -4.1593404e+04  -2.8462954e+04
   2.6900000e+02  -2.1029133e+03  -2.8601369e+04
   2.7000000e+02   5.5769427e+04   1.4708451e+04
   2.7100000e+02   9.2012271e+04   4.7663714e+04
   2.7200000e+02   9.5117034e+04   5.8157360e+04
   2.7300000e+02   6.2370728e+04   4.6895523e+04
   2.7400000e+02   9.8969296e+03   1.2148100e+04
   2.7500000e+02  -2.4836137e+04  -1.7791217e+04
   2.7600000e+02  -1.7723973e+04  -1.5696658e+04
   2.7700000e+02   3.6338405e+04   6.9906716e+03
   2.7800000e+02   8.0984399e+04   9.9741188e+03
   2.7900000e+02   3.1193866e+04  -1.2103068e+04
   2.8000000e+02  -7.3203026e+04  -3.5193547e+04
   2.8100000e+02  -1.0002629e+05  -5.4665099e+04
   2.8200000e+02  -4.0399091e+04  -4.3641907e+04
   2.8300000e+02  -3.7782008e+03   1.9357584e+03
   2.8400000e+02  -1.5398078e+04   1.0059812e+04
   2.8500000e+02  -1.6290463e+04  -4.0534360e+04
   2.8600000e+02  -8.3631731e+03  -6.2089541e+04
   2.8700000e+02  -4.0655485e+04  -2.7273695e+02
   2.8800000e+02  -8.5146728e+04   6.0424453e+04
   2.8900000e+02  -5.7195803e+04   3.9679197e+04
   2.9000000e+02   2.6760632e+04  -5.2539736e+03
   2.9100000e+02   7.2169525e+04  -9.2873846e+03
   2.9200000e+02   5.2086720e+04   1.2822686e+04
   2.9300000e+02   1.2618434e+04   2.9777696e+04
   2.9400000e+02   1.6076168e+04   2.6921573e+04
   2.9500000e+02   5.4806906e+04   1.7446031e+04
   2.9600000e+02   5.2613637e+04   1.4404613e+04
   2.9700000e+02   7.4007734e+03   1.0982230e+03
   2.9800000e+02  -1.5854701e+04  -2.2022173e+04
   2.9900000e+02   8.6814366e+03  -2.5713989e+04
   3.0000000e+02   3.6991030e+04  -5.1671992e+03
   3.0100000e+02   5.3636517e+03   1.5481782e+04
   3.0200000e+02  -4.5524428e+04   9.8682888e+03
   3.0300000e+02  -2.8807977e+04  -2.5905602e+04
   3.0400000e+02   1.5543268e+04  -4.4371582e+04
   3.0500000e+02   3.5316416e+03  -1.0957959e+04
   3.0600000e+02  -3.8595891e+04   2.5741373e+04
   3.0700000e+02  -3.0636504e+04   2.0585403e+04
   3.0800000e+02   3.1851124e+04   4.2141626e+03
   3.0900000e+02   6.6137189e+04   8.8657624e+03
   3.1000000e+02   1.5169797e+04   6.7429041e+03
   3.1100000e+02  -5.9443830e+04  -1.7980885e+04
   3.1200000e+02  -4.8728787e+04  -1.5573770e+04
   3.1300000e+02   3.4028029e+04   2.5512390e+04
   3.1400000e+02   6.5418595e+04   3.5129315e+04
   3.1500000e+02   1.5141396e+04  -1.0888053e+04
   3.1600000e+02  -3.4901102e+04  -4.3159247e+04
   3.1700000e+02  -4.6520002e+04  -1.7819571e+04
   3.1800000e+02  -2.4336453e+04   2.0652645e+04
   3.1900000e+02   1.7708708e+04   2.2394034e+04
   3.2000000e+02   2.2564208e+04  -1.0047438e+04
   3.2100000e+02  -1.7490918e+04  -3.9184904e+04
   3.2200000e+02  -3.4984095e+04  -3.0640558e+04
   3.2300000e+02  -1.2301004e+04   7.2291788e+03
   3.2400000e+02   1.2972590e+04   3.6765595e+04
   3.2500000e+02   3.0830881e+03   2.1837888e+04
   3.2600000e+02  -3.5532673e+04  -3.0342116e+04
   3.2700000e+02  -3.7406347e+04  -5.1562618e+04
   3.2800000e+02   4.7911303e+03  -9.0115164e+03
   3.2900000e+02   2.2019238e+04   4.4243523e+04
   3.3000000e+02  -1.5055575e+03   4.5521367e+04
   3.3100000e+02  -1.8679145e+04   1.4967176e+02
   3.3200000e+02   5.5560154e+03  -3.3969898e+04
   3.3300000e+02   4.3609039e+04  -3.1359762e+04
   3.3400000e+02   3.2027540e+04  -1.8631483e+02
   3.3500000e+02  -1.0019708e+04   3.2546419e+04
   3.3600000e+02  -5.3910728e+03   1.8048183e+04
   3.3700000e+02   2.1664825e+04  -2.5979955e+04
   3.3800000e+02   4.2400280e+01  -2.9109320e+04
   3.3900000e+02  -3.8832571e+04   7.2318961e+03
   3.4000000e+02  -3.3981095e+04   1.7286076e+04
   3.4100000e+02   5.3660544e+03  -1.5636031e+04
   3.4200000e+02   3.5510328e+04  -3.1104635e+04
   3.4300000e+02   2.1525840e+04  -3.7527808e+03
   3.4400000e+02  -2.7340184e+04   2.1887147e+04
   3.4500000e+02  -5.4665787e+04   2.0811494e+04
   3.4600000e+02  -2.3645616e+04   7.8846865e+03
   3.4700000e+02   3.0126598e+04  -3.4180221e+02
   3.4800000e+02   3.6273190e+04  -5.2472642e+03
   3.4900000e+02  -5.4974138e+03  -5.8146287e+03
   3.5000000e+02  -1.4360588e+04   9.1191936e+03
   3.5100000e+02   3.3366006e+04   2.8178154e+04
   3.5200000e+02   5.3591121e+04   2.4502139e+04
   3.5300000e+02   7.9189610e+03  -8.9362649e+03
   3.5400000e+02  -2.6989375e+04  -2.8435287e+04
   3.5500000e+02  -9.8716020e+03   2.5579998e+03
   3.5600000e+02   9.7723002e+03   2.5882663e+04
   3.5700000e+02   5.9803080e+03  -2.2163036e+03
   3.5800000e+02  -1.6267738e+03  -2.5546529e+04
   3.5900000e+02  -1.1491155e+04  -7.6014890e+03
   3.6000000e+02  -2.6792344e+04   2.1955506e+04
   3.6100000e+02  -1.8793359e+04   3.4176932e+04
   3.6200000e+02   2.2144613e+04   1.9504244e+04
   3.6300000e+02   4.6184734e+04  -1.1482329e+04
   3.6400000e+02   1.0129546e+04  -1.9478028e+04
   3.6500000e+02  -4.3440458e+04   5.0766343e+03
   3.6600000e+02  -2.6498320e+04   1.5041514e+04
   3.6700000e+02   4.3473717e+04  -3.1799053e+03
   3.6800000e+02   6.1623573e+04  -1.5850612e+04
   3.6900000e+02   1.6348030e+04  -8.0010419e+03
   3.7000000e+02  -2.3558116e+04   8.7988862e+03
   3.7100000e+02  -1.6015222e+04   1.0049849e+04
   3.7200000e+02   1.7818013e+04  -6.2629439e+03
   3.7300000e+02   1.3166434e+04  -1.1065562e+04
   3.7400000e+02  -2.4263498e+04   3.3881211e+03
   3.7500000e+02  -3.5492004e+04   1.5915394e+04
   3.7600000e+02  -1.8783861e+04   1.4337115e+04
   3.7700000e+02   6.9974232e+03   7.4690156e+03
   3.7800000e+02   2.0611777e+04   6.0232271e+03
   3.7900000e+02  -3.9876315e+03   1.1404206e+04
   3.8000000e+02  -3.6499315e+04   9.0745760e+03
   3.8100000e+02  -2.3331508e+04  -1.7300943e+04
   3.8200000e+02   1.8685161e+04  -3.1098771e+04
   3.8300000e+02   3.2698858e+04   7.2977130e+03
   3.8400000e+02   1.9667573e+04   4.0212678e+04
   3.8500000e+02   3.5677228e+03   7.4223911e+03
   3.8600000e+02  -1.7819416e+04  -3.8279756e+04
   3.8700000e+02  -2.0036509e+04  -3.1643835e+04
   3.8800000e+02   1.2095723e+04   1.0804555e+03
   3.8900000e+02   3.4215699e+04   6.2693753e+03
   3.9000000e+02   1.3280928e+04  -1.4895656e+04
   3.9100000e+02  -2.6032407e+04  -2.4647471e+04
   3.9200000e+02  -3.5199316e+04  -1.8200692e+04
   3.9300000e+02  -4.1504433e+03  -1.6782465e+04
   3.9400000e+02   2.2824551e+04  -4.3842826e+03
   3.9500000e+02   7.7556844e+03   2.0449448e+04
   3.9600000e+02  -3.0354362e+04   1.2543940e+04
   3.9700000e+02  -3.9807833e+04  -1.4966194e+04
   3.9800000e+02  -9.0596675e+03  -1.1299360e+04
   3.9900000e+02   1.9518832e+04   8.4116331e+03
   4.0000000e+02   1.5211560e+04   1.1275618e+04
   4.0100000e+02  -6.7845012e+03   5.9450612e+03
   4.0200000e+02  -1.5203412e+04   4.4788235e+03
   4.0300000e+02  -1.2882434e+03   3.2384699e+03
   4.0400000e+02   1.7598802e+04  -1.1843596e+03
   4.0500000e+02   1.7650031e+04  -6.1701014e+03
   4.0600000e+02  -7.2601315e+03   2.6620316e+03
   4.0700000e+02  -2.3078260e+04   1.6605893e+04
   4.0800000e+02   1.9751996e+03  -1.2572038e+03
   4.0900000e+02   3.1687088e+04  -3.2106725e+04
   4.1000000e+02   2.1177437e+04  -3.2234871e+04
   4.1100000e+02  -5.6786296e+03  -8.2762025e+03
   4.1200000e+02  -1.2043751e+04   2.3390969e+04
   4.1300000e+02   6.3059115e+03   3.2612051e+04
   4.1400000e+02   2.5880409e+04  -2.9083032e+03
   4.1500000e+02   7.1973332e+03  -3.3498010e+04
   4.1600000e+02  -2.9282268e+04  -1.4521606e+04
   4.1700000e+02  -2.7165448e+04   2.3574582e+04
   4.1800000e+02  -2.7756873e+03   2.9548392e+04
   4.1900000e+02   6.1784574e+03   5.7713365e+03
   4.2000000e+02   7.8385570e+01  -5.2237207e+03
   4.2100000e+02  -1.6627977e+04  -4.9796830e+02
   4.2200000e+02  -2.4854105e+04  -1.7852304e+03
   4.2300000e+02   5.3016810e+02  -3.0578334e+03
   4.2400000e+02   3.2772068e+04   3.1008833e+03
   4.2500000e+02   2.2020365e+04   1.6714108e+03
   4.2600000e+02  -1.1562651e+04  -1.4820232e+04
   4.2700000e+02  -1.2036309e+04  -1.7326884e+04
   4.2800000e+02   1.7421353e+04   8.7970934e+03
   4.2900000e+02   4.0291398e+04   2.5220277e+04
   4.3000000e+02   2.7543517e+04   7.9926097e+03
   4.3100000e+02  -1.8100423e+04  -2.0760714e+04
   4.3200000e+02  -4.3536871e+04  -2.6245858e+04
   4.3300000e+02  -1.9394680e+04   1.0599135e+04
   4.3400000e+02   1.9061576e+04   5.3331037e+04
   4.3500000e+02   2.2404032e+04   4.2475798e+04
   4.3600000e+02  -1.6967798e+04  -7.8474128e+03
   4.3700000e+02  -4.5156104e+04  -3.5570349e+04
   4.3800000e+02  -2.5675784e+04  -1.8429799e+04
   4.3900000e+02   2.7298444e+03   2.1691001e+04
   4.4000000e+02   6.9529404e+03   3.3807008e+04
   4.4100000e+02   9.3114059e+03  -4.4876334e+03
   4.4200000e+02   2.3345970e+04  -3.3468966e+04
   4.4300000e+02   2.8641676e+04  -1.1306046e+04
   4.4400000e+02   1.3870758e+04   2.3573880e+04
   4.4500000e+02  -1.4634658e+04   3.2418540e+04
   4.4600000e+02  -2.9157725e+04   6.2756007e+03
   4.4700000e+02   1.1597520e+03  -3.6657445e+04
   4.4800000e+02   3.7894543e+04  -3.7744771e+04
   4.4900000e+02   2.1635654e+04   2.1402820e+04
   4.5000000e+02  -1.1718702e+04   5.5867312e+04
   4.5100000e+02  -5.7508133e+03   1.4155455e+04
   4.5200000e+02   2.5385450e+03  -3.3046897e+04
   4.5300000e+02  -2.0800585e+04  -2.8427948e+04
   4.5400000e+02  -2.6637852e+04   5.9325086e+03
   4.5500000e+02   2.9879492e+03   2.6525586e+04
   4.5600000e+02   1.3425670e+04   6.2696422e+03
   4.5700000e+02  -9.1690664e+03  -2.5237258e+04
   4.5800000e+02  -6.4240174e+03  -1.8944371e+04
   4.5900000e+02   3.5969038e+04   1.2634506e+04
   4.6000000e+02   4.0798809e+04   2.3176888e+04
   4.6100000e+02  -1.1209274e+04   1.1148421e+02
   4.6200000e+02  -3.7652737e+04  -2.5467957e+04
   4.6300000e+02  -1.3721543e+04  -2.1296471e+04
   4.6400000e+02   1.4376385e+04   3.1315004e+03
   4.6500000e+02   2.6126191e+04   1.5675923e+04
   4.6600000e+02   2.0047118e+04   8.9512821e+03
   4.6700000e+02  -5.1859975e+03  -4.8125681e+03
   4.6800000e+02  -2.7469587e+04  -9.6656027e+03
   4.6900000e+02  -1.4998639e+04   5.7294593e+03
   4.7000000e+02   1.7159462e+04   9.7452342e+03
   4.7100000e+02   2.5553678e+04  -1.6295802e+04
   4.7200000e+02   6.6743190e+03  -2.3954156e+04
   4.7300000e+02  -1.4448646e+04  -4.1885162e+03
   4.7400000e+02  -2.3652748e+04   8.2878890e+03
   4.7500000e+02  -2.1929869e+04   1.2571002e+04
   4.7600000e+02  -3.7601446e+03   4.6212182e+03
   4.7700000e+02   3.0892877e+04  -1.3580461e+04
   4.7800000e+02   3.7831303e+04  -1.7174956e+04
   4.7900000e+02  -4.8297048e+03  -9.9883591e+03
   4.8000000e+02  -3.7616503e+04  -7.9501037e+03
   4.8100000e+02  -1.4658714e+04  -4.4430526e+03
   4.8200000e+02   2.2919587e+04   5.8929677e+03
   4.8300000e+02   1.9095071e+04   1.5032173e+04
   4.8400000e+02  -1.1807515e+04   1.4423011e+04
   4.8500000e+02  -1.9592983e+04  -4.5356301e+03
   4.8600000e+02   3.6825739e+03  -2.6754377e+04
   4.8700000e+02   1.9282668e+04  -1.6027458e+04
   4.8800000e+02  -1.6165149e+02   1.6134029e+04
   4.8900000e+02  -3.0064222e+04   2.5611165e+04
   4.9000000e+02  -3.2824365e+04  -1.3546027e+03
   4.9100000e+02  -3.9759090e+03  -3.6297879e+04
   4.9200000e+02   2.6882710e+04  -2.4196031e+04
   4.9300000e+02   1.9931283e+04   2.3763862e+04
   4.9400000e+02  -1.7687475e+04   2.5428648e+04
   4.9500000e+02  -3.2440331e+04  -1.8699136e+04
   4.9600000e+02  -2.3996854e+03  -2.5432405e+04
   4.9700000e+02   3.2495606e+04   1.5680625e+04
   4.9800000e+02   2.6149428e+04   3.5852742e+04
   4.9900000e+02  -5.9399178e+03   1.9807645e+04
   5.0000000e+02  -1.5274286e+04   6.7538529e+03
   5.0100000e+02  -3.2158424e+03   1.7432993e+03
   5.0200000e+02  -1.1609892e+04   4.1615756e+03
   5.0300000e+02  -3.2850981e+04   1.7715878e+04
   5.0400000e+02  -1.6777907e+04   1.2720792e+04
   5.0500000e+02   1.6455032e+04  -1.3347018e+04
   5.0600000e+02   1.2596345e+04  -1.9437358e+04
   5.0700000e+02  -8.4554103e+03  -6.9673112e+03
   5.0800000e+02  -9.3013778e+03  -8.3636267e+03
   5.0900000e+02   7.9559191e+03  -8.6915348e+03
   5.1000000e+02   1.8544170e+04   6.2380796e+03
   5.1100000e+02   9.5471016e+02   6.9371297e+03
   5.1200000e+02  -1.8379963e+04  -3.6233771e+03
   5.1300000e+02  -9.1774366e+03   1.6108863e+02
   5.1400000e+02   5.7968227e+03   6.2198167e+03
   5.1500000e+02   1.4911058e+04  -1.2211177e+03
   5.1600000e+02   2.8975909e+04  -6.6795268e+03
   5.1700000e+02   1.7267221e+04   1.1746335e+04
   5.1800000e+02  -2.4700103e+04   3.0336682e+04
   5.1900000e+02  -2.7472799e+04   1.1010283e+04
   5.2000000e+02   1.1226997e+04  -2.1375479e+04
   5.2100000e+02   1.9781549e+04  -2.7121837e+04
   5.2200000e+02  -2.6856712e+03  -1.1707912e+04
   5.2300000e+02  -1.7027674e+04   4.8972064e+03
   5.2400000e+02  -1.8066842e+04   1.0137005e+04
   5.2500000e+02  -1.2267365e+04  -4.6131792e+02
   5.2600000e+02  -3.0748345e+03  -1.8508923e+04
   5.2700000e+02   1.1246921e+04  -1.9571211e+04
   5.2800000e+02   2.2870142e+04   7.1178265e+03
   5.2900000e+02   1.6182009e+04   2.3547435e+04
   5.3000000e+02   7.2011990e+03   5.2068236e+03
   5.3100000e+02   2.6393485e+04  -4.7751045e+03
   5.3200000e+02   4.8254371e+04   1.1188531e+04
   5.3300000e+02   1.9050747e+04   8.5252852e+03
   5.3400000e+02  -2.8633088e+04  -1.1405979e+04
   5.3500000e+02  -2.0845408e+04  -6.5168171e+03
   5.3600000e+02   1.8154614e+04   1.0642226e+04
   5.3700000e+02   2.2263260e+04   5.1137403e+03
   5.3800000e+02  -1.6045105e+03  -8.7683711e+03
   5.3900000e+02  -2.1341222e+04   1.1889474e+03
   5.4000000e+02  -3.5199079e+04   2.1035359e+04
   5.4100000e+02  -3.2890449e+04   1.8345638e+04
   5.4200000e+02  -4.4466095e+03  -8.5374470e+02
   5.4300000e+02   2.2412641e+04  -9.3292020e+03
   5.4400000e+02   2.3944250e+04   2.0823053e+03
   5.4500000e+02   1.0107760e+04   7.3997429e+03
   5.4600000e+02   4.2944256e+02  -3.1230125e+03
   5.4700000e+02   1.4921048e+03   2.3317608e+03
   5.4800000e+02   1.0412527e+04   7.9209227e+03
   5.4900000e+02   2.6320230e+04  -1.3901998e+04
   5.5000000e+02   2.6502500e+04  -2.5130408e+04
   5.5100000e+02  -1.7260041e+03  -1.1876187e+04
   5.5200000e+02  -1.6122394e+04   4.2479933e+03
   5.5300000e+02  -3.5429498e+03   1.5528531e+04
   5.5400000e+02  -5.4617653e+03   4.3694409e+03
   5.5500000e+02  -2.8615173e+04  -1.9571016e+04
   5.5600000e+02  -3.9655938e+04  -1.4311490e+04
   5.5700000e+02  -2.0923433e+04   1.2933168e+04
   5.5800000e+02   9.0020487e+03   1.6452898e+04
   5.5900000e+02   1.5224973e+04  -9.4628962e+03
   5.6000000e+02  -1.3512441e+04  -2.4168713e+04
   5.6100000e+02  -4.7463339e+04  -2.3220932e+03
   5.6200000e+02  -4.4190745e+04   2.6074712e+04
   5.6300000e+02   2.6130617e+03   1.9242046e+04
   5.6400000e+02   4.7290305e+04  -1.1779952e+04
   5.6500000e+02   4.0106463e+04  -2.3368761e+04
   5.6600000e+02  -2.5414588e+03  -6.6165370e+02
   5.6700000e+02  -1.9291836e+04   2.1992042e+04
   5.6800000e+02   3.4862565e+03   3.9075424e+03
   5.6900000e+02   2.5258329e+04  -3.2771259e+04
   5.7000000e+02   1.7410804e+04  -3.1020280e+04
   5.7100000e+02  -7.8666607e+03   1.1564115e+04
   5.7200000e+02  -1.7917636e+04   3.4273644e+04
   5.7300000e+02  -1.0505223e+03  -1.7575339e+03
   5.7400000e+02   9.7663492e+03  -4.0152060e+04
   5.7500000e+02  -1.3464683e+04  -2.2282489e+04
   5.7600000e+02  -3.4167689e+04   1.1322586e+04
   5.7700000e+02  -2.0934388e+04   1.6956535e+04
   5.7800000e+02  -3.3605544e+03   8.7339276e+03
   5.7900000e+02  -7.0700269e+02  -1.0462990e+03
   5.8000000e+02  -7.0371453e+03  -1.1027346e+04
   5.8100000e+02  -9.3600321e+03  -9.5306881e+03
   5.8200000e+02   5.6308405e+03   4.5976797e+03
   5.8300000e+02   1.5872185e+04   7.1522538e+03
   5.8400000e+02   1.0469625e+04  -4.0803399e+03
   5.8500000e+02   1.2549100e+04  -2.6693708e+03
   5.8600000e+02   1.6868704e+04   7.8638229e+03
   5.8700000e+02   1.0172112e+04   6.6284303e+03
   5.8800000e+02   3.0447915e+03  -3.3199559e+03
   5.8900000e+02  -1.4766558e+03  -7.0309367e+03
   5.9000000e+02  -2.6934909e+03  -6.9067426e+03
   5.9100000e+02   8.3978108e+03  -8.3422314e+03
   5.9200000e+02   9.3150010e+03   7.9339665e+03
   5.9300000e+02  -2.1409980e+04   2.6814125e+04
   5.9400000e+02  -3.5049238e+04   4.4743133e+03
   5.9500000e+02   1.8325505e+03  -1.7713475e+04
   5.9600000e+02   3.6699615e+04   1.4528246e+04
   5.9700000e+02   2.4371226e+04   4.1084722e+04
   5.9800000e+02  -1.2119606e+04   1.2686400e+04
   5.9900000e+02  -2.1798579e+04  -1.7596073e+04
   6.0000000e+02   5.9815749e+03  -1.6334981e+04
   6.0100000e+02   2.6867158e+04  -1.7610078e+02
   6.0200000e+02   1.2715653e+04   1.1630944e+04
   6.0300000e+02  -5.7542820e+03   5.1480514e+02
   6.0400000e+02   1.6770986e+03  -8.5616782e+03
   6.0500000e+02   1.3166374e+04   1.3100669e+03
   6.0600000e+02   9.4385472e+03  -7.5189750e+03
   6.0700000e+02  -2.6341539e+03  -2.0194750e+04
   6.0800000e+02  -1.9911019e+04  -7.5514734e+02
   6.0900000e+02  -1.8856656e+04   2.0789950e+04
   6.1000000e+02   7.1137513e+03   1.7404432e+04
   6.1100000e+02   1.8848617e+04   2.9731106e+03
   6.1200000e+02   4.8199967e+03  -2.4227705e+02
   6.1300000e+02  -1.5422930e+04   1.0075528e+04
   6.1400000e+02  -2.0994735e+04   1.7928297e+04
   6.1500000e+02   5.1467609e+02   1.4033551e+04
   6.1600000e+02   2.6339025e+04   2.7886578e+03
   6.1700000e+02   2.5651119e+04  -4.4575467e+03
   6.1800000e+02   4.1992101e+03  -1.1207835e+04
   6.1900000e+02  -1.1275350e+04  -1.4430400e+04
   6.2000000e+02  -1.1460882e+04   2.1755729e+03
   6.2100000e+02   2.8445384e+03   1.4723664e+04
   6.2200000e+02   2.1427398e+04   3.5383516e+03
   6.2300000e+02   1.0328324e+04  -9.7939320e+03
   6.2400000e+02  -2.5787688e+04  -1.0589088e+04
   6.2500000e+02  -3.5509652e+04   4.8958988e+03
   6.2600000e+02  -4.7288561e+03   1.5674349e+04
   6.2700000e+02   2.8010446e+04  -2.4794170e+00
   6.2800000e+02   2.0324723e+04  -1.2641100e+04
   6.2900000e+02  -1.6528791e+04  -3.0280695e+03
   6.3000000e+02  -3.5379487e+04   8.2762041e+03
   6.3100000e+02  -2.2829815e+04   7.2739954e+03
   6.3200000e+02   6.1372425e+03  -9.2344864e+03
   6.3300000e+02   2.6355140e+04  -2.3998221e+04
   6.3400000e+02   1.5407561e+04  -1.3335399e+04
   6.3500000e+02  -8.0364708e+03   3.1130852e+03
   6.3600000e+02  -6.6785626e+03   1.0859728e+03
   6.3700000e+02   1.1658411e+04  -1.1295953e+03
   6.3800000e+02   1.1347960e+04   5.5805926e+03
   6.3900000e+02  -5.0878318e+03   4.0471776e+03
   6.4000000e+02  -1.4101428e+04  -3.6231443e+03
   6.4100000e+02  -5.9039021e+03  -7.0815069e+03
   6.4200000e+02   1.5687775e+04  -1.4427991e+04
   6.4300000e+02   2.0220497e+04  -1.9158186e+04
   6.4400000e+02  -2.9172107e+03  -2.2596789e+03
   6.4500000e+02  -2.1683148e+04   1.0187191e+04
   6.4600000e+02  -2.4671771e+04  -9.7800761e+03
   6.4700000e+02  -1.4812795e+04  -2.9690644e+04
   6.4800000e+02   9.8730868e+03  -2.7188603e+04
   6.4900000e+02   2.3966652e+04  -1.7449131e+04
   6.5000000e+02   6.4968221e+03  -1.9846009e+03
   6.5100000e+02  -1.6435129e+04   1.5992151e+04
   6.5200000e+02  -1.9206553e+04   1.6561611e+04
   6.5300000e+02  -9.6188659e+03  -2.6134088e+03
   6.5400000e+02   3.1636348e+02  -1.3635891e+04
   6.5500000e+02   1.4753794e+03   2.6644452e+03
   6.5600000e+02  -5.3525770e+02   2.7016269e+04
   6.5700000e+02   4.5204014e+03   2.9794325e+04
   6.5800000e+02  -1.7873991e+03   4.7569482e+03
   6.5900000e+02  -1.5676524e+04  -1.8220656e+04
   6.6000000e+02  -1.1275166e+04  -8.2452581e+03
   6.6100000e+02  -4.4609049e+03   1.3062715e+04
   6.6200000e+02  -7.3921712e+03   1.3495310e+04
   6.6300000e+02   5.5812937e+02   6.5973638e+03
   6.6400000e+02   1.3558850e+04   5.4979927e+03
   6.6500000e+02   6.3961785e+03  -7.5257743e+03
   6.6600000e+02  -8.7615230e+02  -2.1769818e+04
   6.6700000e+02   1.4828858e+04  -6.8986857e+03
   6.6800000e+02   1.9855897e+04   1.0445676e+04
   6.6900000e+02   4.9321085e+03   1.7517165e+03
   6.7000000e+02   5.5485080e+02  -2.2694544e+03
   6.7100000e+02   1.0018479e+04   9.9001405e+03
   6.7200000e+02   2.3099395e+04   1.0978923e+04
   6.7300000e+02   1.3728952e+04  -1.1008523e+03
   6.7400000e+02  -2.3742174e+04  -2.4879221e+03
   6.7500000e+02  -3.3654453e+04   1.5391270e+04
   6.7600000e+02   2.1794406e+03   3.3526212e+04
   6.7700000e+02   3.0990704e+04   2.4879573e+04
   6.7800000e+02   1.4950862e+04  -6.9968701e+03
   6.7900000e+02  -2.4843037e+04  -1.5170173e+04
   6.8000000e+02  -3.2887609e+04   1.1375903e+04
   6.8100000e+02   5.3808117e+03   2.1020470e+04
   6.8200000e+02   3.4716566e+04   1.7240420e+03
   6.8300000e+02   1.5806150e+04  -1.7710640e+04
   6.8400000e+02  -1.4986848e+04  -2.7269517e+04
   6.8500000e+02  -1.7649089e+04  -1.5999259e+04
   6.8600000e+02  -7.6664429e+02   1.0273050e+04
   6.8700000e+02   1.4054801e+04   1.9126389e+04
   6.8800000e+02   6.3312772e+03   4.5524064e+03
   6.8900000e+02  -1.6326461e+04  -1.2077209e+04
   6.9000000e+02  -1.5069320e+04  -1.4497848e+04
   6.9100000e+02   5.8950597e+03   3.4643467e+03
   6.9200000e+02   9.5226356e+03   2.8468033e+04
   6.9300000e+02  -2.8382478e+03   2.7774875e+04
   6.9400000e+02  -6.0380912e+03  -2.3519457e+03
   6.9500000e+02   1.9351269e+03  -2.3615992e+04
   6.9600000e+02   4.8898569e+03  -1.5279476e+04
   6.9700000e+02   1.2540000e+01   3.6227226e+03
   6.9800000e+02  -7.9508519e+02   7.2924641e+03
   6.9900000e+02   8.1143660e+03  -4.6993895e+03
   7.0000000e+02   1.5308300e+04  -1.0876395e+04
   7.0100000e+02   9.3517894e+03  -8.7592238e+03
   7.0200000e+02  -1.7856803e+03  -1.0086439e+04
   7.0300000e+02  -6.8775005e+03  -8.0271285e+03
   7.0400000e+02  -2.4361575e+03  -4.6138098e+03
   7.0500000e+02   4.5205715e+03  -9.0137141e+03
   7.0600000e+02   1.0151806e+03   1.1240555e+03
   7.0700000e+02  -4.0025639e+03   1.9280942e+04
   7.0800000e+02   4.7019917e+02  -1.7199001e+03
   7.0900000e+02   2.7519079e+03  -3.4677678e+04
   7.1000000e+02   3.3861188e+02  -1.6845298e+04
   7.1100000e+02  -1.9042251e+03   2.4093124e+04
   7.1200000e+02  -6.0353030e+03   2.3260710e+04
   7.1300000e+02  -1.4013600e+03  -1.3242240e+04
   7.1400000e+02   1.0972698e+04  -1.8402806e+04
   7.1500000e+02   7.3813356e+03   2.2422335e+04
   7.1600000e+02  -2.8948133e+03   3.8715981e+04
   7.1700000e+02   1.1660814e+02   5.2225819e+03
   7.1800000e+02   2.4030795e+03  -2.1864523e+04
   7.1900000e+02   4.1509929e+03  -1.3898230e+04
   7.2000000e+02   7.6069271e+03   1.6364042e+03
   7.2100000e+02  -9.4561195e+03   4.7730518e+02
   7.2200000e+02  -2.8809651e+04  -5.7751298e+03
   7.2300000e+02  -1.5194504e+04   4.8214778e+03
   7.2400000e+02   8.6090468e+03   1.5085378e+04
   7.2500000e+02   8.9884668e+03  -1.4528767e+04
   7.2600000e+02  -2.9019310e+03  -5.3116793e+04
   7.2700000e+02  -9.2147903e+03  -2.8017081e+04
   7.2800000e+02  -6.7042727e+03   3.0131856e+04
   7.2900000e+02   7.9994262e+03   3.4500483e+04
   7.3000000e+02   1.8547384e+04  -7.4042336e+03
   7.3100000e+02   8.6125808e+03  -2.7899802e+04
   7.3200000e+02  -3.5493008e+03  -6.9391781e+03
   7.3300000e+02  -8.1647880e+03   1.7802852e+04
   7.3400000e+02  -1.4163248e+04   1.5149250e+04
   7.3500000e+02  -1.3613701e+04  -2.6711695e+03
   7.3600000e+02   5.4027194e+02  -5.6663682e+03
   7.3700000e+02   5.5425921e+03   1.2349067e+04
   7.3800000e+02  -1.5681724e+04   1.8488835e+04
   7.3900000e+02  -3.0903202e+04   4.2320480e+02
   7.4000000e+02  -1.1012710e+04  -6.7759110e+03
   7.4100000e+02   1.9367897e+04   2.5558608e+03
   7.4200000e+02   2.5058283e+04   4.0402755e+03
   7.4300000e+02   4.6705040e+03   1.5190050e+03
   7.4400000e+02  -1.3354977e+04   7.4234821e+02
   7.4500000e+02  -1.1609121e+04  -8.9926005e+03
   7.4600000e+02   3.4087906e+03  -1.6271087e+04
   7.4700000e+02   1.5602924e+04  -3.4957797e+03
   7.4800000e+02   3.4204530e+03   1.0728270e+04
   7.4900000e+02  -1.6061055e+04   4.6942849e+03
   7.5000000e+02  -7.9060130e+03  -1.0132327e+04
   7.5100000e+02   6.2856127e+03  -9.3629439e+03
   7.5200000e+02   3.2146111e+03   4.6876389e+03
   7.5300000e+02   3.5529693e+03   3.1947249e+03
   7.5400000e+02   3.5656417e+03  -4.4785243e+03
   7.5500000e+02  -1.5628707e+04   5.4774795e+03
   7.5600000e+02  -1.4413838e+04   8.7136582e+03
   7.5700000e+02   2.9695852e+04  -1.3393713e+03
   7.5800000e+02   4.3744076e+04  -6.8252242e+03
   7.5900000e+02  -5.6434238e+03  -1.0330774e+04
   7.6000000e+02  -4.4781422e+04   7.1501280e+02
   7.6100000e+02  -2.2422731e+04   2.3956695e+04
   7.6200000e+02   1.9539917e+04   2.8031606e+04
   7.6300000e+02   1.6879918e+04   1.4632222e+04
   7.6400000e+02  -8.6060890e+03  -3.7466016e+03
   7.6500000e+02   7.4189372e+02  -1.7144670e+04
   7.6600000e+02   1.6435415e+04  -1.5794047e+03
   7.6700000e+02   1.9883517e+03   2.0595001e+04
   7.6800000e+02  -8.9208853e+03   7.4507374e+03
   7.6900000e+02   2.3797378e+03  -1.3653479e+04
   7.7000000e+02   1.2075593e+04  -1.5605767e+04
   7.7100000e+02   1.2654378e+04  -1.3414116e+04
   7.7200000e+02   1.0076831e+04   1.0383759e+03
   7.7300000e+02   3.6444409e+02   1.7136303e+04
   7.7400000e+02  -4.2121197e+03   8.2740976e+03
   7.7500000e+02   9.2618445e+02   4.5270087e+03
   7.7600000e+02  -4.6526759e+03   1.1312889e+04
   7.7700000e+02  -6.4246947e+03  -4.3556300e+03
   7.7800000e+02   1.2407171e+04  -1.3987644e+04
   7.7900000e+02   2.2397771e+04   4.2034002e+03
   7.8000000e+02   7.2730354e+03   1.1906582e+04
   7.8100000e+02  -9.1455416e+03   4.0037344e+03
   7.8200000e+02   1.9150004e+03   2.8550475e+03
   7.8300000e+02   2.5822438e+04   2.1812710e+03
   7.8400000e+02   1.8485110e+04  -3.3459042e+03
   7.8500000e+02  -9.4339938e+03  -8.6099066e+03
   7.8600000e+02  -1.2080750e+04  -6.8958500e+03
   7.8700000e+02   6.8556381e+03   8.7694776e+03
   7.8800000e+02   1.2724999e+04   1.6020415e+04
   7.8900000e+02  -3.4910903e+03  -5.5346263e+03
   7.9000000e+02  -2.2861048e+04  -2.0553850e+04
   7.9100000e+02  -2.3077396e+04  -4.9498231e+03
   7.9200000e+02  -3.6742591e+03   1.1361222e+03
   7.9300000e+02   1.3115012e+04  -1.6865439e+04
   7.9400000e+02   1.5379598e+04  -1.6949870e+04
   7.9500000e+02   6.3158948e+03   7.2147055e+03
   7.9600000e+02  -1.4698123e+04   1.8255490e+04
   7.9700000e+02  -2.8000851e+04   2.4404416e+03
   7.9800000e+02  -4.9027211e+03  -1.3303462e+04
   7.9900000e+02   1.9092240e+04  -4.7609469e+03
   8.0000000e+02  -3.4103504e+03   5.0909639e+03
   8.0100000e+02  -2.7294188e+04   1.3253357e+03
   8.0200000e+02  -1.1313313e+04   4.8888704e+03
   8.0300000e+02   2.8530798e+03   6.3123469e+03
   8.0400000e+02  -7.8322444e+03  -4.2177073e+03
   8.0500000e+02  -2.3357039e+04  -1.0072357e+04
   8.0600000e+02  -2.1758165e+04  -1.3660809e+04
   8.0700000e+02  -1.3647519e+03  -1.4339702e+04
   8.0800000e+02   2.8034889e+03  -9.6093276e+03
   8.0900000e+02  -9.2212207e+03  -1.4032270e+04
   8.1000000e+02  -2.6531321e+03  -1.7621797e+04
   8.1100000e+02   1.4063206e+04  -3.6887097e+03
   8.1200000e+02   2.3361247e+04   6.7635902e+03
   8.1300000e+02   1.7649016e+04   5.7411187e+02
   8.1400000e+02  -7.4885911e+03  -3.2937536e+03
   8.1500000e+02  -1.8579602e+04  -3.5919078e+03
   8.1600000e+02   1.1425965e+04  -1.2761421e+03
   8.1700000e+02   3.8488155e+04   1.2943751e+04
   8.1800000e+02   1.2386404e+04   1.2867735e+04
   8.1900000e+02  -2.8970069e+04  -4.6247907e+03
   8.2000000e+02  -2.8247006e+04   1.3996081e+03
   8.2100000e+02  -5.2907743e+03   1.6611684e+04
   8.2200000e+02   1.0713303e+03   4.2365684e+03
   8.2300000e+02  -6.4747060e+03  -1.2362410e+04
   8.2400000e+02  -7.4661283e+03  -5.9040843e+03
   8.2500000e+02  -3.5565764e+03   5.4321587e+03
   8.2600000e+02  -1.0838191e+04   6.4941856e+03
   8.2700000e+02  -1.1432786e+04   4.3566115e+03
   8.2800000e+02   1.3539639e+04   2.5237403e+02
   8.2900000e+02   3.3787893e+04  -2.8096098e+03
   8.3000000e+02   1.7042480e+04  -2.9918181e+03
   8.3100000e+02  -1.4593996e+04  -1.4343790e+02
   8.3200000e+02  -9.1774425e+03   1.4441080e+04
   8.3300000e+02   2.6130082e+04   2.2119079e+04
   8.3400000e+02   2.8317624e+04   5.6815169e+03
   8.3500000e+02  -6.0194765e+03  -6.2148669e+03
   8.3600000e+02  -1.7420338e+04   4.0354194e+03
   8.3700000e+02   4.2092102e+03   1.8351221e+04
   8.3800000e+02   1.0326224e+04   1.2506091e+04
   8.3900000e+02  -7.8806856e+03  -1.3436803e+04
   8.4000000e+02  -1.1470582e+04  -2.0083583e+04
   8.4100000e+02   3.8579132e+03   1.0363295e+04
   8.4200000e+02   7.5593293e+03   3.0899068e+04
   8.4300000e+02  -2.7096071e+03   9.2627269e+03
   8.4400000e+02  -4.3527029e+03  -1.5637425e+04
   8.4500000e+02   2.2259153e+03  -1.5140505e+04
   8.4600000e+02   4.1310704e+03  -5.9815950e+03
   8.4700000e+02   1.3691253e+03   9.3188140e+03
   8.4800000e+02  -3.9485735e+03   2.1374327e+04
   8.4900000e+02  -9.5332270e+01   8.8649798e+03
   8.5000000e+02   1.4353120e+04  -7.1807143e+03
   8.5100000e+02   1.8869215e+04  -3.5149772e+03
   8.5200000e+02   1.3355163e+04   7.3640900e+03
   8.5300000e+02   4.2968715e+03   8.3497965e+03
   8.5400000e+02  -3.1380776e+03  -6.0945200e+03
   8.5500000e+02  -5.6209173e+02  -1.7149397e+04
   8.5600000e+02  -7.9795265e+03  -1.7051477e+03
   8.5700000e+02  -2.1408767e+04   1.8165028e+04
   8.5800000e+02  -5.8194254e+03   1.1907492e+04
   8.5900000e+02   1.4916782e+04  -4.5434479e+03
   8.6000000e+02   5.6954619e+03  -1.2247584e+04
   8.6100000e+02  -7.5899121e+03  -1.1606586e+04
   8.6200000e+02  -4.4629834e+03   2.3213458e+02
   8.6300000e+02   3.9167526e+03   1.0945369e+04
   8.6400000e+02   1.3094494e+04   2.9178621e+03
   8.6500000e+02   1.0517734e+04  -1.7003332e+04
   8.6600000e+02  -8.8990328e+03  -2.2755097e+04
   8.6700000e+02  -1.3176726e+04  -1.3897314e+03
   8.6800000e+02   6.3227542e+03   1.2460799e+04
   8.6900000e+02   1.3083701e+04  -9.4403075e+03
   8.7000000e+02  -7.5800856e+03  -3.4719951e+04
   8.7100000e+02  -2.3571273e+04  -2.5298610e+04
   8.7200000e+02  -1.0402039e+04   1.0463864e+04
   8.7300000e+02   6.9741098e+03   2.4882969e+04
   8.7400000e+02   4.1878985e+03  -1.3948583e+03
   8.7500000e+02  -1.8241530e+03  -2.1086155e+04
   8.7600000e+02   3.8811459e+03  -3.5695283e+03
   8.7700000e+02   7.8745060e+01   1.6801972e+04
   8.7800000e+02  -2.1328753e+04   3.0176221e+03
   8.7900000e+02  -1.1379375e+04  -2.3092434e+04
   8.8000000e+02   2.7865923e+04  -1.0688765e+04
   8.8100000e+02   1.7490371e+04   2.3897339e+04
   8.8200000e+02  -2.8358342e+04   2.1915676e+04
   8.8300000e+02  -3.4513192e+04  -6.9715245e+03
   8.8400000e+02  -6.4047981e+03  -1.9324967e+04
   8.8500000e+02   1.4216570e+04  -1.3266944e+04
   8.8600000e+02   6.2149281e+03  -3.9117849e+03
   8.8700000e+02  -1.0734478e+04  -2.7100889e+03
   8.8800000e+02   1.0648896e+03  -4.5497433e+03
   8.8900000e+02   2.1395769e+04   4.4288777e+03
   8.9000000e+02   1.2913794e+04   5.7133583e+03
   8.9100000e+02  -2.4763657e+03  -5.2696649e+03
   8.9200000e+02   6.8332951e+03  -1.9831305e+03
   8.9300000e+02   1.6761402e+04   6.2290092e+03
   8.9400000e+02  -2.7448145e+03   8.4378698e+03
   8.9500000e+02  -2.0989495e+04   1.5799587e+04
   8.9600000e+02  -3.4568462e+03   1.5263390e+04
   8.9700000e+02   2.0941537e+04   5.5321265e+03
   8.9800000e+02   7.3583533e+03   1.0571770e+04
   8.9900000e+02  -2.9383274e+04   1.4827413e+04
   9.0000000e+02  -3.4679917e+04  -1.0225076e+04
   9.0100000e+02  -5.2812952e+03  -2.7839302e+04
   9.0200000e+02   1.8078214e+04  -4.4296072e+03
   9.0300000e+02   2.4222579e+04   1.5514302e+04
   9.0400000e+02   1.1753708e+04   3.3447628e+03
   9.0500000e+02  -1.9143113e+04  -1.5320761e+04
   9.0600000e+02  -2.9228616e+04  -1.8778470e+04
   9.0700000e+02  -2.7463983e+02  -2.4636530e+03
   9.0800000e+02   2.1037514e+04   1.2073159e+04
   9.0900000e+02   6.0272928e+03   8.7635066e+03
   9.1000000e+02  -1.4823046e+04   6.0849949e+03
   9.1100000e+02  -9.1429345e+03   1.1741510e+04
   9.1200000e+02   1.0110663e+04   1.3044869e+04
   9.1300000e+02   6.1594939e+03   6.9091378e+03
   9.1400000e+02  -1.2768489e+04   4.2865626e+02
   9.1500000e+02  -6.5798349e+03  -3.1208276e+03
   9.1600000e+02   1.2899169e+04   2.1616673e+03
   9.1700000e+02   9.4242995e+03   9.4622786e+03
   9.1800000e+02  -3.5748104e+03  -4.0357289e+03
   9.1900000e+02  -2.2066162e+02  -1.1920005e+04
   9.2000000e+02   6.8217489e+03   9.3182853e+03
   9.2100000e+02   1.5586522e+03   1.4904183e+04
   9.2200000e+02  -5.1307318e+03  -1.8961688e+03
   9.2300000e+02  -2.4669514e+03  -1.0026395e+04
   9.2400000e+02   1.2766054e+03  -6.8185373e+03
   9.2500000e+02  -7.8263963e+02   9.5651811e+03
   9.2600000e+02   5.3736789e+03   1.4443149e+04
   9.2700000e+02   1.6487190e+04  -1.5503946e+04
   9.2800000e+02  -8.5850500e+02  -3.4850727e+04
   9.2900000e+02  -2.7551498e+04  -7.3055943e+03
   9.3000000e+02  -1.2841792e+04   3.1216755e+04
   9.3100000e+02   1.7173811e+04   3.2415565e+04
   9.3200000e+02   1.2932343e+04  -3.8166679e+03
   9.3300000e+02  -9.5488927e+03  -3.4543557e+04
   9.3400000e+02  -1.0961633e+04  -2.3310840e+04
   9.3500000e+02   1.1658342e+04   1.6657316e+04
   9.3600000e+02   2.2965860e+04   3.3401905e+04
   9.3700000e+02  -2.4529689e+02   2.8289480e+03
   9.3800000e+02  -2.0281926e+04  -3.3488876e+04
   9.3900000e+02   7.0288941e+03  -2.7147784e+04
   9.4000000e+02   3.7983486e+04   9.2987402e+03
   9.4100000e+02   1.3020507e+04   2.7683814e+04
   9.4200000e+02  -1.9020267e+04   8.4653668e+03
   9.4300000e+02  -2.2634875e+03  -1.4156128e+04
   9.4400000e+02   2.1043008e+04  -5.7034900e+03
   9.4500000e+02   1.3356243e+04   5.5243676e+03
   9.4600000e+02  -8.1967532e+03  -1.5561842e+03
   9.4700000e+02  -1.7732764e+04  -2.9234295e+03
   9.4800000e+02   3.9281991e+03  -4.2376447e+03
   9.4900000e+02   2.9872494e+04  -9.5279416e+03
   9.5000000e+02   1.2020954e+04  -4.4852851e+03
   9.5100000e+02  -2.3721249e+04  -4.3019432e+03
   9.5200000e+02  -2.3391458e+04  -8.4323329e+03
   9.5300000e+02   3.9453584e+03  -2.8040607e+03
   9.5400000e+02   1.9951924e+04   3.9995454e+03
   9.5500000e+02   6.8635021e+03   4.2466523e+03
   9.5600000e+02  -1.1477256e+04  -3.3086413e+03
   9.5700000e+02  -6.6512000e+02  -2.6951692e+03
   9.5800000e+02   1.0296388e+04   1.4692330e+04
   9.5900000e+02  -9.8065895e+03   1.6938862e+04
   9.6000000e+02  -1.9201346e+04  -4.1975649e+03
   9.6100000e+02   1.9843541e+03  -1.0996439e+04
   9.6200000e+02   1.2112960e+04   1.6327137e+03
   9.6300000e+02  -3.3758184e+03   4.0966242e+03
   9.6400000e+02  -1.2982714e+04   2.3921068e+03
   9.6500000e+02  -4.0696262e+03   1.0506738e+04
   9.6600000e+02  -1.1912333e+03   8.4780833e+03
   9.6700000e+02  -9.7448395e+03  -6.2072007e+03
   9.6800000e+02  -1.1319474e+04  -1.6096879e+04
   9.6900000e+02  -1.2920885e+04  -1.9069383e+04
   9.7000000e+02  -2.0051021e+04  -9.8467704e+03
   9.7100000e+02  -1.0579710e+04   1.2346367e+04
   9.7200000e+02   1.2038710e+04   1.8668061e+04
   9.7300000e+02   1.4835874e+04  -3.3878152e+03
   9.7400000e+02  -1.0363156e+03  -1.4767497e+04
   9.7500000e+02  -2.0178851e+03  -3.4627498e+03
   9.7600000e+02   1.0274012e+04  -6.5774228e+03
   9.7700000e+02   3.6229255e+03  -1.2746313e+04
   9.7800000e+02  -1.0956171e+04   1.4311559e+04
   9.7900000e+02   1.0926043e+03   4.2882441e+04
   9.8000000e+02   2.0585838e+04   2.3717494e+04
   9.8100000e+02   5.6904839e+03  -1.9797467e+04
   9.8200000e+02  -3.2312885e+04  -2.9843924e+04
   9.8300000e+02  -4.0191087e+04  -7.8517761e+03
   9.8400000e+02  -6.7852807e+03   8.2414302e+03
   9.8500000e+02   1.0016762e+04   1.0441427e+04
   9.8600000e+02  -1.4900093e+04   3.3737482e+03
   9.8700000e+02  -3.2553456e+04  -1.0471449e+04
   9.8800000e+02  -1.2469943e+04  -1.6167683e+04
   9.8900000e+02   2.2394923e+04  -5.5064240e+03
   9.9000000e+02   3.2209510e+04   2.7899310e+03
   9.9100000e+02   3.5018956e+03  -1.3455288e+03
   9.9200000e+02  -2.1541026e+04  -1.6688146e+03
   9.9300000e+02  -1.5393679e+03   2.5596549e+03
   9.9400000e+02   3.5662119e+04   8.0006475e+03
   9.9500000e+02   3.5714792e+04   1.8061781e+04
   9.9600000e+02   1.7995240e+03   1.1302678e+04
   9.9700000e+02  -1.9121391e+04  -1.2569139e+04
   9.9800000e+02  -1.0049115e+04  -1.8444409e+04
   9.9900000e+02   6.1329284e+03  -2.7990071e+03
   1.0000000e+03   2.3602934e+03   1.2903748e+04
   1.0010000e+03  -1.1564860e+04   1.5111791e+04
   1.0020000e+03  -6.5201256e+02  -2.1602312e+03
   1.0030000e+03   1.9275312e+04  -1.7970832e+04
   1.0040000e+03   1.0494186e+04  -7.2383010e+03
   1.0050000e+03  -4.7161253e+03   7.7805579e+03
   1.0060000e+03   5.1460322e+03   4.9529132e+03
   1.0070000e+03   1.7879947e+04   7.3310952e+03
   1.0080000e+03   8.9720880e+03   2.3187486e+04
   1.0090000e+03   2.4238322e+03   2.1184043e+04
   1.0100000e+03   1.7755123e+04  -1.1945084e+04
   1.0110000e+03   2.4537063e+04  -3.2615248e+04
   1.0120000e+03   6.1783377e+02  -6.9156828e+03
   1.0130000e+03  -2.3933433e+04   2.0085963e+04
   1.0140000e+03  -1.2228766e+04   1.1149370e+04
   1.0150000e+03   1.5916047e+04  -5.1559609e+03
   1.0160000e+03   1.5432303e+04  -7.0909627e+03
   1.0170000e+03  -1.0243013e+03  -2.3399634e+02
   1.0180000e+03  -5.3299512e+03   6.2996033e+03
   1.0190000e+03  -4.1474927e+03   7.5997008e+03
   1.0200000e+03   9.0897801e+03   8.6618204e+03
   1.0210000e+03   2.3543938e+04   1.3233977e+04
   1.0220000e+03  -1.3926508e+02   1.3033204e+04
   1.0230000e+03  -3.1854762e+04   2.1031714e+03
   1.0240000e+03  -1.4422219e+04  -6.3943403e+03
   1.0250000e+03   2.3842117e+04  -8.4893448e+03
   1.0260000e+03   2.2688273e+04  -1.0048329e+04
   1.0270000e+03  -1.7418706e+04   2.6570866e+03
   1.0280000e+03  -3.9296901e+04   1.5873132e+04
   1.0290000e+03  -1.1001501e+04  -6.4125962e+03
   1.0300000e+03   1.8817960e+04  -4.1117662e+04
   1.0310000e+03   1.5838646e+04  -3.6474204e+04
   1.0320000e+03   8.9927196e+03   2.3101251e+03
   1.0330000e+03  -1.9492854e+03   2.5846368e+04
   1.0340000e+03  -1.9267015e+04   1.2127755e+04
   1.0350000e+03  -9.0293719e+03  -1.7158618e+04
   1.0360000e+03   1.1449542e+04  -2.5449408e+04
   1.0370000e+03   5.2227316e+03  -2.9493512e+03
   1.0380000e+03  -1.1089407e+04   1.7490475e+04
   1.0390000e+03  -1.6923912e+04   2.0908536e+04
   1.0400000e+03  -1.0654626e+04   1.6136114e+04
   1.0410000e+03   5.9199292e+02   2.4561828e+03
   1.0420000e+03  -1.2417157e+03  -5.5438218e+03
   1.0430000e+03  -1.0887864e+04  -4.3313184e+03
   1.0440000e+03  -5.0281157e+03  -3.3051394e+03
   1.0450000e+03   8.4165997e+03   7.1929932e+03
   1.0460000e+03   6.4836297e+03   1.4040430e+04
   1.0470000e+03  -5.0379234e+03  -1.2204542e+03
   1.0480000e+03  -4.8691455e+03  -2.2192354e+04
   1.0490000e+03   6.0378408e+03  -2.7818334e+04
   1.0500000e+03   1.0314521e+04  -1.1562664e+04
   1.0510000e+03   5.1069490e+03   8.0391292e+03
   1.0520000e+03  -4.2997302e+03   2.3246768e+03
   1.0530000e+03  -1.5689655e+04  -1.9319353e+04
   1.0540000e+03  -2.1354651e+04  -2.0397702e+04
   1.0550000e+03  -1.4472317e+04  -3.0672364e+03
   1.0560000e+03   1.5923124e+02   4.4985778e+03
   1.0570000e+03   1.0728325e+03   6.3566467e+03
   1.0580000e+03  -1.5895595e+04   3.8283313e+03
   1.0590000e+03  -1.8016256e+04  -6.5182500e+03
   1.0600000e+03  -4.7643702e+03   4.8332582e+03
   1.0610000e+03  -9.1592737e+02   2.6798469e+04
   1.0620000e+03   3.6923530e+03   1.3980910e+04
   1.0630000e+03   1.2036708e+04  -8.7834888e+03
   1.0640000e+03   1.3888418e+04   1.8740695e+02
   1.0650000e+03   1.0079693e+04   1.4948817e+04
   1.0660000e+03  -8.0237846e+02   7.5571054e+03
   1.0670000e+03  -1.6785689e+03  -1.7807403e+03
   1.0680000e+03   1.3265931e+04  -3.7072040e+01
   1.0690000e+03   1.4046903e+04  -6.4807958e+03
   1.0700000e+03  -5.6735800e+02  -2.1668508e+04
   1.0710000e+03  -9.0198547e+03  -9.0705841e+03
   1.0720000e+03  -1.4170327e+04   2.8355121e+04
   1.0730000e+03  -1.7643870e+04   2.5268556e+04
   1.0740000e+03  -5.7970554e+03  -2.6745701e+04
   1.0750000e+03   1.2801448e+04  -5.3688302e+04
   1.0760000e+03   1.0527885e+04  -1.8350469e+04
   1.0770000e+03  -4.0347996e+03   3.9340103e+04
   1.0780000e+03   3.2635950e+02   5.3751564e+04
   1.0790000e+03   2.0535768e+04   8.3670561e+03
   1.0800000e+03   3.1961353e+04  -3.3157233e+04
   1.0810000e+03   1.5767233e+04  -1.5044421e+04
   1.0820000e+03  -1.2958965e+04   3.2762430e+04
   1.0830000e+03  -1.2817032e+03   4.5195058e+04
   1.0840000e+03   3.6471376e+04   4.7533900e+03
   1.0850000e+03   2.2735599e+04  -4.0459019e+04
   1.0860000e+03  -2.3409158e+04  -2.5027465e+04
   1.0870000e+03  -2.6909195e+04   3.8150606e+04
   1.0880000e+03   5.1457991e+03   5.0279828e+04
   1.0890000e+03   2.5088690e+04  -1.5825744e+04
   1.0900000e+03   9.3084304e+03  -6.0364422e+04
   1.0910000e+03  -2.1760262e+04  -1.8256758e+04
   1.0920000e+03  -2.1268879e+04   4.5565666e+04
   1.0930000e+03   4.0350332e+03   4.3980136e+04
   1.0940000e+03   1.2362640e+04  -1.2257207e+04
   1.0950000e+03   4.9241865e+03  -5.2435918e+04
   1.0960000e+03   3.3766868e+03  -3.1724287e+04
   1.0970000e+03   7.6787455e+03   2.8546277e+04
   1.0980000e+03   1.0329020e+04   4.8817313e+04
   1.0990000e+03   1.0773852e+04   1.0861645e+04
   1.1000000e+03   2.7233946e+03  -1.9408062e+04
   1.1010000e+03  -1.0417789e+04  -2.4430984e+04
   1.1020000e+03  -8.9472860e+03  -1.8081695e+04
   1.1030000e+03   2.3716800e+02   8.7865536e+03
   1.1040000e+03  -4.9473314e+02   2.9913980e+04
   1.1050000e+03  -6.4673881e+03   1.0543184e+04
   1.1060000e+03  -1.1502187e+04  -2.1420569e+04
   1.1070000e+03  -1.1851741e+04  -1.6191508e+04
   1.1080000e+03  -1.2873129e+04   1.3445459e+04
   1.1090000e+03  -1.8511418e+04   8.9830681e+03
   1.1100000e+03  -8.7978681e+03  -2.4278088e+04
   1.1110000e+03   1.2158663e+04  -2.0225322e+04
   1.1120000e+03   1.4233191e+04   1.7571470e+04
   1.1130000e+03   3.9674514e+03   2.4614549e+04
   1.1140000e+03  -1.2078290e+02  -1.8920778e+01
   1.1150000e+03  -3.7214579e+03  -1.8550570e+04
   1.1160000e+03  -8.6010128e+03  -2.6364881e+04
   1.1170000e+03  -1.1393882e+04  -1.6151092e+04
   1.1180000e+03  -7.7589910e+03   1.5195884e+04
   1.1190000e+03   9.8318681e+03   2.7007923e+04
   1.1200000e+03   1.8643213e+04  -2.7472152e+03
   1.1210000e+03  -1.5070581e+03  -2.7062130e+04
   1.1220000e+03  -1.7332309e+04  -8.8224591e+03
   1.1230000e+03  -8.9011547e+03   1.9518300e+04
   1.1240000e+03   1.4844692e+03   1.8844525e+04
   1.1250000e+03   8.6584594e+03  -8.0243111e+03
   1.1260000e+03   2.0655013e+04  -2.7676668e+04
   1.1270000e+03   2.9919614e+04  -9.1701004e+03
   1.1280000e+03   2.0262132e+04   2.4282030e+04
   1.1290000e+03  -1.2253213e+04   1.7875335e+04
   1.1300000e+03  -3.4562697e+04  -2.8021854e+04
   1.1310000e+03  -1.5597864e+04  -4.9076321e+04
   1.1320000e+03   1.1169147e+04  -1.2699536e+04
   1.1330000e+03   4.7517685e+03   2.6881321e+04
   1.1340000e+03  -1.2816161e+04   1.4781612e+04
   1.1350000e+03  -1.8061407e+04  -2.3906889e+04
   1.1360000e+03  -2.1387367e+04  -2.7500212e+04
   1.1370000e+03  -1.8391706e+04   1.1536955e+04
   1.1380000e+03  -6.8233402e+03   3.7527298e+04
   1.1390000e+03  -5.2760783e+03   1.9920539e+04
   1.1400000e+03  -3.3862313e+03  -1.5898157e+04
   1.1410000e+03   1.6237226e+04  -2.8089947e+04
   1.1420000e+03   2.3314669e+04  -2.3874288e+02
   1.1430000e+03   3.3925738e+03   2.9576809e+04
   1.1440000e+03  -5.7894700e+03   2.7706691e+04
   1.1450000e+03   4.1030858e+03   5.4768856e+03
   1.1460000e+03   1.0427939e+04  -1.8782495e+04
   1.1470000e+03   1.1682115e+04  -2.2059558e+04
   1.1480000e+03   9.6637121e+03   6.4984089e+03
   1.1490000e+03   6.7139468e+03   3.5122296e+04
   1.1500000e+03   3.3151080e+03   2.1317854e+04
   1.1510000e+03  -9.1020736e+03  -2.2552936e+04
   1.1520000e+03  -1.9334065e+04  -2.7683108e+04
   1.1530000e+03  -1.5996409e+04   1.9140769e+04
   1.1540000e+03  -6.3376179e+03   4.1134778e+04
   1.1550000e+03   7.1577405e+03   2.1534603e+03
   1.1560000e+03   1.0730619e+04  -3.4455727e+04
   1.1570000e+03  -9.9520153e+03  -2.1034100e+04
   1.1580000e+03  -2.5089258e+04   1.0938139e+04
   1.1590000e+03  -4.2107124e+03   3.1825634e+04
   1.1600000e+03   2.1247003e+04   2.6476977e+04
   1.1610000e+03   1.2088531e+04  -1.1756721e+04
   1.1620000e+03  -7.8548146e+03  -2.9530778e+04
   1.1630000e+03  -3.0348396e+03   8.9253250e+02
   1.1640000e+03   1.3995380e+04   2.7444090e+04
   1.1650000e+03   2.2980699e+04   1.9496736e+04
   1.1660000e+03   2.0223670e+04  -7.1137312e+03
   1.1670000e+03   1.3632160e+01  -1.9693002e+04
   1.1680000e+03  -1.6388772e+04   1.1808098e+03
   1.1690000e+03   9.0331413e+02   2.0748887e+04
   1.1700000e+03   1.6895884e+04   7.1425897e+03
   1.1710000e+03  -3.7223365e+03  -7.3897928e+03
   1.1720000e+03  -1.5898388e+04  -1.3616061e+03
   1.1730000e+03   9.2324182e+03  -4.4194590e+03
   1.1740000e+03   2.0639037e+04  -1.6210147e+04
   1.1750000e+03  -7.1809588e+03  -1.1009724e+04
   1.1760000e+03  -1.7546808e+04  -5.5861897e+02
   1.1770000e+03   1.2539462e+04  -2.0711518e+03
   1.1780000e+03   2.0761462e+04  -8.7563001e+03
   1.1790000e+03  -7.9673901e+03  -4.3869693e+03
   1.1800000e+03  -1.4829736e+04   9.0882228e+03
   1.1810000e+03   1.1322053e+04   6.3887907e+03
   1.1820000e+03   2.6433350e+04  -7.4293168e+03
   1.1830000e+03   8.6454229e+03  -3.0653142e+03
   1.1840000e+03  -1.7102880e+04   8.5299666e+03
   1.1850000e+03  -1.3464690e+04  -1.6971930e+03
   1.1860000e+03   1.5436394e+04  -1.7508830e+04
   1.1870000e+03   2.7955040e+04  -9.3678982e+03
   1.1880000e+03   3.8538282e+03   7.8282564e+03
   1.1890000e+03  -2.8393789e+04   1.3380645e+04
   1.1900000e+03  -2.8473486e+04   4.1294261e+03
   1.1910000e+03   2.1563187e+03  -1.6333338e+04
   1.1920000e+03   2.0599293e+04  -2.0413461e+04
   1.1930000e+03   9.9268908e+02   1.9202042e+03
   1.1940000e+03  -2.8833778e+04   2.2591769e+04
   1.1950000e+03  -2.5360371e+04   1.8481881e+04
   1.1960000e+03   9.4467854e+03  -1.2721280e+04
   1.1970000e+03   2.6804336e+04  -3.3206403e+04
   1.1980000e+03   2.0286059e+03  -1.9231668e+03
   1.1990000e+03  -2.5365976e+04   3.8712412e+04
   1.2000000e+03  -1.5281733e+04   1.5589442e+04
   1.2010000e+03   1.3879712e+04  -3.7863524e+04
   1.2020000e+03   2.1694101e+04  -3.7160872e+04
   1.2030000e+03   6.0102050e+03  -2.3877197e+03
   1.2040000e+03  -7.1925025e+03   1.3360963e+04
   1.2050000e+03  -8.5416121e+03   1.8878698e+04
   1.2060000e+03  -3.7940357e+03   1.0629057e+04
   1.2070000e+03   3.8356920e+01  -1.2794766e+04
   1.2080000e+03   6.3798579e+03  -1.4274505e+04
   1.2090000e+03   1.5245072e+04   1.0268246e+04
   1.2100000e+03  -4.9360634e+03   2.3006250e+04
   1.2110000e+03  -3.6769990e+04   5.8050320e+03
   1.2120000e+03  -1.6781112e+04  -1.4995338e+04
   1.2130000e+03   1.9924379e+04  -1.0395225e+04
   1.2140000e+03   9.3911071e+03   9.8595420e+03
   1.2150000e+03  -1.9022608e+04   1.7933164e+04
   1.2160000e+03  -2.4035301e+04   6.0715246e+03
   1.2170000e+03  -7.5117745e+03  -3.5669450e+03
   1.2180000e+03   7.9334535e+03   6.4717430e+01
   1.2190000e+03   6.0941289e+03  -2.8078616e+03
   1.2200000e+03   3.4465171e+01  -9.9369885e+03
   1.2210000e+03   8.7125600e+01   4.9685632e+03
   1.2220000e+03  -4.3690386e+03   2.5832110e+04
   1.2230000e+03  -9.0654791e+03   7.4696616e+03
   1.2240000e+03   2.7745161e+03  -2.9797409e+04
   1.2250000e+03   1.2316395e+04  -1.9580698e+04
   1.2260000e+03  -5.4756530e+03   1.8919742e+04
   1.2270000e+03  -1.7726841e+04   1.1654376e+04
   1.2280000e+03   2.9005718e+03  -2.4465452e+04
   1.2290000e+03   1.8573693e+04  -2.6746058e+04
   1.2300000e+03  -1.5499454e+03  -1.1009199e+02
   1.2310000e+03  -3.0076900e+04   2.5590395e+04
   1.2320000e+03  -2.1789599e+04   3.1638624e+04
   1.2330000e+03   2.0288550e+04   6.2590436e+03
   1.2340000e+03   3.4209146e+04  -1.7409416e+04
   1.2350000e+03  -7.5871724e+03  -8.5658592e+03
   1.2360000e+03  -3.6555855e+04   1.3413939e+04
   1.2370000e+03  -3.4134601e+03   2.2880923e+04
   1.2380000e+03   3.3841744e+04  -2.5244913e+01
   1.2390000e+03   2.6190155e+04  -4.0140490e+04
   1.2400000e+03  -1.0568822e+03  -3.8356382e+04
   1.2410000e+03  -1.8029410e+04   1.3143966e+04
   1.2420000e+03  -9.9649133e+03   4.2213486e+04
   1.2430000e+03   1.5352314e+04   4.0617353e+02
   1.2440000e+03   2.4287431e+04  -5.4897166e+04
   1.2450000e+03   8.2696842e+03  -4.0620468e+04
   1.2460000e+03  -7.5842848e+03   2.3630606e+04
   1.2470000e+03  -5.5502635e+03   5.0184672e+04
   1.2480000e+03   7.1187002e+03   1.2209412e+04
   1.2490000e+03   1.3662227e+04  -2.2556256e+04
   1.2500000e+03   8.4712582e+03  -7.7663698e+03
   1.2510000e+03   2.8328443e+03   1.1877726e+04
   1.2520000e+03   6.8199435e+03   9.9973807e+03
   1.2530000e+03   1.1266039e+04   1.3841646e+04
   1.2540000e+03   9.7420987e+03   1.5967834e+04
   1.2550000e+03   6.7881006e+03  -3.6190652e+03
   1.2560000e+03   5.1202188e+03  -1.7583028e+04
   1.2570000e+03   7.4427934e+03  -4.0548629e+02
   1.2580000e+03   3.1333456e+03   2.1945333e+04
   1.2590000e+03  -6.0489136e+03   1.1238574e+04
   1.2600000e+03  -9.2155538e+02  -2.2000481e+04
   1.2610000e+03  -2.7633919e+03  -2.4846502e+04
   1.2620000e+03  -1.9755474e+04   1.1115651e+04
   1.2630000e+03  -1.0541290e+04   2.8015075e+04
   1.2640000e+03   1.7316265e+04   2.3678170e+03
   1.2650000e+03   1.6384215e+04  -2.2410365e+04
   1.2660000e+03  -9.2996382e+03  -7.8165043e+03
   1.2670000e+03  -1.7091390e+04   2.4671725e+04
   1.2680000e+03   4.2839560e+03   2.5163409e+04
   1.2690000e+03   2.2181223e+04  -1.0182485e+03
   1.2700000e+03   1.7069363e+04  -1.5768937e+04
   1.2710000e+03  -6.2151517e+02  -9.3104860e+03
   1.2720000e+03  -1.5209643e+04   6.8434660e+03
   1.2730000e+03  -1.1461461e+04   7.5516556e+03
   1.2740000e+03  -6.2026837e+02  -3.1763674e+03
   1.2750000e+03  -6.4314567e+03   2.8180960e+03
   1.2760000e+03  -1.7405928e+04   8.2712581e+03
   1.2770000e+03  -1.6150315e+04  -9.4285686e+03
   1.2780000e+03  -3.1960459e+03  -2.2668941e+04
   1.2790000e+03   1.2768608e+04  -5.7204736e+03
   1.2800000e+03   8.6714498e+03   1.1529245e+04
   1.2810000e+03  -1.2654296e+04   4.1765011e+03
   1.2820000e+03  -1.4879498e+04   1.6442928e+03
   1.2830000e+03   1.0353792e+03   8.3782606e+03
   1.2840000e+03   5.4276597e+03   3.0274090e+03
   1.2850000e+03  -7.5734787e+02  -8.1280549e+03
   1.2860000e+03  -2.6793731e+03  -2.1237421e+04
   1.2870000e+03  -3.4288960e+03  -2.2392649e+04
   1.2880000e+03  -8.2305228e+03   1.4948192e+03
   1.2890000e+03  -1.0526358e+04   1.4431173e+04
   1.2900000e+03  -8.7667924e+03  -8.4610725e+03
   1.2910000e+03  -1.2210915e+04  -3.0774767e+04
   1.2920000e+03  -1.6511085e+04  -2.2215150e+04
   1.2930000e+03  -5.0898593e+03  -3.8866959e+03
   1.2940000e+03   1.0692716e+04   7.0225510e+03
   1.2950000e+03   8.9134012e+03   1.0512219e+04
   1.2960000e+03   3.1837504e+03   3.9693543e+03
   1.2970000e+03   9.5057174e+02   9.7313068e+03
   1.2980000e+03  -7.3386399e+03   2.5635409e+04
   1.2990000e+03  -4.3844918e+03   1.0600852e+04
   1.3000000e+03   5.2189141e+03  -2.0705210e+04
   1.3010000e+03  -6.1870320e+03  -2.6535506e+04
   1.3020000e+03  -1.9495836e+04  -8.1685750e+03
   1.3030000e+03  -1.3472453e+04   1.4120286e+04
   1.3040000e+03  -3.5891141e+03   1.3065770e+04
   1.3050000e+03  -5.9867515e+02  -1.6675553e+04
   1.3060000e+03  -1.0539600e+03  -3.0915217e+04
   1.3070000e+03   1.1442162e+03  -1.0542127e+04
   1.3080000e+03   3.7104923e+03   1.1178699e+04
   1.3090000e+03   1.6828585e+03   1.8857381e+04
   1.3100000e+03   6.8742844e+03   1.1896095e+04
   1.3110000e+03   2.3425604e+04  -1.6606987e+03
   1.3120000e+03   2.6496338e+04   6.8125200e+03
   1.3130000e+03   5.0106649e+03   2.2770311e+04
   1.3140000e+03  -1.0441684e+04   1.4805676e+04
   1.3150000e+03   2.4713402e+03   4.5812028e+02
   1.3160000e+03   2.1737516e+04  -4.7936745e+03
   1.3170000e+03   1.7931010e+04  -3.3817475e+03
   1.3180000e+03  -9.5792404e+03   4.1337956e+03
   1.3190000e+03  -2.7452452e+04   5.5110815e+03
   1.3200000e+03  -3.9778815e+03  -1.5326967e+03
   1.3210000e+03   2.8895397e+04  -2.8798817e+03
   1.3220000e+03   2.0692539e+04  -4.4022251e+03
   1.3230000e+03  -3.6986502e+03  -1.2259696e+04
   1.3240000e+03  -6.3686716e+03  -1.8010247e+03
   1.3250000e+03  -1.5516935e+03   2.0645126e+04
   1.3260000e+03   8.5358483e+03   1.5343154e+04
   1.3270000e+03   2.1831376e+04  -3.7844203e+03
   1.3280000e+03   1.1064551e+04  -3.6587574e+03
   1.3290000e+03  -5.8521218e+03   6.1950150e+03
   1.3300000e+03   2.1825205e+03   1.1666632e+04
   1.3310000e+03   1.5115323e+04   1.4425148e+04
   1.3320000e+03   1.1294951e+04   1.5705771e+04
   1.3330000e+03  -7.1056242e+03   1.3812489e+04
   1.3340000e+03  -2.8478544e+04   4.6793117e+03
   1.3350000e+03  -2.7053486e+04  -1.6606511e+04
   1.3360000e+03   5.7859471e+03  -3.0709421e+04
   1.3370000e+03   2.8171363e+04  -9.6426033e+03
   1.3380000e+03   4.9746634e+03   2.5829349e+04
   1.3390000e+03  -3.0307465e+04   3.3140953e+04
   1.3400000e+03  -2.6421102e+04  -1.0110463e+03
   1.3410000e+03   1.4609700e+04  -4.0355605e+04
   1.3420000e+03   3.8653308e+04  -2.7520123e+04
   1.3430000e+03   1.5019414e+04   1.1769046e+04
   1.3440000e+03  -8.1777885e+03   1.5211423e+04
   1.3450000e+03   3.9944015e+03   2.8438616e+03
   1.3460000e+03   1.4163462e+04   3.6940383e+03
   1.3470000e+03  -3.0707895e+03  -5.2218193e+02
   1.3480000e+03  -2.6529327e+04  -1.5062279e+04
   1.3490000e+03  -2.1133130e+04  -1.8904054e+04
   1.3500000e+03   1.3498838e+04  -3.8297117e+02
   1.3510000e+03   2.5058909e+04   1.8372476e+04
   1.3520000e+03  -1.1038848e+04   1.9273741e+03
   1.3530000e+03  -4.4309856e+04  -3.2408737e+04
   1.3540000e+03  -2.2185956e+04  -1.7314488e+04
   1.3550000e+03   2.2540469e+04   3.0458469e+04
   1.3560000e+03   1.8589089e+04   1.9540389e+04
   1.3570000e+03  -1.6565341e+04  -2.7811593e+04
   1.3580000e+03  -1.8986775e+04  -2.8921850e+04
   1.3590000e+03   3.9014004e+03  -1.9951895e+03
   1.3600000e+03   1.0918940e+04   1.0724165e+04
   1.3610000e+03  -1.4330390e+03   1.3773452e+04
   1.3620000e+03  -7.9629213e+03   2.9724322e+03
   1.3630000e+03   1.9498639e+03  -1.8541240e+04
   1.3640000e+03   4.3246958e+03  -1.5599359e+04
   1.3650000e+03  -1.3055856e+04   4.8087315e+03
   1.3660000e+03  -2.1550987e+04   5.0890754e+03
   1.3670000e+03  -6.0401121e+03   1.5459939e+03
   1.3680000e+03   8.4601933e+03   7.2040112e+03
   1.3690000e+03   4.3274340e+03  -2.1372262e+03
   1.3700000e+03  -3.2327519e+03  -1.5171007e+04
   1.3710000e+03   2.8357999e+03  -8.1153899e+03
   1.3720000e+03   9.0722201e+03   3.3591384e+03
   1.3730000e+03  -7.0338765e+02   1.3374169e+03
   1.3740000e+03  -8.2924560e+03  -5.8821111e+02
   1.3750000e+03  -2.4049034e+03   5.0807816e+03
   1.3760000e+03   2.0504524e+03   3.8485442e+02
   1.3770000e+03   1.7065457e+03  -1.5268758e+04
   1.3780000e+03  -3.6729520e+03  -1.9877324e+04
   1.3790000e+03  -1.4643923e+04   8.0859507e+02
   1.3800000e+03  -1.6702926e+04   2.8400861e+04
   1.3810000e+03  -3.7930194e+03   2.8354889e+04
   1.3820000e+03   9.9431722e+03   8.6445502e+03
   1.3830000e+03   8.2024643e+03  -4.7765892e+03
   1.3840000e+03  -4.7319222e+03  -1.0131282e+04
   1.3850000e+03  -4.1552110e+03  -3.6090513e+03
   1.3860000e+03   1.7861436e+04   1.5222487e+04
   1.3870000e+03   3.3226011e+04   2.5375638e+04
   1.3880000e+03   1.6537127e+04   5.3898261e+03
   1.3890000e+03  -1.0997506e+04  -2.5348544e+04
   1.3900000e+03  -1.4405173e+04  -2.2292795e+04
   1.3910000e+03   5.9094802e+02   2.3808785e+03
   1.3920000e+03   7.0001260e+03   5.6318904e+03
   1.3930000e+03   3.0125879e+02  -2.8370530e+01
   1.3940000e+03  -6.3652670e+02   9.1844235e+03
   1.3950000e+03   4.5338608e+03   1.2683411e+04
   1.3960000e+03  -4.9821461e+03   3.0686667e+03
   1.3970000e+03  -1.4027633e+04   2.0370527e+03
   1.3980000e+03   2.1043839e+03   6.5110839e+03
   1.3990000e+03   1.5371144e+04   5.1091086e+03
   1.4000000e+03   2.3538520e+03  -3.3972696e+03
   1.4010000e+03  -6.2655124e+03  -1.5270993e+04
   1.4020000e+03   5.0724781e+03  -5.4191654e+03
   1.4030000e+03   7.1532050e+03   1.6829111e+04
   1.4040000e+03  -5.7847480e+03   5.4298139e+03
   1.4050000e+03  -8.1788719e+03  -2.4158542e+04
   1.4060000e+03   6.0838433e+03  -2.4677095e+04
   1.4070000e+03   2.1124935e+04   6.4271723e+03
   1.4080000e+03   1.3403335e+04   4.0199378e+04
   1.4090000e+03  -1.1782435e+04   3.8297438e+04
   1.4100000e+03  -1.1378663e+04  -1.9347444e+03
   1.4110000e+03   1.0115649e+04  -2.2693558e+04
   1.4120000e+03   9.4400918e+03   2.2539501e+03
   1.4130000e+03  -4.8566385e+03   2.2708071e+04
   1.4140000e+03  -1.2605024e+04   1.1226544e+04
   1.4150000e+03  -1.5916343e+04  -4.5115986e+03
   1.4160000e+03  -4.9965935e+03  -9.7734870e+03
   1.4170000e+03   3.5891711e+03  -1.5668087e+04
   1.4180000e+03  -1.1720010e+04  -2.4678641e+04
   1.4190000e+03  -1.0031007e+04  -1.7389048e+04
   1.4200000e+03   2.3414751e+04   7.4199024e+03
   1.4210000e+03   3.0554494e+04   1.1876466e+04
   1.4220000e+03   3.9470481e+03  -1.2760532e+04
   1.4230000e+03   2.9841722e+02  -2.2923134e+04
   1.4240000e+03   1.8523725e+04  -1.9378576e+03
   1.4250000e+03   1.3107315e+04   1.4682041e+04
   1.4260000e+03  -2.0255944e+03   1.2437444e+04
   1.4270000e+03   2.5064168e+03   8.8312067e+03
   1.4280000e+03   4.3164282e+03   2.6785420e+03
   1.4290000e+03  -2.8655080e+03  -5.9128117e+03
   1.4300000e+03   2.5230011e+03  -8.3396103e+03
   1.4310000e+03   6.0555527e+03  -6.8395947e+03
   1.4320000e+03  -1.3956477e+04  -1.1061225e+03
   1.4330000e+03  -3.2499577e+04  -2.4057229e+03
   1.4340000e+03  -1.7894026e+04  -1.4398538e+04
   1.4350000e+03   1.0691606e+03  -1.4110517e+04
   1.4360000e+03  -7.0001639e+03  -2.4278280e+03
   1.4370000e+03  -4.6753248e+03   1.4685398e+03
   1.4380000e+03   1.9057019e+04  -3.6311646e+03
   1.4390000e+03   1.5206107e+04  -1.0184784e+04
   1.4400000e+03  -1.4531432e+04  -5.4369178e+03
   1.4410000e+03  -2.3875134e+04   2.0750111e+04
   1.4420000e+03  -2.9269182e+03   4.1868178e+04
   1.4430000e+03   2.2215720e+04   2.0511494e+04
   1.4440000e+03   2.4235624e+04  -1.3979981e+04
   1.4450000e+03   4.8369759e+03  -1.1312663e+04
   1.4460000e+03  -8.9820997e+03   1.4064061e+04
   1.4470000e+03  -7.6311100e+03   2.5970883e+04
   1.4480000e+03  -3.5319418e+03   1.2825029e+04
   1.4490000e+03  -2.4167795e+03  -1.4139734e+04
   1.4500000e+03  -5.0901731e+03  -2.8790441e+04
   1.4510000e+03  -1.0544837e+04  -1.7639441e+04
   1.4520000e+03  -1.0208949e+04   5.1099996e+03
   1.4530000e+03  -4.4291019e+03   1.7058705e+04
   1.4540000e+03  -1.4163746e+03   1.0831395e+04
   1.4550000e+03  -3.7498300e+01  -1.6952858e+04
   1.4560000e+03  -3.5460324e+03  -4.2074761e+04
   1.4570000e+03  -2.0300814e+04  -1.6778903e+04
   1.4580000e+03  -2.9018417e+04   2.8015267e+04
   1.4590000e+03  -2.9712958e+03   2.7399574e+04
   1.4600000e+03   2.7116359e+04  -6.0305033e+03
   1.4610000e+03   1.9467483e+04  -2.6895722e+04
   1.4620000e+03  -9.5031676e+03  -9.1412967e+03
   1.4630000e+03  -2.6953147e+04   2.4139746e+04
   1.4640000e+03  -1.8806984e+04   2.1718080e+04
   1.4650000e+03   9.0524129e+03  -9.0547115e+03
   1.4660000e+03   2.2032617e+04  -2.6728755e+04
   1.4670000e+03   3.5170572e+03  -1.7595164e+04
   1.4680000e+03  -1.6721758e+04   1.2238331e+04
   1.4690000e+03  -1.2081237e+04   3.5793389e+04
   1.4700000e+03   9.0349563e+03   1.6625573e+04
   1.4710000e+03   1.5982405e+04  -2.8211595e+04
   1.4720000e+03  -3.1776432e+03  -3.4568647e+04
   1.4730000e+03  -1.4230757e+04   9.2412595e+02
   1.4740000e+03   4.9150822e+03   2.0476717e+04
   1.4750000e+03   1.7191912e+04   7.0072127e+03
   1.4760000e+03  -1.7082358e+03  -8.4326775e+03
   1.4770000e+03  -1.4526514e+04  -7.1865600e+03
   1.4780000e+03   6.8142881e+03  -2.6541362e+03
   1.4790000e+03   2.6470613e+04   2.2872026e+03
   1.4800000e+03   5.6339099e+03   1.6554531e+04
   1.4810000e+03  -1.8943942e+04   1.7120719e+04
   1.4820000e+03   3.7108248e+03  -6.5782482e+03
   1.4830000e+03   3.5700684e+04  -1.8551962e+04
   1.4840000e+03   1.8597818e+04   5.5579801e+02
   1.4850000e+03  -1.7750222e+04   1.6132371e+04
   1.4860000e+03  -1.4253435e+04  -7.8253125e+02
   1.4870000e+03   1.5681183e+04  -1.6996128e+04
   1.4880000e+03   2.2077268e+04  -7.0662346e+03
   1.4890000e+03   6.8295743e+03   4.3857652e+03
   1.4900000e+03   2.1120047e+03   1.0788566e+04
   1.4910000e+03   4.6286438e+03   1.7617250e+04
   1.4920000e+03  -2.1004327e+03   9.4208124e+03
   1.4930000e+03  -2.6882815e+03  -1.0355013e+04
   1.4940000e+03   1.2321968e+04  -1.1468180e+04
   1.4950000e+03   1.2880562e+04   1.2981602e+04
   1.4960000e+03  -4.5433973e+03   2.7415785e+04
   1.4970000e+03  -5.1697089e+03   8.7919564e+03
   1.4980000e+03   3.8516285e+03  -1.1544497e+04
   1.4990000e+03  -3.4480529e+03  -4.4012584e+03
   1.5000000e+03  -9.4228624e+03   7.4226170e+03
   1.5010000e+03   4.5675697e+03   3.3115144e+03
   1.5020000e+03   1.7976522e+04  -4.6345241e+03
   1.5030000e+03   1.2242483e+04  -9.6177979e+03
   1.5040000e+03   8.4416980e+01  -8.4553186e+03
   1.5050000e+03  -8.6499832e+03  -1.2491727e+02
   1.5060000e+03  -1.0482991e+04   8.1759341e+03
   1.5070000e+03   3.9211406e+03   1.4212571e+04
   1.5080000e+03   1.5792088e+04   6.1762560e+03
   1.5090000e+03   3.0594770e+03  -1.2341349e+04
   1.5100000e+03  -1.5025062e+04  -7.9918224e+03
   1.5110000e+03  -1.5159236e+04   1.8486310e+04
   1.5120000e+03  -4.9713150e+03   2.8300442e+04
   1.5130000e+03  -5.8728749e+03   3.7952191e+03
   1.5140000e+03  -1.2329667e+04  -2.5393415e+04
   1.5150000e+03  -2.3866935e+03  -2.3099547e+04
   1.5160000e+03   8.5045126e+03  -2.1838823e+02
   1.5170000e+03  -4.1991731e+03   1.3683075e+04
   1.5180000e+03  -2.0450440e+04   1.1133354e+04
   1.5190000e+03  -8.6907241e+03  -5.5286545e+03
   1.5200000e+03   1.6132475e+04  -2.6737236e+04
   1.5210000e+03   1.2208888e+04  -2.5039237e+04
   1.5220000e+03  -1.3768378e+04   5.0854752e+03
   1.5230000e+03  -2.1573994e+04   1.8217427e+04
   1.5240000e+03  -1.1651317e+04  -5.4717006e+03
   1.5250000e+03  -4.5676095e+03  -2.4213745e+04
   1.5260000e+03   4.2163882e+02  -8.0467478e+03
   1.5270000e+03   2.1034330e+03   1.8566396e+04
   1.5280000e+03  -9.2993894e+03   9.9402342e+03
   1.5290000e+03  -2.0697223e+04  -2.1684796e+04
   1.5300000e+03  -4.7608662e+03  -1.9817161e+04
   1.5310000e+03   2.0381368e+04   7.4602583e+03
   1.5320000e+03   6.3875284e+03   7.8304266e+03
   1.5330000e+03  -2.7508447e+04  -1.6075838e+04
   1.5340000e+03  -2.0515298e+04  -1.8532268e+04
   1.5350000e+03   1.7137634e+04   2.4023278e+03
   1.5360000e+03   2.9756616e+04   8.4967369e+03
   1.5370000e+03   4.9134220e+03   2.7943492e+03
   1.5380000e+03  -1.9035138e+04   6.7518154e+03
   1.5390000e+03  -1.2817896e+04   9.1469486e+03
   1.5400000e+03  -1.9257546e+02  -8.0432781e+02
   1.5410000e+03   3.2076646e+03  -1.3323714e+04
   1.5420000e+03   1.1826555e+04  -8.7857396e+03
   1.5430000e+03   7.5831348e+03   1.2787595e+04
   1.5440000e+03  -1.0371240e+04   1.8142599e+04
   1.5450000e+03  -7.2017493e+03  -3.4876896e+03
   1.5460000e+03   2.9600163e+03  -1.5983963e+04
   1.5470000e+03  -1.3251799e+02  -5.0682774e+03
   1.5480000e+03   1.8035277e+03   5.3436371e+02
   1.5490000e+03   4.7087102e+03  -1.7471419e+03
   1.5500000e+03  -2.5670051e+02   3.1080552e+03
   1.5510000e+03   5.3008282e+03   2.2200110e+03
   1.5520000e+03   1.3426509e+04  -2.8569084e+03
   1.5530000e+03   2.2483528e+03   2.6639998e+03
   1.5540000e+03  -4.9287944e+03   4.7546718e+03
   1.5550000e+03   6.9888504e+03  -3.7458092e+03
   1.5560000e+03   1.0124328e+04  -4.2664186e+02
   1.5570000e+03   1.4179776e+03   1.6912766e+04
   1.5580000e+03  -2.0364602e+03   1.8550980e+04
   1.5590000e+03  -1.4044258e+03  -2.5510356e+02
   1.5600000e+03   3.1376397e+03  -1.1125731e+04
   1.5610000e+03   5.3870294e+03   1.5066805e+03
   1.5620000e+03  -1.8489769e+03   1.7791475e+04
   1.5630000e+03  -7.7402750e+01   1.2729401e+04
   1.5640000e+03   1.3630713e+04   3.7166937e+03
   1.5650000e+03   1.4707396e+04   6.8765677e+03
   1.5660000e+03   1.1434863e+04   8.5276400e+03
   1.5670000e+03   1.4307575e+04   1.1534105e+04
   1.5680000e+03  -2.6353895e+03   6.3927336e+03
   1.5690000e+03  -1.6368319e+04  -1.7222180e+04
   1.5700000e+03   1.3350275e+04  -2.2975494e+04
   1.5710000e+03   3.4261118e+04   4.6473560e+03
   1.5720000e+03   4.4924232e+03   2.9372819e+04
   1.5730000e+03  -2.3311125e+04   1.3666637e+04
   1.5740000e+03  -1.1306816e+04  -2.9585176e+04
   1.5750000e+03   9.0426272e+03  -3.7965858e+04
   1.5760000e+03   3.9234635e+03   4.6639419e+03
   1.5770000e+03  -8.5752404e+03   3.4974703e+04
   1.5780000e+03  -5.5035369e+03   1.1631647e+04
   1.5790000e+03  -4.5958388e+03  -1.9780306e+04
   1.5800000e+03  -6.6709491e+03  -5.1920994e+03
   1.5810000e+03   3.1108438e+03   2.7024517e+04
   1.5820000e+03   5.3990273e+03   2.3399206e+04
   1.5830000e+03  -7.8515724e+03  -5.8819600e+03
   1.5840000e+03  -1.2719407e+04  -1.8070083e+04
   1.5850000e+03  -4.0853558e+02  -5.3412577e+03
   1.5860000e+03   1.3268045e+04   7.8268022e+03
   1.5870000e+03   1.1837484e+04   4.2770733e+03
   1.5880000e+03  -2.6009235e+03  -1.0704441e+04
   1.5890000e+03  -1.1041537e+04  -1.8910646e+04
   1.5900000e+03  -3.3470135e+03  -1.0523618e+04
   1.5910000e+03   2.3145513e+03   5.8788873e+03
   1.5920000e+03  -7.1064757e+03   6.9210471e+03
   1.5930000e+03  -1.1911806e+04  -1.5083686e+04
   1.5940000e+03  -5.7268932e+03  -2.4700776e+04
   1.5950000e+03  -1.8331289e+03  -8.4475605e+03
   1.5960000e+03  -1.1346181e+03   3.5898583e+03
   1.5970000e+03  -5.7054859e+03   6.0303999e+03
   1.5980000e+03  -7.7646544e+03   2.7948113e+03
   1.5990000e+03  -7.7510245e+02  -1.0572173e+04
   1.6000000e+03  -3.6281722e+03  -1.7809738e+04
   1.6010000e+03  -9.5593533e+03  -1.1090405e+03
   1.6020000e+03   1.5181949e+03   2.3378187e+04
   1.6030000e+03   1.3691115e+04   1.6702274e+04
   1.6040000e+03   8.2467729e+03  -1.2956353e+04
   1.6050000e+03  -1.1605855e+04  -1.7734326e+04
   1.6060000e+03  -2.3107086e+04   3.0821375e+03
   1.6070000e+03  -8.3663361e+03   1.2834038e+04
   1.6080000e+03   1.3427261e+04   1.3934173e+03
   1.6090000e+03   1.2030702e+04  -6.6190086e+03
   1.6100000e+03  -1.0761927e+04  -4.1280868e+03
   1.6110000e+03  -1.9526902e+04  -7.7729100e+03
   1.6120000e+03  -5.6085281e+02  -1.1217520e+04
   1.6130000e+03   1.6386592e+04  -6.4694393e+03
   1.6140000e+03   1.1882660e+04   6.3315566e+03
   1.6150000e+03  -9.7087399e+03   1.7181020e+04
   1.6160000e+03  -1.9588012e+04  -4.8066000e-01
   1.6170000e+03   9.2218135e+03  -1.9718215e+04
   1.6180000e+03   3.3897996e+04  -2.1970517e+03
   1.6190000e+03   1.4290231e+04   1.9674563e+04
   1.6200000e+03  -1.3715640e+04   1.1649344e+04
   1.6210000e+03  -2.1219825e+04  -2.8013419e+03
   1.6220000e+03  -7.2276627e+03  -3.5296014e+03
   1.6230000e+03   2.2641764e+04  -4.2143346e+03
   1.6240000e+03   2.7639799e+04  -3.8540174e+03
   1.6250000e+03  -5.6603394e+03   3.7916706e+03
   1.6260000e+03  -2.2608168e+04   2.1527806e+03
   1.6270000e+03  -4.8686492e+03  -3.9227156e+03
   1.6280000e+03   6.7318030e+03  -3.2941027e+03
   1.6290000e+03  -1.5886956e+03   5.5743190e+01
   1.6300000e+03  -9.5724734e+03   1.2864300e+04
   1.6310000e+03  -3.1730976e+03   2.3737809e+04
   1.6320000e+03   8.1684267e+03   1.0213279e+04
   1.6330000e+03   9.4619545e+03  -1.4625106e+04
   1.6340000e+03   5.9053886e+03  -1.8749465e+04
   1.6350000e+03  -3.0136282e+03   5.8685468e+03
   1.6360000e+03  -1.8556717e+04   3.0717377e+04
   1.6370000e+03  -1.4256105e+04   1.7805435e+04
   1.6380000e+03   1.6153965e+04  -2.7166916e+04
   1.6390000e+03   2.9875148e+04  -3.9520218e+04
   1.6400000e+03  -1.1652352e+02   2.8907972e+03
   1.6410000e+03  -2.7754622e+04   3.4993467e+04
   1.6420000e+03  -9.0812980e+03   1.9258151e+04
   1.6430000e+03   1.4701185e+04  -1.5033805e+04
   1.6440000e+03   6.6284999e+03  -2.1330910e+04
   1.6450000e+03  -7.1310939e+03   9.1658859e+03
   1.6460000e+03  -5.7099370e+03   2.5875159e+04
   1.6470000e+03   4.7703197e+03   7.4730775e+03
   1.6480000e+03   4.1317346e+03  -1.0338141e+04
   1.6490000e+03  -1.0696773e+04  -4.1562870e+03
   1.6500000e+03  -6.2682716e+03   1.0011685e+04
   1.6510000e+03   1.8448917e+04   3.6697530e+03
   1.6520000e+03   2.2940018e+04  -9.6684008e+03
   1.6530000e+03   6.1000836e+03  -5.6632904e+03
   1.6540000e+03  -5.3741711e+03   5.5048143e+03
   1.6550000e+03  -4.9799072e+03   1.0741476e+04
   1.6560000e+03   8.3125710e+03  -5.0588072e+02
   1.6570000e+03   1.5893311e+04  -1.2250828e+04
   1.6580000e+03  -2.6732196e+03   2.9392814e+03
   1.6590000e+03  -1.2112859e+04   1.4829483e+04
   1.6600000e+03   2.8594956e+03  -5.6739701e+03
   1.6610000e+03   3.7810928e+03  -2.3021092e+04
   1.6620000e+03  -3.6030234e+03  -4.9342509e+03
   1.6630000e+03   2.2641933e+03   1.5854926e+04
   1.6640000e+03   5.9501627e+03  -3.0209061e+03
   1.6650000e+03   3.6510459e+03  -2.9992876e+04
   1.6660000e+03   5.1901660e+02  -1.6146248e+04
   1.6670000e+03  -1.2012281e+03   1.3673982e+04
   1.6680000e+03   1.0666849e+04   1.5932637e+04
   1.6690000e+03   2.6237688e+04   2.4045737e+03
   1.6700000e+03   1.7689287e+04   1.7485799e+03
   1.6710000e+03  -7.3098282e+03   9.0415444e+03
   1.6720000e+03  -1.8157859e+04   7.6559635e+03
   1.6730000e+03  -7.3700033e+03   3.1923901e+03
   1.6740000e+03   9.7678336e+03   8.2572460e+03
   1.6750000e+03   8.7625684e+03   1.4434860e+04
   1.6760000e+03  -1.1314215e+04   5.1190891e+03
   1.6770000e+03  -2.1471586e+04  -2.0921322e+04
   1.6780000e+03  -1.5900888e+04  -3.8557902e+04
   1.6790000e+03  -3.0537537e+03  -1.9730310e+04
   1.6800000e+03   6.2670896e+03   7.6712946e+03
   1.6810000e+03  -1.3917522e+04   5.6034305e+03
   1.6820000e+03  -3.7087373e+04  -5.9880056e+03
   1.6830000e+03  -1.2699048e+04  -1.0935470e+04
   1.6840000e+03   2.1658173e+04  -1.2489837e+04
   1.6850000e+03   9.1246300e+03  -7.2516398e+03
   1.6860000e+03  -1.7263076e+04   2.1048858e+03
   1.6870000e+03  -5.9696735e+03   1.9728814e+04
   1.6880000e+03   1.6951027e+04   3.3649807e+04
   1.6890000e+03   9.9479846e+03   2.3849477e+04
   1.6900000e+03  -7.6580563e+03   2.3394220e+03
   1.6910000e+03  -6.0124446e+03  -1.8424480e+04
   1.6920000e+03   9.5766260e+03  -2.4704090e+04
   1.6930000e+03   1.2456454e+04  -1.9632037e+03
   1.6940000e+03  -8.0535717e+03   2.1522224e+04
   1.6950000e+03  -2.0557140e+04   7.0331750e+03
   1.6960000e+03  -9.7095364e+03  -2.5324071e+04
   1.6970000e+03   1.2656287e+03  -2.6540940e+04
   1.6980000e+03   5.0718327e+03  -5.7225423e+03
   1.6990000e+03  -3.6241039e+03   2.9804068e+03
   1.7000000e+03  -2.4279441e+04   1.6398528e+03
   1.7010000e+03  -1.7596138e+04  -2.5269179e+03
   1.7020000e+03   1.7218005e+04  -1.6995572e+03
   1.7030000e+03   2.1597471e+04   4.0731746e+03
   1.7040000e+03  -9.1763256e+03   2.2713746e+03
   1.7050000e+03  -2.3878947e+04   1.5699327e+03
   1.7060000e+03  -1.0721943e+04   3.8079695e+03
   1.7070000e+03   9.1473696e+03   2.4115796e+03
   1.7080000e+03   2.0173617e+04   6.2952492e+03
   1.7090000e+03   9.9177999e+03   6.5403708e+03
   1.7100000e+03  -1.0594275e+04  -2.5256035e+03
   1.7110000e+03  -1.5642017e+04  -7.6053100e+00
   1.7120000e+03  -3.5556337e+03   8.8751789e+03
   1.7130000e+03   1.2349260e+04   4.6666011e+03
   1.7140000e+03   1.5644487e+04   8.3086220e+02
   1.7150000e+03   6.7835726e+02   1.5165593e+03
   1.7160000e+03  -8.4618448e+03  -5.8945193e+03
   1.7170000e+03   3.0046094e+03  -5.4097630e+03
   1.7180000e+03   1.3878303e+04   9.2351081e+03
   1.7190000e+03   5.2362973e+03   1.5214899e+04
   1.7200000e+03  -7.6589999e+03   7.0449597e+03
   1.7210000e+03   1.5869505e+03  -1.8637733e+03
   1.7220000e+03   2.0699522e+04  -5.1102973e+03
   1.7230000e+03   1.8225527e+04  -7.1952154e+03
   1.7240000e+03   1.2901278e+03  -6.7938746e+03
   1.7250000e+03  -2.1575452e+03  -2.3092532e+03
   1.7260000e+03   8.0228052e+03   2.2588662e+03
   1.7270000e+03   7.6204776e+03   1.0852617e+04
   1.7280000e+03  -5.1364680e+03   1.0915480e+04
   1.7290000e+03  -6.3018205e+03  -1.0228352e+04
   1.7300000e+03   7.1417818e+03  -2.2940244e+04
   1.7310000e+03   1.8450520e+04  -5.1586928e+03
   1.7320000e+03   1.4682268e+04   1.4770541e+04
   1.7330000e+03   2.2852035e+03   7.5869832e+03
   1.7340000e+03  -1.0542626e+03  -3.8155480e+03
   1.7350000e+03  -6.0845882e+03   6.6224399e+03
   1.7360000e+03  -1.1434806e+04   1.1667805e+04
   1.7370000e+03   6.5072066e+03  -3.4740690e+03
   1.7380000e+03   1.6961369e+04  -4.4373513e+03
   1.7390000e+03  -3.7469706e+03   1.6615940e+04
   1.7400000e+03  -1.4408661e+04   1.7681603e+04
   1.7410000e+03   9.5099657e+02  -6.8968636e+03
   1.7420000e+03   1.2674041e+04  -1.3571400e+04
   1.7430000e+03  -2.0419874e+02  -2.8601081e+03
   1.7440000e+03  -2.2543549e+04  -6.5357705e+02
   1.7450000e+03  -1.7781359e+04  -2.8977485e+03
   1.7460000e+03   1.0646922e+04  -6.2218738e+03
   1.7470000e+03   2.4452425e+04  -8.7485321e+03
   1.7480000e+03   1.8410814e+04  -9.8134290e+03
   1.7490000e+03   7.2610648e+03  -7.3373756e+03
   1.7500000e+03  -1.0640486e+04   7.0253952e+03
   1.7510000e+03  -2.2093785e+04   1.3525750e+04
   1.7520000e+03  -5.9514239e+03   3.6796676e+03
   1.7530000e+03   1.7007220e+04   5.8413820e+03
   1.7540000e+03   1.7181576e+04   1.5790695e+04
   1.7550000e+03   1.2278248e+03   7.7058065e+03
   1.7560000e+03  -1.5520901e+04  -3.3317451e+03
   1.7570000e+03  -2.2935181e+04  -5.2849612e+02
   1.7580000e+03  -1.4780393e+04  -2.4922767e+03
   1.7590000e+03  -5.6604758e+03  -5.2217966e+03
   1.7600000e+03  -7.9457427e+03   5.7616266e+03
   1.7610000e+03  -9.2699189e+03   6.6588491e+03
   1.7620000e+03  -5.7234772e+03  -8.0927220e+03
   1.7630000e+03  -4.5846682e+03  -1.6403937e+04
   1.7640000e+03  -4.4193242e+03  -1.1134123e+04
   1.7650000e+03  -9.4261591e+03   3.2558420e+03
   1.7660000e+03  -1.4148650e+04   7.9668729e+03
   1.7670000e+03  -2.6493967e+03  -4.8910152e+03
   1.7680000e+03   9.1314154e+03  -1.2335564e+04
   1.7690000e+03   1.9936433e+03  -5.6988761e+03
   1.7700000e+03  -7.1233810e+03  -1.9617031e+03
   1.7710000e+03  -3.5964644e+03   5.0595213e+02
   1.7720000e+03   1.2645093e+02   7.0587236e+03
   1.7730000e+03  -4.4631298e+03  -4.9079193e+03
   1.7740000e+03  -4.9976578e+03  -2.1225907e+04
   1.7750000e+03   4.2018157e+03  -1.6932222e+03
   1.7760000e+03   1.1170785e+04   2.2389176e+04
   1.7770000e+03   7.4712311e+03   4.0852602e+03
   1.7780000e+03  -3.1876496e+03  -3.0336660e+04
   1.7790000e+03  -9.6482752e+03  -2.7046401e+04
   1.7800000e+03  -7.0463792e+03   1.0943419e+04
   1.7810000e+03  -2.6923874e+03   2.6254715e+04
   1.7820000e+03  -4.3504086e+03  -4.2179910e+02
   1.7830000e+03  -1.0057066e+04  -2.8447150e+04
   1.7840000e+03  -7.9217951e+03  -2.5561212e+04
   1.7850000e+03   2.6531145e+03  -2.0595219e+03
   1.7860000e+03   7.5052658e+03   1.6403833e+04
   1.7870000e+03   5.9822700e+03   2.1673517e+04
   1.7880000e+03   6.1625031e+03   1.5276884e+04
   1.7890000e+03   3.2419757e+03   3.8311385e+03
   1.7900000e+03  -3.2649985e+03  -8.1448256e+03
   1.7910000e+03   3.1008666e+03  -1.7489305e+04
   1.7920000e+03   1.8539840e+04  -5.2060204e+03
   1.7930000e+03   1.8714767e+04   1.6757625e+04
   1.7940000e+03   5.6704079e+03   1.4489518e+04
   1.7950000e+03  -7.1475080e+03   9.5164570e+01
   1.7960000e+03  -8.6319656e+03  -6.9518347e+03
   1.7970000e+03   1.2527898e+04  -1.2057959e+04
   1.7980000e+03   2.7293007e+04  -1.2413406e+04
   1.7990000e+03   5.9340582e+03   1.7393969e+03
   1.8000000e+03  -1.8637167e+04   1.7261780e+04
   1.8010000e+03  -6.8349415e+03   1.3012967e+04
   1.8020000e+03   2.6134146e+04   2.0142178e+03
   1.8030000e+03   2.9475848e+04   4.8698371e+03
   1.8040000e+03  -1.0113446e+04   1.6650222e+04
   1.8050000e+03  -3.5156386e+04   1.7519725e+04
   1.8060000e+03  -4.9222182e+03  -1.8993333e+03
   1.8070000e+03   3.4392203e+04  -1.3034814e+04
   1.8080000e+03   2.8294684e+04   1.4014473e+03
   1.8090000e+03   4.7253490e+02   1.6163235e+04
   1.8100000e+03  -6.8785569e+03   1.4225055e+04
   1.8110000e+03  -1.6709169e+03  -1.7177388e+03
   1.8120000e+03   6.9690317e+03  -1.0697498e+04
   1.8130000e+03   2.0809351e+04   5.6689991e+03
   1.8140000e+03   1.3174082e+04   1.9350004e+04
   1.8150000e+03  -1.8256659e+04   3.4484327e+03
   1.8160000e+03  -2.8369634e+04  -9.0565822e+03
   1.8170000e+03  -9.0964589e+03   7.9683565e+03
   1.8180000e+03   5.4626582e+03   1.8953252e+04
   1.8190000e+03   4.3685790e+02   6.2229614e+03
   1.8200000e+03  -1.5597587e+04  -4.5039115e+03
   1.8210000e+03  -1.8614841e+04  -4.2856385e+03
   1.8220000e+03  -4.6133670e+03   1.0295260e+03
   1.8230000e+03  -1.1942102e+03   1.7818832e+02
   1.8240000e+03  -3.2977801e+03  -9.0183943e+03
   1.8250000e+03   1.7418142e+03  -1.0377551e+04
   1.8260000e+03  -3.1879301e+03  -2.6918052e+03
   1.8270000e+03  -8.4497137e+03   3.9666230e+03
   1.8280000e+03   5.1885572e+03  -2.3013100e+03
   1.8290000e+03   2.2002144e+04  -1.8794602e+04
   1.8300000e+03   1.2102313e+04  -1.6634093e+04
   1.8310000e+03  -2.5654897e+04   5.4631602e+03
   1.8320000e+03  -3.6683165e+04   1.0825985e+04
   1.8330000e+03   6.3675395e+03  -1.2750696e+04
   1.8340000e+03   4.0493479e+04  -2.2459949e+04
   1.8350000e+03   1.6600406e+04   6.9950069e+03
   1.8360000e+03  -3.0594718e+04   3.0828676e+04
   1.8370000e+03  -4.4540889e+04   1.7690427e+04
   1.8380000e+03  -9.3281501e+03  -1.5452529e+04
   1.8390000e+03   3.6662106e+04  -3.6724698e+04
   1.8400000e+03   3.1902262e+04  -2.0057669e+04
   1.8410000e+03  -2.2285304e+04   8.4901492e+03
   1.8420000e+03  -4.3435784e+04   8.4343676e+03
   1.8430000e+03  -3.6746527e+03  -8.4860728e+03
   1.8440000e+03   2.5576825e+04  -1.6444003e+04
   1.8450000e+03   1.0462503e+04  -1.6497026e+04
   1.8460000e+03  -7.4129697e+03  -1.7949715e+04
   1.8470000e+03  -9.6350908e+02  -1.2525758e+04
   1.8480000e+03   1.4197691e+04   8.1793442e+03
   1.8490000e+03   1.5699518e+04   2.4061247e+04
   1.8500000e+03  -3.9184608e+01   6.0194720e+03
   1.8510000e+03  -1.5550977e+04  -2.6832613e+04
   1.8520000e+03  -7.1266005e+03  -2.0881026e+04
   1.8530000e+03   1.9279993e+04   1.5262025e+04
   1.8540000e+03   1.9994685e+04   3.0411802e+04
   1.8550000e+03  -1.6213692e+04   1.1045752e+04
   1.8560000e+03  -3.1353645e+04  -1.9802582e+04
   1.8570000e+03   2.9895486e+03  -1.6934158e+04
   1.8580000e+03   2.3554078e+04   1.9213062e+04
   1.8590000e+03  -4.9038040e+03   2.5638966e+04
   1.8600000e+03  -2.2720970e+04  -8.4180706e+03
   1.8610000e+03  -1.0518835e+03  -2.2491084e+04
   1.8620000e+03   1.1794996e+04   8.2535926e+03
   1.8630000e+03  -4.8610186e+03   2.9308373e+04
   1.8640000e+03  -2.0030497e+04   9.6434129e+03
   1.8650000e+03  -9.7859445e+03  -9.6776022e+03
   1.8660000e+03   1.7342164e+04  -1.1781051e+04
   1.8670000e+03   2.6288500e+04  -7.4556639e+03
   1.8680000e+03   2.3030636e+03   4.2786635e+03
   1.8690000e+03  -1.8635074e+04   1.2250437e+04
   1.8700000e+03  -8.9968009e+03   7.6893013e+03
   1.8710000e+03   1.2635185e+04  -2.7684444e+03
   1.8720000e+03   1.7765571e+04  -5.8151545e+03
   1.8730000e+03  -1.8893128e+03   5.4850598e+03
   1.8740000e+03  -1.7288483e+04   1.5412223e+04
   1.8750000e+03   2.7054526e+03   5.6086864e+03
   1.8760000e+03   2.3431092e+04  -5.8072486e+03
   1.8770000e+03   4.0967059e+03   1.1317383e+04
   1.8780000e+03  -1.5196381e+04   2.5354665e+04
   1.8790000e+03  -2.8523498e+03   3.4433564e+03
   1.8800000e+03  -1.5840489e+03  -1.1718427e+04
   1.8810000e+03  -1.7869579e+04   3.9973258e+03
   1.8820000e+03  -7.2594165e+03   1.7854926e+04
   1.8830000e+03   1.4640991e+04   3.2329362e+03
   1.8840000e+03   6.4045997e+03  -2.1625782e+04
   1.8850000e+03  -1.3783531e+04  -1.6232208e+04
   1.8860000e+03  -1.4010499e+04   3.9537732e+03
   1.8870000e+03   2.1848007e+03   5.7656589e+03
   1.8880000e+03   1.5249136e+04   1.3285487e+03
   1.8890000e+03   1.3765304e+04  -5.1810185e+03
   1.8900000e+03   8.7787247e+03  -1.2931904e+04
   1.8910000e+03   1.4220286e+04  -9.5137600e+02
   1.8920000e+03   1.4796678e+04   1.7751786e+04
   1.8930000e+03  -3.4982722e+03   4.8752882e+03
   1.8940000e+03  -2.0107983e+04  -1.8879848e+04
   1.8950000e+03  -1.2484418e+04  -3.8341874e+03
   1.8960000e+03   1.1672517e+04   2.7422954e+04
   1.8970000e+03   1.8439900e+04   2.2857251e+04
   1.8980000e+03  -3.0676189e+03  -1.8115886e+04
   1.8990000e+03  -1.2808139e+04  -4.4513387e+04
   1.9000000e+03   2.1269718e+03  -1.2776541e+04
   1.9010000e+03   8.6348676e+03   2.9836601e+04
   1.9020000e+03   3.8325428e+03   2.0276719e+04
   1.9030000e+03   2.7621724e+03  -1.1919793e+04
   1.9040000e+03   5.4806448e+03  -1.9241052e+04
   1.9050000e+03   1.1445561e+04  -1.1810093e+03
   1.9060000e+03   1.5025962e+04   1.5798386e+04
   1.9070000e+03   6.8293260e+03   8.5083199e+03
   1.9080000e+03  -1.1495190e+04  -1.0781802e+04
   1.9090000e+03  -1.6909400e+04  -1.2518926e+04
   1.9100000e+03   3.5654230e+03   9.2270264e+02
   1.9110000e+03   1.6435003e+04   1.5521721e+03
   1.9120000e+03   1.0017488e+02  -7.6247312e+03
   1.9130000e+03  -1.5585047e+04  -5.4793720e+03
   1.9140000e+03  -6.0001051e+03  -2.2692517e+03
   1.9150000e+03   1.1929798e+04  -4.1990846e+03
   1.9160000e+03   8.1734552e+03  -2.6628422e+02
   1.9170000e+03  -7.5019179e+03   3.6628449e+03
   1.9180000e+03  -6.0880621e+03   2.6504548e+03
   1.9190000e+03  -3.3590622e+03  -7.3943270e+02
   1.9200000e+03  -1.6796277e+04  -6.4535122e+03
   1.9210000e+03  -1.9376798e+04  -2.8399096e+03
   1.9220000e+03   1.7449120e+03   9.7016528e+03
   1.9230000e+03   1.5696116e+04   9.6215965e+03
   1.9240000e+03  -1.5222098e+03   1.0669273e+03
   1.9250000e+03  -2.2386478e+04  -3.3384232e+03
   1.9260000e+03  -1.0077322e+04  -1.0336785e+04
   1.9270000e+03   1.2539555e+04  -1.1722002e+04
   1.9280000e+03   9.0959344e+03  -1.5098732e+03
   1.9290000e+03  -5.9151781e+03   8.0346097e+03
   1.9300000e+03  -4.7919681e+03   1.1087802e+04
   1.9310000e+03   1.2880546e+04  -2.4124704e+03
   1.9320000e+03   1.6007445e+04  -2.4511730e+04
   1.9330000e+03  -1.4478957e+04  -1.5571550e+04
   1.9340000e+03  -3.0889729e+04   2.2164651e+04
   1.9350000e+03  -2.5766721e+03   3.0629729e+04
   1.9360000e+03   1.3316221e+04  -3.3608132e+03
   1.9370000e+03  -1.0345592e+04  -2.3057921e+04
   1.9380000e+03  -2.0799715e+04  -3.7895373e+03
   1.9390000e+03  -3.2867210e+01   1.9591732e+04
   1.9400000e+03   6.0340409e+03   1.5780036e+04
   1.9410000e+03  -1.7006000e+04  -1.0308364e+04
   1.9420000e+03  -2.2896121e+04  -2.4653005e+04
   1.9430000e+03   4.0938231e+03  -1.2993624e+04
   1.9440000e+03   1.3894865e+04   7.9644296e+03
   1.9450000e+03  -8.4705867e+03   1.9690642e+04
   1.9460000e+03  -1.0870604e+04   7.5299479e+03
   1.9470000e+03   1.9043006e+04  -1.0876211e+04
   1.9480000e+03   2.8396520e+04  -9.0403062e+03
   1.9490000e+03   7.5894226e+02  -3.1372800e+02
   1.9500000e+03  -1.7816981e+04   3.1417814e+03
   1.9510000e+03  -5.4985596e+03   6.0029379e+03
   1.9520000e+03   1.0111052e+04   5.2549832e+03
   1.9530000e+03   1.1487098e+04   2.9531316e+03
   1.9540000e+03   2.3384322e+03   4.3031701e+03
   1.9550000e+03  -7.0457956e+03  -5.5318082e+02
   1.9560000e+03  -2.2023430e+03  -1.0517769e+04
   1.9570000e+03   1.7236684e+03  -3.9346874e+03
   1.9580000e+03  -1.4416431e+04   7.8859173e+03
   1.9590000e+03  -1.9421112e+04   2.0887808e+03
   1.9600000e+03   8.7974304e+03  -4.4819852e+03
   1.9610000e+03   3.5833310e+04  -1.5355555e+03
   1.9620000e+03   2.7917636e+04   1.8128421e+03
   1.9630000e+03  -1.1721028e+03   3.4759970e+03
   1.9640000e+03  -1.2149908e+04   2.6081012e+03
   1.9650000e+03   5.4567249e+03   2.0923457e+03
   1.9660000e+03   2.2394344e+04   4.0776522e+03
   1.9670000e+03   1.0250379e+04   6.6187628e+03
   1.9680000e+03  -1.4764351e+04   5.3010509e+03
   1.9690000e+03  -8.5243661e+03   1.7505147e+03
   1.9700000e+03   2.2175834e+04   4.1858382e+03
   1.9710000e+03   3.0044604e+04   2.2158329e+03
   1.9720000e+03   2.8804373e+03  -7.7672923e+03
   1.9730000e+03  -2.7779295e+04  -9.3876734e+03
   1.9740000e+03  -1.7390579e+04  -2.3442344e+03
   1.9750000e+03   1.9209788e+04   9.7375845e+03
   1.9760000e+03   1.8341506e+04   1.6425286e+04
   1.9770000e+03  -7.4046418e+03  -1.2793175e+03
   1.9780000e+03  -6.9627908e+03  -1.9087734e+04
   1.9790000e+03   6.0783793e+03  -4.9639800e+03
   1.9800000e+03   5.7437288e+03   1.3424617e+04
   1.9810000e+03  -2.4281926e+03   1.0800311e+04
   1.9820000e+03  -2.4965545e+03   3.7423678e+03
   1.9830000e+03   1.0535773e+04  -5.3952760e+03
   1.9840000e+03   1.4713134e+04  -1.0108622e+04
   1.9850000e+03   7.8728704e+02   5.5340566e+03
   1.9860000e+03  -6.1819861e+03   1.3221254e+04
   1.9870000e+03  -1.1280293e+03  -1.9296251e+03
   1.9880000e+03   4.8922878e+02  -1.1015696e+04
   1.9890000e+03  -5.6257475e+02  -4.2626677e+03
   1.9900000e+03  -5.8199906e+03   1.1605480e+04
   1.9910000e+03  -1.0532217e+04   1.9402597e+04
   1.9920000e+03   2.2047483e+03   3.1063246e+02
   1.9930000e+03   1.2389160e+04  -1.9575564e+04
   1.9940000e+03  -3.1046257e+03  -9.6353089e+03
   1.9950000e+03  -1.6418044e+04   4.5130806e+03
   1.9960000e+03  -7.6320765e+03  -2.3423256e+03
   1.9970000e+03  -2.2687627e+03  -4.6611581e+03
   1.9980000e+03  -1.5183515e+04   8.5482231e+03
   1.9990000e+03  -1.8558909e+04   4.1549152e+02
   2.0000000e+03   8.6017199e+02  -3.2812703e+04
