   1.0274000e+02   2.5123000e+01
   9.7186415e+01   2.9318001e+01
   0.0000000e+00  -5.1304827e+04  -5.1304827e+04
   1.0000000e+00   6.1900941e+04  -8.6058246e+04
   2.0000000e+00   1.0366928e+05  -9.7950152e+03
   3.0000000e+00   2.7605552e+04   5.8291547e+04
   4.0000000e+00  -5.8068755e+04   3.9631041e+04
   5.0000000e+00  -5.6979372e+04  -1.1537060e+04
   6.0000000e+00   4.2328118e+03  -2.0368879e+04
   7.0000000e+00   2.6943346e+04   1.4889976e+04
   8.0000000e+00  -1.0575198e+04   2.9761983e+04
   9.0000000e+00  -9.4418890e+03  -1.7304786e+04
   1.0000000e+01   6.0024243e+04  -6.7878095e+04
   1.1000000e+01   7.5268905e+04  -6.3936294e+04
   1.2000000e+01  -1.9709072e+04  -2.4274270e+04
   1.3000000e+01  -9.9294512e+04   1.6341103e+04
   1.4000000e+01  -5.0935728e+04   1.1170426e+04
   1.5000000e+01   5.9922415e+04  -5.0303946e+04
   1.6000000e+01   9.8800584e+04  -8.0330037e+04
   1.7000000e+01   3.5155459e+04  -2.4083984e+04
   1.8000000e+01  -5.5037480e+04   5.0066712e+04
   1.9000000e+01  -7.3729704e+04   7.1519483e+04
   2.0000000e+01   7.5467636e+03   4.6755711e+04
   2.1000000e+01   9.2892816e+04  -3.6460631e+03
   2.2000000e+01   6.8958306e+04  -5.2530120e+04
   2.3000000e+01  -3.9443823e+04  -4.8168833e+04
   2.4000000e+01  -8.2034493e+04  -3.4737403e+03
   2.5000000e+01   1.5244161e+04   1.3555706e+04
   2.6000000e+01   1.0038215e+05   5.6700354e+03
   2.7000000e+01   2.2224968e+04   1.0754211e+04
   2.8000000e+01  -8.9319453e+04   1.1947916e+03
   2.9000000e+01  -4.2241695e+04  -4.3141325e+04
   3.0000000e+01   8.5964700e+04  -6.3254300e+04
   3.1000000e+01   9.6860004e+04  -2.8412495e+04
   3.2000000e+01  -1.4578282e+04   2.3687397e+04
   3.3000000e+01  -1.0594961e+05   6.6724056e+04
   3.4000000e+01  -8.9007459e+04   7.0769843e+04
   3.5000000e+01   3.4566055e+04   8.3474200e+03
   3.6000000e+01   1.5655270e+05  -7.4857828e+04
   3.7000000e+01   1.1894277e+05  -8.8218313e+04
   3.8000000e+01  -6.1230473e+04   2.8848909e+03
   3.9000000e+01  -1.6303547e+05   1.1134571e+05
   4.0000000e+01  -6.2038792e+04   1.0904073e+05
   4.1000000e+01   7.7062498e+04  -1.7968315e+04
   4.2000000e+01   7.2523339e+04  -1.3539349e+05
   4.3000000e+01   7.2861500e+03  -9.4890523e+04
   4.4000000e+01   2.4782422e+03   6.2973806e+04
   4.5000000e+01   8.7944481e+02   1.3321772e+05
   4.6000000e+01  -5.1751361e+04   2.6423059e+04
   4.7000000e+01  -7.9175309e+04  -1.0479070e+05
   4.8000000e+01  -1.4126500e+04  -7.7044292e+04
   4.9000000e+01   7.2995540e+04   5.6742646e+04
   5.0000000e+01   8.3023522e+04   1.0132637e+05
   5.1000000e+01   1.9400983e+04   1.8289320e+04
   5.2000000e+01  -5.8506326e+04  -6.2549195e+04
   5.3000000e+01  -7.5059915e+04  -3.3591740e+04
   5.4000000e+01   2.0846090e+03   6.7262133e+04
   5.5000000e+01   8.2619277e+04   9.5276481e+04
   5.6000000e+01   6.0098853e+04   5.5755537e+03
   5.7000000e+01  -4.8788151e+04  -7.1575004e+04
   5.8000000e+01  -1.2101767e+05  -3.2812871e+04
   5.9000000e+01  -7.0241401e+04   4.2388561e+04
   6.0000000e+01   3.2038776e+04   3.0352668e+04
   6.1000000e+01   5.9505847e+04  -3.6339120e+04
   6.2000000e+01   5.1533645e+03  -4.3070074e+04
   6.3000000e+01  -4.5235636e+04   1.2978166e+04
   6.4000000e+01  -4.4995909e+04   3.5399981e+04
   6.5000000e+01  -2.1985021e+04  -5.8197968e+03
   6.6000000e+01  -3.5172198e+03  -3.1841503e+04
   6.7000000e+01   2.2948710e+04  -2.0703702e+02
   6.8000000e+01   5.1202804e+04   3.0154187e+04
   6.9000000e+01   4.2708127e+04   2.6160087e+04
   7.0000000e+01  -4.3553602e+03   3.3456041e+04
   7.1000000e+01  -4.1635306e+04   4.9560384e+04
   7.2000000e+01  -3.2360375e+04   1.6619340e+03
   7.3000000e+01  -6.3326383e+02  -8.2652340e+04
   7.4000000e+01   2.5209715e+02  -7.3795335e+04
   7.5000000e+01  -2.9177277e+04   3.8280210e+04
   7.6000000e+01  -4.1715941e+04   1.0580876e+05
   7.7000000e+01  -1.3596828e+04   3.7235320e+04
   7.8000000e+01   3.1726024e+04  -6.9780603e+04
   7.9000000e+01   2.8995225e+04  -7.2345023e+04
   8.0000000e+01  -4.2919111e+04   1.5130699e+04
   8.1000000e+01  -8.7180616e+04   7.2883504e+04
   8.2000000e+01  -2.0952605e+04   5.1878875e+04
   8.3000000e+01   8.6080715e+04  -8.2924485e+02
   8.4000000e+01   1.0287118e+05  -2.9447806e+04
   8.5000000e+01   1.0832647e+04  -2.6687401e+04
   8.6000000e+01  -7.7385351e+04  -1.0714057e+04
   8.7000000e+01  -6.4420516e+04   1.1923811e+04
   8.8000000e+01   1.9435586e+04   2.9432339e+04
   8.9000000e+01   6.9308962e+04   1.6461829e+04
   9.0000000e+01   4.2299895e+04  -3.3554146e+04
   9.1000000e+01  -6.8238668e+03  -7.8733230e+04
   9.2000000e+01  -2.5871993e+04  -6.1392181e+04
   9.3000000e+01  -2.2696519e+04  -5.8326619e+03
   9.4000000e+01  -1.1551264e+04   1.1619761e+04
   9.5000000e+01   1.7225981e+04  -1.7155914e+03
   9.6000000e+01   4.8279268e+04   5.7749486e+03
   9.7000000e+01   3.9440838e+04   2.9535739e+04
   9.8000000e+01  -5.7240770e+03   3.1522870e+04
   9.9000000e+01  -4.2899427e+04  -9.3725678e+03
   1.0000000e+02  -4.5849426e+04  -5.3587718e+04
   1.0100000e+02  -1.6017718e+04  -3.6438258e+04
   1.0200000e+02   2.3060513e+04   2.7345641e+04
   1.0300000e+02   4.5120280e+04   5.2120682e+04
   1.0400000e+02   3.9758065e+04  -1.6629032e+03
   1.0500000e+02   1.7606517e+04  -6.2997138e+04
   1.0600000e+02   1.1745265e+04  -5.3108461e+04
   1.0700000e+02   2.9467461e+04  -1.4280909e+03
   1.0800000e+02   3.2937516e+04   2.1152978e+04
   1.0900000e+02   8.5997628e+03   5.9897513e+03
   1.1000000e+02  -2.3954197e+03  -4.2180686e+03
   1.1100000e+02   2.4595044e+04  -2.0076839e+03
   1.1200000e+02   3.7606504e+04  -1.8368613e+04
   1.1300000e+02  -5.8733697e+03  -2.8771210e+04
   1.1400000e+02  -4.8645413e+04   4.9719548e+03
   1.1500000e+02  -3.4587081e+04   4.0028477e+04
   1.1600000e+02   6.8152983e+03   1.3314284e+04
   1.1700000e+02   2.9131552e+04  -4.2431511e+04
   1.1800000e+02   1.8845050e+04  -2.9063523e+04
   1.1900000e+02  -1.8976812e+03   2.9789249e+04
   1.2000000e+02  -9.9925810e+02   2.5534444e+04
   1.2100000e+02   1.5754774e+04  -1.5678117e+04
   1.2200000e+02   2.8513112e+04  -1.5709256e+04
   1.2300000e+02   2.8153675e+04   9.5841362e+03
   1.2400000e+02   2.3685552e+03   2.3835905e+04
   1.2500000e+02  -2.9990461e+04   2.3209294e+04
   1.2600000e+02  -3.8887842e+04   2.2555018e+04
   1.2700000e+02  -3.6153422e+04   2.4634277e+04
   1.2800000e+02  -2.2561831e+04   9.5578512e+03
   1.2900000e+02   1.2462958e+04  -1.6504345e+04
   1.3000000e+02   2.5266367e+04  -1.8624539e+04
   1.3100000e+02  -1.3613662e+04   8.8279823e+03
   1.3200000e+02  -4.7715865e+04   3.1059000e+04
   1.3300000e+02  -3.0060596e+04   2.3899594e+04
   1.3400000e+02  -1.1967395e+03  -2.8305595e+03
   1.3500000e+02   4.4098464e+03  -2.3372042e+04
   1.3600000e+02   1.4208315e+04  -2.2211613e+04
   1.3700000e+02   1.7952295e+04  -1.5570164e+04
   1.3800000e+02  -2.2853434e+04  -1.1099972e+04
   1.3900000e+02  -6.0135646e+04   4.3294003e+03
   1.4000000e+02  -3.4015995e+04   1.1257158e+04
   1.4100000e+02   9.9801023e+03  -3.3252171e+03
   1.4200000e+02   1.4902597e+04  -4.5991808e+03
   1.4300000e+02   1.5021108e+03   1.6782845e+04
   1.4400000e+02  -7.6032019e+03   1.6934934e+04
   1.4500000e+02  -1.8942989e+04  -1.1694813e+04
   1.4600000e+02  -2.1822190e+04  -5.1815155e+03
   1.4700000e+02  -1.2022559e+04   5.6128655e+04
   1.4800000e+02   1.0719979e+03   8.9333687e+04
   1.4900000e+02   1.8458431e+04   3.0548277e+04
   1.5000000e+02   1.7486921e+04  -5.5934255e+04
   1.5100000e+02  -9.0374067e+03  -5.3313309e+04
   1.5200000e+02  -7.0608920e+03   2.8722837e+04
   1.5300000e+02   2.5662606e+04   6.7645892e+04
   1.5400000e+02   1.5709476e+04   2.2457653e+04
   1.5500000e+02  -3.9713335e+04  -3.7261607e+04
   1.5600000e+02  -6.1500199e+04  -4.7545461e+04
   1.5700000e+02  -1.8435992e+04  -9.6233495e+03
   1.5800000e+02   4.3085081e+04   2.2098429e+04
   1.5900000e+02   6.4969402e+04   7.1211791e+03
   1.6000000e+02   1.4693687e+04  -3.8985186e+04
   1.6100000e+02  -7.7822150e+04  -6.1991584e+04
   1.6200000e+02  -1.1801080e+05  -1.6470945e+04
   1.6300000e+02  -6.0715132e+04   6.1155329e+04
   1.6400000e+02   3.9437198e+04   7.8242988e+04
   1.6500000e+02   1.0875807e+05   1.0336748e+04
   1.6600000e+02   1.0126443e+05  -6.7844892e+04
   1.6700000e+02   3.3023664e+04  -6.1493806e+04
   1.6800000e+02  -1.9329716e+04   2.9770509e+04
   1.6900000e+02  -1.6926090e+04   8.5792194e+04
   1.7000000e+02   1.2251720e+04   3.0097545e+04
   1.7100000e+02   3.0887466e+04  -6.3900718e+04
   1.7200000e+02   2.4957962e+04  -8.6412984e+04
   1.7300000e+02   1.2257121e+04  -2.0907099e+04
   1.7400000e+02   2.8298331e+03   3.9908133e+04
   1.7500000e+02  -3.0926944e+04   1.9980823e+04
   1.7600000e+02  -8.5113885e+04  -3.0230555e+04
   1.7700000e+02  -9.0486991e+04  -3.9059989e+04
   1.7800000e+02  -1.7779069e+04  -1.1227516e+04
   1.7900000e+02   6.0338687e+04   2.1950565e+04
   1.8000000e+02   7.2477451e+04   3.5204764e+04
   1.8100000e+02   3.9363032e+04   1.9508056e+04
   1.8200000e+02   2.6408158e+04  -6.0830291e+03
   1.8300000e+02   4.7377012e+04  -8.7080187e+03
   1.8400000e+02   5.2323366e+04   1.3970879e+04
   1.8500000e+02   3.1500405e+04   8.2186754e+03
   1.8600000e+02   3.4047653e+04  -4.0255151e+04
   1.8700000e+02   4.6826800e+04  -5.7367934e+04
   1.8800000e+02   1.8442099e+04  -1.2011284e+04
   1.8900000e+02  -2.9978763e+04   3.5271244e+04
   1.9000000e+02  -6.3429737e+04   2.8604403e+04
   1.9100000e+02  -7.8631845e+04  -2.9567607e+04
   1.9200000e+02  -5.4667987e+04  -7.7995453e+04
   1.9300000e+02  -6.0321243e+03  -5.1586777e+04
   1.9400000e+02  -6.3822010e+03   2.5757984e+04
   1.9500000e+02  -4.8905479e+04   6.7898446e+04
   1.9600000e+02  -3.3813869e+04   4.6297934e+04
   1.9700000e+02   4.0014079e+04   4.0248909e+03
   1.9800000e+02   7.4142714e+04  -1.7452039e+04
   1.9900000e+02   6.5984894e+04  -1.0859386e+04
   2.0000000e+02   7.3509507e+04   4.6120265e+02
   2.0100000e+02   7.3407209e+04  -6.0627544e+03
   2.0200000e+02   2.7217080e+04  -1.9293951e+04
   2.0300000e+02  -4.6216057e+04  -1.7552063e+04
   2.0400000e+02  -9.7703360e+04  -7.9687350e+02
   2.0500000e+02  -7.7198051e+04   4.8913191e+03
   2.0600000e+02   6.2515356e+02  -2.1542120e+04
   2.0700000e+02   4.0286740e+04  -4.2406992e+04
   2.0800000e+02  -1.1072607e+04  -7.0678477e+03
   2.0900000e+02  -7.5179527e+04   5.1356406e+04
   2.1000000e+02  -6.4621929e+04   5.3902463e+04
   2.1100000e+02  -9.7734966e+03  -9.6008194e+03
   2.1200000e+02   2.4905495e+04  -5.3948193e+04
   2.1300000e+02   2.1567492e+04  -1.2578386e+04
   2.1400000e+02   7.9882761e+03   5.4938759e+04
   2.1500000e+02   3.2232464e+04   5.7695528e+04
   2.1600000e+02   6.2231425e+04   9.4594396e+03
   2.1700000e+02   3.4038856e+04  -1.7725622e+04
   2.1800000e+02  -1.1777118e+04  -2.8846741e+03
   2.1900000e+02  -2.1306778e+04   9.5560726e+03
   2.2000000e+02  -9.6071678e+03  -6.6250100e+03
   2.2100000e+02   8.4390392e+03  -7.2129273e+03
   2.2200000e+02   2.1050654e+04   3.1820426e+04
   2.2300000e+02  -1.3884082e+04   4.8781834e+04
   2.2400000e+02  -1.0850292e+05   3.7545563e+03
   2.2500000e+02  -1.7657262e+05  -3.9465665e+04
   2.2600000e+02  -1.2726094e+05  -1.2403836e+04
   2.2700000e+02  -1.1123922e+03   4.4211067e+04
   2.2800000e+02   8.6338720e+04   3.8647710e+04
   2.2900000e+02   8.1064111e+04  -2.6657834e+04
   2.3000000e+02   1.5546584e+04  -5.8472074e+04
   2.3100000e+02  -5.0773326e+04  -1.3136534e+04
   2.3200000e+02  -7.1310262e+04   5.3923390e+04
   2.3300000e+02  -2.9610183e+04   6.0609877e+04
   2.3400000e+02   3.5199349e+04  -9.6047843e+03
   2.3500000e+02   7.1470787e+04  -7.1308063e+04
   2.3600000e+02   8.3353818e+04  -3.4183812e+04
   2.3700000e+02   8.8908000e+04   6.5335330e+04
   2.3800000e+02   6.9791576e+04   9.7521459e+04
   2.3900000e+02   3.2249796e+04   2.8870742e+04
   2.4000000e+02   2.7573129e+04  -1.6553805e+04
   2.4100000e+02   5.0793321e+04   3.0131002e+04
   2.4200000e+02   3.5982511e+04   7.2648946e+04
   2.4300000e+02  -2.3976081e+04   3.2351747e+04
   2.4400000e+02  -6.8981253e+04  -4.4883635e+04
   2.4500000e+02  -6.3136943e+04  -7.3212134e+04
   2.4600000e+02  -3.0586058e+04  -2.4661050e+04
   2.4700000e+02  -1.5709704e+04   3.2239156e+04
   2.4800000e+02  -2.5674916e+04   1.1397642e+04
   2.4900000e+02  -2.8762279e+04  -6.9638722e+04
   2.5000000e+02  -1.1986937e+04  -1.1345310e+05
   2.5100000e+02  -8.3277553e+03  -7.2181966e+04
   2.5200000e+02  -3.0027267e+04   7.8734610e+03
   2.5300000e+02  -2.9289402e+04   4.4583981e+04
   2.5400000e+02   1.1903764e+04   6.4463485e+03
   2.5500000e+02   3.8130309e+04  -4.0616684e+04
   2.5600000e+02   1.0499600e+04  -2.7229520e+04
   2.5700000e+02  -3.7496390e+04   1.7561124e+04
   2.5800000e+02  -4.9341955e+04   3.4633870e+04
   2.5900000e+02  -8.2603343e+03   2.0533390e+04
   2.6000000e+02   4.0650017e+04   4.9046554e+03
   2.6100000e+02   3.3093165e+04  -3.2131774e+03
   2.6200000e+02  -1.6955502e+03  -1.3046832e+04
   2.6300000e+02   3.0057628e+04  -1.8648736e+04
   2.6400000e+02   9.0440603e+04  -1.7268803e+04
   2.6500000e+02   5.8156035e+04  -1.7165509e+04
   2.6600000e+02  -3.3766851e+04  -1.3631141e+04
   2.6700000e+02  -4.5861267e+04  -3.2378866e+03
   2.6800000e+02   3.3849109e+04   2.4342406e+03
   2.6900000e+02   8.2376792e+04  -9.7490729e+03
   2.7000000e+02   4.5787601e+04  -2.6661731e+04
   2.7100000e+02   1.3619016e+03  -1.6090246e+04
   2.7200000e+02   3.5005310e+02   1.8473264e+04
   2.7300000e+02  -1.7302024e+03   3.8181470e+04
   2.7400000e+02  -3.2481023e+04   2.0270262e+04
   2.7500000e+02  -4.2043935e+04  -1.1401087e+04
   2.7600000e+02   6.6271731e+02  -9.6134138e+03
   2.7700000e+02   3.5030711e+04   2.4998933e+04
   2.7800000e+02  -6.3098672e+02   3.3343327e+04
   2.7900000e+02  -6.6273952e+04  -1.5634112e+04
   2.8000000e+02  -7.4134595e+04  -6.3448038e+04
   2.8100000e+02  -1.4425678e+04  -4.1321623e+04
   2.8200000e+02   3.7336405e+04   1.6918762e+04
   2.8300000e+02   3.7848491e+04   3.2967224e+04
   2.8400000e+02   1.9571632e+04   4.1161951e+02
   2.8500000e+02   9.7051136e+03  -2.9102317e+04
   2.8600000e+02  -1.2364133e+03  -1.9609837e+04
   2.8700000e+02  -1.3652258e+04   1.3337862e+04
   2.8800000e+02  -1.3455224e+04   2.9228159e+04
   2.8900000e+02   5.9794969e+03   1.4081844e+04
   2.9000000e+02   2.5718303e+04  -9.9900390e+03
   2.9100000e+02   7.4446604e+03  -1.2214028e+04
   2.9200000e+02  -2.7422159e+04   1.4367253e+04
   2.9300000e+02  -8.5642140e+03   4.0142657e+04
   2.9400000e+02   4.2630699e+04   3.2106093e+04
   2.9500000e+02   3.2077923e+04  -1.4509075e+03
   2.9600000e+02  -4.7945383e+04  -2.5808263e+04
   2.9700000e+02  -9.7924671e+04  -1.9883562e+04
   2.9800000e+02  -4.8831978e+04   1.3667557e+04
   2.9900000e+02   4.0490148e+04   4.2593795e+04
   3.0000000e+02   6.5030664e+04   3.1909739e+04
   3.0100000e+02   5.2437337e+03  -6.6833805e+03
   3.0200000e+02  -6.1394406e+04  -2.5130689e+04
   3.0300000e+02  -5.5059259e+04   3.2076330e+03
   3.0400000e+02   9.2150276e+03   4.1604183e+04
   3.0500000e+02   4.4195555e+04   3.5551976e+04
   3.0600000e+02   7.5650006e+03  -3.6889511e+03
   3.0700000e+02  -4.4853180e+04  -2.3389818e+04
   3.0800000e+02  -4.0252403e+04  -5.6340315e+03
   3.0900000e+02   1.1768778e+04   2.4842670e+04
   3.1000000e+02   4.7303205e+04   3.5041958e+04
   3.1100000e+02   3.1493774e+04   8.8233900e+03
   3.1200000e+02  -1.1304275e+04  -3.4761322e+04
   3.1300000e+02  -3.2902239e+04  -4.0588524e+04
   3.1400000e+02  -2.2635043e+04   1.3385232e+04
   3.1500000e+02   4.3662570e+02   6.0018605e+04
   3.1600000e+02   1.6237966e+04   3.1979122e+04
   3.1700000e+02   1.1307227e+04  -3.1407589e+04
   3.1800000e+02  -5.5765396e+02  -4.1008264e+04
   3.1900000e+02  -2.5604299e+03   8.7962032e+03
   3.2000000e+02   1.4716010e+01   3.7389310e+04
   3.2100000e+02  -8.8988750e+03   8.1752157e+03
   3.2200000e+02  -2.9925458e+04  -2.0959448e+04
   3.2300000e+02  -2.6748207e+04  -4.9033941e+03
   3.2400000e+02   2.9667680e+03   1.9635729e+04
   3.2500000e+02   1.0500538e+04   1.0019747e+04
   3.2600000e+02  -3.6247694e+03  -2.2381082e+04
   3.2700000e+02  -5.8347407e+03  -4.3398069e+04
   3.2800000e+02   2.4596310e+03  -3.2119470e+04
   3.2900000e+02   7.6514907e+03   2.5675373e+03
   3.3000000e+02   1.4460630e+04   3.0792170e+04
   3.3100000e+02   3.1093595e+04   2.5191602e+04
   3.3200000e+02   3.3591666e+04  -1.6397008e+04
   3.3300000e+02   2.1794600e+03  -4.9304189e+04
   3.3400000e+02  -2.0009576e+04  -3.0685102e+04
   3.3500000e+02   5.5076759e+03   1.4774281e+04
   3.3600000e+02   3.9134806e+04   3.4737507e+04
   3.3700000e+02   2.9382588e+04   1.2857901e+04
   3.3800000e+02  -9.6206543e+03  -2.4087405e+04
   3.3900000e+02  -3.1453692e+04  -3.0687008e+04
   3.4000000e+02  -2.0119364e+04   3.3238084e+03
   3.4100000e+02   3.4248787e+03   2.9552430e+04
   3.4200000e+02   9.9707213e+03   6.7505365e+03
   3.4300000e+02  -6.0691018e+03  -3.7091471e+04
   3.4400000e+02  -1.8719534e+04  -4.3797434e+04
   3.4500000e+02  -3.5602642e+03  -6.6256205e+03
   3.4600000e+02   2.5737744e+04   2.0822482e+04
   3.4700000e+02   3.7950175e+04   2.4003255e+03
   3.4800000e+02   2.7175000e+04  -3.4781201e+04
   3.4900000e+02   7.6397376e+03  -4.6372892e+04
   3.5000000e+02   3.2858939e+02  -2.1624252e+04
   3.5100000e+02   1.5937709e+04   1.0646048e+04
   3.5200000e+02   2.8139293e+04   1.7668860e+04
   3.5300000e+02   1.4871511e+04   7.9879226e+02
   3.5400000e+02  -4.1033026e+03  -2.0982402e+04
   3.5500000e+02  -1.5731592e+04  -2.8045415e+04
   3.5600000e+02  -2.5407199e+04  -2.6061238e+03
   3.5700000e+02  -1.7765374e+04   3.7074339e+04
   3.5800000e+02   4.4443048e+03   4.3323630e+04
   3.5900000e+02  -4.6749640e+02   5.4715652e+03
   3.6000000e+02  -2.1595254e+04  -3.3699128e+04
   3.6100000e+02  -1.2550814e+04  -3.1524890e+04
   3.6200000e+02   6.6908441e+03   6.9639282e+03
   3.6300000e+02   9.0744433e+03   2.9829654e+04
   3.6400000e+02   1.3013857e+04   7.2589576e+03
   3.6500000e+02   2.0702825e+04  -1.6099181e+04
   3.6600000e+02   1.8556766e+04  -2.5151342e+03
   3.6700000e+02   7.1717808e+03   1.9267842e+04
   3.6800000e+02   2.0258810e+03   2.0528607e+04
   3.6900000e+02   1.6250794e+04   4.9767972e+03
   3.7000000e+02   2.4399319e+04  -7.4597171e+03
   3.7100000e+02  -2.2246692e+02  -1.1663859e+03
   3.7200000e+02  -2.8484701e+04   1.1104152e+04
   3.7300000e+02  -2.7852114e+04   9.7685977e+03
   3.7400000e+02  -1.2046251e+04  -5.7580852e+03
   3.7500000e+02  -4.9432179e+03  -1.6083458e+04
   3.7600000e+02  -1.7641783e+04  -3.6976025e+03
   3.7700000e+02  -4.3959758e+04   1.4154957e+04
   3.7800000e+02  -4.7752322e+04   1.4037712e+04
   3.7900000e+02  -8.6307565e+03   9.7745424e+03
   3.8000000e+02   3.1875694e+04   2.1874980e+04
   3.8100000e+02   2.8190840e+04   2.8882323e+04
   3.8200000e+02  -2.6831977e+03   1.0240560e+04
   3.8300000e+02  -1.5406119e+04   1.4605326e+03
   3.8400000e+02  -1.5597307e+03   1.5916384e+04
   3.8500000e+02   1.3181518e+04   1.3810666e+04
   3.8600000e+02   1.3705680e+04   1.9057708e+03
   3.8700000e+02   5.6602938e+03   1.3459106e+04
   3.8800000e+02  -7.5186588e+03   2.1739548e+04
   3.8900000e+02  -2.0749676e+04  -2.2005394e+03
   3.9000000e+02  -1.7074041e+04  -2.1551811e+04
   3.9100000e+02  -6.5848436e+03  -4.2326529e+03
   3.9200000e+02  -1.7296827e+04   1.9940492e+04
   3.9300000e+02  -3.2373780e+04   1.9944420e+04
   3.9400000e+02  -2.5898679e+04   2.2938697e+03
   3.9500000e+02  -8.9031784e+03  -1.4606783e+04
   3.9600000e+02   1.9731356e+03  -1.6832256e+04
   3.9700000e+02  -4.2831159e+03  -3.2410805e+03
   3.9800000e+02  -1.9519594e+04   1.1342264e+04
   3.9900000e+02  -1.7121081e+04   6.7827913e+03
   4.0000000e+02   2.5878558e+03  -1.3162640e+04
   4.0100000e+02   2.0765827e+04  -1.3170590e+04
   4.0200000e+02   2.9355343e+04   1.6689814e+04
   4.0300000e+02   2.5529062e+04   2.8719958e+04
   4.0400000e+02   1.1771173e+04  -4.2820152e+03
   4.0500000e+02  -2.7148485e+03  -2.5430060e+04
   4.0600000e+02  -4.4143733e+03   5.7341478e+03
   4.0700000e+02   8.9356251e+03   3.3196924e+04
   4.0800000e+02   1.6107706e+04   1.3217307e+04
   4.0900000e+02   2.4017119e+03  -1.6751324e+04
   4.1000000e+02  -1.8683731e+04  -1.6108960e+04
   4.1100000e+02  -2.1212572e+04  -2.9518780e+03
   4.1200000e+02   2.7542640e+03  -9.7319539e+03
   4.1300000e+02   2.4227371e+04  -1.5481409e+04
   4.1400000e+02   1.6858904e+04  -3.6108847e+03
   4.1500000e+02  -6.4679899e+03  -1.3178477e+04
   4.1600000e+02  -1.7770806e+04  -4.0298668e+04
   4.1700000e+02   7.9327197e+02  -2.3171301e+04
   4.1800000e+02   3.0263033e+04   2.6593885e+04
   4.1900000e+02   2.7595810e+04   2.4261534e+04
   4.2000000e+02   1.7898856e+03  -3.1325735e+04
   4.2100000e+02   2.1211285e+03  -5.0562006e+04
   4.2200000e+02   2.8896513e+04  -1.0579085e+04
   4.2300000e+02   3.0253455e+04   2.2636054e+04
   4.2400000e+02  -9.5251835e+03   4.3501489e+03
   4.2500000e+02  -3.3342494e+04  -3.1910479e+04
   4.2600000e+02  -1.0952479e+04  -2.5717786e+04
   4.2700000e+02   1.3638086e+04   9.0415697e+03
   4.2800000e+02   1.3460683e+04   1.1055041e+04
   4.2900000e+02  -5.4045140e+02  -1.5390797e+04
   4.3000000e+02  -1.4816397e+04  -2.3186941e+04
   4.3100000e+02  -8.1026304e+03  -1.1839590e+04
   4.3200000e+02   2.1029834e+04  -4.6522657e+03
   4.3300000e+02   3.6256264e+04   7.5730590e+03
   4.3400000e+02   1.1513521e+04   2.0577044e+04
   4.3500000e+02  -2.4944562e+04  -2.7943216e+02
   4.3600000e+02  -2.1146491e+04  -3.2104713e+04
   4.3700000e+02   2.0920282e+04  -1.7385195e+04
   4.3800000e+02   4.4987503e+04   2.0689303e+04
   4.3900000e+02   2.4474673e+04   1.8555289e+04
   4.4000000e+02  -8.6152748e+03  -1.0927518e+04
   4.4100000e+02  -2.0952166e+04  -1.4885328e+04
   4.4200000e+02  -1.0549494e+04   1.1107168e+03
   4.4300000e+02   7.1933271e+03   3.3295072e+03
   4.4400000e+02   8.3816846e+03  -2.6909329e+03
   4.4500000e+02  -5.9378886e+03   3.8098160e+03
   4.4600000e+02  -6.4164037e+03   1.3429148e+04
   4.4700000e+02   1.6998888e+03   2.2641509e+03
   4.4800000e+02  -5.2569202e+03  -1.7580750e+04
   4.4900000e+02  -1.4360565e+04  -6.9659187e+03
   4.5000000e+02  -7.0246613e+03   2.7567746e+04
   4.5100000e+02   1.2050186e+04   3.2209788e+04
   4.5200000e+02   2.1693943e+04  -1.4660998e+03
   4.5300000e+02   3.2089328e+03  -1.8832051e+04
   4.5400000e+02  -1.9651496e+04   2.3996085e+03
   4.5500000e+02  -1.0846973e+04   2.4357499e+04
   4.5600000e+02   3.9247525e+03   2.1067352e+04
   4.5700000e+02  -1.1559447e+04   9.5560067e+03
   4.5800000e+02  -2.1315907e+04   1.1598879e+04
   4.5900000e+02   7.0782672e+03   1.8856150e+04
   4.6000000e+02   2.5206042e+04   1.1491503e+04
   4.6100000e+02  -6.8682074e+03  -2.7903533e+03
   4.6200000e+02  -5.0307505e+04   3.5478969e+03
   4.6300000e+02  -5.2851408e+04   3.0044625e+04
   4.6400000e+02  -9.3986707e+03   3.8493698e+04
   4.6500000e+02   3.5217046e+04   1.2923209e+04
   4.6600000e+02   2.9716039e+04  -1.3115844e+04
   4.6700000e+02  -1.0710778e+04  -1.0117336e+04
   4.6800000e+02  -2.9861955e+04   1.0034377e+04
   4.6900000e+02  -1.6604109e+04   1.9784387e+04
   4.7000000e+02   2.2629010e+03   1.1101251e+04
   4.7100000e+02   2.4683970e+02  -4.5880240e+03
   4.7200000e+02  -2.6281904e+04  -6.6069420e+03
   4.7300000e+02  -4.0262757e+04   7.1038698e+03
   4.7400000e+02  -1.4201746e+04   3.4393738e+03
   4.7500000e+02   2.0215370e+04  -1.8218058e+04
   4.7600000e+02   1.8659358e+04  -1.8712567e+04
   4.7700000e+02  -8.1247787e+03   3.6070768e+03
   4.7800000e+02  -1.8699122e+04   2.4304350e+04
   4.7900000e+02  -1.5287428e+04   2.3866302e+04
   4.8000000e+02  -2.0092312e+04  -1.9564877e+03
   4.8100000e+02  -1.4231551e+04  -2.1497280e+04
   4.8200000e+02   1.7400819e+04  -8.6841227e+03
   4.8300000e+02   3.9228512e+04   1.8077371e+04
   4.8400000e+02   2.2102855e+04   2.7109340e+04
   4.8500000e+02  -8.6841992e+03   1.1570193e+04
   4.8600000e+02  -1.7302974e+04  -1.5091394e+04
   4.8700000e+02   1.0904180e+03  -3.4604825e+04
   4.8800000e+02   2.5108293e+04  -2.7114837e+04
   4.8900000e+02   2.2345535e+04   1.7544666e+03
   4.9000000e+02  -5.3455591e+03   2.0219203e+04
   4.9100000e+02  -1.4922814e+04   4.8198309e+03
   4.9200000e+02   6.3262925e+03  -3.4664727e+04
   4.9300000e+02   2.1036272e+04  -4.7585122e+04
   4.9400000e+02   1.4008392e+03  -1.4639873e+04
   4.9500000e+02  -2.4784326e+04   1.5132122e+04
   4.9600000e+02  -9.3089789e+03   9.2237410e+03
   4.9700000e+02   3.1832493e+04  -1.4533213e+04
   4.9800000e+02   3.5972899e+04  -2.6634960e+04
   4.9900000e+02   1.8036010e+03  -1.7646648e+04
   5.0000000e+02  -1.6285620e+04  -6.4263752e+02
   5.0100000e+02  -6.4867772e+03   7.1243654e+03
   5.0200000e+02   7.0101177e+03  -6.3964875e+03
   5.0300000e+02   2.0814327e+04  -2.0852047e+04
   5.0400000e+02   2.9909919e+04  -6.0106350e+03
   5.0500000e+02   1.5638674e+04   1.3287283e+04
   5.0600000e+02  -1.5355139e+04  -5.6765171e+02
   5.0700000e+02  -2.1939221e+04  -2.6738149e+04
   5.0800000e+02   1.7073285e+04  -2.3770774e+04
   5.0900000e+02   5.3620061e+04  -2.0819556e+03
   5.1000000e+02   3.9026579e+04   3.0960448e+03
   5.1100000e+02   1.0999440e+01  -3.9430749e+03
   5.1200000e+02  -1.8407600e+04  -9.8721215e+03
   5.1300000e+02  -9.2902576e+03  -1.6974048e+04
   5.1400000e+02   1.2097050e+04  -1.5386745e+04
   5.1500000e+02   2.2924066e+04  -1.4146963e+03
   5.1600000e+02   9.0188736e+03   6.9512869e+03
   5.1700000e+02  -1.2881871e+04   3.3733758e+03
   5.1800000e+02  -1.5330291e+04   2.7425505e+03
   5.1900000e+02  -1.2888427e+03   8.8010936e+03
   5.2000000e+02   8.4504914e+03   1.0913809e+04
   5.2100000e+02   4.0079410e+03   4.7603274e+03
   5.2200000e+02  -8.4115684e+03  -9.0535763e+03
   5.2300000e+02  -8.1778489e+03  -1.6856955e+04
   5.2400000e+02   3.3207174e+03  -3.0681592e+03
   5.2500000e+02   3.0052006e+02   1.6598310e+04
   5.2600000e+02  -1.2562628e+04   1.6552854e+04
   5.2700000e+02  -1.2486219e+04  -1.6077645e+02
   5.2800000e+02  -2.8205289e+03  -9.9304506e+03
   5.2900000e+02   1.9844609e+03  -1.4017872e+03
   5.3000000e+02   2.1550478e+03   1.6853338e+04
   5.3100000e+02   2.8129604e+03   2.7468110e+04
   5.3200000e+02   1.1035191e+03   1.9672825e+04
   5.3300000e+02  -3.8389502e+03   1.1617580e+04
   5.3400000e+02  -1.0672359e+04   1.6155073e+04
   5.3500000e+02  -1.6506291e+04   1.3877737e+04
   5.3600000e+02  -1.2302682e+04   4.8076679e+03
   5.3700000e+02  -1.4810041e+03   5.7391636e+03
   5.3800000e+02   2.9163383e+03   1.0276005e+04
   5.3900000e+02  -1.9475439e+03   8.6545331e+03
   5.4000000e+02  -1.4121069e+04   5.9795624e+03
   5.4100000e+02  -2.5852122e+04   8.7729878e+03
   5.4200000e+02  -2.1691277e+04   8.8510559e+03
   5.4300000e+02  -8.1607164e+02  -7.0250467e+02
   5.4400000e+02   1.0021865e+04   1.1827135e+03
   5.4500000e+02  -4.7546999e+03   2.6013418e+04
   5.4600000e+02  -1.7321514e+04   3.5348609e+04
   5.4700000e+02  -8.0380123e+03   6.1792519e+03
   5.4800000e+02   4.1266985e+03  -1.6352162e+04
   5.4900000e+02   4.4472883e+03  -6.4192706e+02
   5.5000000e+02  -8.7399987e+03   2.3342335e+04
   5.5100000e+02  -2.3492667e+04   2.1757713e+04
   5.5200000e+02  -1.1671227e+04  -9.5689784e+03
   5.5300000e+02   1.5235536e+04  -3.8762649e+04
   5.5400000e+02   1.2749899e+04  -2.9237836e+04
   5.5500000e+02  -1.3646733e+04   5.3935978e+03
   5.5600000e+02  -2.2941710e+04   2.5245572e+04
   5.5700000e+02  -7.2876414e+03   1.3426141e+04
   5.5800000e+02   8.9325652e+03  -1.5819105e+04
   5.5900000e+02   5.4964760e+03  -2.9139026e+04
   5.6000000e+02  -1.2588004e+04  -5.2440227e+03
   5.6100000e+02  -2.3638013e+04   3.2771583e+04
   5.6200000e+02  -1.6010322e+04   3.0429195e+04
   5.6300000e+02  -1.3839206e+03  -1.8016833e+04
   5.6400000e+02   6.0402274e+03  -4.3046484e+04
   5.6500000e+02   1.1522278e+04  -1.2427593e+04
   5.6600000e+02   1.4226549e+04   1.7947160e+04
   5.6700000e+02   2.1950276e+03   1.1811694e+04
   5.6800000e+02  -6.6171141e+03  -9.1650445e+03
   5.6900000e+02   1.4228152e+04  -2.7700255e+04
   5.7000000e+02   3.8355473e+04  -2.5679292e+04
   5.7100000e+02   2.1561084e+04   3.0023853e+03
   5.7200000e+02  -6.9589701e+03   1.6260539e+04
   5.7300000e+02   5.3350180e+03  -2.1653446e+03
   5.7400000e+02   2.5212382e+04  -1.6923879e+04
   5.7500000e+02   1.0072296e+04  -1.0979768e+04
   5.7600000e+02  -9.6630515e+03   3.7238657e+03
   5.7700000e+02  -7.3378618e+03   6.1783265e+03
   5.7800000e+02   5.6399586e+03  -1.0431118e+04
   5.7900000e+02   1.3695794e+04  -2.3991645e+04
   5.8000000e+02   7.6679572e+03  -1.7479922e+04
   5.8100000e+02  -6.4699287e+03  -3.2377379e+03
   5.8200000e+02  -9.6354321e+03   3.5473718e+03
   5.8300000e+02   6.7900999e+03   8.4205550e+03
   5.8400000e+02   2.2619645e+04   7.0100939e+03
   5.8500000e+02   1.7312548e+04  -1.3152182e+04
   5.8600000e+02   4.7378015e+03  -2.4664540e+04
   5.8700000e+02   5.7821960e+03  -3.1583376e+03
   5.8800000e+02   1.5880298e+04   2.0552759e+04
   5.8900000e+02   1.7449808e+04   1.4416717e+04
   5.9000000e+02   5.7202616e+03  -1.0867807e+04
   5.9100000e+02  -9.8028677e+03  -3.1772493e+04
   5.9200000e+02  -1.6713138e+04  -3.4620317e+04
   5.9300000e+02  -6.1026473e+03  -1.2494937e+04
   5.9400000e+02   8.8623844e+03   1.3578986e+04
   5.9500000e+02   8.7083239e+03   1.2779341e+04
   5.9600000e+02   2.2695124e+03  -4.7874824e+03
   5.9700000e+02   1.5597784e+03  -1.2022843e+04
   5.9800000e+02   9.1929730e+02   5.4195919e+03
   5.9900000e+02  -2.3389460e+01   3.1562230e+04
   6.0000000e+02   8.1571033e+03   1.7667007e+04
   6.0100000e+02   1.8608112e+04  -2.7055177e+04
   6.0200000e+02   1.1470638e+04  -3.2194891e+04
   6.0300000e+02  -5.0086708e+03   6.1832139e+03
   6.0400000e+02  -7.8601617e+03   2.5346208e+04
   6.0500000e+02  -6.9040434e+02   1.2170261e+02
   6.0600000e+02   2.2828016e+03  -3.0744327e+04
   6.0700000e+02  -3.3663730e+02  -2.3236190e+04
   6.0800000e+02  -6.2865042e+03   7.6397171e+03
   6.0900000e+02  -2.0493826e+04   1.6272424e+04
   6.1000000e+02  -3.2272487e+04   6.5398831e+03
   6.1100000e+02  -1.5960822e+04   7.7065697e+03
   6.1200000e+02   1.1427601e+04   1.3504511e+04
   6.1300000e+02   1.0563144e+04   1.1723588e+04
   6.1400000e+02  -7.2320890e+03   1.0080635e+04
   6.1500000e+02  -9.3008797e+03   1.4052487e+04
   6.1600000e+02  -1.2998940e+02   1.5197105e+04
   6.1700000e+02   2.0189541e+03   7.1935966e+03
   6.1800000e+02   2.6241053e+03   7.7511057e+03
   6.1900000e+02   5.9960633e+03   2.1344115e+04
   6.2000000e+02  -1.2123870e+03   1.7663313e+04
   6.2100000e+02  -1.5885552e+04  -5.7685661e+03
   6.2200000e+02  -1.8290426e+04  -1.6252236e+04
   6.2300000e+02  -7.0628997e+03  -1.3800182e+03
   6.2400000e+02  -2.3172743e+03   2.0474704e+04
   6.2500000e+02  -1.2058539e+04   2.5208528e+04
   6.2600000e+02  -1.8671809e+04   7.7794633e+03
   6.2700000e+02  -1.4039414e+04  -1.0376600e+04
   6.2800000e+02  -8.5963993e+03  -3.7523582e+03
   6.2900000e+02  -5.6395445e+03   1.9296220e+04
   6.3000000e+02  -5.1171411e+03   2.7133597e+04
   6.3100000e+02  -1.0833212e+04   1.5210655e+04
   6.3200000e+02  -1.2789623e+04   2.5367833e+03
   6.3300000e+02   5.0130922e+03  -2.4946895e+03
   6.3400000e+02   1.9783163e+04  -2.1577631e+03
   6.3500000e+02  -3.6904306e+03   6.6342123e+03
   6.3600000e+02  -3.4622755e+04   1.9136259e+04
   6.3700000e+02  -2.1799603e+04   9.9647114e+03
   6.3800000e+02   1.6344261e+04  -1.8000301e+04
   6.3900000e+02   3.1337211e+04  -2.2503138e+04
   6.4000000e+02   1.6218975e+04   6.0604205e+03
   6.4100000e+02  -5.3210979e+03   2.8275861e+04
   6.4200000e+02  -1.4857681e+04   1.2677999e+04
   6.4300000e+02  -8.4274448e+03  -2.3424712e+04
   6.4400000e+02   5.1483192e+03  -3.2509094e+04
   6.4500000e+02   1.2723641e+04   5.5651306e+02
   6.4600000e+02   3.2448328e+03   3.0117659e+04
   6.4700000e+02  -1.7483304e+04   1.4531479e+04
   6.4800000e+02  -1.4375759e+04  -1.4982764e+04
   6.4900000e+02   1.2573353e+04  -1.3447878e+04
   6.5000000e+02   1.2881394e+04   4.8223128e+03
   6.5100000e+02  -6.7830265e+03   7.6239857e+03
   6.5200000e+02  -1.1988419e+03  -9.8102909e+03
   6.5300000e+02   1.5790597e+04  -2.8905623e+04
   6.5400000e+02   1.7231185e+04  -3.1822378e+04
   6.5500000e+02   1.1141638e+04  -2.0820903e+04
   6.5600000e+02   4.7724938e+03  -6.5656899e+03
   6.5700000e+02  -5.0979429e+03  -3.4870727e+03
   6.5800000e+02  -8.2623133e+03  -1.7614954e+04
   6.5900000e+02   1.1027301e+04  -2.9884136e+04
   6.6000000e+02   3.1849806e+04  -2.5052865e+04
   6.6100000e+02   1.6032645e+04  -8.5580123e+03
   6.6200000e+02  -2.2298689e+04   5.2836229e+03
   6.6300000e+02  -2.9359982e+04   2.6197859e+03
   6.6400000e+02   7.6354906e+03  -6.9131896e+03
   6.6500000e+02   3.8162234e+04  -1.0223696e+03
   6.6600000e+02   2.3884430e+04   8.3076328e+03
   6.6700000e+02  -4.2478476e+03  -3.5821042e+03
   6.6800000e+02  -4.2675096e+03  -2.0592221e+04
   6.6900000e+02   1.3640799e+04  -1.4225597e+04
   6.7000000e+02   2.2904295e+04   7.4772411e+03
   6.7100000e+02   2.3104927e+04   1.3908582e+04
   6.7200000e+02   1.6116899e+04  -3.5695103e+03
   6.7300000e+02  -3.6356140e+02  -2.1090419e+04
   6.7400000e+02  -7.8559183e+03  -2.0774506e+04
   6.7500000e+02   2.1003827e+03  -7.3387529e+03
   6.7600000e+02   9.5216095e+03   4.4402884e+03
   6.7700000e+02   9.2247982e+03   1.3090572e+03
   6.7800000e+02   6.1958820e+03  -7.0917123e+03
   6.7900000e+02  -2.6194878e+03  -3.9792923e+03
   6.8000000e+02  -6.4011107e+03   7.3308700e+03
   6.8100000e+02   1.3935188e+03   1.2930112e+04
   6.8200000e+02   6.8718010e+03   4.3784399e+03
   6.8300000e+02   2.2285363e+03  -5.0570114e+03
   6.8400000e+02  -9.3476124e+03  -1.2117204e+03
   6.8500000e+02  -1.3480569e+04   7.4639254e+03
   6.8600000e+02   2.6296270e+03   1.2179943e+04
   6.8700000e+02   1.7051434e+04   8.4719015e+03
   6.8800000e+02   5.7085215e+03  -2.6586181e+03
   6.8900000e+02  -1.4979084e+04  -8.6142760e+03
   6.9000000e+02  -2.3658339e+04  -1.1674550e+03
   6.9100000e+02  -1.7564930e+04   1.3671988e+04
   6.9200000e+02  -3.5268245e+03   2.1038507e+04
   6.9300000e+02  -4.1615197e+03   1.4056697e+04
   6.9400000e+02  -2.4275066e+04  -4.5115500e+02
   6.9500000e+02  -2.8286384e+04  -9.6617141e+02
   6.9600000e+02  -6.9763578e+03   2.1464189e+04
   6.9700000e+02   5.9979052e+03   2.6918512e+04
   6.9800000e+02   1.5080114e+03   3.3814081e+03
   6.9900000e+02  -3.5309927e+03   9.5967533e+02
   7.0000000e+02  -2.8973717e+02   2.3274703e+04
   7.0100000e+02   1.2017728e+04   2.2976450e+04
   7.0200000e+02   1.5732175e+04  -3.5778881e+03
   7.0300000e+02  -6.2267209e+03  -9.6495780e+03
   7.0400000e+02  -2.4611596e+04   1.8111638e+04
   7.0500000e+02  -9.3413987e+03   3.0154704e+04
   7.0600000e+02   6.4008914e+03   9.1863525e+03
   7.0700000e+02  -8.2243550e+03  -4.4584733e+03
   7.0800000e+02  -2.4092926e+04   2.0866012e+03
   7.0900000e+02  -2.3555092e+04   7.2649773e+03
   7.1000000e+02  -2.2075403e+04   5.8696156e+03
   7.1100000e+02  -1.3792258e+04   7.7476467e+03
   7.1200000e+02   5.8977674e+02   7.5784293e+03
   7.1300000e+02  -1.8627068e+03  -1.1027862e+02
   7.1400000e+02  -6.9944804e+03   1.7381570e+01
   7.1500000e+02   8.3587604e+03   1.0990695e+04
   7.1600000e+02   1.8992808e+04   1.3122901e+04
   7.1700000e+02   4.4077820e+03  -3.1948503e+03
   7.1800000e+02  -1.5711082e+04  -1.6740139e+04
   7.1900000e+02  -2.0407563e+04  -3.0760750e+03
   7.2000000e+02  -4.6477637e+02   1.4322632e+04
   7.2100000e+02   2.7230598e+04   2.4757710e+03
   7.2200000e+02   1.7812449e+04  -2.0582166e+04
   7.2300000e+02  -2.5192900e+04  -2.4179661e+04
   7.2400000e+02  -3.7924288e+04  -4.5266153e+03
   7.2500000e+02  -1.6653146e+03   1.4306121e+04
   7.2600000e+02   3.2179022e+04   2.9054922e+03
   7.2700000e+02   2.4195609e+04  -2.0993368e+04
   7.2800000e+02  -7.5588613e+03  -1.8047433e+04
   7.2900000e+02  -1.4122608e+04   1.9298429e+03
   7.3000000e+02   1.2697787e+04   5.6132739e+03
   7.3100000e+02   2.1320818e+04  -9.0708475e+03
   7.3200000e+02  -5.0591657e+03  -1.8910615e+04
   7.3300000e+02  -1.6039761e+04  -1.4352369e+04
   7.3400000e+02   6.6590563e+03  -8.6808073e+03
   7.3500000e+02   2.3527945e+04  -5.6433264e+03
   7.3600000e+02   1.8871915e+04  -6.5923747e+03
   7.3700000e+02   1.4049695e+04  -1.8304514e+04
   7.3800000e+02   1.3893943e+04  -2.2065419e+04
   7.3900000e+02   1.0825985e+04  -4.3891486e+03
   7.4000000e+02   7.9948119e+03   1.0561031e+04
   7.4100000e+02   5.1357807e+03  -2.0089451e+03
   7.4200000e+02   5.2325620e+03  -2.5507650e+04
   7.4300000e+02   1.1660202e+04  -1.6692874e+04
   7.4400000e+02   1.0254900e+04   1.1756192e+04
   7.4500000e+02  -1.6789837e+03   9.6492641e+03
   7.4600000e+02  -1.0809011e+04  -1.2560053e+04
   7.4700000e+02  -9.5928147e+03  -2.2427924e+04
   7.4800000e+02   5.3935845e+03  -1.8230346e+04
   7.4900000e+02   1.9899747e+04  -5.7550979e+03
   7.5000000e+02   1.8544782e+04   8.0653044e+03
   7.5100000e+02   1.3510669e+04   1.4946102e+04
   7.5200000e+02   1.6020638e+04   3.2598011e+03
   7.5300000e+02   1.8944448e+04  -1.8104168e+04
   7.5400000e+02   1.0889479e+04  -1.9278831e+04
   7.5500000e+02  -6.0836436e+03  -2.4891179e+03
   7.5600000e+02  -1.2521374e+04   9.5728469e+03
   7.5700000e+02  -4.2568561e+03   5.2523374e+03
   7.5800000e+02  -1.7788351e+03  -1.1504655e+04
   7.5900000e+02  -1.4871600e+04  -1.5614002e+04
   7.6000000e+02  -2.4081883e+04   1.9018758e+03
   7.6100000e+02  -8.5894054e+03   1.8168588e+04
   7.6200000e+02   1.1927766e+04   1.2478587e+04
   7.6300000e+02   4.1923716e+03  -9.3444264e+03
   7.6400000e+02  -1.4187405e+04  -1.4888566e+04
   7.6500000e+02  -5.6272447e+03   6.2753044e+03
   7.6600000e+02   1.6466961e+04   2.2430465e+04
   7.6700000e+02   2.0633829e+04   1.8942590e+04
   7.6800000e+02   1.0178263e+04   1.2739250e+04
   7.6900000e+02  -6.1941105e+03   1.0379651e+04
   7.7000000e+02  -2.0029799e+04   7.7318570e+03
   7.7100000e+02  -7.7821726e+03   5.0915211e+03
   7.7200000e+02   1.6213882e+04   4.1046041e+03
   7.7300000e+02   5.5460857e+03   1.0399389e+04
   7.7400000e+02  -2.8612645e+04   1.8243861e+04
   7.7500000e+02  -3.4496205e+04   8.6785869e+03
   7.7600000e+02  -5.7300939e+03  -7.5719671e+03
   7.7700000e+02   1.9631943e+04  -2.7537817e+03
   7.7800000e+02   6.3745466e+03   1.3494738e+04
   7.7900000e+02  -3.3148732e+04   1.3213661e+04
   7.8000000e+02  -3.9673715e+04  -2.7492042e+03
   7.8100000e+02  -4.0132170e+03  -7.1507487e+03
   7.8200000e+02   1.4328621e+04   1.4763978e+04
   7.8300000e+02  -8.6571491e+02   3.4210316e+04
   7.8400000e+02  -1.5351804e+04   1.9196719e+04
   7.8500000e+02  -1.6366777e+04  -6.7195230e+03
   7.8600000e+02  -8.0675620e+03  -9.1165532e+03
   7.8700000e+02   6.8221947e+03   5.6414792e+03
   7.8800000e+02   1.7361707e+04   2.1122410e+04
   7.8900000e+02   6.2318689e+03   2.0860807e+04
   7.9000000e+02  -1.8125867e+04   2.0553125e+03
   7.9100000e+02  -1.8226522e+04  -3.1518961e+03
   7.9200000e+02   4.8477389e+03   1.0883937e+04
   7.9300000e+02   7.6805640e+03   1.0168509e+04
   7.9400000e+02  -9.7231352e+03  -4.6043240e+03
   7.9500000e+02  -6.8977907e+03  -9.0546082e+03
   7.9600000e+02   8.6418363e+03  -7.2685004e+03
   7.9700000e+02  -4.1321903e+03  -3.4395199e+03
   7.9800000e+02  -2.4331228e+04   1.2746502e+04
   7.9900000e+02  -9.0572595e+03   2.0234936e+04
   8.0000000e+02   1.3824514e+04  -8.2906101e+03
   8.0100000e+02   1.0282018e+04  -3.9536726e+04
   8.0200000e+02  -4.2347957e+02  -2.3391691e+04
   8.0300000e+02  -8.8789814e+02   1.8823986e+04
   8.0400000e+02   6.3980337e+03   2.2447903e+04
   8.0500000e+02   1.1030135e+04  -1.3115715e+04
   8.0600000e+02  -2.8532572e+03  -2.9865901e+04
   8.0700000e+02  -2.4530045e+04  -1.1845621e+04
   8.0800000e+02  -1.9580266e+04   8.9007452e+03
   8.0900000e+02   1.3847020e+04   6.9017318e+03
   8.1000000e+02   3.3714867e+04  -1.1036335e+04
   8.1100000e+02   1.2744530e+04  -1.6761169e+04
   8.1200000e+02  -2.0837647e+04  -6.4211395e+03
   8.1300000e+02  -2.3227778e+04   3.5804643e+03
   8.1400000e+02   2.7794989e+03   6.5010300e+03
   8.1500000e+02   1.9348516e+04  -8.6424550e+02
   8.1600000e+02   1.5005711e+04  -1.2940774e+04
   8.1700000e+02   8.1765417e+03  -1.8369839e+04
   8.1800000e+02   6.2532280e+03  -1.5623475e+04
   8.1900000e+02   5.3460506e+03  -9.4045524e+03
   8.2000000e+02   6.2186362e+03  -4.5101996e+03
   8.2100000e+02   1.1311531e+04  -6.2530344e+03
   8.2200000e+02   1.7331362e+04  -1.7094950e+04
   8.2300000e+02   1.5569799e+04  -2.3888084e+04
   8.2400000e+02   1.0491147e+04  -1.5525575e+04
   8.2500000e+02   1.3519723e+04  -3.2330348e+03
   8.2600000e+02   1.7733779e+04   2.8842320e+02
   8.2700000e+02   1.6843095e+04  -8.9320124e+03
   8.2800000e+02   1.5838663e+04  -1.7615472e+04
   8.2900000e+02   8.9869662e+03  -7.6060983e+03
   8.3000000e+02  -7.7107529e+03   7.8620526e+03
   8.3100000e+02  -1.3904209e+04   1.1824436e+04
   8.3200000e+02   2.7435946e+03   6.7137615e+03
   8.3300000e+02   1.1341202e+04  -4.1272552e+03
   8.3400000e+02  -8.9397166e+03  -8.7714695e+03
   8.3500000e+02  -2.6377576e+04   2.9638952e+03
   8.3600000e+02  -1.5634711e+04   1.4871012e+04
   8.3700000e+02   1.0704735e+04   6.5878525e+03
   8.3800000e+02   2.3855891e+04  -9.9188874e+03
   8.3900000e+02   6.6651275e+03  -8.6477233e+03
   8.4000000e+02  -1.4346963e+04   3.1458137e+03
   8.4100000e+02  -9.3200537e+03   6.1330968e+03
   8.4200000e+02   8.6974658e+03   9.2051380e+03
   8.4300000e+02   1.7145778e+04   1.4777891e+04
   8.4400000e+02   9.2973889e+03   5.1287252e+03
   8.4500000e+02  -3.6029068e+03  -6.5911067e+03
   8.4600000e+02  -5.0099353e+03   2.4327348e+03
   8.4700000e+02   1.2425873e+03   8.0285479e+03
   8.4800000e+02  -5.0619132e+02  -5.9405052e+03
   8.4900000e+02  -1.3134988e+04  -7.3627883e+03
   8.5000000e+02  -2.0696732e+04   1.1520437e+04
   8.5100000e+02  -1.3683574e+04   1.8459140e+04
   8.5200000e+02  -5.1987087e+03   4.4963041e+03
   8.5300000e+02  -5.9913508e+03  -8.7529899e+03
   8.5400000e+02  -9.6728059e+03  -3.7320093e+03
   8.5500000e+02   8.7537990e+02   1.4379639e+04
   8.5600000e+02   2.1059339e+04   1.8819885e+04
   8.5700000e+02   1.3069482e+04   4.0197196e+03
   8.5800000e+02  -2.2581790e+04   3.8002203e+03
   8.5900000e+02  -3.3702814e+04   2.2142286e+04
   8.6000000e+02  -2.5248311e+03   2.2045884e+04
   8.6100000e+02   3.1241125e+04   1.8465769e+03
   8.6200000e+02   2.6999167e+04  -5.4927795e+03
   8.6300000e+02  -7.6795615e+03   8.0024105e+03
   8.6400000e+02  -3.0631842e+04   1.7198216e+04
   8.6500000e+02  -2.4214714e+04   8.1182568e+03
   8.6600000e+02  -9.5501043e+03  -1.5950848e+03
   8.6700000e+02  -6.9363707e+03  -5.6968647e+02
   8.6800000e+02  -1.3778804e+04  -6.5269448e+02
   8.6900000e+02  -1.9287973e+04  -6.1199059e+03
   8.7000000e+02  -1.6511371e+04  -3.6716205e+02
   8.7100000e+02  -3.5894109e+03   1.4571312e+04
   8.7200000e+02   4.4286378e+03   8.1805271e+03
   8.7300000e+02  -6.5327028e+03  -1.0471003e+04
   8.7400000e+02  -1.2100922e+04  -6.3226532e+03
   8.7500000e+02   7.1246092e+03   1.0867502e+04
   8.7600000e+02   1.6336773e+04   1.9879458e+04
   8.7700000e+02  -2.9947675e+03   1.7954786e+04
   8.7800000e+02  -1.3170898e+04   4.9554395e+03
   8.7900000e+02   6.7611117e+02  -7.7560303e+03
   8.8000000e+02   9.8337983e+03  -5.0305532e+03
   8.8100000e+02   1.5532254e+03   9.4693698e+03
   8.8200000e+02  -8.6941477e+03   1.2040993e+04
   8.8300000e+02  -6.9227792e+03  -6.8486234e+03
   8.8400000e+02   1.3991608e+03  -2.1654294e+04
   8.8500000e+02   1.7888509e+03  -1.2987818e+04
   8.8600000e+02  -4.4935132e+03   5.8175160e+03
   8.8700000e+02  -1.8528858e+03   8.7526024e+03
   8.8800000e+02   9.2449492e+03  -1.3820464e+04
   8.8900000e+02   1.0660471e+04  -3.3082572e+04
   8.9000000e+02   3.8664396e+03  -1.2228697e+04
   8.9100000e+02   2.9500098e+03   2.5734118e+04
   8.9200000e+02   2.9844165e+03   1.8496876e+04
   8.9300000e+02   4.6987511e+03  -2.5999315e+04
   8.9400000e+02   1.9061488e+04  -3.6316274e+04
   8.9500000e+02   2.8119051e+04  -3.5350342e+03
   8.9600000e+02   9.7947763e+03   1.5710919e+04
   8.9700000e+02  -1.4221751e+04   4.6040345e+02
   8.9800000e+02  -1.2074064e+04  -2.0216407e+04
   8.9900000e+02   4.4487324e+03  -2.2722353e+04
   9.0000000e+02   5.6604739e+03  -1.3559202e+04
   9.0100000e+02  -1.4707621e+03  -9.2571653e+03
   9.0200000e+02   4.4003885e+03  -8.7068894e+03
   9.0300000e+02   1.3773125e+04  -4.1174986e+03
   9.0400000e+02   1.4782054e+04  -5.4732477e+03
   9.0500000e+02   1.1466881e+04  -1.5151775e+04
   9.0600000e+02  -2.0375430e+02  -1.5389130e+04
   9.0700000e+02  -8.3581867e+03  -4.6627188e+03
   9.0800000e+02   9.8510248e+03   9.3793242e+02
   9.0900000e+02   3.2134935e+04  -5.1495468e+03
   9.1000000e+02   2.2575716e+04  -5.8062060e+03
   9.1100000e+02  -8.2239171e+03   1.0677149e+04
   9.1200000e+02  -2.4292778e+04   1.3793456e+04
   9.1300000e+02  -1.2242445e+04  -6.4568788e+03
   9.1400000e+02   1.0064685e+04  -1.2874053e+04
   9.1500000e+02   2.0630716e+04  -3.5472314e+03
   9.1600000e+02   9.3554306e+03  -1.0211037e+03
   9.1700000e+02  -1.2233830e+04   1.4625926e+03
   9.1800000e+02  -1.3503314e+04   4.2458411e+03
   9.1900000e+02   9.5363834e+03  -8.2144748e+03
   9.2000000e+02   2.3944584e+04  -2.0646172e+04
   9.2100000e+02   1.0056188e+04  -7.2297832e+03
   9.2200000e+02  -1.1070334e+04   1.0451681e+04
   9.2300000e+02  -8.0623491e+03   6.9022434e+03
   9.2400000e+02   1.1010088e+04   4.3313982e+03
   9.2500000e+02   1.1709388e+04   1.2139805e+04
   9.2600000e+02  -8.2245783e+03   6.1493464e+03
   9.2700000e+02  -1.5783137e+04  -8.4728340e+03
   9.2800000e+02  -2.3429101e+02  -5.5226350e+03
   9.2900000e+02   6.7985968e+03   8.4764726e+03
   9.3000000e+02  -4.5587129e+03   1.6761029e+04
   9.3100000e+02  -7.4384470e+03   2.0865295e+04
   9.3200000e+02  -2.8909912e+03   1.7847030e+04
   9.3300000e+02  -4.4714496e+03   8.3782970e+03
   9.3400000e+02   4.9013234e+02   2.7706376e+02
   9.3500000e+02   9.0901830e+03  -6.3554951e+03
   9.3600000e+02   1.6081348e+03  -8.4837571e+02
   9.3700000e+02  -1.2755439e+04   1.6502152e+04
   9.3800000e+02  -1.7924077e+04   2.4343521e+04
   9.3900000e+02  -1.7596475e+04   2.3415935e+04
   9.4000000e+02  -7.5158215e+03   1.7065659e+04
   9.4100000e+02   9.6012857e+03  -7.4913090e+02
   9.4200000e+02  -3.3538368e+01  -1.1117227e+04
   9.4300000e+02  -3.3776771e+04  -2.7759311e+02
   9.4400000e+02  -3.3590218e+04   1.1340069e+04
   9.4500000e+02   6.5718527e+03   7.1325912e+03
   9.4600000e+02   2.4031730e+04  -2.5563018e+03
   9.4700000e+02   6.1767365e+02   7.2027561e+02
   9.4800000e+02  -2.3394952e+04   1.4261089e+04
   9.4900000e+02  -2.4264365e+04   1.0741033e+04
   9.5000000e+02  -6.7803507e+03  -1.2887204e+04
   9.5100000e+02   1.0072697e+04  -1.7665390e+04
   9.5200000e+02   9.9686107e+03   1.1745194e+04
   9.5300000e+02  -1.6043576e+03   3.9003157e+04
   9.5400000e+02  -1.1684217e+04   2.9500971e+04
   9.5500000e+02  -1.2536914e+04  -3.3281606e+03
   9.5600000e+02  -8.0349947e+03  -1.5740441e+04
   9.5700000e+02  -5.6630265e+03   1.4417851e+03
   9.5800000e+02  -2.0167710e+03   1.4606481e+04
   9.5900000e+02  -3.9748276e+03   7.6694346e+03
   9.6000000e+02  -1.5733446e+04  -1.8584281e+03
   9.6100000e+02  -1.4414420e+04   1.7943911e+02
   9.6200000e+02   8.0060593e+03   2.1748092e+03
   9.6300000e+02   2.2257945e+04  -7.9900972e+03
   9.6400000e+02   4.3360148e+03  -1.3138054e+04
   9.6500000e+02  -2.0695381e+04  -3.5918100e+03
   9.6600000e+02  -1.2477517e+04  -5.3009712e+03
   9.6700000e+02   1.8161384e+04  -2.1741636e+04
   9.6800000e+02   3.2065238e+04  -1.9036019e+04
   9.6900000e+02   1.3137639e+04   1.9947505e+03
   9.7000000e+02  -1.8744552e+04   4.1000076e+03
   9.7100000e+02  -1.8303020e+04  -1.8392049e+04
   9.7200000e+02   1.8615273e+04  -2.9420252e+04
   9.7300000e+02   2.9430181e+04  -8.9725167e+03
   9.7400000e+02  -7.1216183e+03   7.1209447e+03
   9.7500000e+02  -2.1976113e+04  -8.2284083e+03
   9.7600000e+02   1.3696233e+04  -2.0557567e+04
   9.7700000e+02   3.5880912e+04  -6.6486157e+03
   9.7800000e+02   1.4826131e+04   1.3080851e+04
   9.7900000e+02  -9.7423003e+03   1.5964495e+04
   9.8000000e+02  -1.1656071e+04  -7.2598684e+03
   9.8100000e+02   9.3674149e+02  -3.1567615e+04
   9.8200000e+02   1.1656397e+04  -2.0835172e+04
   9.8300000e+02   1.6742606e+04   8.8168766e+03
   9.8400000e+02   1.9805510e+04   1.4874469e+04
   9.8500000e+02   1.6552786e+04  -4.6381173e+03
   9.8600000e+02   8.6668239e+03  -2.1947442e+04
   9.8700000e+02   1.0797131e+03  -2.2662789e+04
   9.8800000e+02  -5.2397945e+03  -7.3260734e+03
   9.8900000e+02   3.2825094e+02   7.4428524e+03
   9.9000000e+02   1.7048873e+04  -1.6153207e+03
   9.9100000e+02   2.3899067e+04  -1.8799176e+04
   9.9200000e+02   1.4613327e+04  -1.3668266e+04
   9.9300000e+02  -3.2121497e+03   1.3776661e+03
   9.9400000e+02  -1.9656697e+04   5.0322958e+03
   9.9500000e+02  -1.6926578e+04   4.9825696e+02
   9.9600000e+02   2.9649514e+03  -8.6425325e+03
   9.9700000e+02   1.4317956e+04  -1.2643607e+04
   9.9800000e+02   7.1615923e+03   4.4065182e+03
   9.9900000e+02  -5.0651285e+03   2.2756074e+04
   1.0000000e+03  -5.9265283e+03   1.3589634e+04
   1.0010000e+03   1.0792031e+03  -6.0983065e+03
   1.0020000e+03   4.3989038e+03  -1.0467346e+04
   1.0030000e+03   1.0740428e+04  -1.7639771e+03
   1.0040000e+03   1.7674926e+04   5.2998742e+03
   1.0050000e+03   9.1374177e+03  -1.0080593e+02
   1.0060000e+03  -7.3130405e+03  -7.1876043e+03
   1.0070000e+03  -1.0383254e+04   1.8179581e+02
   1.0080000e+03   1.7424029e+03   1.3954716e+04
   1.0090000e+03   7.8047195e+03   1.5386505e+04
   1.0100000e+03  -5.9122810e+03  -7.5761969e+02
   1.0110000e+03  -2.3442410e+04  -1.3126910e+04
   1.0120000e+03  -1.8297747e+04   1.1014046e+03
   1.0130000e+03   3.5244077e+03   2.4889800e+04
   1.0140000e+03  -3.1051358e+02   2.8012855e+04
   1.0150000e+03  -2.3425361e+04   1.2679941e+04
   1.0160000e+03  -1.1549066e+04   1.8774881e+03
   1.0170000e+03   1.4882525e+04   6.1446165e+03
   1.0180000e+03   7.6092013e+02   1.3731268e+04
   1.0190000e+03  -2.6522008e+04   1.6225715e+04
   1.0200000e+03  -2.1377792e+04   2.1544031e+04
   1.0210000e+03  -3.8598794e+03   2.4780511e+04
   1.0220000e+03   1.0890127e+01   1.4496352e+04
   1.0230000e+03   3.3444068e+03   1.3809721e+03
   1.0240000e+03   3.0380348e+03  -4.6312346e+03
   1.0250000e+03  -1.2795866e+04  -6.3613856e+03
   1.0260000e+03  -2.0907198e+04  -4.6699047e+03
   1.0270000e+03  -1.4674668e+04   1.9456078e+02
   1.0280000e+03  -1.0258509e+04   1.0083574e+04
   1.0290000e+03  -2.5605690e+03   1.3806897e+04
   1.0300000e+03   8.8417966e+03  -6.9097886e+03
   1.0310000e+03   1.2787149e+04  -2.7598856e+04
   1.0320000e+03   8.5803265e+03  -9.9394831e+03
   1.0330000e+03   1.5359454e+02   2.6016210e+04
   1.0340000e+03  -1.0409162e+04   3.2909259e+04
   1.0350000e+03  -1.9243444e+04   9.9778894e+03
   1.0360000e+03  -1.8050271e+04  -5.2899367e+03
   1.0370000e+03  -6.7786542e+03   1.6129044e+03
   1.0380000e+03   5.5810730e+03   1.0915092e+04
   1.0390000e+03   8.1292527e+03   8.1107585e+03
   1.0400000e+03  -9.7228411e+03  -1.5616183e+03
   1.0410000e+03  -2.7927408e+04  -7.3462209e+03
   1.0420000e+03  -1.3575324e+04  -3.2817645e+03
   1.0430000e+03   1.6980754e+04  -5.3572009e+02
   1.0440000e+03   2.5516835e+04  -1.3629376e+04
   1.0450000e+03   9.9780262e+03  -2.4708174e+04
   1.0460000e+03  -4.2861044e+03  -1.5246358e+04
   1.0470000e+03   2.1306542e+03  -5.8319246e+03
   1.0480000e+03   2.0575105e+04  -6.8363546e+03
   1.0490000e+03   2.3379859e+04  -2.0442306e+03
   1.0500000e+03   4.2367938e+03   8.2922200e+02
   1.0510000e+03  -1.2098224e+04  -1.2144287e+04
   1.0520000e+03  -9.7910573e+03  -1.7605009e+04
   1.0530000e+03   2.4768308e+03  -2.3424962e+02
   1.0540000e+03   1.1487077e+04   1.2465462e+04
   1.0550000e+03   3.7301170e+03   7.4526620e+03
   1.0560000e+03  -1.8048821e+04   7.3761533e+02
   1.0570000e+03  -2.3293584e+04  -4.4210324e+03
   1.0580000e+03  -1.6348154e+03  -1.1630898e+04
   1.0590000e+03   1.8394072e+04  -1.7467388e+04
   1.0600000e+03   1.7971353e+04  -1.5973460e+04
   1.0610000e+03   7.0228150e+03  -1.0524285e+04
   1.0620000e+03   3.1672398e+03  -1.4047044e+04
   1.0630000e+03   1.2272774e+04  -1.8308472e+04
   1.0640000e+03   2.1396956e+04  -9.4597779e+03
   1.0650000e+03   1.8994802e+04  -3.0438898e+03
   1.0660000e+03   1.1481611e+04  -1.2872247e+04
   1.0670000e+03   6.4292841e+03  -1.5324578e+04
   1.0680000e+03   6.3857799e+03   1.1083139e+04
   1.0690000e+03   1.4067417e+04   2.6786820e+04
   1.0700000e+03   1.3033416e+04  -2.3187455e+03
   1.0710000e+03  -1.1040673e+04  -2.7828453e+04
   1.0720000e+03  -2.0119772e+04  -8.4623312e+03
   1.0730000e+03   1.2626812e+04   2.3002694e+04
   1.0740000e+03   3.0888524e+04   1.9201936e+04
   1.0750000e+03  -3.3892025e+03  -1.9779800e+04
   1.0760000e+03  -2.9599758e+04  -4.1091181e+04
   1.0770000e+03  -9.8531372e+02  -1.2878593e+04
   1.0780000e+03   2.9943411e+04   2.2105722e+04
   1.0790000e+03   1.2367006e+04   1.2545398e+04
   1.0800000e+03  -1.5043527e+04  -2.2286951e+04
   1.0810000e+03  -4.8611006e+03  -2.7209859e+04
   1.0820000e+03   1.8541547e+04   2.9076594e+03
   1.0830000e+03   1.1959950e+04   2.6223143e+04
   1.0840000e+03  -1.5720205e+04   1.7843226e+04
   1.0850000e+03  -2.3252086e+04  -1.4154674e+03
   1.0860000e+03   9.2560766e+02   3.7579312e+03
   1.0870000e+03   2.6031274e+04   2.7525729e+04
   1.0880000e+03   1.5331669e+04   2.9625564e+04
   1.0890000e+03  -2.3673707e+04  -2.5316541e+03
   1.0900000e+03  -3.5115846e+04  -2.5534495e+04
   1.0910000e+03  -4.1063412e+03  -4.9171729e+03
   1.0920000e+03   1.5130134e+04   2.0464569e+04
   1.0930000e+03  -1.9058467e+02   1.5083801e+04
   1.0940000e+03  -1.1546735e+04   3.2245128e+03
   1.0950000e+03   2.0399719e+03   1.5235654e+03
   1.0960000e+03   1.1379874e+04  -8.1172437e+02
   1.0970000e+03  -3.9421638e+03  -5.5368395e+03
   1.0980000e+03  -2.0189076e+04  -5.0055952e+02
   1.0990000e+03  -1.7139614e+04   1.2300424e+04
   1.1000000e+03  -2.1162751e+03   1.6701601e+04
   1.1010000e+03   8.1340715e+03   1.7989850e+04
   1.1020000e+03  -1.3660263e+03   1.9977295e+04
   1.1030000e+03  -1.9907902e+04   1.1137135e+04
   1.1040000e+03  -1.8628276e+04   1.4965399e+03
   1.1050000e+03   2.6035919e+02   4.1846880e+03
   1.1060000e+03   4.5801489e+03   1.2018390e+04
   1.1070000e+03  -1.3031909e+04   1.3144482e+04
   1.1080000e+03  -2.4969746e+04   6.7052918e+03
   1.1090000e+03  -1.2131518e+04   8.1846564e+03
   1.1100000e+03   1.1145303e+04   1.7423193e+04
   1.1110000e+03   1.0743827e+04   8.8302106e+03
   1.1120000e+03  -1.2776635e+04  -1.6097029e+04
   1.1130000e+03  -1.7056260e+04  -2.0877014e+04
   1.1140000e+03   3.2411970e+03   5.6075606e+03
   1.1150000e+03   1.7450391e+04   2.7608742e+04
   1.1160000e+03   1.3250234e+04   1.2286029e+04
   1.1170000e+03  -8.7861375e+03  -1.8448638e+04
   1.1180000e+03  -3.1482080e+04  -1.3682628e+04
   1.1190000e+03  -2.8541152e+04   1.9946438e+04
   1.1200000e+03  -9.1023573e+02   2.2391949e+04
   1.1210000e+03   1.9707844e+04  -1.5532266e+04
   1.1220000e+03   5.5156688e+03  -3.3816714e+04
   1.1230000e+03  -2.4245118e+04  -2.4951583e+03
   1.1240000e+03  -2.6617763e+04   2.2570455e+04
   1.1250000e+03   6.3856770e+02  -5.8093997e+03
   1.1260000e+03   2.0949991e+04  -3.7312717e+04
   1.1270000e+03   1.7141271e+04  -1.9157715e+04
   1.1280000e+03   7.7546445e+03   1.1559754e+04
   1.1290000e+03   9.7243546e+02   7.1166165e+03
   1.1300000e+03  -2.3763446e+03  -1.0987682e+04
   1.1310000e+03   1.0744147e+04  -7.2266753e+03
   1.1320000e+03   2.0666631e+04   4.7300342e+03
   1.1330000e+03  -3.5553708e+03   7.3748339e+03
   1.1340000e+03  -3.2173695e+04   7.0887128e+03
   1.1350000e+03  -1.4097189e+04  -1.8460549e+03
   1.1360000e+03   2.9154570e+04  -1.9879542e+04
   1.1370000e+03   2.9767584e+04  -2.4537206e+04
   1.1380000e+03  -8.2526929e+03  -1.0510649e+04
   1.1390000e+03  -2.1694691e+04  -2.4299994e+02
   1.1400000e+03   1.1445456e+03  -4.4953420e+03
   1.1410000e+03   2.3789435e+04  -1.2666167e+04
   1.1420000e+03   2.8910313e+04  -1.8895434e+04
   1.1430000e+03   2.3165582e+04  -1.6970238e+04
   1.1440000e+03   1.2325022e+04  -6.3050307e+03
   1.1450000e+03   5.8778849e+03  -5.0437596e+03
   1.1460000e+03   1.1200172e+04  -1.1007728e+04
   1.1470000e+03   1.3686231e+04  -5.9786156e+03
   1.1480000e+03   4.6567056e+03   3.3340312e+03
   1.1490000e+03  -5.3581647e+03   3.4719981e+03
   1.1500000e+03  -6.8899188e+03  -1.7937222e+03
   1.1510000e+03   4.5567455e+03  -5.0099017e+03
   1.1520000e+03   1.6114726e+04  -8.3482751e+03
   1.1530000e+03   9.3393943e+03  -8.6145422e+03
   1.1540000e+03  -9.6411183e+03   2.1176846e+03
   1.1550000e+03  -1.4697566e+04   1.0333411e+04
   1.1560000e+03   7.5610840e+03   3.0383130e+02
   1.1570000e+03   2.5938026e+04  -1.5014812e+04
   1.1580000e+03   9.7425831e+03  -1.4892962e+04
   1.1590000e+03  -1.1186243e+04  -4.8204322e+03
   1.1600000e+03   2.8422687e+03  -3.6129143e+03
   1.1610000e+03   2.8962088e+04  -8.0376187e+03
   1.1620000e+03   1.5443540e+04  -6.6751666e+03
   1.1630000e+03  -2.1102872e+04  -9.6088570e+02
   1.1640000e+03  -1.7046756e+04   3.7431239e+03
   1.1650000e+03   1.9006178e+04   5.1376623e+03
   1.1660000e+03   2.6478020e+04   9.8665491e+03
   1.1670000e+03  -1.0447487e+03   1.4164232e+04
   1.1680000e+03  -1.5977558e+04   4.0467659e+03
   1.1690000e+03   1.9016583e+03  -2.1683029e+03
   1.1700000e+03   1.0200988e+04   1.7740417e+04
   1.1710000e+03  -1.5291662e+04   3.7202103e+04
   1.1720000e+03  -3.0702622e+04   2.4126320e+04
   1.1730000e+03  -1.3280171e+04  -3.3165495e+03
   1.1740000e+03   2.2289851e+02  -1.1755173e+04
   1.1750000e+03  -7.6282209e+03  -5.4611237e+02
   1.1760000e+03  -1.4261086e+04   1.7686110e+04
   1.1770000e+03  -9.7881156e+03   2.7989954e+04
   1.1780000e+03  -4.1616945e+03   1.2341502e+04
   1.1790000e+03  -2.6028749e+03  -1.2677405e+04
   1.1800000e+03  -2.9424562e+03  -1.1709114e+04
   1.1810000e+03  -1.6316347e+03   8.9049163e+03
   1.1820000e+03  -2.9774601e+03   1.8094436e+04
   1.1830000e+03  -1.1152232e+04   1.2196468e+04
   1.1840000e+03  -1.5096903e+04   5.5068038e+03
   1.1850000e+03  -1.3078253e+04   2.4981840e+03
   1.1860000e+03  -2.0364860e+04   8.0883128e+03
   1.1870000e+03  -3.0951732e+04   2.2205620e+04
   1.1880000e+03  -2.1859154e+04   2.3222440e+04
   1.1890000e+03   2.5654503e+03   2.8436972e+03
   1.1900000e+03   1.2376992e+04  -1.0327081e+04
   1.1910000e+03  -2.5892832e+03   4.9014533e+03
   1.1920000e+03  -1.7328147e+04   1.8184131e+04
   1.1930000e+03  -1.1461401e+04  -6.3507359e+03
   1.1940000e+03   2.2899061e+03  -3.0835718e+04
   1.1950000e+03   4.8736561e+03  -6.7818577e+03
   1.1960000e+03  -2.6654774e+02   2.8208153e+04
   1.1970000e+03   1.9937430e+02   2.6381753e+04
   1.1980000e+03   1.9674039e+03   1.9330414e+03
   1.1990000e+03  -6.3788178e+03  -1.4419336e+04
   1.2000000e+03  -1.0811961e+04  -1.0540411e+04
   1.2010000e+03   2.6083511e+03   4.6350100e+02
   1.2020000e+03   1.2387649e+04   7.0333995e+03
   1.2030000e+03   2.5337501e+03   1.1068086e+04
   1.2040000e+03  -3.9337122e+03   1.1440197e+03
   1.2050000e+03   1.0491961e+04  -1.4259982e+04
   1.2060000e+03   1.6868027e+04  -1.1421667e+04
   1.2070000e+03  -6.4522347e+03  -5.3688495e+03
   1.2080000e+03  -1.5917145e+04  -1.0239972e+04
   1.2090000e+03   1.5844267e+04  -1.3174517e+04
   1.2100000e+03   3.2606028e+04  -6.4626042e+03
   1.2110000e+03  -4.5970218e+02  -1.6049333e+02
   1.2120000e+03  -2.8830636e+04  -9.7408384e+03
   1.2130000e+03  -9.8975469e+03  -1.7876202e+04
   1.2140000e+03   2.0800511e+04  -3.3943853e+03
   1.2150000e+03   2.3400736e+04   5.9430253e+03
   1.2160000e+03   6.8448736e+03  -9.8883655e+03
   1.2170000e+03  -4.5902332e+03  -2.2522983e+04
   1.2180000e+03   1.2504230e+03  -9.0374793e+03
   1.2190000e+03   1.6652601e+04   1.0384661e+04
   1.2200000e+03   2.1367068e+04   6.7196368e+03
   1.2210000e+03   1.2920308e+04  -1.1605852e+04
   1.2220000e+03   8.6573871e+03  -1.5821155e+04
   1.2230000e+03   1.1204458e+04  -3.7044035e+03
   1.2240000e+03   2.9047487e+03  -6.3382570e+03
   1.2250000e+03  -9.4735486e+03  -3.3134615e+04
   1.2260000e+03   1.4936803e+03  -3.8411023e+04
   1.2270000e+03   2.1051167e+04  -2.6321656e+03
   1.2280000e+03   1.1615580e+04   2.1997935e+04
   1.2290000e+03  -1.6604041e+04   5.2274343e+03
   1.2300000e+03  -1.7341805e+04  -2.0759503e+04
   1.2310000e+03   1.7893205e+04  -2.5975015e+04
   1.2320000e+03   3.8227012e+04  -4.6766931e+03
   1.2330000e+03   1.5198291e+04   2.3440008e+04
   1.2340000e+03  -1.1305196e+04   1.7310662e+04
   1.2350000e+03  -7.8769961e+03  -1.1229314e+04
   1.2360000e+03   8.5369908e+03  -1.0365685e+04
   1.2370000e+03   1.4145028e+04   8.1301442e+03
   1.2380000e+03   7.0350904e+03   8.4908448e+03
   1.2390000e+03  -3.5412254e+03  -2.2903952e+03
   1.2400000e+03  -7.8510420e+03  -1.4065380e+04
   1.2410000e+03  -3.0639395e+03  -2.3695738e+04
   1.2420000e+03   1.6580278e+03  -1.7646918e+04
   1.2430000e+03  -1.7834132e+03   6.9566440e+03
   1.2440000e+03  -9.9744211e+03   2.2247782e+04
   1.2450000e+03  -1.4675777e+04   6.5380225e+03
   1.2460000e+03  -1.0624949e+04  -1.3246568e+04
   1.2470000e+03  -1.2918430e+02  -4.0007686e+03
   1.2480000e+03   9.3093747e+03   2.3187077e+04
   1.2490000e+03   7.6818374e+03   2.9398705e+04
   1.2500000e+03  -9.1928495e+03   5.6588357e+03
   1.2510000e+03  -2.5457985e+04  -5.4453756e+03
   1.2520000e+03  -1.8589200e+04   1.1645755e+04
   1.2530000e+03   9.2440415e+03   2.1004711e+04
   1.2540000e+03   2.4455217e+04   1.5849693e+04
   1.2550000e+03   4.9727878e+03   1.6010766e+04
   1.2560000e+03  -1.9744126e+04   1.4748865e+04
   1.2570000e+03  -1.7785879e+04   2.2268013e+03
   1.2580000e+03  -5.3798387e+03  -4.4911286e+03
   1.2590000e+03  -6.7517732e+02   5.3358992e+03
   1.2600000e+03   1.9366105e+03   1.4206313e+04
   1.2610000e+03  -3.0357093e+03   1.1315562e+04
   1.2620000e+03  -1.6536701e+04   3.3704415e+03
   1.2630000e+03  -1.5649013e+04  -2.8591039e+03
   1.2640000e+03   1.2511230e+03   1.7140304e+03
   1.2650000e+03   8.5180469e+03   1.6784560e+04
   1.2660000e+03  -2.2372803e+03   2.5826675e+04
   1.2670000e+03  -1.5778983e+04   1.8091126e+04
   1.2680000e+03  -1.5690083e+04  -1.8524201e+03
   1.2690000e+03  -2.5292836e+03  -1.2385693e+04
   1.2700000e+03   9.3868214e+03   6.5384446e+03
   1.2710000e+03   8.2211268e+03   3.2905820e+04
   1.2720000e+03  -8.8234276e+03   2.9221727e+04
   1.2730000e+03  -2.7818946e+04  -2.7897860e+02
   1.2740000e+03  -2.7887304e+04  -2.3795940e+04
   1.2750000e+03  -8.6650571e+03  -1.8154167e+04
   1.2760000e+03   8.3964661e+03   6.7237996e+03
   1.2770000e+03   6.3390607e+03   1.4057540e+04
   1.2780000e+03  -7.5421278e+03  -2.6985129e+03
   1.2790000e+03  -1.3146106e+04  -1.5366914e+04
   1.2800000e+03   1.4157368e+03  -8.3345830e+03
   1.2810000e+03   2.4378718e+04   1.0101978e+04
   1.2820000e+03   2.4502858e+04   1.4802338e+04
   1.2830000e+03  -3.3812459e+03  -7.3952868e+03
   1.2840000e+03  -2.0871401e+04  -2.7236801e+04
   1.2850000e+03   2.4349566e+03  -1.2262039e+04
   1.2860000e+03   3.3133501e+04   1.4627204e+04
   1.2870000e+03   1.0320484e+04   1.1443968e+04
   1.2880000e+03  -4.1310041e+04  -1.1731963e+04
   1.2890000e+03  -4.0274000e+04  -2.1597507e+04
   1.2900000e+03   7.9622722e+03  -1.2401765e+04
   1.2910000e+03   2.9805224e+04   2.2585600e+01
   1.2920000e+03   4.5658068e+03  -7.1764103e+03
   1.2930000e+03  -1.6758149e+04  -2.9985887e+04
   1.2940000e+03   4.9858950e+01  -3.1367500e+04
   1.2950000e+03   1.8951407e+04  -2.5326181e+03
   1.2960000e+03   1.3289870e+04   1.5889088e+04
   1.2970000e+03   6.9980194e+03  -1.5382460e+02
   1.2980000e+03   1.0691855e+04  -1.9992215e+04
   1.2990000e+03   1.6104240e+04  -2.0450675e+04
   1.3000000e+03   1.6889015e+04  -1.4749487e+04
   1.3010000e+03   8.3383317e+03  -8.6718899e+03
   1.3020000e+03   1.4492817e+03  -1.1186251e+03
   1.3030000e+03   3.6279149e+03   1.8336180e+03
   1.3040000e+03   7.5916858e+03  -6.7386666e+03
   1.3050000e+03   9.3879493e+03  -2.0566944e+04
   1.3060000e+03   3.0807322e+03  -1.5265704e+04
   1.3070000e+03  -4.0759103e+03   3.7275890e+03
   1.3080000e+03   5.7437068e+03   7.8631654e+03
   1.3090000e+03   1.6201024e+04   3.6117259e+03
   1.3100000e+03   3.7387228e+03   1.0945409e+03
   1.3110000e+03  -1.5320700e+04  -8.3062721e+03
   1.3120000e+03  -1.1070757e+04  -1.2453058e+04
   1.3130000e+03   1.6110512e+04   4.7854137e+03
   1.3140000e+03   2.8640835e+04   2.3104824e+04
   1.3150000e+03   8.1334883e+03   1.5400914e+04
   1.3160000e+03  -1.0235512e+04  -6.3708076e+03
   1.3170000e+03   2.5333318e+03  -1.4466301e+04
   1.3180000e+03   2.7610221e+04  -5.6631676e+03
   1.3190000e+03   2.4513193e+04   6.3384957e+03
   1.3200000e+03  -8.6439672e+03   8.1855501e+03
   1.3210000e+03  -1.7762848e+04  -4.7459438e+03
   1.3220000e+03   1.0912801e+04  -1.9555449e+04
   1.3230000e+03   2.1573695e+04  -1.9409178e+04
   1.3240000e+03  -8.1133768e+02  -5.4412396e+03
   1.3250000e+03  -1.6093379e+04   9.4125745e+03
   1.3260000e+03  -1.3151151e+04   1.2701370e+04
   1.3270000e+03  -7.9740554e+03   1.6170192e+03
   1.3280000e+03  -3.3609120e+03  -4.0518558e+03
   1.3290000e+03  -5.1292326e+03   1.3078808e+04
   1.3300000e+03  -1.8770845e+04   3.2204504e+04
   1.3310000e+03  -2.2702436e+04   2.2109324e+04
   1.3320000e+03  -6.9249323e+03  -5.4666360e+03
   1.3330000e+03   4.6827749e+03  -5.4378094e+03
   1.3340000e+03   3.4227413e+03   2.9794114e+04
   1.3350000e+03  -1.6273918e+03   4.5428385e+04
   1.3360000e+03  -1.2333734e+04   8.1767172e+03
   1.3370000e+03  -1.5922706e+04  -2.8115749e+04
   1.3380000e+03   7.3707185e+03  -1.2214760e+04
   1.3390000e+03   2.7000397e+04   1.6906734e+04
   1.3400000e+03   6.6053684e+03   1.4807943e+04
   1.3410000e+03  -2.0100250e+04   1.7137542e+03
   1.3420000e+03  -1.3089553e+04   2.2175136e+03
   1.3430000e+03   5.9518648e+03   6.3332975e+03
   1.3440000e+03   7.5904652e+02   3.4383708e+03
   1.3450000e+03  -2.5211267e+04   4.6074095e+03
   1.3460000e+03  -3.3935355e+04   6.2119451e+03
   1.3470000e+03  -9.2528175e+03  -6.1086206e+03
   1.3480000e+03   1.0111781e+04  -8.6389334e+03
   1.3490000e+03  -1.1374742e+04   1.5008988e+04
   1.3500000e+03  -4.2064172e+04   3.4230148e+04
   1.3510000e+03  -2.7259042e+04   2.1024649e+04
   1.3520000e+03   1.5036030e+04  -1.0943504e+04
   1.3530000e+03   2.4105640e+04  -1.9794589e+04
   1.3540000e+03   1.6107747e+03   2.4007015e+02
   1.3550000e+03  -9.3773833e+03   1.8023951e+04
   1.3560000e+03   1.8758139e+03   2.2703781e+04
   1.3570000e+03   1.4121759e+04   1.1190924e+04
   1.3580000e+03   7.6512058e+03  -1.2384237e+04
   1.3590000e+03  -1.0030698e+04  -1.9205666e+04
   1.3600000e+03  -1.6206440e+04   3.8555913e+03
   1.3610000e+03  -1.1165234e+03   1.8202208e+04
   1.3620000e+03   2.0619168e+04  -1.3337130e+04
   1.3630000e+03   1.8769829e+04  -4.2174476e+04
   1.3640000e+03  -7.6578326e+03  -1.1009886e+04
   1.3650000e+03  -2.6729920e+04   3.6854267e+04
   1.3660000e+03  -2.0482325e+04   3.5350656e+04
   1.3670000e+03   8.2487259e+03  -1.0698249e+04
   1.3680000e+03   3.2497597e+04  -4.0285335e+04
   1.3690000e+03   1.9260412e+04  -1.9504923e+04
   1.3700000e+03  -1.1704999e+04   1.1185874e+04
   1.3710000e+03  -1.8644420e+04   1.3217830e+04
   1.3720000e+03  -6.8920349e+03  -6.2596790e+02
   1.3730000e+03  -1.2520659e+02  -7.5522353e+03
   1.3740000e+03   2.2819480e+03  -1.0535169e+04
   1.3750000e+03   5.5435176e+03  -2.5252359e+04
   1.3760000e+03   8.1339120e+03  -3.4135937e+04
   1.3770000e+03   1.3914141e+04  -1.3569491e+04
   1.3780000e+03   1.5602272e+04   8.3225547e+03
   1.3790000e+03   2.5722983e+03  -1.1010693e+03
   1.3800000e+03  -1.2698105e+03  -1.9986688e+04
   1.3810000e+03   1.9035765e+04  -1.4368765e+04
   1.3820000e+03   2.9737876e+04   2.9347628e+03
   1.3830000e+03   1.5911599e+04   2.7973013e+03
   1.3840000e+03   3.8939293e+03  -8.0268918e+03
   1.3850000e+03   7.4945194e+02  -1.0108487e+04
   1.3860000e+03  -4.4988410e+03  -4.6162364e+03
   1.3870000e+03  -3.7052326e+03   2.6824978e+03
   1.3880000e+03   4.9697468e+03   3.7061846e+03
   1.3890000e+03   2.1411013e+03  -1.2193040e+04
   1.3900000e+03  -8.0185432e+03  -2.2349458e+04
   1.3910000e+03  -2.4547969e+03  -9.4628635e+03
   1.3920000e+03   1.1774911e+04  -6.6763717e+03
   1.3930000e+03   1.3037968e+04  -1.5229297e+04
   1.3940000e+03   3.1550235e+03  -2.6315434e+03
   1.3950000e+03  -3.4003293e+03   1.2731248e+04
   1.3960000e+03  -3.4620330e+01   7.9248717e+02
   1.3970000e+03   1.1824690e+04  -2.1621880e+04
   1.3980000e+03   1.9522829e+04  -1.6842337e+04
   1.3990000e+03   8.4660898e+03   1.2973709e+04
   1.4000000e+03  -4.8375321e+03   2.0193263e+04
   1.4010000e+03   5.3279100e+03  -4.8014036e+03
   1.4020000e+03   1.8668763e+04  -1.5146362e+04
   1.4030000e+03   3.9031883e+03   9.6296537e+03
   1.4040000e+03  -2.1626683e+04   3.1028081e+04
   1.4050000e+03  -2.2261588e+04   1.6659373e+04
   1.4060000e+03   4.2940215e+03  -8.7388053e+03
   1.4070000e+03   2.4253606e+04  -9.9015431e+03
   1.4080000e+03   8.8573089e+03   8.3992206e+03
   1.4090000e+03  -1.7908108e+04   1.7550362e+04
   1.4100000e+03  -1.8312158e+04   6.5674666e+03
   1.4110000e+03  -7.2747500e+03  -2.2521231e+03
   1.4120000e+03  -1.9882040e+03   6.5103761e+03
   1.4130000e+03   1.0912164e+04   1.2174206e+04
   1.4140000e+03   1.6345303e+04  -5.1692920e+01
   1.4150000e+03  -3.8155512e+03  -3.3246828e+03
   1.4160000e+03  -2.1601548e+04   1.4694759e+04
   1.4170000e+03  -1.5429987e+04   2.0448348e+04
   1.4180000e+03  -3.0147803e+03   1.0763371e+04
   1.4190000e+03  -2.6506069e+03   7.0989420e+03
   1.4200000e+03  -1.0664065e+04   4.2273161e+02
   1.4210000e+03  -1.6978200e+04  -2.3520499e+03
   1.4220000e+03  -1.2867672e+04   1.3790262e+04
   1.4230000e+03  -1.7830545e+03   2.3517412e+04
   1.4240000e+03  -7.9048505e+03   1.0244290e+04
   1.4250000e+03  -2.7329832e+04  -1.5469136e+03
   1.4260000e+03  -2.2383463e+04   5.3718641e+03
   1.4270000e+03   4.5150491e+03   1.6116704e+04
   1.4280000e+03   1.5252562e+04   1.6969405e+04
   1.4290000e+03  -1.6021066e+03   7.5447424e+03
   1.4300000e+03  -1.9749239e+04  -6.5683922e+03
   1.4310000e+03  -1.0047990e+04  -7.4425740e+03
   1.4320000e+03   1.4077512e+04   1.2916590e+04
   1.4330000e+03   1.4457930e+04   3.1173908e+04
   1.4340000e+03  -6.4689133e+03   1.7603280e+04
   1.4350000e+03  -1.5543386e+04  -1.8218789e+04
   1.4360000e+03  -7.4308506e+03  -3.0766918e+04
   1.4370000e+03   1.7335052e+03  -1.5912807e+03
   1.4380000e+03   3.1289714e+03   3.2502079e+04
   1.4390000e+03  -1.0269387e+04   1.8129488e+04
   1.4400000e+03  -2.6674485e+04  -2.9660597e+04
   1.4410000e+03  -1.7666725e+04  -2.9643990e+04
   1.4420000e+03   5.6395311e+03   2.1174738e+04
   1.4430000e+03   1.1265956e+04   3.8375121e+04
   1.4440000e+03   8.3382683e+03  -3.3916141e+03
   1.4450000e+03   1.0663457e+04  -3.9105953e+04
   1.4460000e+03   3.6975875e+03  -1.8132734e+04
   1.4470000e+03  -4.5720425e+03   2.0893281e+04
   1.4480000e+03   7.1662124e+03   2.2663934e+04
   1.4490000e+03   2.0850354e+04  -6.3843145e+03
   1.4500000e+03   1.4407735e+04  -3.4776916e+04
   1.4510000e+03  -3.1153788e+03  -3.6082342e+04
   1.4520000e+03  -1.7361879e+04  -5.8143745e+03
   1.4530000e+03  -1.8869211e+04   1.6829522e+04
   1.4540000e+03  -6.0621421e+02  -6.3767765e+03
   1.4550000e+03   2.6568603e+04  -4.3024317e+04
   1.4560000e+03   2.7671542e+04  -3.3020972e+04
   1.4570000e+03  -4.6819751e+03   3.9270621e+03
   1.4580000e+03  -2.0287262e+04   1.6027689e+04
   1.4590000e+03   3.9138432e+03   3.2963299e+03
   1.4600000e+03   2.5363696e+04  -1.9624299e+04
   1.4610000e+03   1.8564882e+04  -3.2696625e+04
   1.4620000e+03   7.8448082e+03  -1.7535685e+04
   1.4630000e+03   1.1183690e+04   4.5403784e+03
   1.4640000e+03   1.4417047e+04   3.2792978e+03
   1.4650000e+03   1.0402913e+04  -1.4518641e+04
   1.4660000e+03   8.1406633e+03  -2.0719564e+04
   1.4670000e+03   6.1413742e+03  -1.3746770e+04
   1.4680000e+03   1.4442450e+03  -5.7446231e+03
   1.4690000e+03  -1.7589158e+03   3.4515339e+03
   1.4700000e+03  -1.2572582e+03   3.0000829e+03
   1.4710000e+03  -2.8168731e+03  -8.4481335e+03
   1.4720000e+03  -8.6146168e+03  -1.1838996e+04
   1.4730000e+03  -2.4672400e+03  -1.1162187e+03
   1.4740000e+03   1.5762171e+04   1.5018522e+04
   1.4750000e+03   2.2365694e+04   1.6313661e+04
   1.4760000e+03   9.8495055e+03  -2.2924229e+03
   1.4770000e+03  -9.5450608e+03  -1.1578115e+04
   1.4780000e+03  -1.2946645e+04  -6.8453350e+01
   1.4790000e+03   6.6462214e+03   3.5134737e+03
   1.4800000e+03   2.2837621e+04  -1.2029205e+04
   1.4810000e+03   1.1847753e+04  -1.3176851e+04
   1.4820000e+03  -1.8215353e+04   9.2577645e+03
   1.4830000e+03  -2.4682471e+04   1.4590712e+04
   1.4840000e+03   7.9447480e+03  -1.9964767e+03
   1.4850000e+03   2.1966137e+04  -2.1824996e+03
   1.4860000e+03  -9.3929664e+03   1.1225048e+04
   1.4870000e+03  -2.9906193e+04   1.0865155e+04
   1.4880000e+03  -1.0133734e+04   6.2427561e+03
   1.4890000e+03   1.2688506e+04   9.8971472e+03
   1.4900000e+03   1.3968445e+04   1.2394870e+04
   1.4910000e+03   6.8853689e+03   1.4473531e+04
   1.4920000e+03  -2.0938442e+03   1.9874727e+04
   1.4930000e+03  -1.1661299e+04   2.1936665e+04
   1.4940000e+03  -1.0460388e+04   1.4012967e+04
   1.4950000e+03  -3.3023241e+03  -5.8466788e+01
   1.4960000e+03  -3.2925950e+03   5.7703245e+02
   1.4970000e+03  -2.9376417e+03   1.9967963e+04
   1.4980000e+03   5.1535203e+03   2.8260506e+04
   1.4990000e+03   5.7074928e+03   8.6038942e+03
   1.5000000e+03  -9.6955769e+03  -1.5201640e+04
   1.5010000e+03  -1.9331810e+04  -1.3543036e+04
   1.5020000e+03  -1.0047426e+04   4.3280935e+03
   1.5030000e+03  -2.3287954e+03   1.0885558e+04
   1.5040000e+03  -7.7870453e+03   6.7678681e+03
   1.5050000e+03  -8.1456447e+03   7.4929270e+03
   1.5060000e+03   6.2663217e+02   8.7734480e+03
   1.5070000e+03  -2.2810488e+03   2.1475686e+03
   1.5080000e+03  -1.4042104e+04   6.4398540e+02
   1.5090000e+03  -1.5703670e+04   6.0890604e+03
   1.5100000e+03  -1.4966171e+04   7.0065930e+03
   1.5110000e+03  -1.5759448e+04   1.0559495e+04
   1.5120000e+03  -1.6877415e+03   1.0624304e+04
   1.5130000e+03   1.3753729e+04  -2.1082598e+03
   1.5140000e+03   4.5634716e+03  -1.1416930e+04
   1.5150000e+03  -1.4012138e+04  -1.1461925e+04
   1.5160000e+03  -1.9145937e+04  -2.4549235e+03
   1.5170000e+03  -8.9542805e+03   1.0849534e+04
   1.5180000e+03   9.7925614e+03   1.0394522e+04
   1.5190000e+03   1.5261269e+04  -2.9081166e+02
   1.5200000e+03   5.6979832e+03  -4.1441231e+03
   1.5210000e+03   5.5819996e+03   2.1744910e+03
   1.5220000e+03   4.6794108e+03   6.8077324e+03
   1.5230000e+03  -1.1500542e+04  -2.0932334e+02
   1.5240000e+03  -1.8220557e+04  -5.4307762e+03
   1.5250000e+03  -4.0939527e+03  -5.6922242e+01
   1.5260000e+03   9.1237007e+03   3.5613097e+03
   1.5270000e+03   8.1489483e+03  -2.1785397e+03
   1.5280000e+03   2.1985234e+03  -1.6808266e+04
   1.5290000e+03  -4.4593850e+03  -2.9103983e+04
   1.5300000e+03  -1.3226318e+04  -1.9368371e+04
   1.5310000e+03  -1.0075090e+04   3.3790548e+03
   1.5320000e+03   7.1313534e+03   4.8869326e+03
   1.5330000e+03   1.5713443e+04  -1.4130441e+04
   1.5340000e+03   7.7698122e+03  -1.9990582e+04
   1.5350000e+03   9.1689569e+02  -8.0575226e+03
   1.5360000e+03   7.0316240e+03  -5.2647305e+03
   1.5370000e+03   1.3474552e+04  -1.6379238e+04
   1.5380000e+03   6.8817556e+03  -1.2967078e+04
   1.5390000e+03  -4.1231614e+02   6.7261309e+03
   1.5400000e+03   1.0038558e+04   8.2950364e+03
   1.5410000e+03   2.3602599e+04  -1.0458485e+04
   1.5420000e+03   1.2541083e+04  -1.9983105e+04
   1.5430000e+03  -3.3971654e+03  -1.0346636e+04
   1.5440000e+03   4.1588804e+03   1.2626847e+03
   1.5450000e+03   1.0622166e+04  -3.3666203e+03
   1.5460000e+03  -1.6946264e+03  -1.8160635e+04
   1.5470000e+03  -1.2517564e+04  -2.2725745e+04
   1.5480000e+03  -7.6772017e+03  -4.9264259e+03
   1.5490000e+03   1.0624220e+04   1.5369986e+04
   1.5500000e+03   1.8630055e+04   2.0237530e+03
   1.5510000e+03  -1.3838103e+03  -2.4066561e+04
   1.5520000e+03  -1.5115188e+04  -1.6774162e+04
   1.5530000e+03   7.5215488e+03   4.5119941e+03
   1.5540000e+03   3.0749415e+04   3.7724232e+03
   1.5550000e+03   1.5672556e+04  -5.1988367e+03
   1.5560000e+03  -8.9571312e+03  -4.4006557e+03
   1.5570000e+03   7.6092927e+02  -1.5417825e+03
   1.5580000e+03   2.0573218e+04   2.3657652e+03
   1.5590000e+03   1.2390400e+04   8.1593810e+03
   1.5600000e+03   2.7065140e+03   8.0211026e+03
   1.5610000e+03   7.5475032e+03   6.4596821e+03
   1.5620000e+03  -2.1887142e+03   6.4438191e+03
   1.5630000e+03  -1.7715179e+04   6.5334308e+03
   1.5640000e+03  -1.2535967e+04   1.1763981e+04
   1.5650000e+03   4.0131480e+03   1.4214110e+04
   1.5660000e+03   1.3355685e+04   5.2235153e+03
   1.5670000e+03   2.8776360e+03  -5.5285547e+03
   1.5680000e+03  -1.2451668e+04  -3.2751319e+03
   1.5690000e+03  -1.7311221e+03   1.2663894e+04
   1.5700000e+03   1.4081942e+04   2.4148897e+04
   1.5710000e+03   6.1604304e+02   1.8621062e+04
   1.5720000e+03  -1.4203324e+04   2.7084911e+03
   1.5730000e+03  -2.0333385e+03  -7.6343876e+03
   1.5740000e+03   8.4421703e+03  -6.1445635e+03
   1.5750000e+03  -4.2652186e+03  -7.9717930e+01
   1.5760000e+03  -1.9451431e+04   9.1986215e+03
   1.5770000e+03  -1.5421116e+04   1.5703036e+04
   1.5780000e+03   9.5983150e+02   1.1206670e+04
   1.5790000e+03   1.7316147e+03   5.1715376e+03
   1.5800000e+03  -1.2893879e+04   7.4996801e+03
   1.5810000e+03  -1.3356816e+04   1.7248661e+04
   1.5820000e+03  -1.2958897e+03   1.8243841e+04
   1.5830000e+03   4.6580177e+03   5.7642202e+03
   1.5840000e+03   4.0143601e+02   5.0410708e+03
   1.5850000e+03  -1.0963240e+04   1.4263497e+04
   1.5860000e+03  -1.4926847e+04   1.1680647e+04
   1.5870000e+03  -9.7844394e+03   1.7773708e+03
   1.5880000e+03  -9.2292026e+03  -8.0303708e+03
   1.5890000e+03  -1.2360947e+04  -1.1616447e+04
   1.5900000e+03  -1.5333411e+04  -1.0664999e+03
   1.5910000e+03  -1.2606500e+04   1.4757173e+04
   1.5920000e+03   4.7622573e+02   1.7471362e+04
   1.5930000e+03   5.7710384e+03  -2.8759413e+03
   1.5940000e+03  -5.7800249e+03  -2.9395716e+04
   1.5950000e+03  -1.1037030e+04  -2.5716598e+04
   1.5960000e+03  -6.0607816e+02   7.5483294e+03
   1.5970000e+03   5.9008832e+03   2.1669840e+04
   1.5980000e+03  -4.0302991e+02   3.5971745e+03
   1.5990000e+03  -8.1953347e+03  -7.7103026e+03
   1.6000000e+03  -7.0099237e+03  -1.5180305e+03
   1.6010000e+03  -3.1526650e+02   5.6188330e+03
   1.6020000e+03   1.6210584e+03   6.1136840e+03
   1.6030000e+03  -9.5057249e+02  -3.6445751e+03
   1.6040000e+03  -4.9593080e+03  -1.0101248e+04
   1.6050000e+03  -5.0326538e+03   4.5047625e+02
   1.6060000e+03   4.7414805e+03   1.3258168e+04
   1.6070000e+03   8.5066454e+03   1.1243745e+04
   1.6080000e+03  -2.4443228e+02  -4.7512183e+03
   1.6090000e+03  -6.4754276e+03  -2.1505109e+04
   1.6100000e+03  -7.8444806e+03  -2.3751152e+04
   1.6110000e+03  -2.9366081e+02  -9.5069854e+03
   1.6120000e+03   1.2474862e+04   7.4969749e+03
   1.6130000e+03   8.5550865e+03   9.0489453e+03
   1.6140000e+03  -6.0274082e+03  -1.3159296e+04
   1.6150000e+03  -5.5369429e+03  -3.6505724e+04
   1.6160000e+03   1.1275693e+04  -2.3095106e+04
   1.6170000e+03   1.9144222e+04   1.1584189e+04
   1.6180000e+03   6.6214963e+03   1.2121890e+04
   1.6190000e+03   1.1775777e+03  -1.5235456e+04
   1.6200000e+03   1.7502226e+04  -1.8015551e+04
   1.6210000e+03   2.8885314e+04   3.0432977e+03
   1.6220000e+03   1.8310487e+04   8.9670076e+03
   1.6230000e+03   3.8089433e+03  -5.9534145e+03
   1.6240000e+03   8.6538028e+02  -2.1864186e+04
   1.6250000e+03  -6.7117938e+02  -2.4302599e+04
   1.6260000e+03  -4.1353473e+03  -7.4403951e+03
   1.6270000e+03  -1.8178231e+03   1.2261405e+04
   1.6280000e+03   2.1551152e+03   7.0783066e+03
   1.6290000e+03   5.1722040e+03  -1.7298437e+04
   1.6300000e+03   2.3422189e+03  -2.6510347e+04
   1.6310000e+03  -5.4906087e+03  -9.8760100e+03
   1.6320000e+03  -9.8205701e+02   6.4188613e+03
   1.6330000e+03   4.4288197e+03   3.6373351e+03
   1.6340000e+03  -5.0249327e+02  -9.1203615e+03
   1.6350000e+03   1.0859575e+04  -1.7466677e+04
   1.6360000e+03   2.7263022e+04  -7.4506726e+03
   1.6370000e+03   1.5522629e+04   1.9810545e+04
   1.6380000e+03   1.0561175e+03   2.9497828e+04
   1.6390000e+03   9.2863325e+03   4.0333017e+03
   1.6400000e+03   1.5780647e+04  -1.8721518e+04
   1.6410000e+03   7.2202233e+03  -8.9390805e+03
   1.6420000e+03  -1.8001287e+03   1.2461469e+04
   1.6430000e+03  -6.3986812e+03   1.6936665e+04
   1.6440000e+03  -1.6807470e+03   1.6841668e+02
   1.6450000e+03   1.5628856e+04  -1.6023011e+04
   1.6460000e+03   1.4969164e+04  -5.6290328e+03
   1.6470000e+03  -1.7099574e+04   1.6492096e+04
   1.6480000e+03  -3.4217079e+04   1.3735433e+04
   1.6490000e+03  -1.0657254e+04  -8.8548481e+03
   1.6500000e+03   1.4123879e+04  -1.3341369e+04
   1.6510000e+03   5.8939403e+03   7.2174614e+03
   1.6520000e+03  -1.1889587e+04   2.3227736e+04
   1.6530000e+03  -8.9694617e+03   2.4696713e+04
   1.6540000e+03  -2.2875870e+03   2.2731926e+04
   1.6550000e+03  -5.5383458e+03   1.4379972e+04
   1.6560000e+03  -4.9502983e+03  -1.0169444e+03
   1.6570000e+03  -6.7302427e+03  -5.5974895e+03
   1.6580000e+03  -1.6637445e+04   7.1726270e+03
   1.6590000e+03  -1.6312726e+04   1.5269823e+04
   1.6600000e+03  -5.5233341e+03   9.0814722e+03
   1.6610000e+03  -3.5885701e+03   4.2785562e+03
   1.6620000e+03  -7.7288738e+03   2.0851692e+03
   1.6630000e+03  -2.3050972e+03   2.8376800e+03
   1.6640000e+03   5.0057785e+03   1.1413861e+04
   1.6650000e+03   3.6849396e+03   1.3142570e+04
   1.6660000e+03  -2.2778673e+03   5.8284698e+03
   1.6670000e+03  -1.1278740e+04   4.5723088e+03
   1.6680000e+03  -1.0296011e+04   1.2264594e+04
   1.6690000e+03   6.3642762e+03   1.7465829e+04
   1.6700000e+03   1.1545701e+04   8.2430626e+03
   1.6710000e+03  -3.9122242e+03  -3.3072505e+02
   1.6720000e+03  -1.9564078e+04   6.1933577e+03
   1.6730000e+03  -2.4842298e+04   7.1828414e+03
   1.6740000e+03  -2.0594287e+04  -4.4557655e+03
   1.6750000e+03  -1.2983210e+04  -1.0309151e+04
   1.6760000e+03  -7.9546497e+03  -6.1084670e+03
   1.6770000e+03  -1.9024880e+03   1.4288209e+03
   1.6780000e+03   5.8156348e+03   3.7236922e+03
   1.6790000e+03   4.6925040e+03  -5.0379793e+03
   1.6800000e+03  -5.8994629e+03  -1.2360119e+04
   1.6810000e+03  -8.1452407e+03  -6.1851766e+03
   1.6820000e+03   1.8291807e+03   4.5358334e+03
   1.6830000e+03   4.6390510e+03   6.2357472e+03
   1.6840000e+03  -4.1013463e+02  -4.5739296e+03
   1.6850000e+03   3.2880953e+03  -1.1762352e+04
   1.6860000e+03   7.4761878e+03  -2.1769387e+03
   1.6870000e+03   4.2640602e+03   5.2418372e+03
   1.6880000e+03   3.6038607e+03  -1.2041951e+03
   1.6890000e+03  -4.1686728e+03  -1.0244940e+04
   1.6900000e+03  -1.7827573e+04  -1.3891730e+04
   1.6910000e+03  -1.2942559e+04  -7.3630870e+03
   1.6920000e+03   5.2005691e+03  -2.1173870e+01
   1.6930000e+03   1.9889742e+04  -2.7986188e+03
   1.6940000e+03   1.7046630e+04  -5.1671538e+03
   1.6950000e+03  -1.0108617e+04  -3.0085332e+03
   1.6960000e+03  -2.1650611e+04  -8.9905915e+03
   1.6970000e+03   5.3528296e+03  -2.2214091e+04
   1.6980000e+03   2.8398858e+04  -2.0459591e+04
   1.6990000e+03   2.2576398e+04  -2.4951677e+03
   1.7000000e+03   1.0037626e+04   2.5057385e+03
   1.7010000e+03   8.1968675e+03  -1.1948864e+04
   1.7020000e+03   1.0662657e+04  -2.2119005e+04
   1.7030000e+03   1.3677909e+04  -1.2884434e+04
   1.7040000e+03   2.1010295e+04   3.3454144e+02
   1.7050000e+03   1.5836199e+04  -3.7057375e+03
   1.7060000e+03  -9.3737685e+03  -1.4965302e+04
   1.7070000e+03  -1.7587243e+04  -1.3689934e+04
   1.7080000e+03   8.4882095e+03   1.2752392e+03
   1.7090000e+03   2.5169605e+04   7.5701793e+03
   1.7100000e+03   5.8340795e+03  -9.0980982e+03
   1.7110000e+03  -1.0379155e+04  -1.7986113e+04
   1.7120000e+03   5.0522134e+03  -6.3209591e+03
   1.7130000e+03   2.3155630e+04   1.0948334e+03
   1.7140000e+03   2.2287676e+04   3.2574182e+03
   1.7150000e+03   1.2920425e+04   3.6917969e+03
   1.7160000e+03  -1.4746246e+03   5.1533107e+02
   1.7170000e+03  -9.9589539e+03   4.2118178e+03
   1.7180000e+03   3.7315854e+03   9.5038203e+03
   1.7190000e+03   1.1943586e+04   1.5467452e+03
   1.7200000e+03  -8.9634919e+03  -9.2129855e+03
   1.7210000e+03  -2.4428442e+04  -2.3442517e+03
   1.7220000e+03  -1.1334448e+04   1.1936863e+04
   1.7230000e+03   5.9754872e+03   1.2633046e+04
   1.7240000e+03   3.6768961e+03   3.3881109e+03
   1.7250000e+03  -1.3852036e+04  -5.0730069e+03
   1.7260000e+03  -2.0113685e+04  -4.9794787e+03
   1.7270000e+03  -9.0977153e+02   4.5512321e+03
   1.7280000e+03   1.9803256e+04   1.4840935e+04
   1.7290000e+03   9.1225005e+03   1.8610894e+04
   1.7300000e+03  -2.1742122e+04   1.1920445e+04
   1.7310000e+03  -2.5974355e+04   5.9922055e+03
   1.7320000e+03   6.2331952e+02   9.7642285e+03
   1.7330000e+03   1.8467175e+04   1.1896658e+04
   1.7340000e+03   1.6987578e+04   9.3668283e+03
   1.7350000e+03   7.1729642e+03   4.4030753e+03
   1.7360000e+03  -5.9626957e+03   2.3481538e+03
   1.7370000e+03  -8.7191384e+03   1.5350520e+04
   1.7380000e+03   9.0446878e+02   2.6789919e+04
   1.7390000e+03   5.3452733e+03   1.3344541e+04
   1.7400000e+03   3.1618146e+03  -7.8081684e+03
   1.7410000e+03   1.6663605e+03  -1.2823269e+04
   1.7420000e+03  -5.1648577e+03  -5.3114420e+03
   1.7430000e+03  -1.7337895e+04   6.2027652e+03
   1.7440000e+03  -2.1330717e+04   1.6248430e+04
   1.7450000e+03  -1.1396681e+04   9.7928917e+03
   1.7460000e+03  -3.6532847e+02  -1.5586886e+04
   1.7470000e+03  -4.1222999e+02  -2.4750556e+04
   1.7480000e+03  -2.0699905e+03   6.0150856e+03
   1.7490000e+03  -1.1567622e+03   3.0033401e+04
   1.7500000e+03  -1.5059702e+04   7.4245740e+03
   1.7510000e+03  -3.4115963e+04  -1.6196265e+04
   1.7520000e+03  -2.2763707e+04  -4.4475784e+03
   1.7530000e+03   8.1954361e+03   1.6136106e+04
   1.7540000e+03   1.4832773e+04   2.4331462e+04
   1.7550000e+03  -1.7158596e+03   1.8984512e+04
   1.7560000e+03  -9.7155685e+03   6.3077230e+03
   1.7570000e+03  -6.9328146e+03  -2.6263034e+03
   1.7580000e+03  -9.5877953e+03  -6.9434919e+03
   1.7590000e+03  -1.0697295e+04  -1.0417888e+04
   1.7600000e+03   5.2669770e+03  -6.9633711e+03
   1.7610000e+03   1.7230416e+04   7.0838485e+03
   1.7620000e+03   3.2724601e+03   8.7966261e+03
   1.7630000e+03  -1.1018699e+04  -1.2159907e+04
   1.7640000e+03  -9.6372723e+03  -1.8161522e+04
   1.7650000e+03  -9.4380739e+03   4.7954374e+03
   1.7660000e+03  -9.0454073e+03   1.5173250e+04
   1.7670000e+03   5.1459436e+03  -8.5642936e+03
   1.7680000e+03   2.0122568e+04  -2.8898320e+04
   1.7690000e+03   8.2360705e+03  -1.1525904e+04
   1.7700000e+03  -1.5225376e+04   1.6889763e+04
   1.7710000e+03  -1.0628588e+04   1.7534486e+04
   1.7720000e+03   8.7544163e+03  -7.9958530e+03
   1.7730000e+03   1.3588778e+04  -3.0937676e+04
   1.7740000e+03   8.1079808e+03  -2.4941121e+04
   1.7750000e+03   1.5827621e+03  -4.4672863e+03
   1.7760000e+03   1.8570489e+03   4.5872128e+02
   1.7770000e+03   4.3336609e+03  -3.5519992e+03
   1.7780000e+03  -4.8616433e+03  -7.6929286e+03
   1.7790000e+03  -1.1439107e+04  -1.6507759e+04
   1.7800000e+03   5.8041382e+03  -1.8080824e+04
   1.7810000e+03   2.9236432e+04  -6.0879413e+03
   1.7820000e+03   2.1547335e+04   4.7182950e+03
   1.7830000e+03  -7.3842807e+03   2.1444011e+03
   1.7840000e+03  -8.7989313e+03  -1.0380825e+04
   1.7850000e+03   1.3614283e+04  -1.4457744e+04
   1.7860000e+03   1.5021040e+04  -1.9696725e+03
   1.7870000e+03  -3.8848854e+03   7.5281823e+03
   1.7880000e+03  -1.2390749e+04  -2.2656549e+03
   1.7890000e+03  -3.8737724e+03  -1.7028915e+04
   1.7900000e+03   1.1095606e+04  -7.8432042e+03
   1.7910000e+03   2.1851603e+04   1.3732359e+04
   1.7920000e+03   1.9450596e+04   4.1542128e+03
   1.7930000e+03   3.0673558e+03  -2.0642659e+04
   1.7940000e+03  -8.6772919e+03  -2.1871434e+04
   1.7950000e+03   8.2307443e+03  -1.3383078e+04
   1.7960000e+03   3.2519411e+04  -2.0702918e+02
   1.7970000e+03   1.9984949e+04   1.8768037e+04
   1.7980000e+03  -9.3256448e+03   1.4314401e+04
   1.7990000e+03  -7.0472639e+03  -8.8358421e+03
   1.8000000e+03   1.5028500e+04  -1.4123666e+04
   1.8010000e+03   1.6238277e+04   7.7609951e+02
   1.8020000e+03  -3.7985160e+03   8.6526781e+03
   1.8030000e+03  -1.1317771e+04   1.1585045e+03
   1.8040000e+03   3.2932635e+03  -2.7717417e+03
   1.8050000e+03   1.6158807e+04   8.3079489e+03
   1.8060000e+03   1.0748500e+04   1.9783726e+04
   1.8070000e+03  -6.5668755e+03   5.6865620e+03
   1.8080000e+03  -1.1196965e+04  -1.9097610e+04
   1.8090000e+03   4.0306664e+03  -7.0647133e+03
   1.8100000e+03   1.3074810e+04   2.5759721e+04
   1.8110000e+03   4.7848269e+03   2.7849424e+04
   1.8120000e+03  -6.3787600e+03   7.0617327e+03
   1.8130000e+03  -6.8221109e+03  -6.4104815e+03
   1.8140000e+03  -2.8732940e+02  -7.1077657e+03
   1.8150000e+03  -2.6648600e+03   4.4706412e+03
   1.8160000e+03  -1.1481560e+04   1.8559645e+04
   1.8170000e+03  -1.6657503e+04   1.5413125e+04
   1.8180000e+03  -1.4559732e+04   2.6753538e+03
   1.8190000e+03  -1.5339769e+03   3.9277087e+03
   1.8200000e+03   4.7517958e+03   9.9277855e+03
   1.8210000e+03  -9.8229375e+03   7.4801388e+03
   1.8220000e+03  -2.0770395e+04   7.7941592e+03
   1.8230000e+03  -1.0505092e+04   1.0894418e+04
   1.8240000e+03   8.9509606e+02   9.6497425e+03
   1.8250000e+03  -5.9291957e+03   1.0640563e+04
   1.8260000e+03  -2.0466121e+04   1.4264850e+04
   1.8270000e+03  -2.0944054e+04   1.1288971e+04
   1.8280000e+03  -2.7388724e+03   4.0732005e+03
   1.8290000e+03   9.3066428e+03   5.3471207e+02
   1.8300000e+03  -6.8365599e+03  -2.9549715e+02
   1.8310000e+03  -2.4890988e+04   4.0518912e+03
   1.8320000e+03  -1.7164016e+04   1.3075623e+04
   1.8330000e+03  -4.8384793e+03   9.9290490e+03
   1.8340000e+03  -7.6404622e+03  -4.2028442e+03
   1.8350000e+03  -1.5333191e+04  -3.5514339e+03
   1.8360000e+03  -1.3145632e+04   6.0554487e+03
   1.8370000e+03   1.6991331e+03  -1.6089379e+03
   1.8380000e+03   1.0972907e+04  -6.8841819e+03
   1.8390000e+03  -1.0037981e+03   9.4369358e+03
   1.8400000e+03  -1.5256559e+04   1.1553299e+04
   1.8410000e+03  -7.3850278e+03  -1.2292902e+04
   1.8420000e+03   1.2371403e+04  -2.4289640e+04
   1.8430000e+03   1.9873301e+04  -8.7446244e+03
   1.8440000e+03   6.8806709e+03   1.3700986e+04
   1.8450000e+03  -1.4078993e+04   1.4752292e+04
   1.8460000e+03  -1.8944946e+04  -8.9996957e+03
   1.8470000e+03  -5.6316847e+03  -2.3958004e+04
   1.8480000e+03   9.0842866e+03  -5.1584725e+03
   1.8490000e+03   1.8170333e+04   2.3777475e+04
   1.8500000e+03   9.6155094e+03   2.0075265e+04
   1.8510000e+03  -1.4290444e+04  -1.8106478e+04
   1.8520000e+03  -1.6963903e+04  -4.3806078e+04
   1.8530000e+03   9.1912396e+03  -2.3475933e+04
   1.8540000e+03   2.7268894e+04   8.7757388e+03
   1.8550000e+03   1.5358130e+04   2.4041028e+02
   1.8560000e+03  -1.0774197e+04  -3.0172945e+04
   1.8570000e+03  -1.7089491e+04  -3.1124992e+04
   1.8580000e+03   6.8633843e+03  -9.3094685e+03
   1.8590000e+03   2.8212691e+04   9.8278222e+02
   1.8600000e+03   1.9624920e+04  -2.6523303e+03
   1.8610000e+03  -1.8425951e+03  -8.2913033e+03
   1.8620000e+03  -7.4222581e+03  -1.3396109e+04
   1.8630000e+03   6.6653638e+03  -1.0784764e+04
   1.8640000e+03   2.5804095e+04   3.5556132e+03
   1.8650000e+03   3.2768232e+04   1.1314115e+04
   1.8660000e+03   1.7468514e+04   2.0316611e+03
   1.8670000e+03  -6.0808614e+03  -1.1022483e+04
   1.8680000e+03  -5.2910380e+03  -1.7485842e+04
   1.8690000e+03   2.0170274e+04  -1.4264701e+04
   1.8700000e+03   2.4111610e+04  -2.0609826e+03
   1.8710000e+03  -6.3275728e+03   6.9821476e+03
   1.8720000e+03  -1.9912071e+04   2.2847876e+02
   1.8730000e+03   1.2509167e+03  -1.3531200e+04
   1.8740000e+03   1.6640005e+04  -1.2870724e+04
   1.8750000e+03   1.3101498e+04   2.8752927e+03
   1.8760000e+03   2.4956264e+03   9.8950099e+03
   1.8770000e+03  -1.5139773e+04  -3.6819013e+03
   1.8780000e+03  -1.9949570e+04  -1.3106134e+04
   1.8790000e+03   8.8995635e+03   1.4281390e+03
   1.8800000e+03   4.1658733e+04   1.6081526e+04
   1.8810000e+03   3.3061320e+04   1.1582354e+04
   1.8820000e+03  -1.0232216e+04   2.4405224e+03
   1.8830000e+03  -3.2358467e+04  -1.1968468e+03
   1.8840000e+03  -4.7716516e+03  -3.7465566e+03
   1.8850000e+03   2.6553468e+04  -4.2295424e+03
   1.8860000e+03   1.2727809e+04   5.4362825e+03
   1.8870000e+03  -1.6318558e+04   1.8324715e+04
   1.8880000e+03  -1.5040898e+04   1.2859251e+04
   1.8890000e+03  -4.1890173e+03  -5.6354753e+03
   1.8900000e+03  -1.0422823e+04  -7.1741361e+03
   1.8910000e+03  -1.4351042e+04   9.1307522e+03
   1.8920000e+03  -2.5787014e+03   1.6276445e+04
   1.8930000e+03   7.9624813e+03   1.1651639e+04
   1.8940000e+03   6.3767831e+03   1.5843310e+04
   1.8950000e+03   1.7484400e+03   2.5548969e+04
   1.8960000e+03  -5.1844072e+03   1.6259157e+04
   1.8970000e+03  -1.4571679e+04  -5.9926697e+03
   1.8980000e+03  -6.0641587e+03  -3.7294784e+03
   1.8990000e+03   1.1787501e+04   1.9754029e+04
   1.9000000e+03   3.5545674e+03   1.8384476e+04
   1.9010000e+03  -1.6933871e+04  -7.8383606e+03
   1.9020000e+03  -1.3099035e+04  -1.6470055e+04
   1.9030000e+03   3.5044759e+03   2.0922544e+03
   1.9040000e+03   2.8784940e+03   2.2727520e+04
   1.9050000e+03  -1.2144048e+04   2.4727284e+04
   1.9060000e+03  -2.2917511e+04   8.2921431e+03
   1.9070000e+03  -1.9414858e+04  -1.1458152e+04
   1.9080000e+03  -6.8720944e+03  -1.3275745e+04
   1.9090000e+03  -4.9682180e+03   9.2287707e+03
   1.9100000e+03  -1.3000576e+04   2.5606045e+04
   1.9110000e+03  -1.5816406e+04   1.3206969e+04
   1.9120000e+03  -1.3798304e+04  -1.4903716e+03
   1.9130000e+03  -5.4199980e+02   6.0229070e+03
   1.9140000e+03   1.5275417e+04   1.6695983e+04
   1.9150000e+03   4.3097008e+03   3.4575233e+03
   1.9160000e+03  -1.5334556e+04  -2.0142913e+04
   1.9170000e+03  -6.2063422e+03  -1.5136920e+04
   1.9180000e+03   1.3441157e+04   1.0546176e+04
   1.9190000e+03   4.3636094e+03   9.2080965e+03
   1.9200000e+03  -2.0300367e+04  -1.4665003e+04
   1.9210000e+03  -2.1374513e+04  -1.7247649e+04
   1.9220000e+03  -7.2645631e+03  -6.4147631e+02
   1.9230000e+03  -6.3806570e+03   2.8603490e+03
   1.9240000e+03  -1.5598386e+04  -1.0156193e+04
   1.9250000e+03  -2.0865166e+04  -1.2433922e+04
   1.9260000e+03  -1.4273789e+04   6.9898267e+03
   1.9270000e+03   4.2880935e+03   1.5047086e+04
   1.9280000e+03   1.7981413e+04  -5.1710010e+03
   1.9290000e+03   1.0078120e+04  -1.8173060e+04
   1.9300000e+03  -2.9114847e+03  -4.1003279e+03
   1.9310000e+03   3.6748641e+03   6.6987314e+03
   1.9320000e+03   1.9312019e+04  -1.1597367e+04
   1.9330000e+03   2.5810807e+04  -3.3971995e+04
   1.9340000e+03   2.1172191e+04  -2.5096742e+04
   1.9350000e+03   1.3291177e+04  -1.0270550e+02
   1.9360000e+03   1.0396335e+04   4.2392169e+03
   1.9370000e+03   3.6889492e+03  -1.4503268e+04
   1.9380000e+03  -5.6127725e+03  -2.6905586e+04
   1.9390000e+03  -1.8169797e+03  -1.2509848e+04
   1.9400000e+03   6.5146800e+03   1.2684763e+04
   1.9410000e+03   3.8820532e+03   2.2514425e+04
   1.9420000e+03  -2.2244844e+03   9.4387804e+03
   1.9430000e+03   6.1983646e+03  -1.9232208e+04
   1.9440000e+03   1.8238416e+04  -3.3559845e+04
   1.9450000e+03   9.2328627e+03  -6.9815263e+03
   1.9460000e+03  -3.2871166e+03   2.4646414e+04
   1.9470000e+03  -1.4725602e+03   1.1544976e+04
   1.9480000e+03   3.0489360e+03  -2.2785792e+04
   1.9490000e+03   1.2539572e+04  -2.9516706e+04
   1.9500000e+03   2.4739958e+04  -6.5770012e+03
   1.9510000e+03   2.1632620e+04   1.4071513e+04
   1.9520000e+03   5.5667114e+03   7.6923407e+03
   1.9530000e+03  -5.9094663e+03  -1.0819254e+04
   1.9540000e+03  -3.8462175e+03  -1.7229827e+04
   1.9550000e+03   1.0315520e+04  -1.0688619e+04
   1.9560000e+03   2.0193913e+04   6.3014033e+03
   1.9570000e+03   9.4939950e+03   1.6720250e+04
   1.9580000e+03   5.4558027e+03   3.2776804e+03
   1.9590000e+03   2.5843738e+04  -1.5969836e+04
   1.9600000e+03   2.2748868e+04  -1.8700249e+04
   1.9610000e+03  -1.4162770e+04  -1.4341338e+02
   1.9620000e+03  -3.1097702e+04   2.0966578e+04
   1.9630000e+03  -8.7506951e+03   1.4639703e+04
   1.9640000e+03   2.5325745e+04  -9.3234618e+03
   1.9650000e+03   2.7241117e+04  -1.6715534e+04
   1.9660000e+03  -1.2566646e+04  -4.1048851e+02
   1.9670000e+03  -3.9642020e+04   2.3732603e+04
   1.9680000e+03  -2.4114825e+04   3.6077032e+04
   1.9690000e+03  -3.9529368e+02   2.2903099e+04
   1.9700000e+03   8.4681287e+03  -6.7408792e+03
   1.9710000e+03   6.7124986e+03  -1.6205795e+04
   1.9720000e+03  -7.4050063e+03   1.2064321e+04
   1.9730000e+03  -2.2679888e+04   3.7649665e+04
   1.9740000e+03  -1.4143595e+04   2.1742525e+04
   1.9750000e+03   7.8854892e+03  -8.3524608e+03
   1.9760000e+03   8.7757390e+03  -1.1987046e+04
   1.9770000e+03  -8.0370431e+03  -3.3936523e+03
   1.9780000e+03  -1.0612991e+04  -8.2239999e+03
   1.9790000e+03   3.0126160e+03  -1.2871925e+04
   1.9800000e+03   1.0838044e+04  -1.6832899e+03
   1.9810000e+03   4.4644015e+03   1.6268632e+04
   1.9820000e+03  -1.1480271e+04   2.6489474e+04
   1.9830000e+03  -2.1328404e+04   2.0983296e+04
   1.9840000e+03  -1.3112517e+04   7.6940539e+03
   1.9850000e+03  -4.2168557e+03   3.8419732e+03
   1.9860000e+03  -1.1206595e+04   8.8503865e+03
   1.9870000e+03  -2.2548576e+04   1.4494893e+04
   1.9880000e+03  -2.3738268e+04   2.1960823e+04
   1.9890000e+03  -1.3533294e+04   2.2571590e+04
   1.9900000e+03   6.7255579e+02   1.0578199e+04
   1.9910000e+03   9.4973504e+03  -7.6305910e+02
   1.9920000e+03   5.4435445e+03  -5.3095762e+03
   1.9930000e+03  -1.0888977e+04  -3.3434808e+03
   1.9940000e+03  -1.9364551e+04  -2.1789270e+03
   1.9950000e+03  -5.8437937e+03  -1.1962698e+04
   1.9960000e+03   6.2789042e+03  -1.3002487e+04
   1.9970000e+03   1.0370435e+03   1.3856364e+03
   1.9980000e+03  -2.8180741e+03   8.0144544e+02
   1.9990000e+03  -2.6650137e+03  -1.0017589e+04
   2.0000000e+03  -1.0311354e+04  -5.6859280e+03
