   1.0274000e+02   2.5123000e+01
   9.7303341e+01   3.0120424e+01
   0.0000000e+00   8.3700469e+04   8.3700469e+04
   1.0000000e+00  -2.1013546e+04   6.2619484e+04
   2.0000000e+00  -9.2801456e+04  -2.1205995e+04
   3.0000000e+00  -1.7191543e+04  -3.8849971e+04
   4.0000000e+00   9.1739285e+04  -1.1782149e+04
   5.0000000e+00   7.7644638e+04   5.0242604e+03
   6.0000000e+00  -3.1750892e+04   5.1785602e+03
   7.0000000e+00  -7.4234362e+04  -1.5425752e+04
   8.0000000e+00   5.7559676e+03  -3.2793403e+04
   9.0000000e+00   5.9570103e+04  -7.0027185e+03
   1.0000000e+01  -3.5350576e+04   3.7925438e+04
   1.1000000e+01  -1.2400691e+05   3.6405688e+04
   1.2000000e+01  -1.5277722e+04  -1.9024653e+04
   1.3000000e+01   1.5823605e+05  -6.4262230e+04
   1.4000000e+01   1.3790174e+05  -4.3218411e+04
   1.5000000e+01  -7.7077133e+04   2.5175460e+04
   1.6000000e+01  -2.1580485e+05   6.5877818e+04
   1.7000000e+01  -8.3866325e+04   2.6842061e+04
   1.8000000e+01   1.5120473e+05  -5.7125225e+04
   1.9000000e+01   1.9928736e+05  -9.1849731e+04
   2.0000000e+01   4.0178096e+04  -4.7946648e+04
   2.1000000e+01  -1.1645052e+05   1.2219285e+04
   2.2000000e+01  -1.2230860e+05   3.4610267e+04
   2.3000000e+01  -2.4658200e+04   2.2740082e+04
   2.4000000e+01   5.2706262e+04   1.9444198e+04
   2.5000000e+01   6.5533788e+04   3.0831970e+04
   2.6000000e+01   3.9627958e+04   1.0099869e+04
   2.7000000e+01  -1.1149514e+04  -3.9025356e+04
   2.8000000e+01  -8.2998808e+04  -5.0544898e+04
   2.9000000e+01  -1.2635784e+05   1.3163707e+04
   3.0000000e+01  -6.1390669e+04   9.1878434e+04
   3.1000000e+01   9.9401833e+04   7.6922462e+04
   3.2000000e+01   1.8364614e+05  -3.1567515e+04
   3.3000000e+01   6.9130459e+04  -1.1158002e+05
   3.4000000e+01  -1.0041961e+05  -7.7605004e+04
   3.5000000e+01  -1.2110783e+05   1.5426453e+04
   3.6000000e+01  -3.4936130e+03   5.6975404e+04
   3.7000000e+01   9.6751414e+04   2.7008831e+04
   3.8000000e+01   7.6297250e+04  -1.6136482e+04
   3.9000000e+01  -1.1753661e+04  -2.0288980e+04
   4.0000000e+01  -3.5028520e+04   3.4044674e+03
   4.1000000e+01   1.0677638e+04   3.8395261e+02
   4.2000000e+01  -2.3465937e+03  -1.6793283e+04
   4.3000000e+01  -7.7088319e+04   6.1074945e+03
   4.4000000e+01  -6.6581856e+04   5.3323584e+04
   4.5000000e+01   3.7593870e+04   6.2708406e+04
   4.6000000e+01   8.8201354e+04   2.2727538e+04
   4.7000000e+01   3.8296377e+04  -2.1563599e+04
   4.8000000e+01  -2.8362892e+04  -5.2532582e+04
   4.9000000e+01  -4.3677646e+04  -5.2563433e+04
   5.0000000e+01  -1.0139579e+04   1.0123271e+04
   5.1000000e+01   3.2618528e+04   7.1321181e+04
   5.2000000e+01   3.4633796e+04   4.4210767e+04
   5.3000000e+01  -1.6430576e+04  -3.6038316e+04
   5.4000000e+01  -4.0980357e+04  -6.8254289e+04
   5.5000000e+01   1.5414116e+04  -1.7310893e+04
   5.6000000e+01   5.3672248e+04   4.7057634e+04
   5.7000000e+01  -8.5914453e+03   5.7349555e+04
   5.8000000e+01  -6.3119667e+04   3.0927842e+04
   5.9000000e+01  -1.6580860e+03   1.0474660e+04
   6.0000000e+01   8.9767623e+04  -4.9187647e+03
   6.1000000e+01   8.2695509e+04  -2.5608199e+04
   6.2000000e+01  -1.5472362e+04  -1.4810783e+04
   6.3000000e+01  -8.6218049e+04   3.3579299e+04
   6.4000000e+01  -4.1607695e+04   5.4712208e+04
   6.5000000e+01   5.2243430e+04   2.2569672e+04
   6.6000000e+01   7.3741120e+04  -2.2766736e+04
   6.7000000e+01   7.2860126e+03  -3.1284882e+04
   6.8000000e+01  -7.1589984e+04   5.0117264e+03
   6.9000000e+01  -7.9184483e+04   3.3985084e+04
   7.0000000e+01  -1.2657583e+04   1.4900202e+04
   7.1000000e+01   4.6615624e+04  -3.0257161e+04
   7.2000000e+01   4.0843810e+04  -4.4916716e+04
   7.3000000e+01  -1.6605379e+04  -8.6978441e+03
   7.4000000e+01  -6.1853757e+04   1.9323006e+04
   7.5000000e+01  -3.6857514e+04  -1.2131280e+04
   7.6000000e+01   3.2736615e+04  -5.4580471e+04
   7.7000000e+01   5.3335439e+04  -3.6967938e+04
   7.8000000e+01  -6.9885827e+03   1.5698886e+04
   7.9000000e+01  -6.1078311e+04   3.0721974e+04
   8.0000000e+01  -3.1895100e+04   9.2481953e+03
   8.1000000e+01   3.1240843e+04  -1.3968114e+02
   8.2000000e+01   2.5682270e+04  -1.1349968e+03
   8.3000000e+01  -3.8862662e+04  -1.9759302e+04
   8.4000000e+01  -5.0331059e+04  -2.5582111e+04
   8.5000000e+01  -3.6274649e+03   4.6893613e+03
   8.6000000e+01   1.0885666e+04   2.4056263e+04
   8.7000000e+01   2.2846985e+03   3.5327796e+03
   8.8000000e+01   1.7696189e+04  -2.5832491e+04
   8.9000000e+01   1.8996062e+04  -3.7715803e+04
   9.0000000e+01  -2.0012886e+04  -3.8583342e+04
   9.1000000e+01  -4.5166509e+04  -3.1609195e+04
   9.2000000e+01  -1.5145346e+04   3.7756035e+03
   9.3000000e+01   4.5173221e+04   4.9170520e+04
   9.4000000e+01   7.5005075e+04   3.6561659e+04
   9.5000000e+01   2.6246203e+04  -3.4776681e+04
   9.6000000e+01  -5.5439956e+04  -6.7328918e+04
   9.7000000e+01  -6.4508767e+04  -9.1659313e+03
   9.8000000e+01   1.2451339e+04   5.7485126e+04
   9.9000000e+01   7.5516292e+04   4.9272578e+04
   1.0000000e+02   4.6755142e+04  -2.6089403e+03
   1.0100000e+02  -2.0864223e+04  -3.3256637e+04
   1.0200000e+02  -4.0896611e+04  -2.4823219e+04
   1.0300000e+02  -2.6415711e+04  -2.8040750e+02
   1.0400000e+02  -1.4958197e+04   1.5664237e+04
   1.0500000e+02  -6.0474005e+03   1.9569981e+04
   1.0600000e+02   2.3591784e+03   7.4975934e+03
   1.0700000e+02   4.4694655e+03  -9.3228916e+03
   1.0800000e+02  -6.6422840e+03   3.1245358e+03
   1.0900000e+02  -1.2293682e+04   3.4413822e+04
   1.1000000e+02  -1.5218092e+03   2.6578797e+04
   1.1100000e+02  -4.9552891e+03  -2.5472295e+04
   1.1200000e+02  -1.4649931e+04  -4.3758490e+04
   1.1300000e+02   1.3629369e+04   1.0696854e+04
   1.1400000e+02   5.4252588e+04   6.2116200e+04
   1.1500000e+02   4.3496515e+04   2.9015581e+04
   1.1600000e+02  -7.5950310e+02  -5.9115704e+04
   1.1700000e+02  -1.5964235e+04  -9.3306722e+04
   1.1800000e+02   8.2662920e+03  -1.6786815e+04
   1.1900000e+02   4.4661373e+04   8.3190758e+04
   1.2000000e+02   4.7549593e+04   7.1167624e+04
   1.2100000e+02   4.6347232e+03  -3.2849878e+04
   1.2200000e+02  -1.5823161e+04  -7.5421623e+04
   1.2300000e+02   1.7482017e+04  -1.0209336e+04
   1.2400000e+02   3.7352820e+04   5.8415968e+04
   1.2500000e+02  -1.3772717e+03   5.5700578e+04
   1.2600000e+02  -4.8884640e+04   1.6250663e+04
   1.2700000e+02  -4.5714577e+04   6.6772732e+03
   1.2800000e+02  -1.6717513e+04   3.4613152e+04
   1.2900000e+02  -7.6727917e+03   4.4392595e+04
   1.3000000e+02  -2.4238658e+03   3.6269264e+03
   1.3100000e+02   2.1442238e+04  -4.2240199e+04
   1.3200000e+02   3.4946295e+04  -4.3526442e+04
   1.3300000e+02   1.1091161e+04  -8.5676967e+03
   1.3400000e+02  -1.6699390e+04   3.2062885e+04
   1.3500000e+02  -1.9035099e+03   3.9153520e+04
   1.3600000e+02   4.4311511e+04  -3.2880421e+03
   1.3700000e+02   5.8123342e+04  -4.9580746e+04
   1.3800000e+02   5.5202052e+03  -5.2412595e+04
   1.3900000e+02  -4.3950455e+04  -8.4771239e+03
   1.4000000e+02  -1.6623578e+04   3.9181027e+04
   1.4100000e+02   2.7404052e+04   4.2374041e+04
   1.4200000e+02  -2.6620815e+03   1.5586281e+04
   1.4300000e+02  -6.1405834e+04  -6.3472851e+03
   1.4400000e+02  -5.1225000e+04  -1.6767022e+04
   1.4500000e+02  -1.2784442e+03  -1.3620527e+04
   1.4600000e+02  -9.3998855e+03   7.7252859e+03
   1.4700000e+02  -6.1455264e+04   3.6128487e+04
   1.4800000e+02  -4.9869980e+04   3.2535884e+04
   1.4900000e+02   3.6422858e+04  -1.2841665e+04
   1.5000000e+02   7.0824353e+04  -5.1066552e+04
   1.5100000e+02   4.4243494e+03  -4.3056180e+04
   1.5200000e+02  -5.2636713e+04  -8.5033943e+03
   1.5300000e+02  -3.6167472e+04  -1.1447721e+03
   1.5400000e+02   1.4222744e+03  -1.7429737e+04
   1.5500000e+02   2.5965044e+04  -1.1817704e+04
   1.5600000e+02   4.3471677e+04   6.8336350e+02
   1.5700000e+02   2.9941667e+04  -6.1286785e+03
   1.5800000e+02  -2.1557841e+04  -2.1291816e+04
   1.5900000e+02  -4.9409546e+04  -2.7567570e+04
   1.6000000e+02  -2.3889872e+04  -2.2162221e+03
   1.6100000e+02   3.0778261e+03   4.6523688e+04
   1.6200000e+02  -8.1022564e+03   6.2095782e+04
   1.6300000e+02  -2.2897959e+04   7.6096964e+03
   1.6400000e+02   5.4547457e+03  -6.3113807e+04
   1.6500000e+02   4.0789245e+04  -5.6936473e+04
   1.6600000e+02   2.4843853e+04   2.1311388e+04
   1.6700000e+02  -2.3394347e+04   7.4830814e+04
   1.6800000e+02  -5.1472143e+04   4.3887397e+04
   1.6900000e+02  -2.2206548e+04  -2.6975497e+04
   1.7000000e+02   4.3602233e+04  -5.2032002e+04
   1.7100000e+02   5.7863724e+04  -2.1644126e+04
   1.7200000e+02  -3.2354299e+03   8.6938220e+03
   1.7300000e+02  -4.2040575e+04   1.2490782e+04
   1.7400000e+02   2.6809904e+03   4.5265622e+03
   1.7500000e+02   4.1911113e+04  -2.3768133e+03
   1.7600000e+02  -8.1484380e+03  -1.2904394e+04
   1.7700000e+02  -7.2199729e+04  -3.0687560e+04
   1.7800000e+02  -5.2116468e+04  -3.9393790e+04
   1.7900000e+02   2.5123906e+04  -1.5193009e+04
   1.8000000e+02   7.4345683e+04   1.7669315e+04
   1.8100000e+02   6.1627496e+04   1.2022667e+04
   1.8200000e+02   1.3967146e+04  -1.0234829e+04
   1.8300000e+02  -3.0207600e+04  -1.4926219e+04
   1.8400000e+02  -3.8383422e+04  -1.3777470e+04
   1.8500000e+02   7.3655829e+03  -2.0033727e+03
   1.8600000e+02   7.9994603e+04   2.6530898e+04
   1.8700000e+02   1.0477092e+05   4.7722260e+04
   1.8800000e+02   2.4861289e+04   4.7800875e+04
   1.8900000e+02  -1.0230825e+05   2.7782392e+04
   1.9000000e+02  -1.4036265e+05  -8.4536986e+03
   1.9100000e+02  -4.3829964e+04  -2.9954544e+04
   1.9200000e+02   7.6572091e+04  -3.9345786e+03
   1.9300000e+02   9.6440065e+04   3.5225697e+04
   1.9400000e+02   2.5876336e+04   3.1150896e+04
   1.9500000e+02  -4.1303065e+04  -8.3635729e+03
   1.9600000e+02  -4.0830891e+04  -3.5363302e+04
   1.9700000e+02   2.0426939e+04  -2.2280900e+04
   1.9800000e+02   6.2345805e+04   6.1097811e+03
   1.9900000e+02   3.3242704e+04   6.7105402e+03
   2.0000000e+02  -1.2811377e+04  -1.4986908e+04
   2.0100000e+02  -1.9752797e+04  -1.2272185e+04
   2.0200000e+02  -1.8012612e+03   3.2759043e+04
   2.0300000e+02   1.1082463e+04   6.4444042e+04
   2.0400000e+02   5.0878418e+03   2.6775543e+04
   2.0500000e+02  -9.5388987e+03  -3.9282282e+04
   2.0600000e+02   3.6847785e+02  -4.3502875e+04
   2.0700000e+02   2.2017088e+04   2.9845314e+04
   2.0800000e+02  -3.5054727e+03   8.4377038e+04
   2.0900000e+02  -5.8705964e+04   3.7969332e+04
   2.1000000e+02  -5.6766120e+04  -5.3138686e+04
   2.1100000e+02   1.0565385e+04  -7.4717536e+04
   2.1200000e+02   4.7977506e+04  -8.7385961e+03
   2.1300000e+02   3.3244310e+03   4.8562677e+04
   2.1400000e+02  -4.5588404e+04   2.4946058e+04
   2.1500000e+02  -2.2529256e+04  -3.3726661e+04
   2.1600000e+02   3.2315613e+04  -5.2544985e+04
   2.1700000e+02   4.7299642e+04  -2.5948572e+04
   2.1800000e+02   1.0028663e+04   5.2372518e+03
   2.1900000e+02  -4.4695884e+04   1.5916974e+04
   2.2000000e+02  -6.4998024e+04   8.0490153e+03
   2.2100000e+02  -1.3012744e+04  -4.9377093e+03
   2.2200000e+02   6.8245998e+04  -4.8206445e+03
   2.2300000e+02   8.1207624e+04   8.2476541e+03
   2.2400000e+02   2.6333230e+04   1.5320315e+04
   2.2500000e+02  -1.7674210e+04   6.0084954e+03
   2.2600000e+02  -3.5863716e+04  -5.8692383e+03
   2.2700000e+02  -4.6443584e+04   7.4638738e+02
   2.2800000e+02  -5.1789655e+04   1.0139985e+04
   2.2900000e+02  -6.2740611e+04   8.7792333e+02
   2.3000000e+02  -5.8017557e+04  -1.2995089e+04
   2.3100000e+02  -2.2041752e+03  -2.0853313e+04
   2.3200000e+02   5.0135005e+04  -2.4421146e+04
   2.3300000e+02   2.3842023e+04  -2.6875595e+04
   2.3400000e+02  -3.8624189e+04  -2.9033049e+04
   2.3500000e+02  -6.0505899e+04  -1.7796440e+04
   2.3600000e+02  -3.0190937e+04   7.0654617e+03
   2.3700000e+02   2.9240723e+04   1.2807185e+04
   2.3800000e+02   7.2336896e+04  -1.6188511e+04
   2.3900000e+02   8.0820774e+04  -2.5242855e+04
   2.4000000e+02   7.5252261e+04   2.3835637e+04
   2.4100000e+02   4.0502336e+04   6.6824014e+04
   2.4200000e+02  -1.9564604e+04   4.9286562e+04
   2.4300000e+02  -4.5049133e+04   3.6446003e+03
   2.4400000e+02  -2.2768504e+04  -1.5230328e+04
   2.4500000e+02   1.1189289e+04   1.3076503e+04
   2.4600000e+02   3.0306745e+04   4.5712123e+04
   2.4700000e+02   6.6749550e+03   1.8422058e+04
   2.4800000e+02  -6.4719557e+04  -6.0661201e+04
   2.4900000e+02  -1.1587336e+05  -1.0226316e+05
   2.5000000e+02  -6.9925413e+04  -5.1484073e+04
   2.5100000e+02   2.9794300e+04   3.1409523e+04
   2.5200000e+02   5.9878281e+04   5.4859175e+04
   2.5300000e+02   8.0431219e+03   6.7659238e+03
   2.5400000e+02  -9.7734642e+03  -3.3999663e+04
   2.5500000e+02   6.6035802e+04   5.3242923e+03
   2.5600000e+02   1.4418770e+05   7.9713494e+04
   2.5700000e+02   9.5101582e+04   8.5723131e+04
   2.5800000e+02  -4.8471358e+04   1.6026917e+04
   2.5900000e+02  -9.0382943e+04  -3.4797607e+04
   2.6000000e+02   4.1194521e+04  -1.3666465e+04
   2.6100000e+02   1.5312387e+05   3.5405239e+04
   2.6200000e+02   6.4206148e+04   5.1221837e+04
   2.6300000e+02  -1.2007304e+05   5.6026046e+03
   2.6400000e+02  -1.7350922e+05  -6.6961666e+04
   2.6500000e+02  -7.8399564e+04  -9.3956010e+04
   2.6600000e+02   8.4684335e+03  -5.9171157e+04
   2.6700000e+02   1.3434749e+04  -5.1882616e+03
   2.6800000e+02  -1.0042151e+04   1.7188813e+04
   2.6900000e+02  -1.8778805e+04  -4.7816300e+03
   2.7000000e+02  -2.8802082e+04  -3.1072929e+04
   2.7100000e+02  -4.1632017e+04  -3.0360928e+04
   2.7200000e+02  -3.0792148e+04  -6.6674531e+03
   2.7300000e+02   6.4055839e+03   9.8766503e+03
   2.7400000e+02   4.7638418e+04   1.4810124e+03
   2.7500000e+02   5.2048094e+04   6.8686357e+03
   2.7600000e+02   1.3926547e+04   3.9488335e+04
   2.7700000e+02   1.2700953e+04   4.0261533e+04
   2.7800000e+02   6.5597214e+04  -8.0359743e+03
   2.7900000e+02   5.5465475e+04  -3.1955429e+04
   2.8000000e+02  -3.4350465e+04   1.0015403e+04
   2.8100000e+02  -5.5039528e+04   5.1252975e+04
   2.8200000e+02   2.5221784e+04   2.2710147e+04
   2.8300000e+02   6.6104986e+04  -4.2645294e+04
   2.8400000e+02   1.3485047e+04  -5.0021307e+04
   2.8500000e+02  -4.6733742e+04   1.7330149e+04
   2.8600000e+02  -5.2233538e+04   5.3471384e+04
   2.8700000e+02  -2.0363962e+04   3.9679366e+03
   2.8800000e+02   1.1474020e+04  -5.0054659e+04
   2.8900000e+02   2.1393986e+04  -4.0704073e+04
   2.9000000e+02   2.7341608e+03   9.2663714e+03
   2.9100000e+02  -2.1987691e+04   4.6355350e+04
   2.9200000e+02  -2.2034170e+04   3.8315208e+04
   2.9300000e+02  -3.0453959e+03   3.6779110e+02
   2.9400000e+02   1.3579841e+04  -1.5871654e+04
   2.9500000e+02   1.9622756e+04   6.2079504e+03
   2.9600000e+02   1.6577307e+04   2.6714699e+04
   2.9700000e+02   9.4695171e+03   1.9226078e+04
   2.9800000e+02   5.8402724e+03  -1.4796811e+03
   2.9900000e+02   1.6758610e+04  -5.7894031e+03
   3.0000000e+02   2.9323812e+04   9.2360239e+03
   3.0100000e+02   1.3523947e+04   5.6031991e+03
   3.0200000e+02  -1.9768160e+04  -2.6545337e+04
   3.0300000e+02  -3.0670506e+04  -4.5510772e+04
   3.0400000e+02  -1.4336339e+04  -1.9369547e+04
   3.0500000e+02  -6.1310297e+03   3.3606961e+04
   3.0600000e+02  -1.8331737e+04   5.7335800e+04
   3.0700000e+02  -2.3134046e+04   2.6010984e+04
   3.0800000e+02  -1.8240855e+04  -1.9215548e+04
   3.0900000e+02  -2.1691001e+04  -2.1864355e+04
   3.1000000e+02  -1.7122850e+04   1.4202029e+04
   3.1100000e+02   7.4989112e+03   2.7568308e+04
   3.1200000e+02   2.9377655e+04   2.7042996e+02
   3.1300000e+02   3.7369152e+04  -1.9312149e+04
   3.1400000e+02   3.2086193e+04  -6.9504445e+03
   3.1500000e+02   6.6482368e+03   6.8395833e+03
   3.1600000e+02  -1.3072365e+04  -2.2937944e+03
   3.1700000e+02   8.6591771e+03  -1.6282862e+04
   3.1800000e+02   3.7861102e+04  -1.8063053e+04
   3.1900000e+02   1.4647759e+04  -1.2884124e+04
   3.2000000e+02  -4.2021033e+04  -4.4214097e+03
   3.2100000e+02  -5.2899746e+04   4.9340847e+03
   3.2200000e+02  -9.2529787e+02   1.4452082e+04
   3.2300000e+02   3.0060253e+04   1.8458798e+04
   3.2400000e+02  -1.5105154e+04   8.7966159e+02
   3.2500000e+02  -6.6203051e+04  -2.9560557e+04
   3.2600000e+02  -3.8832230e+04  -2.8600368e+04
   3.2700000e+02   2.3695955e+04   1.1131530e+04
   3.2800000e+02   2.7518978e+04   2.5447485e+04
   3.2900000e+02  -9.1700888e+03  -9.7865247e+03
   3.3000000e+02  -9.3139328e+03  -3.6032792e+04
   3.3100000e+02   1.9133280e+04  -2.0509372e+04
   3.3200000e+02   2.5683733e+04   1.1002433e+04
   3.3300000e+02   1.1498139e+04   2.1632571e+04
   3.3400000e+02   5.9566373e+02   2.0038503e+03
   3.3500000e+02   1.2642308e+03  -2.4605066e+04
   3.3600000e+02   1.0822001e+04  -3.4262023e+04
   3.3700000e+02   1.5074859e+04  -1.8249667e+04
   3.3800000e+02   4.5926599e+03   6.5758180e+03
   3.3900000e+02  -1.5711806e+04   1.4535381e+04
   3.4000000e+02  -3.5492286e+04  -1.0205235e+03
   3.4100000e+02  -3.5919271e+04  -2.4764754e+04
   3.4200000e+02  -1.3121969e+04  -1.8052804e+04
   3.4300000e+02   7.4169049e+03   1.9268636e+04
   3.4400000e+02   7.9661036e+03   3.1303044e+04
   3.4500000e+02  -2.3999633e+03   3.3280880e+03
   3.4600000e+02  -9.5464694e+03  -1.9689846e+04
   3.4700000e+02  -1.4486054e+04  -5.2438727e+03
   3.4800000e+02  -1.1072318e+04   2.1247789e+04
   3.4900000e+02   1.5639983e+04   2.0398564e+04
   3.5000000e+02   3.5308641e+04   1.7039841e+03
   3.5100000e+02   8.8204894e+03  -1.4270454e+04
   3.5200000e+02  -2.7057228e+04  -2.2092601e+04
   3.5300000e+02  -1.3846982e+04  -1.0327979e+04
   3.5400000e+02   3.0605593e+04   1.2898735e+04
   3.5500000e+02   4.9136365e+04   1.9674744e+04
   3.5600000e+02   3.3980268e+04   1.0134985e+04
   3.5700000e+02   8.8747588e+03   4.3613722e+03
   3.5800000e+02  -9.8289341e+03   4.2274853e+03
   3.5900000e+02  -5.2113936e+03   1.1229438e+04
   3.6000000e+02   1.0323727e+04   2.5161599e+04
   3.6100000e+02   4.1698190e+03   2.5095970e+04
   3.6200000e+02  -1.2612589e+04   9.1826339e+03
   3.6300000e+02  -7.9488496e+03  -3.2177492e+03
   3.6400000e+02   1.1928565e+04  -2.7350401e+03
   3.6500000e+02   1.6817395e+04   6.7250522e+03
   3.6600000e+02  -1.0709171e+03   9.8275112e+03
   3.6700000e+02  -2.1995843e+04   5.7352096e+03
   3.6800000e+02  -2.1793096e+04   3.7260695e+03
   3.6900000e+02   4.6403365e+03  -4.8607568e+03
   3.7000000e+02   2.8888096e+04  -2.2113626e+04
   3.7100000e+02   2.3315311e+04  -2.3457003e+04
   3.7200000e+02   2.7835838e+03   8.2072424e+02
   3.7300000e+02   1.4404001e+03   1.6325861e+04
   3.7400000e+02   1.9437237e+04   6.2998874e+03
   3.7500000e+02   2.1884120e+04  -7.7133019e+03
   3.7600000e+02   3.5505591e+03  -1.6913275e+04
   3.7700000e+02  -4.0671668e+03  -1.0438001e+04
   3.7800000e+02   3.9245800e+02   1.3001325e+04
   3.7900000e+02  -6.1648556e+03   1.7995571e+04
   3.8000000e+02  -2.1776614e+04  -6.1190477e+03
   3.8100000e+02  -2.7099577e+04  -2.1751658e+04
   3.8200000e+02  -1.2082765e+04  -4.7510974e+02
   3.8300000e+02   8.2481994e+03   3.0475427e+04
   3.8400000e+02  -3.1321604e+02   2.6765575e+04
   3.8500000e+02  -3.4065081e+04  -5.4146248e+03
   3.8600000e+02  -4.2762726e+04  -2.4747343e+04
   3.8700000e+02  -1.8810171e+04  -1.1814247e+04
   3.8800000e+02  -2.3679317e+03   7.8305350e+03
   3.8900000e+02  -2.5859839e+03   1.0122663e+04
   3.9000000e+02   2.5690730e+02   5.1221446e+03
   3.9100000e+02   1.2734001e+04  -1.8107947e+03
   3.9200000e+02   1.8692287e+04  -8.7215765e+03
   3.9300000e+02   8.8119996e+03  -6.6674087e+03
   3.9400000e+02   3.6446559e+02  -5.9625340e+02
   3.9500000e+02   5.1377717e+03  -1.5776755e+03
   3.9600000e+02   1.7313137e+04  -1.1171416e+04
   3.9700000e+02   2.0801121e+04  -1.4828969e+04
   3.9800000e+02   5.1772327e+03  -3.1511546e+03
   3.9900000e+02  -1.6086677e+04   7.8696465e+03
   4.0000000e+02  -3.3510848e+04  -3.3136889e+03
   4.0100000e+02  -4.0594125e+04  -2.9619476e+04
   4.0200000e+02  -2.1691131e+04  -2.9416077e+04
   4.0300000e+02   1.3104693e+04   5.6541345e+03
   4.0400000e+02   2.6141325e+04   2.9402914e+04
   4.0500000e+02  -6.3093279e+03   1.8847661e+04
   4.0600000e+02  -4.7705510e+04  -1.5009374e+03
   4.0700000e+02  -3.9014231e+04  -5.5012414e+03
   4.0800000e+02   5.0102258e+03  -1.9496334e+03
   4.0900000e+02   3.0745436e+04  -2.2729167e+03
   4.1000000e+02   2.9270981e+04   4.9460187e+03
   4.1100000e+02   1.6799416e+04   8.3887500e+03
   4.1200000e+02  -9.9129906e+01  -4.7830711e+03
   4.1300000e+02  -1.2667212e+04  -1.5339836e+04
   4.1400000e+02  -3.4605566e+03  -1.2342719e+04
   4.1500000e+02   2.1811126e+04  -7.0329683e+02
   4.1600000e+02   2.5639993e+04   8.0085071e+03
   4.1700000e+02  -2.8362067e+03   2.8231804e+03
   4.1800000e+02  -1.5939602e+04  -1.8005185e+03
   4.1900000e+02   8.6452001e+03   1.2653565e+04
   4.2000000e+02   1.4483798e+04   2.3035587e+04
   4.2100000e+02  -1.5283816e+04   2.8760927e+03
   4.2200000e+02  -2.0661640e+04  -1.9040706e+04
   4.2300000e+02   4.4018432e+03  -1.4396943e+04
   4.2400000e+02   1.7539550e+04   2.5363685e+03
   4.2500000e+02   1.7787925e+04   1.6324690e+04
   4.2600000e+02   1.6303175e+04   1.4351002e+04
   4.2700000e+02   2.7655402e+03  -9.0062304e+03
   4.2800000e+02  -2.0399420e+04  -2.5907701e+04
   4.2900000e+02  -2.2076215e+04  -7.9747967e+03
   4.3000000e+02   9.8970967e+03   1.5997422e+04
   4.3100000e+02   3.2920031e+04   4.3867511e+03
   4.3200000e+02   1.1805019e+04  -1.2568573e+04
   4.3300000e+02  -1.6228932e+04   2.9065207e+03
   4.3400000e+02  -5.1292227e+03   1.9020770e+04
   4.3500000e+02   1.6997168e+04  -3.7575526e+02
   4.3600000e+02   1.0067696e+04  -2.8740723e+04
   4.3700000e+02  -8.3485855e+02  -1.3885995e+04
   4.3800000e+02   1.0642345e+04   2.8720297e+04
   4.3900000e+02   1.8408347e+04   3.8156120e+04
   4.4000000e+02   3.7662523e+03   7.8193048e+03
   4.4100000e+02  -1.2004997e+04  -2.4357754e+04
   4.4200000e+02  -9.9658428e+03  -2.3461911e+04
   4.4300000e+02   3.3995822e+03   5.6929443e+03
   4.4400000e+02   8.4098142e+03   1.9740919e+04
   4.4500000e+02   1.1475356e+03   6.0285956e+03
   4.4600000e+02   4.2568769e+03  -1.1120724e+04
   4.4700000e+02   1.7270010e+04  -1.4339596e+04
   4.4800000e+02   9.2235827e+03  -8.3262745e+03
   4.4900000e+02  -1.6985777e+04  -6.1972044e+03
   4.5000000e+02  -2.6367205e+04  -7.4243967e+03
   4.5100000e+02  -5.2763159e+03  -8.4419483e+03
   4.5200000e+02   2.4045243e+04  -2.1485460e+03
   4.5300000e+02   2.3485446e+04   1.7509603e+04
   4.5400000e+02  -1.7249227e+04   2.8483537e+04
   4.5500000e+02  -5.1679708e+04   1.0406398e+04
   4.5600000e+02  -3.4907608e+04  -1.7186535e+04
   4.5700000e+02   3.5170076e+03  -1.9881945e+04
   4.5800000e+02   1.4523756e+04   4.4740745e+03
   4.5900000e+02   2.6568838e+03   2.6078808e+04
   4.6000000e+02  -6.6017923e+03   2.4538138e+04
   4.6100000e+02  -6.2082398e+03   8.1012569e+03
   4.6200000e+02  -6.0060041e+03  -1.7907881e+03
   4.6300000e+02  -6.5414667e+03  -2.6921175e+03
   4.6400000e+02   2.2200662e+03  -6.2312059e+03
   4.6500000e+02   9.9683189e+03  -9.7790496e+03
   4.6600000e+02   1.0863182e+04  -6.1415048e+03
   4.6700000e+02   1.2079001e+04   8.0127876e+03
   4.6800000e+02   5.3828247e+03   2.4427842e+04
   4.6900000e+02  -9.7006322e+03   1.8733826e+04
   4.7000000e+02  -2.2442200e+04  -1.3079229e+04
   4.7100000e+02  -2.6837423e+04  -3.5026690e+04
   4.7200000e+02  -1.2257518e+04  -1.5564598e+04
   4.7300000e+02   1.6784156e+04   2.0128009e+04
   4.7400000e+02   2.6358258e+04   2.7904450e+04
   4.7500000e+02   2.5269172e+03   1.1243871e+04
   4.7600000e+02  -2.0171719e+04  -4.5810384e+03
   4.7700000e+02  -1.9187915e+04  -1.2549118e+04
   4.7800000e+02  -6.9578707e+03  -9.4836746e+03
   4.7900000e+02   1.0624633e+04   6.9108094e+03
   4.8000000e+02   2.5360237e+04   1.4121842e+04
   4.8100000e+02   2.0534840e+04  -1.2254343e+03
   4.8200000e+02   7.9423110e+02  -4.3524842e+03
   4.8300000e+02  -9.2511071e+03   1.2253192e+04
   4.8400000e+02  -1.8528955e+03   5.5835918e+03
   4.8500000e+02   2.8525660e+03  -2.3672855e+04
   4.8600000e+02  -1.1552752e+03  -2.7746697e+04
   4.8700000e+02  -4.3644499e+03  -1.4302269e+03
   4.8800000e+02  -4.4714787e+03   7.1779596e+03
   4.8900000e+02   5.8424620e+02  -7.5767232e+03
   4.9000000e+02   2.0163156e+03  -4.5520429e+03
   4.9100000e+02  -4.1730616e+03   1.0116313e+04
   4.9200000e+02  -8.2864678e+03   6.5849434e+03
   4.9300000e+02  -6.5833574e+03  -1.0556468e+04
   4.9400000e+02   4.8110468e+03  -1.5243481e+04
   4.9500000e+02   1.2186454e+04  -9.5777717e+01
   4.9600000e+02   2.6391178e+03  -2.1950888e+03
   4.9700000e+02  -5.0008580e+03  -2.9833602e+04
   4.9800000e+02  -2.1654378e+03  -3.1249790e+04
   4.9900000e+02   1.0096523e+04   6.9289189e+03
   5.0000000e+02   2.6267560e+04   3.2665880e+04
   5.0100000e+02   1.6593896e+04   8.5130480e+03
   5.0200000e+02  -1.7001239e+04  -3.1950042e+04
   5.0300000e+02  -2.6719450e+04  -3.0456773e+04
   5.0400000e+02  -6.7988881e+02   1.0330904e+04
   5.0500000e+02   2.2344592e+04   3.2117013e+04
   5.0600000e+02   1.8476055e+04   7.8900142e+03
   5.0700000e+02  -7.1428416e+03  -1.7433132e+04
   5.0800000e+02  -3.5224744e+04  -4.1798686e+03
   5.0900000e+02  -3.2597825e+04   1.8724400e+04
   5.1000000e+02   2.7048436e+03   6.2491323e+03
   5.1100000e+02   2.9501327e+04  -2.8612245e+04
   5.1200000e+02   2.4204654e+04  -3.0561562e+04
   5.1300000e+02   1.6795005e+03   1.4872364e+02
   5.1400000e+02  -1.3504473e+04   1.2087187e+04
   5.1500000e+02  -1.2172312e+04   1.6051628e+03
   5.1600000e+02   1.5811594e+03  -4.1915531e+03
   5.1700000e+02   1.1717244e+04  -7.3995522e+03
   5.1800000e+02  -8.4747545e+02  -1.5534325e+04
   5.1900000e+02  -1.5661999e+04  -9.1488288e+03
   5.2000000e+02  -7.5028250e+02   2.2931805e+04
   5.2100000e+02   2.4370487e+04   4.6965007e+04
   5.2200000e+02   2.4212686e+04   3.1888701e+04
   5.2300000e+02  -2.5850524e+03  -3.3672716e+02
   5.2400000e+02  -2.9142666e+04  -6.0083476e+02
   5.2500000e+02  -2.4392060e+04   2.6822573e+04
   5.2600000e+02   1.0967624e+04   2.2503570e+04
   5.2700000e+02   3.5599991e+04  -1.1094649e+04
   5.2800000e+02   2.2862635e+04  -1.6024031e+04
   5.2900000e+02  -3.2483747e+03   8.8284168e+03
   5.3000000e+02  -1.4942882e+04   1.6289873e+04
   5.3100000e+02  -1.4449376e+04  -6.0487594e+03
   5.3200000e+02  -7.5251976e+03  -1.9036962e+04
   5.3300000e+02   7.2358189e+03  -7.1489029e+03
   5.3400000e+02   1.7831762e+04   6.3021174e+03
   5.3500000e+02   6.4444459e+03   1.1767416e+04
   5.3600000e+02  -1.3309683e+04   7.5764258e+03
   5.3700000e+02  -1.0880480e+04   4.3494854e+03
   5.3800000e+02   8.1453258e+03   9.9867238e+03
   5.3900000e+02   1.1246803e+04   5.8110173e+03
   5.4000000e+02  -5.0855639e+03  -4.4653770e+03
   5.4100000e+02  -1.1088695e+04   2.4180217e+03
   5.4200000e+02  -9.0998140e+02   2.4653818e+04
   5.4300000e+02   2.7658742e+03   2.8605730e+04
   5.4400000e+02   1.7608030e+02  -6.3262102e+03
   5.4500000e+02   3.1411971e+03  -3.1965406e+04
   5.4600000e+02   5.2054304e+03  -7.3478231e+03
   5.4700000e+02   2.5856516e+03   2.3139001e+04
   5.4800000e+02   4.7214999e+03   1.5639568e+04
   5.4900000e+02   9.1409715e+03  -5.2493645e+03
   5.5000000e+02   4.3287156e+02  -1.0983881e+04
   5.5100000e+02  -1.0712603e+04  -1.2472561e+04
   5.5200000e+02  -6.5473741e+03  -1.4373174e+04
   5.5300000e+02  -7.2750864e+03  -1.0487822e+04
   5.5400000e+02  -1.7574470e+04  -6.3682946e+03
   5.5500000e+02  -4.4390216e+03  -5.7223599e+03
   5.5600000e+02   1.7571672e+04  -1.0415127e+04
   5.5700000e+02   1.1150851e+03  -1.1704021e+04
   5.5800000e+02  -2.9870734e+04  -3.7569471e+03
   5.5900000e+02  -1.8767554e+04  -1.7428799e+03
   5.6000000e+02   1.9975760e+04  -6.1324171e+03
   5.6100000e+02   2.8860425e+04  -1.0215924e+04
   5.6200000e+02  -1.6957411e+03  -1.5752423e+04
   5.6300000e+02  -1.9129934e+04  -1.2413824e+04
   5.6400000e+02   1.5976782e+03   5.7013938e+03
   5.6500000e+02   1.5875808e+04   2.0504923e+04
   5.6600000e+02   1.9243698e+03   6.1791977e+03
   5.6700000e+02  -1.1168545e+04  -2.6161240e+04
   5.6800000e+02  -1.1033691e+04  -2.6965947e+04
   5.6900000e+02  -1.1914584e+04   9.5156181e+03
   5.7000000e+02  -1.6168748e+04   2.5950745e+04
   5.7100000e+02  -6.9148937e+03   2.9569461e+03
   5.7200000e+02   5.1836123e+03  -1.0677723e+04
   5.7300000e+02  -4.7716840e+03   2.9691773e+02
   5.7400000e+02  -1.7202299e+04   9.6594947e+02
   5.7500000e+02  -7.4806487e+03  -1.2861580e+04
   5.7600000e+02   1.4880297e+04  -1.5127893e+04
   5.7700000e+02   2.2639216e+04   8.1651741e+02
   5.7800000e+02  -1.8316916e+02   8.8702859e+03
   5.7900000e+02  -2.2702086e+04  -2.4226185e+03
   5.8000000e+02  -9.0379194e+03  -7.6177310e+03
   5.8100000e+02   2.2943666e+04  -1.7356144e+03
   5.8200000e+02   3.0405801e+04   3.2331035e+03
   5.8300000e+02   7.0371037e+03   1.4454207e+03
   5.8400000e+02  -1.2616847e+04  -1.1892951e+04
   5.8500000e+02  -1.3836377e+04  -9.5487213e+03
   5.8600000e+02  -8.8386217e+03   2.3183072e+04
   5.8700000e+02  -2.6316161e+03   4.2752328e+04
   5.8800000e+02   4.4779142e+03   2.3043936e+04
   5.8900000e+02   1.2907039e+04  -6.2637436e+03
   5.9000000e+02   9.6707776e+03  -1.2542192e+04
   5.9100000e+02  -1.0553796e+04   3.9684988e+03
   5.9200000e+02  -1.5054209e+04   2.4286445e+04
   5.9300000e+02   3.5953078e+03   2.3867142e+04
   5.9400000e+02   8.0505724e+03  -6.3007304e+03
   5.9500000e+02  -3.7259684e+03  -3.1957435e+04
   5.9600000e+02   3.0046408e+03  -1.9543527e+04
   5.9700000e+02   2.2662713e+04   1.1224418e+04
   5.9800000e+02   1.8615058e+04   1.4281831e+04
   5.9900000e+02  -3.9757556e+03  -1.5344492e+04
   6.0000000e+02  -8.4516970e+03  -2.8812173e+04
   6.0100000e+02   6.7002021e+03  -5.9254375e+03
   6.0200000e+02   7.5796586e+03   1.7728745e+04
   6.0300000e+02  -5.6217171e+03   1.6380235e+04
   6.0400000e+02  -1.0519866e+03  -2.6326538e+03
   6.0500000e+02   9.4559372e+03  -1.0888289e+04
   6.0600000e+02   1.0154123e+03   6.1233810e+03
   6.0700000e+02  -7.9471187e+03   1.7946300e+04
   6.0800000e+02   6.2125567e+03   6.5226711e+03
   6.0900000e+02   3.5338067e+04   8.0016752e+02
   6.1000000e+02   3.8060285e+04   9.1927678e+03
   6.1100000e+02  -9.9816609e+02   1.0040021e+04
   6.1200000e+02  -2.8855490e+04   2.8155042e+03
   6.1300000e+02  -1.1614581e+04  -4.1757096e+03
   6.1400000e+02   1.1703052e+04  -3.2220200e+03
   6.1500000e+02   6.4341827e+03   8.0123648e+03
   6.1600000e+02  -3.5150283e+03   5.9435717e+03
   6.1700000e+02   3.6722137e+03  -9.0070948e+03
   6.1800000e+02   3.0059664e+03  -7.5670536e+03
   6.1900000e+02  -1.4180570e+04   3.1708442e+02
   6.2000000e+02  -2.3592251e+04  -7.1323436e+03
   6.2100000e+02  -1.8518738e+04  -1.3492035e+04
   6.2200000e+02  -2.7242625e+03  -1.2062583e+03
   6.2300000e+02   1.9500962e+04   1.1981800e+04
   6.2400000e+02   2.6997915e+04   6.3348960e+03
   6.2500000e+02   6.3014896e+03  -7.5498395e+03
   6.2600000e+02  -1.8074686e+04  -1.2146358e+04
   6.2700000e+02  -1.4340126e+04  -2.8439712e+03
   6.2800000e+02   7.6473573e+03   1.0025086e+04
   6.2900000e+02   9.8720282e+03   1.3049738e+04
   6.3000000e+02  -9.0627205e+03   9.3296748e+03
   6.3100000e+02  -9.0556069e+03   3.8702350e+03
   6.3200000e+02   4.6060899e+03  -2.4638130e+03
   6.3300000e+02  -1.1201631e+04  -1.0725039e+03
   6.3400000e+02  -3.2837175e+04   9.2900255e+03
   6.3500000e+02  -1.5475055e+04   1.0696725e+04
   6.3600000e+02   1.1357753e+04  -7.5079971e+03
   6.3700000e+02   3.2530901e+03  -2.0253768e+04
   6.3800000e+02  -2.5684346e+04  -5.2860810e+03
   6.3900000e+02  -3.1896544e+04   1.2492192e+04
   6.4000000e+02  -2.9100244e+03   4.9346247e+03
   6.4100000e+02   2.4295446e+04  -1.2435302e+04
   6.4200000e+02   1.4446757e+04  -1.4223794e+04
   6.4300000e+02  -6.7285851e+03  -6.6746803e+03
   6.4400000e+02   3.4944716e+03  -5.0898003e+03
   6.4500000e+02   2.2624373e+04  -8.6995142e+03
   6.4600000e+02   5.9174207e+03  -7.3325966e+03
   6.4700000e+02  -3.0637181e+04   6.2922198e+03
   6.4800000e+02  -3.5203278e+04   1.0611421e+04
   6.4900000e+02   9.3330070e+02  -1.2091430e+04
   6.5000000e+02   2.4092690e+04  -2.2516817e+04
   6.5100000e+02  -5.2924500e+02   8.6839940e+03
   6.5200000e+02  -3.1165643e+04   3.5728878e+04
   6.5300000e+02  -1.9044857e+04   1.1231035e+04
   6.5400000e+02   1.7516889e+04  -2.7719833e+04
   6.5500000e+02   2.6896477e+04  -2.1833291e+04
   6.5600000e+02   1.6587135e+03   6.0500603e+03
   6.5700000e+02  -1.5480881e+04   3.4051519e+03
   6.5800000e+02   1.6213313e+03  -1.8540490e+04
   6.5900000e+02   2.6716723e+04  -1.3687571e+04
   6.6000000e+02   2.6379825e+04   1.4366896e+04
   6.6100000e+02   4.8697316e+03   1.3917707e+04
   6.6200000e+02  -1.7499267e+04  -1.4914424e+04
   6.6300000e+02  -1.9353500e+04  -2.2589631e+04
   6.6400000e+02   7.5461201e+03  -3.3768349e+03
   6.6500000e+02   2.6715250e+04   1.6509987e+04
   6.6600000e+02   9.9174662e+03   2.1431518e+04
   6.6700000e+02  -1.5763020e+04   7.9982019e+03
   6.6800000e+02  -2.0492302e+04  -6.5866585e+03
   6.6900000e+02  -5.8345184e+03  -4.1184138e+03
   6.7000000e+02   1.3461546e+04   6.0362779e+03
   6.7100000e+02   2.6431558e+04   1.0619798e+04
   6.7200000e+02   2.1478303e+04   1.0019756e+04
   6.7300000e+02   1.5844671e+03   1.7879509e+02
   6.7400000e+02  -4.5475313e+03  -9.5505123e+03
   6.7500000e+02   2.0414362e+03  -4.7257924e+03
   6.7600000e+02  -2.5752822e+03  -2.2812000e+03
   6.7700000e+02  -1.1499322e+03  -4.6310203e+03
   6.7800000e+02   2.3187065e+04   2.7163413e+03
   6.7900000e+02   3.9228489e+04   3.8499822e+03
   6.8000000e+02   1.6739318e+04  -3.8658148e+03
   6.8100000e+02  -2.4337004e+04   1.9912066e+03
   6.8200000e+02  -3.4568803e+04   1.3501683e+04
   6.8300000e+02  -3.4077007e+03   4.2373279e+03
   6.8400000e+02   1.9146985e+04  -1.2062026e+04
   6.8500000e+02   2.2463320e+03   6.6004829e+01
   6.8600000e+02  -1.4761235e+04   2.0030692e+04
   6.8700000e+02   7.2288070e+02   5.7961208e+03
   6.8800000e+02   1.6323758e+04  -1.4446551e+04
   6.8900000e+02  -5.1713911e+03   3.9555749e+03
   6.9000000e+02  -3.2742042e+04   2.5871303e+04
   6.9100000e+02  -9.5741628e+03   1.2766651e+03
   6.9200000e+02   3.3954088e+04  -3.2535041e+04
   6.9300000e+02   2.4871923e+04  -2.1015494e+04
   6.9400000e+02  -1.6618902e+04   1.3197368e+04
   6.9500000e+02  -2.3484281e+04   2.3368419e+04
   6.9600000e+02   8.6896501e+02   8.0096276e+03
   6.9700000e+02   5.8929945e+03  -1.7318461e+03
   6.9800000e+02  -1.0179634e+04   5.4744380e+03
   6.9900000e+02  -8.5575484e+03   5.3527644e+03
   7.0000000e+02   7.3307353e+03  -9.3768161e+03
   7.0100000e+02   9.1371310e+03  -8.9392714e+03
   7.0200000e+02  -3.0244796e+03   1.1027878e+04
   7.0300000e+02  -8.8816004e+03   1.3257318e+04
   7.0400000e+02  -6.6011064e+02  -5.6482831e+03
   7.0500000e+02   1.5494798e+02  -1.3179698e+04
   7.0600000e+02  -1.2199376e+04  -9.5934197e+03
   7.0700000e+02  -1.3924010e+04  -1.1159719e+04
   7.0800000e+02   1.5152319e+03  -1.1968853e+04
   7.0900000e+02   1.5116749e+04   1.8982206e+03
   7.1000000e+02   6.6742462e+03   2.4201761e+04
   7.1100000e+02  -9.8760009e+03   2.5505955e+04
   7.1200000e+02  -1.2153722e+04   1.5000376e+03
   7.1300000e+02  -1.2450097e+04  -1.3890907e+04
   7.1400000e+02  -1.3248173e+04   1.7181327e+02
   7.1500000e+02  -4.8058733e+03   2.3672692e+04
   7.1600000e+02   6.7584082e+01   2.4439362e+04
   7.1700000e+02  -6.0183566e+03   2.5615092e+03
   7.1800000e+02  -8.2803155e+03  -1.4779272e+04
   7.1900000e+02   1.3103692e+03  -7.5055681e+03
   7.2000000e+02   5.7233416e+03   7.9655758e+03
   7.2100000e+02  -4.9617756e+02  -1.0567156e+03
   7.2200000e+02  -2.9927620e+03  -1.8620651e+04
   7.2300000e+02  -4.4810620e+03  -1.8237022e+04
   7.2400000e+02  -4.3721566e+03  -1.0549441e+04
   7.2500000e+02   1.0939356e+04   1.3169090e+03
   7.2600000e+02   3.1479439e+04   1.1002762e+04
   7.2700000e+02   2.7695550e+04   2.4391084e+03
   7.2800000e+02  -1.5174399e+03  -1.2067155e+04
   7.2900000e+02  -1.8560992e+04  -1.2625826e+04
   7.3000000e+02  -8.6447630e+03  -2.6558402e+03
   7.3100000e+02   3.6645250e+03  -1.6280862e+03
   7.3200000e+02   1.8037628e+03  -9.9161195e+03
   7.3300000e+02  -4.8503705e+03  -6.3513860e+03
   7.3400000e+02   6.3788831e+02   6.0164244e+03
   7.3500000e+02   9.4950812e+03   4.9113088e+03
   7.3600000e+02   8.5845376e+02  -1.0368866e+04
   7.3700000e+02  -1.8587897e+04  -2.0962810e+04
   7.3800000e+02  -2.3295489e+04  -1.4430814e+04
   7.3900000e+02  -7.0134139e+02   6.6709029e+03
   7.4000000e+02   2.7224247e+04   2.1691240e+04
   7.4100000e+02   3.1408003e+04   7.0254635e+03
   7.4200000e+02   1.0099984e+04  -1.7811044e+04
   7.4300000e+02  -1.6130851e+04  -1.0510894e+04
   7.4400000e+02  -2.1383258e+04   2.0103545e+04
   7.4500000e+02  -8.6078313e+03   2.4949201e+04
   7.4600000e+02   4.8423167e+03  -3.4269221e+03
   7.4700000e+02   1.3579156e+04  -1.8794468e+04
   7.4800000e+02   3.8096869e+03  -4.6459815e+03
   7.4900000e+02  -1.2391041e+04   9.2982254e+03
   7.5000000e+02  -2.2173334e+03   3.8073530e+03
   7.5100000e+02   1.5731484e+04  -1.7191250e+04
   7.5200000e+02   9.1640609e+03  -2.5869927e+04
   7.5300000e+02  -5.1548278e+03  -6.8966676e+03
   7.5400000e+02  -3.1222092e+03   7.4207503e+03
   7.5500000e+02   2.6567250e+03  -5.2508018e+03
   7.5600000e+02  -7.7025663e+02  -2.3116487e+04
   7.5700000e+02   1.0943088e+03  -1.3915660e+04
   7.5800000e+02   1.0850552e+04   2.0101964e+04
   7.5900000e+02   5.6118076e+03   3.6832425e+04
   7.6000000e+02  -1.7512630e+04   1.7468581e+04
   7.6100000e+02  -2.5295928e+04  -9.5395546e+03
   7.6200000e+02  -3.1472199e+03  -1.1930963e+04
   7.6300000e+02   1.8704694e+04   1.2197066e+04
   7.6400000e+02   1.6809170e+04   3.1656631e+04
   7.6500000e+02   9.9450521e+02   1.9197351e+04
   7.6600000e+02  -1.0306073e+04  -1.1707379e+04
   7.6700000e+02  -1.4461572e+04  -2.4924827e+04
   7.6800000e+02  -1.1285531e+04  -9.6853224e+03
   7.6900000e+02   9.6590532e+03   1.1937441e+04
   7.7000000e+02   2.9111731e+04   1.6263479e+04
   7.7100000e+02   1.7942385e+04   8.7854715e+02
   7.7200000e+02  -4.3063287e+03  -1.1277373e+04
   7.7300000e+02  -4.1779916e+03  -3.2696027e+03
   7.7400000e+02   1.5728520e+04   1.2251345e+04
   7.7500000e+02   2.1583361e+04   1.7959811e+04
   7.7600000e+02  -9.5717869e+02   1.2272895e+04
   7.7700000e+02  -1.8193288e+04   3.6410535e+03
   7.7800000e+02  -4.7393132e+03  -8.1849306e+02
   7.7900000e+02   1.7058453e+04   5.7029602e+03
   7.8000000e+02   1.1517106e+04   1.8701454e+04
   7.8100000e+02  -1.7590706e+04   1.8202337e+04
   7.8200000e+02  -3.1964433e+04   7.6770849e+03
   7.8300000e+02  -1.9787769e+04   4.1654301e+03
   7.8400000e+02   9.0783546e+02   5.3410653e+03
   7.8500000e+02   1.4837767e+04   4.2302825e+03
   7.8600000e+02   1.0969100e+04  -2.5205987e+03
   7.8700000e+02  -7.2489093e+03  -5.5412017e+03
   7.8800000e+02  -1.5672426e+04  -2.6131076e+03
   7.8900000e+02  -2.5150000e+00  -1.2333356e+04
   7.9000000e+02   2.1471387e+04  -2.2895325e+04
   7.9100000e+02   2.5935149e+04  -1.0781039e+04
   7.9200000e+02   8.8587802e+03   7.6831677e+03
   7.9300000e+02  -1.8342716e+04   1.0213095e+04
   7.9400000e+02  -2.6179561e+04   3.7603363e+03
   7.9500000e+02  -6.8757726e+03   3.8796745e+03
   7.9600000e+02   9.3547356e+03   2.3548225e+03
   7.9700000e+02   1.1074891e+04  -8.7655809e+03
   7.9800000e+02   7.5391236e+03  -9.9864354e+03
   7.9900000e+02  -4.8502606e+03   3.1749814e+03
   8.0000000e+02  -1.9782046e+04   8.8429130e+03
   8.0100000e+02  -1.5238034e+04  -2.5777774e+03
   8.0200000e+02   2.8817781e+03  -2.0452890e+04
   8.0300000e+02   8.1448233e+03  -2.7195063e+04
   8.0400000e+02  -7.7084184e+02  -2.0031725e+04
   8.0500000e+02  -1.0619314e+04  -1.4888028e+04
   8.0600000e+02  -1.1605907e+04  -9.0293499e+03
   8.0700000e+02  -1.5015038e+03   8.6127608e+03
   8.0800000e+02   2.7758713e+03   1.3833310e+04
   8.0900000e+02  -8.2848997e+03  -4.9194869e+03
   8.1000000e+02  -1.7850537e+04  -1.5475366e+04
   8.1100000e+02  -1.0233806e+04  -5.3914590e+03
   8.1200000e+02   1.5135574e+03   6.0874697e+03
   8.1300000e+02  -3.6585765e+03   4.2653500e+03
   8.1400000e+02  -8.6833076e+03  -6.3318699e+03
   8.1500000e+02   3.0270190e+03  -1.2199932e+04
   8.1600000e+02   8.7098698e+03  -1.3756002e+04
   8.1700000e+02   4.0705431e+03  -1.1028781e+04
   8.1800000e+02   4.6712975e+03  -3.6711495e+03
   8.1900000e+02   4.2256928e+03  -6.3816934e+03
   8.2000000e+02  -2.3466464e+03  -1.3974760e+04
   8.2100000e+02  -8.8192363e+03  -3.7688557e+03
   8.2200000e+02  -8.6559708e+03   1.6043342e+04
   8.2300000e+02   5.6058808e+03   2.0647706e+04
   8.2400000e+02   1.9095342e+04   1.4614242e+04
   8.2500000e+02   5.2040664e+03   9.5498777e+03
   8.2600000e+02  -1.7800542e+04  -2.1037663e+03
   8.2700000e+02  -1.2786742e+04  -1.0608082e+04
   8.2800000e+02   9.2200381e+03  -4.4906041e+03
   8.2900000e+02   1.9323555e+04   4.3549379e+03
   8.3000000e+02   1.3855155e+04   1.4355622e+04
   8.3100000e+02  -2.0235011e+03   1.5482879e+04
   8.3200000e+02  -1.1706606e+04  -5.6997710e+03
   8.3300000e+02   1.1020341e+03  -1.7249011e+04
   8.3400000e+02   1.2671928e+04   3.9637970e+03
   8.3500000e+02   5.7670845e+03   2.3113562e+04
   8.3600000e+02   6.7091418e+03   1.4799905e+04
   8.3700000e+02   1.5020827e+04   4.7838863e+03
   8.3800000e+02   7.5045635e+03   9.7680374e+03
   8.3900000e+02  -3.7791471e+03   1.0055407e+04
   8.4000000e+02  -6.6790574e+03  -1.4926097e+03
   8.4100000e+02  -6.2824592e+03  -9.2471543e+03
   8.4200000e+02   2.7183328e+03  -1.8476406e+03
   8.4300000e+02   2.1244447e+04   1.1815153e+04
   8.4400000e+02   2.5845909e+04   7.3975099e+03
   8.4500000e+02   3.2148550e+03  -1.3818924e+04
   8.4600000e+02  -1.3886118e+04  -1.6207536e+04
   8.4700000e+02  -1.3253343e+03   9.8098670e+03
   8.4800000e+02   1.6347452e+04   2.3674840e+04
   8.4900000e+02   1.5567518e+04   4.5604182e+03
   8.5000000e+02   1.2031236e+03  -1.3733893e+04
   8.5100000e+02  -3.6481938e+03  -7.7839605e+03
   8.5200000e+02   7.1410070e+03   5.4692803e+03
   8.5300000e+02   9.9669953e+03   7.0091710e+03
   8.5400000e+02   1.5277314e+02   2.3780771e+03
   8.5500000e+02  -8.1955981e+03   6.0371532e+03
   8.5600000e+02  -1.1104450e+04   1.1720297e+04
   8.5700000e+02  -7.1197786e+03   8.1005214e+03
   8.5800000e+02   1.0638955e+03  -1.3386950e+03
   8.5900000e+02   2.8830316e+03  -3.2235585e+03
   8.6000000e+02  -8.6621681e+03   1.1268547e+04
   8.6100000e+02  -1.9575057e+04   1.5094213e+04
   8.6200000e+02  -7.8118838e+03  -8.6894441e+03
   8.6300000e+02   1.5553367e+04  -1.9317584e+04
   8.6400000e+02   1.0974118e+04  -3.2178722e+03
   8.6500000e+02  -2.6075156e+04   2.2230160e+03
   8.6600000e+02  -4.0058486e+04  -1.2762122e+04
   8.6700000e+02  -7.7985710e+03  -2.5317024e+04
   8.6800000e+02   1.8481398e+04  -1.5694726e+04
   8.6900000e+02   1.0126616e+04   1.0591412e+04
   8.7000000e+02  -6.4945311e+03   2.0497451e+04
   8.7100000e+02  -4.8819422e+03  -1.8331218e+03
   8.7200000e+02   1.0999660e+04  -2.6921739e+04
   8.7300000e+02   1.1194510e+04  -1.6042106e+04
   8.7400000e+02  -1.0261442e+04   1.9692351e+04
   8.7500000e+02  -2.0832338e+04   2.5287194e+04
   8.7600000e+02   2.3473625e+02  -8.2784591e+03
   8.7700000e+02   2.8420185e+04  -2.7763968e+04
   8.7800000e+02   2.1295670e+04  -6.6369615e+03
   8.7900000e+02  -1.8420605e+04   2.0490292e+04
   8.8000000e+02  -4.0446370e+04   1.0542126e+04
   8.8100000e+02  -1.6702970e+04  -1.8868166e+04
   8.8200000e+02   1.2884734e+04  -1.6185652e+04
   8.8300000e+02   2.9337046e+03   7.8303912e+03
   8.8400000e+02  -1.4715035e+04   1.2233194e+04
   8.8500000e+02  -4.9191997e+02   2.6103030e+02
   8.8600000e+02   1.3863384e+04  -7.0701847e+03
   8.8700000e+02  -7.5377294e+03  -3.8211010e+02
   8.8800000e+02  -3.7977070e+04   1.0392507e+04
   8.8900000e+02  -2.5462955e+04   1.0282907e+04
   8.9000000e+02   1.5448199e+04   1.8444498e+03
   8.9100000e+02   1.6528846e+04  -1.0567262e+04
   8.9200000e+02  -1.5930196e+04  -2.0398516e+04
   8.9300000e+02  -1.3914452e+04  -1.2913253e+04
   8.9400000e+02   1.4985451e+04   1.1146044e+04
   8.9500000e+02   8.5984544e+03   2.3521340e+04
   8.9600000e+02  -2.1922561e+04   2.1094176e+03
   8.9700000e+02  -1.6532355e+04  -2.6346042e+04
   8.9800000e+02   2.3115159e+04  -2.6157711e+04
   8.9900000e+02   4.4525977e+04  -3.7722564e+03
   9.0000000e+02   2.7059247e+04   1.7173278e+04
   9.0100000e+02  -1.2353434e+03   1.8155279e+04
   9.0200000e+02  -1.4867140e+04  -1.1984713e+03
   9.0300000e+02  -9.6601437e+03  -1.4268728e+04
   9.0400000e+02   1.3306882e+04  -3.6311716e+03
   9.0500000e+02   3.0533570e+04   1.0778385e+04
   9.0600000e+02   1.7806584e+04   4.0352060e+03
   9.0700000e+02  -7.4175907e+03  -1.2109635e+04
   9.0800000e+02  -1.7558578e+04  -9.3436284e+03
   9.0900000e+02  -7.5543768e+03   1.3735445e+04
   9.1000000e+02   1.0557681e+04   2.9525837e+04
   9.1100000e+02   2.0016026e+04   1.2637572e+04
   9.1200000e+02   1.1755327e+04  -2.3040005e+04
   9.1300000e+02  -3.9216981e+03  -2.9457345e+04
   9.1400000e+02  -4.0630709e+03   7.6676780e+03
   9.1500000e+02   6.2406747e+03   3.4665700e+04
   9.1600000e+02   4.5361311e+03   1.4815468e+04
   9.1700000e+02  -7.7559817e+02  -1.6960038e+04
   9.1800000e+02   5.1834470e+03  -2.7346030e+04
   9.1900000e+02   1.4709584e+04  -1.3826017e+04
   9.2000000e+02   1.5211162e+04   9.7200568e+03
   9.2100000e+02   4.8272519e+02   1.0487242e+04
   9.2200000e+02  -2.1431348e+04  -1.1910077e+04
   9.2300000e+02  -2.4037004e+04  -2.1819750e+04
   9.2400000e+02   1.9760711e+03  -3.9647565e+03
   9.2500000e+02   1.9225002e+04   2.4956972e+04
   9.2600000e+02   1.8259145e+03   3.0891402e+04
   9.2700000e+02  -1.8981069e+04   7.5876659e+03
   9.2800000e+02  -1.4707427e+04  -1.2303808e+04
   9.2900000e+02  -1.4915813e+03  -1.0530953e+04
   9.3000000e+02  -1.8598945e+03   3.0639321e+03
   9.3100000e+02  -7.4411435e+03   1.1606805e+04
   9.3200000e+02   1.4506541e+03   8.7848368e+03
   9.3300000e+02   1.7880909e+04   5.2537095e+03
   9.3400000e+02   1.9235514e+04   7.3459315e+03
   9.3500000e+02   4.3190199e+03   5.4646076e+03
   9.3600000e+02  -6.2322314e+03  -3.1396703e+03
   9.3700000e+02  -5.4195284e+03  -7.3272935e+03
   9.3800000e+02  -2.1012248e+03  -2.9041767e+03
   9.3900000e+02   3.2529841e+03   9.3822618e+03
   9.4000000e+02   6.9322952e+03   2.0601427e+04
   9.4100000e+02   7.2085468e+02   1.0416261e+04
   9.4200000e+02  -1.0754245e+04  -1.5664966e+04
   9.4300000e+02  -1.2548667e+04  -2.8839237e+04
   9.4400000e+02   2.0894936e+03  -1.6045427e+04
   9.4500000e+02   8.4235422e+03   7.5010503e+03
   9.4600000e+02  -1.0163544e+04   1.5330062e+04
   9.4700000e+02  -2.3227310e+04   5.6256109e+03
   9.4800000e+02  -1.3268055e+04  -7.8428957e+03
   9.4900000e+02  -1.7296645e+03  -1.5039931e+04
   9.5000000e+02  -2.3639464e+03  -3.8654499e+03
   9.5100000e+02  -1.1735782e+04   1.5268826e+04
   9.5200000e+02  -1.9674083e+04   1.7707418e+04
   9.5300000e+02  -8.6925493e+03   1.0028724e+04
   9.5400000e+02   1.7047430e+04   1.3387268e+04
   9.5500000e+02   2.2431196e+04   1.6000370e+04
   9.5600000e+02   1.9025954e+03  -6.8924137e+02
   9.5700000e+02  -9.1761356e+03  -1.1075507e+04
   9.5800000e+02   4.3889193e+03   2.5026958e+03
   9.5900000e+02   2.0262390e+04   1.0660421e+04
   9.6000000e+02   1.5342634e+04   1.8252168e+03
   9.6100000e+02   4.0807539e+03  -4.7731770e+03
   9.6200000e+02   6.0326772e+03  -7.3566699e+03
   9.6300000e+02   3.0113784e+03  -1.7279028e+04
   9.6400000e+02  -9.6441715e+03  -2.2611036e+04
   9.6500000e+02  -9.3265356e+03  -8.0372580e+03
   9.6600000e+02   2.1583698e+03   5.7258418e+03
   9.6700000e+02   5.4769152e+03  -3.4553443e+03
   9.6800000e+02  -6.5759193e+03  -1.9480122e+04
   9.6900000e+02  -2.4968323e+04  -1.1919721e+04
   9.7000000e+02  -2.9987520e+04   1.1978277e+04
   9.7100000e+02  -8.6478252e+03   1.0979382e+04
   9.7200000e+02   1.5513161e+04  -1.1981916e+04
   9.7300000e+02   3.7069775e+03  -1.5820843e+04
   9.7400000e+02  -2.3521536e+04   3.8641678e+03
   9.7500000e+02  -1.4679728e+04   1.7316401e+04
   9.7600000e+02   1.8367870e+04   1.6788136e+03
   9.7700000e+02   2.7714670e+04  -2.4493684e+04
   9.7800000e+02   7.3097719e+03  -2.1804405e+04
   9.7900000e+02  -1.0730102e+04   5.9729456e+03
   9.8000000e+02  -1.6273496e+02   2.0275993e+04
   9.8100000e+02   2.7694673e+04   3.5067458e+03
   9.8200000e+02   2.9812656e+04  -1.7177770e+04
   9.8300000e+02  -4.1989684e+03  -7.2784793e+03
   9.8400000e+02  -2.8920795e+04   1.5602529e+04
   9.8500000e+02  -1.6987698e+04   7.6562894e+03
   9.8600000e+02   7.8366246e+03  -2.2849264e+04
   9.8700000e+02   1.0184149e+04  -2.6527837e+04
   9.8800000e+02  -1.4688129e+04   3.9281406e+03
   9.8900000e+02  -2.4848802e+04   2.3407015e+04
   9.9000000e+02   3.2129317e+03   4.2620408e+03
   9.9100000e+02   2.4734281e+04  -2.1023177e+04
   9.9200000e+02   4.9615588e+03  -9.7965414e+03
   9.9300000e+02  -2.1134579e+04   1.2358410e+04
   9.9400000e+02  -9.2556248e+03   5.6007433e+03
   9.9500000e+02   2.9355242e+04  -5.4621392e+03
   9.9600000e+02   4.4483565e+04   2.5148301e+02
   9.9700000e+02   1.3049029e+04   2.3077036e+03
   9.9800000e+02  -2.2565379e+04  -1.1299735e+03
   9.9900000e+02  -1.6532340e+04   6.2607429e+03
   1.0000000e+03   7.6764346e+03   6.0787794e+03
   1.0010000e+03   1.0778466e+04  -1.8403180e+04
   1.0020000e+03  -4.3658695e+02  -1.7452355e+04
   1.0030000e+03  -4.4171487e+03   2.4810085e+04
   1.0040000e+03   3.2524837e+02   3.4538184e+04
   1.0050000e+03  -5.3333556e+02   2.1975360e+02
   1.0060000e+03  -8.3870546e+03  -1.2610148e+04
   1.0070000e+03  -9.4538710e+03   6.3805194e+03
   1.0080000e+03  -2.4334997e+03   2.0654576e+04
   1.0090000e+03   7.5771130e+03   1.4684924e+04
   1.0100000e+03   1.8596849e+04  -3.7832200e+02
   1.0110000e+03   2.0245673e+04  -3.0942815e+03
   1.0120000e+03   6.7464180e+03   1.1682665e+04
   1.0130000e+03  -3.9214125e+03   1.8712434e+04
   1.0140000e+03  -4.8696834e+02   3.1727956e+03
   1.0150000e+03   4.0968650e+03  -9.2998882e+03
   1.0160000e+03   7.1674450e+03  -3.7949200e+03
   1.0170000e+03   3.9742252e+03  -5.4291939e+02
   1.0180000e+03  -1.1921730e+04  -8.4429736e+02
   1.0190000e+03  -1.4552686e+04   1.1802205e+04
   1.0200000e+03  -2.3062297e+03   2.0059095e+04
   1.0210000e+03  -6.5399941e+03   5.2777089e+03
   1.0220000e+03  -1.8124839e+04  -8.9466652e+03
   1.0230000e+03  -1.3107490e+04  -2.3322413e+03
   1.0240000e+03   1.9950426e+03   1.4018156e+04
   1.0250000e+03   1.3126929e+04   1.7744501e+04
   1.0260000e+03   1.3283769e+04  -2.0087979e+02
   1.0270000e+03   2.1595967e+03  -1.6993366e+04
   1.0280000e+03  -3.0789605e+03  -1.2914797e+04
   1.0290000e+03   8.0871416e+03   3.9189911e+03
   1.0300000e+03   1.0397394e+04   1.7843166e+04
   1.0310000e+03  -3.1684414e+03   1.1950323e+04
   1.0320000e+03  -3.9464362e+03  -1.0679701e+04
   1.0330000e+03   7.2028222e+03  -2.3655319e+04
   1.0340000e+03   8.2336569e+03  -1.5205013e+04
   1.0350000e+03  -7.5088827e+02   1.1909326e+03
   1.0360000e+03  -8.2648375e+03   8.7857111e+03
   1.0370000e+03  -1.1025133e+04   6.5236271e+03
   1.0380000e+03  -1.0310060e+04  -3.5041522e+03
   1.0390000e+03  -6.7537231e+03  -1.8509398e+04
   1.0400000e+03  -5.9462673e+03  -2.1114015e+04
   1.0410000e+03  -4.4183496e+03  -5.5796962e+03
   1.0420000e+03   2.6146687e+03   8.2156994e+03
   1.0430000e+03   1.4922014e+03   1.8767727e+03
   1.0440000e+03  -8.0752229e+03  -1.5420914e+04
   1.0450000e+03  -1.2280199e+04  -1.7031825e+04
   1.0460000e+03  -1.1794036e+04  -1.4057412e+03
   1.0470000e+03  -1.2296492e+04   1.2189888e+04
   1.0480000e+03  -1.2560349e+04   1.4585627e+04
   1.0490000e+03  -5.9673955e+03   1.7228296e+03
   1.0500000e+03   5.4945981e+03  -1.9943906e+04
   1.0510000e+03   1.0842226e+04  -2.2499653e+04
   1.0520000e+03   2.7718975e+03   2.5011479e+03
   1.0530000e+03  -1.6036834e+04   1.5669145e+04
   1.0540000e+03  -2.1228004e+04  -2.7598150e+03
   1.0550000e+03   2.6497680e+03  -1.9464660e+04
   1.0560000e+03   2.3775873e+04  -1.9795657e+04
   1.0570000e+03   7.3446262e+03  -1.8402179e+04
   1.0580000e+03  -2.0867833e+04  -1.3094333e+04
   1.0590000e+03  -1.0034888e+04   1.0671659e+03
   1.0600000e+03   2.1470873e+04   1.0439923e+04
   1.0610000e+03   1.3211943e+04   4.2141925e+03
   1.0620000e+03  -2.5987085e+04  -6.9499950e+03
   1.0630000e+03  -3.1984679e+04  -6.8564819e+03
   1.0640000e+03   4.9796499e+03   4.8910729e+03
   1.0650000e+03   2.9347338e+04   1.2207209e+04
   1.0660000e+03   2.0650295e+04   6.2039828e+03
   1.0670000e+03   4.8797847e+03   2.4772413e+02
   1.0680000e+03  -9.5620891e+03   2.5203286e+03
   1.0690000e+03  -1.1433600e+04   5.3424295e+03
   1.0700000e+03   1.1734477e+04   1.5807208e+02
   1.0710000e+03   3.2527728e+04  -1.1955877e+04
   1.0720000e+03   2.2526326e+04  -1.3103524e+04
   1.0730000e+03  -3.9520660e+03   2.5798664e+03
   1.0740000e+03  -1.1122587e+04   1.8700188e+04
   1.0750000e+03   4.9309444e+03   2.1280717e+04
   1.0760000e+03   1.2866885e+04   6.2389212e+03
   1.0770000e+03   3.7069032e+03  -8.2878881e+03
   1.0780000e+03  -2.5735967e+03  -4.6485644e+02
   1.0790000e+03   1.5448280e+03   2.1563580e+04
   1.0800000e+03   4.3338039e+03   2.8050342e+04
   1.0810000e+03   8.6238969e+02   3.2773767e+03
   1.0820000e+03   9.4196192e+02  -1.7039147e+04
   1.0830000e+03   6.3356038e+03   8.3652892e+02
   1.0840000e+03   6.9283028e+03   2.2373270e+04
   1.0850000e+03   5.0379731e+03   1.2144753e+04
   1.0860000e+03   1.5531418e+04  -8.7987537e+03
   1.0870000e+03   2.8160786e+04  -7.4402342e+03
   1.0880000e+03   1.4340402e+04   1.1528393e+04
   1.0890000e+03  -1.5240996e+04   1.4500879e+04
   1.0900000e+03  -2.2744830e+04  -2.3491814e+03
   1.0910000e+03  -9.6137291e+02  -2.1208579e+03
   1.0920000e+03   1.8855048e+04   1.9267320e+04
   1.0930000e+03   1.2377304e+04   1.9293511e+04
   1.0940000e+03  -4.9583554e+02  -2.3371914e+03
   1.0950000e+03  -4.6311245e+03  -7.6050516e+03
   1.0960000e+03  -1.5428918e+04   3.5605900e+02
   1.0970000e+03  -2.0509986e+04   3.1360178e+03
   1.0980000e+03  -3.3411635e+03   2.1293676e+03
   1.0990000e+03   8.1174052e+03   2.3530836e+03
   1.1000000e+03  -1.4762348e+03   5.1246571e+03
   1.1010000e+03  -9.1954791e+03   9.8746570e+01
   1.1020000e+03  -5.6534863e+03  -1.0818300e+04
   1.1030000e+03  -1.3008796e+03  -1.2975583e+04
   1.1040000e+03  -3.8068714e+02  -1.2374433e+04
   1.1050000e+03  -3.0134458e+02  -1.1148316e+04
   1.1060000e+03   2.1456588e+03  -7.0989105e+02
   1.1070000e+03   1.8562492e+03   4.9222076e+03
   1.1080000e+03  -4.4429836e+03  -8.8064288e+03
   1.1090000e+03  -6.1501473e+03  -1.8553167e+04
   1.1100000e+03  -1.3689979e+03  -1.6718824e+03
   1.1110000e+03   1.7849397e+03   1.3912306e+04
   1.1120000e+03  -1.6230797e+03  -3.5711497e+02
   1.1130000e+03  -1.1681377e+04  -1.9649283e+04
   1.1140000e+03  -1.9370399e+04  -8.7885223e+03
   1.1150000e+03  -2.1132779e+04   1.8016747e+04
   1.1160000e+03  -1.6380595e+04   1.6365386e+04
   1.1170000e+03  -1.9123070e+03  -1.2885103e+04
   1.1180000e+03   9.3608899e+03  -2.4981735e+04
   1.1190000e+03   3.0730008e+03  -1.1022110e+04
   1.1200000e+03  -1.4965861e+04  -4.4621636e+03
   1.1210000e+03  -2.2102125e+04  -9.9328859e+03
   1.1220000e+03  -4.5492408e+03  -2.3753089e+03
   1.1230000e+03   1.8573888e+04   6.0877482e+03
   1.1240000e+03   2.0322170e+04  -5.6781447e+03
   1.1250000e+03  -5.8875034e+03  -1.5009934e+04
   1.1260000e+03  -3.2671295e+04  -5.3412013e+03
   1.1270000e+03  -1.9866810e+04   1.0268238e+04
   1.1280000e+03   1.7436680e+04   1.8559478e+04
   1.1290000e+03   2.7948238e+04   1.4991526e+04
   1.1300000e+03   4.5350633e+03   6.6679111e+03
   1.1310000e+03  -1.8402104e+04   1.9366299e+03
   1.1320000e+03  -1.5668728e+04  -4.5697717e+02
   1.1330000e+03   3.6560447e+03  -4.6963379e+03
   1.1340000e+03   1.4721023e+04  -6.0391311e+03
   1.1350000e+03   8.6738593e+03   1.3730066e+03
   1.1360000e+03  -5.5726821e+03   8.7250953e+03
   1.1370000e+03  -1.3065507e+04   4.8282840e+03
   1.1380000e+03  -1.8226743e+03  -1.2933499e+04
   1.1390000e+03   1.8294527e+04  -2.7398067e+04
   1.1400000e+03   1.6741208e+04  -1.5965025e+04
   1.1410000e+03  -7.6627687e+03   5.4616948e+03
   1.1420000e+03  -1.4585583e+04   1.1399937e+04
   1.1430000e+03   8.7565069e+03   4.3652661e+03
   1.1440000e+03   2.6856901e+04  -2.6520628e+03
   1.1450000e+03   2.2216802e+04   1.3935102e+02
   1.1460000e+03   1.3212449e+04   6.1139358e+03
   1.1470000e+03   6.8160184e+03   7.8099315e+03
   1.1480000e+03   1.6477332e+03   1.2088735e+04
   1.1490000e+03   3.4226276e+03   1.4941051e+04
   1.1500000e+03   1.3612312e+03   6.4855004e+03
   1.1510000e+03  -1.0391435e+04  -5.1635029e+03
   1.1520000e+03  -1.2182014e+04  -4.1230322e+03
   1.1530000e+03   3.9194155e+03   5.6602881e+03
   1.1540000e+03   1.5007310e+04   7.7183150e+03
   1.1550000e+03  -5.6946420e+01  -1.8604579e+02
   1.1560000e+03  -1.2583456e+04  -1.2842778e+04
   1.1570000e+03   1.0116151e+04  -1.9211277e+04
   1.1580000e+03   2.7396758e+04  -5.9497174e+03
   1.1590000e+03   2.4760044e+03   1.1921598e+04
   1.1600000e+03  -1.8746050e+04   6.1986474e+03
   1.1610000e+03   5.4703812e+03  -8.0663595e+03
   1.1620000e+03   3.2770083e+04   3.0394976e+03
   1.1630000e+03   1.0460709e+04   1.4459331e+04
   1.1640000e+03  -2.7337001e+04  -2.8922102e+03
   1.1650000e+03  -2.0417381e+04  -1.0199244e+04
   1.1660000e+03   1.2689350e+04   9.5153376e+03
   1.1670000e+03   1.5930631e+04   1.8405889e+04
   1.1680000e+03  -8.4826277e+03   4.0390464e+03
   1.1690000e+03  -1.4111146e+04  -1.0995551e+04
   1.1700000e+03   3.6598130e+03  -8.0241801e+03
   1.1710000e+03   7.1105171e+03   3.7263171e+03
   1.1720000e+03  -7.8945097e+03  -9.0639900e+00
   1.1730000e+03  -6.4819004e+03  -1.4432416e+04
   1.1740000e+03   1.5719285e+04  -1.1033073e+04
   1.1750000e+03   1.8795653e+04   5.4169840e+03
   1.1760000e+03  -4.8388477e+03   3.7042105e+03
   1.1770000e+03  -1.6459469e+04  -7.6121295e+03
   1.1780000e+03  -6.6435836e+03   8.3158635e+02
   1.1790000e+03   3.8233825e+02   2.1787705e+04
   1.1800000e+03  -4.2477011e+03   2.6832126e+04
   1.1810000e+03  -8.5269028e+03   5.0139243e+03
   1.1820000e+03  -5.8742295e+03  -1.7147415e+04
   1.1830000e+03  -8.5414998e+03  -8.1871930e+03
   1.1840000e+03  -1.7130682e+04   1.9777931e+04
   1.1850000e+03  -1.2104494e+04   2.6953119e+04
   1.1860000e+03   3.0908089e+03  -3.1173710e+03
   1.1870000e+03   3.9917692e+03  -2.9682238e+04
   1.1880000e+03  -6.5721761e+03  -1.1034645e+04
   1.1890000e+03  -6.6220985e+03   2.1374239e+04
   1.1900000e+03  -2.3027613e+02   2.3733577e+04
   1.1910000e+03  -2.0856735e+02   5.7474873e+03
   1.1920000e+03  -1.4044207e+02  -5.5188451e+03
   1.1930000e+03   1.5836637e+03  -8.1602553e+02
   1.1940000e+03  -1.4417693e+02   7.5020662e+03
   1.1950000e+03  -6.6806150e+02   1.1380721e+03
   1.1960000e+03  -1.1855685e+03  -1.2903365e+04
   1.1970000e+03  -7.6435543e+03  -1.3401662e+04
   1.1980000e+03  -7.1500793e+03  -6.7699459e+03
   1.1990000e+03   3.9229495e+03  -1.0051335e+04
   1.2000000e+03  -5.2473383e+03  -1.5281392e+04
   1.2010000e+03  -3.2471025e+04  -7.2945362e+03
   1.2020000e+03  -2.4726576e+04   7.3713888e+03
   1.2030000e+03   2.2158587e+04   1.8767706e+03
   1.2040000e+03   4.1899539e+04  -2.0690189e+04
   1.2050000e+03   3.0081963e+03  -1.8284459e+04
   1.2060000e+03  -3.3407102e+04   9.0657873e+03
   1.2070000e+03  -6.7569735e+03   1.8362666e+04
   1.2080000e+03   3.8662270e+04   7.0333920e+02
   1.2090000e+03   2.9561288e+04  -1.2727377e+04
   1.2100000e+03  -8.4721774e+03  -5.5100151e+02
   1.2110000e+03  -1.0439195e+04   1.5089893e+04
   1.2120000e+03   7.8972562e+03   2.8110165e+03
   1.2130000e+03   4.5663886e+03  -2.4766614e+04
   1.2140000e+03  -6.2612335e+03  -2.8667380e+04
   1.2150000e+03  -5.7095153e+03   2.3695043e+02
   1.2160000e+03  -7.7017951e+02   2.7313779e+04
   1.2170000e+03   2.1560836e+03   2.4658515e+04
   1.2180000e+03   2.2218200e+00   2.2091388e+03
   1.2190000e+03  -1.7153079e+03  -1.9196226e+04
   1.2200000e+03   3.7482909e+03  -2.2090344e+04
   1.2210000e+03   8.5683545e+03  -1.0663979e+03
   1.2220000e+03   4.0583435e+03   1.7517204e+04
   1.2230000e+03  -1.7760883e+03   7.3949526e+03
   1.2240000e+03   2.4962924e+03  -1.2795560e+04
   1.2250000e+03   1.0601873e+04  -1.5323799e+04
   1.2260000e+03   1.0520085e+04  -3.2023810e+03
   1.2270000e+03  -4.6723736e+03   6.7894184e+03
   1.2280000e+03  -2.1719737e+04  -2.2497934e+03
   1.2290000e+03  -7.2572460e+03  -1.9307769e+04
   1.2300000e+03   2.2303144e+04  -1.0083572e+04
   1.2310000e+03   1.6680829e+04   1.8094636e+04
   1.2320000e+03  -9.9318625e+03   2.4648810e+04
   1.2330000e+03  -1.2945563e+04  -2.1780019e+03
   1.2340000e+03   4.6429522e+03  -2.8422411e+04
   1.2350000e+03   1.4864228e+04  -1.9743268e+04
   1.2360000e+03   9.7655626e+03   9.3801180e+03
   1.2370000e+03  -1.3846777e+03   2.9538494e+04
   1.2380000e+03  -8.9117460e+03   2.7879342e+04
   1.2390000e+03  -5.3181968e+03   2.4712958e+03
   1.2400000e+03   3.4337112e+03  -1.9999027e+04
   1.2410000e+03   2.6258140e+03  -8.3158361e+03
   1.2420000e+03  -7.8340743e+03   2.1712052e+04
   1.2430000e+03  -1.6140935e+04   2.4143011e+04
   1.2440000e+03  -1.0517540e+04  -1.3600288e+03
   1.2450000e+03   6.2818564e+03  -1.1468169e+04
   1.2460000e+03   1.0858300e+04  -4.7294283e+03
   1.2470000e+03  -6.5189226e+03  -3.0730890e+03
   1.2480000e+03  -1.7003896e+04  -8.9047135e+02
   1.2490000e+03   5.0084854e+02   2.7309255e+03
   1.2500000e+03   1.9107819e+04   5.4427487e+02
   1.2510000e+03   1.6999676e+04  -4.1112970e+03
   1.2520000e+03   7.7671689e+03  -1.2231531e+03
   1.2530000e+03  -2.5738390e+03   1.0009752e+04
   1.2540000e+03  -1.1158437e+04   1.3533595e+04
   1.2550000e+03  -2.1270621e+03   7.0490467e+03
   1.2560000e+03   1.9463597e+04   7.2470234e+03
   1.2570000e+03   2.4119873e+04   1.8310903e+04
   1.2580000e+03   4.2055116e+02   2.2171440e+04
   1.2590000e+03  -2.6567294e+04   8.0992896e+03
   1.2600000e+03  -2.1611348e+04  -2.9373650e+03
   1.2610000e+03   1.4058862e+04   1.5549834e+03
   1.2620000e+03   2.6613803e+04   7.5113240e+03
   1.2630000e+03  -7.6245337e+03   4.9821007e+03
   1.2640000e+03  -3.0152939e+04  -7.9266611e+03
   1.2650000e+03  -1.0190725e+04  -1.7829271e+04
   1.2660000e+03   1.1804360e+04  -1.1148737e+04
   1.2670000e+03   1.3618849e+04  -3.8991904e+03
   1.2680000e+03   2.7512488e+03  -8.6019598e+03
   1.2690000e+03  -8.2837915e+03  -1.1779001e+04
   1.2700000e+03   3.8659534e+02  -3.0540847e+03
   1.2710000e+03   1.8448526e+04   8.7646157e+03
   1.2720000e+03   6.9963505e+03   8.4109404e+03
   1.2730000e+03  -2.2605632e+04  -2.4252036e+03
   1.2740000e+03  -1.5473136e+04  -3.7234278e+03
   1.2750000e+03   2.1352104e+04   9.5581948e+03
   1.2760000e+03   2.5439308e+04   1.4035279e+04
   1.2770000e+03  -1.2063645e+04  -1.4212753e+03
   1.2780000e+03  -3.5950775e+04  -1.1942131e+04
   1.2790000e+03  -1.7066429e+04  -2.6862600e+03
   1.2800000e+03   1.2420697e+04   1.0324352e+03
   1.2810000e+03   1.9303626e+04  -1.2662089e+04
   1.2820000e+03  -1.9937756e+02  -1.6484138e+04
   1.2830000e+03  -3.0235684e+04  -7.1860091e+03
   1.2840000e+03  -3.0827606e+04  -7.8621738e+03
   1.2850000e+03   5.0386000e+03  -1.3291069e+04
   1.2860000e+03   2.2990283e+04  -1.3469871e+04
   1.2870000e+03   8.3996750e+01  -8.6454724e+03
   1.2880000e+03  -2.3689383e+04   7.7849077e+03
   1.2890000e+03  -1.7103619e+04   1.7195253e+04
   1.2900000e+03   8.2308685e+03  -2.3115195e+03
   1.2910000e+03   2.0716202e+04  -2.2859590e+04
   1.2920000e+03   3.6545760e+03  -1.7670786e+04
   1.2930000e+03  -2.0708260e+04   2.4315307e+03
   1.2940000e+03  -1.5878011e+04   2.2745948e+04
   1.2950000e+03   9.2243064e+03   2.0623816e+04
   1.2960000e+03   1.1531693e+04  -1.2460684e+04
   1.2970000e+03  -8.8263956e+03  -3.0545559e+04
   1.2980000e+03  -1.2052771e+04  -4.4936181e+03
   1.2990000e+03   2.9245909e+03   2.0282541e+04
   1.3000000e+03   5.5953783e+03   2.3989019e+03
   1.3010000e+03  -1.6993683e+03  -2.4439645e+04
   1.3020000e+03  -2.1554511e+03  -1.1895560e+04
   1.3030000e+03   3.8532934e+03   1.7136411e+04
   1.3040000e+03   1.0244522e+04   1.5780360e+04
   1.3050000e+03   6.9728785e+03  -5.3076717e+03
   1.3060000e+03  -4.4022017e+03  -1.0731180e+04
   1.3070000e+03  -1.2106000e+04  -1.1204302e+03
   1.3080000e+03  -1.0691158e+04  -1.8252419e+02
   1.3090000e+03   2.7678313e+03  -3.7825404e+03
   1.3100000e+03   1.3602935e+04   7.5821143e+03
   1.3110000e+03   1.1431058e+04   1.8592725e+04
   1.3120000e+03   9.0243451e+03   9.3866861e+03
   1.3130000e+03   5.3852683e+03  -9.0172523e+02
   1.3140000e+03   3.0084285e+03   5.7571394e+03
   1.3150000e+03   1.2521245e+04   8.8505461e+03
   1.3160000e+03   1.5767318e+04  -1.2134805e+03
   1.3170000e+03  -5.0074891e+02   3.2024939e+03
   1.3180000e+03  -1.3177234e+04   2.0323941e+04
   1.3190000e+03   1.3338299e+03   2.0771380e+04
   1.3200000e+03   2.4164721e+04   4.0852322e+03
   1.3210000e+03   1.6801024e+04  -1.5045357e+04
   1.3220000e+03  -1.1088685e+04  -1.8700991e+04
   1.3230000e+03  -1.7102904e+04  -3.2282321e+03
   1.3240000e+03   5.6555056e+03   4.4977573e+03
   1.3250000e+03   2.6713509e+04  -4.5330696e+03
   1.3260000e+03   1.8983252e+04  -1.1049384e+04
   1.3270000e+03  -5.3011409e+03  -5.0162132e+03
   1.3280000e+03  -5.9184772e+03   1.0675773e+04
   1.3290000e+03   1.6022869e+04   2.4426038e+04
   1.3300000e+03   1.8373823e+04   1.8968952e+04
   1.3310000e+03  -2.4960997e+03  -1.3888130e+03
   1.3320000e+03  -1.5480067e+04  -8.3216338e+03
   1.3330000e+03  -7.6184691e+03   3.5847704e+03
   1.3340000e+03   1.0205871e+04   1.5751208e+04
   1.3350000e+03   1.2656272e+04   1.8713364e+04
   1.3360000e+03  -3.9494296e+03   7.4459365e+03
   1.3370000e+03  -1.3230733e+04  -7.6336108e+03
   1.3380000e+03  -8.7571793e+03  -5.5856293e+03
   1.3390000e+03  -9.2764506e+02   2.7713922e+03
   1.3400000e+03   6.3173194e+03  -3.4722481e+03
   1.3410000e+03   4.1113778e+03  -1.2155625e+04
   1.3420000e+03  -8.7440731e+03  -6.3306212e+03
   1.3430000e+03  -1.6946113e+04   4.6165284e+03
   1.3440000e+03  -1.1960509e+04   6.0501069e+03
   1.3450000e+03  -2.8429954e+03  -7.8872107e+03
   1.3460000e+03  -2.7322602e+03  -2.1663465e+04
   1.3470000e+03  -1.0247773e+04  -5.1522797e+03
   1.3480000e+03  -1.0594345e+04   1.8505728e+04
   1.3490000e+03   2.2652248e+02   2.3862514e+03
   1.3500000e+03   8.7554843e+03  -2.7104113e+04
   1.3510000e+03   3.1595905e+03  -2.2912390e+04
   1.3520000e+03  -1.2151771e+04   2.0329538e+03
   1.3530000e+03  -1.6887635e+04   1.2649695e+04
   1.3540000e+03  -6.6387399e+03   4.4987922e+03
   1.3550000e+03  -5.5794584e+03  -6.3827304e+03
   1.3560000e+03  -1.7811536e+04  -1.1196466e+04
   1.3570000e+03  -1.7127638e+04  -7.5065813e+03
   1.3580000e+03   1.8940874e+03  -8.5105943e+02
   1.3590000e+03   5.2061090e+03  -2.6838566e+02
   1.3600000e+03  -1.8268036e+04  -4.4521714e+03
   1.3610000e+03  -1.7172628e+04  -4.6660190e+03
   1.3620000e+03   2.0382332e+04   7.0672937e+03
   1.3630000e+03   3.1899465e+04   1.3781521e+04
   1.3640000e+03   2.5329591e+03  -1.7250396e+03
   1.3650000e+03  -1.7404589e+04  -1.3753121e+04
   1.3660000e+03  -3.3626091e+02  -6.7513176e+03
   1.3670000e+03   2.1228716e+04   3.6393645e+03
   1.3680000e+03   4.9832578e+03   1.0830687e+04
   1.3690000e+03  -2.6278616e+04   1.2367569e+04
   1.3700000e+03  -2.5363360e+04   7.9251888e+03
   1.3710000e+03   3.6543782e+03   2.9843896e+02
   1.3720000e+03   2.0230686e+04  -8.8342661e+03
   1.3730000e+03   1.4026655e+03  -1.0198790e+04
   1.3740000e+03  -2.4175488e+04  -3.1274915e+03
   1.3750000e+03  -1.9888305e+04   1.6412845e+03
   1.3760000e+03   3.2965138e+03   4.1765050e+03
   1.3770000e+03   1.4947983e+04   5.9889558e+03
   1.3780000e+03   1.1590820e+04   3.2740498e+03
   1.3790000e+03   8.8421467e+03  -8.4527926e+02
   1.3800000e+03   5.8357939e+03  -7.3258146e+03
   1.3810000e+03   2.8209108e+03  -1.0372594e+04
   1.3820000e+03   1.5455263e+04   6.3751001e+03
   1.3830000e+03   3.0136188e+04   1.9329159e+04
   1.3840000e+03   2.0825300e+04   3.0357405e+03
   1.3850000e+03  -5.5478566e+02  -1.0621185e+04
   1.3860000e+03  -3.6415767e+03  -3.2075841e+03
   1.3870000e+03   1.4942300e+04   1.9319069e+03
   1.3880000e+03   2.2172488e+04  -7.8298892e+03
   1.3890000e+03   4.0580663e+02  -2.0920362e+04
   1.3900000e+03  -1.8574665e+04  -1.5359282e+04
   1.3910000e+03  -8.3444725e+03   1.0483991e+04
   1.3920000e+03   1.0130279e+04   3.0822303e+04
   1.3930000e+03   1.0684302e+04   2.3927499e+04
   1.3940000e+03  -1.2847207e+03  -3.0757646e+03
   1.3950000e+03  -1.0667107e+04  -1.5265130e+04
   1.3960000e+03  -8.7106114e+03   5.4542115e+03
   1.3970000e+03   5.8863609e+03   2.8591511e+04
   1.3980000e+03   1.6635170e+04   1.5402120e+04
   1.3990000e+03   5.7016184e+03  -2.1101336e+04
   1.4000000e+03  -1.2526339e+04  -3.1038002e+04
   1.4010000e+03  -8.8031108e+03  -9.1559885e+03
   1.4020000e+03   7.4376249e+03  -2.0801243e+02
   1.4030000e+03   9.4813729e+03  -1.6289520e+04
   1.4040000e+03   3.4838035e+03  -2.1221972e+04
   1.4050000e+03  -2.3269704e+03  -5.2874362e+03
   1.4060000e+03  -7.6880563e+03   1.3649757e+03
   1.4070000e+03   1.2297904e+03  -1.2128167e+03
   1.4080000e+03   2.0043222e+04   7.4286830e+03
   1.4090000e+03   1.7996828e+04   1.3147689e+04
   1.4100000e+03  -1.2989920e+04   2.3710690e+03
   1.4110000e+03  -3.1512657e+04  -2.1417318e+03
   1.4120000e+03  -1.0810771e+04   1.6278947e+04
   1.4130000e+03   7.7374957e+03   3.2265937e+04
   1.4140000e+03  -5.8141671e+03   2.2074097e+04
   1.4150000e+03  -2.2579828e+04   1.6825006e+03
   1.4160000e+03  -1.8320786e+04  -1.2292423e+04
   1.4170000e+03  -2.7590714e+03  -1.4844238e+04
   1.4180000e+03   3.8451376e+03   1.9089821e+02
   1.4190000e+03  -2.0414503e+03   1.7508447e+04
   1.4200000e+03  -5.9067817e+03   1.3201700e+04
   1.4210000e+03  -1.5194474e+03  -1.0649568e+04
   1.4220000e+03   4.0797351e+03  -2.9809992e+04
   1.4230000e+03   7.2754270e+03  -2.3486887e+04
   1.4240000e+03   8.0096652e+03   7.6645485e+02
   1.4250000e+03   4.0949385e+03   1.5796372e+04
   1.4260000e+03   1.0063507e+03   1.1646107e+04
   1.4270000e+03   1.1058092e+03   3.6667262e+02
   1.4280000e+03  -4.9774341e+03  -4.8903705e+03
   1.4290000e+03  -9.7329147e+03   4.2454100e+03
   1.4300000e+03  -2.4044208e+03   1.9348607e+04
   1.4310000e+03   8.1373278e+01   1.7422580e+04
   1.4320000e+03  -1.2479524e+04   1.3365616e+02
   1.4330000e+03  -1.9634628e+04  -2.9333582e+03
   1.4340000e+03  -6.4995837e+03   1.9188157e+04
   1.4350000e+03   1.3912820e+04   3.0307161e+04
   1.4360000e+03   2.0666325e+04  -7.0916956e+02
   1.4370000e+03   4.5274684e+03  -3.4472783e+04
   1.4380000e+03  -1.8436767e+04  -2.4642573e+04
   1.4390000e+03  -1.9238669e+04   7.4129195e+03
   1.4400000e+03   6.9131271e+03   1.9953544e+04
   1.4410000e+03   3.7476992e+04   2.6478624e+03
   1.4420000e+03   3.3536835e+04  -2.3013477e+04
   1.4430000e+03  -1.1926911e+04  -2.7050607e+04
   1.4440000e+03  -3.7121922e+04  -3.9096594e+03
   1.4450000e+03  -1.0828608e+04   1.9062060e+04
   1.4460000e+03   2.2046406e+04   1.2930852e+04
   1.4470000e+03   2.2917272e+04  -1.0348216e+04
   1.4480000e+03  -6.6670306e+03  -1.4184466e+04
   1.4490000e+03  -2.5636404e+04   4.4061754e+03
   1.4500000e+03  -6.1102579e+03   1.2245990e+04
   1.4510000e+03   1.3731125e+04  -4.9130416e+02
   1.4520000e+03   3.6429975e+03  -8.7814406e+03
   1.4530000e+03  -1.2182090e+04  -9.9530310e+03
   1.4540000e+03  -8.1044844e+03  -1.2042115e+04
   1.4550000e+03   7.9653969e+03  -1.1074169e+03
   1.4560000e+03   1.2199180e+04   1.4192195e+04
   1.4570000e+03   8.6720219e+02   6.9962639e+03
   1.4580000e+03  -1.1399477e+04  -1.7092084e+04
   1.4590000e+03  -1.0966057e+04  -2.4181632e+04
   1.4600000e+03   6.5019122e+03  -1.3344371e+03
   1.4610000e+03   2.4135124e+04   1.3515949e+04
   1.4620000e+03   1.9039004e+04  -6.4281148e+03
   1.4630000e+03  -8.2234596e+03  -2.8860999e+04
   1.4640000e+03  -2.9807306e+04  -2.0574875e+04
   1.4650000e+03  -1.6558508e+04   3.8502421e+03
   1.4660000e+03   1.6410030e+04   8.1624635e+03
   1.4670000e+03   2.1933842e+04  -1.0089874e+04
   1.4680000e+03   1.3926675e+03  -1.8631184e+04
   1.4690000e+03  -3.4042190e+03  -4.1934704e+03
   1.4700000e+03   3.3212852e+03   1.2768707e+04
   1.4710000e+03  -4.0120740e+03   1.2925181e+04
   1.4720000e+03  -8.6458798e+03   4.0001494e+03
   1.4730000e+03   9.1367444e+03   4.7262740e+01
   1.4740000e+03   2.6486480e+04   8.4638202e+02
   1.4750000e+03   9.5957526e+03   5.6623282e+03
   1.4760000e+03  -2.1444975e+04   9.9094203e+03
   1.4770000e+03  -1.7068866e+04   3.0371453e+03
   1.4780000e+03   5.5517277e+03  -7.0976744e+03
   1.4790000e+03   1.7008463e+03  -2.5399634e+03
   1.4800000e+03  -1.1175101e+04   7.1335264e+03
   1.4810000e+03  -7.9490342e+03   5.9485520e+03
   1.4820000e+03  -5.9263289e+03   7.4169242e+03
   1.4830000e+03  -9.1525194e+03   9.5591148e+03
   1.4840000e+03   4.3348444e+03  -3.1120787e+03
   1.4850000e+03   2.1345919e+04  -4.0487806e+03
   1.4860000e+03   1.0645257e+04   1.9478206e+04
   1.4870000e+03  -8.4547621e+03   2.4168510e+04
   1.4880000e+03  -6.6446716e+03  -9.6144737e+03
   1.4890000e+03   4.3613184e+03  -3.2303515e+04
   1.4900000e+03   8.6545477e+03  -6.3249954e+02
   1.4910000e+03   4.6954564e+03   3.9430414e+04
   1.4920000e+03   1.9743679e+03   2.1891801e+04
   1.4930000e+03   1.0571885e+04  -2.1695507e+04
   1.4940000e+03   1.5519587e+04  -2.0383605e+04
   1.4950000e+03   1.9778397e+03   1.2177764e+04
   1.4960000e+03  -1.5187416e+04   1.9226233e+04
   1.4970000e+03  -1.2066467e+04   3.4023637e+03
   1.4980000e+03   1.2636223e+04  -2.9114244e+03
   1.4990000e+03   2.1673648e+04   5.2721722e+03
   1.5000000e+03  -6.6720404e+03   1.6935799e+04
   1.5010000e+03  -3.0023360e+04   1.6468138e+04
   1.5020000e+03  -1.5233051e+04   1.2754616e+03
   1.5030000e+03   1.0291197e+04  -6.3053699e+03
   1.5040000e+03   1.2287168e+04   3.3133029e+03
   1.5050000e+03  -7.9036554e+03   4.0925021e+03
   1.5060000e+03  -1.8247063e+04  -8.7390374e+03
   1.5070000e+03   8.9020743e+02   7.1719692e+02
   1.5080000e+03   2.0752390e+04   1.9307109e+04
   1.5090000e+03   9.4626126e+03   3.9568654e+03
   1.5100000e+03  -1.2027917e+04  -2.0293573e+04
   1.5110000e+03  -8.6344888e+03  -1.9045625e+04
   1.5120000e+03   1.0606053e+04  -6.3980627e+03
   1.5130000e+03   1.7042092e+04   3.1379491e+03
   1.5140000e+03   4.2860278e+03   1.0848574e+04
   1.5150000e+03  -1.3883779e+04   1.2484701e+04
   1.5160000e+03  -2.0124130e+04  -4.0574764e+03
   1.5170000e+03  -5.7304803e+03  -2.4131870e+04
   1.5180000e+03   2.2305095e+04  -1.5227750e+04
   1.5190000e+03   2.9819677e+04   1.2505842e+04
   1.5200000e+03  -5.0831252e+03   2.0784701e+04
   1.5210000e+03  -3.3841885e+04  -1.0554725e+03
   1.5220000e+03  -1.0464704e+04  -2.5201105e+04
   1.5230000e+03   2.5399137e+04  -1.9811360e+04
   1.5240000e+03   1.7050823e+04   4.7469782e+03
   1.5250000e+03  -1.8242898e+04   1.0674960e+04
   1.5260000e+03  -1.9750075e+04  -7.0409127e+03
   1.5270000e+03   7.5159594e+03  -1.8235295e+04
   1.5280000e+03   7.0945501e+03  -1.2502245e+04
   1.5290000e+03  -1.3979339e+04  -2.3772331e+03
   1.5300000e+03  -1.4705376e+04   6.1723053e+03
   1.5310000e+03  -5.3127836e+03   4.9416777e+03
   1.5320000e+03  -8.0811196e+03  -5.8051880e+03
   1.5330000e+03  -8.1349549e+03  -1.2990012e+04
   1.5340000e+03   2.3677495e+03  -1.2606746e+04
   1.5350000e+03  -1.9148619e+03  -6.0286818e+02
   1.5360000e+03  -1.9458143e+04   9.8759988e+03
   1.5370000e+03  -1.8864856e+04  -7.7036686e+03
   1.5380000e+03  -8.5519935e+02  -2.6730063e+04
   1.5390000e+03   1.1559810e+04  -7.3665162e+03
   1.5400000e+03   9.4704482e+03   1.4777368e+04
   1.5410000e+03  -1.2833539e+03  -2.3391148e+02
   1.5420000e+03  -9.7940894e+03  -1.7684076e+04
   1.5430000e+03  -1.0700313e+04  -1.1172278e+04
   1.5440000e+03  -7.9631185e+03  -3.1139048e+03
   1.5450000e+03  -2.5880754e+03   3.5042450e+02
   1.5460000e+03   8.8059211e+03   7.3192213e+03
   1.5470000e+03   1.0046115e+04   1.4411797e+04
   1.5480000e+03  -7.4859567e+03   1.5554832e+04
   1.5490000e+03  -1.4184132e+04   5.4329604e+03
   1.5500000e+03   3.3983927e+03  -5.5834907e+03
   1.5510000e+03   2.4308919e+04  -3.0648457e+03
   1.5520000e+03   2.6710362e+04   3.6529270e+03
   1.5530000e+03   8.7562762e+03   2.7260325e+03
   1.5540000e+03  -1.3452000e+02   2.1415657e+03
   1.5550000e+03   1.2778300e+04   9.7966708e+03
   1.5560000e+03   1.6798665e+04   1.2880718e+04
   1.5570000e+03  -4.0792841e+03   2.4422589e+02
   1.5580000e+03  -1.8054001e+04  -8.9861507e+03
   1.5590000e+03   5.2075501e+03   2.6699386e+03
   1.5600000e+03   3.1585256e+04   1.5058843e+04
   1.5610000e+03   1.8305475e+04   1.0497679e+04
   1.5620000e+03  -6.0227802e+03   3.8826037e+03
   1.5630000e+03  -6.5926185e+03   3.4233340e+03
   1.5640000e+03   2.4810339e+03   6.5320330e+02
   1.5650000e+03   5.5306519e+03  -3.8010018e+03
   1.5660000e+03   5.0554714e+03   5.3761911e+02
   1.5670000e+03   4.7931142e+03   1.8729973e+04
   1.5680000e+03   7.1781253e+03   3.0920783e+04
   1.5690000e+03   6.3935451e+03   1.3257279e+04
   1.5700000e+03  -4.5274788e+03  -1.8779347e+04
   1.5710000e+03  -5.8865601e+03  -2.4847246e+04
   1.5720000e+03   1.5751446e+04   5.5230525e+03
   1.5730000e+03   2.6389486e+04   3.0096798e+04
   1.5740000e+03   3.0867894e+03   1.8368990e+04
   1.5750000e+03  -1.8322859e+04  -2.0632639e+03
   1.5760000e+03  -3.9309634e+03  -7.3246812e+03
   1.5770000e+03   1.6111171e+04  -3.3526562e+03
   1.5780000e+03   4.9885204e+03   6.1231911e+02
   1.5790000e+03  -1.1253523e+04  -1.4334804e+03
   1.5800000e+03  -6.2617333e+03  -9.6797170e+01
   1.5810000e+03   1.0375296e+03   5.9089450e+03
   1.5820000e+03  -1.1095418e+03  -4.6596053e+03
   1.5830000e+03  -3.3773537e+03  -2.2589672e+04
   1.5840000e+03  -4.0366388e+03  -1.3758250e+04
   1.5850000e+03  -1.1122270e+04   9.7533911e+03
   1.5860000e+03  -1.7820932e+04   8.1605156e+03
   1.5870000e+03  -9.8349663e+03  -1.0857083e+04
   1.5880000e+03  -4.3230875e+02  -1.5034887e+04
   1.5890000e+03  -8.1451500e+03  -6.9380362e+03
   1.5900000e+03  -2.2741232e+04  -3.9116926e+03
   1.5910000e+03  -2.3308275e+04  -6.4597101e+03
   1.5920000e+03  -7.9675084e+03  -7.7379025e+03
   1.5930000e+03   4.2181002e+03  -5.2886630e+03
   1.5940000e+03   2.7920016e+03   3.7117242e+02
   1.5950000e+03  -2.6778060e+03   6.3736034e+03
   1.5960000e+03  -1.3983120e+03   9.0922616e+03
   1.5970000e+03   3.9639826e+03   5.7988424e+03
   1.5980000e+03   1.2568073e+03  -6.3554570e+03
   1.5990000e+03  -7.1361860e+03  -1.3342792e+04
   1.6000000e+03  -8.8506391e+03   2.1693272e+03
   1.6010000e+03  -6.3613524e+03   1.8232869e+04
   1.6020000e+03  -3.0703037e+03   8.5942022e+03
   1.6030000e+03   2.0369868e+03  -1.0807372e+04
   1.6040000e+03  -2.8015973e+03  -1.7008858e+04
   1.6050000e+03  -1.7885536e+04  -1.0260171e+04
   1.6060000e+03  -1.8370669e+04   1.1364481e+03
   1.6070000e+03   4.0242860e+01   5.8216858e+03
   1.6080000e+03   1.2538910e+04  -4.7841651e+03
   1.6090000e+03   6.9815040e+03  -1.2276782e+04
   1.6100000e+03  -4.0369124e+03  -1.8367523e+03
   1.6110000e+03  -2.9369999e+03   5.2990858e+03
   1.6120000e+03   6.8269580e+03   1.6449985e+03
   1.6130000e+03   1.1396236e+04   1.7699871e+03
   1.6140000e+03   1.2627962e+04   4.8210872e+03
   1.6150000e+03   1.0400094e+04   5.3335470e+03
   1.6160000e+03  -4.6952914e+02   5.3640881e+03
   1.6170000e+03  -1.0141297e+04   6.7539085e+03
   1.6180000e+03  -4.1517670e+03   4.1889429e+03
   1.6190000e+03   1.3106844e+04  -2.5542822e+03
   1.6200000e+03   1.8775737e+04  -6.6365533e+03
   1.6210000e+03   4.7147016e+03  -9.4220655e+03
   1.6220000e+03  -1.0915543e+04  -3.7769589e+03
   1.6230000e+03  -6.6371270e+03   7.3467240e+03
   1.6240000e+03   1.3851706e+04   1.3480275e+03
   1.6250000e+03   1.9391630e+04  -9.0272156e+03
   1.6260000e+03   6.6734416e+03  -5.7006848e+03
   1.6270000e+03   9.7386791e+02  -5.6558687e+03
   1.6280000e+03   1.9418356e+03  -6.8871262e+03
   1.6290000e+03  -2.0107000e+02   7.3845387e+03
   1.6300000e+03  -1.1290257e+03   1.6291060e+04
   1.6310000e+03   9.8983283e+03   7.9253992e+01
   1.6320000e+03   2.0235001e+04  -1.2177025e+04
   1.6330000e+03  -3.6469057e+03  -1.7878669e+03
   1.6340000e+03  -3.1899662e+04   8.9797189e+03
   1.6350000e+03  -9.7428758e+03   1.0886095e+04
   1.6360000e+03   2.9288724e+04   7.7251009e+03
   1.6370000e+03   2.9208630e+04  -3.9305521e+02
   1.6380000e+03   7.3225358e+02  -6.1525854e+03
   1.6390000e+03  -1.4674512e+04  -6.7166822e+03
   1.6400000e+03  -5.3670974e+03  -7.0858212e+03
   1.6410000e+03   1.2025522e+03  -1.1520186e+04
   1.6420000e+03  -8.2544943e+03  -1.1039531e+04
   1.6430000e+03  -1.0961774e+04   7.3018686e+03
   1.6440000e+03   4.9446507e+03   2.2535711e+04
   1.6450000e+03   2.0669732e+04   7.4410660e+03
   1.6460000e+03   1.2986877e+04  -1.5640600e+04
   1.6470000e+03  -1.5394807e+04  -1.0523603e+04
   1.6480000e+03  -2.9540811e+04   1.0849383e+04
   1.6490000e+03  -9.0814159e+03   1.6549804e+04
   1.6500000e+03   1.5156080e+04   1.0297022e+04
   1.6510000e+03   1.1088035e+04   1.0561007e+04
   1.6520000e+03  -4.7459885e+03   1.1191393e+04
   1.6530000e+03  -2.0032695e+03  -2.3948992e+03
   1.6540000e+03   1.1807101e+04  -1.9791204e+04
   1.6550000e+03   7.8737406e+03  -1.6005948e+04
   1.6560000e+03  -9.0230191e+03   7.0808732e+03
   1.6570000e+03  -7.6519127e+03   1.4354420e+04
   1.6580000e+03   1.3697569e+04  -1.1598768e+04
   1.6590000e+03   1.9337003e+04  -2.4154809e+04
   1.6600000e+03  -6.9773745e+03   1.0969486e+04
   1.6610000e+03  -2.5250919e+04   3.1158513e+04
   1.6620000e+03  -6.6418503e+03  -2.6987968e+03
   1.6630000e+03   1.1140718e+04  -2.6068009e+04
   1.6640000e+03  -4.8879648e+03  -3.6666322e+03
   1.6650000e+03  -2.7304325e+04   2.2354751e+04
   1.6660000e+03  -1.8490112e+04   2.2809241e+04
   1.6670000e+03   7.5541624e+03   1.0515654e+04
   1.6680000e+03   9.9762708e+03   1.4437215e+02
   1.6690000e+03  -7.5058665e+03  -5.7111639e+03
   1.6700000e+03  -1.1896947e+04   2.0665030e+02
   1.6710000e+03  -2.4542925e+02   1.5414339e+04
   1.6720000e+03   9.8216453e+03   2.0239086e+04
   1.6730000e+03   9.7604431e+03   7.8850586e+03
   1.6740000e+03  -3.4598421e+03  -9.4032989e+03
   1.6750000e+03  -2.2787650e+04  -1.6394153e+04
   1.6760000e+03  -1.7946288e+04  -6.7273521e+03
   1.6770000e+03   1.9217825e+04   1.1614705e+04
   1.6780000e+03   3.5026068e+04   1.9137581e+04
   1.6790000e+03  -7.8395082e+03   1.0383659e+03
   1.6800000e+03  -5.0692576e+04  -2.7538365e+04
   1.6810000e+03  -2.1976602e+04  -3.3909492e+04
   1.6820000e+03   3.7083112e+04  -1.2233441e+04
   1.6830000e+03   4.0423013e+04   9.3378293e+03
   1.6840000e+03  -2.0293530e+03   9.5108743e+03
   1.6850000e+03  -2.4545885e+04   4.5841734e+02
   1.6860000e+03  -1.0066671e+04  -1.1421123e+03
   1.6870000e+03   1.2381721e+04  -2.6356127e+03
   1.6880000e+03   2.0762078e+04  -1.1879097e+04
   1.6890000e+03   8.7179349e+03  -1.4083573e+04
   1.6900000e+03  -2.1500208e+04   1.0563489e+03
   1.6910000e+03  -3.0792429e+04   1.7220842e+04
   1.6920000e+03   4.9534754e+03   1.7310158e+04
   1.6930000e+03   3.2534551e+04  -3.0391291e+02
   1.6940000e+03   1.5095058e+04  -2.4046398e+04
   1.6950000e+03  -1.3511241e+04  -2.9302659e+04
   1.6960000e+03  -1.6902807e+04  -7.4736021e+03
   1.6970000e+03  -3.0468110e+01   1.2864227e+04
   1.6980000e+03   6.3312739e+03   3.9103263e+03
   1.6990000e+03   1.4625535e+03  -1.6490926e+04
   1.7000000e+03   5.5295054e+03  -1.4225065e+04
   1.7010000e+03   2.8226843e+03  -3.4596600e+01
   1.7020000e+03  -1.8045671e+04  -4.3615406e+03
   1.7030000e+03  -2.3070877e+04  -1.5548513e+04
   1.7040000e+03   3.4566854e+03  -3.7766089e+03
   1.7050000e+03   2.0269203e+04   1.7113430e+04
   1.7060000e+03   1.4536544e+03   1.0276923e+04
   1.7070000e+03  -1.7700460e+04  -1.3994709e+04
   1.7080000e+03  -6.5591656e+03  -1.6051647e+04
   1.7090000e+03   1.5214152e+04   5.1527097e+03
   1.7100000e+03   1.9328639e+04   1.7182111e+04
   1.7110000e+03   9.3289190e+03   4.4624783e+03
   1.7120000e+03   9.3625062e+02  -1.2334639e+04
   1.7130000e+03   6.5777014e+02  -1.0329290e+04
   1.7140000e+03   1.2299197e+04   5.1989858e+03
   1.7150000e+03   2.1346415e+04   1.6525675e+04
   1.7160000e+03   8.2361704e+03   1.1613610e+04
   1.7170000e+03  -1.3006680e+04  -2.1534909e+03
   1.7180000e+03  -1.7454732e+04  -3.7039095e+03
   1.7190000e+03  -2.9743323e+03   5.5285843e+03
   1.7200000e+03   8.3214875e+03   7.4837759e+03
   1.7210000e+03  -6.8756416e+02   2.6648529e+03
   1.7220000e+03  -1.3891959e+04  -2.4645244e+03
   1.7230000e+03  -1.1344451e+04  -1.0171411e+04
   1.7240000e+03   3.1469283e+03  -8.3308041e+03
   1.7250000e+03   1.2513952e+04   1.1289918e+04
   1.7260000e+03   5.3333190e+03   2.3085720e+04
   1.7270000e+03  -8.6670875e+03   1.0151292e+04
   1.7280000e+03  -8.4193698e+03  -7.1012541e+03
   1.7290000e+03   1.2380133e+04  -3.8605314e+03
   1.7300000e+03   2.4290783e+04   1.0526483e+04
   1.7310000e+03  -1.8023785e+02   5.9968257e+03
   1.7320000e+03  -2.4622480e+04  -4.3986871e+03
   1.7330000e+03  -8.2648354e+03   7.8423079e+03
   1.7340000e+03   1.7349311e+04   2.0061829e+04
   1.7350000e+03   1.4441269e+04   1.4485180e+04
   1.7360000e+03  -6.1544956e+02   7.8162000e+03
   1.7370000e+03  -5.7150714e+03   6.7404590e+01
   1.7380000e+03  -3.7540493e+03  -1.0651994e+04
   1.7390000e+03   3.2149689e+03  -6.0661542e+03
   1.7400000e+03   1.4770208e+04   1.1400526e+04
   1.7410000e+03   1.8700389e+04   1.6342253e+04
   1.7420000e+03   3.7319901e+03   8.0648722e+03
   1.7430000e+03  -1.7547741e+04   3.1528396e+03
   1.7440000e+03  -1.1435417e+04   1.7117514e+03
   1.7450000e+03   1.6705338e+04  -1.4667502e+03
   1.7460000e+03   1.0893990e+04  -5.4254035e+03
   1.7470000e+03  -3.1694142e+04  -4.6225214e+03
   1.7480000e+03  -4.1086554e+04   3.3140484e+03
   1.7490000e+03   3.8368263e+03   4.3741573e+03
   1.7500000e+03   3.8466159e+04  -1.0181542e+04
   1.7510000e+03   1.4499933e+04  -2.1737105e+04
   1.7520000e+03  -3.3010068e+04  -1.5240959e+04
   1.7530000e+03  -3.6904396e+04  -4.3124334e+03
   1.7540000e+03   9.2457304e+03   1.8704176e+03
   1.7550000e+03   3.9526941e+04   9.7497246e+03
   1.7560000e+03   1.7034940e+04   7.1524147e+03
   1.7570000e+03  -1.4615590e+04  -1.0869900e+04
   1.7580000e+03  -1.8628356e+04  -1.2580381e+04
   1.7590000e+03  -7.5558934e+03   1.1458433e+04
   1.7600000e+03   5.7490578e+03   2.4503641e+04
   1.7610000e+03   7.9443845e+03   7.2724546e+03
   1.7620000e+03  -9.1125819e+03  -1.6871375e+04
   1.7630000e+03  -1.4877164e+04  -2.4779780e+04
   1.7640000e+03   1.8133843e+03  -1.1674342e+04
   1.7650000e+03   4.7891435e+03   1.0295398e+04
   1.7660000e+03  -9.5574665e+03   9.4736829e+03
   1.7670000e+03  -1.6851660e+04  -1.5819622e+04
   1.7680000e+03  -1.4717125e+04  -2.4715092e+04
   1.7690000e+03  -3.4582491e+01  -7.4789463e+03
   1.7700000e+03   1.8036194e+04   6.8356965e+03
   1.7710000e+03   1.0652305e+04   1.9164147e+03
   1.7720000e+03  -1.1052743e+04  -1.2586626e+04
   1.7730000e+03  -9.6379877e+03  -1.2126037e+04
   1.7740000e+03   8.5762635e+03   9.2645372e+03
   1.7750000e+03   6.4507167e+03   1.9406830e+04
   1.7760000e+03  -1.3820072e+04  -2.8780018e+03
   1.7770000e+03  -1.3713624e+04  -2.6446608e+04
   1.7780000e+03   3.0082182e+03  -1.8077248e+04
   1.7790000e+03  -7.2638400e+02   6.5594435e+03
   1.7800000e+03  -1.3795839e+04   1.7196813e+04
   1.7810000e+03  -6.3246239e+03   7.7834521e+03
   1.7820000e+03   7.2081885e+03  -8.6903319e+03
   1.7830000e+03   5.5046032e+03  -1.7122426e+04
   1.7840000e+03  -6.8608140e+03  -1.3026566e+04
   1.7850000e+03  -1.0374244e+04  -3.5398034e+02
   1.7860000e+03   1.0102215e+04   8.4798740e+03
   1.7870000e+03   2.7855935e+04   2.1620214e+03
   1.7880000e+03   1.1409667e+04  -6.0396815e+03
   1.7890000e+03  -9.0631386e+03  -1.1793497e+03
   1.7900000e+03  -7.0861358e+02   6.1975428e+03
   1.7910000e+03   1.5348339e+04   5.0466080e+03
   1.7920000e+03   1.6229639e+04  -6.2595821e+02
   1.7930000e+03   6.7387797e+03  -1.9707624e+03
   1.7940000e+03  -5.2255090e+03   6.7506371e+02
   1.7950000e+03  -1.1843776e+04  -2.6289204e+03
   1.7960000e+03  -4.4903149e+03  -3.8804699e+03
   1.7970000e+03   5.4822596e+03   8.7334091e+03
   1.7980000e+03   3.0011882e+03   1.3476900e+04
   1.7990000e+03  -7.1162308e+02  -3.0680149e+03
   1.8000000e+03   3.5457133e+03  -1.1324496e+04
   1.8010000e+03   7.8598246e+03   7.4422991e+03
   1.8020000e+03   8.7261354e+03   2.6470443e+04
   1.8030000e+03   3.6827612e+03   1.7386542e+04
   1.8040000e+03  -1.0725149e+03  -5.0472004e+03
   1.8050000e+03   1.1631237e+04  -9.4684754e+03
   1.8060000e+03   2.7246395e+04   6.7243576e+03
   1.8070000e+03   1.5059783e+04   2.4942756e+04
   1.8080000e+03  -4.7567328e+03   2.7287870e+04
   1.8090000e+03   3.4675605e+03   8.2279479e+03
   1.8100000e+03   2.1094605e+04  -1.2398937e+04
   1.8110000e+03   1.5290660e+04  -9.6834517e+03
   1.8120000e+03  -9.3010334e+03   5.6090005e+03
   1.8130000e+03  -2.4849005e+04   6.6445754e+03
   1.8140000e+03  -1.1217261e+04   3.3693946e+03
   1.8150000e+03   1.2382816e+04   1.3290855e+04
   1.8160000e+03   9.7384918e+03   1.1131550e+04
   1.8170000e+03  -1.0756108e+04  -1.8555927e+04
   1.8180000e+03  -1.8295238e+04  -3.1910458e+04
   1.8190000e+03  -1.2016847e+04   1.8073194e+03
   1.8200000e+03  -1.0980908e+03   3.4665803e+04
   1.8210000e+03   6.5020027e+03   1.7102689e+04
   1.8220000e+03  -2.1440973e+03  -1.7865801e+04
   1.8230000e+03  -1.3368864e+04  -1.4443243e+04
   1.8240000e+03  -7.2060361e+03   2.1258749e+04
   1.8250000e+03   8.5404592e+02   3.5944525e+04
   1.8260000e+03  -1.0200209e+03   3.3109507e+03
   1.8270000e+03  -2.0350469e+03  -3.1536893e+04
   1.8280000e+03   8.4987209e+02  -1.6126442e+04
   1.8290000e+03   3.1557930e+03   1.8350024e+04
   1.8300000e+03   1.3960203e+03   8.9605891e+03
   1.8310000e+03  -4.7498829e+03  -2.5263575e+04
   1.8320000e+03  -7.4824425e+03  -2.6146953e+04
   1.8330000e+03  -2.8953894e+03  -5.6836724e+03
   1.8340000e+03  -3.8314658e+03  -5.1421786e+03
   1.8350000e+03  -1.5268680e+04  -1.6576635e+04
   1.8360000e+03  -1.7781478e+04  -1.5623466e+04
   1.8370000e+03  -4.7312160e+03  -5.6329409e+03
   1.8380000e+03   6.1199218e+03  -4.0656407e+02
   1.8390000e+03   1.1634946e+03   2.2634602e+03
   1.8400000e+03  -1.4477275e+04   7.5713293e+03
   1.8410000e+03  -1.8300149e+04   8.2846405e+03
   1.8420000e+03  -1.4319765e+03   1.5349008e+03
   1.8430000e+03   1.5828402e+04  -3.4476379e+03
   1.8440000e+03   1.1775627e+04   1.0143366e+03
   1.8450000e+03  -1.1717406e+04   4.0854014e+03
   1.8460000e+03  -2.4448762e+04  -4.4523974e+03
   1.8470000e+03  -8.4102504e+03  -7.3196028e+03
   1.8480000e+03   1.4997841e+04  -4.8592102e+02
   1.8490000e+03   2.1911537e+04  -2.3245836e+03
   1.8500000e+03   8.2803220e+03  -7.8173203e+03
   1.8510000e+03  -1.3011882e+04  -6.4650854e+03
   1.8520000e+03  -1.8115637e+04  -5.2485240e+03
   1.8530000e+03   2.9144585e+03  -6.8560054e+03
   1.8540000e+03   2.3872560e+04  -6.1411877e+03
   1.8550000e+03   1.3098659e+04  -2.1900796e+03
   1.8560000e+03  -1.1527624e+04   6.7304011e+02
   1.8570000e+03  -1.4984763e+04   1.2830094e+03
   1.8580000e+03  -1.0166606e+03   4.4954136e+03
   1.8590000e+03   1.0856004e+04   9.5696265e+03
   1.8600000e+03   1.0496631e+04   3.8536866e+03
   1.8610000e+03   6.2832110e+00  -1.0465369e+04
   1.8620000e+03  -9.4121229e+03  -8.0629240e+03
   1.8630000e+03  -7.1920258e+03   1.0699026e+04
   1.8640000e+03   9.0281785e+03   1.5439090e+04
   1.8650000e+03   1.8207286e+04  -2.1634980e+03
   1.8660000e+03   5.5530273e+03  -1.4867988e+04
   1.8670000e+03  -2.4102082e+03  -2.2598994e+02
   1.8680000e+03   1.0975738e+04   1.7159356e+04
   1.8690000e+03   1.7849229e+04   9.7287591e+03
   1.8700000e+03   7.3015726e+02  -2.3060278e+03
   1.8710000e+03  -1.3229299e+04  -4.8292808e+03
   1.8720000e+03  -2.1608774e+03  -7.6091847e+03
   1.8730000e+03   1.1672705e+04  -3.0385045e+03
   1.8740000e+03   4.1434561e+03   1.4097835e+04
   1.8750000e+03  -8.5672274e+03   2.1200868e+04
   1.8760000e+03  -2.6282953e+03   8.6408070e+02
   1.8770000e+03   9.5100189e+03  -2.2331173e+04
   1.8780000e+03   5.9857430e+03  -1.4310582e+04
   1.8790000e+03  -6.0249804e+03   1.0372888e+04
   1.8800000e+03  -4.1136758e+03   1.6345901e+04
   1.8810000e+03   1.3832849e+04   6.2439877e+03
   1.8820000e+03   1.3870138e+04   5.5909350e+01
   1.8830000e+03  -1.3780134e+04  -2.9311248e+03
   1.8840000e+03  -1.9278736e+04  -5.9210581e+03
   1.8850000e+03   1.3022269e+04  -4.0940131e+03
   1.8860000e+03   3.2654256e+04  -2.5727371e+03
   1.8870000e+03   1.3003471e+04  -4.6040852e+03
   1.8880000e+03  -1.2093957e+04   4.0238782e+02
   1.8890000e+03  -5.4919504e+03   1.0287830e+04
   1.8900000e+03   1.4573875e+04   7.4701471e+03
   1.8910000e+03   1.1025854e+04  -3.0082676e+03
   1.8920000e+03  -4.8270592e+03  -4.3669182e+03
   1.8930000e+03  -3.3982247e+03  -4.8519179e+03
   1.8940000e+03   8.4150396e+03  -7.9664326e+03
   1.8950000e+03   8.3492838e+03   1.1141536e+03
   1.8960000e+03  -5.2669708e+03   1.6356368e+04
   1.8970000e+03  -2.0246003e+04   1.5965695e+04
   1.8980000e+03  -2.0734293e+04  -7.7505617e+02
   1.8990000e+03  -2.6641127e+03  -1.1351558e+04
   1.9000000e+03   1.0992860e+04  -6.2876687e+03
   1.9010000e+03   1.3965624e+03   7.3480567e+03
   1.9020000e+03  -2.0035170e+04   2.4615549e+04
   1.9030000e+03  -2.4146208e+04   2.1437446e+04
   1.9040000e+03  -2.6684569e+03  -8.1957687e+03
   1.9050000e+03   9.7891211e+03  -1.7642366e+04
   1.9060000e+03  -2.2163357e+03   6.8887950e+03
   1.9070000e+03  -9.3811973e+03   2.3478971e+04
   1.9080000e+03  -4.3394710e+03   9.8398034e+03
   1.9090000e+03  -5.3141241e+03  -1.1267660e+04
   1.9100000e+03  -7.8416507e+03  -7.2026807e+03
   1.9110000e+03   3.1966495e+03   1.6670281e+04
   1.9120000e+03   1.1396320e+04   2.1857445e+04
   1.9130000e+03  -6.5394459e+03  -6.4667443e+03
   1.9140000e+03  -2.5564696e+04  -3.2144095e+04
   1.9150000e+03  -8.3174992e+03  -1.8114292e+04
   1.9160000e+03   2.2686943e+04   1.3627919e+04
   1.9170000e+03   1.5740136e+04   1.8011724e+04
   1.9180000e+03  -1.5310959e+04  -9.1388542e+03
   1.9190000e+03  -1.2505289e+04  -2.9688650e+04
   1.9200000e+03   1.6980430e+04  -1.3312294e+04
   1.9210000e+03   2.0057179e+04   1.4776778e+04
   1.9220000e+03  -9.0995230e+03   1.6375318e+04
   1.9230000e+03  -2.6035594e+04  -3.2133894e+03
   1.9240000e+03  -6.8344791e+03  -1.7291305e+04
   1.9250000e+03   1.3127793e+04  -9.2803818e+03
   1.9260000e+03   6.9427094e+03   1.0436528e+04
   1.9270000e+03  -6.0791825e+03   1.8734482e+04
   1.9280000e+03  -1.1776906e+04   7.4495438e+03
   1.9290000e+03  -6.8618596e+03  -1.8553914e+04
   1.9300000e+03   5.8570328e+03  -3.1370385e+04
   1.9310000e+03   1.0406136e+04  -8.9532299e+03
   1.9320000e+03   4.8403957e+03   1.2797504e+04
   1.9330000e+03   1.1658217e+03  -1.0769619e+03
   1.9340000e+03   1.3457608e+03  -2.4545890e+04
   1.9350000e+03   1.1250209e+03  -2.4208322e+04
   1.9360000e+03   4.2784639e+03  -3.4244842e+03
   1.9370000e+03   9.8886451e+03   1.1883448e+04
   1.9380000e+03   5.2072881e+03   1.3403359e+03
   1.9390000e+03  -6.2111011e+03  -1.8774619e+04
   1.9400000e+03  -7.1133837e+03  -1.3335745e+04
   1.9410000e+03   1.9556319e+03   1.3262503e+04
   1.9420000e+03   4.1016847e+03   2.3483427e+04
   1.9430000e+03  -4.1700259e+03   8.7676103e+03
   1.9440000e+03  -2.8417776e+03  -5.1224738e+03
   1.9450000e+03   1.1473580e+04  -6.4820288e+03
   1.9460000e+03   1.1564365e+04  -3.5469691e+03
   1.9470000e+03  -6.3395870e+03  -1.0532225e+03
   1.9480000e+03  -1.1808623e+04  -7.2688582e+02
   1.9490000e+03   1.5044939e+03  -2.4288550e+03
   1.9500000e+03   8.4748629e+03  -7.7743178e+03
   1.9510000e+03   1.9110762e+03  -1.5303270e+04
   1.9520000e+03  -1.8481310e+03  -9.7509572e+03
   1.9530000e+03   5.7193346e+03   5.9112243e+03
   1.9540000e+03   7.9244693e+03   8.3275408e+03
   1.9550000e+03  -7.0421729e+03  -7.8259671e+02
   1.9560000e+03  -1.1249602e+04  -3.6759976e+03
   1.9570000e+03   3.9247873e+03   3.1491149e+03
   1.9580000e+03   6.0358152e+03   1.1124185e+04
   1.9590000e+03  -2.2186923e+03   1.0384737e+04
   1.9600000e+03   2.1394371e+03   9.7132280e+01
   1.9610000e+03   1.0986350e+04  -7.5589589e+03
   1.9620000e+03   1.1132821e+04   1.8067345e+03
   1.9630000e+03   4.4688702e+03   2.0948262e+04
   1.9640000e+03  -4.3288991e+03   2.6992619e+04
   1.9650000e+03  -1.1227347e+04   1.6249352e+04
   1.9660000e+03  -1.1986000e+03   6.0340043e+02
   1.9670000e+03   2.2962658e+04  -1.0572188e+04
   1.9680000e+03   1.9484761e+04  -7.4759013e+03
   1.9690000e+03  -1.5842820e+04   7.6556151e+03
   1.9700000e+03  -2.9155205e+04   1.3213425e+04
   1.9710000e+03  -8.2635085e+03   4.6509165e+03
   1.9720000e+03   4.6806051e+03   5.0086485e+03
   1.9730000e+03  -9.5699349e+02   1.1194393e+04
   1.9740000e+03  -4.6580536e+03  -2.9210253e+03
   1.9750000e+03  -1.9338876e+03  -1.8908822e+04
   1.9760000e+03   5.3374246e+03   6.4446959e+02
   1.9770000e+03   9.2592830e+03   3.4849158e+04
   1.9780000e+03   2.4927757e+03   3.3513492e+04
   1.9790000e+03   1.0130931e+02  -1.1763882e+03
   1.9800000e+03   1.0707957e+04  -2.0672453e+04
   1.9810000e+03   2.2116066e+04  -2.4518761e+03
   1.9820000e+03   1.7731311e+04   2.3789808e+04
   1.9830000e+03  -2.9043159e+03   1.9593504e+04
   1.9840000e+03  -1.5239483e+04  -1.0101511e+04
   1.9850000e+03  -1.0681245e+04  -2.4246862e+04
   1.9860000e+03  -6.9895103e+02  -9.4863248e+03
   1.9870000e+03   6.5218895e+03   5.4293715e+03
   1.9880000e+03  -4.9056822e+03   4.3858795e+03
   1.9890000e+03  -2.8467707e+04  -5.7761542e+03
   1.9900000e+03  -2.2395779e+04  -1.6086197e+04
   1.9910000e+03   1.9839332e+04  -9.3766554e+03
   1.9920000e+03   4.2612227e+04   8.6575704e+03
   1.9930000e+03   1.3291466e+04   5.6681429e+03
   1.9940000e+03  -2.5607825e+04  -9.2778526e+03
   1.9950000e+03  -2.8722699e+04  -6.3205168e+03
   1.9960000e+03  -2.4506380e+03   6.2393233e+03
   1.9970000e+03   1.6053976e+04   7.5351151e+03
   1.9980000e+03   3.2547417e+03  -7.5428915e+03
   1.9990000e+03  -1.8449988e+04  -2.0855606e+04
   2.0000000e+03  -2.0709203e+04  -1.3525190e+04
