   1.0274000e+02   2.5123000e+01
   9.2148951e+01   2.9706850e+01
   0.0000000e+00   6.0699300e+04   6.0699300e+04
   1.0000000e+00   3.4419327e+04   2.6568892e+04
   2.0000000e+00  -3.9299167e+04  -8.1950569e+03
   3.0000000e+00  -7.0326158e+04  -3.0074730e+03
   4.0000000e+00  -1.4040579e+04   2.7594341e+04
   5.0000000e+00   5.4931612e+04   2.6486470e+04
   6.0000000e+00   3.9595582e+04  -3.0660575e+04
   7.0000000e+00  -4.9449495e+04  -6.8300780e+04
   8.0000000e+00  -1.0341957e+05  -2.7897319e+04
   9.0000000e+00  -5.0651778e+04   2.5700437e+04
   1.0000000e+01   3.6235421e+04   8.5955394e+03
   1.1000000e+01   4.5622086e+04  -4.6955393e+04
   1.2000000e+01  -1.4418768e+04  -5.3194558e+04
   1.3000000e+01  -5.6403087e+04  -2.8750965e+04
   1.4000000e+01  -3.1114171e+04  -3.1185091e+04
   1.5000000e+01   2.4474682e+04  -2.5995920e+04
   1.6000000e+01   4.9815222e+04   1.6350607e+04
   1.7000000e+01   3.1896226e+04   5.3760759e+04
   1.8000000e+01  -2.0185481e+04   3.7100740e+04
   1.9000000e+01  -5.3934693e+04  -1.7946643e+04
   2.0000000e+01  -1.1728758e+04  -3.1296877e+04
   2.1000000e+01   3.9083901e+04   1.0297104e+04
   2.2000000e+01   2.6189330e+04   3.7390716e+04
   2.3000000e+01   1.2260170e+04   2.6739609e+04
   2.4000000e+01   3.2148390e+04   4.1934870e+03
   2.5000000e+01   2.1264462e+04  -7.9253620e+03
   2.6000000e+01  -2.1606919e+04  -2.5923370e+03
   2.7000000e+01  -2.2017856e+04  -9.5887870e+02
   2.8000000e+01   2.2170998e+04  -1.7890207e+04
   2.9000000e+01   3.9972149e+04  -2.4757808e+04
   3.0000000e+01   4.8194128e+03  -1.1739122e+03
   3.1000000e+01  -2.6894904e+04   2.6009543e+04
   3.2000000e+01   1.1457109e+04   3.2791077e+04
   3.3000000e+01   7.0363637e+04   1.7058855e+04
   3.4000000e+01   2.2383694e+04  -1.7203518e+04
   3.5000000e+01  -9.2441957e+04  -4.9825212e+04
   3.6000000e+01  -8.5164351e+04  -4.2712921e+04
   3.7000000e+01   5.0837284e+04   3.1095697e+04
   3.8000000e+01   1.2232027e+05   1.0234918e+05
   3.9000000e+01   4.4053834e+04   5.6446731e+04
   4.0000000e+01  -7.4819027e+04  -6.0184014e+04
   4.1000000e+01  -1.0415422e+05  -9.7057019e+04
   4.2000000e+01  -2.8209180e+04  -2.0791707e+04
   4.3000000e+01   7.2129205e+04   7.3249200e+04
   4.4000000e+01   1.0453799e+05   8.4060376e+04
   4.5000000e+01   3.9582224e+04   2.0795830e+04
   4.6000000e+01  -5.0358490e+04  -2.7944873e+04
   4.7000000e+01  -7.0356101e+04  -2.9379169e+04
   4.8000000e+01  -3.3935570e+03  -1.0656649e+04
   4.9000000e+01   8.4026577e+04   1.3024717e+04
   5.0000000e+01   8.5516983e+04   3.9185434e+04
   5.1000000e+01  -6.9572301e+03   4.1702498e+04
   5.2000000e+01  -6.8030138e+04   9.7203584e+03
   5.3000000e+01  -3.4574112e+04  -1.1983666e+04
   5.4000000e+01   3.2745050e+04  -7.3403022e+03
   5.5000000e+01   5.7980414e+04  -2.1557516e+03
   5.6000000e+01   1.0250610e+04   6.5153632e+03
   5.7000000e+01  -6.5540113e+04   1.9352452e+04
   5.8000000e+01  -8.8268450e+04   1.9901609e+04
   5.9000000e+01  -4.4387467e+04   5.0780412e+03
   6.0000000e+01   1.1609172e+04  -1.9400312e+04
   6.1000000e+01   5.2944133e+04  -3.0848130e+04
   6.2000000e+01   7.4754896e+04  -5.8359611e+03
   6.3000000e+01   5.1305932e+04   2.9025958e+04
   6.4000000e+01  -3.0362987e+03   2.9188641e+04
   6.5000000e+01  -4.0252418e+04   7.7130845e+03
   6.6000000e+01  -3.1188435e+04  -8.6413649e+03
   6.7000000e+01   2.4483751e+04  -2.3589857e+04
   6.8000000e+01   6.4958271e+04  -1.4483089e+04
   6.9000000e+01   4.0562324e+04   3.1358865e+04
   7.0000000e+01  -1.2256531e+04   5.8457729e+04
   7.1000000e+01  -5.0428629e+04   1.6628117e+04
   7.2000000e+01  -5.8388941e+04  -5.4915980e+04
   7.3000000e+01  -3.3721192e+04  -5.3944204e+04
   7.4000000e+01  -1.4715507e+03   2.3737698e+04
   7.5000000e+01   7.7151100e+02   5.3547537e+04
   7.6000000e+01  -2.6163545e+04  -5.5255351e+03
   7.7000000e+01  -3.0210327e+04  -5.4118156e+04
   7.8000000e+01   8.0506832e+03  -2.9057660e+04
   7.9000000e+01   3.4451703e+04   9.3237319e+03
   8.0000000e+01  -6.5338743e+02  -5.4539261e+03
   8.1000000e+01  -5.5804465e+04  -3.9338309e+04
   8.2000000e+01  -4.2080464e+04  -4.6105122e+04
   8.3000000e+01   1.9137870e+04  -3.2460374e+04
   8.4000000e+01   3.1859732e+04  -8.7022020e+03
   8.5000000e+01  -1.0525838e+04   1.2219376e+04
   8.6000000e+01  -5.3906425e+04   1.6700197e+04
   8.7000000e+01  -6.0086235e+04   4.9859031e+03
   8.8000000e+01  -2.6664235e+04  -1.7594585e+04
   8.9000000e+01   3.6880326e+03  -3.2708870e+04
   9.0000000e+01  -5.1336796e+03  -2.3642785e+04
   9.1000000e+01  -2.9181310e+04   1.6737718e+03
   9.2000000e+01  -9.0265727e+03   2.2165869e+04
   9.3000000e+01   4.6082469e+04   2.1925616e+04
   9.4000000e+01   5.1533045e+04  -4.7887433e+03
   9.5000000e+01  -2.4808280e+03  -3.8121968e+04
   9.6000000e+01  -3.3167980e+04  -3.3896227e+04
   9.7000000e+01  -4.7755243e+03   4.7173489e+03
   9.8000000e+01   3.4898696e+04   1.9224610e+04
   9.9000000e+01   4.2305446e+04  -2.1271049e+03
   1.0000000e+02   1.4912558e+04  -1.2813728e+04
   1.0100000e+02  -3.2746407e+04   4.3328808e+03
   1.0200000e+02  -4.9890851e+04   1.9331171e+04
   1.0300000e+02  -1.2230412e+03   1.2183008e+04
   1.0400000e+02   4.6959068e+04  -1.4389360e+04
   1.0500000e+02   2.7688073e+04  -3.9383181e+04
   1.0600000e+02  -2.0552843e+04  -1.6573080e+04
   1.0700000e+02  -3.0008962e+04   3.9552304e+04
   1.0800000e+02   5.2377877e+03   4.1741851e+04
   1.0900000e+02   3.3092552e+04  -1.6427560e+04
   1.1000000e+02   1.5862754e+04  -5.0747762e+04
   1.1100000e+02  -9.8124300e+03  -2.2076593e+04
   1.1200000e+02   4.0982257e+03   2.7346833e+04
   1.1300000e+02   2.4281874e+04   4.1450136e+04
   1.1400000e+02   1.0147582e+04   1.9709427e+04
   1.1500000e+02  -9.9924489e+02   3.2795920e+02
   1.1600000e+02   1.5562722e+04  -5.4595185e+03
   1.1700000e+02   3.1931104e+04  -1.0737815e+04
   1.1800000e+02   3.2631211e+04  -5.4254520e+03
   1.1900000e+02   1.0501439e+04   2.4585924e+04
   1.2000000e+02  -2.1712465e+04   4.6117779e+04
   1.2100000e+02  -2.1578821e+04   2.3291757e+04
   1.2200000e+02   1.6009569e+03  -1.8198475e+04
   1.2300000e+02   1.0613876e+04  -2.7783286e+04
   1.2400000e+02   2.5578223e+04   9.1017891e+02
   1.2500000e+02   4.8440655e+04   2.5570603e+04
   1.2600000e+02   2.8262911e+04   2.3405269e+04
   1.2700000e+02  -2.2270468e+04   1.6191069e+04
   1.2800000e+02  -2.7201952e+04   1.5152515e+04
   1.2900000e+02   2.2616694e+04   1.2154739e+04
   1.3000000e+02   5.1933878e+04   9.5395782e+03
   1.3100000e+02   2.3592853e+04   1.1052271e+04
   1.3200000e+02  -1.5689976e+04   1.2980956e+04
   1.3300000e+02  -2.4670418e+04   2.2839417e+04
   1.3400000e+02  -9.0927505e+03   4.3865995e+04
   1.3500000e+02   5.2064358e+03   4.1555111e+04
   1.3600000e+02   5.4015012e+03   1.6246680e+03
   1.3700000e+02   6.3035099e+03  -2.5995924e+04
   1.3800000e+02   6.1975378e+03  -1.1932546e+04
   1.3900000e+02  -7.4650600e+03   1.2099616e+04
   1.4000000e+02  -2.0109910e+04   1.1248334e+04
   1.4100000e+02  -2.0849598e+04  -1.4027139e+04
   1.4200000e+02  -9.0232319e+03  -2.7819959e+04
   1.4300000e+02   7.4271341e+03  -6.9073696e+03
   1.4400000e+02   6.3686716e+03   1.2086968e+04
   1.4500000e+02  -1.3438213e+04  -4.9041282e+03
   1.4600000e+02  -2.8314899e+04  -2.0971763e+04
   1.4700000e+02  -1.6340032e+04   2.1430817e+02
   1.4800000e+02   1.0611776e+04   2.8383406e+04
   1.4900000e+02   1.3316106e+04   2.1484216e+04
   1.5000000e+02  -8.1345584e+03  -2.1747066e+04
   1.5100000e+02  -2.0015032e+04  -5.7149481e+04
   1.5200000e+02  -1.5689935e+04  -3.6648658e+04
   1.5300000e+02  -1.2728357e+04   1.5973585e+04
   1.5400000e+02  -1.7964488e+04   2.9029860e+04
   1.5500000e+02  -2.0045420e+04  -8.3572772e+03
   1.5600000e+02  -1.4286332e+04  -4.1086574e+04
   1.5700000e+02  -6.2115587e+03  -4.5321830e+04
   1.5800000e+02   3.3884848e+03  -3.5555451e+04
   1.5900000e+02  -4.7118734e+02  -3.1088648e+03
   1.6000000e+02  -3.1757551e+04   3.4008999e+04
   1.6100000e+02  -5.2032629e+04   1.9474344e+04
   1.6200000e+02  -2.1529762e+04  -2.3173082e+04
   1.6300000e+02   2.1406265e+04  -2.6817550e+04
   1.6400000e+02   2.2670835e+04  -6.4011786e+03
   1.6500000e+02  -1.0405920e+04  -2.8251309e+03
   1.6600000e+02  -3.6995583e+04  -4.6822358e+03
   1.6700000e+02  -2.1162147e+04   8.2481655e+03
   1.6800000e+02   2.9256185e+04   1.9624075e+04
   1.6900000e+02   4.5591405e+04  -3.2603505e+03
   1.7000000e+02  -2.3878313e+03  -4.7491457e+04
   1.7100000e+02  -3.5031332e+04  -5.6231485e+04
   1.7200000e+02   1.6683837e+03  -1.7426663e+04
   1.7300000e+02   4.2224116e+04   2.0333812e+04
   1.7400000e+02   3.8793413e+04   2.1148181e+04
   1.7500000e+02   1.5637875e+04  -5.9301810e+01
   1.7600000e+02  -7.0137454e+03  -8.3842806e+03
   1.7700000e+02  -1.3236226e+04  -5.6756758e+03
   1.7800000e+02  -4.3545804e+03  -1.2425200e+04
   1.7900000e+02   4.8349727e+03  -1.4462321e+04
   1.8000000e+02   1.2888220e+04   4.2298898e+03
   1.8100000e+02   3.2309301e+03   3.4119255e+04
   1.8200000e+02  -1.8890639e+04   4.7909622e+04
   1.8300000e+02  -2.4279317e+04   9.9549450e+03
   1.8400000e+02  -1.7901619e+04  -4.5009939e+04
   1.8500000e+02  -6.2713405e+03  -3.3036133e+04
   1.8600000e+02   9.8589308e+03   2.2402297e+04
   1.8700000e+02   1.9212749e+04   3.2542949e+04
   1.8800000e+02   1.7912360e+04   1.6947086e+03
   1.8900000e+02   1.0182698e+04  -1.1277558e+04
   1.9000000e+02   1.0622621e+04   1.7187590e+03
   1.9100000e+02   1.6759092e+04   5.5935469e+03
   1.9200000e+02   1.7699535e+04  -9.3138515e+03
   1.9300000e+02   2.9387514e+04  -4.9018074e+03
   1.9400000e+02   4.0157263e+04   2.5493758e+04
   1.9500000e+02   1.7507122e+04   2.9269222e+04
   1.9600000e+02  -1.6587674e+04  -6.7133781e+02
   1.9700000e+02  -2.3334309e+04  -1.2613017e+04
   1.9800000e+02  -1.4837585e+04   2.1646905e+03
   1.9900000e+02  -2.1759990e+04   1.3691743e+04
   2.0000000e+02  -2.6507396e+04   1.7204712e+04
   2.0100000e+02   8.3422196e+02   1.7209534e+04
   2.0200000e+02   2.2398363e+04   1.1509917e+04
   2.0300000e+02  -6.6531684e+03   6.1082476e+03
   2.0400000e+02  -4.3423583e+04   3.4064835e+03
   2.0500000e+02  -2.6094726e+04   3.8558122e+03
   2.0600000e+02   2.9477616e+04   1.0869379e+04
   2.0700000e+02   6.3714425e+04   1.7615321e+04
   2.0800000e+02   4.7423400e+04   1.9814835e+04
   2.0900000e+02   1.0098600e+04   1.4243915e+04
   2.1000000e+02   1.9466006e+03  -2.3830788e+03
   2.1100000e+02   2.1146956e+04  -1.1223789e+04
   2.1200000e+02   2.7514948e+04  -5.2474302e+02
   2.1300000e+02   1.1045519e+04   9.7608719e+03
   2.1400000e+02  -1.0518993e+04  -6.0724745e+02
   2.1500000e+02  -2.0385501e+04  -1.5464818e+04
   2.1600000e+02  -1.0547523e+04   1.7377501e+03
   2.1700000e+02   4.7498454e+03   2.5806924e+04
   2.1800000e+02   3.7700251e+03   4.9338772e+03
   2.1900000e+02  -1.1722517e+04  -2.0755946e+04
   2.2000000e+02  -2.9258255e+04   2.9340188e+03
   2.2100000e+02  -3.7250378e+04   3.2581255e+04
   2.2200000e+02  -2.2769111e+04   1.2720210e+04
   2.2300000e+02   7.8323092e+03  -3.0768388e+04
   2.2400000e+02   3.4581081e+04  -3.7043271e+04
   2.2500000e+02   3.8877040e+04   4.3326234e+03
   2.2600000e+02   1.1997661e+04   3.9831606e+04
   2.2700000e+02  -1.9464754e+04   1.8768157e+04
   2.2800000e+02  -2.8660705e+04  -2.8784320e+04
   2.2900000e+02  -1.9794758e+04  -3.3204611e+04
   2.3000000e+02   8.1276715e+03   1.0660713e+02
   2.3100000e+02   3.6634533e+04   2.0348356e+04
   2.3200000e+02   1.8958044e+04   1.5626301e+04
   2.3300000e+02  -3.0022142e+04  -3.1730606e+03
   2.3400000e+02  -4.7186963e+04  -1.7352346e+04
   2.3500000e+02  -2.8951894e+04  -1.3987974e+04
   2.3600000e+02  -8.3905583e+03  -8.3879308e+03
   2.3700000e+02   8.1974652e+03  -1.3611906e+04
   2.3800000e+02   1.3891058e+04  -2.2664928e+04
   2.3900000e+02   9.0465985e+03  -1.7649769e+04
   2.4000000e+02   9.9104965e+03   1.2199248e+04
   2.4100000e+02   5.0402755e+03   2.7536900e+04
   2.4200000e+02  -1.7307293e+04  -1.6672853e+04
   2.4300000e+02  -3.0340125e+04  -6.0939776e+04
   2.4400000e+02  -2.2572512e+03  -1.7513865e+04
   2.4500000e+02   4.8371476e+04   5.6909391e+04
   2.4600000e+02   5.5312069e+04   4.2169952e+04
   2.4700000e+02  -3.7874660e+03  -3.9345095e+04
   2.4800000e+02  -6.8292419e+04  -6.3262547e+04
   2.4900000e+02  -6.8294054e+04  -2.1646013e+03
   2.5000000e+02  -2.0105291e+04   5.0771346e+04
   2.5100000e+02  -5.5489416e+03   2.8956699e+04
   2.5200000e+02  -2.2983638e+04  -3.2023919e+04
   2.5300000e+02  -1.2016578e+04  -5.0767418e+04
   2.5400000e+02   8.6542843e+03  -1.1808504e+04
   2.5500000e+02   3.6670127e+03   1.1892916e+04
   2.5600000e+02  -1.1722179e+04  -6.7064311e+03
   2.5700000e+02  -1.8847874e+04  -1.4004083e+04
   2.5800000e+02  -1.6952540e+04   3.5588124e+03
   2.5900000e+02  -8.3080363e+03   4.8031355e+03
   2.6000000e+02   2.3592744e+04  -2.6832877e+04
   2.6100000e+02   5.9250168e+04  -4.6079110e+04
   2.6200000e+02   2.8549991e+04  -8.6283770e+03
   2.6300000e+02  -4.3003023e+04   3.4955925e+04
   2.6400000e+02  -4.4720683e+04   1.6570939e+04
   2.6500000e+02   1.6277168e+04  -2.6740353e+04
   2.6600000e+02   2.9609059e+04  -2.3102488e+04
   2.6700000e+02  -2.6886608e+04   1.9457597e+04
   2.6800000e+02  -6.3674450e+04   3.4264961e+04
   2.6900000e+02  -1.7604799e+04  -5.0727550e+01
   2.7000000e+02   4.9181339e+04  -2.0393468e+04
   2.7100000e+02   3.4742501e+04   1.0667878e+04
   2.7200000e+02  -3.1586693e+04   2.3410773e+04
   2.7300000e+02  -3.7205188e+04  -2.1744412e+04
   2.7400000e+02   2.9840853e+04  -4.0450417e+04
   2.7500000e+02   7.8229183e+04   1.2158311e+04
   2.7600000e+02   5.7022104e+04   5.8155014e+04
   2.7700000e+02   1.6497339e+04   4.0496700e+04
   2.7800000e+02   1.1105677e+04  -3.5026962e+03
   2.7900000e+02   3.0732073e+04  -1.9527404e+04
   2.8000000e+02   4.0754392e+04  -3.5816351e+02
   2.8100000e+02   2.2123909e+04   2.8208662e+04
   2.8200000e+02   2.4684314e+03   3.9736524e+04
   2.8300000e+02  -6.9395660e+01   2.7287807e+04
   2.8400000e+02  -2.3310286e+04   5.9330015e+03
   2.8500000e+02  -5.0954428e+04  -1.4562291e+04
   2.8600000e+02  -2.6118827e+04  -2.4056851e+04
   2.8700000e+02   2.1163033e+04  -5.5073906e+03
   2.8800000e+02   2.4304885e+04   2.1926555e+04
   2.8900000e+02  -1.0075412e+04   2.0311606e+04
   2.9000000e+02  -2.2215178e+04  -4.9462989e+03
   2.9100000e+02   7.0659924e+03  -1.1294226e+04
   2.9200000e+02   4.3526393e+04   1.5873524e+04
   2.9300000e+02   5.3795465e+04   3.4863330e+04
   2.9400000e+02   3.3398310e+04   1.5000325e+04
   2.9500000e+02   1.7575238e+04  -1.0392679e+04
   2.9600000e+02   2.3490072e+04   3.0331135e+03
   2.9700000e+02   1.7747660e+04   3.6309023e+04
   2.9800000e+02  -3.7765701e+03   3.5801860e+04
   2.9900000e+02  -1.6637554e+04   2.8080632e+03
   3.0000000e+02  -2.3108590e+04  -2.0999585e+04
   3.0100000e+02  -2.0810056e+04  -1.0969742e+04
   3.0200000e+02   4.3416493e+03   2.4668690e+04
   3.0300000e+02   2.6952712e+04   3.4051685e+04
   3.0400000e+02   1.1775795e+04  -5.2553921e+03
   3.0500000e+02  -1.4495350e+04  -3.9803401e+04
   3.0600000e+02  -1.4683934e+04  -2.9187607e+04
   3.0700000e+02  -6.8501037e+03   1.3317255e+04
   3.0800000e+02  -1.4213351e+04   4.5606017e+04
   3.0900000e+02  -2.6252897e+04   2.9450632e+04
   3.1000000e+02  -2.0337135e+04  -1.7489500e+04
   3.1100000e+02   5.4788884e+02  -3.7276842e+04
   3.1200000e+02   2.9250573e+03  -1.0836626e+04
   3.1300000e+02  -2.3272658e+04   1.8537755e+04
   3.1400000e+02  -4.8646291e+04   1.2385612e+04
   3.1500000e+02  -4.5494677e+04  -1.8193622e+04
   3.1600000e+02  -1.5043839e+04  -3.9036899e+04
   3.1700000e+02   1.5972980e+04  -2.3407812e+04
   3.1800000e+02   2.5747349e+04   5.0330065e+03
   3.1900000e+02   1.7550090e+04  -6.6958838e+03
   3.2000000e+02   2.7371512e+03  -4.1757999e+04
   3.2100000e+02  -1.4267761e+04  -4.2547872e+04
   3.2200000e+02  -2.4844488e+04  -1.6983107e+04
   3.2300000e+02  -2.4297444e+04  -1.1937184e+04
   3.2400000e+02  -2.4080191e+04  -2.4407936e+04
   3.2500000e+02  -2.0171900e+04  -1.8190030e+04
   3.2600000e+02  -3.1887727e+03   4.1423232e+03
   3.2700000e+02  -6.3574660e+02   1.4720047e+04
   3.2800000e+02  -3.5194253e+04   5.0506473e+03
   3.2900000e+02  -7.4450124e+04  -1.4066089e+04
   3.3000000e+02  -7.2157582e+04  -2.4918602e+04
   3.3100000e+02  -3.3568777e+04  -2.0699758e+04
   3.3200000e+02   3.6007599e+03  -7.0844922e+03
   3.3300000e+02   2.9579962e+04   1.9275277e+03
   3.3400000e+02   4.4833542e+04  -5.1726485e+03
   3.3500000e+02   3.8609157e+04  -1.5305607e+04
   3.3600000e+02   2.5027688e+04  -2.1921504e+04
   3.3700000e+02   2.4468011e+04  -2.4023900e+04
   3.3800000e+02   2.0488789e+04  -9.9077265e+02
   3.3900000e+02  -2.3153181e+03   2.4289252e+04
   3.4000000e+02  -1.8838714e+04   1.3032481e+04
   3.4100000e+02  -8.8056433e+03  -6.3898080e+03
   3.4200000e+02   8.0920670e+01  -5.7082571e+03
   3.4300000e+02  -1.3390780e+04   4.9580251e+03
   3.4400000e+02  -1.1830066e+04   1.3612373e+04
   3.4500000e+02   2.0588798e+04   5.9531789e+02
   3.4600000e+02   2.3738597e+04  -2.6356863e+04
   3.4700000e+02  -2.1172651e+04  -1.9794342e+04
   3.4800000e+02  -4.3670477e+04   2.5275425e+04
   3.4900000e+02  -8.2647161e+03   5.2930739e+04
   3.5000000e+02   3.7149843e+04   2.8328073e+04
   3.5100000e+02   4.1272128e+04  -1.6752628e+04
   3.5200000e+02   1.7058502e+04  -2.9806067e+04
   3.5300000e+02   1.8902478e+04   4.8743341e+03
   3.5400000e+02   5.6742933e+04   5.0683064e+04
   3.5500000e+02   7.9982764e+04   5.1813196e+04
   3.5600000e+02   5.3869774e+04   1.3055383e+04
   3.5700000e+02   1.1464532e+04  -5.3613231e+03
   3.5800000e+02   5.1211226e+03   7.4774929e+03
   3.5900000e+02   2.1091839e+04   1.6830252e+04
   3.6000000e+02   1.0328578e+04   1.7415456e+04
   3.6100000e+02  -1.8917668e+04   1.8591558e+04
   3.6200000e+02  -1.9355473e+04   1.3580387e+04
   3.6300000e+02   1.8847517e+04  -1.6906839e+03
   3.6400000e+02   5.0807073e+04  -1.0057143e+04
   3.6500000e+02   3.3079583e+04   4.2320068e+03
   3.6600000e+02  -9.4761833e+03   1.7558108e+04
   3.6700000e+02  -2.2222770e+04   3.5050951e+03
   3.6800000e+02  -3.3701323e+03  -8.5955712e+03
   3.6900000e+02   2.1707759e+04   1.4914119e+04
   3.7000000e+02   3.5480909e+04   4.3727368e+04
   3.7100000e+02   1.1138652e+04   3.2390623e+04
   3.7200000e+02  -4.0715476e+04  -6.1945550e+03
   3.7300000e+02  -5.6122059e+04  -2.2908722e+04
   3.7400000e+02  -1.3175215e+04  -2.1791480e+03
   3.7500000e+02   3.2484835e+04   2.4501245e+04
   3.7600000e+02   2.7949986e+04   2.8032541e+04
   3.7700000e+02  -9.3617560e+03   1.2991103e+04
   3.7800000e+02  -2.8394443e+04  -8.7951771e+03
   3.7900000e+02  -1.8968367e+04  -3.2379685e+04
   3.8000000e+02  -9.6537023e+03  -3.6913454e+04
   3.8100000e+02  -1.9198983e+04  -1.3995658e+04
   3.8200000e+02  -3.4631934e+04  -2.7749890e+02
   3.8300000e+02  -4.0112905e+04  -1.2501714e+04
   3.8400000e+02  -5.2589680e+04  -1.8876054e+04
   3.8500000e+02  -8.6122879e+04  -1.0739685e+04
   3.8600000e+02  -1.0328000e+05  -1.0204968e+04
   3.8700000e+02  -5.4692303e+04  -1.4453164e+04
   3.8800000e+02   3.3737593e+04  -2.6090483e+03
   3.8900000e+02   7.4598161e+04   2.2170267e+04
   3.9000000e+02   4.6560783e+04   3.5723110e+04
   3.9100000e+02   1.5432037e+04   2.4685828e+04
   3.9200000e+02   1.9904054e+04  -3.0065259e+03
   3.9300000e+02   3.5067359e+04  -2.2501420e+04
   3.9400000e+02   3.3252697e+04  -1.4665136e+04
   3.9500000e+02   2.1027732e+04   3.7637268e+03
   3.9600000e+02   1.7871437e+04   2.5980504e+03
   3.9700000e+02   2.4598546e+04  -2.0118227e+04
   3.9800000e+02   2.4688083e+04  -3.4273864e+04
   3.9900000e+02   4.4755528e+03  -1.5455400e+04
   4.0000000e+02  -2.2948935e+04   5.2355314e+03
   4.0100000e+02  -2.6710134e+04  -1.6375918e+04
   4.0200000e+02  -1.1983414e+04  -5.0101666e+04
   4.0300000e+02  -1.2284850e+04  -3.3583945e+04
   4.0400000e+02  -1.9972173e+04   1.6979970e+04
   4.0500000e+02  -9.2977970e+03   2.7856724e+04
   4.0600000e+02  -2.4221101e+03  -3.5238974e+03
   4.0700000e+02  -2.5810732e+04  -1.8811730e+04
   4.0800000e+02  -5.3666738e+04  -1.2899787e+04
   4.0900000e+02  -5.2417336e+04  -4.5313056e+03
   4.1000000e+02  -3.6054419e+04   3.7736260e+03
   4.1100000e+02  -3.5063878e+04  -6.7462475e+03
   4.1200000e+02  -4.1964613e+04  -2.1969126e+04
   4.1300000e+02  -4.0946137e+04  -5.8903153e+03
   4.1400000e+02  -3.4897598e+04   9.0312585e+03
   4.1500000e+02  -1.4850234e+04  -2.0169754e+04
   4.1600000e+02   1.8303006e+04  -4.7355600e+04
   4.1700000e+02   3.8185295e+04  -1.1172605e+04
   4.1800000e+02   3.8581218e+04   3.8470732e+04
   4.1900000e+02   4.3758855e+04   1.9957315e+04
   4.2000000e+02   7.1276345e+04  -2.6815076e+04
   4.2100000e+02   9.4614751e+04  -2.1141497e+04
   4.2200000e+02   7.3660464e+04   2.1948838e+04
   4.2300000e+02   2.3574180e+04   4.0313388e+04
   4.2400000e+02  -4.8339834e+02   1.8585814e+04
   4.2500000e+02   1.8369165e+04  -4.1256802e+03
   4.2600000e+02   3.0675767e+04   1.6578272e+03
   4.2700000e+02   5.5671124e+03   1.5031083e+04
   4.2800000e+02  -1.3024152e+04   1.2443470e+04
   4.2900000e+02  -6.0667870e+03   1.0000242e+04
   4.3000000e+02  -1.5780617e+04   2.1221108e+04
   4.3100000e+02  -4.5544933e+04   1.6506136e+04
   4.3200000e+02  -5.1749654e+04  -1.2664969e+04
   4.3300000e+02  -2.6492108e+04  -1.7330796e+04
   4.3400000e+02  -4.5076417e+03   8.1750845e+03
   4.3500000e+02  -3.3267926e+03   1.4515419e+04
   4.3600000e+02  -4.0332905e+03   6.8426563e+03
   4.3700000e+02   1.7488399e+04   1.8231939e+04
   4.3800000e+02   4.7549647e+04   2.5259060e+04
   4.3900000e+02   4.2594513e+04   2.3456828e+03
   4.4000000e+02   1.0665322e+04  -1.7190231e+04
   4.4100000e+02   4.5819875e+03   2.4693180e+03
   4.4200000e+02   2.5140244e+04   3.8922862e+04
   4.4300000e+02   2.8390323e+04   3.9682965e+04
   4.4400000e+02  -2.3475597e+03  -4.2275226e+03
   4.4500000e+02  -3.4192571e+04  -3.8781251e+04
   4.4600000e+02  -2.8832301e+04  -2.1390509e+04
   4.4700000e+02   2.9094003e+03   2.1143134e+04
   4.4800000e+02   2.6463680e+04   3.3628543e+04
   4.4900000e+02   2.2878501e+04   1.6602690e+03
   4.5000000e+02  -2.6374335e+03  -3.0511350e+04
   4.5100000e+02  -1.3945571e+04  -1.6966866e+04
   4.5200000e+02   6.1592692e+03   2.4136990e+04
   4.5300000e+02   2.2757343e+04   3.4212813e+04
   4.5400000e+02   1.0706606e+04  -6.1200759e+02
   4.5500000e+02  -1.2228306e+04  -2.6404701e+04
   4.5600000e+02  -2.4992390e+04  -4.8339724e+03
   4.5700000e+02  -2.4630939e+04   3.1152769e+04
   4.5800000e+02  -1.0221782e+04   2.9720653e+04
   4.5900000e+02   1.0868117e+04  -1.4542430e+04
   4.6000000e+02   6.8710560e+03  -4.5177613e+04
   4.6100000e+02  -2.6697830e+04  -1.4359570e+04
   4.6200000e+02  -3.5055635e+04   3.6101304e+04
   4.6300000e+02   6.3755673e+03   3.4336692e+04
   4.6400000e+02   4.4718873e+04  -1.8309367e+04
   4.6500000e+02   2.7761813e+04  -4.8891651e+04
   4.6600000e+02  -3.0761351e+04  -1.2731682e+04
   4.6700000e+02  -5.5717679e+04   3.2891221e+04
   4.6800000e+02  -2.6953746e+03   2.2091536e+04
   4.6900000e+02   6.1966281e+04  -1.7141574e+04
   4.7000000e+02   5.9119065e+04  -2.5184503e+04
   4.7100000e+02   1.6259232e+03   2.5215136e+03
   4.7200000e+02  -5.1312645e+04   2.0866940e+04
   4.7300000e+02  -5.5380765e+04   4.5954653e+03
   4.7400000e+02  -1.4292912e+04  -2.1382913e+04
   4.7500000e+02   1.6045469e+04  -2.9497610e+04
   4.7600000e+02  -9.0039830e+03  -1.5229203e+04
   4.7700000e+02  -5.6938014e+04   1.0457605e+04
   4.7800000e+02  -4.9646155e+04   2.9071211e+04
   4.7900000e+02   1.0230970e+04   2.2188175e+04
   4.8000000e+02   2.9653595e+04  -1.8991825e+04
   4.8100000e+02  -1.0367904e+04  -5.8786768e+04
   4.8200000e+02  -3.0638438e+04  -4.4767909e+04
   4.8300000e+02  -4.5043121e+03   3.6204579e+03
   4.8400000e+02   1.9899842e+04   2.5138964e+04
   4.8500000e+02   1.4456129e+04   9.7211720e+03
   4.8600000e+02  -3.5966353e+03  -1.3304024e+04
   4.8700000e+02  -5.1318702e+03  -2.5286113e+04
   4.8800000e+02   7.6517611e+03  -2.0074366e+04
   4.8900000e+02  -1.0374593e+03  -4.0985701e+03
   4.9000000e+02  -2.7252739e+04  -1.6957460e+01
   4.9100000e+02  -2.3545593e+04  -1.0977697e+04
   4.9200000e+02   4.8913118e+03  -4.0996798e+03
   4.9300000e+02   1.1528137e+04   2.6214254e+04
   4.9400000e+02  -1.1254993e+03   3.2233091e+04
   4.9500000e+02  -3.2631133e+03  -2.2591668e+03
   4.9600000e+02  -6.5840100e+00  -3.3298242e+04
   4.9700000e+02  -4.3822498e+03  -2.9966125e+04
   4.9800000e+02  -3.3191373e+03  -6.7858235e+02
   4.9900000e+02   1.0339888e+04   2.1076891e+04
   5.0000000e+02   2.2527701e+04   6.2849055e+03
   5.0100000e+02   2.3305792e+04  -2.4171819e+04
   5.0200000e+02   1.2715431e+04  -3.0007971e+04
   5.0300000e+02  -4.8405270e+02  -7.7919246e+03
   5.0400000e+02  -4.2126576e+03   1.1228184e+04
   5.0500000e+02  -2.4582892e+03   3.1604350e+03
   5.0600000e+02  -4.8139107e+03  -8.4405694e+03
   5.0700000e+02  -3.0653417e+03   3.3844023e+03
   5.0800000e+02   1.1720950e+04   2.1115063e+04
   5.0900000e+02   2.0740623e+04   2.2608747e+04
   5.1000000e+02   5.8761459e+03   7.5355480e+03
   5.1100000e+02  -7.9626918e+03  -5.5365717e+03
   5.1200000e+02   2.7150418e+03   9.6297693e+02
   5.1300000e+02   1.6230958e+04   1.4903409e+04
   5.1400000e+02   1.3200227e+04   1.7947313e+04
   5.1500000e+02   2.1123689e+03   8.2222682e+03
   5.1600000e+02  -4.6035041e+03  -4.9761105e+03
   5.1700000e+02   4.4913323e+02  -6.3144426e+03
   5.1800000e+02   1.4878040e+04   4.4833389e+03
   5.1900000e+02   2.6762591e+04   9.2221391e+03
   5.2000000e+02   2.2479204e+04   1.8227996e+02
   5.2100000e+02  -7.8064366e+02  -6.1461166e+03
   5.2200000e+02  -2.5122487e+04   1.7592137e+03
   5.2300000e+02  -2.6370758e+04   7.7847748e+03
   5.2400000e+02   1.7301239e+03   1.6360445e+03
   5.2500000e+02   2.9010377e+04   9.6108381e+02
   5.2600000e+02   2.0069008e+04   1.8205857e+04
   5.2700000e+02  -4.8568964e+03   3.3661595e+04
   5.2800000e+02  -2.0027613e+03   2.5462019e+04
   5.2900000e+02   2.1971602e+04   3.6983841e+03
   5.3000000e+02   2.1193616e+04  -1.4641143e+04
   5.3100000e+02  -1.3407599e+04  -1.5756571e+04
   5.3200000e+02  -2.4185118e+04   1.1998504e+04
   5.3300000e+02   1.4434826e+04   3.7006332e+04
   5.3400000e+02   3.7439142e+04   2.2853186e+04
   5.3500000e+02   8.1507844e+03  -2.7733762e+03
   5.3600000e+02  -1.9623082e+04  -7.8139859e+03
   5.3700000e+02  -6.4912933e+03  -6.9010572e+03
   5.3800000e+02   1.1018339e+04  -5.8878358e+03
   5.3900000e+02  -3.5720625e+03   1.1655011e+04
   5.4000000e+02  -2.1579924e+04   3.1933293e+04
   5.4100000e+02  -1.0258197e+04   2.7223424e+04
   5.4200000e+02   2.2569652e+03   9.0356130e+03
   5.4300000e+02  -8.0769732e+03  -1.2112695e+03
   5.4400000e+02  -2.2309594e+03  -3.2684744e+03
   5.4500000e+02   2.9074875e+04   4.6083384e+03
   5.4600000e+02   2.5006707e+04   1.0581705e+04
   5.4700000e+02  -1.4608241e+04  -7.4912773e+03
   5.4800000e+02  -2.6592053e+04  -2.8511707e+04
   5.4900000e+02  -1.0197988e+04  -2.1176722e+04
   5.5000000e+02   2.7145590e+03  -3.1145416e+03
   5.5100000e+02   1.0253850e+04  -1.7003038e+03
   5.5200000e+02   1.0139649e+04  -1.3238466e+04
   5.5300000e+02  -1.0704323e+03  -1.7484495e+04
   5.5400000e+02  -1.4013664e+04  -7.9851708e+03
   5.5500000e+02  -2.7858080e+04  -2.8629568e+03
   5.5600000e+02  -4.7379188e+04  -8.5764103e+03
   5.5700000e+02  -4.6580203e+04  -9.9003543e+03
   5.5800000e+02  -4.4097898e+03  -2.9727721e+03
   5.5900000e+02   2.7846845e+04   1.8945778e+03
   5.6000000e+02   3.6671090e+03  -5.3230998e+03
   5.6100000e+02  -2.9415717e+04  -1.8307292e+04
   5.6200000e+02  -1.7646416e+04  -1.9802384e+04
   5.6300000e+02   1.2803172e+04  -1.0992346e+04
   5.6400000e+02   1.4881336e+04  -5.8471931e+03
   5.6500000e+02  -1.3148195e+04  -1.1333881e+04
   5.6600000e+02  -3.7770178e+04  -1.8039122e+04
   5.6700000e+02  -2.4938907e+04  -1.4062909e+04
   5.6800000e+02   1.4511428e+04  -1.1585912e+04
   5.6900000e+02   3.0097523e+04  -1.5605996e+04
   5.7000000e+02   5.1818313e+03  -1.0655410e+04
   5.7100000e+02  -3.2757942e+04  -2.7817268e+03
   5.7200000e+02  -4.4303553e+04  -5.2626919e+03
   5.7300000e+02  -9.8840435e+03  -8.1475450e+03
   5.7400000e+02   2.4759682e+04  -8.5086002e+02
   5.7500000e+02   1.5496411e+04   5.3700099e+03
   5.7600000e+02  -8.2811216e+03  -4.4632953e+02
   5.7700000e+02  -1.6300280e+04  -8.3182669e+03
   5.7800000e+02  -7.1284913e+03  -1.1658138e+04
   5.7900000e+02   2.0687735e+04  -6.6100280e+03
   5.8000000e+02   4.1419361e+04   1.1128281e+04
   5.8100000e+02   1.6407800e+04   1.4800633e+04
   5.8200000e+02  -2.8767772e+04  -1.1654681e+04
   5.8300000e+02  -2.4100182e+04  -2.9678365e+04
   5.8400000e+02   1.8681133e+04  -7.6639248e+03
   5.8500000e+02   2.1299084e+04   2.8186580e+04
   5.8600000e+02  -1.6936732e+04   2.8148706e+04
   5.8700000e+02  -3.4719853e+04  -8.6584272e+03
   5.8800000e+02  -1.0127121e+04  -2.3396783e+04
   5.8900000e+02   2.9368782e+04   1.1828715e+04
   5.9000000e+02   3.6966702e+04   4.2777699e+04
   5.9100000e+02   9.6719284e+03   2.2932146e+04
   5.9200000e+02  -9.7648573e+02  -9.5648185e+03
   5.9300000e+02   1.6675910e+04  -8.6032308e+03
   5.9400000e+02   2.6101768e+04   1.4240559e+04
   5.9500000e+02   1.8447636e+04   3.1114560e+04
   5.9600000e+02   1.2970263e+04   1.9769427e+04
   5.9700000e+02   2.1863227e+04  -1.2762552e+04
   5.9800000e+02   3.4034441e+04  -2.3577093e+04
   5.9900000e+02   2.6913394e+04  -4.7199113e+03
   6.0000000e+02   4.4001968e+03   1.4807046e+04
   6.0100000e+02  -8.8642906e+03   2.2045074e+04
   6.0200000e+02  -1.4067706e+03   1.8255664e+04
   6.0300000e+02   1.2609928e+04   1.0669983e+04
   6.0400000e+02   1.0799440e+04   7.0484022e+03
   6.0500000e+02   5.4897624e+03   1.2249876e+04
   6.0600000e+02   1.2437324e+04   2.4424512e+04
   6.0700000e+02   4.2015535e+03   2.7651675e+04
   6.0800000e+02  -1.9912826e+04   1.6477646e+04
   6.0900000e+02  -2.0775997e+04   5.4256498e+03
   6.1000000e+02  -1.7080198e+03   5.4088742e+03
   6.1100000e+02   5.9225952e+03   8.7972054e+03
   6.1200000e+02   1.3167364e+03   1.9995760e+03
   6.1300000e+02   2.1498657e+03  -5.2453636e+03
   6.1400000e+02   6.5849303e+03  -2.3484413e+03
   6.1500000e+02   2.6756727e+03   3.9692699e+02
   6.1600000e+02   2.8361792e+02   1.8638236e+03
   6.1700000e+02   9.9934898e+03   1.8119281e+03
   6.1800000e+02   1.8059640e+04  -3.7368911e+02
   6.1900000e+02   8.4060179e+03   5.4599529e+03
   6.2000000e+02  -8.9494341e+03   5.4078999e+03
   6.2100000e+02  -9.3442844e+03  -8.6729242e+03
   6.2200000e+02  -2.7921042e+03  -7.1037941e+03
   6.2300000e+02  -1.5848659e+04   1.0712122e+04
   6.2400000e+02  -3.4433593e+04   1.2307109e+04
   6.2500000e+02  -2.9991621e+04  -5.7049782e+03
   6.2600000e+02  -2.9866310e+03  -1.8579212e+04
   6.2700000e+02   1.4312650e+04  -7.4223914e+03
   6.2800000e+02   1.0121624e+03   1.0082118e+04
   6.2900000e+02  -1.3991579e+04  -1.7407012e+03
   6.3000000e+02  -5.1983966e+03  -2.9209890e+04
   6.3100000e+02   1.4864378e+04  -3.0122895e+04
   6.3200000e+02   1.8747064e+04  -8.6677327e+03
   6.3300000e+02  -4.2677648e+03   1.0079985e+03
   6.3400000e+02  -1.6261989e+04  -8.5360272e+03
   6.3500000e+02  -5.1027759e+03  -1.2735026e+04
   6.3600000e+02  -1.0925098e+04  -3.1025056e+03
   6.3700000e+02  -2.3299083e+04  -8.3533257e+03
   6.3800000e+02  -2.1780222e+04  -2.8655088e+04
   6.3900000e+02  -2.7291345e+04  -2.2922040e+04
   6.4000000e+02  -3.0049299e+04   6.0342389e+03
   6.4100000e+02  -1.3711339e+04   1.1598048e+04
   6.4200000e+02  -2.6022537e+03  -1.1224335e+04
   6.4300000e+02  -2.1378844e+04  -2.2437448e+04
   6.4400000e+02  -4.5094308e+04  -1.2034466e+04
   6.4500000e+02  -2.1198737e+04  -5.3911699e+03
   6.4600000e+02   2.4592286e+04  -2.9141542e+03
   6.4700000e+02   2.0746024e+04   8.6416076e+03
   6.4800000e+02  -9.3750868e+03   1.6071339e+04
   6.4900000e+02  -8.5731018e+03   2.5844853e+03
   6.5000000e+02   6.6615263e+02  -2.1666689e+04
   6.5100000e+02  -1.3533073e+04  -2.5036339e+04
   6.5200000e+02  -2.2903103e+04  -2.3854186e+03
   6.5300000e+02  -3.4728223e+02   6.8975189e+03
   6.5400000e+02   2.9741543e+04  -5.2410675e+03
   6.5500000e+02   3.2673425e+04  -4.5793751e+03
   6.5600000e+02   8.0921810e+03   1.3646578e+03
   6.5700000e+02  -1.4676015e+04  -1.0359871e+04
   6.5800000e+02  -7.2523967e+03  -1.4370420e+04
   6.5900000e+02   2.2500839e+04  -2.9343300e+01
   6.6000000e+02   3.4533411e+04   6.6242669e+02
   6.6100000e+02   1.2985651e+04  -1.0599198e+04
   6.6200000e+02  -4.0371595e+03  -8.8551621e+02
   6.6300000e+02   1.6069720e+04   2.4438379e+04
   6.6400000e+02   3.9219298e+04   3.0345447e+04
   6.6500000e+02   2.0357359e+04   9.2683787e+03
   6.6600000e+02  -1.5680011e+04  -9.5995426e+03
   6.6700000e+02  -1.7628800e+04  -1.8906284e+03
   6.6800000e+02   6.1718578e+03   1.7238307e+04
   6.6900000e+02   1.0806454e+04   1.4123783e+04
   6.7000000e+02  -2.9845262e+03  -6.5358626e+03
   6.7100000e+02   8.4326915e+02  -7.6059486e+03
   6.7200000e+02   1.5908630e+04   9.6718109e+03
   6.7300000e+02   1.1612501e+04   1.1677417e+04
   6.7400000e+02   1.5740661e+03   4.4475020e+02
   6.7500000e+02   4.1962037e+03  -3.5850542e+02
   6.7600000e+02   7.5139269e+02   4.9390495e+03
   6.7700000e+02  -7.2947758e+03   4.1283600e+03
   6.7800000e+02   9.3403727e+03   3.9054926e+03
   6.7900000e+02   3.9082171e+04   7.6760232e+03
   6.8000000e+02   3.5470445e+04   1.1978948e+04
   6.8100000e+02  -2.7489509e+03   2.0326211e+04
   6.8200000e+02  -2.6246865e+04   2.6895432e+04
   6.8300000e+02  -1.0682137e+04   2.0563537e+04
   6.8400000e+02   2.2106217e+04   3.7839169e+03
   6.8500000e+02   3.1959074e+04  -1.0520128e+04
   6.8600000e+02  -2.1850156e+03  -9.7043996e+02
   6.8700000e+02  -3.6929226e+04   2.6971854e+04
   6.8800000e+02  -1.8831489e+04   2.7824720e+04
   6.8900000e+02   2.5122925e+04  -4.5725383e+03
   6.9000000e+02   3.2952529e+04  -2.0513756e+04
   6.9100000e+02  -2.1503172e+03  -2.1382234e+03
   6.9200000e+02  -3.0801718e+04   1.2011239e+04
   6.9300000e+02  -1.7010822e+04  -3.8646269e+03
   6.9400000e+02   1.5152058e+04  -1.8148457e+04
   6.9500000e+02   2.1713429e+04  -9.5303471e+02
   6.9600000e+02  -3.2763202e+03   1.8193330e+04
   6.9700000e+02  -2.6331550e+04   7.9266664e+03
   6.9800000e+02  -1.4911721e+04  -1.4774048e+04
   6.9900000e+02   2.2305195e+04  -2.0848312e+04
   7.0000000e+02   3.6066219e+04  -6.2931366e+03
   7.0100000e+02  -5.7629696e+03   7.0305164e+03
   7.0200000e+02  -5.7915278e+04   4.3897425e+03
   7.0300000e+02  -4.7705642e+04  -4.1521550e+03
   7.0400000e+02   8.9204412e+03  -5.3859565e+03
   7.0500000e+02   3.0789628e+04   4.7209711e+03
   7.0600000e+02   6.1781556e+03   1.0581206e+04
   7.0700000e+02  -9.1092671e+03  -7.7894567e+02
   7.0800000e+02  -3.9997612e+03  -6.5002968e+03
   7.0900000e+02  -3.2073404e+03   3.8904487e+03
   7.1000000e+02  -5.9952422e+03   9.3890514e+03
   7.1100000e+02  -7.1517118e+03   6.1270289e+03
   7.1200000e+02  -3.0269758e+03   6.3206147e+03
   7.1300000e+02   9.1716362e+03   7.5084972e+03
   7.1400000e+02   1.0277491e+04  -9.9647065e+03
   7.1500000e+02  -1.1978214e+04  -3.2280662e+04
   7.1600000e+02  -3.4596912e+04  -1.6543493e+04
   7.1700000e+02  -2.4791846e+04   9.6282680e+03
   7.1800000e+02   3.9299371e+03  -6.3768865e+03
   7.1900000e+02   3.6378486e+03  -3.3297175e+04
   7.2000000e+02  -1.5866024e+04  -2.5864596e+04
   7.2100000e+02  -1.1978763e+04   1.5108171e+03
   7.2200000e+02   3.3653317e+03   1.4084525e+04
   7.2300000e+02  -5.5583885e+02   2.0402732e+03
   7.2400000e+02  -1.7729356e+04  -1.7753849e+04
   7.2500000e+02  -1.7324663e+04  -2.7507871e+04
   7.2600000e+02   6.6133087e+03  -1.6322492e+04
   7.2700000e+02   2.0602052e+04   1.1146696e+04
   7.2800000e+02   1.2646796e+04   2.6345382e+04
   7.2900000e+02   2.9532841e+03   9.5720762e+03
   7.3000000e+02  -3.6416368e+03  -1.9494358e+04
   7.3100000e+02  -1.3313550e+04  -2.1304221e+04
   7.3200000e+02  -2.3565720e+04   1.7278808e+03
   7.3300000e+02  -2.5000652e+04   3.7805172e+03
   7.3400000e+02  -7.1102888e+03  -1.6280356e+04
   7.3500000e+02   1.8108525e+04  -1.5356341e+04
   7.3600000e+02   1.7300430e+04   6.9073971e+03
   7.3700000e+02  -5.9622190e+03   1.7581760e+04
   7.3800000e+02  -1.2866200e+04   6.3245723e+03
   7.3900000e+02  -1.0513969e+03  -1.4344587e+04
   7.4000000e+02   7.2222030e+03  -1.6421116e+04
   7.4100000e+02   9.1440235e+03   5.7241370e+03
   7.4200000e+02   9.3844257e+03   6.6373469e+03
   7.4300000e+02   1.2097356e+04  -1.6743519e+04
   7.4400000e+02   1.1186613e+04  -9.7105194e+03
   7.4500000e+02   3.5789400e+01   1.0017972e+04
   7.4600000e+02  -5.2952402e+03  -7.1478308e+03
   7.4700000e+02  -2.9089005e+02  -2.4566651e+04
   7.4800000e+02   9.9809890e+02  -3.6691116e+03
   7.4900000e+02   1.5083240e+03   1.7036157e+04
   7.5000000e+02   5.5438637e+03   5.4256228e+03
   7.5100000e+02   2.3860430e+03  -1.1802301e+04
   7.5200000e+02  -1.0515500e+04  -4.4396411e+03
   7.5300000e+02  -1.7104710e+04   1.6813290e+04
   7.5400000e+02  -2.6900316e+03   2.4544579e+04
   7.5500000e+02   2.5090588e+04   1.5503672e+04
   7.5600000e+02   3.9123805e+04   8.0244384e+03
   7.5700000e+02   2.1647130e+04   9.6491271e+03
   7.5800000e+02  -3.2406404e+03   1.3581860e+04
   7.5900000e+02  -3.0608594e+02   1.4146501e+04
   7.6000000e+02   1.7222654e+04   1.0051501e+04
   7.6100000e+02   1.9842228e+04   6.3586318e+03
   7.6200000e+02   1.1983494e+04   6.7650365e+03
   7.6300000e+02   5.9869893e+03   5.0843320e+03
   7.6400000e+02   5.5273102e+03  -2.3083734e+03
   7.6500000e+02   1.0481042e+04  -6.2202943e+03
   7.6600000e+02   9.4290597e+03   1.9341950e+01
   7.6700000e+02   2.9418699e+03   6.0303509e+03
   7.6800000e+02   6.7615947e+03   3.9970041e+03
   7.6900000e+02   8.8859173e+03   3.3077995e+03
   7.7000000e+02  -3.4844944e+03   1.2875222e+04
   7.7100000e+02  -3.8608511e+03   1.9835630e+04
   7.7200000e+02   1.0081460e+04   2.6714792e+03
   7.7300000e+02   2.7583387e+03  -1.4510753e+04
   7.7400000e+02  -1.9361382e+04   8.9794942e+03
   7.7500000e+02  -1.6184023e+04   3.8065721e+04
   7.7600000e+02   1.6844564e+04   2.0394852e+04
   7.7700000e+02   4.1372953e+04  -1.1255398e+04
   7.7800000e+02   2.4414503e+04  -6.3417368e+03
   7.7900000e+02  -1.4256405e+04   1.2622027e+04
   7.8000000e+02  -2.8036124e+04   9.7906877e+03
   7.8100000e+02  -5.4518758e+03   1.7901225e+03
   7.8200000e+02   2.0797551e+04   2.4897977e+03
   7.8300000e+02   1.6319002e+04   2.9296545e+03
   7.8400000e+02  -7.2718448e+03   3.4636943e+03
   7.8500000e+02  -2.0334230e+04  -1.1485791e+03
   7.8600000e+02  -2.3225104e+04  -9.0159456e+03
   7.8700000e+02  -1.9426617e+04  -7.8452725e+03
   7.8800000e+02  -1.5477302e+04  -7.6515694e+02
   7.8900000e+02  -2.1135546e+04   5.7777691e+03
   7.9000000e+02  -1.2694509e+04   2.4885332e+03
   7.9100000e+02   6.3714630e+03  -3.4008001e+03
   7.9200000e+02  -5.9744654e+03   8.3657889e+03
   7.9300000e+02  -2.8516610e+04   1.4576606e+04
   7.9400000e+02  -1.8718385e+04  -6.4824809e+03
   7.9500000e+02   3.8746042e+03  -2.5995423e+04
   7.9600000e+02   1.1918901e+04  -2.1448629e+04
   7.9700000e+02   4.6412996e+03  -4.8411383e+03
   7.9800000e+02  -1.3246986e+04  -3.0111177e+03
   7.9900000e+02  -3.0430183e+04  -2.2323439e+04
   8.0000000e+02  -2.5133802e+04  -2.7806590e+04
   8.0100000e+02   7.6416203e+03  -4.1496509e+03
   8.0200000e+02   2.1564860e+04   3.2525881e+03
   8.0300000e+02  -1.1113651e+04  -2.4651574e+04
   8.0400000e+02  -3.0287554e+04  -3.7490555e+04
   8.0500000e+02  -3.3999274e+03  -1.4276928e+04
   8.0600000e+02   1.0623647e+04   8.1471429e+03
   8.0700000e+02  -1.5749020e+04   7.4397651e+03
   8.0800000e+02  -3.2848698e+04  -7.4629210e+03
   8.0900000e+02  -5.1139269e+03  -1.4551335e+04
   8.1000000e+02   3.0784809e+04  -8.5721107e+03
   8.1100000e+02   2.3846631e+04  -1.3606619e+04
   8.1200000e+02  -1.2795357e+04  -2.3262791e+04
   8.1300000e+02  -3.3748025e+04  -1.0170029e+03
   8.1400000e+02  -2.3390528e+04   2.5952658e+04
   8.1500000e+02   9.9734747e+02   3.7386374e+03
   8.1600000e+02   1.6128048e+04  -2.4783269e+04
   8.1700000e+02   2.2731437e+04  -3.1664134e+03
   8.1800000e+02   2.2637994e+04   1.6406260e+04
   8.1900000e+02  -1.2903391e+03  -8.3738590e+03
   8.2000000e+02  -3.1986208e+04  -2.8715781e+04
   8.2100000e+02  -2.3816052e+04  -1.3041931e+04
   8.2200000e+02   1.1961487e+04   9.5728009e+03
   8.2300000e+02   1.8858144e+04   8.7002226e+03
   8.2400000e+02  -5.2349008e+03  -8.3071438e+03
   8.2500000e+02  -1.4047028e+04  -1.4775026e+04
   8.2600000e+02   1.8750104e+03  -8.8087377e+03
   8.2700000e+02   1.8469632e+04  -5.5804068e+03
   8.2800000e+02   2.1287911e+04   7.9918847e+02
   8.2900000e+02   1.3710624e+04   1.8202989e+04
   8.3000000e+02   1.1296848e+04   2.6159634e+04
   8.3100000e+02   1.6375509e+04   1.5931500e+04
   8.3200000e+02   2.0381545e+04   8.4016250e+03
   8.3300000e+02   2.6831839e+04   1.0139131e+04
   8.3400000e+02   3.0863754e+04   1.5778905e+04
   8.3500000e+02   1.5606047e+04   1.9890316e+04
   8.3600000e+02  -8.8811577e+03   1.1782310e+04
   8.3700000e+02  -9.4931401e+03   3.2668170e+03
   8.3800000e+02   1.4429081e+04   1.1511413e+04
   8.3900000e+02   2.3186464e+04   1.9280394e+04
   8.4000000e+02   1.0701833e+03   9.0869772e+03
   8.4100000e+02  -1.3651887e+04  -3.0833178e+03
   8.4200000e+02   8.7455405e+03  -1.7125169e+03
   8.4300000e+02   3.0173306e+04   1.6519713e+03
   8.4400000e+02   1.1185654e+04   1.0689129e+03
   8.4500000e+02  -1.0455656e+04   7.0370250e+03
   8.4600000e+02   2.8069555e+03   1.6358111e+04
   8.4700000e+02   2.4127765e+04   1.7042699e+04
   8.4800000e+02   2.8556552e+04   8.7497631e+03
   8.4900000e+02   2.0172827e+04   6.8413196e+03
   8.5000000e+02   9.8592410e+02   2.0320552e+04
   8.5100000e+02  -2.4050390e+04   2.5906527e+04
   8.5200000e+02  -3.3427695e+04   1.1992312e+04
   8.5300000e+02  -1.6455628e+04   3.9203862e+03
   8.5400000e+02   2.8165456e+03   5.9015045e+03
   8.5500000e+02   4.8883195e+03   3.4013357e+03
   8.5600000e+02  -2.2359607e+03   3.9276237e+03
   8.5700000e+02  -8.9959057e+03   6.9771344e+03
   8.5800000e+02  -9.3679170e+03   1.3511691e+03
   8.5900000e+02  -6.6521933e+03  -2.3109383e+03
   8.6000000e+02  -3.7826647e+03  -2.2532184e+03
   8.6100000e+02   8.2149555e+03  -9.2510888e+03
   8.6200000e+02   1.2221009e+04  -8.4503642e+03
   8.6300000e+02  -5.7824214e+03   3.6742285e+03
   8.6400000e+02  -1.2160179e+04   3.0338166e+03
   8.6500000e+02   4.5319151e+03  -4.9277787e+03
   8.6600000e+02   1.0504832e+04   1.1854868e+03
   8.6700000e+02  -1.3722471e+04   5.8089130e+03
   8.6800000e+02  -4.7869146e+04  -1.3746504e+04
   8.6900000e+02  -4.3918526e+04  -3.5153683e+04
   8.7000000e+02   2.9112834e+03  -2.3048972e+04
   8.7100000e+02   2.5005969e+04   7.7516875e+03
   8.7200000e+02  -1.0285398e+04   1.4639011e+04
   8.7300000e+02  -4.5547076e+04  -1.1039117e+04
   8.7400000e+02  -2.6037952e+04  -3.7507183e+04
   8.7500000e+02   2.1378591e+04  -3.1554081e+04
   8.7600000e+02   3.2186508e+04  -3.8491705e+03
   8.7700000e+02  -3.0412971e+03   1.0071204e+04
   8.7800000e+02  -3.0688593e+04   8.3374292e+03
   8.7900000e+02  -1.7411667e+04   3.7599601e+03
   8.8000000e+02   9.7643975e+03  -5.6699081e+03
   8.8100000e+02   1.8923433e+04  -1.1807344e+04
   8.8200000e+02   4.2488080e+03  -7.1196869e+03
   8.8300000e+02  -2.3040428e+04  -4.4303508e+03
   8.8400000e+02  -3.0328036e+04  -1.2225796e+04
   8.8500000e+02  -1.3287162e+04  -2.2263753e+04
   8.8600000e+02  -7.9444500e+03  -2.2298051e+04
   8.8700000e+02  -1.3817274e+04  -1.2120985e+04
   8.8800000e+02  -9.0073338e+03  -5.2267746e+03
   8.8900000e+02  -1.3315876e+03  -1.1612633e+04
   8.9000000e+02  -4.2094155e+03  -2.4805559e+04
   8.9100000e+02  -9.3075180e+03  -2.1971032e+04
   8.9200000e+02   4.5416423e+03   1.4484266e+03
   8.9300000e+02   2.2898781e+04   1.2610554e+04
   8.9400000e+02   1.0845951e+04   1.4937842e+03
   8.9500000e+02  -1.4279180e+04  -3.3422981e+03
   8.9600000e+02  -1.3922007e+04   4.2192431e+03
   8.9700000e+02   1.3043731e+04   8.2924428e+03
   8.9800000e+02   4.0292090e+04   4.9767291e+03
   8.9900000e+02   3.9463032e+04   2.6071369e+03
   9.0000000e+02   8.0611494e+03   8.4210336e+03
   9.0100000e+02  -1.9721690e+04   1.1570166e+04
   9.0200000e+02  -1.2862023e+04   3.8265456e+03
   9.0300000e+02   9.9733579e+03  -8.0537776e+02
   9.0400000e+02   1.7531287e+04  -1.1971389e+03
   9.0500000e+02   1.1667382e+04  -6.9478320e+03
   9.0600000e+02   8.8336818e+02  -1.0476227e+04
   9.0700000e+02  -2.4535142e+03  -8.7411705e+03
   9.0800000e+02   3.0736935e+03  -4.3349704e+03
   9.0900000e+02  -4.8535482e+03   7.3508357e+03
   9.1000000e+02  -1.3136899e+04   1.3249279e+04
   9.1100000e+02   1.1744224e+03  -6.1295445e+02
   9.1200000e+02   1.6455475e+04  -9.3154713e+03
   9.1300000e+02   1.6016075e+04   1.0553476e+04
   9.1400000e+02   1.0720972e+04   3.3671544e+04
   9.1500000e+02   7.7764903e+03   3.1905030e+04
   9.1600000e+02   2.0804711e+03   2.1737364e+04
   9.1700000e+02   8.8812547e+02   2.1022325e+04
   9.1800000e+02   1.6285900e+04   1.6785155e+04
   9.1900000e+02   2.7711086e+04   8.4945689e+03
   9.2000000e+02   2.3968460e+04   8.5290211e+03
   9.2100000e+02   2.0051288e+04   5.6707218e+03
   9.2200000e+02   8.1796435e+03  -2.6849620e+02
   9.2300000e+02  -8.5683809e+03   7.9310789e+03
   9.2400000e+02  -5.8720305e+03   1.0507158e+04
   9.2500000e+02   6.1970357e+03  -8.9488037e+03
   9.2600000e+02   7.8693846e+03  -1.4624024e+04
   9.2700000e+02   5.5236633e+03   7.1089354e+03
   9.2800000e+02   1.2908524e+03   1.8817721e+04
   9.2900000e+02  -1.5550198e+04   6.8719652e+03
   9.3000000e+02  -3.1669833e+04  -4.5678198e+03
   9.3100000e+02  -1.6267911e+04  -1.5175655e+03
   9.3200000e+02   1.4978241e+04   1.2513302e+04
   9.3300000e+02   1.4593928e+04   2.6092206e+04
   9.3400000e+02  -8.2190879e+03   1.6059462e+04
   9.3500000e+02  -1.1079997e+04  -1.7144249e+04
   9.3600000e+02   9.6807040e+02  -2.5578653e+04
   9.3700000e+02   6.5177914e+03   6.6197182e+03
   9.3800000e+02   8.7488757e+03   2.0741759e+04
   9.3900000e+02   4.2571374e+03  -1.1629528e+04
   9.4000000e+02  -1.6504841e+04  -3.4524212e+04
   9.4100000e+02  -3.0670522e+04  -1.1075583e+04
   9.4200000e+02  -3.3647628e+03   1.2459269e+04
   9.4300000e+02   3.7837082e+04  -4.5764856e+03
   9.4400000e+02   2.8799734e+04  -2.4945568e+04
   9.4500000e+02  -1.8835670e+04  -6.5770548e+03
   9.4600000e+02  -4.3159425e+04   2.2718871e+04
   9.4700000e+02  -3.1604937e+04   1.9539008e+04
   9.4800000e+02  -8.5014981e+03  -2.1603653e+03
   9.4900000e+02   7.7231025e+03  -3.3634023e+03
   9.5000000e+02   8.4615334e+03   1.0644935e+04
   9.5100000e+02  -2.5182116e+03   4.4033432e+03
   9.5200000e+02  -1.1958467e+04  -2.1152973e+04
   9.5300000e+02  -1.5113643e+04  -2.3090617e+04
   9.5400000e+02  -1.6621589e+04   9.6242128e+03
   9.5500000e+02  -6.0051284e+03   2.5037131e+04
   9.5600000e+02   1.8694046e+04  -3.2577873e+02
   9.5700000e+02   2.4855397e+04  -2.5724906e+04
   9.5800000e+02   7.0752616e+03  -3.3373806e+04
   9.5900000e+02  -3.0994058e+03  -2.5564608e+04
   9.6000000e+02  -6.3438711e+03   3.2851356e+03
   9.6100000e+02  -1.2169009e+04   1.5398675e+04
   9.6200000e+02  -6.8824061e+03  -1.5782512e+04
   9.6300000e+02  -4.5670587e+03  -3.9353822e+04
   9.6400000e+02  -1.8828893e+04  -1.4403405e+04
   9.6500000e+02  -1.8132069e+04   1.9271296e+04
   9.6600000e+02  -1.4494434e+03   6.0092288e+03
   9.6700000e+02  -2.2363510e+03  -2.3776072e+04
   9.6800000e+02  -1.4647745e+04  -9.4090677e+03
   9.6900000e+02  -2.1930185e+04   1.6869950e+04
   9.7000000e+02  -2.0263771e+04   8.8428373e+03
   9.7100000e+02  -4.7562131e+02  -6.1968820e+03
   9.7200000e+02   2.2891837e+04  -3.0338332e+03
   9.7300000e+02   1.9378552e+04   4.2161568e+03
   9.7400000e+02  -4.2798011e+03  -2.4097130e+03
   9.7500000e+02  -1.3212297e+04  -1.5287770e+04
   9.7600000e+02   3.4111960e+02  -1.4325212e+04
   9.7700000e+02   1.2721132e+04   1.9939821e+03
   9.7800000e+02   1.2909410e+04   2.0640774e+04
   9.7900000e+02   6.1164281e+03   1.3418284e+04
   9.8000000e+02  -3.2424284e+03  -2.1881982e+04
   9.8100000e+02  -5.0428377e+03  -3.1727893e+04
   9.8200000e+02   4.0959946e+03   4.0343145e+02
   9.8300000e+02   1.1301117e+04   2.2468211e+04
   9.8400000e+02   7.3127162e+03   4.2473765e+03
   9.8500000e+02  -3.6464156e+03  -2.0451102e+04
   9.8600000e+02  -7.4921755e+03  -1.8040966e+04
   9.8700000e+02   6.1861146e+02  -8.2720564e+03
   9.8800000e+02   3.3828469e+03  -2.1446032e+03
   9.8900000e+02  -4.0935032e+03   1.0940826e+04
   9.9000000e+02  -1.8552943e+03   1.2621818e+04
   9.9100000e+02   9.4694059e+03   1.1157696e+03
   9.9200000e+02   6.3674747e+03   3.0900121e+03
   9.9300000e+02  -3.7652007e+03   2.1894836e+04
   9.9400000e+02   1.1803494e+04   2.9525987e+04
   9.9500000e+02   3.6457412e+04   2.3376940e+03
   9.9600000e+02   2.3055389e+04  -2.3052414e+04
   9.9700000e+02  -8.1209304e+03  -4.7437514e+03
   9.9800000e+02  -1.0720615e+04   2.1676641e+04
   9.9900000e+02   7.4706466e+03   2.1708585e+04
   1.0000000e+03   2.8023766e+04   1.5997359e+04
   1.0010000e+03   3.5759180e+04   9.4387659e+03
   1.0020000e+03   1.1710027e+04  -1.2490228e+04
   1.0030000e+03  -2.1832487e+04  -2.1867839e+04
   1.0040000e+03  -2.3120768e+04   3.9579699e+03
   1.0050000e+03   8.2058496e+03   2.5590464e+04
   1.0060000e+03   2.7547229e+04   2.2228997e+04
   1.0070000e+03   5.8930792e+03   1.3324161e+04
   1.0080000e+03  -2.3596521e+04   1.9528343e+03
   1.0090000e+03  -2.4756646e+04  -5.4847675e+03
   1.0100000e+03  -5.6721394e+03  -1.2807105e+03
   1.0110000e+03   1.3856086e+04   8.6430354e+03
   1.0120000e+03   1.7897104e+04   2.3249729e+04
   1.0130000e+03   3.2120050e+03   2.8661696e+04
   1.0140000e+03  -1.1040339e+04   1.1953235e+04
   1.0150000e+03  -2.7905906e+03  -8.0004894e+03
   1.0160000e+03   1.9780076e+04  -1.2314196e+04
   1.0170000e+03   2.2006318e+04  -4.8504204e+03
   1.0180000e+03   7.1724988e+03   7.7702047e+03
   1.0190000e+03   9.5756773e+03   2.2865433e+04
   1.0200000e+03   1.9104517e+04   2.7379500e+04
   1.0210000e+03   1.0937786e+04   1.1364108e+04
   1.0220000e+03  -2.2615652e+03  -1.0709095e+04
   1.0230000e+03  -4.9363574e+03  -1.9209995e+04
   1.0240000e+03  -4.6475172e+03  -7.6726104e+03
   1.0250000e+03  -1.0905849e+04   1.6324505e+04
   1.0260000e+03  -1.5960019e+04   2.6152734e+04
   1.0270000e+03  -1.1987853e+04   7.4828496e+02
   1.0280000e+03  -6.4948732e+03  -3.2180680e+04
   1.0290000e+03  -6.2488658e+03  -2.4554259e+04
   1.0300000e+03  -1.5349112e+04   1.3260400e+04
   1.0310000e+03  -2.9060295e+04   2.1527139e+04
   1.0320000e+03  -2.6466769e+04  -1.4422292e+04
   1.0330000e+03  -3.6688393e+03  -3.7775423e+04
   1.0340000e+03   1.5975682e+04  -1.3915604e+04
   1.0350000e+03   1.1382602e+04   1.5463572e+04
   1.0360000e+03  -9.1273858e+03   1.1733220e+04
   1.0370000e+03  -1.3544790e+04  -1.4378308e+04
   1.0380000e+03  -1.9103293e+03  -3.9034106e+04
   1.0390000e+03  -5.0648709e+03  -3.7657607e+04
   1.0400000e+03  -2.0040269e+04  -6.6697183e+03
   1.0410000e+03  -2.1564550e+04   1.7587153e+04
   1.0420000e+03  -7.6953486e+03   4.7671105e+03
   1.0430000e+03   3.0659551e+03  -2.4091375e+04
   1.0440000e+03  -2.9381830e+03  -2.7102717e+04
   1.0450000e+03  -1.8346695e+04  -7.7244867e+03
   1.0460000e+03  -2.6115571e+04   3.6753611e+03
   1.0470000e+03  -1.5584404e+04   3.3536052e+03
   1.0480000e+03   3.7018670e+03  -6.0984693e+03
   1.0490000e+03   1.0985404e+04  -1.7913330e+04
   1.0500000e+03   7.9950488e+03  -1.1542896e+04
   1.0510000e+03  -4.5476190e+02   9.5976413e+02
   1.0520000e+03  -1.3935937e+04  -7.5078701e+03
   1.0530000e+03  -8.7031028e+03  -1.9119663e+04
   1.0540000e+03   1.0148851e+04  -1.3014902e+04
   1.0550000e+03   1.0189559e+03  -5.5958808e+03
   1.0560000e+03  -2.5483835e+04   1.2776139e+02
   1.0570000e+03  -2.6125142e+04   1.0033393e+04
   1.0580000e+03  -2.9644423e+03   2.5712248e+03
   1.0590000e+03   1.8002823e+04  -1.7135145e+04
   1.0600000e+03   1.9595975e+04  -1.2978596e+04
   1.0610000e+03  -3.6415168e+03   1.0067493e+04
   1.0620000e+03  -1.9635858e+04   1.7761001e+04
   1.0630000e+03   5.2244865e+02  -2.7577567e+03
   1.0640000e+03   2.2080162e+04  -2.8751307e+04
   1.0650000e+03   1.5930722e+04  -2.4268008e+04
   1.0660000e+03   1.4578775e+03   5.7678123e+03
   1.0670000e+03   3.6141740e+01   2.4314786e+04
   1.0680000e+03   2.3339525e+04   1.4298257e+04
   1.0690000e+03   4.0916052e+04  -1.3293588e+04
   1.0700000e+03   1.0012765e+04  -1.8689054e+04
   1.0710000e+03  -2.3317318e+04   1.4591873e+04
   1.0720000e+03  -2.0794620e+03   3.2907633e+04
   1.0730000e+03   3.3005076e+04   1.7074824e+04
   1.0740000e+03   2.7643067e+04   1.3669850e+04
   1.0750000e+03   1.8158397e+02   2.5635440e+04
   1.0760000e+03  -2.4174940e+03   3.0351672e+04
   1.0770000e+03   1.9825353e+04   2.3489206e+04
   1.0780000e+03   2.9474318e+04  -3.3223421e+03
   1.0790000e+03   1.4816121e+04  -2.3949654e+04
   1.0800000e+03  -2.9255319e+03  -4.4664390e+03
   1.0810000e+03  -2.1502116e+03   2.7062496e+04
   1.0820000e+03   1.1253498e+04   3.3563917e+04
   1.0830000e+03   1.2339040e+04   1.4866391e+04
   1.0840000e+03   3.3637898e+03  -1.4463050e+04
   1.0850000e+03   5.3256808e+03  -2.9202468e+04
   1.0860000e+03   9.3309120e+03  -5.7139423e+03
   1.0870000e+03  -2.3991083e+03   3.7864216e+04
   1.0880000e+03  -6.4475573e+03   4.6330346e+04
   1.0890000e+03   1.8248046e+04   8.2747495e+03
   1.0900000e+03   2.9732386e+04  -1.8391639e+04
   1.0910000e+03   9.7015048e+02   2.7415100e+02
   1.0920000e+03  -1.7580192e+04   2.5730050e+04
   1.0930000e+03   3.9511144e+03   1.4898418e+04
   1.0940000e+03   2.1936652e+04  -1.2308423e+04
   1.0950000e+03   2.5138874e+02  -5.2523149e+03
   1.0960000e+03  -3.2634426e+04   2.6169878e+04
   1.0970000e+03  -2.7625394e+04   2.5367359e+04
   1.0980000e+03   8.1038307e+03  -4.9076180e+03
   1.0990000e+03   2.2391283e+04  -1.4370088e+04
   1.1000000e+03  -2.9120611e+03   8.0088210e+02
   1.1010000e+03  -3.1579774e+04   9.4695352e+03
   1.1020000e+03  -2.3519237e+04   4.9064648e+03
   1.1030000e+03   5.9679493e+03  -1.4067109e+03
   1.1040000e+03   3.5798280e+03  -3.4461014e+03
   1.1050000e+03  -2.7101949e+04  -4.0385462e+03
   1.1060000e+03  -2.8570114e+04  -1.0345926e+04
   1.1070000e+03   5.7700388e+02  -1.3374424e+04
   1.1080000e+03   1.1071289e+04  -1.8526059e+02
   1.1090000e+03   4.6279787e+02   1.0129077e+03
   1.1100000e+03  -1.8126537e+03  -2.8600169e+04
   1.1110000e+03  -1.5778388e+03  -3.9085688e+04
   1.1120000e+03  -1.4631713e+04  -6.1647613e+03
   1.1130000e+03  -2.4887060e+04   1.8694461e+04
   1.1140000e+03  -1.3670435e+04   3.8894887e+03
   1.1150000e+03   6.2803594e+03  -2.3244608e+04
   1.1160000e+03   9.3452865e+03  -2.4213867e+04
   1.1170000e+03  -8.5918659e+03  -8.5526063e+02
   1.1180000e+03  -2.5103893e+04   9.7259134e+03
   1.1190000e+03  -2.3451667e+04   2.4358151e+03
   1.1200000e+03  -1.3312590e+04  -2.6639708e+03
   1.1210000e+03  -7.7457467e+03  -1.3063780e+04
   1.1220000e+03  -1.0690441e+04  -2.8041133e+04
   1.1230000e+03  -1.5006357e+04  -2.1866557e+04
   1.1240000e+03  -4.3800743e+03  -4.8901595e+03
   1.1250000e+03   5.9762964e+03  -1.1035465e+04
   1.1260000e+03  -9.2092126e+03  -2.6040246e+04
   1.1270000e+03  -2.0246235e+04  -1.6424015e+04
   1.1280000e+03  -1.7752713e+02   2.8282535e+03
   1.1290000e+03   1.8007306e+04  -6.1391586e+02
   1.1300000e+03   7.9442088e+03  -1.7458573e+04
   1.1310000e+03  -1.1060526e+04  -1.1431714e+04
   1.1320000e+03  -9.7237261e+03   1.6633629e+04
   1.1330000e+03   1.5200026e+04   1.9000658e+04
   1.1340000e+03   2.9432547e+04  -1.4819876e+04
   1.1350000e+03   7.6831110e+03  -2.9726588e+04
   1.1360000e+03  -1.7268457e+04  -3.1848339e+03
   1.1370000e+03  -1.0622614e+04   1.9398721e+04
   1.1380000e+03   8.3474282e+03   1.1605739e+04
   1.1390000e+03   1.4632561e+04  -1.1029290e+04
   1.1400000e+03   1.0546174e+04  -2.8004670e+04
   1.1410000e+03   8.3931176e+03  -9.8998608e+03
   1.1420000e+03   9.0782560e+03   3.0884551e+04
   1.1430000e+03  -4.9562857e+03   2.5623705e+04
   1.1440000e+03  -1.6311694e+04  -1.9594299e+04
   1.1450000e+03   1.4311873e+04  -2.6656178e+04
   1.1460000e+03   4.7140308e+04   9.1286527e+03
   1.1470000e+03   2.1569982e+04   3.0894676e+04
   1.1480000e+03  -2.1643138e+04   1.7408922e+04
   1.1490000e+03  -1.2272904e+04  -5.6184608e+03
   1.1500000e+03   3.3430143e+04  -9.1607736e+03
   1.1510000e+03   4.7494549e+04   5.0584802e+03
   1.1520000e+03   6.5368951e+03   1.9502077e+04
   1.1530000e+03  -3.4632357e+04   2.1883131e+04
   1.1540000e+03  -1.5441319e+04   1.0905356e+04
   1.1550000e+03   2.8686830e+04   5.1941466e+03
   1.1560000e+03   3.0061404e+04   1.2332078e+04
   1.1570000e+03   9.0899762e+03   1.5725184e+04
   1.1580000e+03   1.6185692e+03   1.7985596e+04
   1.1590000e+03  -5.5086368e+03   2.6184823e+04
   1.1600000e+03  -7.2228400e+03   2.2754529e+04
   1.1610000e+03   8.0995330e+03   4.1882678e+03
   1.1620000e+03   1.7447228e+04  -6.7364116e+03
   1.1630000e+03   5.6965533e+03   5.5566652e+03
   1.1640000e+03  -7.5299774e+03   2.1499821e+04
   1.1650000e+03  -7.9024219e+03   8.6505261e+03
   1.1660000e+03  -9.3641889e+03  -1.2764050e+04
   1.1670000e+03  -1.6871667e+04  -3.5094449e+03
   1.1680000e+03  -1.8341562e+04   1.4945985e+04
   1.1690000e+03  -6.2967545e+03   7.4665238e+03
   1.1700000e+03   1.1591132e+04  -1.2674600e+04
   1.1710000e+03   1.1114417e+04  -1.3964128e+04
   1.1720000e+03   8.7477583e+02   5.7720108e+03
   1.1730000e+03   6.0174155e+03   1.8015839e+04
   1.1740000e+03   7.8989139e+03   1.0341631e+04
   1.1750000e+03   5.0283670e+03  -7.7739449e+02
   1.1760000e+03   1.1458415e+04  -7.1698759e+03
   1.1770000e+03   4.8061617e+03  -9.4882309e+03
   1.1780000e+03  -9.2091836e+03   3.5437848e+02
   1.1790000e+03  -9.3139464e+03   1.8116546e+04
   1.1800000e+03  -4.8441144e+03   1.9676651e+04
   1.1810000e+03   3.0031848e+03   3.7235776e+02
   1.1820000e+03   3.0795880e+03  -1.4633642e+04
   1.1830000e+03  -1.8185566e+04  -8.7819802e+03
   1.1840000e+03  -3.2249614e+04   2.5777785e+03
   1.1850000e+03  -1.7609566e+04  -8.1929459e+03
   1.1860000e+03   1.0317153e+04  -2.6144397e+04
   1.1870000e+03   2.2357641e+04  -8.1178827e+03
   1.1880000e+03   2.7869111e+03   2.0427028e+04
   1.1890000e+03  -1.7014862e+04   2.1412664e+03
   1.1900000e+03  -6.8190435e+03  -3.6686892e+04
   1.1910000e+03   7.2407363e+03  -3.8851925e+04
   1.1920000e+03   2.4634063e+03  -1.0787434e+04
   1.1930000e+03  -6.1850845e+03   1.1108296e+04
   1.1940000e+03  -1.0194625e+04   1.6397454e+04
   1.1950000e+03  -8.2094629e+03   1.2491308e+04
   1.1960000e+03   5.5536887e+03  -2.6297052e+03
   1.1970000e+03   1.2958179e+04  -2.0872980e+04
   1.1980000e+03  -4.1864250e+03  -1.7653703e+04
   1.1990000e+03  -2.5572591e+04  -2.5378288e+03
   1.2000000e+03  -2.9423161e+04   4.1571842e+03
   1.2010000e+03  -1.2068457e+04   8.9026047e+03
   1.2020000e+03   9.5178478e+03  -4.8239416e+02
   1.2030000e+03   2.3016991e+03  -2.1538793e+04
   1.2040000e+03  -1.4927272e+04  -1.6601798e+04
   1.2050000e+03  -5.0417116e+03  -4.7193659e+03
   1.2060000e+03   4.9342398e+03  -1.8802493e+04
   1.2070000e+03  -5.6832366e+03  -2.1798707e+04
   1.2080000e+03  -1.2882858e+04   6.7638597e+03
   1.2090000e+03  -4.7680655e+03   2.2103414e+04
   1.2100000e+03   5.7625809e+03  -2.9048021e+03
   1.2110000e+03   2.8746793e+03  -3.0860136e+04
   1.2120000e+03  -1.2960569e+03  -1.8905623e+04
   1.2130000e+03   4.9868379e+03   1.1924016e+04
   1.2140000e+03  -2.2341665e+03   1.6723537e+04
   1.2150000e+03  -1.8784156e+04  -7.7772902e+02
   1.2160000e+03  -5.1594486e+03  -1.1714532e+04
   1.2170000e+03   2.4364697e+04  -4.3365967e+03
   1.2180000e+03   1.6629823e+04   1.3459221e+04
   1.2190000e+03  -1.5687471e+04   1.0148005e+04
   1.2200000e+03  -1.8268650e+04  -1.9890021e+04
   1.2210000e+03   3.5184114e+03  -2.3475188e+04
   1.2220000e+03   1.2216588e+04   1.0043551e+04
   1.2230000e+03   3.2312796e+02   2.1729135e+04
   1.2240000e+03  -8.7836477e+03  -6.8678956e+03
   1.2250000e+03   9.7760553e+03  -3.1021010e+04
   1.2260000e+03   2.9735408e+04  -1.5976200e+04
   1.2270000e+03   1.4183892e+04   1.1000195e+04
   1.2280000e+03  -1.4672232e+04   1.4738354e+04
   1.2290000e+03  -1.8006007e+04   1.4323987e+04
   1.2300000e+03   8.0502088e+03   1.3230695e+04
   1.2310000e+03   2.7343066e+04  -3.2151895e+03
   1.2320000e+03   1.1515446e+04  -7.9052828e+03
   1.2330000e+03  -1.5040898e+04   8.7559459e+03
   1.2340000e+03  -1.8576648e+04   2.4985819e+04
   1.2350000e+03   6.1047838e+03   3.1000027e+04
   1.2360000e+03   2.6590478e+04   1.9040137e+04
   1.2370000e+03   4.8205417e+03  -6.5432894e+03
   1.2380000e+03  -2.3193089e+04  -1.8193471e+04
   1.2390000e+03  -7.6574840e+02   1.4659276e+03
   1.2400000e+03   3.9838061e+04   2.6378820e+04
   1.2410000e+03   3.6204581e+04   2.2281100e+04
   1.2420000e+03  -1.5160488e+03  -2.3171008e+03
   1.2430000e+03  -1.5255655e+04  -1.7979803e+04
   1.2440000e+03   9.9735828e+03   5.2201877e+02
   1.2450000e+03   2.8299291e+04   3.7319824e+04
   1.2460000e+03   1.4218732e+04   3.2460466e+04
   1.2470000e+03  -3.7830269e+03  -1.2140473e+04
   1.2480000e+03  -6.0185635e+03  -3.0029405e+04
   1.2490000e+03   5.0926614e+03   2.7568539e+03
   1.2500000e+03   2.3059979e+04   4.2298395e+04
   1.2510000e+03   1.7812098e+04   3.2899074e+04
   1.2520000e+03  -1.2758782e+04  -7.8576638e+03
   1.2530000e+03  -1.9344052e+04  -2.1928500e+04
   1.2540000e+03   2.3619137e+03  -1.1679628e+04
   1.2550000e+03   1.1501630e+04   2.5727204e+03
   1.2560000e+03   4.5925096e+02   1.8884839e+04
   1.2570000e+03  -8.4969221e+03   1.8901401e+04
   1.2580000e+03  -1.1065937e+03   1.9961719e+03
   1.2590000e+03   7.9119731e+03  -6.0613072e+03
   1.2600000e+03   2.8997470e+03   2.0830550e+03
   1.2610000e+03  -2.3218441e+03   1.3986322e+04
   1.2620000e+03  -5.8450733e+02   1.0656656e+04
   1.2630000e+03  -2.4882403e+03  -1.1671038e+04
   1.2640000e+03  -5.3727442e+03  -1.9694550e+04
   1.2650000e+03  -3.6004298e+03   4.0859220e+03
   1.2660000e+03  -2.3445977e+03   1.6511408e+04
   1.2670000e+03  -1.2244216e+03  -5.2428281e+03
   1.2680000e+03  -4.3990932e+03  -1.8861298e+04
   1.2690000e+03  -2.0795594e+04  -8.1427920e+03
   1.2700000e+03  -2.7626469e+04  -1.9252687e+03
   1.2710000e+03  -4.3740179e+03  -5.8659339e+03
   1.2720000e+03   2.0145014e+04  -9.5756723e+03
   1.2730000e+03   1.4204952e+04  -7.4166803e+03
   1.2740000e+03  -1.5063525e+04   3.4366855e+03
   1.2750000e+03  -3.2694439e+04   4.3587449e+03
   1.2760000e+03  -2.1347987e+04  -1.4391054e+04
   1.2770000e+03  -7.6634210e+03  -2.1878978e+04
   1.2780000e+03  -8.0589227e+03  -4.5251874e+03
   1.2790000e+03  -7.5710511e+03   2.8399993e+03
   1.2800000e+03   2.7733650e+01  -1.3334532e+04
   1.2810000e+03   4.8612465e+03  -1.7246317e+04
   1.2820000e+03  -6.3557980e+03  -4.6420703e+03
   1.2830000e+03  -2.4608923e+04  -1.1455261e+04
   1.2840000e+03  -2.0245979e+04  -2.2344221e+04
   1.2850000e+03   5.1160297e+03  -7.2393842e+03
   1.2860000e+03   1.8440223e+04  -6.2859522e+02
   1.2870000e+03   6.6594772e+03  -2.2062262e+04
   1.2880000e+03  -1.3844222e+04  -2.7806065e+04
   1.2890000e+03  -2.4523316e+04  -1.6084857e+03
   1.2900000e+03  -1.7237471e+04   1.1430871e+04
   1.2910000e+03  -3.0053657e+03  -1.0186762e+04
   1.2920000e+03  -5.7471371e+03  -2.2400900e+04
   1.2930000e+03  -1.6393383e+04  -2.4514488e+03
   1.2940000e+03  -8.3736851e+03   1.4468468e+04
   1.2950000e+03   3.7791739e+03   1.2737055e+04
   1.2960000e+03   2.8302238e+03   2.9138100e+03
   1.2970000e+03   2.8314494e+03  -8.2686606e+03
   1.2980000e+03   4.5182053e+03  -6.5431194e+03
   1.2990000e+03   9.4566770e+02   6.5483779e+03
   1.3000000e+03   6.2152462e+03   1.2458556e+04
   1.3010000e+03   1.6958454e+04   4.0621813e+03
   1.3020000e+03   1.0365266e+04  -1.1680071e+04
   1.3030000e+03   3.1828667e+03  -1.3103306e+04
   1.3040000e+03   1.2742340e+04  -6.2292080e+02
   1.3050000e+03   9.4854863e+03   1.9080055e+03
   1.3060000e+03  -3.4256367e+03   2.3887940e+03
   1.3070000e+03   4.5748768e+03   7.6359683e+03
   1.3080000e+03   1.4149194e+04   3.7327049e+03
   1.3090000e+03   5.8536356e+03   4.3838233e+02
   1.3100000e+03  -4.0463100e+03   4.4464723e+03
   1.3110000e+03   6.2282140e+02   5.7932089e+03
   1.3120000e+03   1.3921108e+04   6.4386251e+03
   1.3130000e+03   7.3419067e+03   8.2648592e+03
   1.3140000e+03  -9.2705442e+03   8.7826113e+03
   1.3150000e+03   5.4603931e+03   5.1723645e+03
   1.3160000e+03   3.1094309e+04  -1.5245611e+03
   1.3170000e+03   2.7775989e+04   2.3102481e+03
   1.3180000e+03   1.2195163e+04   1.3845009e+04
   1.3190000e+03   9.3601828e+03   1.0870882e+04
   1.3200000e+03   1.0485612e+04  -1.4027789e+03
   1.3210000e+03   1.8807620e+03   4.4733958e+03
   1.3220000e+03  -1.9349900e+01   2.5840318e+04
   1.3230000e+03   2.2922499e+04   3.0079868e+04
   1.3240000e+03   3.7676143e+04   1.4149129e+04
   1.3250000e+03   7.0326608e+03   8.5915991e+03
   1.3260000e+03  -3.3699325e+04   1.5375307e+04
   1.3270000e+03  -2.8443650e+04   1.4718791e+04
   1.3280000e+03   9.1173972e+03   7.1773395e+03
   1.3290000e+03   2.8063754e+04  -7.9778063e+02
   1.3300000e+03   1.6024146e+04  -8.6484410e+02
   1.3310000e+03  -6.3093654e+03   1.2753709e+04
   1.3320000e+03  -1.8194205e+04   1.9400425e+04
   1.3330000e+03  -7.3207106e+03   2.0422458e+03
   1.3340000e+03   1.7338502e+04  -2.0204044e+04
   1.3350000e+03   2.2370233e+04  -1.5112472e+04
   1.3360000e+03  -2.6486429e+03   1.4019347e+04
   1.3370000e+03  -1.8456981e+04   2.2113713e+04
   1.3380000e+03  -5.5577231e+03   2.4965420e+03
   1.3390000e+03   5.1927555e+03  -2.3590224e+03
   1.3400000e+03  -1.5966384e+03   7.3533391e+03
   1.3410000e+03  -1.1851574e+04  -2.8190266e+03
   1.3420000e+03  -1.2200989e+04  -2.7111819e+04
   1.3430000e+03  -1.1044679e+03  -2.4140119e+04
   1.3440000e+03   2.6740292e+03   1.3261748e+04
   1.3450000e+03  -7.0142704e+03   3.1894775e+04
   1.3460000e+03  -8.3472835e+03   3.9998864e+03
   1.3470000e+03  -1.3798654e+03  -2.6449656e+04
   1.3480000e+03  -5.4110238e+03  -2.0122962e+04
   1.3490000e+03  -1.9022767e+04   4.7794315e+03
   1.3500000e+03  -2.5396307e+04   6.6715324e+03
   1.3510000e+03  -1.0400129e+04  -1.3057988e+04
   1.3520000e+03   9.1417664e+03  -1.6980908e+04
   1.3530000e+03  -3.0038121e+03  -4.6352796e+03
   1.3540000e+03  -3.2532916e+04  -2.2623343e+02
   1.3550000e+03  -3.3728705e+04  -4.1784533e+03
   1.3560000e+03  -6.5572815e+03  -1.3839285e+04
   1.3570000e+03   1.2301558e+04  -2.3576497e+04
   1.3580000e+03   3.0602614e+03  -1.4547431e+04
   1.3590000e+03  -1.0076042e+04  -6.2433432e+02
   1.3600000e+03  -2.0740991e+03  -8.3099984e+03
   1.3610000e+03   2.8878167e+03  -1.5900852e+04
   1.3620000e+03  -1.0742921e+04  -7.6406868e+03
   1.3630000e+03  -1.2095724e+04  -4.5859104e+03
   1.3640000e+03   6.5867350e+03  -1.0076593e+04
   1.3650000e+03   9.5327564e+03  -1.8334710e+04
   1.3660000e+03  -1.1683619e+04  -2.1547192e+04
   1.3670000e+03  -2.3046907e+04  -3.5272895e+03
   1.3680000e+03  -1.7197911e+04   1.3954049e+04
   1.3690000e+03  -1.1081768e+04  -2.1506159e+03
   1.3700000e+03  -5.0991977e+02  -2.6245435e+04
   1.3710000e+03   8.9496020e+03  -1.5596329e+04
   1.3720000e+03   6.1727862e+02   1.1572374e+04
   1.3730000e+03  -1.6256468e+04   8.4999625e+03
   1.3740000e+03  -1.7742860e+04  -1.6224020e+04
   1.3750000e+03   5.7231903e+03  -2.0929097e+04
   1.3760000e+03   2.4341452e+04  -3.0639376e+03
   1.3770000e+03   8.9144701e+03   1.3149287e+04
   1.3780000e+03  -1.0337821e+04   1.4408829e+04
   1.3790000e+03   4.9869789e+03  -1.9566146e+03
   1.3800000e+03   3.5634934e+04  -1.9246459e+04
   1.3810000e+03   3.5364819e+04  -6.6798528e+03
   1.3820000e+03   6.0566755e+03   2.5680035e+04
   1.3830000e+03  -7.4182403e+03   3.1465487e+04
   1.3840000e+03   1.2050797e+03   7.6552822e+03
   1.3850000e+03   9.3244896e+03  -4.9242743e+03
   1.3860000e+03   1.4031866e+04   6.4129965e+03
   1.3870000e+03   1.1201462e+04   1.6448771e+04
   1.3880000e+03   1.5292463e+03   1.2391733e+04
   1.3890000e+03  -2.6414400e+03   2.4578395e+03
   1.3900000e+03  -4.0935378e+03  -6.1401229e+03
   1.3910000e+03  -3.7315236e+03  -2.3995848e+03
   1.3920000e+03   6.7962025e+03   8.7397719e+03
   1.3930000e+03   1.9549162e+04   7.0651285e+03
   1.3940000e+03   1.9277099e+04   1.7619213e+03
   1.3950000e+03   6.2206692e+03   5.4649376e+03
   1.3960000e+03  -4.9187997e+02   8.4171314e+03
   1.3970000e+03   1.0146724e+04   6.3451704e+03
   1.3980000e+03   1.5356684e+04   4.3746005e+03
   1.3990000e+03   3.8762624e+03   8.7699383e+03
   1.4000000e+03   3.5022724e+02   1.5985946e+04
   1.4010000e+03   7.5966028e+03   1.9914541e+04
   1.4020000e+03   9.0813784e+03   1.9227900e+04
   1.4030000e+03   5.8960306e+03   9.3731143e+03
   1.4040000e+03  -1.0401522e+03   2.9833350e+02
   1.4050000e+03  -1.0054951e+04  -1.9270101e+03
   1.4060000e+03  -1.5492261e+04  -3.3776290e+03
   1.4070000e+03  -1.5106552e+04   4.6640123e+03
   1.4080000e+03   1.3737187e+02   1.4536869e+04
   1.4090000e+03   2.3738189e+04   1.5706577e+04
   1.4100000e+03   2.3489599e+04   1.7476425e+04
   1.4110000e+03  -1.1044051e+04   3.5883773e+03
   1.4120000e+03  -3.4676783e+04  -2.7473159e+04
   1.4130000e+03  -5.4592331e+03  -3.0607561e+04
   1.4140000e+03   3.4349517e+04   1.8879497e+03
   1.4150000e+03   2.8256481e+04   2.4700599e+04
   1.4160000e+03  -4.4072425e+03   1.5512286e+04
   1.4170000e+03  -1.9120403e+04  -5.9957906e+03
   1.4180000e+03   5.7483149e+02  -1.9104151e+04
   1.4190000e+03   2.1758853e+04  -1.6716846e+04
   1.4200000e+03   1.7199862e+03  -2.7669477e+03
   1.4210000e+03  -3.0712382e+04   7.6467267e+03
   1.4220000e+03  -2.9557937e+04   9.5037316e+03
   1.4230000e+03  -6.5295200e+01   1.0611330e+04
   1.4240000e+03   1.9362279e+04   8.8538978e+03
   1.4250000e+03  -4.4879843e+03  -4.7656360e+02
   1.4260000e+03  -3.3213748e+04  -1.0947979e+04
   1.4270000e+03  -2.1274334e+04  -1.6708208e+04
   1.4280000e+03  -2.8673588e+03  -7.2297184e+03
   1.4290000e+03   3.3076807e+03   1.7830118e+04
   1.4300000e+03   7.3598462e+03   1.1727639e+04
   1.4310000e+03  -9.1742725e+02  -3.5297652e+04
   1.4320000e+03  -6.8891468e+03  -4.5713869e+04
   1.4330000e+03   2.7684954e+03  -1.0286998e+03
   1.4340000e+03   1.1129243e+04   2.5726480e+04
   1.4350000e+03   1.1229285e+03   2.4425159e+03
   1.4360000e+03  -2.7973700e+04  -3.1073317e+04
   1.4370000e+03  -3.3333921e+04  -2.5563902e+04
   1.4380000e+03   6.4189551e+03   1.2002307e+04
   1.4390000e+03   2.9798893e+04   2.8609596e+04
   1.4400000e+03   2.6171032e+03   7.1123093e+03
   1.4410000e+03  -2.9502340e+04  -2.0144265e+04
   1.4420000e+03  -2.6320705e+04  -2.3128596e+04
   1.4430000e+03   1.8417404e+03  -3.2550964e+03
   1.4440000e+03   1.7265542e+04   1.8742956e+04
   1.4450000e+03   1.0163297e+04   1.6536796e+04
   1.4460000e+03   4.0733757e+03  -1.9917297e+04
   1.4470000e+03  -2.5605603e+03  -4.5407222e+04
   1.4480000e+03  -2.0561037e+04  -2.0818758e+04
   1.4490000e+03  -2.4518258e+04   9.0837071e+03
   1.4500000e+03  -1.1339149e+03   8.1194370e+02
   1.4510000e+03   1.3230805e+04  -1.3002268e+04
   1.4520000e+03  -6.0754904e+03  -5.2020670e+02
   1.4530000e+03  -2.2702616e+04   1.3874463e+04
   1.4540000e+03  -6.3780078e+03   9.2483542e+03
   1.4550000e+03   8.9845409e+03   1.3654711e+03
   1.4560000e+03   3.4685912e+03  -1.7537093e+03
   1.4570000e+03  -1.4570151e+03  -6.8779376e+03
   1.4580000e+03  -6.5686428e+03  -9.5267929e+03
   1.4590000e+03  -6.2503850e+03  -5.3053353e+02
   1.4600000e+03   1.2190259e+04   1.0863531e+04
   1.4610000e+03   1.8514865e+04   3.2402470e+03
   1.4620000e+03   1.0796802e+03  -1.7130878e+04
   1.4630000e+03  -8.2345953e+03  -2.5478661e+04
   1.4640000e+03   8.0074168e+02  -1.2922769e+04
   1.4650000e+03   9.8225225e+03   1.2915566e+04
   1.4660000e+03   5.6830458e+03   2.2389525e+04
   1.4670000e+03  -1.8767956e+03   4.3628368e+03
   1.4680000e+03  -5.1520631e+02  -6.1334615e+03
   1.4690000e+03   6.7646032e+03   2.0042214e+03
   1.4700000e+03   1.7591701e+04   7.2575086e+03
   1.4710000e+03   1.9404662e+04   4.2484373e+03
   1.4720000e+03   1.1411113e+03  -1.4540311e+03
   1.4730000e+03  -1.0941928e+04   2.6808329e+03
   1.4740000e+03   4.8687212e+02   2.0331024e+04
   1.4750000e+03   1.3087302e+04   2.3760019e+04
   1.4760000e+03   1.2580004e+04  -1.3610796e+03
   1.4770000e+03   5.2545453e+03  -2.0147337e+04
   1.4780000e+03   3.7404463e+03  -3.6708919e+03
   1.4790000e+03   9.1484350e+03   2.0079743e+04
   1.4800000e+03   4.5380854e+02   1.6268376e+04
   1.4810000e+03  -1.1125504e+04   1.0393750e+02
   1.4820000e+03   5.3843507e+03  -1.8757902e+03
   1.4830000e+03   2.4118757e+04   4.5383388e+03
   1.4840000e+03   1.8824070e+04   7.7827773e+03
   1.4850000e+03   7.8240472e+03   1.0540779e+04
   1.4860000e+03   7.8507182e+02   9.9542109e+03
   1.4870000e+03   2.8072598e+02   2.9659437e+03
   1.4880000e+03   5.0400796e+03   2.1245993e+03
   1.4890000e+03   4.9430492e+03   8.2969494e+03
   1.4900000e+03   3.5788227e+03   6.2985510e+03
   1.4910000e+03   6.8643562e+03  -7.7711375e+02
   1.4920000e+03   1.2577917e+04   8.7613033e+02
   1.4930000e+03   1.0290247e+04   1.1868243e+04
   1.4940000e+03  -3.6675095e+03   1.8012395e+04
   1.4950000e+03  -9.7005866e+03   1.0589414e+04
   1.4960000e+03  -1.5329033e+03   1.0500017e+04
   1.4970000e+03   8.4109556e+03   2.3673328e+04
   1.4980000e+03   1.5781389e+04   1.8384713e+04
   1.4990000e+03   1.2651973e+04  -5.5437663e+03
   1.5000000e+03  -9.1901817e+03  -1.8416315e+04
   1.5010000e+03  -3.0886591e+04  -9.0488836e+03
   1.5020000e+03  -1.6121854e+04   1.1120166e+04
   1.5030000e+03   2.2620598e+04   6.7288917e+03
   1.5040000e+03   2.5651464e+04  -2.4440911e+04
   1.5050000e+03  -8.7304478e+03  -3.0967716e+04
   1.5060000e+03  -2.6214995e+04  -4.0377762e+03
   1.5070000e+03  -1.5319864e+04   1.7172150e+04
   1.5080000e+03  -7.7819405e+03   1.5523214e+04
   1.5090000e+03  -1.2516563e+04  -6.8736940e+02
   1.5100000e+03  -1.1147427e+04  -9.6293632e+03
   1.5110000e+03  -3.2000978e+03  -1.8526917e+03
   1.5120000e+03  -3.3458763e+03   4.3020259e+03
   1.5130000e+03  -1.1968628e+04   3.4448786e+03
   1.5140000e+03  -1.4996523e+04   4.6260062e+03
   1.5150000e+03  -3.4272485e+03   2.2240216e+03
   1.5160000e+03   2.7657795e+03  -4.5922285e+03
   1.5170000e+03  -7.2515560e+03  -9.5381256e+03
   1.5180000e+03  -9.4282125e+03  -1.6741241e+04
   1.5190000e+03  -2.9660773e+03  -2.5373023e+04
   1.5200000e+03  -3.4534765e+03  -2.6888010e+04
   1.5210000e+03  -9.4982860e+03  -1.2114011e+04
   1.5220000e+03  -1.9198178e+04   9.5399949e+03
   1.5230000e+03  -2.1657403e+04   2.0571449e+03
   1.5240000e+03  -1.0523768e+04  -2.4732885e+04
   1.5250000e+03   2.9009333e+03  -2.1761657e+04
   1.5260000e+03   5.9666974e+03   2.2024055e+03
   1.5270000e+03  -1.4940859e+04   1.0100533e+04
   1.5280000e+03  -3.6010017e+04  -7.8674480e+03
   1.5290000e+03  -1.2432360e+04  -3.2312987e+04
   1.5300000e+03   2.9688719e+04  -2.1761718e+04
   1.5310000e+03   2.7978835e+04   1.2822927e+04
   1.5320000e+03  -1.5022186e+04   1.4260552e+04
   1.5330000e+03  -3.5645419e+04  -1.7832491e+04
   1.5340000e+03  -5.2681003e+03  -4.0662072e+04
   1.5350000e+03   2.1398845e+04  -2.8371888e+04
   1.5360000e+03   5.2635949e+03   1.0925929e+04
   1.5370000e+03  -1.9734939e+04   3.2882586e+04
   1.5380000e+03  -2.0230815e+04   1.1387860e+04
   1.5390000e+03   1.5367188e+03  -1.9184216e+04
   1.5400000e+03   1.8408073e+04  -1.9896060e+04
   1.5410000e+03   1.6382349e+04   1.7645540e+01
   1.5420000e+03   1.2641830e+04   1.3288260e+04
   1.5430000e+03   1.4074846e+03   1.0453867e+04
   1.5440000e+03  -1.1580799e+04  -1.0000631e+03
   1.5450000e+03   1.4662236e+04  -4.4671946e+03
   1.5460000e+03   4.8621827e+04   4.9177800e+03
   1.5470000e+03   2.5947041e+04   8.5253961e+03
   1.5480000e+03  -1.8151897e+04  -6.3866664e+03
   1.5490000e+03  -1.3777962e+04  -1.9706147e+04
   1.5500000e+03   2.2999212e+04  -8.4403068e+03
   1.5510000e+03   3.0651234e+04   1.4592404e+04
   1.5520000e+03   3.8376293e+03   2.6399723e+04
   1.5530000e+03  -1.3232995e+04   1.8953945e+04
   1.5540000e+03   1.7692270e+03  -4.3751752e+03
   1.5550000e+03   2.1871295e+04  -1.9496868e+04
   1.5560000e+03   1.1643419e+04  -5.5596173e+03
   1.5570000e+03  -1.1654777e+04   2.6765090e+04
   1.5580000e+03  -7.6649691e+03   4.6511878e+04
   1.5590000e+03   1.6061479e+04   2.8493544e+04
   1.5600000e+03   2.3551839e+04  -5.1769691e+03
   1.5610000e+03   1.0893959e+04  -7.6607846e+03
   1.5620000e+03   1.9644110e+03   1.9643743e+04
   1.5630000e+03  -3.5045279e+03   3.6156150e+04
   1.5640000e+03  -9.3419417e+03   1.9343671e+04
   1.5650000e+03   4.0253798e+03  -8.9187054e+03
   1.5660000e+03   2.2743722e+04  -9.3679132e+03
   1.5670000e+03   2.2247232e+04   1.6749392e+04
   1.5680000e+03   1.3586290e+04   2.6900015e+04
   1.5690000e+03   3.4526939e+03   4.2937229e+03
   1.5700000e+03  -2.0777476e+03  -1.1315320e+04
   1.5710000e+03   9.1052478e+02   7.0919172e+03
   1.5720000e+03  -1.6861351e+03   2.6635561e+04
   1.5730000e+03  -1.2301927e+03   1.7767839e+04
   1.5740000e+03   1.3416048e+04  -5.0273324e+03
   1.5750000e+03   1.5260885e+04  -1.1909726e+04
   1.5760000e+03  -9.2587500e+03   7.2918578e+03
   1.5770000e+03  -2.3268961e+04   2.3674880e+04
   1.5780000e+03  -5.7202665e+03   8.9587299e+03
   1.5790000e+03   4.8516845e+03  -1.7686290e+04
   1.5800000e+03  -1.0054804e+04  -2.1775571e+04
   1.5810000e+03  -1.5436912e+04  -1.7720645e+03
   1.5820000e+03  -3.5070784e+03   1.6308129e+04
   1.5830000e+03  -1.7274485e+03   1.2142169e+04
   1.5840000e+03  -6.8620456e+03  -7.3079853e+03
   1.5850000e+03   3.8069238e+02  -1.6477181e+04
   1.5860000e+03   1.8476949e+03  -8.9717434e+03
   1.5870000e+03  -1.4544455e+04  -4.5510728e+03
   1.5880000e+03  -1.4121416e+04  -7.2383988e+03
   1.5890000e+03   7.3201882e+03  -4.1306543e+03
   1.5900000e+03   8.3903856e+03   1.6555707e+03
   1.5910000e+03  -1.1919380e+04  -8.8587844e+02
   1.5920000e+03  -2.2426087e+04  -1.2831017e+04
   1.5930000e+03  -2.2232675e+04  -2.7403501e+04
   1.5940000e+03  -2.4308858e+04  -2.9992700e+04
   1.5950000e+03  -2.0538690e+04  -9.9062105e+03
   1.5960000e+03  -6.3350712e+03   1.2613235e+04
   1.5970000e+03  -3.8821166e+03   4.0079356e+03
   1.5980000e+03  -2.0514664e+04  -2.8671382e+04
   1.5990000e+03  -2.5105971e+04  -4.1293387e+04
   1.6000000e+03  -3.7501959e+03  -1.4400457e+04
   1.6010000e+03   1.0468522e+04   1.4876336e+04
   1.6020000e+03  -2.3350523e+03   1.0270083e+04
   1.6030000e+03  -1.0749110e+04  -1.0017425e+04
   1.6040000e+03   6.2460030e+03  -2.2816070e+04
   1.6050000e+03   1.8597556e+04  -2.0063238e+04
   1.6060000e+03   5.2630769e+03   2.7964745e+03
   1.6070000e+03  -1.4453407e+04   6.9530835e+03
   1.6080000e+03  -1.9880014e+04  -2.3940802e+04
   1.6090000e+03  -5.1029124e+03  -2.5399916e+04
   1.6100000e+03   1.6955345e+04   1.7375940e+04
   1.6110000e+03   2.0195221e+04   2.9627099e+04
   1.6120000e+03  -2.1677260e+03  -1.6271625e+04
   1.6130000e+03  -2.8481759e+04  -5.2215603e+04
   1.6140000e+03  -2.7125751e+04  -1.8209711e+04
   1.6150000e+03   2.7223584e+03   4.1783740e+04
   1.6160000e+03   2.3853503e+04   4.3911149e+04
   1.6170000e+03   1.6675855e+04  -5.9099257e+03
   1.6180000e+03  -5.9236846e+03  -3.1644349e+04
   1.6190000e+03  -1.3062904e+04  -7.3450316e+03
   1.6200000e+03   1.1315853e+04   1.9218596e+04
   1.6210000e+03   3.3094550e+04   1.0827744e+04
   1.6220000e+03   3.0205171e+04  -9.4372258e+03
   1.6230000e+03   1.2186699e+04  -4.7321941e+03
   1.6240000e+03  -1.2534578e+04   1.2638774e+04
   1.6250000e+03  -9.8879677e+03   6.4709868e+03
   1.6260000e+03   2.0304215e+04  -9.3607852e+03
   1.6270000e+03   2.3503242e+04  -7.0452480e+01
   1.6280000e+03  -1.3132732e+03   1.5790332e+04
   1.6290000e+03  -1.2277709e+04   7.5488671e+03
   1.6300000e+03   1.7888790e+03  -8.2134529e+03
   1.6310000e+03   1.4141816e+04  -2.2987719e+02
   1.6320000e+03   2.0119089e+03   2.6318690e+04
   1.6330000e+03  -6.6083434e+03   3.2547799e+04
   1.6340000e+03   9.2737794e+03   1.0435704e+04
   1.6350000e+03   2.2645952e+04   3.9322901e+02
   1.6360000e+03   2.0057582e+04   1.2094394e+04
   1.6370000e+03   1.0335427e+04   1.4813123e+04
   1.6380000e+03   2.3063671e+03   4.6777995e+03
   1.6390000e+03   2.2779439e+03   1.5102953e+03
   1.6400000e+03   1.5806286e+03   1.4144282e+04
   1.6410000e+03  -8.5802234e+02   2.5280640e+04
   1.6420000e+03   9.3019828e+03   6.8529711e+03
   1.6430000e+03   1.9184284e+04  -1.9613073e+04
   1.6440000e+03   4.2803924e+03  -1.0094699e+04
   1.6450000e+03  -2.1206345e+04   1.2546982e+04
   1.6460000e+03  -2.5177802e+04   7.3418853e+03
   1.6470000e+03  -5.2838619e+03  -6.8722888e+03
   1.6480000e+03   9.8210742e+03  -2.6039468e+03
   1.6490000e+03   8.3330927e+03   8.2602048e+03
   1.6500000e+03   9.6441104e+03   7.6002085e+03
   1.6510000e+03   1.0072703e+04   1.1620749e+03
   1.6520000e+03  -3.7851064e+03   4.0465587e+03
   1.6530000e+03  -7.5852024e+03   1.1552501e+04
   1.6540000e+03   1.1310240e+04   6.2266211e+03
   1.6550000e+03   1.9959197e+04  -6.0547816e+03
   1.6560000e+03  -7.7428218e+03  -3.3560318e+03
   1.6570000e+03  -3.5393350e+04   8.8877182e+03
   1.6580000e+03  -9.5719414e+03   7.9905729e+03
   1.6590000e+03   3.2322349e+04  -1.5921127e+03
   1.6600000e+03   1.8374413e+04  -4.5845998e+03
   1.6610000e+03  -2.5999729e+04  -6.5658327e+03
   1.6620000e+03  -3.2963585e+04  -9.1712535e+03
   1.6630000e+03  -6.5703546e+03  -4.2766362e+03
   1.6640000e+03   4.5664241e+03  -8.8729829e+02
   1.6650000e+03  -3.9972923e+03  -7.4848406e+03
   1.6660000e+03  -8.1209990e+03  -1.1605157e+04
   1.6670000e+03  -1.1776635e+04  -1.4129508e+03
   1.6680000e+03  -1.5547233e+04   1.3518655e+04
   1.6690000e+03  -4.8077983e+03   1.2278043e+04
   1.6700000e+03   1.0133007e+04  -6.6748298e+03
   1.6710000e+03   3.5522517e+03  -2.4412505e+04
   1.6720000e+03  -1.9235178e+04  -1.9018519e+04
   1.6730000e+03  -1.3876623e+04   1.7346958e+04
   1.6740000e+03   1.9372868e+04   3.9015741e+04
   1.6750000e+03   1.8841090e+04  -3.0146461e+03
   1.6760000e+03  -1.2347950e+04  -5.4967412e+04
   1.6770000e+03  -1.7047371e+04  -3.6178787e+04
   1.6780000e+03  -4.9301406e+03   2.0757081e+04
   1.6790000e+03  -1.1002480e+04   2.7540746e+04
   1.6800000e+03  -1.6108868e+04  -1.8231240e+04
   1.6810000e+03   2.1625239e+03  -4.0743584e+04
   1.6820000e+03   1.3566159e+04  -1.3458010e+04
   1.6830000e+03  -8.5599060e+03   8.7818603e+03
   1.6840000e+03  -2.4481802e+04  -6.9762610e+03
   1.6850000e+03   1.1373237e+03  -2.2323939e+04
   1.6860000e+03   2.4947020e+04  -6.1857770e+03
   1.6870000e+03   5.1331664e+03   1.2487851e+04
   1.6880000e+03  -2.3493301e+04   6.0217906e+03
   1.6890000e+03  -1.5361274e+04  -9.4470174e+03
   1.6900000e+03   1.4730695e+04  -1.2026422e+04
   1.6910000e+03   1.8193898e+04  -2.4501183e+03
   1.6920000e+03  -9.9107729e+03   3.9078800e+03
   1.6930000e+03  -1.4224895e+04   3.9688625e+03
   1.6940000e+03   1.5274271e+04   6.5893400e+03
   1.6950000e+03   1.0723168e+04   4.6925622e+03
   1.6960000e+03  -2.8691249e+04  -2.7292149e+03
   1.6970000e+03  -2.5371242e+04  -3.6496685e+03
   1.6980000e+03   1.6658867e+04  -7.7979155e+03
   1.6990000e+03   2.6734005e+04  -1.6854088e+04
   1.7000000e+03  -4.0023017e+03  -8.6993371e+03
   1.7010000e+03  -2.5291544e+04   7.7219704e+03
   1.7020000e+03  -7.2413339e+03   3.6049957e+03
   1.7030000e+03   1.1719914e+04  -1.1939740e+04
   1.7040000e+03  -5.9379801e+03  -1.1736103e+04
   1.7050000e+03  -1.5081175e+04   1.5432252e+03
   1.7060000e+03   8.7732240e+03   8.7266560e+03
   1.7070000e+03   1.6789349e+04   5.9875183e+03
   1.7080000e+03   4.1268177e+03  -1.1999207e+03
   1.7090000e+03   4.2939680e+02  -6.2052302e+03
   1.7100000e+03   5.4189818e+03   7.6401786e+02
   1.7110000e+03   2.0178619e+04   1.3805258e+04
   1.7120000e+03   3.0313993e+04   1.2635869e+04
   1.7130000e+03   8.7887002e+03  -2.8107120e+03
   1.7140000e+03  -1.8989120e+04  -8.8152068e+03
   1.7150000e+03  -9.2438763e+03   8.3725397e+03
   1.7160000e+03   2.0413709e+04   2.5827419e+04
   1.7170000e+03   1.9699289e+04   1.7859057e+04
   1.7180000e+03  -6.1304923e+03   6.4337651e+03
   1.7190000e+03  -1.4769868e+04   1.2516468e+04
   1.7200000e+03  -1.8766623e+03   1.3174291e+04
   1.7210000e+03   1.9347691e+04   3.0624446e+03
   1.7220000e+03   3.2507092e+04   3.1136313e+03
   1.7230000e+03   1.2399381e+04   7.9081475e+03
   1.7240000e+03  -1.6364616e+04   6.0214795e+03
   1.7250000e+03  -6.9051087e+03   8.5313740e+03
   1.7260000e+03   2.2968835e+04   1.5650256e+04
   1.7270000e+03   2.8909496e+04   1.0757323e+04
   1.7280000e+03   1.3742569e+04  -7.5323553e+03
   1.7290000e+03   4.5524097e+03  -2.2289621e+04
   1.7300000e+03  -2.0466799e+03  -9.3440265e+03
   1.7310000e+03  -1.4167645e+04   2.5114579e+04
   1.7320000e+03  -9.8185577e+03   3.0574198e+04
   1.7330000e+03   1.1364785e+04  -6.9672640e+02
   1.7340000e+03   1.6565950e+04  -1.5987655e+04
   1.7350000e+03   1.0836341e+02   2.6505948e+03
   1.7360000e+03  -1.0448970e+04   1.9893940e+04
   1.7370000e+03  -5.6638459e+02   1.0426682e+04
   1.7380000e+03   8.8762147e+03  -5.9145436e+02
   1.7390000e+03  -9.9465283e+02   7.8783085e+03
   1.7400000e+03  -1.4674322e+04   8.3180416e+03
   1.7410000e+03  -1.1991315e+04   3.3169889e+02
   1.7420000e+03   5.6893362e+03   4.2692357e+03
   1.7430000e+03   1.9902260e+04  -3.1297649e+03
   1.7440000e+03   1.0470159e+04  -2.0729449e+04
   1.7450000e+03  -1.8480058e+04  -1.2802653e+04
   1.7460000e+03  -2.9720260e+04   5.4412908e+03
   1.7470000e+03  -1.1533390e+03   6.9262817e+02
   1.7480000e+03   2.3573250e+04  -1.2299742e+04
   1.7490000e+03   1.2503693e+03  -1.0951785e+04
   1.7500000e+03  -3.5774114e+04  -2.8145980e+02
   1.7510000e+03  -3.6962707e+04   8.2410543e+03
   1.7520000e+03   2.6547580e+03   2.6258161e+03
   1.7530000e+03   3.3291474e+04  -1.0442278e+04
   1.7540000e+03   4.1088684e+03  -3.9972916e+03
   1.7550000e+03  -4.2677359e+04   1.5338539e+04
   1.7560000e+03  -3.8323469e+04   1.8866800e+04
   1.7570000e+03  -2.3350830e+03   2.1189860e+02
   1.7580000e+03   1.8153635e+04  -2.7858140e+04
   1.7590000e+03   7.9732775e+03  -3.5294501e+04
   1.7600000e+03  -2.1338566e+04  -9.3080314e+03
   1.7610000e+03  -2.9424184e+04   1.2940275e+04
   1.7620000e+03  -2.9313525e+03  -1.5782482e+03
   1.7630000e+03   1.9052325e+04  -3.0167798e+04
   1.7640000e+03   7.0261310e+03  -3.2678297e+04
   1.7650000e+03  -2.3749403e+04  -1.4235003e+04
   1.7660000e+03  -3.3174045e+04  -6.0103493e+03
   1.7670000e+03  -9.6719653e+03  -1.0158034e+04
   1.7680000e+03   1.3949442e+04  -1.0606505e+04
   1.7690000e+03   9.1638465e+03  -1.6801558e+03
   1.7700000e+03  -1.7375384e+04   8.9190383e+03
   1.7710000e+03  -2.6797095e+04   4.6070667e+03
   1.7720000e+03  -6.9738073e+03  -1.2425977e+04
   1.7730000e+03  -6.1464621e+02  -1.4415274e+04
   1.7740000e+03  -9.4971628e+03   3.4204309e+02
   1.7750000e+03   2.7720839e+03   2.3838256e+03
   1.7760000e+03   1.7101622e+04  -9.7363618e+03
   1.7770000e+03   5.0130738e+03  -1.3794815e+04
   1.7780000e+03  -9.7207688e+03  -4.3229603e+03
   1.7790000e+03   2.0883974e+03   7.2326846e+03
   1.7800000e+03   1.6396474e+04   4.5551620e+02
   1.7810000e+03   1.6562366e+03  -2.3852430e+04
   1.7820000e+03  -6.4912122e+03  -2.5008835e+04
   1.7830000e+03   1.4758566e+04   1.3906014e+04
   1.7840000e+03   2.2182661e+04   3.9023924e+04
   1.7850000e+03   2.0199945e+03   7.5912673e+03
   1.7860000e+03  -1.1415803e+04  -2.7826285e+04
   1.7870000e+03   2.0780345e+03  -8.8665643e+03
   1.7880000e+03   2.1293790e+04   2.7198169e+04
   1.7890000e+03   2.0601540e+04   2.7655418e+04
   1.7900000e+03   1.1498375e+04   5.4033384e+03
   1.7910000e+03   6.5373443e+03  -3.9860218e+03
   1.7920000e+03   9.3043189e+03   6.9924547e+03
   1.7930000e+03   2.1030388e+04   1.7601263e+04
   1.7940000e+03   1.9295438e+04   1.0669845e+04
   1.7950000e+03   1.3742120e+02  -4.6652571e+03
   1.7960000e+03  -8.9204702e+03  -3.6767471e+03
   1.7970000e+03   1.9462242e+03   1.9244990e+04
   1.7980000e+03   1.3714000e+04   2.9201866e+04
   1.7990000e+03   9.2463961e+03   3.0607740e+03
   1.8000000e+03   2.8412062e+03  -1.9259897e+04
   1.8010000e+03   2.4073650e+03  -5.2580629e+03
   1.8020000e+03  -2.0430968e+03   1.0703214e+04
   1.8030000e+03   6.4305443e+03   8.7116213e+03
   1.8040000e+03   2.6375791e+04   1.4033218e+04
   1.8050000e+03   2.2516088e+04   2.1948527e+04
   1.8060000e+03   2.2263155e+03   1.5114323e+04
   1.8070000e+03   6.9694235e+02   4.4154414e+03
   1.8080000e+03   1.2600147e+04  -1.1328215e+03
   1.8090000e+03   7.7367833e+03   3.5698160e+03
   1.8100000e+03  -8.8612099e+03   1.2117238e+04
   1.8110000e+03  -1.0656636e+04   1.2342583e+04
   1.8120000e+03  -2.6749530e+03   1.7702255e+04
   1.8130000e+03   2.5646412e+03   2.2482703e+04
   1.8140000e+03   5.5721964e+03   5.4504376e+03
   1.8150000e+03  -3.7118548e+03  -1.3886780e+04
   1.8160000e+03  -1.7512919e+04  -1.4872552e+04
   1.8170000e+03  -9.2272932e+03   6.0585614e+03
   1.8180000e+03   6.5525455e+03   3.2489839e+04
   1.8190000e+03   3.1790920e+03   1.2637906e+04
   1.8200000e+03  -2.4717383e+03  -3.4814848e+04
   1.8210000e+03  -2.9026647e+02  -2.3181345e+04
   1.8220000e+03  -6.1638132e+03   2.5438572e+04
   1.8230000e+03  -1.0468026e+04   2.2485317e+04
   1.8240000e+03  -2.0889869e+03  -2.0789966e+04
   1.8250000e+03   8.6987435e+02  -3.6225226e+04
   1.8260000e+03  -5.9346589e+03  -1.1127172e+04
   1.8270000e+03  -9.9691224e+03   1.3936480e+04
   1.8280000e+03  -1.0688228e+04   1.2049549e+04
   1.8290000e+03  -1.1569630e+04  -5.7008603e+03
   1.8300000e+03  -1.5323183e+04  -1.9112766e+04
   1.8310000e+03  -1.7908401e+04  -1.6362668e+04
   1.8320000e+03  -1.2731354e+04  -5.9316859e+03
   1.8330000e+03  -1.4740283e+04   1.2459998e+03
   1.8340000e+03  -2.4401281e+04   1.0630068e+04
   1.8350000e+03  -1.3713347e+04   3.7386656e+03
   1.8360000e+03   4.0006412e+03  -2.7073782e+04
   1.8370000e+03  -4.3437329e+03  -3.1541415e+04
   1.8380000e+03  -1.9877829e+04   3.3742004e+03
   1.8390000e+03  -1.2496205e+04   2.4508373e+04
   1.8400000e+03   7.8144057e+03   3.1590115e+03
   1.8410000e+03   1.2975635e+04  -3.5044734e+04
   1.8420000e+03  -2.6388696e+03  -3.9889271e+04
   1.8430000e+03  -1.1003440e+04  -2.1551792e+03
   1.8440000e+03   5.9762472e+03   2.1664700e+04
   1.8450000e+03   2.2013472e+04  -6.9604841e+02
   1.8460000e+03   1.0945495e+04  -3.5154077e+04
   1.8470000e+03  -1.0472266e+04  -4.0038083e+04
   1.8480000e+03  -1.7285982e+04  -5.4479398e+03
   1.8490000e+03  -7.7371746e+03   2.8138421e+04
   1.8500000e+03   5.7185090e+03   7.1774726e+03
   1.8510000e+03   3.4772417e+03  -3.7580393e+04
   1.8520000e+03  -1.1008771e+04  -2.7746681e+04
   1.8530000e+03  -1.0390282e+04   2.1314940e+04
   1.8540000e+03   1.4220976e+03   2.9152104e+04
   1.8550000e+03   7.4314748e+03  -7.4897640e+03
   1.8560000e+03   1.1835511e+04  -2.7682815e+04
   1.8570000e+03   4.1693672e+03  -1.4032020e+04
   1.8580000e+03  -1.5265772e+04   4.3625746e+03
   1.8590000e+03  -8.8294794e+03   7.9510016e+03
   1.8600000e+03   2.0705910e+04   2.5730564e+03
   1.8610000e+03   2.8494432e+04   9.1123085e+02
   1.8620000e+03   6.8489859e+03   2.0044846e+03
   1.8630000e+03  -1.6945758e+04   1.9106516e+03
   1.8640000e+03  -1.4084418e+04   2.4701269e+03
   1.8650000e+03   1.4529236e+04   2.4545276e+03
   1.8660000e+03   2.9713826e+04   5.2209582e+03
   1.8670000e+03   1.6607536e+04   1.1242586e+04
   1.8680000e+03   9.9867312e+02   8.9997527e+03
   1.8690000e+03   4.8954523e+03  -2.8451029e+03
   1.8700000e+03   2.2267688e+04  -3.8539317e+03
   1.8710000e+03   1.9730273e+04   1.9095640e+04
   1.8720000e+03  -4.6095273e+03   3.0237568e+04
   1.8730000e+03  -1.1262018e+04  -1.8614554e+03
   1.8740000e+03   3.2015403e+03  -2.6888373e+04
   1.8750000e+03   1.2663453e+04   2.3155045e+03
   1.8760000e+03   9.6466613e+03   4.4396633e+04
   1.8770000e+03  -1.1011216e+03   4.0431990e+04
   1.8780000e+03  -1.3029848e+04  -3.6219182e+03
   1.8790000e+03  -1.5522392e+04  -2.4150983e+04
   1.8800000e+03   1.4257662e+03   5.3894907e+03
   1.8810000e+03   2.1098939e+04   3.3893156e+04
   1.8820000e+03   1.6488339e+04   3.0838626e+04
   1.8830000e+03  -7.9217361e+02   1.5392321e+04
   1.8840000e+03  -7.0182709e+03  -3.3842037e+03
   1.8850000e+03   2.5478876e+02  -1.1472090e+04
   1.8860000e+03   1.2887665e+04   2.5591051e+03
   1.8870000e+03   1.7332970e+04   5.9991496e+03
   1.8880000e+03   1.1068341e+04  -1.4427844e+04
   1.8890000e+03   2.5910907e+03  -1.9966495e+04
   1.8900000e+03  -8.2242839e+03  -5.8641725e+02
   1.8910000e+03  -1.8544433e+04   1.0377121e+04
   1.8920000e+03  -1.2070797e+04  -3.3361366e+02
   1.8930000e+03   1.2534891e+04  -9.1945157e+03
   1.8940000e+03   2.0525879e+04  -4.7681470e+01
   1.8950000e+03  -5.4250060e+03   1.1324533e+04
   1.8960000e+03  -2.3650958e+04   1.7046990e+04
   1.8970000e+03  -8.3151443e+03   2.2752267e+04
   1.8980000e+03   6.2759482e+03   1.5306571e+04
   1.8990000e+03  -4.2369129e+03  -6.3840643e+03
   1.9000000e+03  -1.5343781e+04  -1.3732824e+04
   1.9010000e+03   1.0885573e+03   5.4572440e+03
   1.9020000e+03   2.1302046e+04   2.6092433e+04
   1.9030000e+03   3.8526048e+03   1.6906646e+04
   1.9040000e+03  -2.2305830e+04  -1.6466131e+04
   1.9050000e+03  -1.0941543e+04  -3.3475218e+04
   1.9060000e+03   8.4990576e+03  -1.6418129e+04
   1.9070000e+03   3.4359630e+03   1.9512789e+03
   1.9080000e+03  -7.7336929e+03  -8.8681694e+02
   1.9090000e+03  -9.0600048e+03  -1.7745785e+03
   1.9100000e+03  -6.5846356e+02   2.8934501e+03
   1.9110000e+03   4.7953715e+03  -9.0931330e+03
   1.9120000e+03  -8.6499421e+03  -1.8908324e+04
   1.9130000e+03  -2.4580902e+04  -1.7390831e+03
   1.9140000e+03  -1.5775643e+04   1.4809551e+04
   1.9150000e+03   5.8506762e+03   3.9042731e+03
   1.9160000e+03   7.4618492e+03  -1.3088668e+04
   1.9170000e+03  -7.2357122e+03  -1.2944540e+04
   1.9180000e+03  -6.0303048e+03  -6.9735044e+03
   1.9190000e+03   6.7880751e+03  -8.4280196e+03
   1.9200000e+03   5.1939038e+03  -9.1579814e+03
   1.9210000e+03  -8.1922097e+02  -5.0356172e+03
   1.9220000e+03  -3.0444157e+03  -7.5888417e+03
   1.9230000e+03  -1.4745224e+04  -1.3884890e+04
   1.9240000e+03  -1.4764356e+04  -9.6608242e+03
   1.9250000e+03   9.2569737e+03  -5.3674562e+03
   1.9260000e+03   1.5387530e+04  -1.3742666e+04
   1.9270000e+03  -7.3073983e+03  -1.8357159e+04
   1.9280000e+03  -2.6832555e+04  -3.4136489e+03
   1.9290000e+03  -2.5448842e+04   1.3484536e+04
   1.9300000e+03  -1.4699714e+03   6.6463094e+03
   1.9310000e+03   1.3121860e+04  -9.1180041e+03
   1.9320000e+03  -9.0722451e+03  -1.1815262e+04
   1.9330000e+03  -2.8144125e+04  -1.1991722e+04
   1.9340000e+03  -8.3830687e+03  -6.7708790e+03
   1.9350000e+03   2.1509977e+04   7.1099115e+03
   1.9360000e+03   2.3038738e+04   4.9309044e+03
   1.9370000e+03   2.2157056e+03  -9.0192569e+03
   1.9380000e+03  -7.9360736e+03  -1.0487108e+04
   1.9390000e+03   1.2950085e+03  -6.3158263e+03
   1.9400000e+03   1.5298305e+04  -5.5777577e+03
   1.9410000e+03   1.9596719e+04   1.8037737e+03
   1.9420000e+03   9.1873078e+03   6.5172194e+03
   1.9430000e+03  -3.0375551e+03  -1.0239593e+04
   1.9440000e+03  -1.1963897e+04  -1.9953595e+04
   1.9450000e+03  -1.8897857e+04   2.5634034e+03
   1.9460000e+03  -8.8607773e+03   2.1789897e+04
   1.9470000e+03   1.0579860e+04   1.6234111e+04
   1.9480000e+03   9.8593631e+03   1.6030921e+03
   1.9490000e+03  -7.3144829e+03  -1.1035184e+04
   1.9500000e+03  -8.7211068e+03  -7.9507321e+03
   1.9510000e+03   1.5415295e+04   1.0243326e+04
   1.9520000e+03   2.7244176e+04   2.2618233e+04
   1.9530000e+03   2.7521332e+03   1.9259160e+04
   1.9540000e+03  -1.5052283e+04   4.2754566e+03
   1.9550000e+03  -2.1445897e+02  -1.6485066e+03
   1.9560000e+03   1.5849119e+04   1.0737903e+04
   1.9570000e+03   2.0266352e+04   1.4084676e+04
   1.9580000e+03   1.5547062e+04   3.2159811e+03
   1.9590000e+03  -2.7305747e+03   5.0561355e+03
   1.9600000e+03  -1.5885701e+04   1.7610725e+04
   1.9610000e+03  -8.1079528e+03   1.7545202e+04
   1.9620000e+03   1.2340973e+04   5.0359537e+03
   1.9630000e+03   2.3929195e+04   4.1459747e+03
   1.9640000e+03   6.3493403e+03   1.4490557e+04
   1.9650000e+03  -9.3089672e+03   5.2435754e+03
   1.9660000e+03   1.5244252e+04  -1.2173698e+04
   1.9670000e+03   3.7722889e+04  -4.2671314e+03
   1.9680000e+03   1.4417927e+04   1.0843206e+04
   1.9690000e+03  -1.7957508e+04   1.1458437e+04
   1.9700000e+03  -1.0376637e+04   6.4175398e+03
   1.9710000e+03   2.3649212e+04   3.0465828e+03
   1.9720000e+03   2.9949325e+04   7.8826312e+03
   1.9730000e+03   7.8457286e+02   1.1857759e+04
   1.9740000e+03  -1.8361905e+04   5.6260010e+01
   1.9750000e+03  -1.2978757e+04  -5.6795029e+03
   1.9760000e+03  -2.8626784e+03   7.0979551e+03
   1.9770000e+03   2.4145864e+03   8.4976357e+03
   1.9780000e+03   8.4814102e+01  -5.0987688e+03
   1.9790000e+03  -6.5751559e+03  -1.8524960e+03
   1.9800000e+03  -6.1786564e+03   1.7107679e+04
   1.9810000e+03   5.4536770e+03   1.7842151e+04
   1.9820000e+03   1.3329792e+04  -1.5089683e+03
   1.9830000e+03   2.3952323e+03  -2.5850986e+03
   1.9840000e+03  -9.9431275e+03   1.5876569e+04
   1.9850000e+03  -3.9319619e+03   8.6150608e+03
   1.9860000e+03   9.2224765e+03  -1.7595170e+04
   1.9870000e+03   1.5406262e+04  -1.6767710e+04
   1.9880000e+03   5.8964145e+03  -9.1496867e+02
   1.9890000e+03  -1.8085866e+04  -1.9247568e+03
   1.9900000e+03  -3.1280439e+04  -7.6151734e+03
   1.9910000e+03  -2.0755019e+04  -5.6215420e+03
   1.9920000e+03  -3.7043946e+03  -1.0243541e+04
   1.9930000e+03   7.2196821e+03  -1.9487475e+04
   1.9940000e+03   8.6399910e+03  -1.3049361e+04
   1.9950000e+03  -8.7420649e+03  -9.0531050e+02
   1.9960000e+03  -3.2400826e+04  -2.6654783e+03
   1.9970000e+03  -2.5313835e+04  -6.1305528e+03
   1.9980000e+03   6.8675465e+03  -4.7908640e+03
   1.9990000e+03   1.4117494e+04  -7.3849898e+03
   2.0000000e+03  -1.8006338e+04  -5.6967696e+03
