   1.0274000e+02   2.5123000e+01
   9.8426934e+01   2.9720207e+01
   0.0000000e+00   3.5481135e+04   3.5481135e+04
   1.0000000e+00   5.9632946e+04   1.1890307e+04
   2.0000000e+00   6.6671691e+04  -1.6385671e+04
   3.0000000e+00   1.9406626e+03  -3.9617310e+04
   4.0000000e+00  -7.9385270e+04  -1.3523326e+04
   5.0000000e+00  -4.3269760e+04   5.6046585e+04
   6.0000000e+00   6.7825524e+04   6.5488052e+04
   7.0000000e+00   9.0018176e+04  -2.0417811e+04
   8.0000000e+00  -7.9461935e+03  -9.4746826e+04
   9.0000000e+00  -8.5314961e+04  -5.1711083e+04
   1.0000000e+01  -4.5793042e+04   3.9461644e+04
   1.1000000e+01   3.7485105e+04   4.2883748e+04
   1.2000000e+01   6.4012836e+04  -2.5630939e+03
   1.3000000e+01   2.3419714e+04   1.3348612e+04
   1.4000000e+01  -3.2040728e+04   6.0129029e+04
   1.5000000e+01  -6.4235057e+04   2.0321954e+04
   1.6000000e+01  -5.6345301e+04  -8.7230809e+04
   1.7000000e+01  -3.3783385e+03  -9.8073189e+04
   1.8000000e+01   5.0214678e+04   2.8626772e+04
   1.9000000e+01   5.3390568e+04   1.4568285e+05
   2.0000000e+01  -5.8201047e+03   1.1325826e+05
   2.1000000e+01  -7.3087508e+04  -3.8147598e+04
   2.2000000e+01  -6.8974001e+04  -1.5323570e+05
   2.3000000e+01  -1.0415387e+04  -1.3291370e+05
   2.4000000e+01   4.3485808e+04   1.2237052e+04
   2.5000000e+01   6.0155491e+04   1.5320189e+05
   2.6000000e+01   2.5384328e+04   1.4015898e+05
   2.7000000e+01  -2.6494878e+04  -2.2334491e+03
   2.8000000e+01  -4.0050338e+04  -1.2526087e+05
   2.9000000e+01   1.2653169e+04  -1.2114657e+05
   3.0000000e+01   5.8177562e+04  -1.4983524e+04
   3.1000000e+01   9.4131498e+03   7.1608620e+04
   3.2000000e+01  -4.7205226e+04   6.0699101e+04
   3.3000000e+01  -1.5979758e+04  -1.5824693e+04
   3.4000000e+01   3.4666834e+04  -4.9081058e+04
   3.5000000e+01   2.1874182e+04  -1.3032346e+04
   3.6000000e+01  -1.9420333e+04   3.6800218e+03
   3.7000000e+01  -1.6422234e+04  -2.0877736e+04
   3.8000000e+01   1.5637786e+04  -2.8299367e+04
   3.9000000e+01   1.4211234e+04   1.2615157e+04
   4.0000000e+01  -3.5818682e+04   5.4690712e+04
   4.1000000e+01  -7.0171032e+04   3.2921460e+04
   4.2000000e+01  -2.3632320e+04  -3.5352470e+04
   4.3000000e+01   4.6479662e+04  -7.6178269e+04
   4.4000000e+01   5.4443189e+04  -3.1961599e+04
   4.5000000e+01   4.1223066e+03   4.9350569e+04
   4.6000000e+01  -4.8253882e+04   6.2422660e+04
   4.7000000e+01  -4.9665833e+04   3.1705550e+03
   4.8000000e+01  -8.4096007e+03  -5.4651450e+04
   4.9000000e+01   2.6493962e+04  -4.2424065e+04
   5.0000000e+01   3.5571802e+04   2.3096962e+04
   5.1000000e+01   3.4843383e+04   4.3744764e+04
   5.2000000e+01   1.8496756e+04  -6.7005965e+03
   5.3000000e+01  -2.4930945e+04  -5.5624553e+04
   5.4000000e+01  -4.0486917e+04  -3.3409054e+04
   5.5000000e+01  -1.1788928e+04   2.8828426e+04
   5.6000000e+01   6.8521551e+03   4.0688627e+04
   5.7000000e+01  -1.9246830e+03  -5.4713645e+03
   5.8000000e+01  -2.4165500e+04  -4.1269997e+04
   5.9000000e+01  -2.1904801e+04  -1.3767188e+04
   6.0000000e+01   2.6927661e+03   4.1195763e+04
   6.1000000e+01   2.2087247e+03   5.2424481e+04
   6.2000000e+01  -7.7194582e+03   2.3262533e+04
   6.3000000e+01   3.5856460e+03  -1.1235019e+04
   6.4000000e+01   3.2538656e+04  -2.8659236e+04
   6.5000000e+01   3.8344812e+04  -3.3325069e+04
   6.6000000e+01  -1.9058666e+03  -3.0141522e+04
   6.7000000e+01  -1.8352905e+04   7.7118027e+03
   6.8000000e+01   1.6993578e+04   5.0693897e+04
   6.9000000e+01   3.5141382e+04   3.5268104e+04
   7.0000000e+01  -4.7977843e+03  -2.8452803e+04
   7.1000000e+01  -4.6906942e+04  -5.5278135e+04
   7.2000000e+01  -1.8765230e+04   1.7837520e+03
   7.3000000e+01   2.4441711e+04   5.6627073e+04
   7.4000000e+01   4.0800255e+03   3.5851205e+04
   7.5000000e+01  -3.7136507e+04  -1.5235893e+04
   7.6000000e+01  -2.7354640e+04  -2.7483896e+04
   7.7000000e+01   2.6765829e+04   5.1391227e+03
   7.8000000e+01   5.2344293e+04   1.3782247e+04
   7.9000000e+01   2.1935286e+04  -2.4500147e+04
   8.0000000e+01  -2.2053332e+04  -4.9520062e+04
   8.1000000e+01  -2.9588876e+04  -1.2543780e+04
   8.2000000e+01   1.5819075e+04   6.3340028e+04
   8.3000000e+01   5.9731096e+04   7.3649121e+04
   8.4000000e+01   5.0676101e+04  -7.7505225e+03
   8.5000000e+01  -7.9821920e+02  -6.8853932e+04
   8.6000000e+01  -4.1659976e+04  -3.6013571e+04
   8.7000000e+01  -2.4423473e+04   5.1476024e+04
   8.8000000e+01   6.9646494e+03   9.7640977e+04
   8.9000000e+01  -3.3071250e+03   5.4072692e+04
   9.0000000e+01  -2.6832233e+04  -3.3535263e+04
   9.1000000e+01  -1.4696215e+04  -7.8219438e+04
   9.2000000e+01   2.5148182e+04  -3.9495003e+04
   9.3000000e+01   2.6246523e+04   2.3047324e+04
   9.4000000e+01  -1.8273990e+04   4.2756807e+04
   9.5000000e+01  -4.2373061e+04   1.0641245e+04
   9.6000000e+01  -1.4877711e+04  -3.4252956e+04
   9.7000000e+01   3.6904758e+04  -2.9072928e+04
   9.8000000e+01   5.5593930e+04   1.3771218e+04
   9.9000000e+01   2.5453929e+04   3.0657593e+04
   1.0000000e+02  -2.1422206e+04   5.5950989e+03
   1.0100000e+02  -3.6100611e+04  -1.9445913e+04
   1.0200000e+02   1.6084738e+04   1.5894516e+03
   1.0300000e+02   6.9833535e+04   4.0609438e+04
   1.0400000e+02   4.2528011e+04   3.9852874e+04
   1.0500000e+02  -3.4525229e+04  -8.6867768e+03
   1.0600000e+02  -6.1530210e+04  -4.6728136e+04
   1.0700000e+02  -6.7155303e+03  -1.5867189e+04
   1.0800000e+02   3.8863480e+04   3.2352400e+04
   1.0900000e+02   1.6610549e+04   2.6709902e+04
   1.1000000e+02  -2.6400533e+04  -1.3527012e+04
   1.1100000e+02  -3.9399947e+04  -3.3524144e+04
   1.1200000e+02  -3.0232479e+04  -1.9919045e+04
   1.1300000e+02  -3.5619714e+04  -1.4366263e+04
   1.1400000e+02  -2.7168561e+04  -2.3061673e+04
   1.1500000e+02   1.7968455e+04  -2.1644028e+04
   1.1600000e+02   4.2130763e+04  -1.0509933e+04
   1.1700000e+02   1.9478772e+04   1.1837294e+04
   1.1800000e+02  -1.3500523e+04   2.2649230e+04
   1.1900000e+02  -8.3645954e+03   4.4951752e+03
   1.2000000e+02   2.1950978e+04  -2.1639427e+04
   1.2100000e+02   2.0063666e+04  -2.9075231e+04
   1.2200000e+02  -1.5114251e+04   6.8636900e+00
   1.2300000e+02  -4.2904102e+04   3.5899675e+04
   1.2400000e+02  -1.2903230e+04   4.4574332e+04
   1.2500000e+02   3.9696802e+04   2.7896772e+04
   1.2600000e+02   1.7387553e+04  -7.7168332e+03
   1.2700000e+02  -4.1058785e+04  -4.4187199e+04
   1.2800000e+02  -5.1476257e+04  -5.7080404e+04
   1.2900000e+02  -1.9955015e+04  -2.1888695e+04
   1.3000000e+02   2.0137745e+04   3.5618848e+04
   1.3100000e+02   3.5000106e+04   4.2690636e+04
   1.3200000e+02   6.0787368e+03  -5.7373334e+03
   1.3300000e+02  -3.9730409e+04  -5.4283410e+04
   1.3400000e+02  -4.1522684e+04  -6.0480045e+04
   1.3500000e+02  -3.2088676e+02  -2.3354987e+04
   1.3600000e+02   2.5102011e+04   3.0473266e+04
   1.3700000e+02   2.8968561e+04   6.0537481e+04
   1.3800000e+02   1.6654995e+04   2.8067015e+04
   1.3900000e+02  -1.7447990e+04  -2.4775229e+04
   1.4000000e+02  -5.0277447e+04  -3.8146175e+04
   1.4100000e+02  -4.3259999e+04  -1.9612346e+04
   1.4200000e+02   1.7320345e+04   1.4763660e+04
   1.4300000e+02   6.7174508e+04   3.2915607e+04
   1.4400000e+02   5.4593584e+04   1.3064640e+04
   1.4500000e+02   1.1803625e+04  -1.8400018e+04
   1.4600000e+02  -1.9611704e+04  -3.2255789e+04
   1.4700000e+02  -2.1706888e+04  -1.5733500e+04
   1.4800000e+02   4.0625183e+03   1.3343716e+04
   1.4900000e+02   4.0486529e+04   3.3019348e+04
   1.5000000e+02   2.8717967e+04   2.9224025e+04
   1.5100000e+02  -4.8841834e+04   2.7810739e+03
   1.5200000e+02  -8.4512141e+04  -1.3960481e+04
   1.5300000e+02  -2.6886796e+04  -1.9527900e+04
   1.5400000e+02   4.8715478e+04  -2.0451756e+04
   1.5500000e+02   6.4532698e+04   5.5072410e+03
   1.5600000e+02   9.4850681e+03   5.1256212e+04
   1.5700000e+02  -3.8628428e+04   6.7070205e+04
   1.5800000e+02  -1.4157591e+04   1.1344067e+04
   1.5900000e+02   4.6713345e+04  -6.7578190e+04
   1.6000000e+02   6.0323572e+04  -7.9674003e+04
   1.6100000e+02   5.9220503e+03  -1.2286858e+04
   1.6200000e+02  -4.6116007e+04   7.0899922e+04
   1.6300000e+02  -3.8273134e+04   9.1615788e+04
   1.6400000e+02   3.0637574e+04   4.2481913e+04
   1.6500000e+02   9.6042278e+04  -1.9916417e+04
   1.6600000e+02   6.6388204e+04  -4.7372722e+04
   1.6700000e+02  -3.2259570e+04  -2.7319315e+04
   1.6800000e+02  -8.2985750e+04   1.2478106e+04
   1.6900000e+02  -4.2076610e+04   5.0508282e+04
   1.7000000e+02   1.6063206e+04   5.7920590e+04
   1.7100000e+02   1.4825345e+04   6.0894925e+03
   1.7200000e+02  -2.5964823e+04  -5.6469367e+04
   1.7300000e+02  -4.1951809e+04  -6.0006984e+04
   1.7400000e+02  -9.8713822e+03   1.1089125e+03
   1.7500000e+02   2.3043882e+04   5.3479902e+04
   1.7600000e+02   3.1474326e+04   3.9687501e+04
   1.7700000e+02   3.0075284e+04  -2.6260705e+03
   1.7800000e+02  -1.8830393e+03  -3.0917559e+04
   1.7900000e+02  -1.8862575e+04  -2.7919198e+04
   1.8000000e+02   2.8606066e+04  -2.9687167e+03
   1.8100000e+02   5.1905154e+04   7.9277337e+03
   1.8200000e+02  -6.6923437e+02   4.7616106e+03
   1.8300000e+02  -5.0917408e+04  -2.9343700e+03
   1.8400000e+02  -2.5146242e+04  -4.5035764e+03
   1.8500000e+02   3.0812914e+04   5.9596660e+03
   1.8600000e+02   3.5910868e+04   2.8532183e+03
   1.8700000e+02   2.0507915e+04  -1.5465278e+04
   1.8800000e+02   1.7270705e+04  -1.7722915e+04
   1.8900000e+02  -2.3181348e+04   1.5669753e+04
   1.9000000e+02  -1.0612803e+05   4.1987784e+04
   1.9100000e+02  -1.2360871e+05   8.7600650e+03
   1.9200000e+02  -1.4039246e+04  -4.5098678e+04
   1.9300000e+02   8.1094256e+04  -5.6410957e+04
   1.9400000e+02   4.8842578e+04  -8.4383164e+03
   1.9500000e+02  -4.0178363e+03   5.0121615e+04
   1.9600000e+02   2.7083595e+04   4.1620115e+04
   1.9700000e+02   6.5275865e+04  -2.8588264e+04
   1.9800000e+02  -8.5586696e+03  -8.2587404e+04
   1.9900000e+02  -1.2000398e+05  -5.5736917e+04
   2.0000000e+02  -9.5867226e+04   2.2248542e+04
   2.0100000e+02   4.7678773e+04   5.5042424e+04
   2.0200000e+02   1.1751460e+05   1.8050682e+04
   2.0300000e+02   1.4491540e+04  -3.6232378e+04
   2.0400000e+02  -1.0432856e+05  -4.3203929e+04
   2.0500000e+02  -7.5858155e+04   1.7637141e+03
   2.0600000e+02   1.5566924e+04   2.6818711e+04
   2.0700000e+02   3.7302091e+04   2.1310565e+03
   2.0800000e+02   7.1362718e+03  -2.2169621e+04
   2.0900000e+02   2.2428299e+03  -3.7047504e+03
   2.1000000e+02   2.0086799e+04   1.8251533e+04
   2.1100000e+02   2.3079559e+04  -5.8775388e+03
   2.1200000e+02   2.0206372e+04  -3.6816514e+04
   2.1300000e+02   4.1470634e+03  -2.7655798e+04
   2.1400000e+02  -2.3220010e+04   3.6487202e+03
   2.1500000e+02  -2.5327280e+04   1.5718791e+04
   2.1600000e+02  -8.4349356e+03   8.1601857e+03
   2.1700000e+02  -6.5981748e+03  -1.2974854e+03
   2.1800000e+02  -2.7779535e+04  -2.5657818e+04
   2.1900000e+02  -2.6710596e+04  -2.7602980e+04
   2.2000000e+02   2.4893000e+04   2.7674753e+04
   2.2100000e+02   6.9909057e+04   6.9616380e+04
   2.2200000e+02   4.6726142e+04   4.8196983e+04
   2.2300000e+02  -2.2653697e+04   2.8565414e+03
   2.2400000e+02  -3.6299118e+04  -1.2912864e+04
   2.2500000e+02   3.5924659e+04   2.9107569e+03
   2.2600000e+02   8.7820557e+04   2.2813349e+04
   2.2700000e+02   4.0701940e+04   2.8191023e+04
   2.2800000e+02  -5.9658528e+04   3.0630400e+00
   2.2900000e+02  -8.7257613e+04  -2.9127233e+04
   2.3000000e+02  -2.9081440e+03  -1.5256859e+04
   2.3100000e+02   7.4914267e+04   1.2132391e+04
   2.3200000e+02   4.9439503e+04   1.4649961e+04
   2.3300000e+02  -4.0051748e+04  -6.0325384e+03
   2.3400000e+02  -8.1598488e+04  -1.6481538e+04
   2.3500000e+02  -4.3252410e+04  -4.1241657e+03
   2.3600000e+02   1.0026171e+04   7.5807642e+03
   2.3700000e+02   3.8168034e+04   8.2386645e+03
   2.3800000e+02   2.4545989e+04  -3.0841815e+03
   2.3900000e+02  -1.6500449e+04  -5.5777090e+03
   2.4000000e+02  -4.1841875e+04   8.1118117e+03
   2.4100000e+02  -2.5962819e+04   9.5648864e+03
   2.4200000e+02   4.0379065e+04  -1.8085971e+03
   2.4300000e+02   9.0401050e+04  -1.4286149e+04
   2.4400000e+02   4.1759913e+04  -1.4029390e+04
   2.4500000e+02  -6.0498115e+04   8.9846290e+02
   2.4600000e+02  -8.2943145e+04   1.0326444e+04
   2.4700000e+02   2.2779955e+04   1.5604867e+04
   2.4800000e+02   1.1098698e+05   1.3523462e+04
   2.4900000e+02   4.6915938e+04   4.1526592e+03
   2.5000000e+02  -7.5535811e+04   4.9354850e+01
   2.5100000e+02  -8.6439214e+04   8.6134472e+02
   2.5200000e+02   1.1000434e+04   1.1872409e+04
   2.5300000e+02   6.1232295e+04   2.1771033e+04
   2.5400000e+02   1.4784278e+04   1.6103842e+04
   2.5500000e+02  -3.1159159e+04  -5.8497984e+03
   2.5600000e+02  -2.6229953e+04  -3.7493304e+04
   2.5700000e+02  -8.5384610e+03  -3.9419520e+04
   2.5800000e+02  -8.5488420e+03   3.5378921e+03
   2.5900000e+02   1.4634196e+04   4.4837738e+04
   2.6000000e+02   5.9815484e+04   2.8620633e+04
   2.6100000e+02   4.3194147e+04  -3.1347782e+04
   2.6200000e+02  -2.2253427e+04  -4.3153375e+04
   2.6300000e+02  -5.0248799e+04   1.4033346e+04
   2.6400000e+02  -2.6058999e+04   4.4965685e+04
   2.6500000e+02   3.6276629e+03   1.0916761e+03
   2.6600000e+02   8.3102336e+03  -3.6319122e+04
   2.6700000e+02   5.8560473e+03  -6.4951566e+03
   2.6800000e+02   1.8004583e+03   2.5366954e+04
   2.6900000e+02  -1.6381985e+04   9.0213056e+03
   2.7000000e+02  -3.2424874e+04  -2.6405926e+04
   2.7100000e+02  -1.3868761e+04  -3.4760727e+04
   2.7200000e+02   2.9757694e+04   9.6613511e+02
   2.7300000e+02   3.3473162e+04   3.2367868e+04
   2.7400000e+02  -6.2594526e+03   2.2235470e+04
   2.7500000e+02  -2.3906635e+04  -1.2492741e+04
   2.7600000e+02   1.2613697e+03  -3.4714424e+04
   2.7700000e+02   3.5369188e+04  -1.6666574e+04
   2.7800000e+02   3.3416217e+04   9.5015769e+03
   2.7900000e+02   3.3052224e+02   8.7759269e+03
   2.8000000e+02  -2.7991238e+04  -1.1152610e+04
   2.8100000e+02  -3.1118198e+04  -2.5840341e+04
   2.8200000e+02  -1.2841804e+03  -1.1235027e+04
   2.8300000e+02   1.8661505e+04   1.3791924e+04
   2.8400000e+02  -3.4730711e+03   2.2602902e+04
   2.8500000e+02  -3.7225257e+04   5.8644833e+03
   2.8600000e+02  -4.8004218e+04  -2.5138572e+04
   2.8700000e+02  -1.8000881e+04  -2.5869596e+04
   2.8800000e+02   2.1017769e+04   1.9989831e+03
   2.8900000e+02   2.3046586e+04   1.9993123e+04
   2.9000000e+02   2.2801862e+03   1.0196187e+04
   2.9100000e+02  -4.0975781e+03  -1.9434715e+04
   2.9200000e+02   1.7836748e+03  -3.1145811e+04
   2.9300000e+02  -5.6153923e+02  -1.3264447e+04
   2.9400000e+02   1.0333395e+04   9.6302360e+03
   2.9500000e+02   2.9859453e+04   7.2572379e+03
   2.9600000e+02   1.2106088e+04  -1.4646326e+04
   2.9700000e+02  -1.7802541e+04  -8.4827281e+03
   2.9800000e+02  -1.0167099e+04   1.9073940e+04
   2.9900000e+02   2.4786539e+04   2.9610202e+04
   3.0000000e+02   2.8449977e+04   1.2640698e+04
   3.0100000e+02  -2.0910659e+04  -1.9445925e+04
   3.0200000e+02  -5.0918672e+04  -2.4833509e+04
   3.0300000e+02  -1.4723722e+04  -9.0236025e+02
   3.0400000e+02   4.1260224e+04   1.5735603e+04
   3.0500000e+02   4.3687442e+04   1.4520163e+04
   3.0600000e+02  -1.2503006e+04   2.8163715e+03
   3.0700000e+02  -4.7056528e+04  -8.9698176e+03
   3.0800000e+02  -2.7902161e+04  -1.3474550e+04
   3.0900000e+02   8.5973725e+03   2.0624278e+03
   3.1000000e+02   2.3345864e+04   2.5738962e+04
   3.1100000e+02  -1.9452547e+03   2.6053730e+04
   3.1200000e+02  -2.4821236e+04   7.6381604e+03
   3.1300000e+02  -7.6750810e+03  -1.3140976e+04
   3.1400000e+02   2.2196016e+04  -1.7710320e+04
   3.1500000e+02   2.1223888e+04  -3.7828746e+03
   3.1600000e+02  -9.2433376e+03   8.0012183e+03
   3.1700000e+02  -1.9812055e+04   1.4811836e+04
   3.1800000e+02   2.0577233e+03   6.6573836e+03
   3.1900000e+02   2.4725586e+04  -9.6702387e+03
   3.2000000e+02   2.9226424e+04  -4.8748608e+03
   3.2100000e+02   1.4921841e+04   1.2424387e+04
   3.2200000e+02  -1.1553131e+04   2.0672030e+04
   3.2300000e+02  -3.1802837e+04   1.9006195e+04
   3.2400000e+02  -6.9686088e+03   1.9687670e+04
   3.2500000e+02   4.1792737e+04   1.7899260e+04
   3.2600000e+02   4.0938465e+04   1.1124875e+04
   3.2700000e+02  -8.2801717e+03   1.4627393e+04
   3.2800000e+02  -4.9831577e+04   9.3425701e+03
   3.2900000e+02  -3.9822239e+04  -8.6527735e+03
   3.3000000e+02   7.7863510e+03  -1.2576469e+04
   3.3100000e+02   3.3883880e+04  -6.6105319e+03
   3.3200000e+02   2.2382289e+04  -2.8004741e+03
   3.3300000e+02  -6.7076110e+03  -7.6798287e+03
   3.3400000e+02  -2.0778879e+04  -1.5936802e+04
   3.3500000e+02  -2.6810936e+03  -1.6166796e+04
   3.3600000e+02   1.9029893e+04  -6.3620128e+03
   3.3700000e+02   1.4105073e+04   9.6599325e+03
   3.3800000e+02  -1.3977599e+04   1.0053261e+04
   3.3900000e+02  -1.8832365e+04  -5.5687100e+03
   3.4000000e+02   1.2575755e+04  -1.0338293e+04
   3.4100000e+02   2.9394667e+04   6.5868114e+03
   3.4200000e+02   9.7835538e+03   2.2628319e+04
   3.4300000e+02  -1.8880858e+04   4.1923166e+03
   3.4400000e+02  -8.7867177e+03  -1.9428852e+04
   3.4500000e+02   2.8496816e+04  -1.1822307e+04
   3.4600000e+02   2.5691752e+04   3.1546596e+03
   3.4700000e+02  -1.1928213e+04   2.8457374e+03
   3.4800000e+02  -3.4236143e+04  -1.6181380e+04
   3.4900000e+02  -1.4495852e+04  -2.7626098e+04
   3.5000000e+02   2.7516670e+04  -1.0297192e+04
   3.5100000e+02   3.5833051e+04   1.1704807e+04
   3.5200000e+02   7.0525908e+03   1.1615900e+04
   3.5300000e+02  -1.9455023e+04  -1.6303617e+04
   3.5400000e+02  -2.3852729e+04  -3.0123873e+04
   3.5500000e+02  -1.8822036e+04  -3.3425211e+03
   3.5600000e+02  -1.6223752e+04   2.2855236e+04
   3.5700000e+02  -4.9884908e+03   2.4653028e+04
   3.5800000e+02   3.5613358e+03   5.3996559e+03
   3.5900000e+02   2.5564450e+01  -1.7009173e+04
   3.6000000e+02  -6.3240377e+03  -1.6391009e+04
   3.6100000e+02  -6.0915022e+03   2.7960902e+03
   3.6200000e+02   9.8248542e+03   1.5378831e+04
   3.6300000e+02   9.6731303e+03   3.6052395e+03
   3.6400000e+02  -1.5172751e+04  -1.1315198e+04
   3.6500000e+02  -1.8651823e+04  -9.6593982e+03
   3.6600000e+02   4.6640375e+03  -5.6193045e+03
   3.6700000e+02   1.8422659e+04  -2.6609547e+03
   3.6800000e+02   3.1265548e+03  -1.8169093e+03
   3.6900000e+02  -1.4479458e+04  -5.8617524e+03
   3.7000000e+02  -1.5658892e+04  -1.4810343e+04
   3.7100000e+02  -1.0880967e+04  -1.7270651e+04
   3.7200000e+02   5.8813574e+03   3.8548672e+03
   3.7300000e+02   1.6503486e+04   2.0672505e+04
   3.7400000e+02   2.4009467e+03   6.5286928e+03
   3.7500000e+02  -1.7091023e+04  -1.8175299e+04
   3.7600000e+02  -2.3198779e+04  -1.8157978e+04
   3.7700000e+02  -4.2424227e+03   4.2584062e+03
   3.7800000e+02   1.5999582e+04   4.5488395e+03
   3.7900000e+02   9.4918517e+03  -4.3119436e+03
   3.8000000e+02  -9.3859437e+03   9.0932992e+03
   3.8100000e+02  -1.8856705e+04   1.7324847e+04
   3.8200000e+02  -5.8453896e+03   6.0061918e+03
   3.8300000e+02   1.8897422e+04  -1.2250202e+04
   3.8400000e+02   2.1198526e+04  -1.4605542e+04
   3.8500000e+02  -1.4294847e+04   5.1623081e+03
   3.8600000e+02  -3.6023712e+04   2.2845712e+04
   3.8700000e+02   7.2083749e+02   2.3612289e+04
   3.8800000e+02   3.3317844e+04   3.3421389e+03
   3.8900000e+02   1.9216013e+04  -1.6053834e+04
   3.9000000e+02  -4.5935144e+03  -1.7692974e+04
   3.9100000e+02  -1.2042023e+04  -1.1914681e+04
   3.9200000e+02   3.2638574e+03   3.9730491e+03
   3.9300000e+02   1.7366108e+04   2.1958269e+04
   3.9400000e+02   1.2410501e+04   2.8864078e+04
   3.9500000e+02  -5.2750416e+02   1.4192240e+04
   3.9600000e+02  -1.4361170e+04  -1.2757093e+04
   3.9700000e+02  -1.1516920e+04  -1.0928040e+04
   3.9800000e+02   6.1972631e+03   9.3816326e+03
   3.9900000e+02   1.3174072e+04   1.7744315e+04
   4.0000000e+02  -2.2736015e+03   1.6947079e+04
   4.0100000e+02  -1.8432562e+04   1.1916143e+04
   4.0200000e+02  -3.7838028e+03   7.5485823e+03
   4.0300000e+02   1.5974395e+04  -7.1469642e+03
   4.0400000e+02   1.4925951e+04  -2.4772046e+04
   4.0500000e+02   7.0785326e+03  -1.6690370e+04
   4.0600000e+02   6.5858445e+02   1.3069509e+04
   4.0700000e+02   7.5135099e+03   3.3298954e+04
   4.0800000e+02   2.1212131e+04   1.6065643e+04
   4.0900000e+02   2.0020828e+04  -1.1515607e+04
   4.1000000e+02  -4.4484042e+02  -1.6365069e+04
   4.1100000e+02  -1.5703639e+04  -9.5417289e+03
   4.1200000e+02   2.7774771e+03   5.9562103e+03
   4.1300000e+02   2.2315921e+04   1.5258375e+04
   4.1400000e+02   1.3237897e+04   5.1461432e+03
   4.1500000e+02  -9.4157554e+03  -1.0433197e+04
   4.1600000e+02  -2.9715309e+04  -1.6750278e+04
   4.1700000e+02  -1.8770460e+04  -1.7507406e+03
   4.1800000e+02   1.2875992e+04   1.2106123e+04
   4.1900000e+02   1.8609848e+04   2.9549980e+03
   4.2000000e+02  -2.4033840e+03  -6.4292250e+03
   4.2100000e+02  -1.2673196e+04   6.1089641e+03
   4.2200000e+02   7.4769157e+03   2.2419414e+04
   4.2300000e+02   2.1392468e+04   1.0293084e+04
   4.2400000e+02   6.9362754e+03  -9.8222520e+03
   4.2500000e+02  -5.0733473e+03  -1.5378076e+04
   4.2600000e+02  -2.4615252e+03  -1.1095552e+04
   4.2700000e+02  -1.3521890e+03   7.1861992e+03
   4.2800000e+02  -1.2392964e+04   4.8083324e+03
   4.2900000e+02  -1.6682150e+04  -2.5370350e+04
   4.3000000e+02  -1.0691494e+03  -3.1083263e+04
   4.3100000e+02   9.9976927e+03  -7.5013273e+03
   4.3200000e+02  -3.6268773e+03   9.9673142e+03
   4.3300000e+02  -3.0422011e+04  -1.1738734e+03
   4.3400000e+02  -2.9384695e+04  -1.8331869e+04
   4.3500000e+02   7.5670156e+02  -1.0776893e+04
   4.3600000e+02   1.8951564e+04   8.6636471e+03
   4.3700000e+02   1.9680310e+04   1.8347973e+04
   4.3800000e+02   4.3837598e+03   5.8905020e+03
   4.3900000e+02  -1.4202717e+04  -8.4993852e+03
   4.4000000e+02  -1.2504011e+04  -2.4841998e+03
   4.4100000e+02  -3.4315755e+03   6.1259207e+03
   4.4200000e+02   2.1920456e+03   5.0301374e+03
   4.4300000e+02   2.9086719e+03  -9.9652528e+03
   4.4400000e+02  -3.0411909e+03  -2.2910069e+04
   4.4500000e+02  -6.9700280e+03  -1.1243401e+04
   4.4600000e+02  -2.4944441e+02   6.5315406e+03
   4.4700000e+02   9.0293496e+03   1.0410965e+04
   4.4800000e+02  -8.7148250e+01  -1.7047043e+02
   4.4900000e+02  -1.0009872e+04  -1.1395124e+04
   4.5000000e+02  -2.9223315e+03  -1.2762173e+04
   4.5100000e+02   1.6733245e+03  -7.0347285e+03
   4.5200000e+02  -2.1704625e+03   5.4575811e+03
   4.5300000e+02  -1.1979943e+04   6.6027837e+03
   4.5400000e+02  -9.7283327e+03  -5.2518320e+03
   4.5500000e+02   6.9436089e+03  -1.3239748e+03
   4.5600000e+02   3.7881089e+03   1.4856830e+04
   4.5700000e+02  -1.0760199e+04   6.8367174e+03
   4.5800000e+02  -8.6589521e+03  -2.4495232e+04
   4.5900000e+02   8.0605803e+03  -2.0887463e+04
   4.6000000e+02   1.7822517e+04   1.5896151e+04
   4.6100000e+02   7.8987196e+03   2.5808674e+04
   4.6200000e+02  -1.8728647e+03   8.2337234e+03
   4.6300000e+02  -2.1075305e+03  -1.6151503e+04
   4.6400000e+02  -2.4362516e+03  -2.3461391e+04
   4.6500000e+02  -1.0826989e+04   1.1493659e+03
   4.6600000e+02  -1.5128521e+04   1.6672541e+04
   4.6700000e+02   2.7950576e+03   3.6938544e+03
   4.6800000e+02   1.1931663e+04  -4.4275001e+03
   4.6900000e+02  -3.7663903e+03   9.1486582e+03
   4.7000000e+02  -1.4082647e+04   1.7064874e+04
   4.7100000e+02  -3.8000874e+03   4.9643117e+03
   4.7200000e+02   1.3230146e+04  -5.8109347e+03
   4.7300000e+02   2.3352545e+03  -7.1706525e+03
   4.7400000e+02  -2.2099645e+04   4.8636317e+03
   4.7500000e+02  -1.3079464e+04   1.7053101e+04
   4.7600000e+02   1.7890632e+04   1.1806227e+04
   4.7700000e+02   2.9210042e+04   8.5977678e+03
   4.7800000e+02   7.3958326e+03   6.5818980e+03
   4.7900000e+02  -9.3263903e+03   1.3334959e+03
   4.8000000e+02   4.6568079e+03   3.0777100e+03
   4.8100000e+02   2.8825135e+04   1.1386201e+02
   4.8200000e+02   4.2325568e+04  -4.2460555e+03
   4.8300000e+02   1.6552903e+04   3.6556173e+03
   4.8400000e+02  -2.5072125e+04   1.4581524e+04
   4.8500000e+02  -2.1131329e+04   5.5398710e+03
   4.8600000e+02   1.2438676e+04  -1.2460525e+04
   4.8700000e+02   2.6882423e+04  -7.2359489e+03
   4.8800000e+02   1.1179287e+04   4.4160356e+03
   4.8900000e+02  -9.9278015e+03   8.7107200e+03
   4.9000000e+02  -1.3856511e+04   1.1544545e+04
   4.9100000e+02  -1.6878432e+03   7.0456164e+03
   4.9200000e+02   1.5015437e+04   4.3465283e+03
   4.9300000e+02   1.3228294e+04   2.8771539e+03
   4.9400000e+02  -4.8888271e+03   2.6224564e+03
   4.9500000e+02  -2.2321738e+04   6.3220557e+03
   4.9600000e+02  -2.4052622e+04   4.0490447e+03
   4.9700000e+02   4.5336502e+03   3.0218523e+03
   4.9800000e+02   2.3133264e+04   6.6770267e+02
   4.9900000e+02   1.0350414e+03  -6.0657066e+03
   5.0000000e+02  -2.7745370e+04  -7.7465035e+03
   5.0100000e+02  -2.3636387e+04  -5.8941662e+03
   5.0200000e+02   1.1518201e+04  -3.3416313e+03
   5.0300000e+02   2.0943780e+04  -1.1370273e+04
   5.0400000e+02  -2.1170696e+03  -2.1855909e+04
   5.0500000e+02  -4.4731241e+03  -1.3387011e+04
   5.0600000e+02   1.5260270e+04   3.9566023e+03
   5.0700000e+02   2.1451394e+04   6.1987641e+03
   5.0800000e+02  -4.0166015e+03  -1.3440325e+04
   5.0900000e+02  -2.1317557e+04  -2.2849125e+04
   5.1000000e+02  -1.7695897e+03  -4.0318910e+03
   5.1100000e+02   9.9165918e+03   2.0612777e+04
   5.1200000e+02   8.5374408e+02   2.8666683e+04
   5.1300000e+02  -7.6890493e+03   3.1152791e+03
   5.1400000e+02  -1.0708746e+04  -2.7823836e+04
   5.1500000e+02  -8.3004962e+03  -2.4929424e+04
   5.1600000e+02  -7.1539438e+03   2.9305766e+03
   5.1700000e+02  -4.2868641e+03   2.6605916e+04
   5.1800000e+02  -2.0343122e+03   1.2993054e+04
   5.1900000e+02  -6.6729789e+03  -2.1109136e+04
   5.2000000e+02  -1.1419400e+04  -3.2152885e+04
   5.2100000e+02  -3.7876828e+03  -1.7511459e+04
   5.2200000e+02   1.4941905e+04   6.4500917e+03
   5.2300000e+02   1.2243283e+04   1.0740236e+04
   5.2400000e+02  -9.8444497e+03  -2.8604722e+03
   5.2500000e+02  -1.9528275e+04  -4.7654884e+03
   5.2600000e+02  -1.5118958e+04   4.2013085e+03
   5.2700000e+02   2.6211622e+02   7.6686255e+03
   5.2800000e+02   9.2354425e+03  -8.2823171e+03
   5.2900000e+02  -1.8633964e+03  -2.0236803e+04
   5.3000000e+02  -1.2286077e+04  -1.2849213e+03
   5.3100000e+02   5.9602619e+02   2.4118808e+04
   5.3200000e+02   2.3050113e+04   2.4162614e+04
   5.3300000e+02   9.7492321e+03  -9.9559145e+03
   5.3400000e+02  -1.9749201e+04  -3.7033312e+04
   5.3500000e+02  -1.1600394e+04  -1.7746393e+04
   5.3600000e+02   1.3968724e+04   1.7224997e+04
   5.3700000e+02   1.6598558e+04   2.8313939e+04
   5.3800000e+02  -6.3242112e+03   9.6176168e+03
   5.3900000e+02  -1.8364410e+04  -1.3000180e+04
   5.4000000e+02  -4.9062613e+02  -2.1549802e+04
   5.4100000e+02   1.4813261e+04  -1.6393342e+04
   5.4200000e+02   8.6487500e+03   8.0807867e+03
   5.4300000e+02  -1.0228975e+04   2.3794652e+04
   5.4400000e+02  -1.3674650e+04   1.1550983e+04
   5.4500000e+02   6.7573280e+03  -2.6055019e+03
   5.4600000e+02   1.7399850e+04  -2.6300549e+03
   5.4700000e+02   6.4901396e+03   5.9672943e+03
   5.4800000e+02  -1.2614207e+04   6.2317601e+03
   5.4900000e+02  -1.4064573e+04   4.7456658e+02
   5.5000000e+02   6.0455768e+03  -4.0788378e+03
   5.5100000e+02   1.3566310e+04  -9.5002950e+03
   5.5200000e+02   5.7069097e+03  -5.6214354e+02
   5.5300000e+02  -4.9665055e+03   1.4363523e+04
   5.5400000e+02  -1.3369349e+04   1.3230894e+04
   5.5500000e+02  -1.0896983e+04  -1.7464824e+03
   5.5600000e+02  -1.4108836e+03  -1.2957942e+04
   5.5700000e+02   7.8292727e+03  -4.1189518e+03
   5.5800000e+02   7.6735621e+03   1.1706047e+04
   5.5900000e+02   1.2103843e+03   2.0822240e+04
   5.6000000e+02  -6.6053314e+03   1.6642252e+04
   5.6100000e+02  -1.0678724e+04  -1.6699636e+03
   5.6200000e+02   5.7712518e+03  -1.0707417e+04
   5.6300000e+02   2.2328756e+04  -1.8284142e+03
   5.6400000e+02   2.0013055e+04   1.6881961e+04
   5.6500000e+02   1.1873534e+04   2.3003157e+04
   5.6600000e+02  -3.1598405e+02   7.4026471e+03
   5.6700000e+02  -9.1187982e+03  -8.7542936e+02
   5.6800000e+02  -5.5637681e+03  -2.2593139e+03
   5.6900000e+02   8.3516339e+03  -3.7850112e+03
   5.7000000e+02   1.6647539e+04   1.3647491e+03
   5.7100000e+02   5.6535077e+03   4.6248951e+03
   5.7200000e+02  -1.0655158e+04   8.3920799e+03
   5.7300000e+02  -1.9548468e+04   6.9110513e+03
   5.7400000e+02  -8.1353978e+03  -6.1006478e+03
   5.7500000e+02   1.2134778e+04  -1.6405475e+04
   5.7600000e+02   1.0701984e+04  -8.9690398e+03
   5.7700000e+02   1.5181652e+03   6.6772966e+03
   5.7800000e+02   2.6000294e+03   1.7882293e+03
   5.7900000e+02   1.4046459e+04  -2.5154632e+03
   5.8000000e+02   1.7168222e+04   5.6976307e+03
   5.8100000e+02  -2.9766815e+03  -3.8051654e+03
   5.8200000e+02  -7.8064222e+03  -1.1008413e+04
   5.8300000e+02   8.6306053e+03  -3.0896886e+03
   5.8400000e+02   9.6324155e+03   3.5202556e+03
   5.8500000e+02  -1.9860369e+03   8.1816139e+03
   5.8600000e+02  -6.8254843e+03   3.9768819e+03
   5.8700000e+02  -5.3192023e+03  -6.9374366e+03
   5.8800000e+02  -1.0610122e+04  -1.6526701e+04
   5.8900000e+02  -1.1770265e+04  -1.3214087e+04
   5.9000000e+02  -8.1482572e+02   3.1408010e+03
   5.9100000e+02   3.2698290e+03   5.6458405e+03
   5.9200000e+02  -4.6248576e+03  -1.1455269e+04
   5.9300000e+02  -1.9560699e+04  -2.9507483e+04
   5.9400000e+02  -1.7170629e+04  -2.2694879e+04
   5.9500000e+02   8.2146178e+03   6.4684876e+03
   5.9600000e+02   1.9161766e+04   1.8729735e+04
   5.9700000e+02   7.9648515e+03   2.6689059e+03
   5.9800000e+02  -8.4929385e+03  -1.9073344e+04
   5.9900000e+02  -5.5417955e+03  -1.8052882e+04
   6.0000000e+02   1.6777509e+04   1.6871226e+03
   6.0100000e+02   1.7715743e+04   1.2256372e+04
   6.0200000e+02  -4.2871901e+03   9.2069737e+03
   6.0300000e+02  -2.3114900e+04  -2.4105048e+03
   6.0400000e+02  -2.0770923e+04  -1.8705710e+03
   6.0500000e+02  -7.3441490e+02   1.1793173e+04
   6.0600000e+02   4.7862721e+03   3.1175325e+03
   6.0700000e+02  -5.2024551e+03  -2.0339481e+04
   6.0800000e+02  -9.7721586e+03  -2.0929139e+04
   6.0900000e+02  -6.5456744e+03   7.9372660e+03
   6.1000000e+02  -5.2239946e+03   2.3389371e+04
   6.1100000e+02  -4.7141641e+03   1.2464102e+03
   6.1200000e+02   3.1573827e+03  -1.6753136e+04
   6.1300000e+02   1.1857599e+03  -1.1526702e+04
   6.1400000e+02  -5.7460008e+03   5.6405348e+03
   6.1500000e+02   3.2368311e+03   1.8616358e+04
   6.1600000e+02   8.8165905e+03   1.0109363e+04
   6.1700000e+02  -5.4228141e+03  -2.1567449e+03
   6.1800000e+02  -2.3514480e+04  -9.5798469e+03
   6.1900000e+02  -1.4288042e+04  -1.2477748e+04
   6.2000000e+02   8.4422846e+03   2.3790381e+02
   6.2100000e+02   5.2398748e+03   1.3478694e+04
   6.2200000e+02  -4.0349376e+03   7.2567149e+03
   6.2300000e+02  -2.2258430e+02  -1.0564994e+04
   6.2400000e+02   4.0497558e+03  -7.1692203e+03
   6.2500000e+02   1.9151759e+03   1.6745003e+04
   6.2600000e+02  -3.4715979e+03   2.1410208e+04
   6.2700000e+02   3.4992431e+03   4.8069732e+02
   6.2800000e+02   1.6515337e+04  -2.0347461e+04
   6.2900000e+02   1.6020497e+04  -9.4678820e+03
   6.3000000e+02  -6.6927796e+03   2.2355987e+04
   6.3100000e+02  -3.1149900e+04   2.6933454e+04
   6.3200000e+02  -1.5242123e+04   2.0690789e+03
   6.3300000e+02   1.9898419e+04  -2.0641518e+04
   6.3400000e+02   2.7568404e+04  -1.7283970e+04
   6.3500000e+02   6.7408990e+03   2.1266396e+03
   6.3600000e+02  -1.8162878e+04   9.6741510e+03
   6.3700000e+02  -1.7355802e+04   4.7236208e+03
   6.3800000e+02   1.4579624e+03  -5.1160011e+03
   6.3900000e+02   1.2934829e+04  -4.8584314e+03
   6.4000000e+02   1.0014770e+04   6.8335403e+03
   6.4100000e+02   2.0331501e+03   1.1140735e+04
   6.4200000e+02   5.5843684e+03   5.4386905e+03
   6.4300000e+02   6.1708353e+03  -8.0854910e+03
   6.4400000e+02   3.3596130e+01  -7.9189846e+03
   6.4500000e+02   4.3604201e+03   1.2423943e+04
   6.4600000e+02   1.4566623e+04   2.2211537e+04
   6.4700000e+02   2.1301126e+04   1.3611495e+04
   6.4800000e+02   1.1263797e+04  -9.3187201e+02
   6.4900000e+02   6.4837928e+02  -1.1631418e+03
   6.5000000e+02   7.9076165e+03   5.4390173e+03
   6.5100000e+02   5.1087854e+03   1.0355038e+03
   6.5200000e+02  -9.0368355e+03   2.3146941e+03
   6.5300000e+02  -6.4581803e+03  -3.6978091e+03
   6.5400000e+02   1.6880714e+04  -1.6980598e+04
   6.5500000e+02   2.5681978e+04  -5.3295086e+03
   6.5600000e+02  -1.0227671e+03   1.3466617e+04
   6.5700000e+02  -1.9592861e+04   1.1747679e+04
   6.5800000e+02  -9.3650652e+03  -8.6314405e+03
   6.5900000e+02   6.0012956e+03  -1.8061702e+04
   6.6000000e+02   1.0966004e+04  -9.9390971e+02
   6.6100000e+02   7.0337574e+03   1.3363035e+04
   6.6200000e+02   4.5577166e+03   7.5200955e+03
   6.6300000e+02  -8.6503170e+03  -1.1315024e+04
   6.6400000e+02  -2.2667384e+04  -1.1892157e+04
   6.6500000e+02  -1.1198465e+04   1.3847018e+04
   6.6600000e+02   6.5401685e+03   1.6803269e+04
   6.6700000e+02   6.4896182e+03  -1.0895991e+04
   6.6800000e+02  -1.4828047e+04  -2.4936241e+04
   6.6900000e+02  -2.8127729e+04  -9.4125250e+03
   6.7000000e+02  -9.3579815e+03   3.4859511e+03
   6.7100000e+02   1.3161265e+04  -2.2466193e+03
   6.7200000e+02   1.4240686e+04   2.6010032e+03
   6.7300000e+02  -3.0877716e+03   1.1081061e+04
   6.7400000e+02  -7.8208380e+03  -4.9374041e+03
   6.7500000e+02   6.1132016e+03  -2.9418238e+04
   6.7600000e+02  -5.9732485e+02  -2.4450975e+04
   6.7700000e+02  -1.7098675e+04   1.3666849e+04
   6.7800000e+02  -1.2415160e+04   3.1934096e+04
   6.7900000e+02   1.5702166e+03   1.1426556e+04
   6.8000000e+02   4.4244677e+03  -9.0973946e+03
   6.8100000e+02  -6.4137305e+02  -1.0490766e+04
   6.8200000e+02   9.8302654e+02  -4.4327544e+03
   6.8300000e+02  -2.6084271e+03  -8.4143126e+03
   6.8400000e+02  -9.7040544e+03  -6.1382067e+03
   6.8500000e+02  -5.6594059e+03   1.2156934e+04
   6.8600000e+02  -3.3243850e+02   1.3458661e+04
   6.8700000e+02   6.2641225e+03  -5.4963275e+03
   6.8800000e+02   8.9304146e+03  -1.4179108e+04
   6.8900000e+02   3.5459543e+03   1.1596170e+03
   6.9000000e+02  -4.0788994e+03   1.0983244e+04
   6.9100000e+02  -1.6082399e+04  -6.1376609e+03
   6.9200000e+02  -1.8009995e+04  -1.5735470e+04
   6.9300000e+02  -6.6777158e+03  -4.5532245e+03
   6.9400000e+02   2.5793193e+03   3.7906776e+03
   6.9500000e+02  -1.0406625e+03  -7.8461285e+03
   6.9600000e+02  -7.0008244e+03  -2.4658816e+04
   6.9700000e+02   5.1617175e+03  -1.1834091e+04
   6.9800000e+02   1.9831610e+03   7.8123195e+03
   6.9900000e+02  -2.3364077e+04  -1.0954009e+03
   7.0000000e+02  -1.5223600e+04  -1.8121143e+04
   7.0100000e+02   1.6430630e+04  -1.2833192e+04
   7.0200000e+02   1.8923441e+04   1.2124922e+04
   7.0300000e+02  -6.4552373e+03   1.9609574e+04
   7.0400000e+02  -1.3517295e+04   6.1818381e+03
   7.0500000e+02   7.4187824e+03   4.6599820e+03
   7.0600000e+02   2.0829545e+04   1.7353087e+04
   7.0700000e+02   1.7757806e+04   2.0990828e+04
   7.0800000e+02   7.3760337e+03   1.1574891e+03
   7.0900000e+02   2.5880718e+03  -1.2244118e+04
   7.1000000e+02   5.4520222e+03   2.7981193e+03
   7.1100000e+02   4.3433494e+03   1.6076884e+04
   7.1200000e+02   7.5129409e+03   9.5564308e+03
   7.1300000e+02   6.0337300e+03  -8.9505270e+03
   7.1400000e+02  -8.1213622e+03  -1.7647140e+04
   7.1500000e+02  -1.4608407e+04  -3.5740832e+03
   7.1600000e+02  -6.3796458e+03   1.4879287e+04
   7.1700000e+02   9.3992572e+03   1.8146302e+04
   7.1800000e+02   1.2573895e+04   5.5247804e+03
   7.1900000e+02  -1.0204342e+02  -5.3019939e+03
   7.2000000e+02  -1.1412796e+04  -1.2069490e+04
   7.2100000e+02  -1.1941694e+04  -1.3749024e+04
   7.2200000e+02   6.7022329e+03   1.9374048e+03
   7.2300000e+02   2.4791274e+04   1.4664394e+04
   7.2400000e+02   2.0237293e+04   1.6448719e+04
   7.2500000e+02   1.2170663e+03   1.1553270e+04
   7.2600000e+02  -1.1066744e+04  -2.8095188e+03
   7.2700000e+02   2.2963697e+03  -1.7474663e+03
   7.2800000e+02   1.9183090e+04   1.2905255e+04
   7.2900000e+02   1.5786016e+04   1.4968981e+04
   7.3000000e+02  -1.1097213e+03   4.8718139e+02
   7.3100000e+02  -1.6701199e+04  -1.4394772e+04
   7.3200000e+02  -1.2746969e+04  -8.8300078e+03
   7.3300000e+02  -2.8125389e+03   4.9032789e+03
   7.3400000e+02  -7.9419876e+02   1.2390992e+04
   7.3500000e+02  -4.3329866e+03   8.8229298e+03
   7.3600000e+02  -1.4879031e+04  -6.5993064e+03
   7.3700000e+02  -9.5918518e+03  -9.2549852e+03
   7.3800000e+02   1.1447780e+04   3.0667271e+02
   7.3900000e+02   1.9769446e+04   5.7127980e+03
   7.4000000e+02   5.5586384e+03   3.5644563e+03
   7.4100000e+02  -1.4577853e+04  -4.9934796e+03
   7.4200000e+02  -6.0726965e+03  -5.1961085e+02
   7.4300000e+02   2.0868993e+04   1.1934408e+04
   7.4400000e+02   3.0519079e+04   4.8213322e+03
   7.4500000e+02   1.1480136e+04  -1.6970268e+04
   7.4600000e+02  -1.9306431e+04  -2.0089703e+04
   7.4700000e+02  -1.9181228e+04   1.0500328e+03
   7.4800000e+02   2.9944795e+02   1.2022324e+04
   7.4900000e+02   1.4306397e+03   1.0166185e+04
   7.5000000e+02  -6.6288362e+03   4.5699975e+03
   7.5100000e+02  -1.3274179e+04  -7.7773484e+03
   7.5200000e+02  -9.7809179e+03  -1.2329365e+04
   7.5300000e+02   2.9767783e+03  -1.1712531e+04
   7.5400000e+02   6.8711407e+03  -6.8791487e+03
   7.5500000e+02  -2.0808096e+03   9.7423463e+02
   7.5600000e+02  -1.2226806e+04   1.3385712e+03
   7.5700000e+02  -8.0793456e+03   3.3145647e+03
   7.5800000e+02   3.3208416e+03  -2.8492544e+03
   7.5900000e+02   6.9302883e+03  -9.9406424e+03
   7.6000000e+02   1.5736068e+02   3.2565218e+03
   7.6100000e+02  -7.0677274e+03   1.1252294e+04
   7.6200000e+02  -1.3360750e+03  -2.7027050e+02
   7.6300000e+02   1.0686094e+03  -1.7049427e+04
   7.6400000e+02  -2.9087111e+03  -1.8234571e+04
   7.6500000e+02  -8.2088369e+02  -2.0283567e+03
   7.6600000e+02  -2.3327830e+03   1.5018779e+03
   7.6700000e+02   7.9421259e+02  -1.7011551e+04
   7.6800000e+02   8.1955807e+03  -3.4049738e+04
   7.6900000e+02   7.3715514e+02  -1.6847942e+04
   7.7000000e+02  -1.5420297e+04   1.8170600e+04
   7.7100000e+02  -1.7609656e+04   1.8297242e+04
   7.7200000e+02   3.7255060e+03  -8.8709739e+03
   7.7300000e+02   1.7836576e+04  -2.3627286e+04
   7.7400000e+02   7.3007692e+02  -8.1530070e+03
   7.7500000e+02  -2.6048910e+04   2.0698798e+04
   7.7600000e+02  -2.4573948e+04   2.7621462e+04
   7.7700000e+02   1.1344432e+04   7.4833356e+03
   7.7800000e+02   2.6164748e+04  -1.9406790e+04
   7.7900000e+02   3.1900844e+03  -1.8764267e+04
   7.8000000e+02  -9.7517208e+03   9.2167000e+03
   7.8100000e+02  -1.1427809e+03   2.0871135e+04
   7.8200000e+02   8.3908804e+03   6.5156620e+03
   7.8300000e+02   3.7390225e+02  -1.1229258e+04
   7.8400000e+02  -1.0967340e+04  -5.8403923e+03
   7.8500000e+02  -1.5952977e+03   1.3616727e+04
   7.8600000e+02   7.0715173e+03   1.1289956e+04
   7.8700000e+02  -1.0091542e+03  -2.6757206e+03
   7.8800000e+02  -1.1068460e+04  -8.1376230e+03
   7.8900000e+02  -7.9113478e+03  -3.4350484e+03
   7.9000000e+02  -5.1736331e+02   9.2728899e+03
   7.9100000e+02  -4.8291990e+03   1.8215632e+04
   7.9200000e+02  -5.3667158e+03   1.5235746e+04
   7.9300000e+02   2.5081249e+03  -1.9265379e+02
   7.9400000e+02   6.3970391e+03  -8.8666144e+03
   7.9500000e+02   5.8761631e+03  -2.6918725e+03
   7.9600000e+02   4.2697848e+03   4.7509880e+03
   7.9700000e+02   6.3208221e+03   1.3438504e+04
   7.9800000e+02   5.3346761e+03   1.2542916e+04
   7.9900000e+02   4.4435384e+03  -5.2637883e+02
   8.0000000e+02   7.7250319e+03  -7.5441398e+03
   8.0100000e+02   3.6390635e+03  -2.3126762e+03
   8.0200000e+02   2.1455900e+03   8.8381389e+03
   8.0300000e+02   8.6225642e+03   8.6124098e+03
   8.0400000e+02   1.2324022e+04  -8.9320283e+02
   8.0500000e+02   5.1310506e+03  -4.0210804e+03
   8.0600000e+02  -1.0029079e+04   4.5778386e+03
   8.0700000e+02  -1.1151125e+04   1.5211747e+04
   8.0800000e+02   1.9315472e+03   4.0947181e+03
   8.0900000e+02   1.4818163e+04  -1.0330134e+04
   8.1000000e+02   1.5806120e+04  -3.9575670e+03
   8.1100000e+02   5.1357040e+02   8.4939979e+03
   8.1200000e+02  -3.9657760e+03   1.5206748e+04
   8.1300000e+02   1.0222963e+04   4.0924421e+03
   8.1400000e+02   1.9725332e+04  -9.5439570e+03
   8.1500000e+02   8.7683481e+03  -8.5374132e+03
   8.1600000e+02  -9.9204712e+03  -5.5840121e+03
   8.1700000e+02  -9.4618148e+02   4.8855235e+03
   8.1800000e+02   2.1863088e+04   1.0164392e+04
   8.1900000e+02   1.4148036e+04  -2.6846144e+03
   8.2000000e+02  -2.0513507e+04  -1.1167717e+04
   8.2100000e+02  -3.6216479e+04  -8.0707832e+03
   8.2200000e+02  -1.1662280e+04   4.5163787e+03
   8.2300000e+02   1.0200341e+04   1.5162756e+04
   8.2400000e+02   5.3353802e+03   8.6485469e+03
   8.2500000e+02  -6.9899106e+03  -1.4882210e+03
   8.2600000e+02  -1.2857450e+04   3.0767596e+03
   8.2700000e+02  -1.7503813e+03   3.4678578e+03
   8.2800000e+02   9.3762700e+03  -1.6691728e+04
   8.2900000e+02   7.8254576e+03  -1.6308330e+04
   8.3000000e+02   4.3077162e+03   4.9298199e+03
   8.3100000e+02  -8.5160394e+02  -2.2224354e+03
   8.3200000e+02  -2.1032973e+03  -1.8825064e+04
   8.3300000e+02  -2.4119625e+03  -1.6594038e+04
   8.3400000e+02  -1.7650804e+03  -8.6747550e+03
   8.3500000e+02   3.5810292e+03  -4.5988178e+03
   8.3600000e+02  -4.6695168e+02  -1.7825457e+03
   8.3700000e+02  -8.4366661e+03   3.5631793e+03
   8.3800000e+02  -1.0501787e+04   4.1181062e+03
   8.3900000e+02  -4.2496427e+03   2.3208058e+03
   8.4000000e+02   4.9580546e+03  -1.0361764e+03
   8.4100000e+02   4.0812916e+02  -3.5244231e+03
   8.4200000e+02  -5.2183735e+03   1.0298019e+04
   8.4300000e+02  -1.2151279e+02   1.4926921e+04
   8.4400000e+02   1.9462325e+03  -8.8679538e+03
   8.4500000e+02  -7.8897177e+03  -2.4386940e+04
   8.4600000e+02  -1.5257819e+04  -6.8208198e+03
   8.4700000e+02  -2.1416971e+03   8.2084352e+03
   8.4800000e+02   5.3021436e+03  -1.5654691e+04
   8.4900000e+02  -7.3684198e+03  -3.0376254e+04
   8.5000000e+02  -1.3951887e+04  -4.0781517e+03
   8.5100000e+02  -8.8609352e+03   1.5896273e+04
   8.5200000e+02  -3.2044349e+03   8.6004782e+03
   8.5300000e+02  -6.5910151e+03  -9.1587911e+03
   8.5400000e+02  -8.6382524e+03  -1.2641474e+04
   8.5500000e+02  -1.4825549e+03  -1.3933261e+03
   8.5600000e+02   6.2593346e+02   7.5410444e+03
   8.5700000e+02   1.8405406e+03   1.9312801e+04
   8.5800000e+02   2.7901410e+03   1.7279330e+04
   8.5900000e+02   4.9297768e+02  -4.5049326e+03
   8.6000000e+02  -1.2822089e+03  -1.7942901e+04
   8.6100000e+02  -4.2555955e+03  -1.2183122e+04
   8.6200000e+02   4.9906766e+03   9.0694375e+03
   8.6300000e+02   1.5487994e+04   1.7763275e+04
   8.6400000e+02   6.1736972e+03   2.9255471e+03
   8.6500000e+02  -3.5232680e+03  -8.0403229e+03
   8.6600000e+02   3.0980190e+03  -7.0828687e+03
   8.6700000e+02   1.4684183e+04   3.4949323e+02
   8.6800000e+02   6.3190065e+03   9.3403419e+03
   8.6900000e+02  -1.6282173e+04   1.2939426e+04
   8.7000000e+02  -1.6588562e+04   6.6376667e+03
   8.7100000e+02   3.8238751e+03   4.0623473e+03
   8.7200000e+02   6.5707483e+03   1.5515630e+04
   8.7300000e+02  -1.3330126e+04   1.1251153e+04
   8.7400000e+02  -1.1013547e+04  -1.2375748e+04
   8.7500000e+02   1.7004638e+04  -2.2969183e+04
   8.7600000e+02   2.4774227e+04  -4.6887668e+03
   8.7700000e+02   3.9521615e+03   2.8234488e+04
   8.7800000e+02  -2.0574865e+04   2.8935403e+04
   8.7900000e+02  -1.0124902e+04  -3.6648594e+03
   8.8000000e+02   3.1229200e+04  -2.2192499e+04
   8.8100000e+02   4.0453273e+04  -1.1046533e+04
   8.8200000e+02   1.0676398e+04   1.0631409e+04
   8.8300000e+02  -1.4091986e+04   1.1920139e+04
   8.8400000e+02  -1.8004939e+04   1.9627264e+03
   8.8500000e+02  -1.0991286e+04   3.7536632e+03
   8.8600000e+02  -1.5762864e+03   1.6384007e+03
   8.8700000e+02   7.7386194e+03  -9.4161622e+03
   8.8800000e+02   8.5743442e+03  -1.1989090e+04
   8.8900000e+02   5.3329146e+03   5.6096976e+03
   8.9000000e+02   1.5839519e+03   2.0057440e+04
   8.9100000e+02  -4.1388476e+02   8.4881782e+03
   8.9200000e+02   1.0541599e+04  -7.1468715e+03
   8.9300000e+02   1.2756575e+04  -1.5083526e+04
   8.9400000e+02   3.2134978e+03  -5.2857576e+03
   8.9500000e+02   1.0937248e+04   2.1492273e+04
   8.9600000e+02   2.3748663e+04   2.2018920e+04
   8.9700000e+02   1.3013958e+04  -3.0766643e+03
   8.9800000e+02  -1.7086999e+04  -9.7520729e+03
   8.9900000e+02  -2.3399240e+04   4.6244933e+03
   9.0000000e+02   1.9940800e+03   9.6580081e+03
   9.0100000e+02   1.1488983e+04   5.1767439e+03
   9.0200000e+02  -1.1293609e+03   5.8740808e+03
   9.0300000e+02  -1.1648227e+04   9.2679898e+02
   9.0400000e+02  -1.0412479e+04  -4.5412050e+03
   9.0500000e+02  -1.1303605e+03  -3.0469690e+03
   9.0600000e+02   4.3780366e+03  -3.8063034e+03
   9.0700000e+02   4.9374526e+03  -7.2237156e+03
   9.0800000e+02  -2.7943853e+03  -1.1007539e+04
   9.0900000e+02  -1.3556809e+04  -7.9462359e+02
   9.1000000e+02  -1.5137885e+04   9.2634092e+03
   9.1100000e+02  -6.6947701e+03  -3.0145855e+03
   9.1200000e+02   5.6659931e+03  -1.3310062e+04
   9.1300000e+02   2.7553494e+03  -1.4896943e+04
   9.1400000e+02  -1.0100091e+04  -8.8240635e+03
   9.1500000e+02  -1.2512807e+04   5.4722606e+03
   9.1600000e+02  -1.0602025e+03   1.1167884e+04
   9.1700000e+02   1.5960349e+04   7.1380290e+03
   9.1800000e+02   7.2428931e+03  -1.1042964e+04
   9.1900000e+02  -1.4619612e+04  -2.6958469e+04
   9.2000000e+02  -8.9702923e+03  -1.6780632e+04
   9.2100000e+02   5.2785855e+03   1.9253803e+03
   9.2200000e+02   4.2887406e+03   1.0838564e+04
   9.2300000e+02  -4.8864018e+03  -1.1213373e+03
   9.2400000e+02  -2.8696747e+03  -1.8091162e+04
   9.2500000e+02   7.2039975e+03  -1.1069002e+04
   9.2600000e+02  -2.8596476e+03   4.5422410e+03
   9.2700000e+02  -2.2597818e+04   1.1754719e+03
   9.2800000e+02  -2.6072125e+04  -1.6286457e+04
   9.2900000e+02  -9.0209724e+03  -9.4213135e+03
   9.3000000e+02   1.0751315e+04   1.7890756e+04
   9.3100000e+02   7.7401059e+03   1.2703855e+04
   9.3200000e+02  -8.0603918e+03  -1.6729956e+04
   9.3300000e+02  -1.3429158e+04  -2.0946119e+04
   9.3400000e+02  -4.7503386e+02   1.7554459e+03
   9.3500000e+02   1.4125126e+04   6.8456423e+03
   9.3600000e+02   6.8970709e+03  -8.9215155e+03
   9.3700000e+02  -7.8470579e+03  -2.7116457e+03
   9.3800000e+02  -7.7998282e+03   1.3760879e+04
   9.3900000e+02   7.8495441e+03   1.0852163e+04
   9.4000000e+02   1.8077336e+04  -4.3779448e+03
   9.4100000e+02   8.6597044e+03  -1.1317356e+04
   9.4200000e+02  -5.6321382e+03  -7.7337852e+02
   9.4300000e+02  -1.5077575e+04   1.7128855e+03
   9.4400000e+02  -5.8743924e+03  -4.0790850e+03
   9.4500000e+02   1.2114777e+04   1.4433362e+03
   9.4600000e+02   6.1246818e+03   7.1176801e+03
   9.4700000e+02  -8.5971251e+03   6.5787381e+03
   9.4800000e+02  -1.5009139e+04   3.7540381e+02
   9.4900000e+02  -1.0449795e+04   8.0654994e+02
   9.5000000e+02   9.1481604e+03   1.4461313e+04
   9.5100000e+02   1.9882967e+04   2.5320731e+04
   9.5200000e+02   6.1739260e+03   2.2661370e+04
   9.5300000e+02  -1.2093426e+04   1.6604158e+03
   9.5400000e+02  -3.0402195e+03  -8.2248819e+03
   9.5500000e+02   2.0161244e+04   6.5671408e+03
   9.5600000e+02   2.2690282e+04   1.1986045e+04
   9.5700000e+02   1.4377072e+04   8.7433951e+03
   9.5800000e+02   2.8110998e+03   1.7019456e+03
   9.5900000e+02  -5.5358151e+03  -1.1473719e+04
   9.6000000e+02  -1.6223623e+03  -8.8761468e+03
   9.6100000e+02   2.0959158e+03   7.0021849e+03
   9.6200000e+02   7.2066608e+03   9.9503996e+03
   9.6300000e+02   5.3413355e+03  -6.0956458e+03
   9.6400000e+02  -3.8042233e+03  -1.0861309e+04
   9.6500000e+02   1.7472620e+02   9.3008218e+03
   9.6600000e+02   4.0103621e+03   2.4736278e+04
   9.6700000e+02  -3.3435307e+03   1.5016382e+04
   9.6800000e+02  -1.0012219e+04  -1.0039304e+04
   9.6900000e+02  -3.9881067e+03  -1.5446706e+04
   9.7000000e+02   8.2223479e+03   5.4649381e+03
   9.7100000e+02   8.2184359e+03   1.9287866e+04
   9.7200000e+02   1.0975654e+03   1.0923702e+04
   9.7300000e+02  -2.9978957e+03  -1.4140775e+04
   9.7400000e+02   4.3116654e+03  -2.8315752e+04
   9.7500000e+02   1.3153306e+04  -1.3536890e+04
   9.7600000e+02   1.4877060e+03   1.2033457e+04
   9.7700000e+02  -1.0846789e+04   2.1723771e+04
   9.7800000e+02  -4.4820060e+03  -2.7519299e+02
   9.7900000e+02   1.3085206e+04  -1.8138589e+04
   9.8000000e+02   1.8881224e+04  -2.1086508e+03
   9.8100000e+02  -4.2100308e+03   1.5251682e+04
   9.8200000e+02  -2.2283974e+04   9.1148676e+03
   9.8300000e+02  -1.1163860e+04  -1.1101630e+04
   9.8400000e+02   7.5575168e+03  -1.3094976e+04
   9.8500000e+02   7.7365935e+03   5.0431792e+03
   9.8600000e+02  -1.0473643e+04   8.8560364e+03
   9.8700000e+02  -1.3229834e+04  -3.6077023e+03
   9.8800000e+02   6.6933362e+03  -1.8214869e+04
   9.8900000e+02   2.1621416e+04  -1.6532123e+04
   9.9000000e+02   1.1100221e+04   1.9268540e+03
   9.9100000e+02  -1.0285989e+04   8.5855599e+03
   9.9200000e+02  -6.5468231e+03   2.0004133e+02
   9.9300000e+02   6.1143622e+03  -1.1581843e+04
   9.9400000e+02  -6.6395960e+02  -9.9508837e+03
   9.9500000e+02  -1.5437585e+04   3.5803324e+03
   9.9600000e+02  -2.0926820e+04   8.2488067e+02
   9.9700000e+02  -8.5190286e+03  -9.9885037e+03
   9.9800000e+02   8.4194460e+02  -7.4714601e+03
   9.9900000e+02  -4.9813378e+03   4.8968027e+03
   1.0000000e+03  -1.2741270e+04   1.0729009e+04
   1.0010000e+03  -1.3012040e+04   2.0359461e+03
   1.0020000e+03   5.0139049e+03  -8.4716844e+03
   1.0030000e+03   1.9027733e+04  -1.1507014e+04
   1.0040000e+03   1.4244890e+04  -4.5737033e+03
   1.0050000e+03   8.2372880e+03  -2.8218465e+02
   1.0060000e+03  -4.5891037e+03  -2.6181236e+03
   1.0070000e+03  -1.5817575e+04   2.1055654e+03
   1.0080000e+03  -9.8254399e+03  -1.1410258e+03
   1.0090000e+03  -5.1923244e+02  -9.8535026e+03
   1.0100000e+03  -1.3250403e+03  -7.5454578e+03
   1.0110000e+03  -7.8150083e+03  -5.9698222e+03
   1.0120000e+03  -6.0294008e+03  -4.8291828e+03
   1.0130000e+03  -7.2298760e+01  -4.2592837e+02
   1.0140000e+03  -4.2509729e+02   6.4403000e+03
   1.0150000e+03  -1.1224193e+04   5.9436657e+03
   1.0160000e+03  -1.5996960e+04  -1.1751586e+04
   1.0170000e+03   1.0739552e+04  -2.1872411e+04
   1.0180000e+03   2.6404614e+04  -6.4893831e+03
   1.0190000e+03  -2.5234303e+02   1.9845893e+04
   1.0200000e+03  -1.8331835e+04   2.3410378e+04
   1.0210000e+03  -5.3614309e+03  -1.9997682e+03
   1.0220000e+03   1.0516618e+04  -1.7525924e+04
   1.0230000e+03   8.6111793e+03  -1.0099407e+04
   1.0240000e+03  -3.3359547e+02   6.9405806e+03
   1.0250000e+03  -3.5651351e+03   1.6307337e+04
   1.0260000e+03  -5.8419365e+03   1.2733145e+04
   1.0270000e+03  -2.7538341e+01   1.1048518e+04
   1.0280000e+03   6.9013352e+03   6.1436469e+03
   1.0290000e+03   4.4241914e+03  -1.5838639e+03
   1.0300000e+03   2.1613892e+03  -6.9548943e+03
   1.0310000e+03  -3.6288892e+03  -7.7043418e+03
   1.0320000e+03  -9.2988171e+03   6.3916634e+03
   1.0330000e+03   8.9087922e+02   1.4518350e+04
   1.0340000e+03   1.8476287e+04   1.1918576e+04
   1.0350000e+03   1.3402749e+04   9.8117615e+03
   1.0360000e+03  -8.3846540e+03   1.5190536e+03
   1.0370000e+03  -4.5382999e+03  -1.4328883e+02
   1.0380000e+03   1.2405184e+04   3.6121999e+03
   1.0390000e+03   6.9728252e+03   7.2253755e+03
   1.0400000e+03  -8.2265706e+03   1.0509615e+04
   1.0410000e+03  -8.1538321e+03   1.9426561e+03
   1.0420000e+03   5.7971356e+03   1.3190094e+03
   1.0430000e+03   8.9548514e+03   1.2232312e+04
   1.0440000e+03   2.9214422e+03   5.9123128e+03
   1.0450000e+03  -2.6752971e+02  -1.5165934e+04
   1.0460000e+03  -4.3239141e+03  -2.1091964e+04
   1.0470000e+03   2.2029688e+03   2.3284295e+03
   1.0480000e+03   1.0534899e+04   2.6239878e+04
   1.0490000e+03   8.3564818e+03   1.9785089e+04
   1.0500000e+03   7.8182541e+03  -1.0678514e+04
   1.0510000e+03   6.1555930e+03  -2.5190963e+04
   1.0520000e+03   3.3031784e+03  -3.1309594e+03
   1.0530000e+03   3.1350272e+03   1.5245847e+04
   1.0540000e+03   4.3242637e+02   9.2859885e+03
   1.0550000e+03  -8.3670516e+03  -6.4528684e+03
   1.0560000e+03  -1.2148077e+04  -1.5920097e+04
   1.0570000e+03   2.0412672e+03  -1.6363812e+03
   1.0580000e+03   6.7293622e+03   1.1842090e+04
   1.0590000e+03  -6.3716997e+03   4.5807336e+03
   1.0600000e+03  -5.5069987e+03  -7.4992945e+03
   1.0610000e+03   6.9619579e+03  -1.2990002e+04
   1.0620000e+03   1.3765140e+04  -2.1991029e+03
   1.0630000e+03   8.5139916e+03   1.2157388e+04
   1.0640000e+03  -2.0090856e+03   1.3782306e+04
   1.0650000e+03   1.3821389e+03   2.7553437e+03
   1.0660000e+03   1.5998579e+04  -1.3886891e+04
   1.0670000e+03   1.4682722e+04  -1.4093934e+04
   1.0680000e+03  -1.0293530e+04   2.5982967e+03
   1.0690000e+03  -2.0454397e+04   1.3797196e+04
   1.0700000e+03  -3.3551730e+03   9.0649372e+02
   1.0710000e+03   6.5637971e+03  -2.4431777e+04
   1.0720000e+03  -1.1197498e+03  -2.3755744e+04
   1.0730000e+03  -1.6118143e+04  -3.7530039e+03
   1.0740000e+03  -1.4483805e+04   2.3794044e+03
   1.0750000e+03   7.4103973e+03  -9.8629748e+03
   1.0760000e+03   1.2330789e+04  -1.8398584e+04
   1.0770000e+03  -6.4970618e+03  -5.4167838e+03
   1.0780000e+03  -2.3991264e+04   8.4123932e+03
   1.0790000e+03  -1.6969300e+04   7.2955481e+03
   1.0800000e+03   7.6249430e+03   1.1412276e+03
   1.0810000e+03   1.6569608e+04   4.8458994e+03
   1.0820000e+03   3.1346928e+03   1.5245575e+04
   1.0830000e+03  -2.0576932e+04   4.7751050e+03
   1.0840000e+03  -2.7037888e+04  -9.0846410e+03
   1.0850000e+03  -4.8751402e+03   1.5263019e+03
   1.0860000e+03   1.2690864e+04   1.3482862e+04
   1.0870000e+03   8.7870213e+03   4.1050598e+03
   1.0880000e+03  -6.2808927e+03  -2.0721274e+04
   1.0890000e+03  -7.0614790e+03  -2.4776389e+04
   1.0900000e+03   8.0040301e+03  -4.3372999e+03
   1.0910000e+03   3.3574434e+03   6.6641016e+02
   1.0920000e+03  -1.3237035e+04  -9.6633212e+03
   1.0930000e+03  -1.3499799e+04  -1.1385659e+04
   1.0940000e+03   2.4392396e+03   1.4968723e+03
   1.0950000e+03   1.5124348e+04   7.5536610e+03
   1.0960000e+03   1.1562919e+03   6.2847807e+02
   1.0970000e+03  -2.0262017e+04   3.4515294e+03
   1.0980000e+03  -1.7020954e+04   4.4334567e+03
   1.0990000e+03   2.3059718e+03   2.9523580e+03
   1.1000000e+03   1.0258017e+04   9.6448182e+03
   1.1010000e+03   3.1716572e+03   2.1688872e+03
   1.1020000e+03  -7.5609853e+02  -1.1923016e+04
   1.1030000e+03   5.4569730e+02  -5.6527097e+03
   1.1040000e+03   5.6083065e+03   1.5709548e+04
   1.1050000e+03   4.4090188e+03   2.0696909e+04
   1.1060000e+03  -1.0103451e+04   4.1895967e+03
   1.1070000e+03  -5.7419350e+03  -4.7472688e+03
   1.1080000e+03   2.0063777e+04  -1.3268754e+03
   1.1090000e+03   2.8137128e+04   5.6795325e+03
   1.1100000e+03   1.3555240e+03   1.1067612e+03
   1.1110000e+03  -2.9935214e+04  -8.2395111e+03
   1.1120000e+03  -2.0476045e+04   3.7348519e+03
   1.1130000e+03   8.0766986e+03   7.7263487e+03
   1.1140000e+03   1.6338120e+04  -3.3008285e+03
   1.1150000e+03   1.3251609e+04  -1.9496284e+03
   1.1160000e+03   8.2683878e+03  -2.1140652e+02
   1.1170000e+03   1.3765466e+03  -1.9855919e+03
   1.1180000e+03  -7.2534896e+03  -3.2887458e+03
   1.1190000e+03  -6.5077090e+03   1.5289734e+03
   1.1200000e+03   7.4765090e+03   1.1930664e+04
   1.1210000e+03   1.4892787e+04   9.8733626e+03
   1.1220000e+03   8.5276537e+03   1.0258372e+03
   1.1230000e+03  -8.6742371e+03  -6.6134968e+03
   1.1240000e+03  -1.5406244e+04  -4.0216179e+03
   1.1250000e+03   2.9450771e+03   9.1922421e+03
   1.1260000e+03   1.8084544e+04   8.2055077e+03
   1.1270000e+03   1.5703074e+04  -1.5458392e+03
   1.1280000e+03   2.2520414e+03  -1.3239331e+03
   1.1290000e+03  -1.1066980e+04   7.6784164e+03
   1.1300000e+03  -9.2258751e+03   1.0551270e+04
   1.1310000e+03   4.7337145e+03   2.8187212e+03
   1.1320000e+03   1.5498541e+04   8.2459600e+02
   1.1330000e+03   6.4132316e+03  -7.3607005e+02
   1.1340000e+03  -6.9764259e+03  -2.5390197e+02
   1.1350000e+03  -1.1177372e+03   1.3863150e+04
   1.1360000e+03   8.7338111e+03   1.9256644e+04
   1.1370000e+03   1.0626241e+04   9.4133080e+02
   1.1380000e+03   4.6915324e+03  -2.0727162e+04
   1.1390000e+03   2.2276116e+03  -1.6285667e+04
   1.1400000e+03   1.2157751e+04   1.2667874e+03
   1.1410000e+03   1.0153789e+04   1.3881044e+03
   1.1420000e+03  -4.8907498e+03  -5.9578193e+03
   1.1430000e+03  -5.7524456e+03  -5.9436877e+03
   1.1440000e+03   3.5117338e+03   5.2940892e+03
   1.1450000e+03   1.2795558e+03   1.0975012e+04
   1.1460000e+03  -8.2495749e+03  -2.6201612e+03
   1.1470000e+03  -1.0847523e+04  -1.0029563e+04
   1.1480000e+03  -1.0238518e+04  -5.5631571e+03
   1.1490000e+03  -3.8272543e+03   1.0007238e+03
   1.1500000e+03   1.8249184e+03   7.0628605e+03
   1.1510000e+03  -7.1815884e+03   7.4153227e+03
   1.1520000e+03  -1.2129135e+04   4.5297507e+03
   1.1530000e+03  -4.2419793e+03  -5.9385655e+03
   1.1540000e+03   2.5728445e+03  -1.3783442e+04
   1.1550000e+03   2.2369403e+03  -1.1401537e+04
   1.1560000e+03   9.7790909e+02  -8.8023788e+03
   1.1570000e+03   2.5856358e+03  -2.2258637e+03
   1.1580000e+03  -4.5750628e+03  -1.7488919e+03
   1.1590000e+03  -9.9074859e+03  -8.5146175e+03
   1.1600000e+03  -5.3110390e+03  -7.5128014e+03
   1.1610000e+03  -7.0727761e+03  -3.9164322e+03
   1.1620000e+03  -7.0934696e+03  -3.2728099e+03
   1.1630000e+03   1.1707054e+03  -4.1157933e+03
   1.1640000e+03   7.9831725e+03   3.5986407e+03
   1.1650000e+03   2.6683644e+03   1.0505894e+04
   1.1660000e+03  -1.2221066e+04   4.6386271e+02
   1.1670000e+03  -1.2993458e+04  -7.9622798e+03
   1.1680000e+03  -2.2584017e+03  -4.1417215e+03
   1.1690000e+03   5.9637809e+03   5.8496660e+03
   1.1700000e+03   6.7966545e+03   3.6080775e+03
   1.1710000e+03  -2.2574645e+02  -1.2315682e+04
   1.1720000e+03  -4.2815203e+02  -1.0565582e+04
   1.1730000e+03  -3.4380918e+03   6.6510785e+02
   1.1740000e+03  -1.3218441e+04   4.4550002e+03
   1.1750000e+03  -9.4142092e+03   7.5193290e+02
   1.1760000e+03  -6.8194070e+01  -1.3141201e+04
   1.1770000e+03   5.3773731e+02  -1.5896085e+04
   1.1780000e+03  -7.7439668e+03  -6.1106681e+03
   1.1790000e+03  -1.1184242e+04  -1.5712184e+03
   1.1800000e+03  -2.0638820e+03  -5.1646071e+02
   1.1810000e+03   3.0559818e+03   7.1633250e+03
   1.1820000e+03  -1.3775821e+03   1.8572769e+04
   1.1830000e+03  -4.7639139e+03   1.0892171e+04
   1.1840000e+03   3.3445178e+03  -1.3322662e+03
   1.1850000e+03   7.5669663e+03   3.6003894e+03
   1.1860000e+03  -3.9901652e+03   8.9202939e+03
   1.1870000e+03  -7.1826887e+02   1.2057397e+04
   1.1880000e+03   1.5906291e+04   1.1497795e+04
   1.1890000e+03   1.5707081e+04   1.8387221e+03
   1.1900000e+03  -5.3128516e+02  -1.3437266e+04
   1.1910000e+03  -1.2951468e+04  -1.8053503e+04
   1.1920000e+03  -3.3085614e+03   5.9095631e+03
   1.1930000e+03   1.3509078e+04   1.7409527e+04
   1.1940000e+03   1.3856675e+04  -8.9523013e+03
   1.1950000e+03   1.0295978e+03  -2.2241777e+04
   1.1960000e+03  -2.8687879e+03   4.0355434e+03
   1.1970000e+03   1.0191633e+04   2.8561872e+04
   1.1980000e+03   6.8192177e+03   7.1331493e+03
   1.1990000e+03  -6.6332597e+03  -2.5781618e+04
   1.2000000e+03   6.5795044e+03  -1.2016884e+04
   1.2010000e+03   2.0762240e+04   2.6900088e+04
   1.2020000e+03   1.2065866e+04   3.2687044e+04
   1.2030000e+03  -1.8031827e+03   8.7319133e+02
   1.2040000e+03  -4.3778040e+03  -1.3638994e+04
   1.2050000e+03   2.3822573e+03   5.5996595e+03
   1.2060000e+03   8.3844355e+03   2.0938116e+04
   1.2070000e+03   1.0347604e+04   1.6245897e+04
   1.2080000e+03  -2.2255794e+03   8.0043104e+02
   1.2090000e+03  -1.9287656e+04  -3.3119485e+03
   1.2100000e+03  -9.2666871e+03   2.3642154e+03
   1.2110000e+03   1.8880558e+04   6.3308900e+02
   1.2120000e+03   2.1647279e+04  -1.8883276e+03
   1.2130000e+03  -6.8411548e+03  -4.8492399e+03
   1.2140000e+03  -1.5867242e+04  -4.9871909e+03
   1.2150000e+03   2.1025657e+03  -4.4295067e+03
   1.2160000e+03   9.2340267e+03  -7.8585223e+03
   1.2170000e+03   5.0321592e+03  -2.6623395e+03
   1.2180000e+03  -5.1175353e+03   5.0179278e+02
   1.2190000e+03  -5.5292926e+03   1.8091106e+03
   1.2200000e+03   1.0237993e+04   4.7066014e+03
   1.2210000e+03   7.2894825e+03  -4.4164422e+03
   1.2220000e+03  -9.0961718e+03  -3.9070978e+03
   1.2230000e+03  -1.2510949e+04   1.0832165e+04
   1.2240000e+03  -5.5994531e+03   1.4902333e+04
   1.2250000e+03   1.8728475e+03   4.6390151e+03
   1.2260000e+03  -2.0446100e+00  -8.1064237e+03
   1.2270000e+03  -7.2464377e+03  -8.0108236e+03
   1.2280000e+03  -6.9367690e+03   2.0363911e+03
   1.2290000e+03   8.1780140e+03   6.7734212e+03
   1.2300000e+03   1.5168411e+04  -5.8811631e+03
   1.2310000e+03  -5.6544343e+03  -2.0942303e+04
   1.2320000e+03  -1.6228376e+04  -1.3454896e+04
   1.2330000e+03   1.8077954e+03   7.5875932e+02
   1.2340000e+03   1.8101206e+04   9.0155569e+03
   1.2350000e+03   1.0254049e+04   5.2995069e+03
   1.2360000e+03  -1.5290484e+04  -1.3518100e+04
   1.2370000e+03  -2.7291962e+04  -2.0686946e+04
   1.2380000e+03  -1.5897595e+04  -1.3032972e+04
   1.2390000e+03   2.1515967e+03  -4.4753534e+02
   1.2400000e+03   6.8859702e+03   1.1521510e+04
   1.2410000e+03  -1.9839928e+03   9.0226359e+03
   1.2420000e+03  -1.8919806e+03  -5.8759143e+03
   1.2430000e+03  -1.7405249e+03  -2.2736463e+04
   1.2440000e+03  -6.0902760e+03  -1.9881430e+04
   1.2450000e+03   1.6921787e+03   1.7806870e+03
   1.2460000e+03   5.8565133e+03   9.0067411e+03
   1.2470000e+03  -4.2937762e+02  -4.2039980e+03
   1.2480000e+03  -4.8597096e+03  -1.2382314e+04
   1.2490000e+03  -7.0998010e+03   6.3342792e+03
   1.2500000e+03  -1.0613657e+04   1.9530709e+04
   1.2510000e+03  -1.2112817e+04   2.3111689e+03
   1.2520000e+03  -6.1910761e+03  -1.0486245e+04
   1.2530000e+03  -9.0187247e+02  -8.1508771e+03
   1.2540000e+03   5.6448038e+03   9.6232032e+03
   1.2550000e+03   1.2999904e+04   2.4757625e+04
   1.2560000e+03   5.9214043e+03   5.2559084e+03
   1.2570000e+03  -6.3811885e+03  -1.3625626e+04
   1.2580000e+03  -1.1528166e+04  -6.5820074e+03
   1.2590000e+03  -4.9871794e+03   6.8551924e+03
   1.2600000e+03   9.2250444e+03   1.1700109e+04
   1.2610000e+03   9.9492007e+03   1.7915536e+03
   1.2620000e+03  -5.9449952e+03  -1.0544605e+04
   1.2630000e+03  -1.8209774e+04  -1.4892083e+04
   1.2640000e+03  -8.7125619e+03  -2.9941587e+03
   1.2650000e+03   5.3696143e+03   1.3679108e+04
   1.2660000e+03   6.7127914e+03   1.1962777e+04
   1.2670000e+03   8.2341633e+03  -1.3064627e+03
   1.2680000e+03   6.3196976e+02  -1.9181942e+04
   1.2690000e+03  -7.8596197e+03  -1.7763234e+04
   1.2700000e+03   2.1362434e+03   1.1472268e+04
   1.2710000e+03   8.1312707e+03   2.1411788e+04
   1.2720000e+03   7.4839169e+03   1.4032259e+03
   1.2730000e+03   5.6239030e+03  -1.6324954e+04
   1.2740000e+03  -6.3774703e+02  -1.3488148e+04
   1.2750000e+03   1.1587407e+03  -1.0930011e+03
   1.2760000e+03   6.1710508e+03   6.4964621e+03
   1.2770000e+03   2.2014175e+03   1.2661470e+04
   1.2780000e+03  -5.5066904e+03   8.0829804e+03
   1.2790000e+03   5.9085968e+02  -1.9280081e+03
   1.2800000e+03   1.8060454e+04   1.8279687e+03
   1.2810000e+03   2.2994391e+04   1.4189497e+04
   1.2820000e+03   1.1017908e+04   1.6196746e+04
   1.2830000e+03  -9.4214260e+03  -3.3513058e+03
   1.2840000e+03  -1.6827230e+04  -1.2404731e+04
   1.2850000e+03  -1.1113849e+03   5.6083091e+03
   1.2860000e+03   1.3783652e+04   1.6785086e+04
   1.2870000e+03   1.2428935e+04   4.1223562e+03
   1.2880000e+03  -1.2323490e+03  -1.6048323e+04
   1.2890000e+03  -4.5274324e+03  -4.9894305e+03
   1.2900000e+03   2.9622077e+03   2.0620479e+04
   1.2910000e+03  -3.9027990e+03   1.2278985e+04
   1.2920000e+03  -1.0298855e+04  -2.2763050e+03
   1.2930000e+03  -4.1919244e+03   4.2437400e+02
   1.2940000e+03   5.3150804e+03   9.3795950e+03
   1.2950000e+03   1.3367631e+04   1.3412147e+04
   1.2960000e+03   1.1673979e+04   6.6524880e+01
   1.2970000e+03   1.0499520e+04  -7.7062978e+03
   1.2980000e+03   9.9467558e+03  -2.3330390e+02
   1.2990000e+03  -2.0822888e+02   6.8602476e+03
   1.3000000e+03  -6.1056921e+03   9.7267568e+03
   1.3010000e+03   1.6266545e+03   2.7772960e+03
   1.3020000e+03   1.4654719e+04  -7.6738806e+03
   1.3030000e+03   1.6220928e+04  -1.0207022e+04
   1.3040000e+03   4.8673893e+03   1.9978814e+03
   1.3050000e+03  -1.1259555e+04   1.3655309e+04
   1.3060000e+03  -2.4611030e+04  -1.5936239e+03
   1.3070000e+03  -1.5960089e+04  -2.1868303e+04
   1.3080000e+03   2.2184412e+03  -1.4223467e+04
   1.3090000e+03   6.2793592e+02   1.1721451e+04
   1.3100000e+03  -1.1744453e+04   1.9764113e+04
   1.3110000e+03  -9.8845349e+03   1.0423479e+03
   1.3120000e+03   5.1934101e+03  -1.5761891e+04
   1.3130000e+03   4.7290355e+03  -1.7754193e+04
   1.3140000e+03  -1.0097840e+04  -4.3477453e+03
   1.3150000e+03  -1.3352331e+04   6.2404906e+03
   1.3160000e+03  -2.5498486e+03  -5.8923462e+03
   1.3170000e+03   6.6253690e+03  -1.5515072e+04
   1.3180000e+03  -6.3534936e+03  -6.8414767e+03
   1.3190000e+03  -2.1586467e+04   6.3136506e+03
   1.3200000e+03  -1.0250727e+04   3.5750574e+03
   1.3210000e+03   3.6238939e+03  -1.7258937e+04
   1.3220000e+03   2.6764513e+03  -2.3904673e+04
   1.3230000e+03  -2.7020706e+03  -5.4957164e+03
   1.3240000e+03  -4.3484849e+03   1.5445186e+04
   1.3250000e+03  -3.5703862e+03   1.0022008e+04
   1.3260000e+03  -3.1756521e+03  -1.7297290e+04
   1.3270000e+03  -3.3902786e+02  -2.3495987e+04
   1.3280000e+03  -7.6486957e+02  -2.7599092e+03
   1.3290000e+03  -4.4667841e+02   1.4793925e+04
   1.3300000e+03  -1.1813623e+02   4.8537117e+03
   1.3310000e+03  -7.6543359e+03  -1.6613180e+04
   1.3320000e+03  -6.3961996e+03  -1.0771828e+04
   1.3330000e+03   3.9013202e+02   4.6754200e+03
   1.3340000e+03   3.6121489e+03   9.3803484e+02
   1.3350000e+03   7.4212803e+03  -1.2510299e+04
   1.3360000e+03  -2.9634950e+03  -1.0677766e+04
   1.3370000e+03  -1.8718354e+04   1.3546894e+04
   1.3380000e+03  -9.1253561e+03   2.1435471e+04
   1.3390000e+03   2.3989098e+04   4.5475658e+03
   1.3400000e+03   3.4955773e+04  -5.9273033e+03
   1.3410000e+03  -1.2420045e+03   4.6352230e+01
   1.3420000e+03  -2.9372280e+04   1.2087398e+04
   1.3430000e+03  -8.8074457e+03   8.3108814e+03
   1.3440000e+03   1.8146001e+04   7.2608420e+02
   1.3450000e+03   8.7462350e+03   2.9353078e+03
   1.3460000e+03  -1.3465515e+04  -6.1525222e+02
   1.3470000e+03  -1.0857342e+04  -4.0535623e+03
   1.3480000e+03   5.0617555e+03  -6.3611485e+03
   1.3490000e+03   1.4554110e+04  -3.8421211e+03
   1.3500000e+03   8.0254454e+03   9.0221963e+03
   1.3510000e+03  -5.0329812e+03   1.0339239e+04
   1.3520000e+03   4.0896590e+03  -9.9154304e+02
   1.3530000e+03   1.4495845e+04  -8.6782058e+03
   1.3540000e+03   6.8852880e+03  -4.8132410e+03
   1.3550000e+03   2.1703351e+03   5.7816940e+03
   1.3560000e+03   9.7405950e+02   1.2601294e+04
   1.3570000e+03   2.0588130e+03   1.1699896e+04
   1.3580000e+03   3.4231941e+02   6.2282494e+02
   1.3590000e+03  -1.1561916e+04  -2.2902628e+03
   1.3600000e+03  -1.5561441e+04   7.8546535e+03
   1.3610000e+03  -1.5800037e+03   1.1033512e+04
   1.3620000e+03   1.6830332e+04   1.1936947e+03
   1.3630000e+03   1.8631372e+04  -1.6839582e+04
   1.3640000e+03   1.3121934e+03  -1.1416694e+04
   1.3650000e+03  -1.1207339e+04   1.8152749e+04
   1.3660000e+03   5.6683098e+03   2.3944902e+04
   1.3670000e+03   3.0748918e+04   3.0820209e+03
   1.3680000e+03   1.6166090e+04  -1.5438526e+04
   1.3690000e+03  -1.1514576e+04  -8.2277764e+03
   1.3700000e+03  -7.1482192e+03   1.9170032e+04
   1.3710000e+03   8.9632610e+03   2.8938864e+04
   1.3720000e+03   1.6195877e+04   6.8836501e+03
   1.3730000e+03   5.8710019e+03  -1.9601980e+04
   1.3740000e+03  -1.4728906e+04  -1.1358127e+04
   1.3750000e+03  -1.8469916e+04   1.4918654e+04
   1.3760000e+03  -3.9162614e+02   1.7753285e+04
   1.3770000e+03   1.9699119e+04   2.8003986e+03
   1.3780000e+03   7.5663845e+03  -1.2027139e+04
   1.3790000e+03  -2.5451368e+04  -9.7267293e+03
   1.3800000e+03  -2.3467851e+04  -5.8067429e+01
   1.3810000e+03   1.0149596e+04  -1.0990067e+03
   1.3820000e+03   1.9947508e+04   1.2757656e+03
   1.3830000e+03  -5.2436761e+03   1.8407967e+03
   1.3840000e+03  -1.4085221e+04  -1.5977713e+03
   1.3850000e+03   2.8310812e+03  -6.1538771e+03
   1.3860000e+03   6.3469933e+02  -1.2470503e+04
   1.3870000e+03  -1.3174613e+04  -2.5354600e+02
   1.3880000e+03  -1.0039812e+04   1.1247923e+04
   1.3890000e+03   3.1910395e+03   4.2298717e+02
   1.3900000e+03   9.6877879e+03  -1.5730386e+04
   1.3910000e+03   5.2807463e+02  -1.7511225e+04
   1.3920000e+03  -1.3165297e+04   7.2396769e+03
   1.3930000e+03  -1.1847814e+04   2.1210966e+04
   1.3940000e+03   7.8540625e+03  -2.4772531e+03
   1.3950000e+03   1.7407647e+04  -2.4398871e+04
   1.3960000e+03   2.3089351e+02  -1.2671413e+04
   1.3970000e+03  -1.6177312e+04   1.6144450e+04
   1.3980000e+03  -1.1737214e+04   1.8440005e+04
   1.3990000e+03   8.7989084e+03  -5.3379808e+03
   1.4000000e+03   1.4396106e+04  -1.7018068e+04
   1.4010000e+03  -4.4257930e+03  -7.9307042e+03
   1.4020000e+03  -8.2407116e+03   1.7854228e+03
   1.4030000e+03  -1.8649225e+03  -6.9973871e+03
   1.4040000e+03  -5.1833879e+03  -1.3230923e+04
   1.4050000e+03  -1.2021068e+03  -2.4233012e+02
   1.4060000e+03   5.7906955e+03   7.3356199e+03
   1.4070000e+03  -1.8424367e+03  -2.3381427e+03
   1.4080000e+03  -1.8509525e+04  -1.3629982e+04
   1.4090000e+03  -1.4982588e+04  -2.7640615e+03
   1.4100000e+03   5.2557801e+03   1.0112534e+04
   1.4110000e+03   7.3749222e+03  -5.5794843e+03
   1.4120000e+03  -3.1454489e+03  -1.8263409e+04
   1.4130000e+03  -1.2837502e+04  -3.0629658e+03
   1.4140000e+03  -1.1608305e+04   1.6547861e+04
   1.4150000e+03   6.2014529e+03   4.5200063e+03
   1.4160000e+03   1.0527158e+04  -2.2537871e+04
   1.4170000e+03  -3.2629750e+03  -1.3788744e+04
   1.4180000e+03  -3.5009661e+03   9.9724901e+03
   1.4190000e+03   1.3211373e+04   9.5578741e+03
   1.4200000e+03   1.2729251e+04  -1.0997761e+04
   1.4210000e+03  -8.2765125e+03  -2.2073150e+04
   1.4220000e+03  -9.3142447e+03  -7.8707833e+02
   1.4230000e+03   3.5437553e+03   1.6867267e+04
   1.4240000e+03   5.7855966e+03   8.0422187e+03
   1.4250000e+03   5.3455367e+03  -8.5881602e+03
   1.4260000e+03   2.6623285e+02  -1.5724540e+04
   1.4270000e+03  -7.9757378e+03   1.3308013e+03
   1.4280000e+03  -7.6664028e+03   1.6325473e+04
   1.4290000e+03  -2.9490821e+02   1.1620777e+04
   1.4300000e+03  -1.0478303e+03   4.8162557e+03
   1.4310000e+03  -7.2512647e+03  -1.3556826e+03
   1.4320000e+03   5.2470037e+03  -4.2961114e+03
   1.4330000e+03   1.8418193e+04  -4.1716455e+03
   1.4340000e+03   6.7433413e+03   4.2295065e+03
   1.4350000e+03  -5.6469493e+03   1.7273712e+04
   1.4360000e+03   1.6502832e+03   1.4265293e+04
   1.4370000e+03   1.1808210e+04   3.4030158e+03
   1.4380000e+03   7.0435620e+03  -1.3876313e+03
   1.4390000e+03   2.3169520e+03   1.8320683e+03
   1.4400000e+03   2.7785711e+03   3.3735877e+03
   1.4410000e+03  -3.1123793e+03   1.0206032e+03
   1.4420000e+03  -5.6218960e+03   1.1014179e+04
   1.4430000e+03  -3.3477682e+03   1.7253305e+04
   1.4440000e+03   1.4351139e+03   7.3000740e+03
   1.4450000e+03   4.0196731e+03  -2.6649085e+03
   1.4460000e+03  -1.2781494e+03  -3.1840643e+02
   1.4470000e+03   7.0893855e+03   1.2540517e+04
   1.4480000e+03   2.2378229e+04   1.2191302e+04
   1.4490000e+03   1.5008972e+04   5.6094635e+03
   1.4500000e+03  -7.2546853e+03   8.2916537e+03
   1.4510000e+03  -1.3779765e+04   6.4318371e+03
   1.4520000e+03   7.8670124e+03   2.5292240e+03
   1.4530000e+03   2.3891433e+04  -5.3748660e+03
   1.4540000e+03   6.0711704e+03  -1.3286081e+04
   1.4550000e+03  -2.2656961e+04  -4.8869175e+03
   1.4560000e+03  -1.9601344e+04   9.2700077e+03
   1.4570000e+03   1.4398347e+04   1.0140547e+04
   1.4580000e+03   1.9894371e+04  -5.6402149e+03
   1.4590000e+03  -9.1104530e+03  -1.1538632e+04
   1.4600000e+03  -1.9890294e+04  -1.5338251e+03
   1.4610000e+03  -5.2242678e+03  -7.5439508e+02
   1.4620000e+03   1.0813817e+04  -2.8565292e+03
   1.4630000e+03   1.2547174e+04   3.9650703e+03
   1.4640000e+03   4.6294851e+03   1.3670202e+04
   1.4650000e+03  -7.2260432e+03   7.4873459e+03
   1.4660000e+03  -1.8044052e+04  -1.1571845e+04
   1.4670000e+03  -6.8521416e+03  -9.0618806e+03
   1.4680000e+03   1.2952731e+04   4.0239634e+03
   1.4690000e+03   1.2785772e+04   1.3153839e+03
   1.4700000e+03  -3.7553520e+03  -7.1381651e+03
   1.4710000e+03  -1.5989438e+04  -3.9532987e+03
   1.4720000e+03  -7.3274948e+03   7.3964478e+03
   1.4730000e+03   5.7910199e+03   1.3887095e+03
   1.4740000e+03   7.7709659e+03  -1.6452570e+04
   1.4750000e+03   1.8607614e+03  -2.1987210e+04
   1.4760000e+03  -8.1325523e+03  -7.4480686e+03
   1.4770000e+03  -6.5893189e+03   1.0127119e+04
   1.4780000e+03   4.2806750e+03  -1.3002308e+03
   1.4790000e+03   7.9430169e+03  -1.6214962e+04
   1.4800000e+03  -4.0238650e+03  -1.0962460e+04
   1.4810000e+03  -2.1594518e+04  -5.7106672e+03
   1.4820000e+03  -1.6184875e+04   3.8043698e+02
   1.4830000e+03  -1.1579736e+02  -3.3684726e+03
   1.4840000e+03  -1.3611399e+02  -1.6510286e+04
   1.4850000e+03  -5.7691788e+03  -1.8977606e+04
   1.4860000e+03  -3.2835856e+03  -1.2260079e+04
   1.4870000e+03   7.4089766e+02  -1.1565080e+02
   1.4880000e+03  -9.5846033e+03   2.5703745e+03
   1.4890000e+03  -1.7181839e+04  -2.4089722e+03
   1.4900000e+03  -2.0553078e+03  -7.9821380e+03
   1.4910000e+03   1.5937300e+04  -1.4331690e+04
   1.4920000e+03   1.6801002e+04   2.9454913e+03
   1.4930000e+03  -1.7979744e+03   2.3420126e+04
   1.4940000e+03  -1.1493984e+04   1.2256193e+04
   1.4950000e+03   2.8465223e+03  -6.9723122e+03
   1.4960000e+03   1.0230749e+04  -4.7482773e+03
   1.4970000e+03  -9.1438329e+02   1.1977349e+04
   1.4980000e+03  -1.4291567e+04   1.0226369e+04
   1.4990000e+03  -5.2544163e+03  -3.7807717e+03
   1.5000000e+03   1.5634235e+04  -4.3335028e+03
   1.5010000e+03   6.9427157e+03  -3.9742278e+02
   1.5020000e+03  -1.2923039e+04   2.5119285e+03
   1.5030000e+03  -1.3142244e+04  -1.3266410e+03
   1.5040000e+03  -4.6602048e+03  -1.1272001e+04
   1.5050000e+03   8.8922200e+02  -8.1784855e+03
   1.5060000e+03   2.7525651e+03   1.0306249e+04
   1.5070000e+03   8.5145987e+03   1.9073686e+04
   1.5080000e+03   1.2065682e+04   1.7974804e+03
   1.5090000e+03   5.8699627e+03  -7.2222934e+03
   1.5100000e+03  -2.0766486e+03   6.6635917e+03
   1.5110000e+03  -3.7505689e+03   1.2642134e+04
   1.5120000e+03   5.6446362e+03   6.0096754e+03
   1.5130000e+03   1.0492653e+04  -1.4309247e+03
   1.5140000e+03   3.2677810e+03  -4.3280469e+01
   1.5150000e+03  -1.0735704e+03   1.5369308e+03
   1.5160000e+03   1.2102017e+03  -1.2217209e+03
   1.5170000e+03   5.4861656e+03   6.8084120e+03
   1.5180000e+03   1.9076408e+03   8.7477519e+03
   1.5190000e+03  -2.9385917e+03   2.4125977e+02
   1.5200000e+03   2.3937196e+03  -6.6335067e+02
   1.5210000e+03   2.7862739e+03   7.8387122e+03
   1.5220000e+03  -2.9768937e+03   1.8363419e+04
   1.5230000e+03   2.6057867e+03   1.0327967e+04
   1.5240000e+03   1.2425993e+04  -2.9928311e+02
   1.5250000e+03   2.7722724e+02   7.0006409e+03
   1.5260000e+03  -1.3736889e+04   1.3589432e+04
   1.5270000e+03   3.7450638e+03   1.4964749e+04
   1.5280000e+03   1.1823408e+04   5.8648022e+03
   1.5290000e+03  -6.7971603e+03  -7.3087750e+03
   1.5300000e+03  -1.1600891e+04  -4.4888433e+03
   1.5310000e+03  -2.4457039e+03   4.4860797e+03
   1.5320000e+03   5.9566735e+03  -1.5908846e+03
   1.5330000e+03   7.7616628e+03  -1.8405140e+04
   1.5340000e+03   1.5061698e+03  -7.6104354e+03
   1.5350000e+03   2.9233921e+03   1.4331210e+04
   1.5360000e+03   1.2170642e+04   2.4250260e+01
   1.5370000e+03   8.9097925e+03  -1.7012821e+04
   1.5380000e+03  -4.8975181e+03  -5.7400178e+03
   1.5390000e+03  -3.7955926e+03   1.3480562e+04
   1.5400000e+03   6.4001388e+03   1.3696193e+04
   1.5410000e+03   9.0977404e+03  -3.0391031e+03
   1.5420000e+03   7.0725241e+03  -5.5085994e+03
   1.5430000e+03  -1.0725846e+03  -2.7480097e+03
   1.5440000e+03   2.1012902e+03  -3.4344062e+03
   1.5450000e+03   9.9494607e+03   6.0615390e+03
   1.5460000e+03  -2.5634712e+03   8.3647530e+03
   1.5470000e+03  -5.9681951e+03  -4.2944060e+03
   1.5480000e+03   6.0959149e+03  -1.1277102e+04
   1.5490000e+03   7.3283307e+03   3.5312125e+03
   1.5500000e+03  -5.6406767e+03   1.3305104e+04
   1.5510000e+03  -2.3171991e+04  -7.6339101e+03
   1.5520000e+03  -1.9617575e+04  -2.3525798e+04
   1.5530000e+03   1.3533243e+03  -9.4563964e+03
   1.5540000e+03   8.8813430e+03   1.3162010e+04
   1.5550000e+03  -5.8817337e+03   6.3843043e+03
   1.5560000e+03  -2.3255096e+04  -2.5251984e+04
   1.5570000e+03  -1.1193997e+04  -2.9580854e+04
   1.5580000e+03   1.4997716e+04  -5.3668595e+03
   1.5590000e+03   1.4736156e+04   1.4994961e+04
   1.5600000e+03  -1.0274943e+04   8.6797079e+03
   1.5610000e+03  -1.9469045e+04  -2.0332585e+04
   1.5620000e+03   6.8907529e+03  -2.5394550e+04
   1.5630000e+03   1.8644850e+04  -3.7457698e+02
   1.5640000e+03  -6.8091887e+03   1.7535705e+04
   1.5650000e+03  -2.3933314e+04   5.1922200e+03
   1.5660000e+03  -1.3033941e+04  -1.8839793e+04
   1.5670000e+03   6.6193244e+03  -1.3752859e+04
   1.5680000e+03   6.7379426e+03   3.5613522e+03
   1.5690000e+03  -6.7385880e+03   2.2596580e+03
   1.5700000e+03  -1.0922801e+04  -1.1850698e+04
   1.5710000e+03  -9.8984910e+03  -1.6497221e+04
   1.5720000e+03  -3.3014589e+02   1.8110295e+03
   1.5730000e+03   9.9348675e+03   9.2068813e+03
   1.5740000e+03   6.4369410e+03  -2.1178388e+03
   1.5750000e+03  -1.7026591e+02  -2.9259366e+03
   1.5760000e+03  -5.6571378e+03   4.3078460e+03
   1.5770000e+03  -7.4652379e+03   9.2783778e+03
   1.5780000e+03  -3.4462870e+03   2.3881531e+03
   1.5790000e+03   3.8436717e+03  -4.5516926e+03
   1.5800000e+03   8.9517654e+03   3.5142352e+03
   1.5810000e+03   9.7366736e+02   1.0663856e+04
   1.5820000e+03  -1.3975164e+04   8.5220298e+03
   1.5830000e+03  -2.0278394e+04  -2.5129891e+03
   1.5840000e+03  -4.2298431e+03  -4.7927859e+03
   1.5850000e+03   2.0866163e+04   7.3049083e+03
   1.5860000e+03   1.8865961e+04   5.0888346e+03
   1.5870000e+03  -2.8089685e+03  -7.3840756e+03
   1.5880000e+03  -1.1624712e+04  -5.2136939e+03
   1.5890000e+03  -4.5003311e+02   9.8356634e+03
   1.5900000e+03   9.5634990e+03   1.1409388e+04
   1.5910000e+03   3.1427461e+03  -1.0250771e+03
   1.5920000e+03  -1.7790404e+03   1.1029388e+03
   1.5930000e+03   2.1593472e+03   1.0228343e+04
   1.5940000e+03   6.9139965e+03   1.1612553e+04
   1.5950000e+03   8.4085271e+03   7.3619818e+02
   1.5960000e+03   5.4506625e+03  -1.4874759e+04
   1.5970000e+03   6.3141828e+03  -8.0708242e+03
   1.5980000e+03   5.0558549e+03   1.0701619e+04
   1.5990000e+03   2.0804096e+03   1.9732177e+04
   1.6000000e+03   9.2574676e+03   1.1134106e+04
   1.6010000e+03   1.1190026e+04  -5.5573208e+03
   1.6020000e+03  -2.0805637e+03  -1.4020209e+03
   1.6030000e+03  -9.2525129e+03   8.6639794e+03
   1.6040000e+03   4.4274293e+03   7.7033726e+03
   1.6050000e+03   1.0030030e+04   6.8545573e+03
   1.6060000e+03  -7.0681036e+03   1.0265930e+04
   1.6070000e+03  -9.0452876e+03   1.5451550e+04
   1.6080000e+03   8.8065989e+03   4.1514369e+03
   1.6090000e+03   1.7315697e+04  -1.2602424e+04
   1.6100000e+03   3.3383525e+03  -1.5067727e+04
   1.6110000e+03  -1.6570526e+04  -5.2035669e+03
   1.6120000e+03  -3.2475220e+03   2.0139086e+04
   1.6130000e+03   2.9011273e+04   2.6175795e+04
   1.6140000e+03   3.0973786e+04  -4.3008933e+02
   1.6150000e+03  -3.2877408e+03  -1.6699713e+04
   1.6160000e+03  -3.3792105e+04  -7.2533524e+03
   1.6170000e+03  -1.3332877e+04   8.4185576e+03
   1.6180000e+03   3.1667884e+04   3.3399580e+03
   1.6190000e+03   3.1553211e+04  -8.5033613e+03
   1.6200000e+03  -1.2773685e+04  -2.6522542e+03
   1.6210000e+03  -3.9680150e+04   4.2505633e+03
   1.6220000e+03  -1.9051378e+04   2.2492078e+03
   1.6230000e+03   1.2292911e+04  -6.8989206e+03
   1.6240000e+03   1.6113470e+04  -8.3682674e+03
   1.6250000e+03  -6.1124060e+03   2.6437426e+03
   1.6260000e+03  -2.5627671e+04   5.0856288e+03
   1.6270000e+03  -1.9004864e+04  -1.1865394e+03
   1.6280000e+03  -1.6385935e+03  -9.9741563e+03
   1.6290000e+03   1.1138158e+04  -8.5257884e+03
   1.6300000e+03   7.2671859e+03   2.5204438e+03
   1.6310000e+03  -1.2917656e+04  -1.0954406e+03
   1.6320000e+03  -8.3433580e+03  -7.9264690e+03
   1.6330000e+03   1.5095824e+04  -7.7909463e+03
   1.6340000e+03   1.2916859e+04  -1.1348836e+04
   1.6350000e+03  -8.8522052e+03  -1.4268153e+04
   1.6360000e+03  -1.5549270e+04  -8.2937850e+03
   1.6370000e+03   2.3222125e+03  -1.8599158e+03
   1.6380000e+03   1.0708877e+04  -6.9992354e+03
   1.6390000e+03  -5.0825761e+03  -3.0165910e+03
   1.6400000e+03  -1.6006100e+04   7.6180590e+03
   1.6410000e+03  -1.0536482e+04   1.8614335e+03
   1.6420000e+03  -3.1021402e+03   1.3238465e+03
   1.6430000e+03  -4.8475769e+03   5.9602852e+03
   1.6440000e+03  -4.8148992e+03  -2.2159569e+03
   1.6450000e+03  -6.3328600e+01  -1.1550391e+04
   1.6460000e+03   8.9147648e+02  -6.4321752e+03
   1.6470000e+03   5.6115678e+03   8.7361586e+03
   1.6480000e+03   6.6198941e+03   3.3589598e+03
   1.6490000e+03  -1.1988527e+03  -1.8122105e+04
   1.6500000e+03  -5.3490481e+03  -2.6335877e+04
   1.6510000e+03   5.0343171e+02  -1.7619993e+04
   1.6520000e+03   1.2042369e+04   1.3263527e+03
   1.6530000e+03   7.4462679e+03   9.0540300e+03
   1.6540000e+03  -5.0039570e+03   1.7449115e+03
   1.6550000e+03  -2.9386907e+03  -8.7805535e+03
   1.6560000e+03   1.5397626e+03  -1.0871539e+04
   1.6570000e+03   1.8248794e+03   7.2690649e+03
   1.6580000e+03  -6.2726393e+03   1.3190503e+04
   1.6590000e+03  -1.4953626e+04  -2.1251786e+03
   1.6600000e+03  -1.9243981e+03  -2.7222459e+03
   1.6610000e+03   1.9425396e+04   1.3543850e+04
   1.6620000e+03   1.5226582e+04   2.2845942e+04
   1.6630000e+03  -1.9024020e+04   1.9212698e+03
   1.6640000e+03  -2.9864447e+04  -2.3830414e+04
   1.6650000e+03   7.4654111e+03  -9.7437511e+03
   1.6660000e+03   2.9899721e+04   2.2334475e+04
   1.6670000e+03   7.1380261e+03   2.4655423e+04
   1.6680000e+03  -1.9791763e+04  -1.3409033e+03
   1.6690000e+03  -1.4819209e+04  -6.9924866e+03
   1.6700000e+03   6.7188134e+03   7.3644842e+03
   1.6710000e+03   8.8126764e+03   3.1778365e+03
   1.6720000e+03   5.9070151e+02  -2.8900303e+03
   1.6730000e+03   1.3813210e+03   4.2541991e+03
   1.6740000e+03   5.7127122e+03   1.3305849e+04
   1.6750000e+03   7.3971377e+03   1.4190238e+04
   1.6760000e+03   6.6629969e+03   4.2645425e+02
   1.6770000e+03   4.2493236e+03  -8.7596806e+03
   1.6780000e+03  -3.3569607e+03   1.6935047e+03
   1.6790000e+03  -5.0514749e+03   1.8692193e+04
   1.6800000e+03   2.7959708e+03   1.5964708e+04
   1.6810000e+03   6.4673692e+03   3.7112374e+02
   1.6820000e+03   2.9664642e+03  -3.3537202e+02
   1.6830000e+03  -1.1805594e+04  -2.5929491e+02
   1.6840000e+03  -1.5765680e+04  -2.2642508e+03
   1.6850000e+03   8.3347508e+03   2.2766207e+03
   1.6860000e+03   2.1138067e+04   2.3200131e+02
   1.6870000e+03   5.9425739e+03  -4.2898628e+03
   1.6880000e+03  -7.3850547e+03  -2.9110629e+03
   1.6890000e+03   4.4758007e+03   8.4131002e+03
   1.6900000e+03   2.1389333e+04   1.1765865e+04
   1.6910000e+03   6.5079411e+03  -6.4039545e+02
   1.6920000e+03  -1.8036868e+04   5.4232680e+02
   1.6930000e+03  -1.0466294e+04   5.5111960e+03
   1.6940000e+03   1.6338960e+04   4.5359584e+03
   1.6950000e+03   1.7432306e+04   6.4064548e+03
   1.6960000e+03  -1.1536800e+04   2.1245730e+03
   1.6970000e+03  -2.4366946e+04  -1.0978464e+02
   1.6980000e+03  -4.0308537e+03  -2.1919084e+03
   1.6990000e+03   2.0065436e+04  -6.6818061e+03
   1.7000000e+03   1.5650327e+04  -7.0723358e+03
   1.7010000e+03  -7.2347600e+03  -6.5255979e+03
   1.7020000e+03  -9.1384880e+03   1.0006380e+03
   1.7030000e+03   3.3285526e+03  -3.9424125e+02
   1.7040000e+03   8.0050184e+03  -1.4338259e+04
   1.7050000e+03   6.3530801e+03  -1.3246194e+04
   1.7060000e+03   3.0525959e+03   4.6683050e+03
   1.7070000e+03   1.7296357e+03   1.8380372e+04
   1.7080000e+03  -6.4089890e+03   3.6745063e+03
   1.7090000e+03  -9.5202283e+03  -2.2393006e+04
   1.7100000e+03   2.2106121e+03  -2.1793223e+04
   1.7110000e+03   2.0614773e+03   2.0319230e+03
   1.7120000e+03  -8.5847303e+03   1.9803604e+04
   1.7130000e+03  -8.0154650e+03   7.3645107e+03
   1.7140000e+03   6.6307179e+03  -1.5179057e+04
   1.7150000e+03   1.4259330e+04  -2.2332176e+04
   1.7160000e+03  -2.2154415e+03  -2.0804558e+04
   1.7170000e+03  -1.5609277e+04  -9.7662105e+03
   1.7180000e+03  -8.9741346e+03   6.4552098e+03
   1.7190000e+03   4.5519338e+03   1.7281301e+04
   1.7200000e+03   7.0485192e+03   8.3331689e+03
   1.7210000e+03  -1.1473949e+04  -1.4631979e+04
   1.7220000e+03  -2.3076997e+04  -1.5206092e+04
   1.7230000e+03  -1.2683452e+04   2.2481273e+03
   1.7240000e+03  -2.1754808e+03   1.4677804e+04
   1.7250000e+03  -7.5322532e+02   7.2497522e+03
   1.7260000e+03  -1.0516044e+03  -1.6023702e+04
   1.7270000e+03   7.7203180e+02  -1.5638935e+04
   1.7280000e+03  -1.0990986e+03  -1.0707391e+03
   1.7290000e+03   9.8300650e+02  -4.7394786e+03
   1.7300000e+03   1.1213219e+04  -1.5382876e+04
   1.7310000e+03   1.4769901e+04  -1.4382429e+04
   1.7320000e+03   1.0839989e+04  -9.1177334e+02
   1.7330000e+03  -6.2227010e+01   3.1001026e+03
   1.7340000e+03  -1.0608743e+04   4.4332445e+02
   1.7350000e+03  -6.3854464e+03   7.6739508e+03
   1.7360000e+03   4.4864570e+02   1.4856846e+04
   1.7370000e+03  -5.9545011e+03   1.5577291e+04
   1.7380000e+03  -1.4486546e+04   4.8204534e+03
   1.7390000e+03  -4.7024260e+03  -4.0064415e+03
   1.7400000e+03   3.1663901e+03   8.2779862e+02
   1.7410000e+03  -1.0606010e+04   8.8500309e+02
   1.7420000e+03  -1.3555440e+04  -3.6758686e+03
   1.7430000e+03  -6.8226710e+02  -3.7894949e+03
   1.7440000e+03   1.8298069e+03   7.2549726e+02
   1.7450000e+03  -6.0598692e+03   1.8255123e+03
   1.7460000e+03  -6.6657879e+03  -2.8121043e+03
   1.7470000e+03   5.3969736e+03  -1.1028750e+03
   1.7480000e+03   6.9453508e+03  -6.9546472e+02
   1.7490000e+03  -6.1522778e+02   2.8148376e+03
   1.7500000e+03   1.0573983e+02   1.6369044e+04
   1.7510000e+03   1.7081569e+03   1.8528606e+04
   1.7520000e+03   5.6795594e+03   7.7758923e+03
   1.7530000e+03   7.9019538e+03  -2.0695497e+03
   1.7540000e+03   4.7585189e+03   1.5871992e+02
   1.7550000e+03   5.0384103e+03   9.8010019e+03
   1.7560000e+03   5.7069448e+03   1.1305627e+04
   1.7570000e+03   8.3616607e+03   4.4121737e+03
   1.7580000e+03   9.4998647e+03  -7.9263440e+03
   1.7590000e+03   4.3984175e+03  -1.2659428e+04
   1.7600000e+03  -2.4678619e+02  -6.8168298e+03
   1.7610000e+03   1.0508974e+03   1.0256171e+03
   1.7620000e+03   9.5311401e+03   9.9496339e+03
   1.7630000e+03   1.3840666e+04   9.1824057e+03
   1.7640000e+03   1.3005557e+04   1.9985908e+03
   1.7650000e+03   3.1961850e+03  -8.3261426e+03
   1.7660000e+03  -1.7663277e+04  -9.9930658e+03
   1.7670000e+03  -1.2430232e+04   1.4224015e+04
   1.7680000e+03   1.6970854e+04   2.6700494e+04
   1.7690000e+03   2.1901593e+04   1.3856493e+04
   1.7700000e+03  -6.7973071e+03  -4.7672202e+02
   1.7710000e+03  -3.0470068e+04  -9.8525823e+03
   1.7720000e+03  -1.1272421e+04  -1.7720190e+03
   1.7730000e+03   2.3848265e+04   1.1908885e+04
   1.7740000e+03   2.4487129e+04   1.3585311e+04
   1.7750000e+03  -5.9283709e+03   1.5716815e+03
   1.7760000e+03  -2.3109924e+04  -1.4141089e+04
   1.7770000e+03   2.0159548e+02  -7.0568799e+03
   1.7780000e+03   2.4016198e+04   7.2653933e+03
   1.7790000e+03   9.5562538e+03   3.0042635e+03
   1.7800000e+03  -1.4003883e+04  -1.2635036e+04
   1.7810000e+03  -8.1004104e+03  -1.7491513e+04
   1.7820000e+03   1.5566573e+04   9.7204460e+02
   1.7830000e+03   1.2313781e+04   6.9857970e+03
   1.7840000e+03  -1.1272951e+04  -8.5868656e+03
   1.7850000e+03  -1.7878776e+04  -9.2041407e+03
   1.7860000e+03  -1.0593349e+04   7.7621993e+03
   1.7870000e+03   5.0462149e+03   1.5095585e+04
   1.7880000e+03   1.9310791e+04  -3.5025527e+03
   1.7890000e+03   8.1674961e+03  -1.4601860e+04
   1.7900000e+03  -2.1423450e+04  -2.1768922e+03
   1.7910000e+03  -2.8613782e+04   7.8694293e+02
   1.7920000e+03   4.0327743e+03  -3.8267407e+03
   1.7930000e+03   2.7170665e+04   4.1642240e+01
   1.7940000e+03   3.4148538e+03   1.0669259e+04
   1.7950000e+03  -3.0344676e+04   6.4164207e+03
   1.7960000e+03  -2.5000052e+04  -1.7716873e+04
   1.7970000e+03   1.1304443e+04  -1.9478914e+04
   1.7980000e+03   2.3795097e+04   3.5776829e+02
   1.7990000e+03   1.5089329e+03   7.4010498e+03
   1.8000000e+03  -1.9189505e+04  -4.6594145e+03
   1.8010000e+03  -1.6819768e+04  -2.0448787e+04
   1.8020000e+03   2.7770640e+03  -1.7102506e+04
   1.8030000e+03   1.0140780e+04  -8.6891580e+03
   1.8040000e+03   2.3456567e+03  -1.1786403e+04
   1.8050000e+03  -4.2912732e+03  -1.4675718e+04
   1.8060000e+03  -7.9683425e+03  -7.6613960e+03
   1.8070000e+03   1.3248108e+03   6.6140656e+03
   1.8080000e+03   8.3085005e+03   7.9663793e+03
   1.8090000e+03  -4.2287254e+03   3.3790748e+03
   1.8100000e+03  -1.2317180e+04   7.7096129e+03
   1.8110000e+03  -2.5021645e+03   1.0208969e+04
   1.8120000e+03   9.4854622e+03   8.8744906e+03
   1.8130000e+03   3.2161576e+03  -2.0673528e+03
   1.8140000e+03  -1.1666404e+04  -1.1206257e+04
   1.8150000e+03  -1.1368713e+04  -1.2175322e+03
   1.8160000e+03   8.3561183e+02   1.2298001e+04
   1.8170000e+03   6.7742993e+03   1.0279766e+04
   1.8180000e+03  -5.4587288e+03  -1.2248214e+04
   1.8190000e+03  -1.3193890e+04  -2.1609118e+04
   1.8200000e+03   1.6829590e+03  -4.2099570e+02
   1.8210000e+03   1.3307318e+04   1.2471692e+04
   1.8220000e+03   6.6716889e+03   2.2604784e+03
   1.8230000e+03  -8.6030242e+03  -1.1160320e+04
   1.8240000e+03  -1.0236280e+04  -4.5023276e+03
   1.8250000e+03   7.9455148e+03   1.0547570e+04
   1.8260000e+03   1.9871359e+04   5.7756457e+03
   1.8270000e+03   1.1864337e+04  -1.7313354e+02
   1.8280000e+03  -9.4860327e+03   5.9081716e+03
   1.8290000e+03  -1.8077928e+04   9.1169949e+03
   1.8300000e+03  -4.2491343e+03   4.5954179e+03
   1.8310000e+03   1.5585219e+03   2.3693933e+03
   1.8320000e+03  -6.4350264e+03   5.9668945e+03
   1.8330000e+03  -9.9340190e+03   3.5719543e+03
   1.8340000e+03  -4.3542440e+01   6.4227506e+03
   1.8350000e+03   1.2914765e+04   1.5092951e+04
   1.8360000e+03   1.0607351e+04   9.7248748e+03
   1.8370000e+03   8.4243691e+02  -3.9790500e+03
   1.8380000e+03  -4.9103939e+03  -1.1903829e+04
   1.8390000e+03   1.9414236e+03   3.7920230e+03
   1.8400000e+03   2.0099947e+04   2.1905871e+04
   1.8410000e+03   2.3198200e+04   9.5839416e+03
   1.8420000e+03   6.0307310e+03  -6.3676389e+03
   1.8430000e+03  -1.3491199e+04  -1.0376211e+04
   1.8440000e+03  -1.5307836e+04  -6.2177079e+03
   1.8450000e+03   2.9804685e+03   3.0727080e+03
   1.8460000e+03   1.1977576e+04   6.3278110e+03
   1.8470000e+03   2.3776460e+02   4.6664375e+03
   1.8480000e+03  -1.0381773e+04  -6.5073104e+03
   1.8490000e+03  -1.1230625e+03  -1.1252591e+04
   1.8500000e+03   1.4723028e+04   3.8209065e+03
   1.8510000e+03   1.4571553e+04   1.4079111e+04
   1.8520000e+03   3.8995069e+03   9.5321454e+03
   1.8530000e+03  -6.9026290e+03  -3.1300092e+03
   1.8540000e+03  -5.3672509e+03  -4.4835184e+03
   1.8550000e+03   1.2611201e+04   6.5111506e+03
   1.8560000e+03   2.2294518e+04   6.0454723e+03
   1.8570000e+03   1.1163836e+04   3.9860193e+03
   1.8580000e+03  -4.9965289e+03   1.3925209e+04
   1.8590000e+03  -6.2260235e+03   1.8571272e+04
   1.8600000e+03   1.7060963e+03  -3.8282881e+03
   1.8610000e+03   1.5578305e+03  -2.2627408e+04
   1.8620000e+03  -2.9789461e+02  -1.6505521e+03
   1.8630000e+03   3.3319149e+03   1.3601574e+04
   1.8640000e+03   5.1440701e+03   8.3310112e+02
   1.8650000e+03  -6.1333891e+03  -1.1043552e+04
   1.8660000e+03  -1.4039978e+04  -1.2431115e+04
   1.8670000e+03   1.1336080e+02  -6.3463846e+03
   1.8680000e+03   2.8084765e+03  -8.1043462e+03
   1.8690000e+03  -1.1374068e+04  -4.9399036e+03
   1.8700000e+03  -1.2122835e+04   3.1542130e+03
   1.8710000e+03  -5.4364507e+03  -1.2016545e+04
   1.8720000e+03   2.8768728e+03  -1.9828345e+04
   1.8730000e+03   9.4051624e+03  -3.3966356e+03
   1.8740000e+03   2.4402802e+03   5.9362017e+03
   1.8750000e+03  -1.1833648e+04  -4.8810561e+02
   1.8760000e+03  -1.3447958e+04  -6.0790394e+03
   1.8770000e+03  -1.5419561e+01  -1.2802390e+03
   1.8780000e+03   5.6740896e+03   2.8093161e+03
   1.8790000e+03   8.1647511e+03   8.2904128e+03
   1.8800000e+03   1.1383458e+04   7.0811320e+03
   1.8810000e+03  -3.1976366e+03  -6.9305324e+03
   1.8820000e+03  -1.7015909e+04  -7.4608931e+03
   1.8830000e+03  -1.2770525e+04  -6.5652964e+03
   1.8840000e+03   9.3400396e+02  -1.1580915e+04
   1.8850000e+03   9.0941728e+03  -2.4021592e+03
   1.8860000e+03  -2.2800772e+03   7.5179636e+03
   1.8870000e+03  -1.6408931e+04  -1.3769126e+02
   1.8880000e+03  -1.8044336e+04  -2.2462961e+04
   1.8890000e+03  -8.8538362e+03  -2.0964724e+04
   1.8900000e+03   3.2652623e+03   1.2765591e+04
   1.8910000e+03   1.4463455e+02   2.2720460e+04
   1.8920000e+03  -1.2199887e+04  -4.7668605e+03
   1.8930000e+03  -1.4346963e+04  -3.0571067e+04
   1.8940000e+03  -4.4146581e+03  -2.0677929e+04
   1.8950000e+03   3.2916647e+03   9.3883217e+03
   1.8960000e+03  -3.9401890e+02   1.4737145e+04
   1.8970000e+03  -4.6320427e+03  -1.2164297e+03
   1.8980000e+03  -6.5257290e+02  -7.0593037e+03
   1.8990000e+03   1.3245349e+04   4.8176882e+03
   1.9000000e+03   1.5319616e+04   7.4008782e+03
   1.9010000e+03  -7.2390081e+03  -2.4358655e+03
   1.9020000e+03  -1.2356871e+04   2.5945652e+03
   1.9030000e+03   8.6255971e+03   6.3714179e+03
   1.9040000e+03   1.6352599e+04   2.0651351e+03
   1.9050000e+03   4.9774857e+03   1.6020860e+03
   1.9060000e+03  -2.1916628e+03   6.9308650e+01
   1.9070000e+03   4.1012903e+03   1.8056903e+03
   1.9080000e+03   4.9337741e+03  -2.8357787e+03
   1.9090000e+03  -2.7253302e+03  -7.0460469e+03
   1.9100000e+03  -5.5045400e+02   5.9530853e+03
   1.9110000e+03   5.7100956e+03   2.1620409e+04
   1.9120000e+03  -1.9239100e+00   2.3587466e+04
   1.9130000e+03  -8.9308465e+03   5.4507127e+02
   1.9140000e+03  -1.9147878e+03  -1.5288292e+04
   1.9150000e+03   2.8311011e+03   4.9423711e+03
   1.9160000e+03  -6.1025934e+03   2.3008535e+04
   1.9170000e+03  -1.3301090e+03   1.6266138e+04
   1.9180000e+03   1.0228222e+04  -4.1174819e+02
   1.9190000e+03   1.1132439e+04  -7.6185932e+03
   1.9200000e+03   7.2759890e+03  -6.1017514e+03
   1.9210000e+03   7.2274851e+03  -6.0873165e+03
   1.9220000e+03   1.6758932e+04  -2.8575106e+02
   1.9230000e+03   1.6399523e+04   6.4193106e+03
   1.9240000e+03   5.0924177e+03   1.2429973e+04
   1.9250000e+03   1.2368725e+03   1.1647955e+04
   1.9260000e+03   9.3069690e+01  -4.4875019e+03
   1.9270000e+03   1.0305552e+03  -9.4843943e+03
   1.9280000e+03  -3.8171570e+03   2.3440675e+03
   1.9290000e+03  -1.3677059e+04   1.2973449e+04
   1.9300000e+03  -9.8856010e+03   1.1041011e+04
   1.9310000e+03   2.3645952e+03  -1.8182487e+03
   1.9320000e+03   1.1174194e+04  -6.2946439e+03
   1.9330000e+03   6.4050586e+03  -3.0084586e+03
   1.9340000e+03  -8.7153028e+03   1.9537232e+03
   1.9350000e+03  -1.3046239e+04   2.7279542e+03
   1.9360000e+03   1.8445528e+03  -2.6893802e+03
   1.9370000e+03   2.1107585e+04   5.2175305e+02
   1.9380000e+03   1.5086231e+04   6.5073157e+03
   1.9390000e+03  -7.4677619e+03   7.9701009e+03
   1.9400000e+03  -1.2546263e+04   2.9087573e+03
   1.9410000e+03  -1.1905011e+03  -5.0459870e+02
   1.9420000e+03   1.2574640e+04   6.7502031e+03
   1.9430000e+03   1.7225349e+04   1.1637783e+03
   1.9440000e+03   8.7286044e+03  -3.2981254e+03
   1.9450000e+03  -9.6237232e+03   6.6576567e+03
   1.9460000e+03  -2.3999887e+04   4.5057722e+03
   1.9470000e+03  -9.9500563e+03  -4.0479468e+03
   1.9480000e+03   1.5777675e+04  -1.5997499e+04
   1.9490000e+03   1.7040944e+04  -2.2892313e+04
   1.9500000e+03  -5.9401105e+03  -1.3814010e+04
   1.9510000e+03  -2.2479418e+04  -6.6681375e+03
   1.9520000e+03  -1.1873271e+04  -2.3695694e+03
   1.9530000e+03   3.1485016e+03  -5.1222746e+03
   1.9540000e+03   6.2268586e+03  -1.0952118e+04
   1.9550000e+03   9.5830957e+02  -6.0645100e+03
   1.9560000e+03  -6.0806010e+03   4.6430980e+02
   1.9570000e+03   1.2832199e+03   4.5874186e+03
   1.9580000e+03   3.8385063e+03   3.5214739e+02
   1.9590000e+03  -1.1554326e+04  -3.2909570e+03
   1.9600000e+03  -1.7888681e+04   4.9339251e+03
   1.9610000e+03  -1.2510287e+04   9.6741721e+03
   1.9620000e+03  -6.8127356e+03  -5.1435354e+02
   1.9630000e+03  -2.0918113e+03  -2.5083361e+04
   1.9640000e+03   3.6020519e+03  -2.7976844e+04
   1.9650000e+03   3.2407308e+03   3.7613841e+02
   1.9660000e+03  -1.1355259e+04   1.2327966e+04
   1.9670000e+03  -2.1850220e+04   3.4685816e+03
   1.9680000e+03  -1.1551909e+04  -7.3620921e+03
   1.9690000e+03   1.3593938e+04  -1.2842578e+04
   1.9700000e+03   2.1923436e+04  -6.8946541e+03
   1.9710000e+03  -4.6049786e+03   1.0773785e+03
   1.9720000e+03  -2.2314447e+04   1.7176667e+03
   1.9730000e+03  -4.9999434e+03  -2.1727621e+03
   1.9740000e+03   1.5347927e+04   5.6972000e+03
   1.9750000e+03   1.2576070e+04   1.3000339e+04
   1.9760000e+03  -4.3688889e+02  -4.9192880e+01
   1.9770000e+03  -2.2093170e+03  -1.2745214e+04
   1.9780000e+03   3.0701981e+02  -1.3045087e+04
   1.9790000e+03   3.3065455e+03   3.5149602e+03
   1.9800000e+03   3.1735458e+03   1.9788231e+04
   1.9810000e+03  -6.9905308e+03   6.1240975e+03
   1.9820000e+03  -6.0012415e+03  -1.5848340e+04
   1.9830000e+03   4.3354589e+03  -1.7587430e+04
   1.9840000e+03   3.9720021e+03   4.7849993e+03
   1.9850000e+03  -2.2261127e+03   2.0028874e+04
   1.9860000e+03  -5.7691782e+03   1.8665787e+03
   1.9870000e+03  -5.1888304e+03  -1.4121696e+04
   1.9880000e+03  -5.0923317e+03  -4.3340424e+03
   1.9890000e+03   4.0545046e+03   1.9130389e+04
   1.9900000e+03   2.0334372e+04   2.5478369e+04
   1.9910000e+03   1.7356816e+04   1.9573706e+03
   1.9920000e+03  -5.5102300e+02  -1.0767531e+04
   1.9930000e+03  -1.2337068e+04   1.4175452e+03
   1.9940000e+03  -4.0012591e+03   2.0442189e+04
   1.9950000e+03   1.1794186e+04   2.3695354e+04
   1.9960000e+03   6.2509847e+03   4.4554069e+03
   1.9970000e+03  -2.7363483e+03  -4.7187484e+03
   1.9980000e+03   3.1119761e+03  -4.9376343e+03
   1.9990000e+03   8.0826708e+03  -4.6081976e+03
   2.0000000e+03   4.6638982e+03   9.8739938e+03
