   1.0274000e+02   2.5123000e+01
   1.0312390e+02   2.8331500e+01
   0.0000000e+00   2.4816778e+04   2.4816778e+04
   1.0000000e+00   2.0660053e+05  -1.2639420e+05
   2.0000000e+00   6.1016262e+04  -2.5515173e+04
   3.0000000e+00  -1.9971894e+05   7.9363487e+04
   4.0000000e+00  -1.7790685e+05   1.5897823e+04
   5.0000000e+00   6.0908611e+04  -1.0440013e+05
   6.0000000e+00   1.8067147e+05  -1.0764814e+05
   7.0000000e+00   6.9445017e+04   8.3966674e+04
   8.0000000e+00  -4.4791251e+04   2.7689299e+05
   9.0000000e+00   1.8431960e+04   1.6924433e+05
   1.0000000e+01   1.1245394e+05  -1.4615793e+05
   1.1000000e+01   4.4632476e+04  -2.9999195e+05
   1.2000000e+01  -1.2612858e+05  -1.5000484e+05
   1.3000000e+01  -1.3969270e+05   1.6357752e+05
   1.4000000e+01   1.2675474e+05   3.6470511e+05
   1.5000000e+01   2.8729474e+05   2.2855311e+05
   1.6000000e+01  -7.1095754e+04  -1.7845695e+05
   1.7000000e+01  -4.5684971e+05  -4.5080294e+05
   1.8000000e+01  -1.4846740e+05  -2.4304139e+05
   1.9000000e+01   4.0199375e+05   2.0469569e+05
   2.0000000e+01   2.8988293e+05   3.6500571e+05
   2.1000000e+01  -2.6603783e+05   1.4047330e+05
   2.2000000e+01  -3.8020055e+05  -1.1400699e+05
   2.3000000e+01   3.5353950e+03  -1.2642785e+05
   2.4000000e+01   1.6718289e+05  -1.7848482e+04
   2.5000000e+01  -7.5352598e+04   4.5686575e+04
   2.6000000e+01  -1.7323426e+05   6.8130346e+04
   2.7000000e+01   9.8176461e+04   5.9934510e+02
   2.8000000e+01   2.7482154e+05  -1.1350268e+05
   2.9000000e+01   6.2349291e+04  -9.9805699e+04
   3.0000000e+01  -1.5667925e+05   3.2583885e+04
   3.1000000e+01  -7.0765524e+04   1.1151929e+05
   3.2000000e+01   7.7269430e+04   3.0038359e+04
   3.3000000e+01   8.1546743e+04  -1.0824114e+05
   3.4000000e+01   1.1287742e+04  -1.2025048e+05
   3.5000000e+01  -8.9601291e+04   1.3034582e+04
   3.6000000e+01  -1.4354535e+05   1.6102406e+05
   3.7000000e+01  -1.4260955e+04   1.2940344e+05
   3.8000000e+01   1.4383393e+05  -1.0856843e+05
   3.9000000e+01   2.6044688e+04  -2.0322027e+05
   4.0000000e+01  -2.1134941e+05   5.8873733e+04
   4.1000000e+01  -1.9324913e+05   2.4036407e+05
   4.2000000e+01   1.5684846e+04  -8.5781023e+03
   4.3000000e+01   1.5499344e+05  -2.4365384e+05
   4.4000000e+01   1.5950770e+05  -8.5197040e+04
   4.5000000e+01   1.4184778e+04   1.3152370e+05
   4.6000000e+01  -1.6512925e+05   1.0597994e+05
   4.7000000e+01  -7.6191769e+04  -8.5508086e+03
   4.8000000e+01   1.4119510e+05  -7.1836906e+04
   4.9000000e+01   8.4832565e+03  -1.2150234e+05
   5.0000000e+01  -2.1846376e+05  -9.4592165e+04
   5.1000000e+01  -5.3486718e+03   7.5434927e+04
   5.2000000e+01   2.6925566e+05   2.0056132e+05
   5.3000000e+01   8.5798006e+04   1.0080970e+05
   5.4000000e+01  -1.9777392e+05  -1.0190874e+05
   5.5000000e+01  -1.2878833e+05  -1.4029455e+05
   5.6000000e+01   7.2780353e+04   2.9612226e+04
   5.7000000e+01   1.0080688e+05   1.4399803e+05
   5.8000000e+01   4.7697126e+04   5.5067677e+04
   5.9000000e+01   5.9044624e+04  -7.3585258e+04
   6.0000000e+01   9.4888240e+04  -7.7388909e+04
   6.1000000e+01   3.8620438e+04   7.0267904e+03
   6.2000000e+01  -7.3426106e+04   4.0847833e+04
   6.3000000e+01  -7.3262115e+04  -1.6046842e+04
   6.4000000e+01   1.2817182e+04  -8.8665542e+04
   6.5000000e+01   7.6639262e+04  -1.1364118e+05
   6.6000000e+01   8.5132282e+04  -6.3435493e+04
   6.7000000e+01  -1.9651389e+04   4.6057047e+04
   6.8000000e+01  -1.1544156e+05   9.3262495e+04
   6.9000000e+01  -3.2048413e+04  -2.4647196e+04
   7.0000000e+01   7.4289069e+04  -1.2120002e+05
   7.1000000e+01   4.5806358e+04   4.7129503e+03
   7.2000000e+01  -1.7708111e+03   1.4524923e+05
   7.3000000e+01  -2.8571305e+03   1.0182101e+05
   7.4000000e+01  -4.0808597e+03   2.2671862e+04
   7.5000000e+01   4.3547303e+04   2.1851124e+04
   7.6000000e+01   1.1164446e+05   2.1185732e+04
   7.7000000e+01   4.9069228e+04  -1.8980153e+04
   7.8000000e+01  -9.2974858e+04  -2.9807647e+04
   7.9000000e+01  -1.0502944e+05  -3.5764973e+03
   8.0000000e+01   2.0976651e+04  -1.9183617e+04
   8.1000000e+01   5.5629993e+04  -8.4774958e+04
   8.2000000e+01  -5.2481302e+04  -1.1440358e+05
   8.3000000e+01  -8.4724123e+04  -2.3299764e+04
   8.4000000e+01  -3.2310613e+04   1.1914794e+05
   8.5000000e+01  -3.1735083e+04   1.1776281e+05
   8.6000000e+01  -5.5990316e+03  -4.9678545e+04
   8.7000000e+01   6.9638194e+04  -1.6675954e+05
   8.8000000e+01   5.5018711e+04  -6.0596086e+04
   8.9000000e+01  -6.4768636e+03   1.5000999e+05
   9.0000000e+01   3.6438283e+04   1.8734235e+05
   9.1000000e+01   9.4391268e+04   4.9530176e+03
   9.2000000e+01   5.0842418e+04  -1.6354043e+05
   9.3000000e+01   3.2551638e+04  -1.3698739e+05
   9.4000000e+01   7.7170752e+04   3.6853783e+04
   9.5000000e+01   5.4017282e+04   1.7811788e+05
   9.6000000e+01  -4.0932292e+04   1.1976450e+05
   9.7000000e+01  -1.1458840e+05  -8.4517417e+04
   9.8000000e+01  -1.2689007e+05  -1.5946658e+05
   9.9000000e+01  -1.2704332e+05  -2.9459043e+04
   1.0000000e+02  -1.3970346e+05   8.9895611e+04
   1.0100000e+02  -1.0746266e+05   7.7571235e+04
   1.0200000e+02  -7.4826270e+04   1.5125653e+04
   1.0300000e+02  -8.9284702e+04  -1.6863045e+04
   1.0400000e+02  -1.6612868e+04  -3.9437101e+04
   1.0500000e+02   1.1280976e+05  -2.8586728e+04
   1.0600000e+02   7.4781955e+04   8.9701852e+04
   1.0700000e+02   1.2847494e+04   1.7738391e+05
   1.0800000e+02   1.5159004e+05   4.7229415e+04
   1.0900000e+02   2.1810312e+05  -1.3457044e+05
   1.1000000e+02   8.1689640e+04  -9.1101692e+04
   1.1100000e+02   6.8349541e+04   1.0579033e+05
   1.1200000e+02   1.7833152e+05   2.1276972e+05
   1.1300000e+02   9.9447067e+04   1.3282947e+05
   1.1400000e+02  -1.2839532e+05  -9.5950892e+04
   1.1500000e+02  -2.6970915e+05  -2.6722894e+05
   1.1600000e+02  -3.2120739e+05  -2.0634417e+05
   1.1700000e+02  -3.3036392e+05  -6.9003995e+04
   1.1800000e+02  -2.3836651e+05  -2.3924650e+04
   1.1900000e+02  -6.8789454e+04  -4.8905521e+03
   1.2000000e+02   7.9696880e+04   1.9224472e+04
   1.2100000e+02   1.3079432e+05  -2.3077189e+04
   1.2200000e+02   9.2390009e+04  -9.2842255e+04
   1.2300000e+02   7.4303058e+04  -4.5540366e+04
   1.2400000e+02   1.2183470e+05   1.1520964e+05
   1.2500000e+02   1.9296258e+05   1.8127470e+05
   1.2600000e+02   2.0233010e+05   5.8473754e+04
   1.2700000e+02   9.5580210e+04  -7.2476459e+03
   1.2800000e+02   2.8532640e+04   1.3581810e+05
   1.2900000e+02   9.2729191e+04   1.6589545e+05
   1.3000000e+02   7.1804310e+04  -6.3747197e+04
   1.3100000e+02  -1.1251101e+05  -1.5840450e+05
   1.3200000e+02  -2.1022831e+05   7.5368925e+04
   1.3300000e+02  -1.2426132e+05   2.5477354e+05
   1.3400000e+02  -3.7153518e+04   2.0588644e+04
   1.3500000e+02  -3.0091310e+04  -3.0534190e+05
   1.3600000e+02  -5.7962520e+04  -1.9571228e+05
   1.3700000e+02  -8.2792732e+04   1.2175017e+05
   1.3800000e+02  -4.1108066e+04   1.3710895e+05
   1.3900000e+02   6.2164103e+04  -5.6715332e+04
   1.4000000e+02   1.4468431e+05  -1.5338688e+05
   1.4100000e+02   1.0979944e+05  -1.3353395e+05
   1.4200000e+02  -2.2103050e+04  -4.0091631e+04
   1.4300000e+02  -1.8852955e+04   8.5969297e+04
   1.4400000e+02   1.2907904e+05   7.3351466e+04
   1.4500000e+02   1.1922128e+05  -7.5063577e+04
   1.4600000e+02  -5.8874485e+04  -1.2041798e+05
   1.4700000e+02  -1.3145446e+05  -1.5021495e+04
   1.4800000e+02  -4.8346672e+04   9.9654063e+04
   1.4900000e+02   3.1344850e+04   9.9031261e+04
   1.5000000e+02   3.4647651e+04  -3.5092810e+04
   1.5100000e+02  -1.9026823e+04  -1.1362836e+05
   1.5200000e+02  -6.9840423e+04  -2.1363140e+03
   1.5300000e+02  -3.8619905e+04   1.2302300e+05
   1.5400000e+02   1.8099632e+04   5.7352496e+04
   1.5500000e+02   1.3750075e+04  -1.0631496e+05
   1.5600000e+02   1.7777174e+04  -1.2378891e+05
   1.5700000e+02   7.2867333e+04   4.2309495e+04
   1.5800000e+02   9.8635219e+04   1.5665240e+05
   1.5900000e+02   4.0188123e+04   3.0962691e+04
   1.6000000e+02  -4.3726782e+04  -1.4953412e+05
   1.6100000e+02  -4.3212299e+04  -1.1592305e+05
   1.6200000e+02   2.4623814e+04   3.0308934e+04
   1.6300000e+02   1.9976071e+04   9.7102464e+04
   1.6400000e+02  -4.2033622e+04   8.6471235e+04
   1.6500000e+02  -1.7991007e+04   1.9842155e+04
   1.6600000e+02   2.6357692e+04  -6.6294154e+04
   1.6700000e+02  -2.0130988e+04  -7.8466673e+04
   1.6800000e+02  -5.4118848e+04   7.5041184e+03
   1.6900000e+02  -2.1627287e+04   9.6548560e+04
   1.7000000e+02   1.5881172e+04   6.1345709e+04
   1.7100000e+02   2.0754595e+04  -7.7693314e+04
   1.7200000e+02  -1.7691951e+04  -1.0338920e+05
   1.7300000e+02  -1.2443846e+04   4.7261225e+04
   1.7400000e+02   7.1202056e+04   1.2154512e+05
   1.7500000e+02   8.2524747e+04   2.4449677e+04
   1.7600000e+02  -2.2671687e+04  -7.7096171e+04
   1.7700000e+02  -8.0983257e+04  -8.4279456e+04
   1.7800000e+02  -3.1916204e+04   3.5758158e+04
   1.7900000e+02   4.4892258e+03   1.5460252e+05
   1.8000000e+02  -1.8454294e+04   7.3619330e+04
   1.8100000e+02  -2.8488014e+04  -6.2108504e+04
   1.8200000e+02   1.4506230e+04  -3.3827954e+04
   1.8300000e+02   4.4163603e+04   5.4093593e+04
   1.8400000e+02  -1.2680154e+04   4.4765187e+04
   1.8500000e+02  -5.9972688e+04  -1.7147997e+04
   1.8600000e+02  -2.8402985e+04  -3.3987128e+04
   1.8700000e+02  -2.2330938e+04  -2.8615312e+03
   1.8800000e+02  -3.2171404e+04   3.0127594e+04
   1.8900000e+02   2.9449478e+04   2.4706102e+04
   1.9000000e+02   9.1264183e+04   2.1302489e+03
   1.9100000e+02   4.7807777e+04   7.0590088e+02
   1.9200000e+02  -5.4658488e+04  -1.8474666e+04
   1.9300000e+02  -8.2228402e+04  -3.6458695e+04
   1.9400000e+02  -1.4118220e+04   9.7424346e+03
   1.9500000e+02   3.9384422e+04   5.4038745e+04
   1.9600000e+02  -4.5937261e+02   2.4403081e+04
   1.9700000e+02  -4.8686188e+04  -2.7035133e+04
   1.9800000e+02  -9.0403776e+03  -2.8996716e+04
   1.9900000e+02   6.2153620e+03   8.9500796e+03
   2.0000000e+02  -3.7368250e+04   3.8364958e+04
   2.0100000e+02  -1.0590800e+04   3.2440244e+04
   2.0200000e+02   2.8772983e+04  -4.3031934e+03
   2.0300000e+02  -2.5869217e+03  -4.1505730e+04
   2.0400000e+02  -2.5495263e+04  -4.9407487e+04
   2.0500000e+02  -6.6023395e+03   3.9374676e+03
   2.0600000e+02   2.3703148e+04   5.9871894e+04
   2.0700000e+02   3.7751151e+04  -4.1530346e+03
   2.0800000e+02   1.4867324e+04  -8.8412570e+04
   2.0900000e+02  -8.9545854e+03  -3.1060439e+04
   2.1000000e+02   5.1734850e+03   5.3615136e+04
   2.1100000e+02   1.0210251e+04   2.0512864e+04
   2.1200000e+02  -1.9788180e+04  -5.4018671e+04
   2.1300000e+02  -3.0970346e+04  -5.4109646e+04
   2.1400000e+02  -1.9142907e+04   4.1656121e+03
   2.1500000e+02   1.2647675e+03   3.7803838e+04
   2.1600000e+02   2.6375591e+04   4.3229246e+03
   2.1700000e+02   6.4604014e+02  -4.1085502e+04
   2.1800000e+02  -5.5803782e+04  -3.6366203e+04
   2.1900000e+02  -4.5908198e+04  -3.2925232e+04
   2.2000000e+02   2.4588180e+04  -2.2269331e+04
   2.2100000e+02   6.7553397e+04   3.7015955e+04
   2.2200000e+02   5.1383549e+04   2.8961767e+04
   2.2300000e+02   1.7789091e+04  -4.9165388e+04
   2.2400000e+02   1.4186069e+04  -5.2453392e+04
   2.2500000e+02   4.0677450e+04   8.0375944e+03
   2.2600000e+02   2.5641893e+04   3.3362960e+04
   2.2700000e+02  -2.9607760e+04  -1.9818848e+03
   2.2800000e+02  -1.5873891e+04  -3.8655590e+04
   2.2900000e+02   4.1818605e+04  -2.0063806e+04
   2.3000000e+02   5.9778325e+04   1.3142460e+04
   2.3100000e+02   4.3039950e+04   3.9862868e+03
   2.3200000e+02  -2.1315651e+04  -1.2718881e+04
   2.3300000e+02  -7.9469545e+04   9.7424482e+03
   2.3400000e+02  -3.9236602e+04   2.2469734e+04
   2.3500000e+02   3.3701151e+04   1.0408126e+04
   2.3600000e+02   4.6559953e+04   9.7614101e+03
   2.3700000e+02   2.6201832e+04  -1.2358636e+04
   2.3800000e+02   1.1715730e+04  -1.8750679e+04
   2.3900000e+02  -2.5792003e+03   3.2977510e+04
   2.4000000e+02  -9.4501553e+03   3.6160005e+04
   2.4100000e+02  -7.9398983e+02  -2.5129400e+04
   2.4200000e+02   1.9727257e+04  -4.1622587e+04
   2.4300000e+02   3.4126517e+04  -4.3498628e+03
   2.4400000e+02   1.3051311e+04   2.6849858e+04
   2.4500000e+02   3.7965247e+03   3.2266269e+04
   2.4600000e+02   2.4446895e+04   7.5935609e+03
   2.4700000e+02  -6.2326230e+03  -1.5417988e+04
   2.4800000e+02  -5.0376350e+04   4.8584041e+03
   2.4900000e+02  -2.6108998e+04   1.1949125e+04
   2.5000000e+02   1.2898560e+04  -5.4622230e+03
   2.5100000e+02   1.7356525e+04   1.3025201e+04
   2.5200000e+02  -4.4286270e+02   1.8645181e+04
   2.5300000e+02  -2.9125768e+04   3.5672726e+03
   2.5400000e+02  -2.8739526e+04   2.5286501e+04
   2.5500000e+02   1.7532191e+04   3.6767350e+04
   2.5600000e+02   2.6036379e+04   9.4950396e+03
   2.5700000e+02  -1.5077546e+04  -1.2885825e+04
   2.5800000e+02  -1.3951417e+04  -1.3119091e+04
   2.5900000e+02  -3.9787796e+03   4.4629179e+03
   2.6000000e+02  -2.5153825e+04   2.8934419e+04
   2.6100000e+02  -1.8737571e+04   2.4546592e+04
   2.6200000e+02  -5.2727369e+03  -5.3712884e+03
   2.6300000e+02  -1.6655921e+04  -3.1157458e+03
   2.6400000e+02  -2.7856517e+04   7.3775260e+03
   2.6500000e+02  -2.2590913e+04  -3.9717341e+02
   2.6600000e+02   1.0657531e+04   1.2922177e+04
   2.6700000e+02   1.7776372e+04   1.1384430e+04
   2.6800000e+02  -5.3706779e+04  -3.7819427e+02
   2.6900000e+02  -9.7201503e+04   2.8561904e+04
   2.7000000e+02  -2.1089683e+04   3.5643644e+04
   2.7100000e+02   5.0395715e+04  -1.0667993e+02
   2.7200000e+02   2.1216136e+04  -2.5952561e+04
   2.7300000e+02  -2.0274763e+04  -4.1233668e+04
   2.7400000e+02  -2.4773994e+04  -3.1663811e+04
   2.7500000e+02  -2.9273742e+03   1.1591264e+04
   2.7600000e+02   2.7779356e+04   1.3215751e+04
   2.7700000e+02   3.7182703e+03  -2.9699560e+04
   2.7800000e+02  -4.3567026e+04  -1.9724272e+04
   2.7900000e+02  -2.9653800e+04   1.6980289e+04
   2.8000000e+02   3.4517762e+03   1.3703719e+04
   2.8100000e+02   5.4871305e+03  -4.1685794e+03
   2.8200000e+02   1.3664489e+04  -1.7829174e+04
   2.8300000e+02   2.3438445e+04   3.8505567e+03
   2.8400000e+02  -5.6415576e+03   3.9777201e+04
   2.8500000e+02  -3.2455813e+04   1.9216336e+04
   2.8600000e+02  -2.0778334e+04  -8.3456070e+03
   2.8700000e+02   1.3344341e+04  -3.8061652e+03
   2.8800000e+02   4.7685252e+04  -1.3196181e+04
   2.8900000e+02   2.1833943e+04  -2.9687808e+04
   2.9000000e+02  -3.2357700e+04  -2.9452658e+04
   2.9100000e+02  -1.4418897e+04  -2.9419226e+04
   2.9200000e+02   2.5190034e+04  -2.0081221e+04
   2.9300000e+02   2.5482294e+04   2.2615008e+04
   2.9400000e+02   2.1769913e+04   4.2380014e+04
   2.9500000e+02   1.2628544e+04  -5.0838576e+02
   2.9600000e+02  -7.6813803e+03  -5.0329151e+04
   2.9700000e+02  -6.4971833e+03  -6.0973701e+04
   2.9800000e+02   1.6654128e+04  -1.0128539e+04
   2.9900000e+02   3.5327197e+04   4.8182933e+04
   3.0000000e+02   3.3392554e+04   2.5614767e+04
   3.0100000e+02   6.7857140e+03  -2.0931437e+04
   3.0200000e+02   1.5529158e+03  -2.0554314e+04
   3.0300000e+02   3.2284424e+04  -1.2062508e+04
   3.0400000e+02   1.5779737e+04  -1.5995489e+04
   3.0500000e+02  -2.6943975e+04  -8.6724967e+03
   3.0600000e+02  -8.8560951e+03   4.6819453e+03
   3.0700000e+02   2.5024508e+04   7.6327422e+03
   3.0800000e+02   3.3213443e+04   1.6148345e+03
   3.0900000e+02   2.9526958e+04  -2.8014289e+04
   3.1000000e+02   9.5676070e+03  -4.4246637e+04
   3.1100000e+02   3.0608803e+03   6.9859586e+03
   3.1200000e+02   2.8645181e+04   5.1233444e+04
   3.1300000e+02   3.1343972e+04   3.5472255e+04
   3.1400000e+02  -8.0380769e+03   9.7791821e+03
   3.1500000e+02  -2.9634186e+04  -2.4653611e+03
   3.1600000e+02  -2.4863516e+04  -3.0212632e+03
   3.1700000e+02  -8.5548636e+03  -7.8475301e+03
   3.1800000e+02   2.7293068e+04  -2.1484663e+04
   3.1900000e+02   2.2125571e+04  -1.0604143e+04
   3.2000000e+02  -1.7304756e+04   2.1433159e+04
   3.2100000e+02  -1.1478941e+04   2.6407839e+04
   3.2200000e+02   2.3384835e+03   3.2390322e+03
   3.2300000e+02  -3.2420925e+03  -7.3380095e+03
   3.2400000e+02   2.4147696e+03  -1.6077024e+04
   3.2500000e+02   2.9582624e+03  -1.9742862e+04
   3.2600000e+02  -2.6001738e+03   7.9862225e+02
   3.2700000e+02  -4.1520361e+03  -3.1678285e+03
   3.2800000e+02  -1.9193476e+04  -1.4197942e+04
   3.2900000e+02  -2.5282348e+04   4.2413859e+03
   3.3000000e+02   6.9401691e+03   5.1895665e+03
   3.3100000e+02   1.8742606e+04   1.1516282e+04
   3.3200000e+02  -1.2708920e+04   4.2321992e+04
   3.3300000e+02  -2.2892723e+04   3.0562085e+04
   3.3400000e+02  -2.3772157e+04  -5.7951844e+03
   3.3500000e+02  -2.1320023e+04  -1.4407436e+03
   3.3600000e+02   1.0899636e+04   1.2634364e+04
   3.3700000e+02   1.9369243e+03   9.7982573e+03
   3.3800000e+02  -3.9139164e+04   1.7303789e+04
   3.3900000e+02  -2.1139508e+04   5.6992864e+03
   3.4000000e+02   6.1505833e+03  -2.5676013e+04
   3.4100000e+02  -1.7509464e+04  -2.7126388e+04
   3.4200000e+02  -3.6394859e+04  -1.9626677e+04
   3.4300000e+02  -2.9647612e+04  -2.3314420e+02
   3.4400000e+02  -1.9116534e+04   2.7567514e+04
   3.4500000e+02   8.8822121e+03   8.3255411e+03
   3.4600000e+02   1.2724444e+04  -3.3444614e+03
   3.4700000e+02  -2.5708161e+04   3.4031741e+04
   3.4800000e+02  -1.8156904e+04   3.3593040e+04
   3.4900000e+02   2.2996310e+04  -9.8525326e+03
   3.5000000e+02   2.9591074e+04  -8.0283601e+03
   3.5100000e+02   9.6373110e+03   2.4407475e+04
   3.5200000e+02  -3.2072593e+04   2.8255811e+04
   3.5300000e+02  -3.7686400e+04   1.9093020e+04
   3.5400000e+02   2.9083879e+04  -3.6248997e+03
   3.5500000e+02   5.8099403e+04  -2.1293780e+04
   3.5600000e+02   7.7917299e+03   6.3483166e+03
   3.5700000e+02  -2.8114640e+04   1.6322702e+04
   3.5800000e+02  -1.8957985e+04  -5.8043650e+03
   3.5900000e+02   4.8463936e+03  -2.4066165e+03
   3.6000000e+02   2.3817077e+04  -1.5251120e+02
   3.6100000e+02  -4.6070050e+02  -1.3267899e+04
   3.6200000e+02  -3.4294017e+04  -1.0546228e+04
   3.6300000e+02  -8.8793000e+03   1.7972221e+03
   3.6400000e+02   1.7877580e+04   4.0861604e+03
   3.6500000e+02   1.4136335e+04  -4.8239970e+03
   3.6600000e+02   1.6125877e+04  -1.8716951e+04
   3.6700000e+02   4.5037831e+03  -1.9775488e+04
   3.6800000e+02   3.0242902e+03   7.2144181e+03
   3.6900000e+02   2.4948659e+04   2.7141830e+04
   3.7000000e+02   1.2462390e+04   2.2940889e+04
   3.7100000e+02  -1.0135068e+04   6.3204138e+03
   3.7200000e+02   5.6746185e+03  -3.0053601e+04
   3.7300000e+02   1.6787518e+04  -3.3568957e+04
   3.7400000e+02  -2.2399491e+03  -1.0058089e+03
   3.7500000e+02  -1.2688613e+04  -5.6728869e+03
   3.7600000e+02  -1.4202672e+04  -6.6992099e+03
   3.7700000e+02  -7.2226306e+03   1.7040292e+04
   3.7800000e+02   2.3392833e+04  -6.6030961e+03
   3.7900000e+02   1.6868922e+04  -4.5401011e+04
   3.8000000e+02  -2.3980745e+04  -2.8258254e+04
   3.8100000e+02  -1.2887841e+04   2.2978992e+03
   3.8200000e+02   2.9133976e+04   5.9599587e+03
   3.8300000e+02   4.6983731e+04   6.3724185e+03
   3.8400000e+02   3.4085071e+04  -1.0943868e+04
   3.8500000e+02  -4.7828554e+03  -2.4685258e+04
   3.8600000e+02  -2.9765298e+04   4.5981991e+03
   3.8700000e+02  -1.0600816e+04   6.2851684e+03
   3.8800000e+02   1.0428023e+04  -2.3574337e+04
   3.8900000e+02  -2.8444891e+03  -1.2288683e+04
   3.9000000e+02  -1.5466785e+04   6.1831638e+03
   3.9100000e+02  -1.7332743e+04  -1.0639811e+04
   3.9200000e+02  -1.3556170e+04  -2.9388412e+04
   3.9300000e+02   1.4427857e+04  -1.6420649e+04
   3.9400000e+02   1.9726674e+04   8.2579146e+03
   3.9500000e+02   1.5583997e+03   1.1270855e+04
   3.9600000e+02   1.5245020e+04  -4.7973089e+03
   3.9700000e+02   1.8399797e+04  -1.3263533e+04
   3.9800000e+02   5.7405124e+03   3.3782100e+03
   3.9900000e+02   1.9443510e+04   3.2708199e+03
   4.0000000e+02   1.7412712e+04  -1.3170644e+04
   4.0100000e+02  -4.1924031e+03   7.2287831e+03
   4.0200000e+02   4.2613166e+03   1.3767418e+04
   4.0300000e+02   8.2271247e+03  -1.7071804e+04
   4.0400000e+02  -1.6483674e+04  -3.2172541e+04
   4.0500000e+02  -1.0671964e+04  -2.2654750e+04
   4.0600000e+02   5.6193710e+02   1.8880450e+04
   4.0700000e+02  -1.9716695e+04   4.4976007e+04
   4.0800000e+02  -8.4356083e+03   3.6554462e+03
   4.0900000e+02   5.3504123e+03  -2.3295312e+04
   4.1000000e+02  -1.4046284e+04   1.2550327e+04
   4.1100000e+02  -6.1423594e+03   3.5452897e+04
   4.1200000e+02   5.9214339e+03   2.1963074e+04
   4.1300000e+02   5.5564631e+03   1.9629252e+04
   4.1400000e+02   2.4475217e+04   1.4974050e+04
   4.1500000e+02   1.2734073e+04   3.0748115e+03
   4.1600000e+02  -2.4619663e+04   1.2132649e+04
   4.1700000e+02  -8.2542103e+03   6.6487113e+03
   4.1800000e+02   1.6799914e+04   4.8112691e+03
   4.1900000e+02  -9.7990366e+03   3.8758951e+04
   4.2000000e+02  -1.6445631e+04   3.1582067e+04
   4.2100000e+02   6.8396781e+03  -1.0277962e+04
   4.2200000e+02   8.2875974e+03  -9.9035271e+03
   4.2300000e+02   7.6088419e+03   2.7638761e+03
   4.2400000e+02  -1.1896552e+04   7.7503514e+02
   4.2500000e+02  -3.1991281e+04   1.5628509e+04
   4.2600000e+02   4.1844911e+03   2.5673952e+04
   4.2700000e+02   1.7202906e+04   1.2185777e+04
   4.2800000e+02  -2.7914758e+04   5.4477643e+03
   4.2900000e+02  -4.5508919e+04  -8.4039646e+03
   4.3000000e+02  -2.0255428e+04  -1.4896318e+04
   4.3100000e+02   9.8185461e+03   2.2905676e+04
   4.3200000e+02   1.6137492e+04   4.7956565e+04
   4.3300000e+02  -1.7997871e+04   3.7919718e+04
   4.3400000e+02  -4.6477231e+04   1.3820637e+04
   4.3500000e+02  -1.4268788e+04  -2.5510535e+04
   4.3600000e+02   2.2730638e+04  -2.8710694e+04
   4.3700000e+02   1.1381358e+04   3.1836583e+03
   4.3800000e+02  -5.1204694e+03   5.0143790e+01
   4.3900000e+02  -1.5444066e+04  -1.8953762e+04
   4.4000000e+02  -1.0790442e+04  -7.3876353e+03
   4.4100000e+02   1.5934291e+04   6.7335320e+01
   4.4200000e+02   9.5474960e+03  -1.3448236e+04
   4.4300000e+02  -1.1909896e+04  -1.2962490e+04
   4.4400000e+02  -1.5408567e+04  -1.8049836e+04
   4.4500000e+02  -2.8316398e+04  -2.5518692e+04
   4.4600000e+02  -1.2989926e+04  -2.0223149e+03
   4.4700000e+02   3.7581262e+04   6.6257906e+03
   4.4800000e+02   3.6106368e+04   6.3427736e+03
   4.4900000e+02  -1.2849006e+04   1.7712919e+04
   4.5000000e+02  -3.4209986e+04  -9.5710058e+03
   4.5100000e+02  -3.6382229e+04  -3.5151119e+04
   4.5200000e+02  -1.3964164e+04  -1.7550735e+04
   4.5300000e+02   4.8618476e+04  -8.1700384e+03
   4.5400000e+02   5.4908255e+04  -4.7926126e+03
   4.5500000e+02  -4.0242110e+01   1.0281995e+04
   4.5600000e+02  -1.7018068e+04  -7.7367234e+03
   4.5700000e+02  -1.1956113e+04  -4.1677876e+04
   4.5800000e+02  -2.5671649e+03  -2.1884398e+04
   4.5900000e+02   2.4184300e+04   9.2972245e+03
   4.6000000e+02   2.7748324e+04   4.0364688e+03
   4.6100000e+02   1.1864778e+04  -9.1780120e+03
   4.6200000e+02   5.0891232e+03  -3.8951218e+04
   4.6300000e+02  -1.0226877e+04  -4.0013080e+04
   4.6400000e+02  -1.9103883e+04   2.0487435e+04
   4.6500000e+02   1.2639739e+04   3.1463014e+04
   4.6600000e+02   3.0057991e+04  -1.3567091e+04
   4.6700000e+02   1.2764259e+04  -1.5592271e+04
   4.6800000e+02   2.0667168e+04  -2.0206501e+03
   4.6900000e+02   8.0710491e+03  -1.0546659e+04
   4.7000000e+02  -3.2988111e+04  -5.4090155e+03
   4.7100000e+02  -8.0636155e+03  -8.0566739e+03
   4.7200000e+02   3.4561430e+04  -2.7288863e+04
   4.7300000e+02   2.4599454e+04  -8.8171503e+03
   4.7400000e+02   5.9748170e+03   1.6210387e+04
   4.7500000e+02   3.3452495e+03   1.5531979e+04
   4.7600000e+02   1.3903757e+04   2.1243497e+04
   4.7700000e+02   2.6257986e+04   9.3925090e+03
   4.7800000e+02   1.2624882e+04  -1.5315212e+04
   4.7900000e+02  -9.1085621e+03  -1.1501590e+04
   4.8000000e+02   3.4793253e+03   6.8939569e+03
   4.8100000e+02   2.2843671e+04   2.4496561e+04
   4.8200000e+02   1.7013995e+04   2.4073662e+04
   4.8300000e+02   9.5229527e+03   4.7175700e+02
   4.8400000e+02  -4.8412235e+03  -6.9965754e+03
   4.8500000e+02  -1.0263753e+04   1.4573423e+04
   4.8600000e+02   1.4999707e+04   1.2986343e+04
   4.8700000e+02   1.2477743e+04  -1.8020097e+04
   4.8800000e+02  -1.4521946e+04  -5.3457704e+03
   4.8900000e+02  -7.3021204e+03   2.5002322e+04
   4.9000000e+02   1.3135481e+04   1.5754668e+04
   4.9100000e+02   8.7014431e+03   8.3210332e+03
   4.9200000e+02  -1.5853878e+04   2.1518636e+03
   4.9300000e+02  -3.1752643e+04  -4.4081256e+03
   4.9400000e+02  -1.3191468e+04   1.6401539e+04
   4.9500000e+02   2.0062487e+04   2.5909542e+04
   4.9600000e+02   7.6142508e+03   1.4544425e+04
   4.9700000e+02  -3.3714368e+04   8.8941717e+03
   4.9800000e+02  -3.1127095e+04   4.7587328e+02
   4.9900000e+02  -2.2997099e+04  -6.2391246e+03
   5.0000000e+02  -3.2650030e+04   6.2638474e+03
   5.0100000e+02  -2.3913706e+03   1.4616442e+04
   5.0200000e+02   2.5863166e+04   7.2853029e+03
   5.0300000e+02   1.3953998e+04   1.4873572e+04
   5.0400000e+02   6.2145866e+02   1.1122642e+04
   5.0500000e+02  -2.4986520e+04  -8.8537863e+03
   5.0600000e+02  -5.3136019e+04   3.5164247e+03
   5.0700000e+02  -3.9216517e+04   7.1685064e+03
   5.0800000e+02  -1.5223156e+04  -5.2979920e+03
   5.0900000e+02  -2.4576242e+03   1.3654785e+04
   5.1000000e+02   2.0677436e+04   2.7236827e+04
   5.1100000e+02   5.9807696e+03   1.7253320e+04
   5.1200000e+02  -3.7528611e+04   3.8628552e+02
   5.1300000e+02  -2.4920765e+04  -2.3464203e+04
   5.1400000e+02  -3.7746075e+03  -2.5283777e+04
   5.1500000e+02  -1.2032299e+04   5.5324270e+03
   5.1600000e+02   2.8452516e+03   2.0866186e+04
   5.1700000e+02   1.4899686e+04   5.5141826e+03
   5.1800000e+02   6.5636633e+03  -3.1581724e+03
   5.1900000e+02   6.1518186e+02  -2.0608955e+04
   5.2000000e+02  -1.7757581e+04  -4.4306832e+04
   5.2100000e+02  -3.1456723e+04  -2.1508371e+04
   5.2200000e+02  -9.3256638e+03   6.9065792e+03
   5.2300000e+02   1.9276541e+04   4.1306502e+03
   5.2400000e+02   2.0706908e+04   1.6540905e+03
   5.2500000e+02   1.0419340e+04  -1.1126290e+03
   5.2600000e+02  -9.6080310e+03  -3.2138461e+03
   5.2700000e+02  -2.5005621e+04  -8.2741160e+03
   5.2800000e+02   7.4958910e+03  -2.3354274e+04
   5.2900000e+02   3.4748669e+04  -1.3806565e+04
   5.3000000e+02   1.3521981e+04   1.7342038e+04
   5.3100000e+02  -6.9168587e+03   9.3407644e+03
   5.3200000e+02  -2.3452179e+04  -2.3804254e+04
   5.3300000e+02  -1.8533148e+04  -1.3951224e+04
   5.3400000e+02   3.3271836e+04   2.2900514e+03
   5.3500000e+02   5.0881209e+04  -7.0217271e+03
   5.3600000e+02   3.3986383e+02  -2.7228553e+03
   5.3700000e+02  -2.9061488e+04  -6.6753633e+03
   5.3800000e+02  -4.8047957e+03  -8.6362567e+03
   5.3900000e+02   2.3696121e+04   1.4201251e+04
   5.4000000e+02   3.9442119e+04   8.3766972e+03
   5.4100000e+02   2.4639365e+04  -1.0203567e+04
   5.4200000e+02  -9.4086969e+03  -1.3831343e+04
   5.4300000e+02   1.1008860e+02  -3.0648858e+04
   5.4400000e+02   1.8038456e+04  -2.5287082e+04
   5.4500000e+02   1.2880049e+04   1.8161219e+04
   5.4600000e+02   2.9822547e+04   2.4565483e+04
   5.4700000e+02   3.1792227e+04  -1.3395563e+03
   5.4800000e+02   1.1477867e+04   4.7865168e+03
   5.4900000e+02   2.5953414e+04   1.2026958e+02
   5.5000000e+02   2.8934500e+04  -1.1632523e+04
   5.5100000e+02  -1.2110394e+04   2.5881339e+04
   5.5200000e+02  -2.3653218e+04   2.9871931e+04
   5.5300000e+02   7.9688507e+03  -1.4490935e+04
   5.5400000e+02   2.2866011e+04  -2.0704367e+04
   5.5500000e+02   1.2352870e+04  -9.3819370e+03
   5.5600000e+02  -1.0918441e+04  -2.0835521e+03
   5.5700000e+02  -2.2581284e+04   8.5160173e+03
   5.5800000e+02   6.0008180e+03  -4.7770686e+03
   5.5900000e+02   2.0804260e+04  -2.6739763e+04
   5.6000000e+02   1.6402299e+03  -1.5172459e+04
   5.6100000e+02  -4.6469305e+03   7.7725037e+03
   5.6200000e+02  -7.2429613e+03   2.7749257e+03
   5.6300000e+02   3.6617522e+03  -9.6402421e+03
   5.6400000e+02   3.1958595e+04  -2.3206865e+04
   5.6500000e+02   1.6595146e+04  -2.1019550e+04
   5.6600000e+02  -2.6294396e+04   2.5055821e+04
   5.6700000e+02  -2.5579923e+04   3.4332108e+04
   5.6800000e+02   5.4785810e+02  -7.1804517e+03
   5.6900000e+02  -4.9475702e+03  -8.6219433e+03
   5.7000000e+02  -3.3380600e+04   1.5804101e+04
   5.7100000e+02  -5.0719508e+04   3.1476100e+04
   5.7200000e+02  -2.7066807e+04   3.6836758e+04
   5.7300000e+02   2.9758258e+04   1.2961923e+04
   5.7400000e+02   2.2380047e+04  -1.1326078e+04
   5.7500000e+02  -4.6656636e+04  -4.5449106e+03
   5.7600000e+02  -4.6753922e+04   5.5776046e+03
   5.7700000e+02   1.0965736e+04   8.4554604e+03
   5.7800000e+02   3.0146993e+04   1.4680042e+04
   5.7900000e+02   1.0897610e+04  -5.9483807e+03
   5.8000000e+02  -8.9596928e+03  -3.5866095e+04
   5.8100000e+02  -1.3846066e+04  -1.8506643e+04
   5.8200000e+02  -1.1389977e+04   7.7548883e+03
   5.8300000e+02  -2.0979371e+04   4.9409282e+03
   5.8400000e+02  -2.7633546e+04  -8.9613117e+03
   5.8500000e+02  -9.4337366e+03  -1.7360936e+04
   5.8600000e+02  -5.4134858e+03   1.2498616e+04
   5.8700000e+02  -1.6506520e+04   5.2398415e+04
   5.8800000e+02   4.6783038e+03   2.6215198e+04
   5.8900000e+02   1.0599627e+04  -3.2363781e+04
   5.9000000e+02  -2.1851027e+04  -2.6232739e+04
   5.9100000e+02  -3.1748947e+04   3.2060212e+04
   5.9200000e+02  -1.5575192e+04   6.4902001e+04
   5.9300000e+02   1.2991276e+04   5.3459688e+04
   5.9400000e+02   3.3691512e+04   2.5005017e+02
   5.9500000e+02   1.4541876e+04  -3.9748378e+04
   5.9600000e+02  -5.2625217e+03  -8.9138333e+03
   5.9700000e+02   2.0336129e+01   1.9875610e+04
   5.9800000e+02  -5.3049464e+03   1.5113667e+04
   5.9900000e+02  -3.8211928e+03   1.2968064e+04
   6.0000000e+02   2.2718335e+04  -7.8289652e+03
   6.0100000e+02   6.1820494e+03  -2.1330778e+04
   6.0200000e+02  -3.4499454e+04  -2.9404561e+03
   6.0300000e+02  -1.0658684e+04   4.4472274e+02
   6.0400000e+02   1.9644685e+04  -1.0840759e+04
   6.0500000e+02   1.5907168e+03  -1.2688293e+04
   6.0600000e+02  -2.0580775e+04  -2.0735267e+04
   6.0700000e+02  -2.5903905e+04  -1.0254056e+04
   6.0800000e+02   1.2615239e+04   3.9264161e+04
   6.0900000e+02   6.1694535e+04   3.7567119e+04
   6.1000000e+02   3.4153053e+04  -1.9125560e+04
   6.1100000e+02  -2.1035399e+04  -2.2782807e+04
   6.1200000e+02  -1.1122970e+04  -7.0915200e+00
   6.1300000e+02   1.9863400e+04   1.3298528e+04
   6.1400000e+02   1.4226214e+04   3.5796313e+04
   6.1500000e+02   1.2213976e+04   1.7506480e+04
   6.1600000e+02   1.2112227e+04  -2.3378341e+04
   6.1700000e+02  -8.7719756e+03  -2.6313358e+04
   6.1800000e+02  -6.9020540e+03  -1.7852701e+04
   6.1900000e+02   1.2726675e+03  -1.4659031e+04
   6.2000000e+02   2.3900420e+03  -8.9828987e+03
   6.2100000e+02   2.3126220e+04  -2.2083983e+04
   6.2200000e+02   1.7116701e+04  -3.8103659e+04
   6.2300000e+02  -9.0618883e+03  -2.6362035e+04
   6.2400000e+02  -2.6308634e+03  -2.2175243e+04
   6.2500000e+02   9.2560521e+03  -1.8232690e+04
   6.2600000e+02   8.1660166e+03   8.6166086e+03
   6.2700000e+02   1.0321923e+04  -3.2566145e+03
   6.2800000e+02   8.1694274e+03  -2.6065582e+04
   6.2900000e+02  -9.8185821e+02  -3.3039101e+03
   6.3000000e+02   2.5482118e+03   1.1093276e+04
   6.3100000e+02   3.1102812e+03   1.0190256e+04
   6.3200000e+02  -8.0055009e+03   6.2840118e+02
   6.3300000e+02   1.0224005e+03  -3.7099228e+04
   6.3400000e+02   6.5870523e+03  -4.0965937e+04
   6.3500000e+02   7.2768852e+03   1.3284769e+04
   6.3600000e+02   2.4064325e+04   3.1272676e+04
   6.3700000e+02  -2.7007130e+03  -1.6562278e+04
   6.3800000e+02  -3.9767542e+04  -4.5027555e+04
   6.3900000e+02  -5.4389826e+03  -3.0829116e+04
   6.4000000e+02   3.2147095e+04  -1.0115809e+03
   6.4100000e+02   1.7839038e+04   2.8819130e+04
   6.4200000e+02  -3.9247826e+03   1.4691878e+04
   6.4300000e+02  -1.6509050e+04  -5.0065358e+03
   6.4400000e+02  -1.5143544e+04   1.7940329e+04
   6.4500000e+02   1.2846909e+04   1.5643177e+04
   6.4600000e+02   1.4953334e+04  -8.9197134e+03
   6.4700000e+02  -1.6714009e+04   2.0651599e+03
   6.4800000e+02  -1.0011635e+04   2.0096866e+04
   6.4900000e+02  -1.9121064e+03   2.4210402e+04
   6.5000000e+02  -1.9960261e+04   2.1994479e+04
   6.5100000e+02   8.7246171e+03  -4.5723368e+03
   6.5200000e+02   3.9973118e+04  -2.7374478e+04
   6.5300000e+02   3.5329155e+03   8.5982052e+02
   6.5400000e+02  -3.9339580e+04   2.4025381e+04
   6.5500000e+02  -2.7130270e+04   5.2807196e+03
   6.5600000e+02   2.0161027e+04  -7.6832454e+02
   6.5700000e+02   4.0354093e+04   1.1655521e+04
   6.5800000e+02   7.4927321e+03   2.8774973e+04
   6.5900000e+02  -2.4759705e+04   3.3682377e+04
   6.6000000e+02  -1.4632325e+04   1.8888400e+02
   6.6100000e+02  -6.4108366e+03  -1.3295225e+04
   6.6200000e+02  -1.2682632e+04   2.6906219e+04
   6.6300000e+02   2.7689119e+03   5.1041161e+04
   6.6400000e+02   9.3241440e+02   3.0826628e+04
   6.6500000e+02  -2.0462270e+04   8.7841160e+03
   6.6600000e+02  -1.1263046e+04  -5.9765010e+03
   6.6700000e+02  -3.9348095e+03  -1.4036561e+04
   6.6800000e+02  -1.9000748e+03   7.3719031e+03
   6.6900000e+02   1.2342825e+04   2.0683234e+04
   6.7000000e+02  -3.0563254e+03   1.3271101e+04
   6.7100000e+02  -2.3599839e+04   2.0774479e+04
   6.7200000e+02  -4.9338168e+03   7.6709358e+03
   6.7300000e+02   4.3028844e+03  -8.6957023e+03
   6.7400000e+02  -1.5576751e+04   9.2777183e+03
   6.7500000e+02  -1.5381570e+04   7.2187539e+03
   6.7600000e+02  -9.7056386e+03  -2.1186368e+03
   6.7700000e+02  -1.5235056e+04   1.2000847e+04
   6.7800000e+02   3.0983288e+03   7.0290147e+03
   6.7900000e+02   1.3037912e+03  -8.9679116e+03
   6.8000000e+02  -3.2116810e+04  -2.6000615e+03
   6.8100000e+02  -2.5171254e+04  -6.4036757e+02
   6.8200000e+02   6.9098210e+02  -1.1320220e+04
   6.8300000e+02   1.5452126e+04  -6.8460648e+03
   6.8400000e+02   2.3463479e+04  -1.3059259e+04
   6.8500000e+02  -5.6635220e+03  -2.2985871e+04
   6.8600000e+02  -2.5608351e+04   2.0520835e+03
   6.8700000e+02   1.7754676e+04   3.8910699e+03
   6.8800000e+02   4.1430246e+04  -1.9218724e+04
   6.8900000e+02  -4.4616553e+03  -9.9690784e+03
   6.9000000e+02  -3.3490681e+04  -6.9930952e+03
   6.9100000e+02  -9.8039275e+03  -1.9517116e+04
   6.9200000e+02   1.8910972e+04  -1.2701591e+04
   6.9300000e+02   2.5119090e+04  -3.2456379e+03
   6.9400000e+02  -7.1912242e+03  -5.0620349e+03
   6.9500000e+02  -3.1706471e+04  -1.6399815e+04
   6.9600000e+02  -1.3716203e+03  -3.8320344e+04
   6.9700000e+02   1.3443610e+04  -3.5466543e+04
   6.9800000e+02  -7.7114298e+03   7.4038173e+03
   6.9900000e+02  -4.2859032e+03   1.2643187e+04
   7.0000000e+02   5.5087921e+03  -2.6522619e+04
   7.0100000e+02  -4.9541983e+02  -3.1859104e+04
   7.0200000e+02   1.0664623e+04  -2.0974975e+04
   7.0300000e+02   2.1392658e+04  -6.0964030e+03
   7.0400000e+02   8.8626994e+03   1.4803455e+04
   7.0500000e+02   1.2453647e+04  -1.2866621e+04
   7.0600000e+02   2.3299197e+04  -4.3262054e+04
   7.0700000e+02   2.0977981e+04  -1.2106998e+04
   7.0800000e+02   3.1965071e+04   2.0453164e+04
   7.0900000e+02   2.3478748e+04   1.3050340e+04
   7.1000000e+02  -2.8581641e+03  -9.3166560e+01
   7.1100000e+02   5.7733336e+03  -9.1013823e+03
   7.1200000e+02   1.0597532e+04  -1.7386754e+04
   7.1300000e+02  -3.2441727e+03  -4.5289097e+03
   7.1400000e+02  -3.0387135e+02   1.0434123e+04
   7.1500000e+02   1.0163664e+03   1.3632313e+04
   7.1600000e+02   2.3915340e+03   1.2703934e+04
   7.1700000e+02   2.3253073e+04  -1.2116297e+04
   7.1800000e+02   2.7560101e+04  -1.3045690e+04
   7.1900000e+02   6.0498710e+03   2.4691479e+04
   7.2000000e+02  -7.4672260e+02   1.5609961e+04
   7.2100000e+02  -5.7208162e+03  -1.5866592e+04
   7.2200000e+02  -6.3687657e+03  -4.7962411e+03
   7.2300000e+02   2.6483390e+04   1.5457840e+04
   7.2400000e+02   2.9606438e+04   1.8886630e+04
   7.2500000e+02   2.7436785e+03   1.7732217e+04
   7.2600000e+02   1.0839652e+04   8.0302097e+03
   7.2700000e+02   5.0940430e+03  -2.9411041e+03
   7.2800000e+02  -2.1647292e+04   9.9668087e+03
   7.2900000e+02  -1.6962833e+04   1.7803291e+04
   7.3000000e+02  -1.4159372e+04   8.2967649e+03
   7.3100000e+02  -2.5771202e+04   1.3143425e+04
   7.3200000e+02  -9.7317583e+03   1.0156542e+04
   7.3300000e+02   1.4603999e+04   1.2774959e+04
   7.3400000e+02   8.0886735e+02   3.1521798e+04
   7.3500000e+02  -2.5538354e+04   6.5225798e+03
   7.3600000e+02  -2.8880468e+04  -1.9294943e+04
   7.3700000e+02  -8.2873339e+03   9.9228977e+03
   7.3800000e+02   2.1519016e+04   2.9472018e+04
   7.3900000e+02   5.4299484e+03   1.5751449e+04
   7.4000000e+02  -3.1298499e+04   1.3967848e+04
   7.4100000e+02  -9.7965316e+03   1.4739976e+04
   7.4200000e+02   1.0829744e+04  -6.2736930e+03
   7.4300000e+02  -1.2635565e+04  -1.9970762e+04
   7.4400000e+02  -1.8880046e+04  -1.6027425e+04
   7.4500000e+02  -1.1536695e+04   3.4403687e+03
   7.4600000e+02  -1.6172564e+04   2.8356394e+04
   7.4700000e+02  -9.9617608e+03   9.8125618e+03
   7.4800000e+02  -8.0891022e+03  -1.7535026e+04
   7.4900000e+02  -2.8223817e+04  -8.1445407e+03
   7.5000000e+02  -3.1693703e+04  -7.5014356e+03
   7.5100000e+02  -1.9491913e+04  -1.9134137e+03
   7.5200000e+02  -6.1726715e+03   2.8455853e+04
   7.5300000e+02   1.8870251e+04   3.1679441e+04
   7.5400000e+02   9.4366533e+03   1.4641017e+04
   7.5500000e+02  -1.8053717e+04   1.5246270e+04
   7.5600000e+02   2.5470983e+03   6.0815612e+02
   7.5700000e+02   1.4406792e+04  -3.1115249e+04
   7.5800000e+02  -1.0225457e+04  -1.6216364e+04
   7.5900000e+02  -1.7301379e+04   1.3618188e+04
   7.6000000e+02  -1.6650104e+04   1.5150465e+03
   7.6100000e+02  -2.3052594e+04  -2.2094341e+04
   7.6200000e+02  -1.1441885e+04  -3.7933181e+04
   7.6300000e+02   7.2910619e+03  -2.5322309e+04
   7.6400000e+02   1.1707980e+04  -4.1535146e+02
   7.6500000e+02   1.1666483e+04  -1.5795150e+04
   7.6600000e+02  -1.0142230e+04  -2.2541158e+04
   7.6700000e+02  -3.4961273e+04   5.7696214e+03
   7.6800000e+02   2.0825430e+03   1.3070548e+04
   7.6900000e+02   3.5704316e+04   1.4412230e+03
   7.7000000e+02   4.2562954e+03   5.4778788e+03
   7.7100000e+02  -1.4515130e+04   1.5556105e+04
   7.7200000e+02   6.0114001e+03   7.6414492e+03
   7.7300000e+02   3.2477697e+04  -8.8403811e+03
   7.7400000e+02   3.8049683e+04  -2.1029522e+04
   7.7500000e+02   1.1349494e+03  -1.1153795e+04
   7.7600000e+02  -2.2485513e+04   2.0872640e+04
   7.7700000e+02   1.9360008e+04   1.0440257e+04
   7.7800000e+02   5.5400135e+04  -3.0116029e+04
   7.7900000e+02   2.4133674e+04  -2.9523390e+04
   7.8000000e+02  -8.9730198e+03  -1.0096239e+04
   7.8100000e+02   7.1690225e+02  -3.2175267e+03
   7.8200000e+02   2.1341007e+04  -8.7113723e+03
   7.8300000e+02   3.3425987e+04  -2.5103997e+04
   7.8400000e+02   1.0493811e+04  -2.4243854e+04
   7.8500000e+02  -1.7521850e+04   6.9087535e+03
   7.8600000e+02   7.6612235e+03   2.1949125e+04
   7.8700000e+02   3.0145404e+04  -9.9640295e+03
   7.8800000e+02   1.7502238e+04  -3.0474729e+04
   7.8900000e+02   6.1053364e+03  -1.6909052e+03
   7.9000000e+02  -1.3870128e+04   3.9157192e+04
   7.9100000e+02  -1.6943734e+04   4.1078023e+04
   7.9200000e+02   2.9877485e+04  -1.5031859e+04
   7.9300000e+02   4.6790991e+04  -4.5734006e+04
   7.9400000e+02  -5.3492757e+03  -1.2796736e+04
   7.9500000e+02  -3.2209653e+04   1.1263694e+03
   7.9600000e+02  -9.7592800e+03   2.1502638e+03
   7.9700000e+02   7.5740799e+03   1.9885418e+04
   7.9800000e+02   1.9523219e+04   5.1643025e+03
   7.9900000e+02   1.2628324e+04  -2.6325801e+04
   8.0000000e+02  -5.8434729e+03  -1.5114823e+04
   8.0100000e+02   7.5298701e+03   1.3634143e+04
   8.0200000e+02   1.8821536e+04   9.1357753e+03
   8.0300000e+02   3.9105999e+03  -7.4761006e+03
   8.0400000e+02  -9.7945964e+03  -7.3246381e+03
   8.0500000e+02  -1.7069817e+04   1.6605082e+04
   8.0600000e+02  -9.3203547e+03   3.7500142e+04
   8.0700000e+02   7.2583066e+03  -4.4688283e+03
   8.0800000e+02  -4.1536337e+03  -3.8956997e+04
   8.0900000e+02  -2.7392744e+04   9.9260522e+03
   8.1000000e+02  -1.6623550e+04   3.5691964e+04
   8.1100000e+02  -9.9612863e+03  -1.4772655e+03
   8.1200000e+02  -2.9047658e+04  -1.5244648e+04
   8.1300000e+02  -1.8853092e+04   6.6432229e+03
   8.1400000e+02  -2.7041148e+03   2.0591670e+04
   8.1500000e+02  -4.2271768e+03   8.4079607e+03
   8.1600000e+02   2.8032638e+03  -1.6441055e+04
   8.1700000e+02  -1.8015169e+04  -1.0653142e+04
   8.1800000e+02  -3.5689763e+04   3.5769767e+04
   8.1900000e+02   1.1377446e+04   4.6963893e+04
   8.2000000e+02   3.6948056e+04   9.0791509e+03
   8.2100000e+02  -1.1693513e+04  -3.3285683e+03
   8.2200000e+02  -4.4468493e+04  -1.1694918e+03
   8.2300000e+02  -2.5395734e+04  -5.4485134e+03
   8.2400000e+02  -5.4067613e+03   4.4064007e+03
   8.2500000e+02   4.8533983e+03   5.5533787e+03
   8.2600000e+02  -1.9503581e+03   7.7798934e+02
   8.2700000e+02  -2.6141882e+04   1.0530765e+04
   8.2800000e+02  -2.0232143e+04   1.7013943e+04
   8.2900000e+02  -4.2945026e+03   1.0676594e+04
   8.3000000e+02  -7.0217283e+02   3.0470133e+03
   8.3100000e+02   2.2353998e+04  -3.3388752e+03
   8.3200000e+02   2.0563867e+04  -4.1450192e+03
   8.3300000e+02  -1.5101679e+04   1.7364414e+04
   8.3400000e+02  -6.5519071e+03   2.6964035e+04
   8.3500000e+02   3.2230194e+04   2.4969909e+03
   8.3600000e+02   3.3625443e+04  -8.9770533e+03
   8.3700000e+02   3.2561790e+03  -7.1602763e+03
   8.3800000e+02  -2.3413028e+04  -3.0761423e+03
   8.3900000e+02  -2.7768264e+04   4.3508872e+03
   8.4000000e+02  -3.9279011e+03  -7.0666345e+03
   8.4100000e+02   9.0892706e+03  -2.8017919e+03
   8.4200000e+02  -6.2077661e+03   2.3466395e+04
   8.4300000e+02  -7.8399834e+03   1.0151519e+04
   8.4400000e+02  -1.3907073e+04  -2.1872442e+04
   8.4500000e+02  -3.1054554e+04  -1.3322104e+04
   8.4600000e+02  -7.3893445e+03   7.9645365e+03
   8.4700000e+02   2.6943212e+04   9.2479249e+03
   8.4800000e+02   3.7395773e+04   1.1463259e+04
   8.4900000e+02   3.4080216e+04  -1.1236163e+03
   8.5000000e+02   2.4653245e+03  -1.9726911e+04
   8.5100000e+02  -1.6614563e+04  -5.0662779e+03
   8.5200000e+02   1.4241464e+04  -5.7922174e+03
   8.5300000e+02   2.2766703e+04  -2.2781537e+04
   8.5400000e+02  -5.1238967e+03  -1.1062982e+04
   8.5500000e+02   3.0986373e+03  -5.3037258e+03
   8.5600000e+02   1.8531846e+04  -1.7766410e+03
   8.5700000e+02   4.2292690e+03   9.1023475e+03
   8.5800000e+02  -7.1160479e+02  -1.4098565e+04
   8.5900000e+02  -1.6437249e+04  -4.2928455e+04
   8.6000000e+02  -3.3284113e+04  -2.7177745e+04
   8.6100000e+02   2.7159605e+02  -8.8240846e+02
   8.6200000e+02   2.8997345e+04  -1.4539924e+03
   8.6300000e+02   1.8842076e+04  -8.2377044e+03
   8.6400000e+02   6.4428847e+03  -1.8584049e+04
   8.6500000e+02  -5.1914227e+03  -2.0174579e+04
   8.6600000e+02  -4.1541547e+03   2.5258728e+03
   8.6700000e+02   1.7859873e+04  -3.1185590e+03
   8.6800000e+02   2.1375371e+04  -1.4963292e+04
   8.6900000e+02   5.2720070e+03   1.2093287e+04
   8.7000000e+02   6.9856804e+03   7.5897262e+03
   8.7100000e+02   5.6527231e+03  -2.4585957e+04
   8.7200000e+02  -3.9466225e+03  -1.6957644e+04
   8.7300000e+02   1.1802495e+04   3.6893391e+03
   8.7400000e+02   1.1993404e+04   9.9875145e+03
   8.7500000e+02  -1.0320428e+04   1.2265603e+04
   8.7600000e+02  -2.6180101e+03  -7.2769734e+03
   8.7700000e+02   5.3503001e+03  -3.3189235e+04
   8.7800000e+02  -8.4580003e+03  -1.9496582e+04
   8.7900000e+02  -1.5757440e+04  -7.7584900e+03
   8.8000000e+02  -1.2901184e+04  -1.8765215e+04
   8.8100000e+02   7.6477865e+03  -5.9438187e+03
   8.8200000e+02   3.0545470e+04   8.6390083e+02
   8.8300000e+02   9.0255537e+03  -1.3411893e+03
   8.8400000e+02  -2.3024725e+04   1.4219180e+04
   8.8500000e+02  -7.2813648e+02   1.0230547e+04
   8.8600000e+02   2.1445154e+04   6.8719931e+03
   8.8700000e+02   6.0288359e+03   1.7757124e+04
   8.8800000e+02   9.3251712e+03   9.9941004e+03
   8.8900000e+02   6.2976685e+03   1.9417380e+04
   8.9000000e+02  -1.4670255e+04   4.7760573e+04
   8.9100000e+02   5.8019398e+03   3.1288662e+04
   8.9200000e+02   2.7388131e+04  -8.9711110e+03
   8.9300000e+02   5.3124217e+03  -1.0381822e+04
   8.9400000e+02  -2.3814413e+04   2.8238666e+03
   8.9500000e+02  -3.0494657e+04   8.2666725e+03
   8.9600000e+02  -3.0204398e+03   1.9968651e+04
   8.9700000e+02   2.1607457e+04   7.6250914e+03
   8.9800000e+02  -1.3221755e+04  -1.0974605e+04
   8.9900000e+02  -5.2665286e+04  -9.7853690e+01
   9.0000000e+02  -1.6885483e+04   6.5157773e+03
   9.0100000e+02   2.1747261e+04   1.5051806e+04
   9.0200000e+02   1.8250175e+01   3.3970431e+04
   9.0300000e+02  -1.6578772e+04   2.8898031e+04
   9.0400000e+02  -1.4443233e+04   1.3541128e+04
   9.0500000e+02  -8.0260383e+03   1.2236311e+04
   9.0600000e+02   8.7411970e+03   1.2950416e+04
   9.0700000e+02  -1.4745335e+03   1.9052604e+04
   9.0800000e+02  -8.9020883e+03   2.9708118e+04
   9.0900000e+02   2.1814218e+04   2.5562686e+03
   9.1000000e+02   1.7983789e+04  -2.8731400e+04
   9.1100000e+02  -2.9218080e+04  -9.0758794e+02
   9.1200000e+02  -3.9395129e+04   1.4320381e+04
   9.1300000e+02  -9.5772204e+03  -8.8218059e+03
   9.1400000e+02   7.8958614e+03  -3.8388782e+03
   9.1500000e+02   4.7349219e+03   1.0648534e+03
   9.1600000e+02  -1.0166235e+04  -1.1332722e+04
   9.1700000e+02  -1.5628802e+04   2.4927250e+03
   9.1800000e+02  -5.2431873e+02   1.9229042e+04
   9.1900000e+02  -1.0936966e+04   3.4820883e+03
   9.2000000e+02  -2.9450456e+04  -1.2599086e+04
   9.2100000e+02  -1.2808125e+03  -6.7610197e+03
   9.2200000e+02   2.0828501e+04   8.6921215e+03
   9.2300000e+02   4.8323003e+03   2.2543130e+04
   9.2400000e+02  -1.3590862e+03  -4.2387221e+03
   9.2500000e+02   4.2229589e+03  -4.0456889e+04
   9.2600000e+02  -4.8168385e+03  -1.1072840e+04
   9.2700000e+02  -1.6816997e+04   1.5047387e+04
   9.2800000e+02  -1.7896780e+04  -5.3799328e+03
   9.2900000e+02  -2.0333306e+03  -1.4598102e+04
   9.3000000e+02   2.5883198e+04  -2.2276685e+04
   9.3100000e+02   1.1718915e+04  -3.2858648e+04
   9.3200000e+02  -2.3607611e+04  -2.7637785e+04
   9.3300000e+02   1.3856982e+03  -1.3539559e+04
   9.3400000e+02   2.1517951e+04   1.2978712e+04
   9.3500000e+02  -7.4188921e+03   1.9353066e+04
   9.3600000e+02  -1.0801654e+04  -2.0124858e+04
   9.3700000e+02   2.4112374e+03  -4.2012920e+04
   9.3800000e+02   4.9935185e+03  -9.6399413e+03
   9.3900000e+02   1.4001627e+04   1.0663868e+04
   9.4000000e+02   1.3249813e+04  -1.0967256e+03
   9.4100000e+02  -1.1204280e+03  -9.1620220e+03
   9.4200000e+02  -6.5036711e+03  -2.7464107e+04
   9.4300000e+02  -8.0750250e+02  -2.7614414e+04
   9.4400000e+02   1.1788549e+04   7.8107965e+03
   9.4500000e+02   3.2460443e+04   3.8794085e+03
   9.4600000e+02   2.8653591e+04  -3.4136375e+04
   9.4700000e+02   7.4627701e+03  -3.6510039e+04
   9.4800000e+02   1.9847401e+04  -2.3073045e+03
   9.4900000e+02   1.8743633e+04   2.6154856e+04
   9.5000000e+02  -6.3910363e+03   1.5827276e+04
   9.5100000e+02   8.5646932e+03  -1.9944962e+04
   9.5200000e+02   1.9265183e+04  -2.3178158e+04
   9.5300000e+02   6.8002052e+03   1.9117717e+04
   9.5400000e+02   1.3193006e+04   2.2952053e+04
   9.5500000e+02   9.2401019e+03  -2.0238343e+04
   9.5600000e+02   7.3232161e+02  -1.9614589e+04
   9.5700000e+02   1.7059349e+04   2.8439614e+03
   9.5800000e+02   1.0422576e+04   1.1026878e+04
   9.5900000e+02  -1.8024978e+04   2.1463355e+04
   9.6000000e+02  -1.8411822e+02  -4.3066788e+03
   9.6100000e+02   2.7678601e+04  -3.3491345e+04
   9.6200000e+02   7.7396943e+03  -3.8270619e+03
   9.6300000e+02  -1.1152358e+04   2.9643975e+04
   9.6400000e+02  -7.8035783e+03   2.8201628e+04
   9.6500000e+02   3.8188179e+03   1.6841185e+04
   9.6600000e+02   2.1276007e+04  -9.3592242e+02
   9.6700000e+02   1.2119656e+04  -2.3180417e+03
   9.6800000e+02  -4.0807581e+03   3.2912743e+04
   9.6900000e+02   2.4935655e+03   3.8516260e+04
   9.7000000e+02  -6.6563126e+03   2.2799406e+03
   9.7100000e+02  -2.0435800e+04  -5.5036407e+03
   9.7200000e+02  -2.0257837e+03  -1.4602939e+03
   9.7300000e+02   3.1478410e+03   1.9610908e+03
   9.7400000e+02  -1.7825699e+04   2.3347095e+04
   9.7500000e+02  -9.2114631e+03   1.8821374e+04
   9.7600000e+02  -1.3910374e+03   2.8014680e+03
   9.7700000e+02  -1.9121358e+04   1.2394406e+04
   9.7800000e+02  -7.8382040e+03   8.4811208e+03
   9.7900000e+02  -4.8686239e+03  -6.4901556e+03
   9.8000000e+02  -2.9692664e+04   8.1936466e+03
   9.8100000e+02  -1.4023309e+04   2.4164917e+04
   9.8200000e+02   1.3613792e+04   1.1647237e+04
   9.8300000e+02   7.8707077e+03   2.4496860e+01
   9.8400000e+02  -1.2979991e+04  -2.8826117e+03
   9.8500000e+02  -3.6306851e+04   4.5648608e+03
   9.8600000e+02  -3.1604803e+04   1.8338371e+04
   9.8700000e+02   7.6346903e+03  -4.8067323e+03
   9.8800000e+02   1.7363056e+04  -2.0825784e+04
   9.8900000e+02  -1.9758317e+04   1.7584473e+04
   9.9000000e+02  -3.8607998e+04   3.2486426e+04
   9.9100000e+02  -3.0352395e+04   2.2641753e+03
   9.9200000e+02  -1.2752772e+04  -1.7718340e+04
   9.9300000e+02   2.0656902e+04  -1.4440407e+04
   9.9400000e+02   8.8058146e+03   7.0836364e+03
   9.9500000e+02  -3.8751509e+04   2.5145368e+04
   9.9600000e+02  -3.0237271e+04   1.3896885e+03
   9.9700000e+02   1.5328343e+03  -3.1926354e+04
   9.9800000e+02   1.0059608e+04  -1.0438843e+04
   9.9900000e+02   6.5124315e+03   1.0009774e+04
   1.0000000e+03  -1.4865868e+04  -1.3551003e+04
   1.0010000e+03  -2.2873646e+04  -3.0830293e+03
   1.0020000e+03   3.8530440e+03   2.8195382e+04
   1.0030000e+03   1.9766755e+04   1.5203407e+04
   1.0040000e+03   7.3250914e+03  -1.4279196e+04
   1.0050000e+03   4.4378206e+03  -2.7490163e+04
   1.0060000e+03   1.1161652e+04  -1.7965642e+04
   1.0070000e+03   1.8821253e+03  -4.0219560e+03
   1.0080000e+03  -8.0054586e+03  -9.5427451e+03
   1.0090000e+03  -9.3379632e+03  -1.5731095e+04
   1.0100000e+03   1.7929015e+03  -9.4487368e+03
   1.0110000e+03   1.7972761e+04  -1.1149570e+04
   1.0120000e+03   5.8895690e+03  -1.3593421e+04
   1.0130000e+03  -3.7250464e+03   6.1136851e+03
   1.0140000e+03   1.9696480e+04   9.2635917e+03
   1.0150000e+03   3.0933143e+04  -1.0652841e+04
   1.0160000e+03   1.5609917e+04  -8.7594325e+03
   1.0170000e+03  -2.4289613e+02  -1.8379680e+04
   1.0180000e+03  -1.0406759e+04  -3.0662534e+04
   1.0190000e+03   2.4801206e+03   3.4961448e+03
   1.0200000e+03   4.3014907e+04   1.5745959e+04
   1.0210000e+03   4.1234297e+04  -1.7253229e+04
   1.0220000e+03  -6.4885966e+03  -2.5449290e+04
   1.0230000e+03  -5.8636544e+03  -9.5026632e+03
   1.0240000e+03   2.3162959e+04   7.1832528e+02
   1.0250000e+03   2.1685663e+04   8.2976129e+03
   1.0260000e+03   5.2783448e+03   3.9097915e+02
   1.0270000e+03  -1.8601509e+04  -1.5496970e+04
   1.0280000e+03  -1.0285308e+04  -2.4028514e+03
   1.0290000e+03   3.4402089e+04   1.0047100e+04
   1.0300000e+03   3.4619058e+04  -3.5828703e+03
   1.0310000e+03   2.8405698e+02  -8.1149156e+03
   1.0320000e+03   3.3279331e+02  -5.2304473e+03
   1.0330000e+03   1.3056118e+04   2.5842128e+03
   1.0340000e+03   6.8991644e+03   9.6648471e+03
   1.0350000e+03   1.3413484e+04  -8.2970434e+03
   1.0360000e+03   2.0183311e+04  -1.1721325e+04
   1.0370000e+03   7.3238592e+03   1.1676954e+04
   1.0380000e+03   1.3690769e+04   1.0831881e+04
   1.0390000e+03   9.0212659e+03  -7.8455542e+03
   1.0400000e+03  -2.2303825e+04  -5.8557798e+03
   1.0410000e+03  -1.8434740e+04   2.1348773e+03
   1.0420000e+03  -1.0913012e+04  -9.3657341e+02
   1.0430000e+03  -2.6159206e+04   5.2309483e+03
   1.0440000e+03  -1.3364312e+04   3.3918201e+03
   1.0450000e+03   5.7610034e+03  -7.5514992e+03
   1.0460000e+03  -3.0437625e+03   8.9527175e+03
   1.0470000e+03  -1.0404670e+04   2.0151320e+04
   1.0480000e+03  -1.1579665e+04   1.5006292e+04
   1.0490000e+03  -1.3968424e+04   1.2634298e+04
   1.0500000e+03   7.3811488e+02  -4.8698498e+03
   1.0510000e+03   5.9531571e+03  -3.3492757e+03
   1.0520000e+03  -1.0607179e+04   2.7010117e+04
   1.0530000e+03  -4.4057243e+03   2.9822906e+04
   1.0540000e+03   2.9529284e+03   4.3403237e+03
   1.0550000e+03  -5.5407768e+03  -1.5186296e+04
   1.0560000e+03  -1.1086198e+03  -1.4039013e+04
   1.0570000e+03  -1.2285847e+04   9.3877892e+03
   1.0580000e+03  -2.6569709e+04   2.5571742e+04
   1.0590000e+03  -4.3282756e+03  -1.0796312e+03
   1.0600000e+03   3.6496375e+03  -1.9126561e+04
   1.0610000e+03  -1.8953451e+04   1.2643843e+04
   1.0620000e+03  -1.8097823e+04   1.6370688e+04
   1.0630000e+03  -5.8168807e+03  -4.1404823e+03
   1.0640000e+03  -1.2610778e+04   1.5615517e+04
   1.0650000e+03  -8.4078770e+03   2.2924015e+04
   1.0660000e+03  -3.9660533e+03   2.0988671e+03
   1.0670000e+03  -1.3076587e+04   2.2059214e+03
   1.0680000e+03   2.0922259e+03   5.6047912e+03
   1.0690000e+03   6.9542931e+03  -2.6499741e+02
   1.0700000e+03  -1.2935535e+04   6.5138990e+03
   1.0710000e+03  -6.3167834e+03   2.9226935e+03
   1.0720000e+03  -4.7206392e+03  -1.7567024e+04
   1.0730000e+03  -2.3875353e+04  -9.5234820e+03
   1.0740000e+03  -1.9890032e+04   4.6097980e+03
   1.0750000e+03  -2.8435671e+03   3.0880208e+03
   1.0760000e+03   8.9149370e+03   1.8787774e+04
   1.0770000e+03   1.7728274e+04   1.8617801e+04
   1.0780000e+03   4.5123515e+03   6.5049307e+03
   1.0790000e+03  -1.9575215e+04   1.8803415e+04
   1.0800000e+03  -3.2367896e+03   8.6290309e+02
   1.0810000e+03   2.8272190e+04  -3.0945636e+04
   1.0820000e+03   2.5101519e+04  -6.4889874e+03
   1.0830000e+03   9.0827201e+03   2.8438806e+04
   1.0840000e+03  -1.5552907e+04   1.9186872e+04
   1.0850000e+03  -2.0841503e+04  -1.2496231e+04
   1.0860000e+03   2.1459036e+04  -4.1866933e+04
   1.0870000e+03   2.8625245e+04  -3.7655062e+04
   1.0880000e+03  -7.4719426e+03   9.6747937e+03
   1.0890000e+03  -1.0265988e+04   1.9940520e+04
   1.0900000e+03   1.7909118e+03  -1.7492497e+04
   1.0910000e+03   7.1739660e+03  -2.1850941e+04
   1.0920000e+03   1.9457943e+04  -9.2226821e+03
   1.0930000e+03   1.2293093e+04  -7.9061226e+02
   1.0940000e+03  -3.1849311e+03   1.2572400e+04
   1.0950000e+03   1.3619924e+04  -1.2540041e+03
   1.0960000e+03   1.9283000e+04  -1.3225246e+04
   1.0970000e+03  -1.0690035e+03   3.1105504e+03
   1.0980000e+03   8.3651188e+03   4.6209642e+03
   1.0990000e+03   1.2038077e+04  -6.8272189e+03
   1.1000000e+03  -1.4003535e+04  -2.3832429e+03
   1.1010000e+03  -1.3733595e+04   1.6848213e+03
   1.1020000e+03   2.2028063e+03  -1.2155737e+03
   1.1030000e+03   9.0449281e+03   1.1851673e+03
   1.1040000e+03   1.1094047e+04  -2.1040648e+04
   1.1050000e+03   6.8191261e+02  -4.7608858e+04
   1.1060000e+03  -5.0043692e+03  -2.2770784e+04
   1.1070000e+03   3.2876228e+03   4.1679807e+03
   1.1080000e+03   3.3184580e+02   2.3746625e+03
   1.1090000e+03  -3.5897298e+03  -1.1125222e+04
   1.1100000e+03   1.7700625e+04  -4.1969731e+04
   1.1110000e+03   1.6524919e+04  -3.6358144e+04
   1.1120000e+03  -1.1853381e+04   1.7325876e+04
   1.1130000e+03   4.4588218e+03   3.3932164e+04
   1.1140000e+03   2.0167387e+04  -9.5515830e+02
   1.1150000e+03  -1.8665579e+03  -1.9027159e+04
   1.1160000e+03  -1.7883771e+03   1.3511474e+03
   1.1170000e+03  -2.7520528e+03   1.9056261e+04
   1.1180000e+03  -9.7686242e+03   1.0461916e+04
   1.1190000e+03   1.2946121e+04  -2.6407754e+04
   1.1200000e+03   1.2153292e+04  -4.5929170e+04
   1.1210000e+03  -1.5041897e+04  -1.0294490e+03
   1.1220000e+03  -2.8729453e+03   3.1601248e+04
   1.1230000e+03   2.2247767e+04   8.2906377e+03
   1.1240000e+03   9.5489869e+03  -1.0730711e+04
   1.1250000e+03  -9.8848038e+03  -9.7402735e+03
   1.1260000e+03  -1.2545554e+04   6.4358773e+03
   1.1270000e+03   2.1357589e+03   1.8175434e+04
   1.1280000e+03   3.0408112e+04   1.8378151e+03
   1.1290000e+03   9.8299534e+03   1.6155292e+03
   1.1300000e+03  -3.5551700e+04   3.5157052e+04
   1.1310000e+03  -1.2812316e+04   3.8883052e+04
   1.1320000e+03   1.7503711e+04   3.4628377e+03
   1.1330000e+03  -2.1986812e+03  -9.8167122e+03
   1.1340000e+03  -1.7983209e+04  -1.1275151e+04
   1.1350000e+03  -1.6992547e+04  -1.3877577e+04
   1.1360000e+03  -3.6739299e+02   1.2619336e+04
   1.1370000e+03   2.7710501e+04   1.8620210e+04
   1.1380000e+03   1.3201536e+04  -3.8338010e+02
   1.1390000e+03  -3.1320262e+04   1.3751905e+04
   1.1400000e+03  -2.9898910e+04   2.9436441e+04
   1.1410000e+03  -2.1610247e+03   2.5656761e+04
   1.1420000e+03   9.0475076e+03   1.2992598e+04
   1.1430000e+03   1.8403784e+04  -7.1023733e+03
   1.1440000e+03   1.1536546e+03   1.0886236e+04
   1.1450000e+03  -2.5576851e+04   5.5326742e+04
   1.1460000e+03  -7.3280911e+03   3.3105678e+04
   1.1470000e+03   3.8191300e+03  -2.7343472e+04
   1.1480000e+03  -1.5947369e+04  -1.0524870e+04
   1.1490000e+03  -1.9732776e+04   3.0075352e+04
   1.1500000e+03  -1.0292844e+04   9.7171439e+03
   1.1510000e+03   1.0764022e+04  -6.2043384e+03
   1.1520000e+03   3.4279794e+04  -2.2680620e+03
   1.1530000e+03   6.4642984e+03  -5.6692554e+03
   1.1540000e+03  -4.4401777e+04   4.9405377e+03
   1.1550000e+03  -3.3394952e+04   1.4050192e+04
   1.1560000e+03  -1.2850554e+03   1.5253273e+04
   1.1570000e+03  -6.3110579e+03   1.0813048e+04
   1.1580000e+03  -3.9754478e+03  -1.2265524e+04
   1.1590000e+03  -1.8312749e+03  -1.9358684e+04
   1.1600000e+03  -1.4147644e+04   1.0012386e+04
   1.1610000e+03   2.7155908e+03   2.5959609e+04
   1.1620000e+03   1.2232110e+04   2.9189486e+03
   1.1630000e+03  -1.6160449e+04  -1.9599598e+04
   1.1640000e+03  -2.7537720e+04  -2.8294594e+04
   1.1650000e+03  -1.1718745e+04  -1.4390029e+04
   1.1660000e+03   1.2586398e+03   2.4287493e+04
   1.1670000e+03   1.3289246e+04   7.3249387e+03
   1.1680000e+03   1.4685991e+04  -5.0215721e+04
   1.1690000e+03  -3.5834889e+03  -4.3799295e+04
   1.1700000e+03  -6.3952646e+03  -4.7801025e+03
   1.1710000e+03  -2.4000777e+03   1.1113984e+04
   1.1720000e+03  -9.4126926e+03   7.1588563e+03
   1.1730000e+03   8.1185761e+03  -1.8981600e+04
   1.1740000e+03   2.5070669e+04  -2.8971036e+04
   1.1750000e+03   2.1982471e+04  -3.8922799e+03
   1.1760000e+03   1.8851263e+04  -5.0490439e+03
   1.1770000e+03  -1.3313732e+04  -2.8750617e+04
   1.1780000e+03  -3.2379333e+04  -8.5516039e+03
   1.1790000e+03   5.6534345e+03   8.7854850e+03
   1.1800000e+03   1.6243281e+04  -1.5381799e+04
   1.1810000e+03  -1.1962342e+04  -1.8528681e+04
   1.1820000e+03   7.6531873e+02  -1.5726612e+04
   1.1830000e+03   2.8241998e+04  -2.4737642e+04
   1.1840000e+03   1.4421742e+04  -7.2553007e+03
   1.1850000e+03  -1.6195850e+03   6.5341971e+03
   1.1860000e+03   4.6126589e+03  -1.4041622e+03
   1.1870000e+03   1.5705769e+04  -1.1441027e+04
   1.1880000e+03   2.3266899e+04  -2.0938903e+04
   1.1890000e+03   7.1723766e+03  -1.0400533e+04
   1.1900000e+03   7.5494986e+03   7.6914017e+03
   1.1910000e+03   4.3387457e+04  -1.4229997e+04
   1.1920000e+03   2.4713581e+04  -3.5284511e+04
   1.1930000e+03  -2.6250959e+04   1.0308808e+04
   1.1940000e+03  -9.8813078e+03   3.9277217e+04
   1.1950000e+03   3.2205399e+04  -3.9153543e+03
   1.1960000e+03   2.9792826e+04  -2.4878552e+04
   1.1970000e+03   5.7840798e+03  -9.7507913e+03
   1.1980000e+03  -1.1048225e+04   1.1359348e+04
   1.1990000e+03  -1.3624285e+04   4.0369032e+04
   1.2000000e+03   1.1656481e+04   2.5519276e+04
   1.2010000e+03   2.1382955e+04  -4.8691067e+03
   1.2020000e+03  -5.3651221e+03   1.4948718e+04
   1.2030000e+03  -1.0564939e+03   2.8964678e+04
   1.2040000e+03   1.4613772e+04   3.3802287e+03
   1.2050000e+03  -1.6604028e+03  -1.3091388e+04
   1.2060000e+03  -1.0914358e+04  -6.2453023e+03
   1.2070000e+03  -9.1416891e+03   1.1347619e+04
   1.2080000e+03   8.7920763e+03   2.6863171e+04
   1.2090000e+03   2.8621306e+04   7.3532968e+03
   1.2100000e+03  -5.4641027e+03  -1.6344557e+04
   1.2110000e+03  -3.5670577e+04   4.9779287e+03
   1.2120000e+03   3.9992213e+03   1.5224847e+04
   1.2130000e+03   3.0397424e+04   2.6511423e+03
   1.2140000e+03  -3.5254650e+03   1.1569831e+04
   1.2150000e+03  -1.8539785e+04   8.8188956e+03
   1.2160000e+03  -8.8709222e+03  -2.4261441e+03
   1.2170000e+03  -1.7235656e+04   1.5599690e+04
   1.2180000e+03  -1.2145551e+04   3.0844949e+04
   1.2190000e+03  -1.2608133e+04   1.8223313e+04
   1.2200000e+03  -3.1729404e+04   2.2502354e+03
   1.2210000e+03  -1.8693088e+04   1.2922546e+03
   1.2220000e+03  -5.4002760e+03   1.4297103e+04
   1.2230000e+03  -8.6210254e+03   2.5377417e+04
   1.2240000e+03   1.7775499e+03   1.7535898e+03
   1.2250000e+03  -6.3732205e+03  -2.2748183e+04
   1.2260000e+03  -2.7399635e+04   6.8589329e+03
   1.2270000e+03  -2.0573334e+04   2.5763399e+04
   1.2280000e+03  -6.4650519e+03  -4.4599985e+03
   1.2290000e+03   8.3740738e+02  -2.6964653e+04
   1.2300000e+03   1.4292039e+04  -2.2128676e+04
   1.2310000e+03   5.9053749e+03   7.1487744e+03
   1.2320000e+03  -2.4451257e+04   2.4477623e+04
   1.2330000e+03  -2.5850409e+04  -7.2394421e+03
   1.2340000e+03  -1.7452186e+04  -2.0648591e+04
   1.2350000e+03  -1.7042415e+04   2.6103533e+04
   1.2360000e+03   8.6650016e+02   4.3334840e+04
   1.2370000e+03  -8.6134110e+02  -3.7868436e+03
   1.2380000e+03  -2.3354153e+04  -2.5261471e+04
   1.2390000e+03  -1.8225568e+04  -7.3148718e+03
   1.2400000e+03  -5.7245929e+03   4.6307816e+03
   1.2410000e+03  -2.1874043e+03   1.5030198e+04
   1.2420000e+03   3.4338779e+03  -1.5996188e+03
   1.2430000e+03  -4.3222733e+03  -3.1415083e+04
   1.2440000e+03  -5.6060680e+03  -2.1147538e+04
   1.2450000e+03   2.5762238e+04  -8.2211035e+03
   1.2460000e+03   2.8944896e+04  -1.1040023e+04
   1.2470000e+03  -3.7044541e+03  -2.7292361e+03
   1.2480000e+03   4.7152242e+03  -2.5385409e+03
   1.2490000e+03   1.7566162e+04  -1.4820195e+04
   1.2500000e+03   6.5807981e+02  -1.4264185e+04
   1.2510000e+03   9.8670521e+03  -4.6460825e+03
   1.2520000e+03   1.3896809e+04   6.9565369e+03
   1.2530000e+03  -1.0721751e+04   2.0135586e+04
   1.2540000e+03  -1.1566524e+04   2.7771061e+03
   1.2550000e+03   1.4548217e+03  -2.8233676e+04
   1.2560000e+03   6.8077197e+03  -1.6585863e+04
   1.2570000e+03   1.5487978e+04   5.4123156e+03
   1.2580000e+03   9.5701067e+03   9.7911573e+03
   1.2590000e+03  -3.1585896e+03   5.3736755e+03
   1.2600000e+03   1.5753101e+04  -2.7678112e+04
   1.2610000e+03   3.2077546e+04  -4.7923262e+04
   1.2620000e+03   2.0206135e+04  -1.4290360e+04
   1.2630000e+03   2.1509786e+04   1.3133838e+04
   1.2640000e+03   1.7074824e+04  -1.3280166e+03
   1.2650000e+03  -1.4921515e+03  -1.5491618e+04
   1.2660000e+03   1.0535482e+04  -1.5416270e+04
   1.2670000e+03   2.5181404e+04  -7.0456559e+03
   1.2680000e+03   1.5620270e+04   2.3792821e+04
   1.2690000e+03   1.8717682e+03   2.8065849e+04
   1.2700000e+03  -8.6971945e+03  -1.0096981e+04
   1.2710000e+03  -2.4323856e+03  -1.7105796e+04
   1.2720000e+03   1.0929568e+04  -2.9318134e+03
   1.2730000e+03   3.8920579e+03   1.1294267e+04
   1.2740000e+03   5.7821749e+03   2.3958250e+04
   1.2750000e+03   3.4514102e+04  -1.6385303e+04
   1.2760000e+03   1.8697640e+04  -4.8198091e+04
   1.2770000e+03  -3.1107411e+04  -3.8654514e+03
   1.2780000e+03  -8.9083060e+03   2.5256420e+04
   1.2790000e+03   3.1338577e+04   1.8168332e+03
   1.2800000e+03   7.6666536e+03  -1.1713688e+04
   1.2810000e+03  -1.5015647e+04  -6.2554066e+03
   1.2820000e+03  -1.6416326e+04   8.3810973e+03
   1.2830000e+03  -1.3682828e+04   3.1114957e+04
   1.2840000e+03   3.2618061e+03   1.7849985e+04
   1.2850000e+03  -3.0167682e+03  -1.7104233e+04
   1.2860000e+03  -2.5917016e+04  -6.5593460e+03
   1.2870000e+03  -7.4124637e+03   1.8246045e+04
   1.2880000e+03   2.1089702e+04   1.6768582e+04
   1.2890000e+03   1.4708110e+04  -1.4673342e+03
   1.2900000e+03   7.2030422e+03  -2.6022890e+04
   1.2910000e+03  -8.7788459e+03  -1.2572611e+04
   1.2920000e+03  -3.9554792e+04   2.6706507e+04
   1.2930000e+03  -1.9589704e+04   2.3560158e+04
   1.2940000e+03   1.8604858e+04  -5.2954655e+03
   1.2950000e+03   1.0922719e+04  -1.2593683e+04
   1.2960000e+03  -7.9842480e+03  -2.5148868e+03
   1.2970000e+03  -2.5289107e+04   1.7687155e+04
   1.2980000e+03  -3.1016318e+04   3.6687585e+04
   1.2990000e+03  -8.0905775e+03   1.1572533e+04
   1.3000000e+03  -6.8268888e+03  -2.5175727e+04
   1.3010000e+03  -3.4063138e+04  -6.3764839e+02
   1.3020000e+03  -2.7492839e+04   2.9415622e+04
   1.3030000e+03   5.2985529e+03   1.4679303e+04
   1.3040000e+03   1.0272210e+04  -2.6068725e+03
   1.3050000e+03  -4.2116157e+03  -1.0162683e+04
   1.3060000e+03  -1.5339190e+04   5.1158001e+01
   1.3070000e+03  -9.0886162e+03   2.2531667e+04
   1.3080000e+03   2.1319125e+04   1.4924080e+04
   1.3090000e+03   1.3394083e+04  -6.7456159e+03
   1.3100000e+03  -3.1614550e+04   4.9522977e+03
   1.3110000e+03  -2.7408753e+04   2.7644451e+04
   1.3120000e+03   2.2583203e+03   1.7791628e+04
   1.3130000e+03   4.2448144e+03  -6.9534052e+03
   1.3140000e+03  -7.5914136e+03  -1.9570201e+04
   1.3150000e+03  -1.8201930e+04  -4.1283571e+03
   1.3160000e+03  -6.6309057e+03   2.9132243e+04
   1.3170000e+03   1.7444349e+04   2.1111407e+04
   1.3180000e+03   1.0214740e+04  -8.6976757e+03
   1.3190000e+03  -9.7533261e+03  -1.1310940e+04
   1.3200000e+03   1.8295420e+03  -1.6435425e+04
   1.3210000e+03   1.3600855e+04  -1.0785725e+04
   1.3220000e+03   4.8420345e+03   1.9355231e+04
   1.3230000e+03   9.4751807e+03   1.8446774e+04
   1.3240000e+03   4.4654505e+03  -1.3346905e+04
   1.3250000e+03  -1.4240670e+04  -2.5200994e+04
   1.3260000e+03  -2.7104436e+03  -1.2755254e+04
   1.3270000e+03   1.1622419e+04   3.7809656e+03
   1.3280000e+03   1.5182691e+04   1.8511217e+04
   1.3290000e+03   1.9783054e+04   1.1047937e+04
   1.3300000e+03  -4.3233670e+03  -5.9014160e+03
   1.3310000e+03  -2.5731524e+04   4.4832462e+03
   1.3320000e+03   1.9669300e+03   3.3968831e+03
   1.3330000e+03   2.3477812e+04  -1.6456909e+04
   1.3340000e+03   7.6561373e+03  -1.0262053e+04
   1.3350000e+03   1.0820133e+04  -5.8358560e+01
   1.3360000e+03   2.1056557e+04   1.7729139e+02
   1.3370000e+03   1.2088256e+03  -5.2431085e+03
   1.3380000e+03   3.8445098e+02  -2.6719456e+04
   1.3390000e+03   1.4030904e+04  -2.7350411e+04
   1.3400000e+03   7.1054250e+03   3.3687960e+03
   1.3410000e+03   5.0514047e+03   1.9133218e+03
   1.3420000e+03  -5.4366101e+03  -3.4112159e+04
   1.3430000e+03  -1.7750444e+04  -3.6151098e+04
   1.3440000e+03   6.2956202e+03  -6.4548506e+03
   1.3450000e+03   2.1180244e+04   1.3294066e+04
   1.3460000e+03   8.9996133e+02   4.4946664e+03
   1.3470000e+03  -4.3868272e+03  -3.7484226e+04
   1.3480000e+03   1.2371956e+04  -3.7846684e+04
   1.3490000e+03   1.9410296e+04   2.4513871e+04
   1.3500000e+03   1.2984446e+04   3.0000471e+04
   1.3510000e+03  -1.0732639e+04  -2.6873862e+04
   1.3520000e+03  -3.1579740e+04  -3.6338222e+04
   1.3530000e+03  -4.9935276e+03   1.4104261e+03
   1.3540000e+03   3.1870177e+04   1.8031814e+04
   1.3550000e+03   3.3718538e+04   3.5838922e+03
   1.3560000e+03   1.6364770e+04  -1.9820804e+04
   1.3570000e+03  -2.3214838e+04  -2.6511603e+04
   1.3580000e+03  -4.1261377e+04   7.7929017e+03
   1.3590000e+03   1.0120428e+04   2.9379914e+04
   1.3600000e+03   4.1337846e+04  -3.0813257e+03
   1.3610000e+03  -7.7290939e+02  -2.2191013e+04
   1.3620000e+03  -2.9516918e+04  -6.2358750e+03
   1.3630000e+03  -1.5910125e+04   1.4613293e+04
   1.3640000e+03   1.5944904e+03   1.4092251e+04
   1.3650000e+03   2.1571161e+04  -3.0637051e+04
   1.3660000e+03   1.1493078e+04  -3.4596994e+04
   1.3670000e+03  -2.6163522e+04   3.8879106e+04
   1.3680000e+03  -1.5412236e+04   5.1420811e+04
   1.3690000e+03   1.1653393e+04  -1.5913560e+04
   1.3700000e+03   9.8090071e+03  -3.3054837e+04
   1.3710000e+03   2.0658555e+04   2.7166704e+03
   1.3720000e+03   1.4965848e+04   2.8128254e+04
   1.3730000e+03  -2.0151229e+04   4.0015969e+04
   1.3740000e+03  -1.9912565e+04   1.8533198e+04
   1.3750000e+03   2.5863901e+02  -1.2247960e+04
   1.3760000e+03   7.4519645e+03   4.1626907e+03
   1.3770000e+03   1.8525945e+04   2.7191096e+04
   1.3780000e+03   5.8741480e+03   3.0615568e+04
   1.3790000e+03  -2.4916249e+04   2.9058141e+04
   1.3800000e+03  -8.6925115e+03   4.5713711e+03
   1.3810000e+03   1.2563341e+04  -1.2230518e+04
   1.3820000e+03  -7.8528210e+03   1.2096330e+04
   1.3830000e+03  -1.5319654e+04   3.3735427e+04
   1.3840000e+03  -1.9594828e+04   2.0983743e+04
   1.3850000e+03  -3.0910659e+04   3.4507305e+02
   1.3860000e+03  -5.5449284e+03  -1.3208029e+04
   1.3870000e+03   1.0480928e+04  -8.5968705e+03
   1.3880000e+03  -1.1405964e+04   3.4745993e+04
   1.3890000e+03  -1.8666882e+04   4.6203131e+04
   1.3900000e+03  -1.0768166e+04  -7.0342995e+03
   1.3910000e+03  -2.0913832e+03  -2.4715870e+04
   1.3920000e+03   1.7916850e+04  -2.3841709e+03
   1.3930000e+03   1.2688494e+04   9.8992349e+03
   1.3940000e+03  -1.7213460e+04   2.0470607e+04
   1.3950000e+03   7.8072870e+01   7.1986118e+03
   1.3960000e+03   2.1804107e+04  -1.1398758e+04
   1.3970000e+03  -1.1833472e+04   1.6652715e+03
   1.3980000e+03  -2.3931928e+04   8.6526993e+03
   1.3990000e+03  -9.1602939e+03  -9.3858482e+02
   1.4000000e+03  -1.0514404e+04  -4.5505871e+03
   1.4010000e+03  -1.7015352e+03  -1.2875968e+04
   1.4020000e+03  -9.1032464e+03  -1.3532220e+04
   1.4030000e+03  -2.7318443e+04   1.1641944e+04
   1.4040000e+03  -3.3425972e+02   1.5697018e+04
   1.4050000e+03   1.8492423e+04  -1.3091074e+04
   1.4060000e+03  -9.2562717e+03  -2.6619367e+04
   1.4070000e+03  -1.8651407e+04  -2.1118755e+04
   1.4080000e+03  -3.5034730e+03  -1.2642282e+03
   1.4090000e+03   1.1784782e+03   1.2314607e+04
   1.4100000e+03   1.5749336e+04  -1.3440152e+04
   1.4110000e+03   1.8297852e+04  -3.1583266e+04
   1.4120000e+03  -1.3707846e+04  -1.1467324e+04
   1.4130000e+03  -1.8895720e+04  -1.9060051e+03
   1.4140000e+03   6.4895425e+03  -1.8214964e+04
   1.4150000e+03   2.1115446e+04  -1.9039700e+04
   1.4160000e+03   1.7284090e+04   1.3277058e+03
   1.4170000e+03  -7.4560770e+03   4.1534444e+03
   1.4180000e+03  -1.0912253e+04  -9.7131827e+03
   1.4190000e+03   1.4796458e+04  -1.8983184e+04
   1.4200000e+03   1.2015661e+04  -1.1187601e+04
   1.4210000e+03  -2.2348962e+03   4.5326266e+03
   1.4220000e+03   8.9671515e+03  -1.1245249e+04
   1.4230000e+03   1.0666679e+04  -2.5601808e+04
   1.4240000e+03  -6.7076649e+02  -6.4120457e+03
   1.4250000e+03   1.6384228e+04  -6.6956413e+03
   1.4260000e+03   2.8616978e+04  -1.8887540e+04
   1.4270000e+03   2.1898362e+03  -1.3732602e+04
   1.4280000e+03  -1.0232089e+04  -2.0895909e+04
   1.4290000e+03   4.7085783e+03  -2.8368584e+04
   1.4300000e+03   2.5167310e+04  -3.1699727e+03
   1.4310000e+03   3.7726129e+04   1.5734052e+04
   1.4320000e+03   7.9350820e+03   1.6868707e+02
   1.4330000e+03  -2.1864303e+04  -3.8861545e+03
   1.4340000e+03   6.7769623e+03   2.6520450e+03
   1.4350000e+03   3.5110501e+04   5.3832877e+02
   1.4360000e+03   1.8905523e+04   1.0761329e+04
   1.4370000e+03   1.2784739e+03   6.2284019e+03
   1.4380000e+03   9.3555610e+02   1.4551266e+03
   1.4390000e+03   7.6291096e+03   2.7626563e+04
   1.4400000e+03   1.6934835e+04   2.0813529e+04
   1.4410000e+03  -2.2745155e+03  -1.1240683e+04
   1.4420000e+03  -2.0881499e+04  -1.2026655e+04
   1.4430000e+03   1.8093558e+04  -7.6217609e+03
   1.4440000e+03   3.6004761e+04   1.5191180e+03
   1.4450000e+03  -1.2196457e+03   2.8325294e+04
   1.4460000e+03  -1.0931097e+04   1.8485622e+04
   1.4470000e+03  -7.1009272e+03  -2.3354110e+04
   1.4480000e+03  -1.6572500e+04  -1.6613155e+04
   1.4490000e+03  -2.9584048e+03   1.8548683e+04
   1.4500000e+03   1.3128110e+04   1.7851164e+04
   1.4510000e+03  -1.5552169e+03  -1.2948923e+03
   1.4520000e+03  -2.2969166e+04  -6.5930819e+03
   1.4530000e+03  -2.7357357e+04   2.3770229e+04
   1.4540000e+03  -1.1544410e+04   5.1609942e+04
   1.4550000e+03   1.7529504e+04   1.4446472e+04
   1.4560000e+03   1.0075748e+04  -2.3122668e+04
   1.4570000e+03  -2.6880521e+04  -7.0476545e+02
   1.4580000e+03  -1.2787190e+04   2.5090468e+04
   1.4590000e+03   1.0931224e+04   2.5732268e+04
   1.4600000e+03  -5.5535402e+03   2.2611769e+04
   1.4610000e+03  -6.5365551e+03   4.9894812e+03
   1.4620000e+03  -8.0250290e+03  -1.8596405e+04
   1.4630000e+03  -2.5556877e+04  -4.5383171e+03
   1.4640000e+03  -1.5348238e+04   2.0885575e+04
   1.4650000e+03  -5.4536272e+03   2.2748784e+04
   1.4660000e+03  -1.5032124e+04   1.3939734e+04
   1.4670000e+03  -1.0173003e+04  -1.0331066e+04
   1.4680000e+03  -1.3524770e+04  -9.5262110e+03
   1.4690000e+03  -3.7704425e+04   2.8335584e+04
   1.4700000e+03  -2.4892480e+04   2.7790768e+04
   1.4710000e+03   9.1273613e+03  -2.9896967e+03
   1.4720000e+03   8.6942549e+03  -1.7708466e+04
   1.4730000e+03  -2.9912852e+03  -1.2377470e+04
   1.4740000e+03  -2.0886980e+04   2.1185241e+04
   1.4750000e+03  -3.2265270e+04   4.3457795e+04
   1.4760000e+03   4.1143962e+03   3.2178565e+03
   1.4770000e+03   3.2733932e+04  -4.3890803e+04
   1.4780000e+03   6.2267562e+03  -1.7380211e+04
   1.4790000e+03  -2.8748197e+04   2.4016433e+04
   1.4800000e+03  -3.1540292e+04   7.1751035e+03
   1.4810000e+03   3.1259975e+03  -2.2763679e+04
   1.4820000e+03   3.6176427e+04  -3.8214133e+04
   1.4830000e+03   1.0815411e+04  -3.0592682e+04
   1.4840000e+03  -3.8097843e+04   2.6767163e+03
   1.4850000e+03  -2.6511608e+04   6.5101518e+03
   1.4860000e+03   1.1836603e+04  -1.3217417e+04
   1.4870000e+03   1.6742725e+04  -1.8903881e+04
   1.4880000e+03   1.6270859e+04  -2.1977428e+04
   1.4890000e+03   3.2988122e+03  -3.9344105e+03
   1.4900000e+03  -1.4411642e+04   3.2920988e+04
   1.4910000e+03   7.2451037e+03   1.7888067e+04
   1.4920000e+03   2.4218626e+04  -3.5595703e+04
   1.4930000e+03   2.0883787e+04  -2.6977055e+04
   1.4940000e+03   1.9623025e+04   2.1117192e+04
   1.4950000e+03  -7.4248212e+03   2.0467490e+04
   1.4960000e+03  -2.3466575e+04  -1.1322480e+04
   1.4970000e+03   1.8733329e+04  -3.3195783e+04
   1.4980000e+03   4.9069926e+04  -2.0581049e+04
   1.4990000e+03   2.2069746e+04   1.6672237e+04
   1.5000000e+03  -1.1796661e+03   9.0180616e+03
   1.5010000e+03  -2.6868401e+03  -3.3023697e+04
   1.5020000e+03  -2.7881564e+03  -3.6683420e+04
   1.5030000e+03   1.7681894e+04  -7.8296362e+03
   1.5040000e+03   2.7734757e+04   1.1444042e+04
   1.5050000e+03   9.1470331e+03   1.1860245e+04
   1.5060000e+03   6.7417091e+03  -6.6833515e+03
   1.5070000e+03   5.9884138e+03  -2.7236556e+04
   1.5080000e+03   1.2286245e+03  -1.4984286e+04
   1.5090000e+03   1.3574725e+04   8.3504176e+03
   1.5100000e+03   8.5394359e+03   1.5736017e+04
   1.5110000e+03  -3.0513847e+03   1.9080491e+04
   1.5120000e+03   1.5740948e+04  -2.5379137e+03
   1.5130000e+03   1.9659657e+04  -2.3267711e+04
   1.5140000e+03  -3.4989827e+03   3.5226864e+03
   1.5150000e+03   3.3220476e+02   2.5696857e+04
   1.5160000e+03   9.1778970e+03   1.4617126e+04
   1.5170000e+03  -1.7614913e+03  -4.4753113e+03
   1.5180000e+03   2.4040194e+03  -3.0377764e+04
   1.5190000e+03  -2.8103447e+03  -3.2899182e+04
   1.5200000e+03  -1.2497922e+04   8.6802614e+03
   1.5210000e+03   1.7322860e+04   2.4519347e+04
   1.5220000e+03   2.5067294e+04  -1.2062252e+04
   1.5230000e+03  -1.1083084e+04  -2.7011350e+04
   1.5240000e+03  -2.1599771e+04  -1.1171356e+04
   1.5250000e+03  -6.3448432e+03   1.1553245e+04
   1.5260000e+03   4.1430538e+03   3.9795587e+04
   1.5270000e+03   8.3846136e+03   2.4594300e+04
   1.5280000e+03  -7.9512273e+03  -9.0690734e+03
   1.5290000e+03  -2.7380849e+04  -1.6307861e+03
   1.5300000e+03  -9.2230907e+03   8.6663689e+03
   1.5310000e+03   2.7565812e+03   1.5462617e+04
   1.5320000e+03  -1.8278193e+04   2.8708281e+04
   1.5330000e+03  -1.9429634e+04   1.1210715e+04
   1.5340000e+03  -1.6029865e+04  -1.6539079e+04
   1.5350000e+03  -1.4586275e+04  -5.6390156e+03
   1.5360000e+03   1.0227708e+04   1.6427728e+04
   1.5370000e+03   1.0608939e+03   7.0865867e+03
   1.5380000e+03  -2.9410432e+04  -5.4210564e+03
   1.5390000e+03  -1.3252305e+04  -6.0611107e+03
   1.5400000e+03   1.2030241e+04  -5.1689774e+03
   1.5410000e+03   1.0353812e+04   1.2890438e+04
   1.5420000e+03  -4.8822334e+03   2.2151403e+04
   1.5430000e+03  -2.7978843e+04   5.8284600e+03
   1.5440000e+03  -2.9025543e+04  -8.2936195e+03
   1.5450000e+03   1.1081330e+04  -1.2314335e+04
   1.5460000e+03   2.9077764e+04   8.5890079e+03
   1.5470000e+03  -7.0568958e+03   3.5518362e+04
   1.5480000e+03  -3.0909113e+04   1.6630237e+04
   1.5490000e+03  -1.7139472e+04  -1.7945461e+04
   1.5500000e+03   1.5242662e+04  -5.9479333e+03
   1.5510000e+03   3.2799464e+04   2.1803577e+04
   1.5520000e+03  -1.4836440e+04   1.6498303e+04
   1.5530000e+03  -5.8472672e+04   1.0517514e+04
   1.5540000e+03  -1.7622678e+04   8.8413791e+03
   1.5550000e+03   2.5403369e+04  -3.6475597e+03
   1.5560000e+03   1.1645269e+04   7.6561927e+03
   1.5570000e+03  -1.2916050e+04   1.5686876e+04
   1.5580000e+03  -2.7173307e+04  -4.5270584e+03
   1.5590000e+03  -1.3179165e+04  -9.6882527e+03
   1.5600000e+03   3.5463773e+04   5.4767770e+02
   1.5610000e+03   3.7700088e+04   1.5323305e+04
   1.5620000e+03  -1.0506024e+04   2.2686740e+04
   1.5630000e+03  -9.6936549e+03  -5.7758036e+03
   1.5640000e+03   1.0989999e+04  -3.0228023e+04
   1.5650000e+03   4.2818614e+03  -8.5845228e+03
   1.5660000e+03   1.2199674e+04   8.0519292e+03
   1.5670000e+03   7.1256168e+03  -5.5328677e+03
   1.5680000e+03  -2.0703418e+04  -5.7272035e+03
   1.5690000e+03  -1.4345556e+04  -3.9842215e+03
   1.5700000e+03   7.0463485e+03  -1.2154145e+04
   1.5710000e+03   9.8933273e+03  -5.7944017e+03
   1.5720000e+03   1.4958612e+04  -4.2605623e+03
   1.5730000e+03   1.3805534e+04   9.6643520e+03
   1.5740000e+03  -6.4703303e+03   3.5174786e+04
   1.5750000e+03  -4.3792420e+03   9.4189720e+01
   1.5760000e+03   1.5406634e+04  -4.6841916e+04
   1.5770000e+03   1.6765941e+04  -1.7314378e+04
   1.5780000e+03   1.6892662e+04   2.3290688e+04
   1.5790000e+03   4.0327545e+03  -6.6216290e+03
   1.5800000e+03  -1.2571734e+04  -5.3500649e+04
   1.5810000e+03   1.0378396e+04  -4.0714340e+04
   1.5820000e+03   2.0229449e+04   5.9820934e+03
   1.5830000e+03  -5.9328684e+03   1.9128619e+04
   1.5840000e+03  -1.0583731e+04  -2.6316855e+04
   1.5850000e+03  -1.1297290e+03  -5.5700841e+04
   1.5860000e+03  -9.1481335e+02  -3.6398274e+03
   1.5870000e+03   6.8443900e+03   3.2216362e+04
   1.5880000e+03   6.4549963e+03   7.3793938e+02
   1.5890000e+03  -1.1827376e+04  -1.9641699e+04
   1.5900000e+03  -2.1159872e+03  -1.6429987e+04
   1.5910000e+03   2.0567093e+04  -4.9241891e+03
   1.5920000e+03   1.3846067e+04   6.6126400e+03
   1.5930000e+03   1.2037372e+04  -1.0804747e+04
   1.5940000e+03   7.9849426e+03  -2.5125641e+04
   1.5950000e+03  -5.2437204e+03  -2.8434471e+03
   1.5960000e+03   1.0665895e+04   4.9348354e+03
   1.5970000e+03   1.2379532e+04  -1.6250704e+04
   1.5980000e+03  -5.1548725e+03  -1.7269516e+04
   1.5990000e+03   6.0471639e+03  -1.3066037e+04
   1.6000000e+03   7.6887223e+03  -8.3220889e+03
   1.6010000e+03  -1.1937834e+04   2.3503960e+04
   1.6020000e+03  -1.7335396e+04   2.7853453e+04
   1.6030000e+03  -1.4195355e+04   3.8129191e+02
   1.6040000e+03   1.0913895e+03  -6.3301493e+03
   1.6050000e+03   2.1600655e+04  -8.8579640e+03
   1.6060000e+03  -6.0079018e+02  -4.2410110e+03
   1.6070000e+03  -3.2681957e+04   1.9791461e+04
   1.6080000e+03  -4.5630910e+03   2.7653058e+04
   1.6090000e+03   2.7352233e+04   9.4303832e+03
   1.6100000e+03   1.6035830e+04  -6.0418293e+03
   1.6110000e+03   2.6580919e+03  -7.7885943e+03
   1.6120000e+03  -1.2726262e+04  -2.7967335e+03
   1.6130000e+03  -1.4562805e+04   1.1013305e+04
   1.6140000e+03   1.4141826e+04   9.7956282e+03
   1.6150000e+03   1.8392020e+04   1.2092051e+03
   1.6160000e+03  -2.2681431e+03   2.2218172e+04
   1.6170000e+03  -5.7576040e+03   2.4741414e+04
   1.6180000e+03  -9.2267724e+03   6.3330227e+03
   1.6190000e+03  -1.7291629e+04   1.4910829e+04
   1.6200000e+03  -4.1080802e+03   1.4385668e+04
   1.6210000e+03   1.9572161e+03   1.0663565e+04
   1.6220000e+03  -1.4161637e+04   2.9863343e+04
   1.6230000e+03  -7.1337383e+03   3.1997189e+04
   1.6240000e+03   4.4856860e+03   1.7011165e+04
   1.6250000e+03  -2.1236788e+03   8.9358013e+03
   1.6260000e+03   9.4028580e+03   5.2562768e+03
   1.6270000e+03   7.1079319e+03   1.4517854e+04
   1.6280000e+03  -1.8908683e+04   1.9894041e+04
   1.6290000e+03  -8.5147005e+03  -1.4419155e+04
   1.6300000e+03   4.2159267e+03  -2.4385259e+04
   1.6310000e+03  -1.6086591e+04   3.2220650e+04
   1.6320000e+03  -1.3266944e+04   4.1076778e+04
   1.6330000e+03   4.6335031e+03  -1.0954406e+04
   1.6340000e+03  -3.8113893e+03  -1.9426499e+04
   1.6350000e+03  -8.4855803e+03   5.1764719e+02
   1.6360000e+03  -1.4892240e+04   8.8129121e+03
   1.6370000e+03  -3.3745039e+04   1.2965677e+04
   1.6380000e+03  -1.2632024e+04   9.2256599e+03
   1.6390000e+03   1.4807984e+04   5.3763274e+03
   1.6400000e+03  -4.0437295e+03   9.7283846e+02
   1.6410000e+03  -1.6783028e+04  -1.4593780e+04
   1.6420000e+03  -1.3126374e+04  -1.2338250e+04
   1.6430000e+03  -1.3473174e+04   2.0177734e+04
   1.6440000e+03   5.5512551e+03   1.2572997e+04
   1.6450000e+03   1.1063584e+04  -3.8796510e+04
   1.6460000e+03  -2.0563923e+04  -3.7947207e+04
   1.6470000e+03  -2.0044886e+04   2.0855256e+03
   1.6480000e+03   1.7797284e+04   1.0129662e+04
   1.6490000e+03   2.2580183e+04  -1.1698473e+04
   1.6500000e+03  -4.4610204e+03  -3.2498640e+04
   1.6510000e+03  -2.8851333e+04  -2.2371579e+04
   1.6520000e+03  -1.4244676e+04  -2.2044927e+03
   1.6530000e+03   4.4133963e+04  -9.3171413e+03
   1.6540000e+03   4.1766620e+04  -1.8990644e+04
   1.6550000e+03  -2.9868241e+04  -1.0582958e+04
   1.6560000e+03  -3.9338525e+04  -9.9294899e+03
   1.6570000e+03   9.8746588e+03  -1.4932397e+04
   1.6580000e+03   3.7474716e+04   1.0539739e+03
   1.6590000e+03   3.5256446e+04  -2.3348214e+03
   1.6600000e+03   6.9075224e+03  -2.6020039e+04
   1.6610000e+03  -1.8366580e+04  -7.2425832e+03
   1.6620000e+03  -7.2598347e+03  -1.5978462e+03
   1.6630000e+03   1.1802757e+04  -3.3611686e+04
   1.6640000e+03   1.9211597e+04  -2.3134080e+04
   1.6650000e+03   1.8917058e+04   2.3607561e+03
   1.6660000e+03  -7.9749812e+03  -1.7031361e+03
   1.6670000e+03  -2.2179220e+04  -9.9381375e+03
   1.6680000e+03   1.9392509e+04  -2.1623172e+04
   1.6690000e+03   3.8134128e+04  -2.5097322e+04
   1.6700000e+03   9.4424489e+03  -1.7265082e+03
   1.6710000e+03   4.8068175e+03   1.0073331e+04
   1.6720000e+03   1.1872000e+04  -8.3877510e+03
   1.6730000e+03   1.2580284e+04  -8.0310585e+03
   1.6740000e+03   2.9346295e+04   1.5405756e+04
   1.6750000e+03   2.9978259e+04   2.2816489e+04
   1.6760000e+03   5.6612420e+03   6.8577016e+03
   1.6770000e+03  -2.5862845e+03  -2.2281736e+04
   1.6780000e+03  -1.4458605e+03  -1.2779602e+04
   1.6790000e+03   2.7550603e+02   3.4959177e+04
   1.6800000e+03   1.5845816e+04   2.5327023e+04
   1.6810000e+03   4.4171572e+03  -2.4773044e+04
   1.6820000e+03  -2.4672617e+04  -1.7033108e+04
   1.6830000e+03  -2.9525937e+03   2.6310314e+04
   1.6840000e+03   2.0346636e+04   2.7145836e+04
   1.6850000e+03  -2.2027588e+01  -3.7150988e+03
   1.6860000e+03  -1.1070192e+04  -1.4024097e+04
   1.6870000e+03  -9.1736708e+03   4.8536865e+03
   1.6880000e+03  -1.4978730e+03   2.7825571e+04
   1.6890000e+03   2.2316053e+04   1.3343540e+04
   1.6900000e+03   2.4289693e+04  -1.1150444e+04
   1.6910000e+03   9.5568719e+02   8.1980328e+03
   1.6920000e+03  -6.5769514e+03   2.0409183e+04
   1.6930000e+03  -1.0324168e+04   1.7486909e+04
   1.6940000e+03  -1.8844743e+04   3.1466893e+04
   1.6950000e+03   5.3184963e+02   1.9613573e+04
   1.6960000e+03   1.4388881e+04   5.7717797e+03
   1.6970000e+03  -7.9282746e+03   1.8123442e+04
   1.6980000e+03  -2.6209605e+04   7.0758504e+03
   1.6990000e+03  -4.1991466e+04  -2.8529559e+03
   1.7000000e+03  -3.8300092e+04   2.7004411e+04
   1.7010000e+03   7.9032835e+03   3.0094420e+04
   1.7020000e+03   1.6937159e+04  -1.6694730e+04
   1.7030000e+03  -2.1438001e+04  -2.4118723e+04
   1.7040000e+03  -3.0532369e+04   9.6513317e+03
   1.7050000e+03  -1.3558987e+04   1.2917509e+04
   1.7060000e+03   4.1985106e+03  -8.5544250e+02
   1.7070000e+03   7.8442442e+03  -9.3630178e+03
   1.7080000e+03  -2.7973156e+04   4.8996449e+02
   1.7090000e+03  -4.4768428e+04   2.3890578e+04
   1.7100000e+03   9.2552811e+03   9.8715497e+03
   1.7110000e+03   3.1436276e+04  -1.0958261e+04
   1.7120000e+03  -1.6412485e+04   4.0937716e+03
   1.7130000e+03  -3.5133635e+04   1.1826591e+04
   1.7140000e+03  -2.8568748e+04   2.4591559e+03
   1.7150000e+03  -1.8525276e+04  -3.2135201e+02
   1.7160000e+03   1.9706531e+04  -6.1440823e+03
   1.7170000e+03   2.5377186e+04  -1.2894179e+04
   1.7180000e+03  -1.0055667e+04  -4.6968974e+03
   1.7190000e+03  -1.9450568e+04  -5.1720715e+03
   1.7200000e+03  -1.0672936e+04  -8.0321205e+03
   1.7210000e+03  -3.8301584e+03   1.2256636e+04
   1.7220000e+03   6.8358424e+03   2.6502684e+03
   1.7230000e+03   2.1746777e+03  -2.7443446e+04
   1.7240000e+03  -1.2433957e+04  -1.6239376e+04
   1.7250000e+03   4.3899796e+02  -2.9435339e+03
   1.7260000e+03   2.0044894e+04  -1.0150143e+03
   1.7270000e+03   1.7833924e+04   8.8046282e+03
   1.7280000e+03   1.2545906e+04  -2.2064665e+03
   1.7290000e+03  -1.0496504e+04  -1.7977847e+04
   1.7300000e+03  -2.8046910e+04  -9.3012712e+03
   1.7310000e+03   1.3816082e+04   2.2338823e+02
   1.7320000e+03   4.6354520e+04   4.2953509e+03
   1.7330000e+03   1.6703965e+04   1.0178165e+04
   1.7340000e+03  -1.3610499e+04  -1.1635871e+04
   1.7350000e+03  -1.6333694e+04  -3.3619356e+04
   1.7360000e+03   1.7784599e+02   2.3737911e+02
   1.7370000e+03   2.8185175e+04   2.3371110e+04
   1.7380000e+03   2.1111552e+04  -7.8523056e+03
   1.7390000e+03  -1.2725268e+04  -3.0464928e+04
   1.7400000e+03   2.8553674e+03  -2.3269502e+04
   1.7410000e+03   3.4234585e+04   2.9451824e+03
   1.7420000e+03   2.0743575e+04   1.8672054e+04
   1.7430000e+03   6.6276122e+03  -8.4408292e+03
   1.7440000e+03  -6.4600010e+01  -3.1619584e+04
   1.7450000e+03   1.7787511e+03  -1.3197322e+04
   1.7460000e+03   3.9694462e+04   6.1211657e+03
   1.7470000e+03   4.4867384e+04   6.9828435e+03
   1.7480000e+03  -6.0998317e+03   1.9121766e+03
   1.7490000e+03  -2.2248279e+04  -2.1270225e+04
   1.7500000e+03   5.1402043e+03  -2.5786476e+04
   1.7510000e+03   1.7550012e+04   1.6263121e+04
   1.7520000e+03   1.8570475e+04   1.5482526e+04
   1.7530000e+03   1.1654627e+04  -2.8475161e+04
   1.7540000e+03  -1.3779035e+04  -2.2153081e+04
   1.7550000e+03  -1.5611991e+04   3.6764537e+03
   1.7560000e+03  -4.3429650e+02   7.9992107e+03
   1.7570000e+03  -6.0094151e+03   9.2266553e+03
   1.7580000e+03  -2.5908237e+03  -5.6818338e+03
   1.7590000e+03  -8.3199963e+02  -2.2208345e+04
   1.7600000e+03  -7.1384394e+03  -3.3349531e+03
   1.7610000e+03   1.2853711e+04   1.6441417e+04
   1.7620000e+03   1.5620222e+04   4.6822631e+03
   1.7630000e+03  -4.9516575e+03  -7.6635147e+02
   1.7640000e+03   1.0909807e+03  -1.2802844e+03
   1.7650000e+03   9.2988766e+03  -8.9246430e+03
   1.7660000e+03   5.8267479e+03   8.1547698e+03
   1.7670000e+03   8.4031318e+03   1.3600816e+04
   1.7680000e+03  -9.9915296e+03  -4.6217730e+03
   1.7690000e+03  -3.6605017e+04   1.0587273e+04
   1.7700000e+03  -1.2349416e+04   2.6245558e+04
   1.7710000e+03   1.9517513e+04   7.7729127e+03
   1.7720000e+03   1.5272951e+03  -1.8095165e+03
   1.7730000e+03  -2.0134721e+04   3.4436733e+03
   1.7740000e+03  -3.3149860e+04   7.3614457e+03
   1.7750000e+03  -3.2633280e+04   2.1530897e+04
   1.7760000e+03   5.7932076e+03   2.5260397e+04
   1.7770000e+03   1.4341359e+04  -6.4761430e+02
   1.7780000e+03  -1.1789965e+04  -6.2759686e+03
   1.7790000e+03  -3.4125766e+03   1.5046409e+04
   1.7800000e+03  -1.3533043e+03   1.7542954e+04
   1.7810000e+03  -1.7938010e+04   5.1157966e+03
   1.7820000e+03   3.1434127e+02  -1.1131247e+04
   1.7830000e+03   5.0295927e+03  -6.7137460e+03
   1.7840000e+03  -2.3082212e+04   2.6610829e+04
   1.7850000e+03  -2.7323495e+03   2.9216962e+04
   1.7860000e+03   3.5400130e+04   2.6624439e+03
   1.7870000e+03   9.9182491e+03  -6.5754688e+03
   1.7880000e+03  -3.8419679e+04  -1.2161838e+04
   1.7890000e+03  -4.8824165e+04  -1.0988839e+04
   1.7900000e+03  -9.4588696e+03   2.3530959e+04
   1.7910000e+03   3.2445332e+04   4.1440291e+04
   1.7920000e+03   5.4338058e+03  -1.6205815e+03
   1.7930000e+03  -3.8319373e+04  -3.3402168e+04
   1.7940000e+03  -1.5590482e+04  -6.0483458e+03
   1.7950000e+03   1.4206730e+04   3.4059624e+04
   1.7960000e+03  -6.2085944e+03   4.1625091e+04
   1.7970000e+03  -1.4144101e+04   1.6225773e+03
   1.7980000e+03   9.2054796e+03  -2.8270851e+04
   1.7990000e+03   8.1042900e+03  -3.6803064e+03
   1.8000000e+03  -2.8508131e+03   1.3804592e+04
   1.8010000e+03  -1.8946179e+02   3.7299131e+03
   1.8020000e+03   6.2851517e+03   2.3938102e+03
   1.8030000e+03   1.9758594e+04   3.8470715e+03
   1.8040000e+03   2.4797789e+03   3.2304877e+03
   1.8050000e+03  -3.1381298e+04   7.0080325e+03
   1.8060000e+03  -1.3592023e+04  -9.2444964e+03
   1.8070000e+03   1.9691029e+04  -3.1776931e+04
   1.8080000e+03   2.4268460e+04  -6.9590315e+03
   1.8090000e+03   1.4924078e+04   1.5628277e+04
   1.8100000e+03  -4.0530553e+03  -8.9185129e+03
   1.8110000e+03  -8.8567347e+03  -1.5030670e+04
   1.8120000e+03   1.3064627e+04  -9.2650673e+03
   1.8130000e+03   1.3350033e+04  -2.1193090e+04
   1.8140000e+03  -1.2227067e+04  -1.8912804e+04
   1.8150000e+03  -3.1194731e+03  -8.9044034e+03
   1.8160000e+03   1.9950597e+04   6.4507852e+03
   1.8170000e+03   1.5108698e+04   1.4310714e+04
   1.8180000e+03   1.1881318e+04  -1.5076679e+04
   1.8190000e+03  -1.2133763e+03  -3.2380653e+04
   1.8200000e+03  -2.0281252e+04  -5.4624101e+03
   1.8210000e+03  -8.4510494e+03   7.3609410e+03
   1.8220000e+03   3.8043096e+02  -1.2875543e+04
   1.8230000e+03   9.9638771e+03  -1.9279490e+04
   1.8240000e+03   3.3102571e+04  -1.4127155e+04
   1.8250000e+03   1.1545590e+04  -1.2666306e+04
   1.8260000e+03  -2.7005043e+04   1.1121524e+03
   1.8270000e+03  -4.4074058e+03  -1.3232487e+03
   1.8280000e+03   3.3239456e+04  -2.0704405e+04
   1.8290000e+03   1.9454997e+04  -2.1039971e+04
   1.8300000e+03  -1.6457124e+03  -2.0026554e+04
   1.8310000e+03   9.7328954e+02  -1.4500560e+04
   1.8320000e+03   6.2525301e+03   2.8244989e+03
   1.8330000e+03   1.0974584e+04  -2.4301305e+03
   1.8340000e+03  -7.9131571e+03  -1.4472847e+04
   1.8350000e+03  -2.4880231e+04  -1.1880965e+03
   1.8360000e+03   9.2042074e+03   3.3636178e+03
   1.8370000e+03   2.8478142e+04  -1.0563152e+04
   1.8380000e+03   2.4040005e+02   3.9398087e+03
   1.8390000e+03  -1.2551922e+04   1.5132042e+04
   1.8400000e+03   4.0428150e+02  -1.3155217e+04
   1.8410000e+03   1.1277338e+04  -1.3068818e+04
   1.8420000e+03   7.0713028e+03   1.5023639e+04
   1.8430000e+03  -1.3368615e+04   8.8687408e+03
   1.8440000e+03  -1.5182132e+04  -1.3857783e+04
   1.8450000e+03   2.2175271e+04  -1.0119799e+04
   1.8460000e+03   2.9482285e+04   2.4247398e+04
   1.8470000e+03  -1.7000939e+04   3.5065310e+04
   1.8480000e+03  -2.4718971e+04  -7.7492279e+03
   1.8490000e+03   1.0422598e+04  -2.8578333e+04
   1.8500000e+03   2.0440210e+04   1.2628457e+04
   1.8510000e+03   1.1411044e+04   4.2355772e+04
   1.8520000e+03  -3.5678967e+03   2.3011927e+04
   1.8530000e+03  -1.3132543e+04   4.5136313e+02
   1.8540000e+03   8.0291304e+02  -7.0582702e+03
   1.8550000e+03   9.4985706e+03   4.1408729e+03
   1.8560000e+03  -8.9078384e+03   3.1572441e+04
   1.8570000e+03  -2.7678016e+04   2.0122696e+04
   1.8580000e+03  -2.3247966e+04  -1.2476751e+04
   1.8590000e+03   4.4145841e+02   3.5131318e+03
   1.8600000e+03   1.9310428e+04   3.3297629e+04
   1.8610000e+03  -1.9335019e+03   2.7050938e+04
   1.8620000e+03  -2.8847407e+04   3.2237414e+03
   1.8630000e+03  -2.9133249e+03  -5.9795336e+03
   1.8640000e+03   1.9572480e+04   1.0814448e+04
   1.8650000e+03   8.4891543e+03   2.9539507e+04
   1.8660000e+03   8.9501326e+03   1.7153085e+04
   1.8670000e+03  -9.5410829e+02  -5.3677080e+02
   1.8680000e+03  -1.9595651e+04   2.1204710e+04
   1.8690000e+03  -1.5679272e+04   3.2555438e+04
   1.8700000e+03  -1.4369380e+04   5.0905620e+03
   1.8710000e+03  -9.4001588e+03   7.5622018e+02
   1.8720000e+03   6.3188783e+03   6.8420886e+03
   1.8730000e+03  -1.1860010e+04  -2.7966443e+03
   1.8740000e+03  -3.8209501e+04  -1.2656987e+03
   1.8750000e+03  -1.0656435e+04   5.0899240e+02
   1.8760000e+03   1.5640817e+04   1.7931070e+03
   1.8770000e+03  -6.4172272e+03   3.0134866e+03
   1.8780000e+03  -1.8830093e+04  -1.5356902e+04
   1.8790000e+03  -1.8906712e+04  -2.3067305e+04
   1.8800000e+03  -1.7758333e+04   3.6534836e+03
   1.8810000e+03   1.0328394e+04   2.1101101e+04
   1.8820000e+03   1.4597222e+04   3.8639472e+03
   1.8830000e+03  -1.8638949e+04  -1.3109083e+04
   1.8840000e+03  -1.9894191e+04  -1.7352859e+04
   1.8850000e+03   7.6892955e+03  -3.5938646e+03
   1.8860000e+03   1.7857914e+04   2.4237569e+04
   1.8870000e+03   9.6632899e+03   2.9707614e+03
   1.8880000e+03  -2.7088891e+03  -3.5595622e+04
   1.8890000e+03  -1.8503662e+03  -1.6670930e+04
   1.8900000e+03   2.0140973e+04   1.0176649e+03
   1.8910000e+03   1.7085453e+04  -5.9453683e+03
   1.8920000e+03  -1.7714490e+04   3.4538204e+02
   1.8930000e+03  -2.1618945e+04  -8.7295999e+03
   1.8940000e+03  -1.2730422e+04  -3.0665398e+04
   1.8950000e+03  -1.5182613e+04  -2.0667846e+04
   1.8960000e+03   6.9457440e+03  -3.4028004e+03
   1.8970000e+03   1.9243822e+04  -1.6060851e+04
   1.8980000e+03   1.3717320e+03  -2.9216541e+04
   1.8990000e+03  -2.9655473e+03  -2.6942139e+04
   1.9000000e+03  -2.3248659e+03  -1.7047026e+04
   1.9010000e+03  -4.3353164e+03  -1.4685626e+03
   1.9020000e+03   1.3614050e+04  -1.3614402e+04
   1.9030000e+03   2.5958322e+04  -3.1827103e+04
   1.9040000e+03   1.8486013e+04  -1.0858267e+04
   1.9050000e+03   2.0881552e+04   2.3921593e+03
   1.9060000e+03   1.5353327e+04  -8.1594848e+03
   1.9070000e+03  -3.0806205e+03  -6.8863214e+03
   1.9080000e+03   4.5542899e+03  -4.9988967e+03
   1.9090000e+03   9.6872272e+03  -7.9476255e+03
   1.9100000e+03   2.4025448e+03   1.3734577e+03
   1.9110000e+03   1.8355745e+04   4.1780657e+03
   1.9120000e+03   2.1700377e+04  -1.0229695e+04
   1.9130000e+03   1.3752306e+03  -6.7951132e+03
   1.9140000e+03  -1.3093335e+03   3.8837203e+03
   1.9150000e+03   3.7738741e+03   1.2921526e+02
   1.9160000e+03   7.8706377e+03   1.2809570e+04
   1.9170000e+03   2.3155135e+04   1.7580694e+04
   1.9180000e+03   2.3001820e+04  -5.1567825e+03
   1.9190000e+03   8.9909463e+03  -7.7286401e+03
   1.9200000e+03   1.7402375e+04  -8.8045041e+02
   1.9210000e+03   7.5163260e+03  -7.4207515e+03
   1.9220000e+03  -2.0957946e+04   4.7891860e+02
   1.9230000e+03   9.2633518e+03   1.3689215e+04
   1.9240000e+03   3.7432785e+04   3.7468091e+03
   1.9250000e+03   5.1290565e+02  -8.1956349e+03
   1.9260000e+03  -1.7875123e+04  -4.3719792e+03
   1.9270000e+03   3.5012236e+03   7.0505151e+03
   1.9280000e+03   1.5319788e+04   2.7138905e+04
   1.9290000e+03   6.4663045e+03   2.8824376e+04
   1.9300000e+03  -1.7445249e+04   1.3518115e+04
   1.9310000e+03  -1.9175252e+04   2.0838174e+04
   1.9320000e+03   1.7214086e+04   1.6744879e+04
   1.9330000e+03   1.9288686e+04   1.1114794e+03
   1.9340000e+03  -2.8095208e+04   2.0086657e+04
   1.9350000e+03  -3.5641351e+04   3.6917584e+04
   1.9360000e+03  -1.2657177e+04   2.8549324e+04
   1.9370000e+03  -1.1727654e+04   9.6923851e+03
   1.9380000e+03  -4.6799207e+03  -1.1627867e+04
   1.9390000e+03  -1.1854028e+04  -9.4086480e+02
   1.9400000e+03  -3.0440526e+04   2.8991954e+04
   1.9410000e+03  -7.9080609e+03   1.2906363e+04
   1.9420000e+03   6.3835182e+03  -2.6335984e+04
   1.9430000e+03  -1.0379750e+04  -1.0528744e+04
   1.9440000e+03  -1.2610638e+04   2.3592336e+04
   1.9450000e+03  -9.1219272e+03   1.5676987e+04
   1.9460000e+03  -7.5863479e+03   1.9355465e+03
   1.9470000e+03  -3.5287664e+02  -5.8134060e+03
   1.9480000e+03  -5.7768343e+03  -2.0430882e+03
   1.9490000e+03  -1.6488873e+04   2.5332081e+04
   1.9500000e+03  -1.1440596e+04   2.0940759e+04
   1.9510000e+03  -1.7094273e+04  -3.5863828e+03
   1.9520000e+03  -2.4915868e+04   8.3437429e+03
   1.9530000e+03   4.1999782e+01   1.3110682e+04
   1.9540000e+03  -3.2889234e+03  -1.4778604e+04
   1.9550000e+03  -4.0367720e+04  -2.0746949e+04
   1.9560000e+03  -2.5783692e+04  -3.7236228e+02
   1.9570000e+03   7.7554638e+03   3.8597580e+03
   1.9580000e+03   4.3548316e+03  -8.2919943e+03
   1.9590000e+03  -2.6290946e+03  -2.8191270e+04
   1.9600000e+03  -3.7756907e+03  -3.3905081e+04
   1.9610000e+03  -9.5004015e+03   5.5780200e+02
   1.9620000e+03   3.4480472e+03   1.7457306e+04
   1.9630000e+03   1.8185533e+04  -4.4856333e+03
   1.9640000e+03  -2.3478703e+03  -5.7055697e+03
   1.9650000e+03  -8.0692211e+03  -1.0838445e+03
   1.9660000e+03   1.7983219e+04  -9.5746162e+03
   1.9670000e+03   1.6847011e+04   1.6785983e+03
   1.9680000e+03   1.7150010e+03   9.1448234e+03
   1.9690000e+03  -7.8718423e+03  -8.3121243e+03
   1.9700000e+03  -1.0901036e+04  -8.5473850e+03
   1.9710000e+03   9.4785113e+03   7.9386119e+03
   1.9720000e+03   1.4648797e+04   4.2215333e+03
   1.9730000e+03   1.1531294e+03  -1.1543577e+04
   1.9740000e+03   3.5539895e+03  -2.5317188e+04
   1.9750000e+03  -1.5323910e+03  -1.8476924e+04
   1.9760000e+03  -4.2282277e+03   5.1985345e+03
   1.9770000e+03   2.4853263e+04  -7.9310406e+03
   1.9780000e+03   3.7642212e+04  -2.7072108e+04
   1.9790000e+03   1.1537723e+04  -7.6992898e+03
   1.9800000e+03   1.8669925e+03  -4.1284923e+03
   1.9810000e+03   7.3465059e+03  -1.6171019e+04
   1.9820000e+03   4.1385808e+03  -1.1352038e+04
   1.9830000e+03   2.1726873e+04  -1.3466303e+04
   1.9840000e+03   3.1915928e+04  -1.2558390e+04
   1.9850000e+03   1.4570801e+04   5.2494319e+03
   1.9860000e+03   7.2917592e+03   1.2669777e+03
   1.9870000e+03  -8.3050861e+03  -1.8403442e+04
   1.9880000e+03  -1.4006101e+04  -7.7715795e+03
   1.9890000e+03   2.6476345e+04   7.4962360e+03
   1.9900000e+03   3.7618072e+04   9.7575452e+02
   1.9910000e+03  -9.9848076e+03  -3.4648560e+03
   1.9920000e+03  -3.0162058e+04  -7.6476652e+03
   1.9930000e+03   6.2584053e+03   8.7128754e+02
   1.9940000e+03   4.4352503e+04   1.8872638e+04
   1.9950000e+03   4.0425509e+04   1.5856715e+03
   1.9960000e+03  -1.2372490e+04  -1.9352135e+04
   1.9970000e+03  -4.3978712e+04  -4.8794593e+03
   1.9980000e+03   6.0190239e+03   1.0284544e+04
   1.9990000e+03   4.5472129e+04   1.2474362e+04
   2.0000000e+03   2.3980205e+04   1.1800041e+04
