   1.0274000e+02   2.5123000e+01
   9.6338372e+01   3.0909866e+01
   0.0000000e+00  -1.1274667e+04  -1.1274667e+04
   1.0000000e+00  -1.5408657e+04   1.6795439e+04
   2.0000000e+00  -1.0236638e+04   3.3494383e+04
   3.0000000e+00  -1.1286909e+04   3.3375397e+03
   4.0000000e+00  -1.3000150e+03  -3.9093354e+04
   5.0000000e+00   2.1279926e+04  -3.7291966e+04
   6.0000000e+00   1.9747172e+04   1.1787951e+04
   7.0000000e+00  -1.4141362e+04   5.9446255e+04
   8.0000000e+00  -2.3572905e+04   5.0628248e+04
   9.0000000e+00   2.5040491e+04  -6.8658236e+03
   1.0000000e+01   6.4330991e+04  -4.6554938e+04
   1.1000000e+01   1.9781067e+04  -2.6083006e+04
   1.2000000e+01  -6.9186190e+04   3.2564349e+04
   1.3000000e+01  -8.6386151e+04   5.4258847e+04
   1.4000000e+01   1.0494849e+04   2.9662315e+03
   1.5000000e+01   1.0073903e+05  -4.4805553e+04
   1.6000000e+01   5.1453595e+04  -1.8102007e+04
   1.7000000e+01  -7.5051666e+04   3.4930414e+04
   1.8000000e+01  -1.0091860e+05   3.3913948e+04
   1.9000000e+01   1.3227574e+04  -1.6759941e+04
   2.0000000e+01   9.7461553e+04  -4.7948825e+04
   2.1000000e+01   1.8756804e+04  -1.3781652e+04
   2.2000000e+01  -9.2533089e+04   5.8324577e+04
   2.3000000e+01  -5.2674368e+04   8.1003367e+04
   2.4000000e+01   6.6521618e+04   5.8693668e+03
   2.5000000e+01   7.5931740e+04  -8.7055184e+04
   2.6000000e+01  -2.9760397e+04  -7.7424314e+04
   2.7000000e+01  -1.0181094e+05   3.1114718e+04
   2.8000000e+01  -5.4561367e+04   1.1267949e+05
   2.9000000e+01   4.9676803e+04   6.9086577e+04
   3.0000000e+01   8.6811960e+04  -5.2906023e+04
   3.1000000e+01   1.8058390e+04  -1.0284407e+05
   3.2000000e+01  -7.0464788e+04  -2.8199018e+04
   3.3000000e+01  -7.9262621e+04   5.3356956e+04
   3.4000000e+01  -8.8028004e+03   4.9380417e+04
   3.5000000e+01   5.2932229e+04  -3.3225503e+03
   3.6000000e+01   4.1136000e+04  -3.1938634e+04
   3.7000000e+01  -1.9725643e+04  -1.1743039e+04
   3.8000000e+01  -5.1459215e+04   1.1130975e+04
   3.9000000e+01  -1.3717915e+04  -3.5671160e+03
   4.0000000e+01   4.1354909e+04  -2.5152142e+04
   4.1000000e+01   4.4164736e+04  -1.5084357e+04
   4.2000000e+01  -2.5721460e+03   1.8329211e+04
   4.3000000e+01  -3.8736984e+04   3.3727940e+04
   4.4000000e+01  -2.0588537e+04   8.3129204e+03
   4.5000000e+01   1.9250161e+04  -2.6627525e+04
   4.6000000e+01   2.1449950e+04  -2.7040885e+04
   4.7000000e+01  -1.3079023e+04   5.4075662e+03
   4.8000000e+01  -3.4775969e+04   2.5098639e+04
   4.9000000e+01  -1.2612027e+04   7.3594143e+03
   5.0000000e+01   1.9532847e+04  -2.2705430e+04
   5.1000000e+01   1.6600435e+04  -3.3324931e+04
   5.2000000e+01  -3.0740838e+03  -1.3623472e+04
   5.3000000e+01  -6.4247981e+03   2.0827229e+04
   5.4000000e+01   9.7872044e+02   3.6807286e+04
   5.5000000e+01   1.1276121e+03   8.6935049e+03
   5.6000000e+01  -5.2059427e+03  -4.7991358e+04
   5.7000000e+01   1.2513024e+03  -6.5332113e+04
   5.8000000e+01   2.3127835e+04  -9.4489444e+03
   5.9000000e+01   2.8284007e+04   5.5445039e+04
   6.0000000e+01  -2.8815986e+03   5.1152264e+04
   6.1000000e+01  -3.0669042e+04  -1.1212501e+04
   6.2000000e+01  -1.1923304e+04  -4.5853021e+04
   6.3000000e+01   2.3444739e+04  -1.8720381e+04
   6.4000000e+01   2.7069547e+04   1.0462552e+04
   6.5000000e+01   8.9235012e+03   9.5783413e+03
   6.6000000e+01  -1.7807570e+03   1.2206995e+04
   6.7000000e+01  -3.0260447e+03   2.1704260e+04
   6.8000000e+01  -8.1483400e+01   4.3133053e+02
   6.9000000e+01   1.2142552e+02  -4.3529612e+04
   7.0000000e+01  -3.6717486e+03  -5.1533130e+04
   7.1000000e+01   1.2478560e+04  -7.5332647e+03
   7.2000000e+01   4.0605532e+04   3.3276950e+04
   7.3000000e+01   3.1842095e+04   2.2710576e+04
   7.4000000e+01  -8.9015382e+03  -1.7390296e+04
   7.5000000e+01  -2.7537618e+04  -3.2791525e+04
   7.6000000e+01   3.2407559e+03  -9.0249621e+03
   7.7000000e+01   5.0978862e+04   2.5518145e+04
   7.8000000e+01   4.9991962e+04   3.8013405e+04
   7.9000000e+01  -5.8323652e+03   1.9589613e+04
   8.0000000e+01  -4.7946770e+04  -6.2560128e+03
   8.1000000e+01  -3.0919018e+04  -1.4892414e+04
   8.2000000e+01   1.2306238e+04  -4.6023369e+03
   8.3000000e+01   2.0595247e+04   1.8062938e+04
   8.4000000e+01  -1.1779757e+04   3.2491551e+04
   8.5000000e+01  -3.5736518e+04   7.2747486e+03
   8.6000000e+01  -1.6293330e+04  -3.8266607e+04
   8.7000000e+01   2.0741421e+04  -4.3375677e+04
   8.8000000e+01   1.8860651e+04  -5.7056688e+03
   8.9000000e+01  -1.7987460e+04   2.2377013e+04
   9.0000000e+01  -2.6901885e+04   1.9647996e+04
   9.1000000e+01   1.1851227e+04   5.5790033e+03
   9.2000000e+01   4.4903379e+04   2.0864201e+03
   9.3000000e+01   2.2768025e+04   9.7627560e+03
   9.4000000e+01  -3.1655010e+04   1.3082720e+04
   9.5000000e+01  -5.6197071e+04   1.1545604e+04
   9.6000000e+01  -2.4277417e+04   1.4475758e+04
   9.7000000e+01   2.8113371e+04   1.2542042e+04
   9.8000000e+01   3.8810219e+04   5.6342488e+03
   9.9000000e+01  -7.4348412e+03   1.3903478e+04
   1.0000000e+02  -5.8812385e+04   2.0345537e+04
   1.0100000e+02  -5.3044387e+04  -8.6447027e+03
   1.0200000e+02   9.1650404e+03  -4.4962499e+04
   1.0300000e+02   5.4175536e+04  -3.6774020e+04
   1.0400000e+02   2.7897213e+04   7.7330892e+03
   1.0500000e+02  -3.1633074e+04   3.6866501e+04
   1.0600000e+02  -4.6162598e+04   2.4377479e+04
   1.0700000e+02  -5.2653245e+03  -1.4581863e+04
   1.0800000e+02   2.6912047e+04  -4.6169413e+04
   1.0900000e+02   1.7563301e+04  -3.3308021e+04
   1.1000000e+02  -8.2343113e+03   2.4097628e+04
   1.1100000e+02  -2.0957321e+04   6.4293971e+04
   1.1200000e+02  -6.7754325e+03   3.4860835e+04
   1.1300000e+02   1.3935402e+04  -2.2989519e+04
   1.1400000e+02   5.9003061e+03  -2.9809232e+04
   1.1500000e+02  -2.1845040e+04   7.5249552e+03
   1.1600000e+02  -2.7539721e+04   2.5892140e+04
   1.1700000e+02  -6.2681438e+02   1.2031235e+04
   1.1800000e+02   2.2633483e+04  -8.6346861e+03
   1.1900000e+02   1.0799747e+04  -1.4630548e+04
   1.2000000e+02  -1.9574220e+04  -5.9377007e+02
   1.2100000e+02  -3.0077420e+04   1.2478305e+04
   1.2200000e+02  -1.1489704e+04   2.1104623e+03
   1.2300000e+02   9.4550423e+03  -1.9966227e+04
   1.2400000e+02   7.2055340e+03  -2.3255050e+04
   1.2500000e+02  -3.9141280e+03  -4.4705098e+03
   1.2600000e+02   7.4128556e+03   1.4863202e+04
   1.2700000e+02   2.4446337e+04   1.4323196e+04
   1.2800000e+02   1.7516864e+04  -9.2699980e+03
   1.2900000e+02   7.2919847e+03  -2.4120770e+04
   1.3000000e+02   7.1011564e+03  -1.3352582e+04
   1.3100000e+02  -1.3544473e+02  -3.8933143e+03
   1.3200000e+02  -9.5762308e+03  -3.7459604e+03
   1.3300000e+02  -5.6625489e+03  -4.0356180e+02
   1.3400000e+02   7.6934461e+03   3.2883878e+03
   1.3500000e+02   1.3967391e+04  -2.4868014e+03
   1.3600000e+02   6.0555083e+03  -1.4641820e+04
   1.3700000e+02  -8.8191870e+03  -1.4487271e+04
   1.3800000e+02  -1.8418538e+04  -3.3956513e+03
   1.3900000e+02  -6.3865704e+03   2.1074696e+03
   1.4000000e+02   1.8229511e+04   3.8091400e+03
   1.4100000e+02   2.0669635e+04   2.0883714e+03
   1.4200000e+02   4.2595534e+03  -5.5888419e+03
   1.4300000e+02   2.0508017e+03  -1.0671007e+04
   1.4400000e+02   1.0511721e+04  -7.6722613e+03
   1.4500000e+02   1.1281502e+04   7.5604148e+02
   1.4600000e+02   1.9303077e+04   9.4460580e+03
   1.4700000e+02   3.4757738e+04   1.6936706e+04
   1.4800000e+02   1.8326620e+04   1.8480041e+04
   1.4900000e+02  -2.5931553e+04  -5.5868180e+01
   1.5000000e+02  -3.3349362e+04  -3.0457808e+04
   1.5100000e+02   1.4023040e+04  -2.8749497e+04
   1.5200000e+02   4.4311952e+04   1.4433586e+04
   1.5300000e+02   1.1095959e+04   3.7547630e+04
   1.5400000e+02  -3.4026943e+04   8.1633763e+03
   1.5500000e+02  -3.7673286e+04  -2.6660179e+04
   1.5600000e+02  -1.3495034e+04  -2.9469093e+04
   1.5700000e+02   4.5578279e+03  -1.3383674e+04
   1.5800000e+02   1.1584826e+04   2.6041975e+03
   1.5900000e+02   1.5813005e+04   1.5289752e+04
   1.6000000e+02   2.8662953e+03   2.1986048e+04
   1.6100000e+02  -2.2882841e+04   1.1816928e+04
   1.6200000e+02  -2.3196405e+04  -1.8631895e+04
   1.6300000e+02   2.7886681e+02  -4.1069473e+04
   1.6400000e+02   1.2414001e+04  -1.3004618e+04
   1.6500000e+02   1.0434164e+04   4.3489696e+04
   1.6600000e+02   1.2617422e+04   5.0618205e+04
   1.6700000e+02   1.2233252e+04   2.2256504e+03
   1.6800000e+02  -2.1417387e+03  -3.2785486e+04
   1.6900000e+02  -9.7513277e+03  -2.4435853e+04
   1.7000000e+02   6.2923980e+02   3.2511397e+03
   1.7100000e+02   7.4843495e+03   2.3785515e+04
   1.7200000e+02  -2.3479584e+02   2.4171317e+04
   1.7300000e+02  -6.7401675e+03   1.0700889e+04
   1.7400000e+02   1.2950660e+03   1.7603228e+03
   1.7500000e+02   5.6514427e+03  -3.5380435e+03
   1.7600000e+02  -1.0684238e+04  -1.4532276e+04
   1.7700000e+02  -3.0478848e+04  -1.6758218e+04
   1.7800000e+02  -3.2136630e+04   6.3315380e+03
   1.7900000e+02  -1.0004291e+04   3.7984547e+04
   1.8000000e+02   1.3439378e+04   3.7824111e+04
   1.8100000e+02   5.1544408e+03   2.3653160e+03
   1.8200000e+02  -2.1049669e+04  -1.9863884e+04
   1.8300000e+02  -2.5139625e+04  -7.3617569e+03
   1.8400000e+02  -5.7536817e+03   1.4194202e+04
   1.8500000e+02   1.1756559e+04   2.4174468e+04
   1.8600000e+02   2.0837534e+04   1.9414376e+04
   1.8700000e+02   2.6838335e+04   8.3174941e+03
   1.8800000e+02   2.5713389e+04   1.3749995e+03
   1.8900000e+02   1.4517473e+04  -2.0674775e+03
   1.9000000e+02  -4.1224728e+02  -9.1963413e+03
   1.9100000e+02  -8.2191145e+03  -1.7421836e+04
   1.9200000e+02  -7.2579604e+03  -1.4494315e+04
   1.9300000e+02  -6.6818176e+03  -5.5714295e+03
   1.9400000e+02  -8.4908821e+03  -6.0181184e+03
   1.9500000e+02  -9.3977523e+03  -1.1085895e+04
   1.9600000e+02  -8.6297387e+03  -9.0732380e+03
   1.9700000e+02  -9.3296744e+03  -1.6608282e+03
   1.9800000e+02  -1.4593821e+04   1.5288807e+03
   1.9900000e+02  -2.0046712e+04  -1.7350964e+03
   2.0000000e+02  -1.8055969e+04  -2.0770711e+03
   2.0100000e+02  -3.7041053e+03   6.1544987e+03
   2.0200000e+02   7.8534420e+03   1.2319463e+04
   2.0300000e+02   1.5030589e+03   2.0257789e+03
   2.0400000e+02  -4.0793999e+03  -1.3386392e+04
   2.0500000e+02   8.4751393e+02  -7.4589868e+03
   2.0600000e+02   9.3535338e+03   1.3484003e+04
   2.0700000e+02   2.2523568e+04   1.4069375e+04
   2.0800000e+02   2.3950565e+04  -1.2987486e+04
   2.0900000e+02   1.8589811e+03  -3.3572662e+04
   2.1000000e+02  -1.5176818e+04  -2.4604731e+04
   2.1100000e+02   5.3849214e+02   5.8826516e+03
   2.1200000e+02   2.2296160e+04   3.4731908e+04
   2.1300000e+02   8.1450642e+03   2.3200785e+04
   2.1400000e+02  -2.1408051e+04  -3.2700808e+04
   2.1500000e+02  -2.4932471e+04  -6.4225773e+04
   2.1600000e+02  -7.6111120e+03  -2.4385932e+04
   2.1700000e+02   6.7246872e+03   3.5215987e+04
   2.1800000e+02   1.0665764e+04   4.1487957e+04
   2.1900000e+02   8.3248167e+03  -8.4935714e+02
   2.2000000e+02   2.4504422e+03  -3.3482099e+04
   2.2100000e+02  -4.4349505e+01  -2.7625402e+04
   2.2200000e+02   2.3961994e+03   1.9315490e+03
   2.2300000e+02  -4.2673620e+01   2.9486564e+04
   2.2400000e+02  -5.7305700e+02   2.9621459e+04
   2.2500000e+02   7.7561709e+03  -2.7032575e+03
   2.2600000e+02   1.7382152e+04  -2.6951026e+04
   2.2700000e+02   2.6997174e+04  -7.8672252e+03
   2.2800000e+02   3.0212089e+04   2.4570934e+04
   2.2900000e+02   1.5262762e+04   2.1335250e+04
   2.3000000e+02  -1.3035580e+04  -1.3387813e+04
   2.3100000e+02  -2.9944045e+04  -2.8092808e+04
   2.3200000e+02  -1.9713982e+04  -9.7555764e+02
   2.3300000e+02   2.0750838e+03   2.4373516e+04
   2.3400000e+02   1.2679699e+04   1.3660309e+04
   2.3500000e+02   2.7071609e+03  -1.2692727e+04
   2.3600000e+02  -1.3429027e+04  -2.4515418e+04
   2.3700000e+02  -1.2385414e+04  -1.5490579e+04
   2.3800000e+02   4.4907384e+03   4.8066449e+03
   2.3900000e+02   2.0345592e+04   2.0137300e+04
   2.4000000e+02   1.6623427e+04   8.0440915e+03
   2.4100000e+02  -4.0077810e+03  -1.9001504e+04
   2.4200000e+02  -1.2934030e+04  -1.1269869e+04
   2.4300000e+02  -5.0117240e+02   2.4378027e+04
   2.4400000e+02   2.2888625e+04   3.1214904e+04
   2.4500000e+02   3.8672460e+04   4.4376058e+03
   2.4600000e+02   2.6218756e+04  -1.3517314e+04
   2.4700000e+02  -7.1616020e+03  -4.3277751e+03
   2.4800000e+02  -2.6188547e+04   1.2081628e+04
   2.4900000e+02  -5.1445436e+03   1.3572123e+04
   2.5000000e+02   2.2283796e+04  -2.0976046e+03
   2.5100000e+02   4.7016488e+03  -1.7256057e+04
   2.5200000e+02  -3.3706485e+04  -1.6478064e+04
   2.5300000e+02  -4.1420242e+04  -8.7188984e+03
   2.5400000e+02  -1.9169404e+04   2.4625149e+03
   2.5500000e+02   6.3460692e+03   1.9846641e+04
   2.5600000e+02   1.7762005e+04   2.0627446e+04
   2.5700000e+02   1.0372109e+04  -5.4514961e+03
   2.5800000e+02  -4.9589073e+03  -2.3734614e+04
   2.5900000e+02  -1.3680025e+04  -3.9140057e+03
   2.6000000e+02  -1.4728620e+04   2.3460568e+04
   2.6100000e+02  -5.8561914e+03   1.3453249e+04
   2.6200000e+02   6.8120322e+03  -7.8528893e+03
   2.6300000e+02   5.6571279e+03   1.4386130e+03
   2.6400000e+02   6.5479881e+03   1.6555806e+04
   2.6500000e+02   1.4523625e+04   2.2773388e+03
   2.6600000e+02  -9.2333258e+03  -2.1579353e+04
   2.6700000e+02  -5.7017421e+04  -1.5593673e+04
   2.6800000e+02  -6.8303574e+04   1.7613149e+04
   2.6900000e+02  -2.4311860e+04   3.9343666e+04
   2.7000000e+02   2.5993411e+04   2.4079667e+04
   2.7100000e+02   3.6689499e+04  -1.7315351e+04
   2.7200000e+02   1.4925663e+04  -4.4234800e+04
   2.7300000e+02  -1.0170922e+04  -2.3144391e+04
   2.7400000e+02  -9.0248820e+03   2.4145162e+04
   2.7500000e+02   2.1429000e+04   3.6725143e+04
   2.7600000e+02   3.2405977e+04   2.0844721e+02
   2.7700000e+02  -3.7564225e+03  -3.3344246e+04
   2.7800000e+02  -3.6436255e+04  -2.7764529e+04
   2.7900000e+02  -1.3921229e+04  -5.8705694e+02
   2.8000000e+02   3.2620981e+04   1.9618558e+04
   2.8100000e+02   3.9372313e+04   2.6419655e+04
   2.8200000e+02  -1.7167477e+03   2.2473098e+04
   2.8300000e+02  -4.3254474e+04   6.3796771e+03
   2.8400000e+02  -3.6927962e+04  -7.6078694e+03
   2.8500000e+02   3.9741551e+03  -5.3388993e+03
   2.8600000e+02   2.1778308e+04  -1.1476894e+03
   2.8700000e+02   2.5572951e+03  -6.6482090e+03
   2.8800000e+02  -2.1195552e+04  -1.2506661e+04
   2.8900000e+02  -2.2021608e+04  -1.1941008e+04
   2.9000000e+02   2.0347865e+03  -1.0692863e+04
   2.9100000e+02   2.7333177e+04  -9.0737202e+03
   2.9200000e+02   2.9252870e+04   3.6865086e+02
   2.9300000e+02   5.8343083e+03   7.2022333e+03
   2.9400000e+02  -1.6859633e+04   4.3762975e+03
   2.9500000e+02  -4.5894218e+03   1.1793458e+04
   2.9600000e+02   3.6423827e+04   2.6219915e+04
   2.9700000e+02   5.0791866e+04   1.7377418e+04
   2.9800000e+02   1.0037394e+04  -8.6983045e+02
   2.9900000e+02  -3.4243026e+04   4.6495441e+03
   3.0000000e+02  -2.6500969e+04   7.7133597e+03
   3.0100000e+02   1.0906523e+04  -1.4405183e+04
   3.0200000e+02   2.6746884e+04  -2.4687815e+04
   3.0300000e+02   1.6480532e+04  -1.3344020e+04
   3.0400000e+02  -8.3705310e+00  -1.0537580e+04
   3.0500000e+02  -1.5641158e+04  -2.0586086e+04
   3.0600000e+02  -1.7255740e+04  -3.0754688e+04
   3.0700000e+02  -3.4904008e+03  -3.3386019e+04
   3.0800000e+02   3.4391788e+03  -2.1217320e+04
   3.0900000e+02   4.0869610e+03   4.2089437e+03
   3.1000000e+02   3.2206325e+03   1.8704474e+04
   3.1100000e+02  -1.2222610e+04   4.2440027e+03
   3.1200000e+02  -3.3315588e+04  -1.9613150e+04
   3.1300000e+02  -3.2799683e+04  -2.4447445e+04
   3.1400000e+02  -1.8310823e+03   1.8791261e+03
   3.1500000e+02   3.0449622e+04   3.6826358e+04
   3.1600000e+02   2.3929988e+04   3.1047218e+04
   3.1700000e+02  -1.0384089e+04  -1.1505748e+04
   3.1800000e+02  -1.5559463e+04  -3.0392268e+04
   3.1900000e+02   2.0066541e+04  -4.6347254e+03
   3.2000000e+02   3.5857824e+04   2.5168147e+04
   3.2100000e+02   1.2428968e+04   2.4517439e+04
   3.2200000e+02   6.2575944e+03   2.5997485e+03
   3.2300000e+02   3.5678718e+04  -1.5766599e+04
   3.2400000e+02   5.2996585e+04  -1.1397899e+04
   3.2500000e+02   2.0823785e+04   1.3419533e+04
   3.2600000e+02  -3.5235975e+04   2.5064736e+04
   3.2700000e+02  -5.0646099e+04   6.9495423e+03
   3.2800000e+02  -5.0897908e+03  -1.3485825e+04
   3.2900000e+02   4.2294449e+04  -8.9714890e+03
   3.3000000e+02   2.3958822e+04   1.0334777e+04
   3.3100000e+02  -3.2582943e+04   1.4713588e+04
   3.3200000e+02  -4.6516285e+04   1.9111779e+02
   3.3300000e+02  -1.0282998e+04  -9.4508401e+03
   3.3400000e+02   2.2282527e+04  -3.2750269e+02
   3.3500000e+02   9.2421618e+03   1.5370964e+04
   3.3600000e+02  -3.0160566e+04   1.6434324e+04
   3.3700000e+02  -3.2471483e+04   9.5160891e+02
   3.3800000e+02   2.9184895e+03  -8.5216081e+03
   3.3900000e+02   2.3283356e+04   9.3641682e+02
   3.4000000e+02   1.2480822e+04   8.6597975e+03
   3.4100000e+02  -1.2093226e+04   1.2437089e+03
   3.4200000e+02  -2.4167470e+04  -1.2154927e+03
   3.4300000e+02  -1.0238649e+04   7.4973946e+03
   3.4400000e+02   1.1569774e+04   9.4705370e+03
   3.4500000e+02   1.1236900e+04   1.6319329e+03
   3.4600000e+02  -1.4339604e+04  -4.2133265e+03
   3.4700000e+02  -3.3127351e+04  -1.3543653e+03
   3.4800000e+02  -2.3281990e+04   9.4886211e+03
   3.4900000e+02  -1.1178509e+03   1.9758357e+04
   3.5000000e+02   3.4903096e+03   1.4737692e+04
   3.5100000e+02  -8.2628685e+03  -8.7383919e+02
   3.5200000e+02  -7.4076585e+03  -6.0348038e+03
   3.5300000e+02   2.8457063e+03  -1.0692804e+02
   3.5400000e+02   1.1004534e+03   4.9372851e+03
   3.5500000e+02  -4.7232469e+03  -2.6317499e+03
   3.5600000e+02  -5.9001551e+03  -1.8573359e+04
   3.5700000e+02  -6.5735995e+03  -9.1825014e+03
   3.5800000e+02  -2.6865871e+03   2.0777136e+04
   3.5900000e+02   8.2232828e+03   2.0325389e+04
   3.6000000e+02   1.5563445e+04  -1.0401214e+04
   3.6100000e+02   1.3763681e+04  -2.2934661e+04
   3.6200000e+02   8.4264838e+03  -2.9266488e+03
   3.6300000e+02   6.2463149e+02   1.9531718e+04
   3.6400000e+02  -7.6243115e+03   1.7659384e+04
   3.6500000e+02  -9.3587050e+03  -3.5837370e+03
   3.6600000e+02  -1.5240558e+03  -1.6918849e+04
   3.6700000e+02   1.3166325e+04  -9.6424634e+03
   3.6800000e+02   1.7380317e+04  -2.9475185e+03
   3.6900000e+02  -1.5862503e+03  -1.1360764e+04
   3.7000000e+02  -1.9932510e+04  -1.8744856e+04
   3.7100000e+02  -1.2550374e+04  -1.2477148e+04
   3.7200000e+02   6.6100326e+03  -4.7590588e+03
   3.7300000e+02   1.7124935e+04  -8.2641752e+03
   3.7400000e+02   1.5776827e+04  -1.1348868e+04
   3.7500000e+02   2.9696033e+03  -7.7107315e+03
   3.7600000e+02  -1.0847137e+04  -5.2620859e+03
   3.7700000e+02  -1.3423580e+04   4.0517764e+03
   3.7800000e+02  -5.9136995e+03   1.5499100e+04
   3.7900000e+02   4.0536805e+03   7.5494176e+03
   3.8000000e+02   5.3110431e+03  -1.3054646e+04
   3.8100000e+02   2.0185895e+03  -2.1137378e+04
   3.8200000e+02   6.7731054e+03  -4.5442590e+03
   3.8300000e+02   1.3557191e+04   1.6482713e+04
   3.8400000e+02   1.4731815e+04   1.1484959e+04
   3.8500000e+02   8.9208502e+03  -9.6997200e+03
   3.8600000e+02   1.9932215e+03  -1.7504390e+04
   3.8700000e+02   2.6029597e+03  -7.8565456e+03
   3.8800000e+02   5.1182800e+03   5.8622474e+03
   3.8900000e+02   6.7423062e+03   1.1891633e+04
   3.9000000e+02   6.6964096e+03   5.2322847e+03
   3.9100000e+02   6.5668266e+02  -4.4372451e+03
   3.9200000e+02  -1.9394044e+03   2.4635207e+02
   3.9300000e+02   6.8132500e+03   1.1159490e+04
   3.9400000e+02   1.4296321e+04   3.7455374e+03
   3.9500000e+02   3.9785404e+02  -1.2104533e+04
   3.9600000e+02  -2.1764812e+04  -7.8476862e+03
   3.9700000e+02  -1.5574162e+04   6.7351008e+03
   3.9800000e+02   1.1725911e+04   3.5000087e+03
   3.9900000e+02   2.1946847e+04  -9.8529674e+03
   4.0000000e+02   5.0073416e+03  -9.5895479e+03
   4.0100000e+02  -1.4290876e+04  -9.9426869e+02
   4.0200000e+02  -1.2532251e+04  -1.8433132e+03
   4.0300000e+02   4.2822217e+03  -4.2931054e+03
   4.0400000e+02   1.8797126e+04   6.8450611e+03
   4.0500000e+02   1.6742534e+04   1.5261082e+04
   4.0600000e+02   2.9456245e+03   2.8206241e+03
   4.0700000e+02  -1.3685298e+03  -1.4730354e+04
   4.0800000e+02  -2.4563322e+03  -1.3512944e+04
   4.0900000e+02  -1.0649849e+04   7.9612794e+03
   4.1000000e+02  -1.1228908e+04   1.8829375e+04
   4.1100000e+02   1.8964054e+03   1.1319091e+03
   4.1200000e+02   1.3700111e+04  -1.1266786e+04
   4.1300000e+02   1.9057639e+03   2.0211437e+02
   4.1400000e+02  -2.4828877e+04   1.2720079e+04
   4.1500000e+02  -2.6046608e+04   1.8526104e+04
   4.1600000e+02  -9.1408186e+02   1.9902053e+04
   4.1700000e+02   1.0289211e+04   9.0659810e+03
   4.1800000e+02  -1.3228999e+03  -4.6474099e+03
   4.1900000e+02  -1.3001975e+04   2.0385018e+03
   4.2000000e+02  -1.3135885e+04   2.1118823e+04
   4.2100000e+02   1.4041223e+03   2.1253026e+04
   4.2200000e+02   1.5471182e+04   1.6263618e+03
   4.2300000e+02   4.4668620e+03  -1.4234138e+04
   4.2400000e+02  -1.4217635e+04  -1.4011895e+04
   4.2500000e+02  -1.6701899e+04   2.2583608e+03
   4.2600000e+02  -1.0475800e+04   1.9396000e+04
   4.2700000e+02  -1.3975536e+03   1.3387309e+04
   4.2800000e+02   3.7606762e+03  -1.0523822e+04
   4.2900000e+02  -4.6157071e+03  -2.2077345e+04
   4.3000000e+02  -2.2630879e+04  -1.2528902e+04
   4.3100000e+02  -2.8014053e+04   8.9295346e+03
   4.3200000e+02  -1.3553009e+03   2.3877528e+04
   4.3300000e+02   2.9938085e+04   6.7268451e+03
   4.3400000e+02   2.2823115e+04  -2.1954426e+04
   4.3500000e+02  -1.5222293e+04  -1.5972019e+04
   4.3600000e+02  -2.8724703e+04   1.3341837e+04
   4.3700000e+02   1.0883683e+04   2.1753130e+04
   4.3800000e+02   4.5649759e+04  -1.5428579e+02
   4.3900000e+02   1.7309919e+04  -2.2000557e+04
   4.4000000e+02  -3.6284873e+04  -1.3435486e+04
   4.4100000e+02  -4.1962901e+04   1.4921223e+04
   4.4200000e+02   3.0193880e+03   2.2066758e+04
   4.4300000e+02   3.1138863e+04  -5.0292834e+03
   4.4400000e+02   1.2792912e+04  -3.0032059e+04
   4.4500000e+02  -1.5945549e+04  -2.0719011e+04
   4.4600000e+02  -2.7758975e+04   1.3405038e+04
   4.4700000e+02  -1.4498967e+04   3.5081861e+04
   4.4800000e+02   1.7509641e+04   1.2713864e+04
   4.4900000e+02   3.6444614e+04  -3.0258198e+04
   4.5000000e+02   1.9973925e+04  -3.4786020e+04
   4.5100000e+02  -1.2796693e+04   5.7913309e+03
   4.5200000e+02  -1.9843310e+04   3.2902065e+04
   4.5300000e+02   9.6694258e+03   1.0758546e+04
   4.5400000e+02   3.3523717e+04  -2.0865680e+04
   4.5500000e+02   1.0316166e+04  -2.2230610e+04
   4.5600000e+02  -2.8779141e+04  -6.2012360e+03
   4.5700000e+02  -1.7406533e+04   8.6399028e+03
   4.5800000e+02   2.6467639e+04   7.7545020e+03
   4.5900000e+02   2.8507791e+04  -1.2781526e+04
   4.6000000e+02  -1.1866195e+04  -2.3427317e+04
   4.6100000e+02  -3.2038887e+04  -8.1931705e+03
   4.6200000e+02  -6.2738909e+03   6.7208611e+03
   4.6300000e+02   2.5862839e+04   2.3478992e+03
   4.6400000e+02   1.9648402e+04  -5.6891349e+03
   4.6500000e+02  -1.1054323e+04  -3.9064880e+03
   4.6600000e+02  -1.8257201e+04  -2.7832993e+02
   4.6700000e+02   4.2212730e+03  -2.2142816e+03
   4.6800000e+02   1.9038464e+04  -6.5895648e+03
   4.6900000e+02   1.1883046e+04  -4.2489785e+03
   4.7000000e+02   1.4597922e+03   4.0913000e+03
   4.7100000e+02   5.9481812e+02   7.6512597e+03
   4.7200000e+02   6.1870122e+03   1.7003674e+03
   4.7300000e+02   9.9168717e+03  -1.5639975e+04
   4.7400000e+02   7.3801331e+03  -3.0614881e+04
   4.7500000e+02  -2.4735368e+03  -1.9430771e+04
   4.7600000e+02  -1.1770599e+04   1.0556036e+04
   4.7700000e+02  -5.6146237e+03   2.3729464e+04
   4.7800000e+02   9.1497765e+03   2.1498163e+03
   4.7900000e+02   7.5882907e+03  -2.1677347e+04
   4.8000000e+02  -1.1125217e+04  -1.0486835e+04
   4.8100000e+02  -1.6372622e+04   2.0093175e+04
   4.8200000e+02   2.4176720e+03   3.3800936e+04
   4.8300000e+02   1.7971125e+04   1.4952374e+04
   4.8400000e+02   1.6660232e+04  -1.1258731e+04
   4.8500000e+02   3.2834837e+03  -4.9918640e+02
   4.8600000e+02  -1.2887196e+04   2.9985200e+04
   4.8700000e+02  -6.0505435e+03   2.2717409e+04
   4.8800000e+02   1.9455779e+04  -1.7469906e+04
   4.8900000e+02   1.8100738e+04  -3.3543699e+04
   4.9000000e+02  -1.4480834e+04  -5.9419999e+03
   4.9100000e+02  -2.7969793e+04   2.6416823e+04
   4.9200000e+02  -2.2295280e+03   2.2948759e+04
   4.9300000e+02   2.0817994e+04  -1.0529944e+04
   4.9400000e+02   7.9090583e+03  -3.0766942e+04
   4.9500000e+02  -1.7391026e+04  -1.5481283e+04
   4.9600000e+02  -1.7627226e+04   1.0201625e+04
   4.9700000e+02   3.1184279e+02   1.8251297e+04
   4.9800000e+02   1.8109253e+03   6.2396670e+03
   4.9900000e+02  -1.2333935e+04  -6.9589391e+03
   5.0000000e+02  -1.4522835e+04  -6.5226416e+02
   5.0100000e+02  -4.4606858e+02   1.2934030e+04
   5.0200000e+02   1.1818558e+04   1.0767426e+04
   5.0300000e+02   8.3440310e+03   6.0289991e+03
   5.0400000e+02  -4.7748879e+03   1.5630047e+04
   5.0500000e+02  -1.2169336e+04   1.7824249e+04
   5.0600000e+02  -4.9773278e+03   2.5862325e+02
   5.0700000e+02   9.9182347e+03  -4.2521313e+03
   5.0800000e+02   8.5596245e+03   1.3880154e+04
   5.0900000e+02  -1.0299119e+04   1.4581741e+04
   5.1000000e+02  -1.7536675e+04  -6.7545519e+03
   5.1100000e+02  -5.1444797e+03  -6.5740893e+03
   5.1200000e+02   5.9270492e+03   1.2626272e+04
   5.1300000e+02   1.0849296e+03   1.0081587e+04
   5.1400000e+02  -1.0399613e+04  -6.3842438e+03
   5.1500000e+02  -1.3861579e+04  -1.0921195e+04
   5.1600000e+02  -1.0566562e+04  -9.4929957e+03
   5.1700000e+02  -6.6489084e+03  -5.7890045e+03
   5.1800000e+02  -2.0628060e+03   2.7573530e+03
   5.1900000e+02   3.7124096e+03   8.8554321e+03
   5.2000000e+02   7.1138799e+03   6.4686413e+03
   5.2100000e+02   4.0218614e+03  -3.6267601e+03
   5.2200000e+02  -4.1876735e+03  -1.1584898e+04
   5.2300000e+02  -1.1139474e+04  -6.2929401e+03
   5.2400000e+02  -9.4438789e+03   5.2971360e+03
   5.2500000e+02   8.7546836e+02   1.0988485e+03
   5.2600000e+02   7.7896943e+03  -1.3410029e+04
   5.2700000e+02   2.9657658e+03  -5.1758612e+03
   5.2800000e+02  -4.1684856e+02   1.4483110e+04
   5.2900000e+02   9.1340192e+03   6.1566873e+03
   5.3000000e+02   1.4115588e+04  -1.7482474e+04
   5.3100000e+02   2.2319292e+03  -2.2187060e+04
   5.3200000e+02  -1.1675223e+04  -8.7912478e+03
   5.3300000e+02  -1.3168931e+04   6.7536703e+03
   5.3400000e+02  -2.0669162e+03   1.1755924e+04
   5.3500000e+02   8.1597277e+03   8.3496900e+01
   5.3600000e+02   8.1572980e+03  -1.2696570e+04
   5.3700000e+02   3.2401721e+03  -1.1086242e+04
   5.3800000e+02  -1.8670773e+03  -4.5923218e+03
   5.3900000e+02  -2.2646245e+03  -1.6918946e+03
   5.4000000e+02   4.1463035e+03  -1.4941686e+03
   5.4100000e+02   9.9187986e+03  -5.1303557e+03
   5.4200000e+02   8.3520932e+03  -7.9849423e+03
   5.4300000e+02   3.0320466e+03  -5.6067753e+03
   5.4400000e+02   3.9957838e+03  -3.7249384e+03
   5.4500000e+02   7.8830980e+03  -9.2395017e+03
   5.4600000e+02   5.0278263e+03  -1.5294990e+04
   5.4700000e+02  -4.6155534e+02  -1.1007079e+04
   5.4800000e+02   1.0028060e+03  -2.1234967e+03
   5.4900000e+02   1.1314319e+04   2.0531696e+03
   5.5000000e+02   1.5627312e+04   4.6122609e+02
   5.5100000e+02   4.3733672e+03  -4.7297652e+03
   5.5200000e+02  -6.4223317e+03  -7.6928960e+03
   5.5300000e+02  -3.9802561e+03   1.5865476e+02
   5.5400000e+02   6.4832584e+03   1.7401820e+04
   5.5500000e+02   1.4098044e+04   1.6746372e+04
   5.5600000e+02   1.0781165e+04  -9.1863121e+03
   5.5700000e+02  -6.1835353e+03  -1.6439204e+04
   5.5800000e+02  -2.2682594e+04   9.1511359e+03
   5.5900000e+02  -1.1761942e+04   2.4875370e+04
   5.6000000e+02   1.7081457e+04   8.3706475e+03
   5.6100000e+02   2.5579445e+04  -1.4072374e+04
   5.6200000e+02   5.5233334e+03  -1.3502348e+04
   5.6300000e+02  -1.7995098e+04   3.4315352e+03
   5.6400000e+02  -1.2728340e+04   1.4006715e+04
   5.6500000e+02   1.9328910e+04   7.4712818e+03
   5.6600000e+02   3.3531131e+04  -7.9033437e+03
   5.6700000e+02   7.8982834e+03  -9.8404865e+03
   5.6800000e+02  -1.9450451e+04   6.1886960e+03
   5.6900000e+02  -9.7577969e+03   1.7820076e+04
   5.7000000e+02   8.5580350e+03   8.7486928e+03
   5.7100000e+02   2.7099911e+02  -6.6011953e+03
   5.7200000e+02  -1.2782687e+04  -4.5372205e+03
   5.7300000e+02  -1.1896636e+04   1.0999231e+04
   5.7400000e+02  -4.6370841e+03   2.1904109e+04
   5.7500000e+02  -2.9395813e+02   1.6613637e+04
   5.7600000e+02  -5.2969135e+03  -1.0268976e+03
   5.7700000e+02  -8.8681443e+03  -5.3305708e+03
   5.7800000e+02  -2.5346139e+03   1.0209793e+04
   5.7900000e+02   1.8713500e+03   1.8641115e+04
   5.8000000e+02  -3.3407922e+03   7.4899839e+03
   5.8100000e+02  -7.8497143e+03  -3.6451609e+03
   5.8200000e+02  -2.6104172e+03   9.1378161e+02
   5.8300000e+02  -1.3981213e+02   6.9232918e+03
   5.8400000e+02  -6.5179158e+03   2.2165875e+03
   5.8500000e+02  -6.9593181e+03  -4.4657942e+03
   5.8600000e+02  -2.7882562e+03  -6.8652683e+03
   5.8700000e+02  -7.4820004e+03  -4.2819976e+03
   5.8800000e+02  -1.1522850e+04   1.1739440e+03
   5.8900000e+02  -3.5167271e+03   3.6643990e+03
   5.9000000e+02  -2.1351832e+03  -1.1977425e+03
   5.9100000e+02  -1.4527571e+04  -9.6504865e+03
   5.9200000e+02  -1.5045285e+04  -1.1240378e+04
   5.9300000e+02   8.1288956e+02  -5.2205176e+03
   5.9400000e+02   1.0284948e+04   4.7457121e+03
   5.9500000e+02   5.5949832e+03   1.3999266e+04
   5.9600000e+02   2.1086194e+03   1.0984419e+04
   5.9700000e+02   8.4784711e+03  -1.3133259e+03
   5.9800000e+02   9.5961643e+03  -7.1265814e+03
   5.9900000e+02  -3.6953766e+03  -1.2662003e+03
   6.0000000e+02  -1.9325284e+04   6.6223057e+03
   6.0100000e+02  -1.6120940e+04   3.1965309e+03
   6.0200000e+02   8.4550236e+03  -5.7636801e+03
   6.0300000e+02   1.4540061e+04  -4.1326477e+03
   6.0400000e+02  -1.7123176e+04   1.4254599e+03
   6.0500000e+02  -3.9909273e+04  -3.2011591e+03
   6.0600000e+02  -2.0811968e+04  -6.7511874e+03
   6.0700000e+02   7.3043424e+03  -1.0409745e+03
   6.0800000e+02   9.2912296e+03  -1.5898588e+02
   6.0900000e+02   9.6159447e+02  -3.6544027e+03
   6.1000000e+02   3.8249827e+03  -3.5700749e+03
   6.1100000e+02   1.0849489e+04  -2.5673602e+03
   6.1200000e+02   1.6412499e+04  -2.4616682e+03
   6.1300000e+02   1.9680521e+04  -8.6320438e+03
   6.1400000e+02   1.6139970e+04  -1.3055552e+04
   6.1500000e+02   1.0774899e+04  -5.0119182e+03
   6.1600000e+02   9.9979932e+03   1.3757452e+03
   6.1700000e+02   7.1517492e+03   6.1529007e+02
   6.1800000e+02   1.0260519e+03  -2.1613387e+03
   6.1900000e+02  -1.2805997e+03  -6.8960184e+03
   6.2000000e+02  -6.7026181e+03  -7.5212345e+03
   6.2100000e+02  -1.1609489e+04  -3.1103953e+03
   6.2200000e+02  -2.4773035e+03   4.1888276e+03
   6.2300000e+02   6.5101641e+03   8.0817879e+03
   6.2400000e+02   5.0283739e+03  -6.3596882e+03
   6.2500000e+02   9.3012373e+02  -2.4185649e+04
   6.2600000e+02  -4.3619010e+01  -1.1254017e+04
   6.2700000e+02   8.9314386e+03   1.4548587e+04
   6.2800000e+02   1.8107107e+04   1.0272626e+04
   6.2900000e+02   1.4138679e+04  -8.9316627e+03
   6.3000000e+02   8.2863102e+03  -1.0080279e+04
   6.3100000e+02   1.2178787e+04  -4.8476066e+02
   6.3200000e+02   1.7786843e+04   6.6729893e+03
   6.3300000e+02   9.4745754e+03   6.5869282e+03
   6.3400000e+02  -8.1075480e+03  -5.6607866e+02
   6.3500000e+02  -1.3120118e+04  -6.7319687e+03
   6.3600000e+02  -3.4272700e+03  -9.3682457e+03
   6.3700000e+02   5.6796171e+03  -7.5876579e+03
   6.3800000e+02   6.2151225e+03  -1.5416553e+03
   6.3900000e+02  -2.1201098e+03   5.9598287e+03
   6.4000000e+02  -1.2065635e+04   8.2970472e+03
   6.4100000e+02  -8.0162162e+03  -2.2829955e+03
   6.4200000e+02   8.4432038e+03  -8.1498840e+03
   6.4300000e+02   1.6383307e+04   5.6200215e+03
   6.4400000e+02   1.0349753e+04   1.2482923e+04
   6.4500000e+02  -1.3918306e+03  -2.0443359e+03
   6.4600000e+02  -1.0562440e+04  -7.7557685e+03
   6.4700000e+02  -1.1203028e+04   1.3145014e+04
   6.4800000e+02  -6.7242406e+03   3.1117527e+04
   6.4900000e+02  -1.5370966e+03   1.5651493e+04
   6.5000000e+02  -4.5429847e+02  -1.7031631e+04
   6.5100000e+02  -4.1016893e+03  -2.5426881e+04
   6.5200000e+02  -7.9669862e+03   3.2911793e+03
   6.5300000e+02  -1.5498577e+04   3.5665171e+04
   6.5400000e+02  -1.5938042e+04   2.9367361e+04
   6.5500000e+02   3.6802833e+03  -1.4194372e+04
   6.5600000e+02   1.8963865e+04  -3.9039927e+04
   6.5700000e+02   6.4833133e+03  -6.7805527e+03
   6.5800000e+02  -1.4708463e+04   3.6739287e+04
   6.5900000e+02  -1.6966894e+04   3.0519129e+04
   6.6000000e+02  -6.4123376e+03  -9.0671852e+03
   6.6100000e+02  -2.8138411e+03  -2.1450036e+04
   6.6200000e+02  -4.7441671e+03   3.8117440e+03
   6.6300000e+02  -1.9399800e+03   1.7118927e+04
   6.6400000e+02   2.2691089e+03   4.6349335e+03
   6.6500000e+02  -1.9199539e+03   2.7031344e+03
   6.6600000e+02  -8.1504656e+03   9.0703197e+03
   6.6700000e+02  -9.1600052e+03  -2.1647394e+03
   6.6800000e+02  -1.0574456e+04  -1.2159012e+04
   6.6900000e+02  -6.1549024e+03   1.9515671e+03
   6.7000000e+02   5.2326004e+03   1.3371589e+04
   6.7100000e+02   1.2702156e+04  -7.3515580e+02
   6.7200000e+02   1.2470364e+04  -1.1715146e+04
   6.7300000e+02  -2.5472322e+03   3.5440206e+03
   6.7400000e+02  -1.7041248e+04   1.6167178e+04
   6.7500000e+02  -3.3801650e+03  -2.3859826e+03
   6.7600000e+02   1.7305088e+04  -2.1037125e+04
   6.7700000e+02   8.3177677e+03  -5.1304406e+03
   6.7800000e+02  -1.5316793e+04   1.7291936e+04
   6.7900000e+02  -1.4453168e+04   1.5534831e+04
   6.8000000e+02   2.1913269e+03  -3.9266306e+03
   6.8100000e+02   1.7401404e+03  -1.9878117e+04
   6.8200000e+02  -1.0342029e+04  -9.5327971e+03
   6.8300000e+02  -1.4261759e+04   1.0896166e+04
   6.8400000e+02  -3.3404634e+03   1.0175992e+04
   6.8500000e+02   1.1078386e+04  -2.4881679e+02
   6.8600000e+02   8.3682522e+03  -2.9910422e+03
   6.8700000e+02  -3.9013152e+03  -2.2201628e+03
   6.8800000e+02  -7.9828277e+03  -5.3810538e+03
   6.8900000e+02  -2.6782533e+03  -1.0845041e+04
   6.9000000e+02   1.1897070e+04  -7.5405705e+03
   6.9100000e+02   2.3972313e+04  -6.3302290e+01
   6.9200000e+02   1.3499006e+04  -6.4948447e+03
   6.9300000e+02  -7.1882814e+03  -1.8663275e+04
   6.9400000e+02  -6.4404549e+03  -1.0707442e+04
   6.9500000e+02   9.4932237e+03   7.7049591e+03
   6.9600000e+02   1.3737176e+04   5.9809685e+03
   6.9700000e+02   5.6822819e+03  -7.2884866e+03
   6.9800000e+02  -3.4060772e+03  -6.5172107e+03
   6.9900000e+02  -5.7314888e+03   2.4342702e+03
   7.0000000e+02  -3.4639692e+03   1.8126229e+03
   7.0100000e+02  -2.7094300e+03  -4.3729324e+03
   7.0200000e+02   2.7519632e+03  -4.0636320e+03
   7.0300000e+02   6.1669944e+03  -2.0607520e+03
   7.0400000e+02  -2.2847960e+03  -3.8583882e+03
   7.0500000e+02  -3.9703184e+03  -8.1472260e+03
   7.0600000e+02   8.1090404e+03  -1.3288216e+04
   7.0700000e+02   1.1572671e+04  -8.5556806e+03
   7.0800000e+02   1.4457628e+03   5.4110203e+03
   7.0900000e+02  -2.7207004e+03   1.0559485e+04
   7.1000000e+02   4.2428613e+03   1.7892918e+03
   7.1100000e+02   1.3818999e+04  -8.8016363e+03
   7.1200000e+02   1.8543081e+04  -8.1098265e+03
   7.1300000e+02   6.6882799e+03   2.9898775e+03
   7.1400000e+02  -1.1617131e+04   1.1414626e+04
   7.1500000e+02  -7.7272329e+03   7.0247348e+03
   7.1600000e+02   1.1352579e+04  -5.0718561e+03
   7.1700000e+02   1.2284370e+04  -9.6418651e+03
   7.1800000e+02  -6.1383763e+03  -4.7188038e+03
   7.1900000e+02  -1.1906847e+04   3.0064662e+03
   7.2000000e+02   1.9058595e+03   7.7353354e+03
   7.2100000e+02   8.3877280e+03   3.1154382e+03
   7.2200000e+02  -1.9641067e+03  -4.1229678e+03
   7.2300000e+02  -1.3126762e+04  -5.2353769e+03
   7.2400000e+02  -9.2453392e+03  -1.0784760e+03
   7.2500000e+02   8.5564815e+03   4.3024460e+03
   7.2600000e+02   1.8294339e+04   6.4966513e+03
   7.2700000e+02   5.9358485e+03   1.1442409e+04
   7.2800000e+02  -1.0969861e+04   1.5836826e+04
   7.2900000e+02  -9.9309856e+03   2.7589971e+03
   7.3000000e+02   5.1353580e+03  -1.2421814e+04
   7.3100000e+02   1.5750076e+04  -5.1696298e+02
   7.3200000e+02   9.5921768e+03   2.2557031e+04
   7.3300000e+02  -8.8818025e+03   2.0227367e+04
   7.3400000e+02  -1.9928687e+04  -2.8581069e+03
   7.3500000e+02  -1.4125656e+04  -1.2042574e+04
   7.3600000e+02   3.1338565e+02   7.2754508e+02
   7.3700000e+02   6.3905647e+03   7.9872415e+03
   7.3800000e+02  -3.1944905e+03  -6.3463995e+03
   7.3900000e+02  -8.2209227e+03  -1.8280660e+04
   7.4000000e+02  -2.2489575e+03  -4.8978986e+03
   7.4100000e+02  -1.7358658e+03   1.6052633e+04
   7.4200000e+02  -3.9912924e+03   1.3487076e+04
   7.4300000e+02  -2.2853973e+03  -7.5022167e+03
   7.4400000e+02   7.9995238e+02  -8.7934486e+03
   7.4500000e+02   2.0852707e+03   1.2806888e+04
   7.4600000e+02  -1.5056899e+03   2.3501682e+04
   7.4700000e+02  -3.3330957e+03   1.6661140e+04
   7.4800000e+02  -1.6519970e+03   3.9978393e+03
   7.4900000e+02  -4.4379055e+03  -3.8870726e+03
   7.5000000e+02  -8.8983085e+03   2.4221108e+02
   7.5100000e+02  -1.0853691e+04   4.8683062e+03
   7.5200000e+02  -1.4585339e+04   2.4602120e+03
   7.5300000e+02  -1.3832404e+04  -4.2299030e+03
   7.5400000e+02  -5.5358301e+01  -1.1471011e+04
   7.5500000e+02   7.4891544e+03  -9.2346400e+03
   7.5600000e+02  -3.3016982e+03  -7.7531241e+02
   7.5700000e+02  -5.8292902e+03   3.6897800e+03
   7.5800000e+02   9.5535223e+03   6.3496910e+03
   7.5900000e+02   1.3919053e+04   6.8902388e+03
   7.6000000e+02  -3.8990896e+03   1.1239035e+03
   7.6100000e+02  -1.3881769e+04  -5.8133123e+03
   7.6200000e+02   1.5977510e+03  -4.3600817e+03
   7.6300000e+02   1.3845686e+04   3.2638724e+03
   7.6400000e+02   4.4376981e+02   5.5225484e+03
   7.6500000e+02  -1.7393174e+04   2.9945065e+02
   7.6600000e+02  -1.2753067e+04  -4.9803983e+03
   7.6700000e+02   1.4633356e+03  -7.8328357e+03
   7.6800000e+02  -1.7066932e+03  -1.0501901e+04
   7.6900000e+02  -9.9893697e+03  -8.4147658e+03
   7.7000000e+02  -4.2255795e+03   1.7694824e+03
   7.7100000e+02   8.3696601e+03   9.4037163e+03
   7.7200000e+02   1.8003809e+04   2.5049665e+03
   7.7300000e+02   1.5625734e+04  -1.2167716e+04
   7.7400000e+02   4.4009015e+03  -1.5156218e+04
   7.7500000e+02  -2.2390054e+02  -6.1226732e+03
   7.7600000e+02   5.3189939e+02  -8.3883990e+01
   7.7700000e+02  -1.8270998e+03   1.1380601e+03
   7.7800000e+02  -1.9125791e+03   3.2512606e+03
   7.7900000e+02   8.3046502e+03   4.7036424e+03
   7.8000000e+02   1.5114601e+04  -7.1566452e+03
   7.8100000e+02   1.1100665e+03  -2.4016008e+04
   7.8200000e+02  -1.6194122e+04  -1.1175524e+04
   7.8300000e+02  -1.0281685e+04   1.6061990e+04
   7.8400000e+02   8.6231924e+03   9.7853238e+03
   7.8500000e+02   1.3261676e+04  -1.7146332e+04
   7.8600000e+02   4.8218572e+03  -1.7343371e+04
   7.8700000e+02  -1.6651081e+03   9.4237915e+03
   7.8800000e+02  -3.4462235e+03   1.6786925e+04
   7.8900000e+02   2.8816404e+03  -7.6043544e+03
   7.9000000e+02   1.2771155e+04  -2.3746364e+04
   7.9100000e+02   1.7022026e+04  -1.4755454e+04
   7.9200000e+02   1.2910056e+04   9.6910217e+02
   7.9300000e+02  -4.8428133e+02   8.8724849e+03
   7.9400000e+02  -1.1266831e+03   4.4693631e+03
   7.9500000e+02   1.7029829e+04  -9.0789608e+03
   7.9600000e+02   1.8195837e+04  -1.7748101e+04
   7.9700000e+02  -1.7690615e+03  -6.5214850e+03
   7.9800000e+02  -1.4426385e+04   1.0064805e+04
   7.9900000e+02  -5.5160865e+03   6.3500949e+03
   8.0000000e+02   1.6510398e+04  -6.6351936e+03
   8.0100000e+02   1.8692164e+04  -5.4629106e+03
   8.0200000e+02  -8.1175121e+03   9.2395682e+03
   8.0300000e+02  -2.4244827e+04   2.1165901e+04
   8.0400000e+02  -8.6145516e+03   1.9205581e+04
   8.0500000e+02   1.0501735e+04   7.6510043e+03
   8.0600000e+02   8.9193564e+03  -4.9036138e+03
   8.0700000e+02  -3.6584907e+03  -7.5678270e+03
   8.0800000e+02  -7.7903502e+03   6.7216519e+03
   8.0900000e+02   5.7406882e+02   1.9094613e+04
   8.1000000e+02   6.5055459e+03   8.1503077e+03
   8.1100000e+02   2.8868374e+03  -1.2242152e+04
   8.1200000e+02  -1.0877190e+03  -1.5758628e+04
   8.1300000e+02  -2.8921714e+03  -6.5148165e+02
   8.1400000e+02  -4.1551566e+03   1.3199188e+04
   8.1500000e+02  -5.9050717e+03   6.4812513e+03
   8.1600000e+02  -4.2647623e+03  -1.1054997e+04
   8.1700000e+02   5.2240569e+03  -6.0084370e+03
   8.1800000e+02   6.6942091e+03   2.0716911e+04
   8.1900000e+02  -5.9543067e+03   2.8713628e+04
   8.2000000e+02  -1.3889822e+04   7.7235708e+03
   8.2100000e+02  -1.1561301e+04  -6.2743528e+03
   8.2200000e+02  -8.1779269e+03   4.2647690e+03
   8.2300000e+02  -7.3027445e+03   1.4954205e+04
   8.2400000e+02  -5.1093014e+03   1.0049310e+04
   8.2500000e+02  -4.1634238e+03  -4.6211243e+02
   8.2600000e+02  -1.1904227e+04  -4.2105100e+03
   8.2700000e+02  -1.7240656e+04   3.0069367e+03
   8.2800000e+02  -4.0252444e+03   9.9373334e+03
   8.2900000e+02   1.2816950e+04   5.9889155e+03
   8.3000000e+02   4.3291267e+03  -3.2764403e+03
   8.3100000e+02  -1.4685527e+04  -1.1559569e+04
   8.3200000e+02  -5.9578563e+03  -1.1309079e+04
   8.3300000e+02   1.4993775e+04   4.7115337e+03
   8.3400000e+02   7.9460098e+03   1.7169987e+04
   8.3500000e+02  -1.7678566e+04  -4.3771100e+02
   8.3600000e+02  -2.4345818e+04  -2.4942860e+04
   8.3700000e+02  -7.0775126e+03  -1.7438274e+04
   8.3800000e+02   7.8487774e+03   3.5745503e+03
   8.3900000e+02   6.3848013e+03   8.4466586e+03
   8.4000000e+02  -6.3585647e+03   7.2160263e+03
   8.4100000e+02  -1.5646111e+04   6.4868170e+03
   8.4200000e+02  -6.3240419e+03  -1.4090037e+03
   8.4300000e+02   1.1815365e+04  -8.0933610e+03
   8.4400000e+02   1.4951162e+04   2.3875398e+02
   8.4500000e+02   2.0737733e+03   1.2174843e+04
   8.4600000e+02  -5.6375084e+03   9.1875558e+03
   8.4700000e+02  -2.7998293e+03  -1.7328550e+03
   8.4800000e+02  -8.7467260e+02  -1.0675492e+04
   8.4900000e+02   1.9186484e+03  -1.6632965e+04
   8.5000000e+02   1.4208655e+02  -1.3627300e+04
   8.5100000e+02  -7.8475624e+03  -6.3932231e+03
   8.5200000e+02   1.7509972e+03  -7.1679546e+03
   8.5300000e+02   1.8863096e+04  -9.9040822e+03
   8.5400000e+02   1.3503074e+04  -4.2739201e+03
   8.5500000e+02   2.5092173e+02  -6.4309137e+02
   8.5600000e+02   3.0257886e+03  -8.5963673e+03
   8.5700000e+02   1.3244725e+04  -1.4750231e+04
   8.5800000e+02   1.2606705e+04  -5.2957766e+03
   8.5900000e+02   1.9343153e+03   1.2247814e+04
   8.6000000e+02  -3.8098283e+03   1.6713056e+04
   8.6100000e+02   3.5397438e+03   3.7406856e+03
   8.6200000e+02   1.0694103e+04  -7.7537666e+03
   8.6300000e+02   1.0614323e+03  -6.6857288e+03
   8.6400000e+02  -1.0055455e+04   1.8066335e+03
   8.6500000e+02  -4.2352023e+03   3.5570956e+03
   8.6600000e+02   7.8985302e+03  -5.5804845e+03
   8.6700000e+02   1.3678326e+04  -9.2138290e+03
   8.6800000e+02   1.3157527e+04  -4.7733596e+03
   8.6900000e+02   1.0421378e+04  -3.9537401e+03
   8.7000000e+02   1.7358427e+03  -9.8425635e+03
   8.7100000e+02  -1.0575193e+04  -1.7296400e+04
   8.7200000e+02  -7.7430937e+03  -1.1231252e+04
   8.7300000e+02   9.5518076e+03   7.6774626e+03
   8.7400000e+02   1.9424144e+04   1.4183633e+04
   8.7500000e+02   1.0095487e+04  -4.6130662e+02
   8.7600000e+02  -8.0763823e+03  -1.2854149e+04
   8.7700000e+02  -1.3621747e+04  -2.7440545e+03
   8.7800000e+02  -2.4571114e+03   1.4316097e+04
   8.7900000e+02   1.1451271e+04   1.7807020e+04
   8.8000000e+02   1.1538809e+04   7.9062238e+03
   8.8100000e+02  -1.3791091e+03  -8.3664416e+03
   8.8200000e+02  -5.9580528e+03  -8.6772635e+03
   8.8300000e+02   1.8743630e+03   1.1386978e+04
   8.8400000e+02   8.8145317e+03   1.3310244e+04
   8.8500000e+02   4.7041623e+03  -4.7053673e+03
   8.8600000e+02  -1.0198165e+04  -1.2956311e+03
   8.8700000e+02  -1.5348193e+04   1.3952319e+04
   8.8800000e+02  -1.8405795e+03   5.4695945e+03
   8.8900000e+02   1.0193959e+04  -1.0420715e+04
   8.9000000e+02   4.4556507e+03  -9.4732580e+03
   8.9100000e+02  -1.2861725e+04   8.0943817e+02
   8.9200000e+02  -2.0409310e+04   1.5099290e+04
   8.9300000e+02  -5.3739159e+03   2.6067904e+04
   8.9400000e+02   1.6355913e+04   1.4369354e+04
   8.9500000e+02   1.2545412e+04  -1.4244307e+04
   8.9600000e+02  -1.4277658e+04  -1.9986926e+04
   8.9700000e+02  -2.1102448e+04   5.6462780e+03
   8.9800000e+02   2.8108688e+03   2.1445876e+04
   8.9900000e+02   2.0795372e+04   1.5264392e+04
   9.0000000e+02   8.0773054e+03   3.8983890e+03
   9.0100000e+02  -1.6336199e+04  -6.7937248e+03
   9.0200000e+02  -2.3056886e+04  -1.7254640e+03
   9.0300000e+02  -1.6368036e+04   1.4147615e+04
   9.0400000e+02  -8.8030639e+03   1.2513060e+04
   9.0500000e+02  -1.7731145e+03  -5.3584417e+03
   9.0600000e+02  -3.5764312e+03  -1.5961624e+04
   9.0700000e+02  -1.3329174e+04  -4.3772228e+03
   9.0800000e+02  -1.5121847e+04   1.0368569e+04
   9.0900000e+02  -1.9815987e+03   2.6312028e+03
   9.1000000e+02   1.0142710e+04  -9.2958640e+03
   9.1100000e+02   5.9304745e+03  -5.8631630e+03
   9.1200000e+02  -6.4632150e+02   1.4180205e+03
   9.1300000e+02   2.0462160e+03   2.4756335e+03
   9.1400000e+02   3.0598325e+03  -1.0068288e+03
   9.1500000e+02   9.8950119e+02  -5.2317425e+02
   9.1600000e+02   7.3176186e+03   6.7072417e+03
   9.1700000e+02   1.3961408e+04   6.8398531e+03
   9.1800000e+02   1.5973604e+03  -5.7371897e+03
   9.1900000e+02  -1.4724818e+04  -1.0516376e+04
   9.2000000e+02  -1.0390311e+04   1.9829703e+03
   9.2100000e+02   4.4984452e+02   1.1221449e+04
   9.2200000e+02  -2.6279496e+03   5.4622576e+03
   9.2300000e+02  -1.2608225e+04  -6.0446110e+03
   9.2400000e+02  -1.1462339e+04  -1.0683610e+04
   9.2500000e+02   3.9129735e+03  -3.1422053e+03
   9.2600000e+02   1.7270802e+04   6.8498725e+03
   9.2700000e+02   1.0618449e+04   5.4833872e+03
   9.2800000e+02  -1.3673041e+04  -8.8886396e+03
   9.2900000e+02  -2.2842174e+04  -1.7211163e+04
   9.3000000e+02   2.5131409e+03  -1.4145014e+03
   9.3100000e+02   3.0070101e+04   1.6803364e+04
   9.3200000e+02   2.2427894e+04   6.3729605e+03
   9.3300000e+02  -9.3797422e+03  -1.8264721e+04
   9.3400000e+02  -2.1654741e+04  -2.0529101e+04
   9.3500000e+02   8.9570194e+02   1.3487300e+03
   9.3600000e+02   2.4290202e+04   1.6893958e+04
   9.3700000e+02   1.5472385e+04   9.8608528e+03
   9.3800000e+02  -9.6346501e+03  -8.7598926e+03
   9.3900000e+02  -1.1602018e+04  -1.7539221e+04
   9.4000000e+02   7.6303886e+03  -7.3677937e+03
   9.4100000e+02   2.1638989e+04   4.4806988e+03
   9.4200000e+02   1.8694488e+04   8.9661863e+02
   9.4300000e+02  -6.2160342e+03  -1.0558311e+04
   9.4400000e+02  -2.2554979e+04  -1.1354087e+04
   9.4500000e+02  -5.7147736e+02   5.8578670e+02
   9.4600000e+02   2.1809022e+04   2.4998701e+03
   9.4700000e+02   1.4019615e+04  -1.3254258e+04
   9.4800000e+02  -2.7795833e+03  -1.9080633e+04
   9.4900000e+02  -9.8530442e+03  -4.1327943e+03
   9.5000000e+02  -4.6479041e+03   9.5920488e+03
   9.5100000e+02   5.6084981e+03   1.1075064e+04
   9.5200000e+02   7.8785309e+03   1.6313767e+03
   9.5300000e+02   1.3689047e+03  -1.1963019e+04
   9.5400000e+02  -3.2637406e+03  -8.3589249e+03
   9.5500000e+02  -4.5508961e+03   8.1267927e+03
   9.5600000e+02  -7.6734242e+02   9.5489633e+03
   9.5700000e+02   1.2776695e+04  -4.6334944e+02
   9.5800000e+02   1.4257126e+04  -5.1927909e+03
   9.5900000e+02  -6.8595128e+03  -3.0322024e+03
   9.6000000e+02  -1.6730374e+04   8.0369590e+02
   9.6100000e+02  -3.6191779e+02  -1.0458600e+03
   9.6200000e+02   1.7314273e+04  -2.4491158e+03
   9.6300000e+02   1.6924568e+04   2.6694891e+03
   9.6400000e+02   1.4200284e+03   1.8122301e+03
   9.6500000e+02  -1.3685878e+04  -4.2452606e+03
   9.6600000e+02  -1.2169806e+04   2.4137077e+03
   9.6700000e+02   6.4069867e+03   1.5057434e+04
   9.6800000e+02   1.8777166e+04   9.2232117e+03
   9.6900000e+02   6.7950793e+03  -7.8471059e+03
   9.7000000e+02  -1.1696134e+04  -5.4901732e+03
   9.7100000e+02  -8.3972779e+03   1.8009969e+04
   9.7200000e+02   6.7075775e+03   2.9908398e+04
   9.7300000e+02   1.5910373e+03   8.4846413e+03
   9.7400000e+02  -1.7626410e+04  -2.2508629e+04
   9.7500000e+02  -1.8413080e+04  -2.2267186e+04
   9.7600000e+02   1.0983661e+03   1.0425481e+04
   9.7700000e+02   1.1952263e+04   3.2473422e+04
   9.7800000e+02   1.7682065e+03   1.4932364e+04
   9.7900000e+02  -6.8879930e+03  -1.6301244e+04
   9.8000000e+02  -1.8793824e+03  -2.2458155e+04
   9.8100000e+02   2.5769341e+03   3.1398680e+02
   9.8200000e+02   2.2771880e+03   2.3443069e+04
   9.8300000e+02  -1.6518427e+03   1.8156149e+04
   9.8400000e+02  -1.2029209e+04  -2.2188577e+03
   9.8500000e+02  -1.5924365e+04  -6.8948696e+03
   9.8600000e+02  -4.3814353e+02   3.8531669e+03
   9.8700000e+02   1.1923977e+04   1.3599140e+04
   9.8800000e+02  -5.6425964e+03   8.4350252e+03
   9.8900000e+02  -2.6018767e+04  -8.4315217e+03
   9.9000000e+02  -1.1498839e+04  -1.2398595e+04
   9.9100000e+02   1.6356029e+04   4.7377969e+03
   9.9200000e+02   1.4540246e+04   1.6498799e+04
   9.9300000e+02  -1.0317728e+04   2.2738986e+03
   9.9400000e+02  -1.6357707e+04  -1.3952667e+04
   9.9500000e+02   1.1904993e+03  -5.3927657e+03
   9.9600000e+02   1.1701619e+04   1.5871624e+04
   9.9700000e+02   2.2263868e+03   2.5605152e+04
   9.9800000e+02  -1.6317085e+04   5.5648308e+03
   9.9900000e+02  -1.8608219e+04  -2.7593101e+04
   1.0000000e+03   8.5728921e+02  -2.4346933e+04
   1.0010000e+03   8.5239379e+03   1.2980031e+04
   1.0020000e+03  -7.7092849e+03   2.9145209e+04
   1.0030000e+03  -1.5149122e+04   5.6049891e+03
   1.0040000e+03   2.5194902e+03  -2.5011781e+04
   1.0050000e+03   1.5023074e+04  -3.0595863e+04
   1.0060000e+03   2.2257826e+03  -8.5168389e+03
   1.0070000e+03  -8.5060655e+03   1.3368871e+04
   1.0080000e+03   2.5243444e+03   6.6616567e+03
   1.0090000e+03   1.3127590e+04  -1.3303708e+04
   1.0100000e+03   1.1082562e+03  -1.6714266e+04
   1.0110000e+03  -1.5753222e+04  -4.2473060e+03
   1.0120000e+03  -7.5979164e+03   1.2327297e+04
   1.0130000e+03   1.4304440e+04   1.4637928e+04
   1.0140000e+03   1.6776406e+04  -6.8124532e+03
   1.0150000e+03  -4.5887563e+03  -2.1629216e+04
   1.0160000e+03  -1.7993472e+04  -5.2505372e+03
   1.0170000e+03  -7.4926518e+02   1.7703663e+04
   1.0180000e+03   1.7146470e+04   1.4283548e+04
   1.0190000e+03   4.7919152e+03  -8.9219718e+03
   1.0200000e+03  -1.3590636e+04  -2.3068400e+04
   1.0210000e+03  -4.7132036e+03  -1.5364610e+04
   1.0220000e+03   1.8167766e+04   3.0674570e+03
   1.0230000e+03   1.9350406e+04   8.8595394e+03
   1.0240000e+03   8.3308872e+02  -1.7750402e+03
   1.0250000e+03  -9.1467732e+03  -9.9919229e+03
   1.0260000e+03  -2.3510763e+03  -1.1197951e+04
   1.0270000e+03   1.2608295e+04  -1.2165394e+04
   1.0280000e+03   2.0645499e+04  -9.7006726e+03
   1.0290000e+03   1.0914908e+04   9.8247713e+01
   1.0300000e+03  -7.9398216e+03   8.3974139e+03
   1.0310000e+03  -1.4024245e+04   5.3987722e+03
   1.0320000e+03   8.0563317e+02  -5.2226035e+03
   1.0330000e+03   1.5455211e+04  -1.4208220e+04
   1.0340000e+03   1.4551760e+04  -1.0961114e+04
   1.0350000e+03   6.6181989e+03   4.7572888e+03
   1.0360000e+03   7.6705789e+01   1.6174747e+04
   1.0370000e+03   6.2662937e+02   1.1845490e+04
   1.0380000e+03   7.4557343e+03  -4.7080335e+03
   1.0390000e+03   7.7188660e+03  -1.3073509e+04
   1.0400000e+03  -2.6364961e+02  -1.8451373e+02
   1.0410000e+03   5.6954244e+02   1.0422783e+04
   1.0420000e+03   9.6302290e+03   1.7510022e+03
   1.0430000e+03   6.0739654e+03  -7.3609110e+03
   1.0440000e+03  -1.7031224e+03   1.6198045e+03
   1.0450000e+03   3.7701576e+03   1.7486310e+04
   1.0460000e+03   6.4632501e+03   1.2083221e+04
   1.0470000e+03  -3.0954736e+03  -9.8682509e+03
   1.0480000e+03  -7.9869365e+03  -1.2119943e+04
   1.0490000e+03  -6.4554667e+02   5.7689380e+03
   1.0500000e+03   7.0087227e+03   1.3265736e+04
   1.0510000e+03   6.6515203e+03   1.0939594e+04
   1.0520000e+03   1.2130997e+03   8.1631400e+03
   1.0530000e+03  -6.3375571e+03  -5.5283261e+03
   1.0540000e+03  -9.4372553e+03  -1.4231938e+04
   1.0550000e+03  -5.2445406e+03   3.8626163e+02
   1.0560000e+03  -4.3200898e+03   1.3751904e+04
   1.0570000e+03  -1.1102991e+04   1.1257466e+04
   1.0580000e+03  -1.4575624e+04   5.3056897e+03
   1.0590000e+03  -6.8885399e+03   1.9632694e+03
   1.0600000e+03   1.6579000e+02   2.0621079e+03
   1.0610000e+03  -5.4512082e+03   7.6126786e+03
   1.0620000e+03  -1.8883025e+04   1.4897478e+04
   1.0630000e+03  -2.5531463e+04   9.7624493e+03
   1.0640000e+03  -7.2198832e+03  -5.9676728e+03
   1.0650000e+03   1.9817015e+04  -7.6226665e+03
   1.0660000e+03   1.5225559e+04   8.5828954e+03
   1.0670000e+03  -1.0969890e+04   1.8619386e+04
   1.0680000e+03  -1.9912017e+04   8.7690126e+03
   1.0690000e+03  -5.6569562e+03  -4.0079563e+03
   1.0700000e+03   9.8058798e+03  -3.7565247e+03
   1.0710000e+03   8.3468637e+03  -1.5706178e+03
   1.0720000e+03  -2.5326210e+03  -2.9102235e+03
   1.0730000e+03  -8.3064725e+03   4.2875265e+02
   1.0740000e+03  -8.2883079e+03   6.7020840e+03
   1.0750000e+03  -6.9901869e+03   4.9058955e+03
   1.0760000e+03  -8.8098475e+03  -8.8790608e+03
   1.0770000e+03  -1.0921545e+04  -1.8353131e+04
   1.0780000e+03  -2.7058747e+03  -8.8561624e+03
   1.0790000e+03   9.8587332e+03   8.9036980e+03
   1.0800000e+03   2.4600315e+03   1.2698615e+04
   1.0810000e+03  -2.0566391e+04   4.2114148e+02
   1.0820000e+03  -2.2289874e+04  -4.1284914e+03
   1.0830000e+03   3.5188879e+03   2.6945951e+03
   1.0840000e+03   1.9424069e+04   4.1856984e+03
   1.0850000e+03   5.4790635e+03   2.9287234e+03
   1.0860000e+03  -6.7581192e+03   3.3024070e+02
   1.0870000e+03   5.2358138e+03  -7.8157169e+03
   1.0880000e+03   1.4957403e+04  -1.0545242e+04
   1.0890000e+03   1.0884826e+04  -2.0333639e+03
   1.0900000e+03   7.4363247e+03   4.2652134e+03
   1.0910000e+03   4.0157430e+03  -5.5190061e+03
   1.0920000e+03   5.5750560e+02  -2.1248074e+04
   1.0930000e+03   1.0316240e+03  -1.9130917e+04
   1.0940000e+03   2.5209367e+02   6.2797608e+02
   1.0950000e+03  -6.3316687e+03   1.0742004e+04
   1.0960000e+03  -9.8097982e+03  -2.4304005e+03
   1.0970000e+03  -1.5572969e+03  -1.5697858e+04
   1.0980000e+03   3.8831792e+03  -9.4930585e+03
   1.0990000e+03  -6.0524701e+02  -1.0683174e+03
   1.1000000e+03   1.3845463e+03  -4.9276220e+03
   1.1010000e+03   1.4281494e+04  -6.0892019e+03
   1.1020000e+03   2.2485235e+04   1.3631365e+02
   1.1030000e+03   1.1807305e+04  -1.4832159e+03
   1.1040000e+03  -4.3150908e+03  -4.9761766e+03
   1.1050000e+03  -1.9553839e+02   1.3456403e+03
   1.1060000e+03   1.7052595e+04   2.2556645e+03
   1.1070000e+03   2.1265056e+04  -1.0002975e+04
   1.1080000e+03   1.0796092e+04  -1.4680631e+04
   1.1090000e+03   2.8369825e+03   2.2754622e+03
   1.1100000e+03  -3.0091777e+03   1.8329144e+04
   1.1110000e+03  -9.7358309e+03   7.1019896e+03
   1.1120000e+03  -4.1625018e+03  -1.3616321e+04
   1.1130000e+03   5.7231913e+03  -1.4114333e+04
   1.1140000e+03   4.9394335e+03   1.1656576e+03
   1.1150000e+03  -3.2537446e+02   1.1172557e+04
   1.1160000e+03  -8.3773595e+03   8.3510467e+03
   1.1170000e+03  -1.1391488e+04  -1.1366818e+03
   1.1180000e+03   4.8949010e+03  -7.5120480e+03
   1.1190000e+03   2.1625872e+04   1.8318125e+03
   1.1200000e+03   1.0851739e+04   1.5867109e+04
   1.1210000e+03  -1.0026087e+04   4.0603412e+03
   1.1220000e+03  -5.9856513e+03  -1.9154802e+04
   1.1230000e+03   1.0696254e+04  -1.4384349e+04
   1.1240000e+03   6.4741648e+03   1.2516030e+04
   1.1250000e+03  -9.9193437e+03   2.3770391e+04
   1.1260000e+03  -9.2488285e+03   4.1516962e+03
   1.1270000e+03   5.0215606e+03  -1.7352887e+04
   1.1280000e+03   1.0589317e+04  -8.7936211e+03
   1.1290000e+03   5.3768223e+03   1.7204573e+04
   1.1300000e+03  -2.6640294e+03   2.3486053e+04
   1.1310000e+03  -9.2036685e+03   4.4920376e+03
   1.1320000e+03  -8.9101208e+03  -6.9880832e+03
   1.1330000e+03  -5.0874399e+03   1.4915918e+03
   1.1340000e+03  -3.2972918e+03   9.3264320e+03
   1.1350000e+03  -2.3825198e+03   5.2763640e+03
   1.1360000e+03  -3.1924055e+03  -4.0924131e+03
   1.1370000e+03  -6.7956544e+03  -2.9873166e+03
   1.1380000e+03  -8.3104906e+03   1.1638903e+04
   1.1390000e+03  -4.4380814e+03   1.4846458e+04
   1.1400000e+03  -5.1554639e+03  -3.2877983e+03
   1.1410000e+03  -1.2954734e+04  -1.1430270e+04
   1.1420000e+03  -9.3514180e+03   6.3332982e+03
   1.1430000e+03   8.3913003e+03   1.5440261e+04
   1.1440000e+03   1.5456299e+04  -1.0173523e+03
   1.1450000e+03  -6.0412197e+02  -1.0320193e+04
   1.1460000e+03  -1.3698166e+04   3.6806249e+03
   1.1470000e+03  -6.6487323e+03   1.7993774e+04
   1.1480000e+03  -4.3438253e+03   9.4605685e+03
   1.1490000e+03  -9.3086069e+03  -1.3705013e+04
   1.1500000e+03  -1.6124024e+03  -1.7050082e+04
   1.1510000e+03   4.2966806e+03   9.6200819e+03
   1.1520000e+03  -4.4212874e+03   2.7369236e+04
   1.1530000e+03  -1.3119287e+04   5.4781010e+03
   1.1540000e+03  -1.1196334e+04  -2.0304074e+04
   1.1550000e+03  -3.7291907e+03  -7.0728567e+03
   1.1560000e+03   6.0450771e+02   1.7631216e+04
   1.1570000e+03   1.5508178e+03   1.2687155e+04
   1.1580000e+03   1.2589576e+03  -1.0024425e+04
   1.1590000e+03   1.9783792e+03  -1.7302329e+04
   1.1600000e+03   4.7974318e+03  -1.8076060e+03
   1.1610000e+03   2.1593461e+03   1.4280246e+04
   1.1620000e+03  -7.4748311e+03   1.1706151e+04
   1.1630000e+03  -1.0879333e+04  -4.4652781e+03
   1.1640000e+03  -2.1104458e+03  -1.4741922e+04
   1.1650000e+03   5.7833968e+03  -8.9759996e+03
   1.1660000e+03   2.9684075e+03   4.8780467e+03
   1.1670000e+03  -5.6808850e+03   1.3152186e+04
   1.1680000e+03  -7.7240402e+03   2.0749268e+03
   1.1690000e+03   5.2802395e+03  -1.9245369e+04
   1.1700000e+03   1.4639245e+04  -1.9618233e+04
   1.1710000e+03   5.6273408e+03  -2.2563287e+03
   1.1720000e+03  -1.0477538e+03   3.6489233e+03
   1.1730000e+03   2.9329759e+03  -6.4853777e+03
   1.1740000e+03   7.6579573e+03  -1.9322145e+04
   1.1750000e+03   1.1219876e+04  -2.1503599e+04
   1.1760000e+03   9.1201990e+03  -8.3632773e+03
   1.1770000e+03   1.9740573e+03   6.7056285e+03
   1.1780000e+03   2.2235054e+02   6.9128195e+03
   1.1790000e+03   4.1854132e+03  -3.5879283e+03
   1.1800000e+03  -2.6016224e+02  -7.6289277e+03
   1.1810000e+03  -9.7913247e+03  -1.7773290e+03
   1.1820000e+03  -2.4183570e+02   3.4725682e+03
   1.1830000e+03   1.7421728e+04   2.2089544e+03
   1.1840000e+03   8.3226023e+03  -3.6518899e+02
   1.1850000e+03  -1.7509612e+04  -1.2549388e+03
   1.1860000e+03  -1.8586463e+04  -1.8789132e+03
   1.1870000e+03   6.4293847e+03   1.8401838e+03
   1.1880000e+03   1.9423654e+04   3.4773899e+03
   1.1890000e+03   1.4822332e+04  -8.0489643e+03
   1.1900000e+03   1.1513356e+04  -1.8187828e+04
   1.1910000e+03   5.9467928e+03  -7.1904355e+03
   1.1920000e+03   1.3554027e+03   1.4257396e+04
   1.1930000e+03   8.1483965e+03   1.6305559e+04
   1.1940000e+03   1.3089490e+04  -5.9726013e+03
   1.1950000e+03   5.2997889e+03  -2.2008265e+04
   1.1960000e+03  -2.2065755e+03  -1.1143989e+04
   1.1970000e+03   1.8915782e+03   1.3374192e+04
   1.1980000e+03   6.4630306e+03   2.5967002e+04
   1.1990000e+03  -1.5348496e+03   1.2456887e+04
   1.2000000e+03  -1.2765316e+04  -1.3963342e+04
   1.2010000e+03  -9.7734327e+03  -1.7560147e+04
   1.2020000e+03   2.2249501e+03   1.2364812e+04
   1.2030000e+03   6.3883846e+03   3.1119552e+04
   1.2040000e+03   3.9377503e+03   3.8598986e+03
   1.2050000e+03  -3.1034737e+03  -3.1118313e+04
   1.2060000e+03  -1.3076256e+04  -2.0553388e+04
   1.2070000e+03  -1.0189306e+04   1.9171718e+04
   1.2080000e+03   5.5713865e+03   2.9701007e+04
   1.2090000e+03   1.3871891e+04   1.6229916e+03
   1.2100000e+03   1.2610260e+03  -2.2413645e+04
   1.2110000e+03  -1.7140779e+04  -1.4455656e+04
   1.2120000e+03  -1.2038427e+04   1.3128538e+04
   1.2130000e+03   1.0230559e+04   2.5089889e+04
   1.2140000e+03   1.9848930e+04   7.2070604e+03
   1.2150000e+03   4.4539498e+03  -1.3432757e+04
   1.2160000e+03  -1.7791319e+04  -9.4900358e+03
   1.2170000e+03  -1.4020856e+04   1.2446977e+04
   1.2180000e+03   6.0390396e+03   1.9940978e+04
   1.2190000e+03   5.3682331e+03  -1.5642941e+03
   1.2200000e+03  -1.1829244e+04  -1.8533094e+04
   1.2210000e+03  -1.4270540e+04   8.4483673e+02
   1.2220000e+03   9.9810365e+02   2.8583084e+04
   1.2230000e+03   6.1637128e+03   1.9256069e+04
   1.2240000e+03  -9.8906501e+02  -1.1438326e+04
   1.2250000e+03  -2.9946728e+03  -1.5441380e+04
   1.2260000e+03  -7.1977950e+03   7.6255539e+03
   1.2270000e+03  -1.2444340e+04   2.1173305e+04
   1.2280000e+03  -7.3886058e+03   1.0022895e+04
   1.2290000e+03   2.7079135e+03  -4.7009645e+03
   1.2300000e+03   1.1232853e+04  -3.8635595e+03
   1.2310000e+03   7.3598545e+03   2.7144538e+03
   1.2320000e+03  -9.4670144e+03   5.9407165e+03
   1.2330000e+03  -1.9827868e+04   8.2425747e+03
   1.2340000e+03  -1.3510473e+04   2.1904129e+03
   1.2350000e+03   2.9253281e+03  -1.3246820e+04
   1.2360000e+03   8.5540243e+03  -1.3067245e+04
   1.2370000e+03  -5.5505937e+03   9.7779966e+03
   1.2380000e+03  -1.6145801e+04   1.7375861e+04
   1.2390000e+03  -1.1306121e+04  -4.2508118e+03
   1.2400000e+03  -4.4193039e+03  -2.2577225e+04
   1.2410000e+03  -4.9600989e+03  -2.1183516e+04
   1.2420000e+03  -1.1068093e+04  -7.4740270e+03
   1.2430000e+03  -7.4341431e+03   8.1727082e+03
   1.2440000e+03   1.1049138e+04   1.3898620e+04
   1.2450000e+03   1.9614739e+04   3.0272126e+03
   1.2460000e+03   6.8765212e+03  -1.5012445e+04
   1.2470000e+03  -7.1759196e+03  -1.4451718e+04
   1.2480000e+03  -5.4848818e+03   6.7734229e+03
   1.2490000e+03   8.0142208e+03   2.0378571e+04
   1.2500000e+03   1.5040363e+04   1.3973361e+04
   1.2510000e+03   1.0269626e+04  -3.4296839e+03
   1.2520000e+03   2.8213633e+03  -1.3509043e+04
   1.2530000e+03  -4.7839435e+03  -7.0069270e+03
   1.2540000e+03  -8.7447998e+03   6.0020357e+02
   1.2550000e+03  -7.0445980e+03  -2.6562770e+02
   1.2560000e+03  -2.2442768e+03  -2.0209805e+03
   1.2570000e+03   3.2624180e+03  -2.6647268e+03
   1.2580000e+03   2.7167721e+02  -8.7590007e+03
   1.2590000e+03  -5.4258606e+03  -1.8490721e+04
   1.2600000e+03   1.5510353e+03  -1.6950224e+04
   1.2610000e+03   1.2434864e+04  -3.0160858e+03
   1.2620000e+03   1.1858845e+04   5.2799580e+03
   1.2630000e+03   2.6325198e+03  -8.4426723e+02
   1.2640000e+03   3.9209240e+03  -1.1118868e+04
   1.2650000e+03   2.2187734e+04  -9.7404136e+03
   1.2660000e+03   2.7437751e+04   6.9252332e+02
   1.2670000e+03   2.8203820e+03   3.0197268e+03
   1.2680000e+03  -1.5237684e+04  -2.9029548e+03
   1.2690000e+03  -1.6476725e+02  -4.6817935e+03
   1.2700000e+03   1.9793941e+04  -6.1261255e+02
   1.2710000e+03   1.6443039e+04   9.7754912e+02
   1.2720000e+03  -6.0584120e+03  -3.1592603e+03
   1.2730000e+03  -2.1276144e+04  -3.2874167e+03
   1.2740000e+03  -1.7055337e+03   2.4314673e+03
   1.2750000e+03   2.3004741e+04   2.4009316e+03
   1.2760000e+03   7.6249366e+03  -2.1074100e+03
   1.2770000e+03  -1.7333552e+04  -4.2723684e+03
   1.2780000e+03  -9.2198241e+03  -1.7952572e+03
   1.2790000e+03   1.4753312e+04   8.1301610e+03
   1.2800000e+03   1.7932376e+04   1.2330964e+04
   1.2810000e+03  -2.5854486e+03   4.4681631e+02
   1.2820000e+03  -1.4970440e+04  -1.0481967e+04
   1.2830000e+03  -2.7459641e+03  -3.2002653e+03
   1.2840000e+03   1.7855047e+04   1.3301028e+04
   1.2850000e+03   2.1488913e+04   8.7925988e+03
   1.2860000e+03  -6.2037201e+02  -1.2665293e+04
   1.2870000e+03  -1.8804098e+04  -9.9493903e+03
   1.2880000e+03  -5.9413612e+03   8.7036178e+03
   1.2890000e+03   1.3888235e+04   1.0812280e+04
   1.2900000e+03   7.4978892e+03   6.6603409e+03
   1.2910000e+03  -1.1204083e+04   5.3375368e+03
   1.2920000e+03  -1.2618926e+04  -1.4474150e+03
   1.2930000e+03  -4.4265991e+03  -4.3509769e+03
   1.2940000e+03  -4.0665969e+03   1.1149112e+04
   1.2950000e+03  -4.8631369e+03   2.8589342e+04
   1.2960000e+03  -5.9139036e+02   1.8201774e+04
   1.2970000e+03  -2.6754040e+03  -9.4528068e+03
   1.2980000e+03  -1.3158617e+04  -1.7336551e+04
   1.2990000e+03  -9.8158436e+03   3.2732563e+03
   1.3000000e+03   2.4761230e+03   2.3577733e+04
   1.3010000e+03  -6.5371291e+03   1.7694224e+04
   1.3020000e+03  -1.8813277e+04  -2.8939595e+03
   1.3030000e+03  -4.6950367e+03  -1.6591570e+04
   1.3040000e+03   1.1407558e+04  -1.6445734e+04
   1.3050000e+03   2.6284656e+03  -1.0046797e+03
   1.3060000e+03  -1.0699979e+04   1.7564748e+04
   1.3070000e+03  -3.2754862e+03   1.6831018e+04
   1.3080000e+03   9.8509992e+03  -5.3088090e+03
   1.3090000e+03   6.7599210e+03  -1.8460493e+04
   1.3100000e+03  -4.6698549e+03  -3.2428080e+03
   1.3110000e+03  -8.0513045e+03   1.4831590e+04
   1.3120000e+03  -3.8824791e+03   1.2485332e+04
   1.3130000e+03  -6.2956907e+03   8.6577327e+02
   1.3140000e+03  -1.4064752e+04  -8.5969340e+00
   1.3150000e+03  -1.3076348e+04   1.2264240e+04
   1.3160000e+03  -9.7307115e+03   1.5833652e+04
   1.3170000e+03  -1.2707599e+04  -9.9516723e+02
   1.3180000e+03  -1.0595365e+04  -1.7920561e+04
   1.3190000e+03  -9.3350366e+02  -1.4423279e+04
   1.3200000e+03  -3.4487574e+02   4.6849038e+03
   1.3210000e+03  -8.5844636e+03   1.5106802e+04
   1.3220000e+03  -4.4746873e+03   1.5373972e+03
   1.3230000e+03   1.0237648e+04  -1.8678249e+04
   1.3240000e+03   1.4033492e+04  -1.9014813e+04
   1.3250000e+03   7.5165574e+03  -4.4143658e+03
   1.3260000e+03   5.7735277e+03   2.2935299e+03
   1.3270000e+03   7.3223630e+03  -5.4244490e+02
   1.3280000e+03   2.7840515e+03  -1.9313020e+03
   1.3290000e+03  -2.6413981e+03  -1.0442024e+03
   1.3300000e+03  -6.5216143e+02  -2.2819357e+03
   1.3310000e+03   5.2527717e+03  -3.1349045e+03
   1.3320000e+03   7.5337009e+03   5.0829196e+02
   1.3330000e+03   3.5117707e+03   7.2836379e+02
   1.3340000e+03  -1.7259984e+03  -6.0410331e+03
   1.3350000e+03  -3.0971710e+03  -7.2340573e+03
   1.3360000e+03   1.3787045e+02  -8.5132110e+00
   1.3370000e+03   4.8538437e+03   4.6128645e+02
   1.3380000e+03   3.8618776e+03  -1.0936102e+04
   1.3390000e+03   1.4341079e+02  -1.5659591e+04
   1.3400000e+03   4.0030790e+03  -6.6152684e+03
   1.3410000e+03   1.1684675e+04  -1.0996782e+03
   1.3420000e+03   9.8081551e+03  -4.0413133e+03
   1.3430000e+03   1.2439047e+02  -6.6033611e+03
   1.3440000e+03  -1.7479810e+03  -5.4526530e+03
   1.3450000e+03   5.8960595e+03  -4.6166259e+03
   1.3460000e+03   1.5792493e+04  -4.7360317e+03
   1.3470000e+03   1.7552630e+04   4.9824413e+03
   1.3480000e+03  -2.4936592e+02   1.4797591e+04
   1.3490000e+03  -1.2654151e+04   2.0039501e+03
   1.3500000e+03   3.2166467e+03  -1.6301622e+04
   1.3510000e+03   1.5591165e+04  -9.0013277e+03
   1.3520000e+03   6.1977287e+03   1.3818627e+04
   1.3530000e+03  -1.7085460e+03   1.5055738e+04
   1.3540000e+03   7.4674614e+02  -8.0195410e+03
   1.3550000e+03   4.5384331e+03  -1.4805545e+04
   1.3560000e+03   6.3251217e+03   5.3329504e+03
   1.3570000e+03   4.8420360e+03   1.4601881e+04
   1.3580000e+03   3.3775164e+03  -1.8186540e+03
   1.3590000e+03   8.9506437e+03  -1.3390754e+04
   1.3600000e+03   1.0358085e+04  -3.1092275e+03
   1.3610000e+03  -3.0760547e+03   9.0273174e+03
   1.3620000e+03  -1.3334037e+04   8.8094626e+03
   1.3630000e+03  -6.6862689e+03   3.3733298e+03
   1.3640000e+03   5.9135936e+03   1.3264274e+03
   1.3650000e+03   8.3281107e+03   1.8667864e+03
   1.3660000e+03  -2.3730234e+03  -5.7293250e+01
   1.3670000e+03  -1.3727564e+04  -1.5474609e+03
   1.3680000e+03  -1.7771064e+04  -7.4312690e+02
   1.3690000e+03  -1.3672905e+04   1.9943590e+03
   1.3700000e+03  -3.2307666e+03   9.5957291e+03
   1.3710000e+03   2.4473259e+03   1.0626918e+04
   1.3720000e+03  -1.7064153e+02  -9.2846377e+02
   1.3730000e+03  -2.0281830e+03  -4.3429868e+03
   1.3740000e+03  -3.1015368e+03   5.5778908e+03
   1.3750000e+03  -5.0635652e+03   8.4531737e+03
   1.3760000e+03  -7.6438272e+02   2.3188979e+03
   1.3770000e+03   4.2589605e+03   1.0366333e+03
   1.3780000e+03   8.7699624e+02   5.4005221e+03
   1.3790000e+03  -1.3861564e+03   9.5251678e+03
   1.3800000e+03   1.7382143e+03   5.9579448e+03
   1.3810000e+03   2.6568583e+03  -4.6120333e+03
   1.3820000e+03  -3.4484531e+03  -5.6439983e+03
   1.3830000e+03  -1.4376138e+04   3.5269762e+03
   1.3840000e+03  -1.4694476e+04   8.3609966e+03
   1.3850000e+03   7.6559504e+02   2.5127611e+03
   1.3860000e+03   1.2109719e+04  -1.1047316e+04
   1.3870000e+03   3.3122139e+02  -1.0891393e+04
   1.3880000e+03  -2.4017200e+04   1.0138819e+04
   1.3890000e+03  -2.5484915e+04   2.1129175e+04
   1.3900000e+03  -4.5484368e+02   7.6404167e+03
   1.3910000e+03   1.4954294e+04  -8.4222813e+03
   1.3920000e+03   3.6603573e+03  -5.9157899e+03
   1.3930000e+03  -1.3719794e+04   1.0110729e+04
   1.3940000e+03  -9.8971601e+03   1.6238467e+04
   1.3950000e+03   5.8623903e+03   5.7521970e+03
   1.3960000e+03   6.9842135e+03  -2.8790803e+03
   1.3970000e+03  -2.8937893e+03  -1.1396248e+03
   1.3980000e+03  -5.8542885e+03  -2.9492266e+03
   1.3990000e+03   3.3803167e+03  -7.1895746e+03
   1.4000000e+03   5.9103619e+03   3.1518140e+01
   1.4010000e+03  -7.6478179e+03   4.4501428e+03
   1.4020000e+03  -1.0755047e+04  -5.1446951e+03
   1.4030000e+03  -1.3659078e+03  -9.2325807e+03
   1.4040000e+03   1.0331825e+03  -2.8359034e+03
   1.4050000e+03   7.7120858e+02  -3.6005671e+03
   1.4060000e+03  -2.2286268e+03  -1.3390848e+04
   1.4070000e+03  -8.9772915e+03  -1.4178901e+04
   1.4080000e+03  -1.5589798e+03  -5.8962352e+02
   1.4090000e+03   1.8745106e+04   9.1607068e+03
   1.4100000e+03   2.0526020e+04   2.0903325e+03
   1.4110000e+03   9.1184926e+02  -1.2658690e+04
   1.4120000e+03  -7.4270801e+03  -1.8039120e+04
   1.4130000e+03  -1.2394587e+03  -8.7079542e+03
   1.4140000e+03   3.8141764e+03   7.4027170e+03
   1.4150000e+03   8.5282468e+03   1.9965910e+04
   1.4160000e+03   8.6404707e+03   1.6850587e+04
   1.4170000e+03  -7.6548433e+02  -4.0148565e+03
   1.4180000e+03  -9.9975066e+03  -1.7829494e+04
   1.4190000e+03  -5.8059347e+03  -5.5383184e+03
   1.4200000e+03   9.6293270e+03   1.0052211e+04
   1.4210000e+03   1.5404390e+04   3.8927215e+03
   1.4220000e+03   2.5364316e+03  -1.0284208e+04
   1.4230000e+03  -9.4353051e+03  -1.2570852e+04
   1.4240000e+03   3.1526476e+02  -4.3099824e+03
   1.4250000e+03   1.7730101e+04   2.8845632e+03
   1.4260000e+03   1.4702213e+04  -3.5136379e+03
   1.4270000e+03  -1.5736588e+03  -1.8802036e+04
   1.4280000e+03  -8.3384952e+03  -1.9797520e+04
   1.4290000e+03  -5.0179998e+02  -3.3973681e+03
   1.4300000e+03   1.2519787e+04   8.0898620e+03
   1.4310000e+03   1.3197552e+04   7.4125032e+03
   1.4320000e+03  -5.4596547e+02   3.9353262e+03
   1.4330000e+03  -8.1711491e+03  -6.6917290e+02
   1.4340000e+03   3.1083250e+01  -5.0019208e+03
   1.4350000e+03   9.3008102e+03  -4.5281749e+03
   1.4360000e+03   8.9039119e+03   4.6992040e+01
   1.4370000e+03   6.2633125e+03   4.2267484e+03
   1.4380000e+03   5.0273883e+03   5.2082166e+03
   1.4390000e+03  -1.5228309e+02   5.5679306e+03
   1.4400000e+03  -7.5707867e+03   3.0252952e+02
   1.4410000e+03  -5.9630887e+03  -1.1583275e+04
   1.4420000e+03   6.7314089e+03  -9.6744889e+03
   1.4430000e+03   1.2719576e+04   7.6567117e+03
   1.4440000e+03   7.9951261e+02   1.5373444e+04
   1.4450000e+03  -1.5379130e+04   4.3608475e+03
   1.4460000e+03  -1.3050354e+04  -7.7610785e+03
   1.4470000e+03   9.2909653e+03   4.9085845e+02
   1.4480000e+03   2.0239357e+04   1.8480483e+04
   1.4490000e+03   2.4083889e+03   1.6238004e+04
   1.4500000e+03  -1.4264660e+04  -5.2274831e+03
   1.4510000e+03  -1.7711427e+03  -1.6548132e+04
   1.4520000e+03   1.5861920e+04  -2.7067043e+03
   1.4530000e+03   5.5647790e+03   1.4812673e+04
   1.4540000e+03  -1.3689722e+04   1.3295592e+04
   1.4550000e+03  -1.3814789e+04   3.4148399e+03
   1.4560000e+03  -3.0524227e+03   4.2438959e+02
   1.4570000e+03   3.3645080e+03   3.0981180e+02
   1.4580000e+03  -1.5387829e+03  -3.3824008e+03
   1.4590000e+03  -1.1923858e+04  -3.7494457e+03
   1.4600000e+03  -1.3477058e+04   3.8462191e+03
   1.4610000e+03  -5.9444135e+03   8.1165653e+03
   1.4620000e+03  -1.9503889e+02   4.3943772e+03
   1.4630000e+03  -4.7486540e+03   5.9717617e+02
   1.4640000e+03  -1.3522722e+04   2.5313174e+03
   1.4650000e+03  -9.0383460e+03   4.9715809e+03
   1.4660000e+03   7.6617724e+03  -2.7939557e+02
   1.4670000e+03   1.2002349e+04   1.2111973e+03
   1.4680000e+03  -4.5137102e+03   1.5681811e+04
   1.4690000e+03  -1.8724374e+04   1.6539280e+04
   1.4700000e+03  -1.6056858e+04   7.9460085e+02
   1.4710000e+03  -3.0289211e+03  -7.8413974e+03
   1.4720000e+03   9.3079113e+03  -3.7614531e+03
   1.4730000e+03   7.1165240e+03   6.5003626e+03
   1.4740000e+03  -7.1810642e+03   1.0809219e+04
   1.4750000e+03  -1.5979824e+04  -1.9048632e+03
   1.4760000e+03  -9.1989142e+03  -1.4628973e+04
   1.4770000e+03   6.2159353e+03  -6.8796104e+03
   1.4780000e+03   8.2099087e+03   3.1794433e+03
   1.4790000e+03  -4.0634678e+03  -2.1683344e+03
   1.4800000e+03  -1.1173911e+04  -4.8792801e+03
   1.4810000e+03  -8.2919894e+03   2.2333907e+03
   1.4820000e+03   3.0662980e+03  -4.6512692e+02
   1.4830000e+03   1.1059667e+04  -1.1149499e+04
   1.4840000e+03   1.5143922e+03  -5.2526940e+03
   1.4850000e+03  -1.1146232e+04   1.0976814e+04
   1.4860000e+03  -8.6082912e+03   7.6623370e+03
   1.4870000e+03   3.1542915e+03  -9.6630914e+03
   1.4880000e+03   1.0051876e+04  -1.0619056e+04
   1.4890000e+03   7.6749474e+03   7.3980896e+03
   1.4900000e+03  -4.0421631e+02   1.6702739e+04
   1.4910000e+03  -6.4573315e+03   7.7179871e+02
   1.4920000e+03  -2.0770631e+03  -1.8850824e+04
   1.4930000e+03   8.5481292e+03  -1.4657762e+04
   1.4940000e+03   1.1881735e+04   5.9510287e+03
   1.4950000e+03   2.8510111e+03   1.2210983e+04
   1.4960000e+03  -8.9487885e+03  -5.6669407e+03
   1.4970000e+03  -6.1624918e+03  -2.0817160e+04
   1.4980000e+03   1.3723714e+04  -1.5161704e+04
   1.4990000e+03   2.4968966e+04  -2.5318655e+03
   1.5000000e+03   8.3958048e+03   4.0110175e+03
   1.5010000e+03  -1.1876091e+04   1.9216316e+03
   1.5020000e+03  -9.5923789e+03  -6.6772178e+03
   1.5030000e+03   4.4548439e+03  -1.1103036e+04
   1.5040000e+03   1.4776808e+04  -4.8389752e+03
   1.5050000e+03   1.4820629e+04   2.9284953e+03
   1.5060000e+03   5.3080032e+03   3.5174386e+03
   1.5070000e+03  -2.4118105e+03   5.6455777e+02
   1.5080000e+03  -3.5709166e+03  -1.9321034e+03
   1.5090000e+03   2.8452507e+03  -3.1465821e+03
   1.5100000e+03   1.4001285e+04  -4.1980664e+03
   1.5110000e+03   1.7359536e+04  -5.0046953e+03
   1.5120000e+03   8.0278087e+03   2.3470562e+02
   1.5130000e+03  -3.7339264e+03   6.0192690e+03
   1.5140000e+03  -4.0672049e+03   1.2220633e+03
   1.5150000e+03   3.2631225e+03  -8.3149663e+03
   1.5160000e+03   6.8890329e+03  -1.0453219e+04
   1.5170000e+03   6.2492861e+03  -2.5807212e+03
   1.5180000e+03  -7.8405700e+01   4.3311167e+03
   1.5190000e+03  -5.1483307e+03   3.0721408e+03
   1.5200000e+03  -1.7519194e+03   7.6518887e+02
   1.5210000e+03  -1.4327346e+03  -9.4660249e+02
   1.5220000e+03  -8.4328926e+03  -2.2990550e+03
   1.5230000e+03  -1.0500776e+04  -1.0109875e+03
   1.5240000e+03   3.2025120e+03  -1.1554640e+03
   1.5250000e+03   2.1022473e+04  -1.8825721e+03
   1.5260000e+03   1.6112954e+04   3.2834339e+02
   1.5270000e+03  -6.6622055e+03   2.7383804e+03
   1.5280000e+03  -1.3762195e+04   3.4155044e+03
   1.5290000e+03  -3.5357293e+02   4.6813394e+03
   1.5300000e+03   3.3122118e+03   5.3823083e+03
   1.5310000e+03  -4.8483868e+03   1.7018218e+03
   1.5320000e+03   1.1782220e+03   3.6356093e+03
   1.5330000e+03   1.0080318e+04   1.4717205e+04
   1.5340000e+03   2.2264513e+02   1.3426807e+04
   1.5350000e+03  -1.4707468e+04  -1.2189167e+03
   1.5360000e+03  -1.7356716e+04  -4.4672486e+03
   1.5370000e+03  -9.6775567e+03   5.0517224e+03
   1.5380000e+03   2.6279450e+01   1.1299072e+04
   1.5390000e+03   1.0468900e+04   9.0274126e+03
   1.5400000e+03   1.1872692e+04   6.9400332e+02
   1.5410000e+03  -7.1975789e+03  -1.9043846e+03
   1.5420000e+03  -2.6105076e+04   1.0480752e+04
   1.5430000e+03  -1.8936593e+04   1.6693693e+04
   1.5440000e+03   6.4077682e+03   3.5462459e+02
   1.5450000e+03   1.5306899e+04  -1.0941157e+04
   1.5460000e+03  -6.5250556e+03   1.1460434e+03
   1.5470000e+03  -2.4324791e+04   1.2009045e+04
   1.5480000e+03  -1.1991946e+04   6.4627166e+03
   1.5490000e+03   9.8044534e+03   2.8548698e+02
   1.5500000e+03   1.0336816e+04  -4.9192975e+02
   1.5510000e+03  -1.1898902e+04  -5.5596567e+03
   1.5520000e+03  -2.6640707e+04  -8.1886367e+03
   1.5530000e+03  -1.6507679e+04   7.9659709e+02
   1.5540000e+03   3.9275018e+03   7.7205733e+03
   1.5550000e+03   1.1897145e+04   3.4658123e+03
   1.5560000e+03  -2.6473519e+03  -1.4728831e+03
   1.5570000e+03  -1.9923969e+04  -2.2998912e+03
   1.5580000e+03  -1.4759263e+04  -2.3311585e+03
   1.5590000e+03   4.2499386e+03  -1.1271222e+02
   1.5600000e+03   1.1550528e+04   3.3192936e+03
   1.5610000e+03   5.7286666e+03   3.3916261e+03
   1.5620000e+03   3.9764769e+03  -1.6860295e+03
   1.5630000e+03   6.6389132e+03  -7.0889433e+03
   1.5640000e+03   4.5150930e+03  -2.9195582e+03
   1.5650000e+03  -3.9015174e+02   2.8981908e+03
   1.5660000e+03   2.0471598e+01  -1.8286864e+03
   1.5670000e+03   7.3907306e+03  -4.3900830e+03
   1.5680000e+03   8.5812406e+03  -1.0912301e+03
   1.5690000e+03  -2.8905267e+03  -6.5355815e+02
   1.5700000e+03  -1.0764234e+04   1.7430204e+03
   1.5710000e+03  -2.5979895e+03   1.3307081e+03
   1.5720000e+03   5.3467545e+03  -7.1974147e+03
   1.5730000e+03  -3.5686044e+03  -1.0096597e+04
   1.5740000e+03  -8.3735321e+03  -4.5706523e+03
   1.5750000e+03   4.2046571e+03  -3.4384002e+03
   1.5760000e+03   1.1061167e+04  -8.1389375e+03
   1.5770000e+03   3.5567864e+03  -6.5137046e+03
   1.5780000e+03  -4.6258554e+03   1.7467795e+03
   1.5790000e+03   2.9013040e+01  -1.0643215e+03
   1.5800000e+03   1.4102165e+04  -1.7253799e+04
   1.5810000e+03   1.7595988e+04  -2.2208951e+04
   1.5820000e+03   8.0474505e+03  -3.8609021e+03
   1.5830000e+03  -2.7534415e+03   1.4579023e+04
   1.5840000e+03  -3.5690097e+03   1.0282055e+04
   1.5850000e+03   1.0428191e+04  -5.8368734e+03
   1.5860000e+03   2.0333751e+04  -1.0584210e+04
   1.5870000e+03   1.1450219e+04  -4.9072786e+03
   1.5880000e+03  -1.0972872e+03  -2.3853139e+03
   1.5890000e+03  -9.6595051e+02   1.4885587e+03
   1.5900000e+03   7.6284461e+03   6.7210588e+03
   1.5910000e+03   1.4798583e+04  -1.4529136e+03
   1.5920000e+03   1.4368977e+04  -1.3062758e+04
   1.5930000e+03  -2.9853751e+02  -9.3827620e+03
   1.5940000e+03  -1.4203631e+04   1.1261774e+02
   1.5950000e+03  -4.4353832e+03   9.4987744e+02
   1.5960000e+03   1.4000265e+04  -1.0154472e+03
   1.5970000e+03   1.5050790e+04   4.6258520e+03
   1.5980000e+03  -7.9775348e+02   1.0007034e+04
   1.5990000e+03  -1.7039622e+04   4.5385947e+03
   1.6000000e+03  -1.6887009e+04  -7.1318804e+03
   1.6010000e+03   7.9771792e+02  -1.3608836e+04
   1.6020000e+03   1.3749972e+04  -7.3603473e+02
   1.6030000e+03   4.1146087e+03   2.3415803e+04
   1.6040000e+03  -8.5598568e+03   2.4138986e+04
   1.6050000e+03  -2.9298248e+03  -1.2333224e+03
   1.6060000e+03   5.6195728e+03  -1.5778694e+04
   1.6070000e+03   2.8847197e+03  -3.8388957e+03
   1.6080000e+03  -2.6713700e+03   1.5427080e+04
   1.6090000e+03   4.2383826e+02   2.3057634e+04
   1.6100000e+03   9.5779263e+03   1.1524088e+04
   1.6110000e+03   5.2019903e+03  -1.0310548e+04
   1.6120000e+03  -1.5011186e+04  -1.6045259e+04
   1.6130000e+03  -2.2521912e+04  -2.0373020e+03
   1.6140000e+03  -5.8052635e+03   8.0088025e+03
   1.6150000e+03   5.2990729e+03   7.4187456e+03
   1.6160000e+03  -8.3010912e+03   5.4143986e+03
   1.6170000e+03  -1.9899329e+04   3.0605609e+03
   1.6180000e+03  -8.8376673e+03  -3.6122607e+03
   1.6190000e+03   5.0793939e+03  -9.1072023e+03
   1.6200000e+03   2.0219489e+03  -4.0755156e+03
   1.6210000e+03  -6.8188845e+03   8.4178368e+03
   1.6220000e+03  -5.1379822e+03   1.6550726e+04
   1.6230000e+03   1.4245577e+03   8.0130385e+03
   1.6240000e+03   4.0568862e+03  -7.4237106e+03
   1.6250000e+03   1.5573904e+03  -7.3126756e+02
   1.6260000e+03  -5.0577535e+03   1.7690871e+04
   1.6270000e+03  -7.4717299e+03   1.1094174e+04
   1.6280000e+03  -3.9869640e+03  -1.1753767e+04
   1.6290000e+03  -2.6805005e+03  -1.1276327e+04
   1.6300000e+03  -4.3438705e+03   1.3456046e+04
   1.6310000e+03  -5.7280563e+03   2.0595485e+04
   1.6320000e+03  -8.6142192e+03  -2.1142161e+03
   1.6330000e+03  -1.2043008e+04  -1.7513789e+04
   1.6340000e+03  -5.4419158e+03  -8.8151208e+03
   1.6350000e+03   6.7988849e+03  -4.1468617e+02
   1.6360000e+03   3.5349047e+03  -2.5819422e+03
   1.6370000e+03  -1.0719758e+04   3.4559597e+03
   1.6380000e+03  -1.2758510e+04   1.5563174e+04
   1.6390000e+03   1.1748550e+02   5.3350046e+03
   1.6400000e+03   1.2073273e+04  -2.0869258e+04
   1.6410000e+03   1.1191773e+04  -1.9516825e+04
   1.6420000e+03  -1.0953946e+03   1.4974182e+04
   1.6430000e+03  -1.1669701e+04   3.2089718e+04
   1.6440000e+03  -5.5071410e+03   7.9483744e+03
   1.6450000e+03   1.1513139e+04  -1.7721260e+04
   1.6460000e+03   1.5886453e+04  -1.2090165e+04
   1.6470000e+03  -1.4619189e+03   9.4074527e+03
   1.6480000e+03  -2.0943310e+04   1.2989031e+04
   1.6490000e+03  -1.1525401e+04  -6.9787015e+03
   1.6500000e+03   1.9219882e+04  -1.5918443e+04
   1.6510000e+03   2.6909796e+04  -7.3413912e+02
   1.6520000e+03   2.6300196e+03   7.3643366e+03
   1.6530000e+03  -1.7534585e+04  -3.3590753e+03
   1.6540000e+03  -5.2155630e+03  -1.2967111e+04
   1.6550000e+03   2.6179641e+04  -1.3196266e+04
   1.6560000e+03   3.2790484e+04  -1.2320447e+04
   1.6570000e+03  -2.1794308e+03  -1.2348732e+04
   1.6580000e+03  -3.3859935e+04  -6.2571257e+03
   1.6590000e+03  -1.2761424e+04   6.5453743e+03
   1.6600000e+03   3.2652426e+04   1.2676158e+04
   1.6610000e+03   3.4466343e+04  -1.1936609e+03
   1.6620000e+03  -1.0837382e+04  -2.0554871e+04
   1.6630000e+03  -3.9976699e+04  -1.7529652e+04
   1.6640000e+03  -8.8038500e+03   4.2881466e+02
   1.6650000e+03   3.7802918e+04   7.3133463e+03
   1.6660000e+03   2.9970839e+04   3.1167558e+03
   1.6670000e+03  -1.4761928e+04  -1.4113651e+03
   1.6680000e+03  -3.2373568e+04  -4.7889999e+03
   1.6690000e+03  -6.9734725e+02  -7.0272730e+03
   1.6700000e+03   3.9773969e+04  -6.6951855e+03
   1.6710000e+03   2.8325315e+04  -9.6467629e+02
   1.6720000e+03  -1.7822227e+04   8.9944868e+03
   1.6730000e+03  -2.3917718e+04   1.3535477e+04
   1.6740000e+03   1.4229828e+04   8.1191569e+03
   1.6750000e+03   3.0737612e+04  -1.4256973e+03
   1.6760000e+03   2.2521170e+03  -8.8580908e+03
   1.6770000e+03  -2.2176509e+04  -7.7829166e+03
   1.6780000e+03  -1.0663085e+04   1.6537563e+03
   1.6790000e+03   9.1329411e+03   3.8737205e+03
   1.6800000e+03   1.0133646e+04  -7.1165594e+03
   1.6810000e+03  -2.2413464e+03  -1.3339998e+04
   1.6820000e+03  -1.1369114e+04  -6.6515182e+03
   1.6830000e+03  -5.8552013e+03  -3.2568675e+02
   1.6840000e+03   1.0952880e+04  -1.9688462e+03
   1.6850000e+03   1.7108602e+04  -5.2374789e+03
   1.6860000e+03   5.6100596e+02  -3.2795937e+02
   1.6870000e+03  -1.4690597e+04   1.0410276e+04
   1.6880000e+03  -8.9866803e+03   1.2656376e+04
   1.6890000e+03   8.8545955e+02   6.2561653e+03
   1.6900000e+03   2.7997640e+03   3.5169334e+03
   1.6910000e+03   5.0057480e+03   5.6811675e+03
   1.6920000e+03   1.0925954e+03   5.3586451e+03
   1.6930000e+03  -1.3615266e+04   2.7122780e+03
   1.6940000e+03  -1.3574246e+04   7.0810476e+03
   1.6950000e+03   5.9303231e+03   1.3886762e+04
   1.6960000e+03   1.2834546e+04   6.1564000e+03
   1.6970000e+03  -4.4020610e+01  -1.0767723e+04
   1.6980000e+03  -1.1086311e+04  -1.5542606e+04
   1.6990000e+03  -9.9949223e+03  -1.4909985e+03
   1.7000000e+03  -3.6182999e+03   1.6347132e+04
   1.7010000e+03  -1.6022581e+02   1.7211949e+04
   1.7020000e+03  -4.2022662e+02   1.9576903e+03
   1.7030000e+03  -4.8123555e+03  -1.0901230e+04
   1.7040000e+03  -1.0022561e+04  -9.3852260e+03
   1.7050000e+03  -6.3746092e+03   5.4791822e+03
   1.7060000e+03   1.7957323e+03   1.9691897e+04
   1.7070000e+03  -1.8521966e+03   1.9281997e+04
   1.7080000e+03  -1.2054014e+04   9.1884717e+03
   1.7090000e+03  -8.1902446e+03   4.3592262e+03
   1.7100000e+03   4.2503669e+03   6.3671522e+03
   1.7110000e+03   7.9120726e+03   5.9704314e+03
   1.7120000e+03   1.8689055e+03   1.4575216e+03
   1.7130000e+03  -1.2093806e+04  -2.5861853e+03
   1.7140000e+03  -2.2521304e+04  -8.4402272e+02
   1.7150000e+03  -9.3148745e+03   7.8558482e+03
   1.7160000e+03   1.9432733e+04   1.0416170e+04
   1.7170000e+03   2.6694880e+04  -3.5539114e+03
   1.7180000e+03  -2.8805852e+03  -1.9979426e+04
   1.7190000e+03  -3.2547264e+04  -1.8789402e+04
   1.7200000e+03  -2.5531261e+04  -9.9640581e+02
   1.7210000e+03   4.9536149e+03   1.3870491e+04
   1.7220000e+03   2.3010608e+04   1.0707417e+04
   1.7230000e+03   1.0730157e+04  -3.2153480e+03
   1.7240000e+03  -1.4519431e+04  -1.0845309e+04
   1.7250000e+03  -2.0711183e+04  -1.1212902e+04
   1.7260000e+03  -3.5252376e+03  -7.3282661e+03
   1.7270000e+03   9.0035225e+03   5.1957790e+03
   1.7280000e+03   5.8629431e+02   1.2438118e+04
   1.7290000e+03  -5.4966866e+03  -9.8374368e+02
   1.7300000e+03   4.5971064e+03  -1.4272877e+04
   1.7310000e+03   1.0802653e+04  -5.9833792e+03
   1.7320000e+03   5.1750629e+03   5.6071667e+03
   1.7330000e+03  -1.0672099e+03  -1.1407318e+03
   1.7340000e+03   7.7901357e+02  -1.3735481e+04
   1.7350000e+03   7.0515973e+03  -1.5183170e+04
   1.7360000e+03   1.1444144e+04  -8.1184844e+03
   1.7370000e+03   1.8245886e+04   1.5469028e+03
   1.7380000e+03   1.6389951e+04   4.4073726e+03
   1.7390000e+03  -4.2067734e+03  -6.7079233e+03
   1.7400000e+03  -1.5920522e+04  -1.7629235e+04
   1.7410000e+03  -2.1839300e+03  -1.3336717e+04
   1.7420000e+03   1.3700201e+04  -4.9992240e+02
   1.7430000e+03   1.1850017e+04   7.6725928e+03
   1.7440000e+03  -1.7434980e+03   6.3030304e+03
   1.7450000e+03  -8.9170860e+03  -1.7144816e+03
   1.7460000e+03  -1.3034425e+03  -5.6620908e+03
   1.7470000e+03   8.9236617e+03   1.1263050e+03
   1.7480000e+03   9.0735331e+03   5.9573279e+03
   1.7490000e+03   6.0262104e+03  -2.9213194e+03
   1.7500000e+03   7.9545914e+03  -1.2967236e+04
   1.7510000e+03   7.5377586e+03  -7.1969469e+03
   1.7520000e+03  -7.0320501e+02   4.6567077e+03
   1.7530000e+03  -4.4171856e+03   1.5715141e+03
   1.7540000e+03   4.6293581e+03  -8.0831330e+03
   1.7550000e+03   9.1459310e+03  -9.6508063e+03
   1.7560000e+03   3.7142309e+03  -1.2166431e+04
   1.7570000e+03   4.4699396e+03  -1.2010618e+04
   1.7580000e+03   5.0331660e+03   1.2858178e+03
   1.7590000e+03  -4.4877791e+03   1.3478117e+04
   1.7600000e+03  -9.3243573e+03   1.3601756e+04
   1.7610000e+03   1.1957981e+03   3.6218376e+03
   1.7620000e+03   1.6282962e+04  -9.2975840e+03
   1.7630000e+03   1.5481483e+04  -4.3993653e+03
   1.7640000e+03  -4.7006773e+03   1.7541858e+04
   1.7650000e+03  -1.9686575e+04   2.1070337e+04
   1.7660000e+03  -7.1777781e+03   6.5612170e+02
   1.7670000e+03   1.3772194e+04  -1.0013051e+04
   1.7680000e+03   6.7361066e+03   1.5910352e+03
   1.7690000e+03  -1.4452769e+04   1.6714434e+04
   1.7700000e+03  -1.1351240e+04   1.0718261e+04
   1.7710000e+03   6.3754537e+03  -1.5081539e+04
   1.7720000e+03   4.8601482e+03  -2.1285310e+04
   1.7730000e+03  -1.4026331e+04   5.0392154e+03
   1.7740000e+03  -2.0171877e+04   2.3198685e+04
   1.7750000e+03  -5.2768308e+03   1.0931748e+04
   1.7760000e+03   1.2598533e+04  -7.0387616e+03
   1.7770000e+03   1.6513973e+04  -4.6925646e+03
   1.7780000e+03   2.2872198e+02   1.1493128e+04
   1.7790000e+03  -1.8383028e+04   1.7867088e+04
   1.7800000e+03  -1.5910951e+04   8.6579594e+03
   1.7810000e+03   2.1022582e+03  -1.9888360e+03
   1.7820000e+03   1.5060919e+04  -1.3367812e+03
   1.7830000e+03   9.6627215e+03   7.8399453e+03
   1.7840000e+03  -1.0096475e+04   1.2257681e+04
   1.7850000e+03  -2.3141514e+04   7.8960465e+03
   1.7860000e+03  -1.2164194e+04  -2.3157710e+03
   1.7870000e+03   8.4665680e+03  -1.3703652e+04
   1.7880000e+03   5.9962545e+03  -7.2076225e+03
   1.7890000e+03  -1.4619698e+04   1.8319524e+04
   1.7900000e+03  -2.1641128e+04   2.3413052e+04
   1.7910000e+03  -1.1917867e+04   7.4727900e+02
   1.7920000e+03  -3.2901760e+03  -6.6599484e+03
   1.7930000e+03  -3.2838361e+03   7.3089493e+03
   1.7940000e+03  -4.2219237e+03   7.8921207e+03
   1.7950000e+03   9.7323770e+01  -1.0234419e+04
   1.7960000e+03   4.7696617e+03  -1.7062307e+04
   1.7970000e+03   1.0997063e+03   4.9988908e+03
   1.7980000e+03  -1.0037642e+04   2.6723595e+04
   1.7990000e+03  -1.1484863e+04   7.8779436e+03
   1.8000000e+03   1.3254484e+03  -3.0656415e+04
   1.8010000e+03   1.1956016e+04  -2.7776823e+04
   1.8020000e+03   9.0360880e+03   1.4522021e+04
   1.8030000e+03  -5.3538504e+03   2.8514942e+04
   1.8040000e+03  -1.2548319e+04  -3.1776102e+03
   1.8050000e+03  -3.2762405e+03  -2.7860772e+04
   1.8060000e+03   9.2735311e+03  -1.5201482e+04
   1.8070000e+03   1.4116052e+04   1.2505776e+04
   1.8080000e+03   3.6332942e+03   1.8299294e+04
   1.8090000e+03  -1.0506280e+04  -6.3182221e+03
   1.8100000e+03  -5.2099147e+03  -2.9591173e+04
   1.8110000e+03   1.2097728e+04  -2.2612667e+04
   1.8120000e+03   1.8411281e+04   3.3217268e+03
   1.8130000e+03   6.3951733e+03   1.5026681e+04
   1.8140000e+03  -5.3385290e+03   1.2764913e+03
   1.8150000e+03   3.2747600e+01  -1.8234172e+04
   1.8160000e+03   8.3988380e+03  -2.2031456e+04
   1.8170000e+03   7.6935960e+03  -7.1138665e+03
   1.8180000e+03   2.5467862e+03   8.1768458e+03
   1.8190000e+03   2.2192754e+03   7.6552785e+03
   1.8200000e+03   1.0264968e+04  -1.5160777e+03
   1.8210000e+03   9.2448503e+03  -9.4195630e+03
   1.8220000e+03  -5.9888035e+03  -1.1028912e+04
   1.8230000e+03  -1.1501618e+04  -1.7311599e+03
   1.8240000e+03   2.8921049e+02   6.3422108e+03
   1.8250000e+03   1.0648006e+04  -1.1605767e+03
   1.8260000e+03   9.6032304e+03  -1.1439926e+04
   1.8270000e+03   5.1789922e+03  -5.6675256e+03
   1.8280000e+03   2.0781429e+03   5.3230828e+03
   1.8290000e+03  -1.4421937e+03  -7.6696870e+02
   1.8300000e+03  -1.6128502e+03  -1.3666745e+04
   1.8310000e+03   5.5761911e+03  -6.7653986e+03
   1.8320000e+03   1.1729767e+04   1.0070042e+04
   1.8330000e+03   5.8073473e+03   9.7891944e+03
   1.8340000e+03  -4.6270266e+03  -5.0636779e+02
   1.8350000e+03  -5.1668993e+03  -3.9374100e+03
   1.8360000e+03   5.5897593e+03  -5.2481055e+03
   1.8370000e+03   1.1233128e+04  -7.2047684e+03
   1.8380000e+03  -4.4406194e+03  -1.7768807e+03
   1.8390000e+03  -1.5970190e+04   1.0865421e+04
   1.8400000e+03   3.1247961e+03   1.3503088e+04
   1.8410000e+03   2.0575136e+04  -1.3780577e+03
   1.8420000e+03   6.5875683e+03  -9.2430075e+03
   1.8430000e+03  -1.6744162e+04   1.8373274e+03
   1.8440000e+03  -1.4508650e+04   1.1797679e+04
   1.8450000e+03   1.4590177e+04   1.1894304e+04
   1.8460000e+03   3.0195581e+04   5.7862794e+03
   1.8470000e+03   5.9178221e+03  -4.4520610e+03
   1.8480000e+03  -2.5029221e+04  -7.0135480e+03
   1.8490000e+03  -1.8373704e+04   5.1633242e+03
   1.8500000e+03   1.2919551e+04   1.7622075e+04
   1.8510000e+03   2.3210020e+04   1.4518029e+04
   1.8520000e+03   4.7444398e+02  -9.3834630e+02
   1.8530000e+03  -2.9887096e+04  -1.4396571e+04
   1.8540000e+03  -3.3654674e+04  -1.2766961e+04
   1.8550000e+03  -1.5540522e+03   6.0129301e+03
   1.8560000e+03   2.6446215e+04   2.2967153e+04
   1.8570000e+03   9.4450017e+03   1.5520534e+04
   1.8580000e+03  -2.7399263e+04  -9.4613754e+03
   1.8590000e+03  -2.9492079e+04  -1.7127465e+04
   1.8600000e+03  -6.1116945e+02   7.0602608e+03
   1.8610000e+03   1.5069930e+04   2.8149636e+04
   1.8620000e+03   6.2101475e+03   1.3496806e+04
   1.8630000e+03  -6.1286475e+03  -1.5563152e+04
   1.8640000e+03  -4.9634183e+03  -1.7044175e+04
   1.8650000e+03   1.7111933e+03   1.2086921e+04
   1.8660000e+03   2.1399058e+03   3.0939486e+04
   1.8670000e+03   5.0281633e+03   1.2311226e+04
   1.8680000e+03   8.5086176e+03  -1.8800570e+04
   1.8690000e+03  -1.9575287e+03  -2.4455441e+04
   1.8700000e+03  -1.8792796e+04   9.7916730e+01
   1.8710000e+03  -1.7275652e+04   2.5446739e+04
   1.8720000e+03   4.8624057e+03   1.7750048e+04
   1.8730000e+03   1.0573516e+04  -1.5455179e+04
   1.8740000e+03  -1.4436561e+04  -2.8184926e+04
   1.8750000e+03  -2.7860066e+04  -3.1720610e+03
   1.8760000e+03  -6.9184200e+03   2.3932166e+04
   1.8770000e+03   1.1344753e+04   1.7563646e+04
   1.8780000e+03  -1.5663614e+03  -1.4095683e+04
   1.8790000e+03  -1.4936868e+04  -2.9718066e+04
   1.8800000e+03  -1.9571843e+03  -1.3105202e+03
   1.8810000e+03   1.1565275e+04   3.8127761e+04
   1.8820000e+03   5.2428692e+03   2.7202292e+04
   1.8830000e+03  -6.3451840e+03  -2.1292455e+04
   1.8840000e+03  -7.1490240e+03  -3.3944630e+04
   1.8850000e+03   1.2999214e+03   6.2506211e+02
   1.8860000e+03   8.9532056e+03   2.5106834e+04
   1.8870000e+03   1.1490301e+04   9.6274922e+03
   1.8880000e+03   4.6720549e+03  -1.3812138e+04
   1.8890000e+03  -9.6213549e+03  -1.1013251e+04
   1.8900000e+03  -1.3267066e+04  -3.2689128e+03
   1.8910000e+03   2.4143468e+03  -1.5874040e+04
   1.8920000e+03   1.8330746e+04  -2.3826233e+04
   1.8930000e+03   1.1124200e+04  -6.3286866e+03
   1.8940000e+03  -1.1145249e+04   1.5223103e+04
   1.8950000e+03  -1.7255204e+04   1.2193381e+04
   1.8960000e+03   1.4055469e+03  -1.0919156e+04
   1.8970000e+03   1.7729661e+04  -2.0069289e+04
   1.8980000e+03   1.0627479e+04  -5.8844665e+03
   1.8990000e+03  -1.7927272e+03   4.1125254e+03
   1.9000000e+03  -4.7207355e+02  -7.0297180e+01
   1.9010000e+03   6.3449642e+03  -6.5092646e+02
   1.9020000e+03   1.2195237e+04   1.2374717e+03
   1.9030000e+03   1.4041549e+04  -8.0946958e+03
   1.9040000e+03   8.6543896e+03  -1.4695004e+04
   1.9050000e+03   5.9482070e+03  -7.9158172e+03
   1.9060000e+03   1.0634958e+04  -3.8609490e+00
   1.9070000e+03   8.5142223e+03   7.8016310e+03
   1.9080000e+03  -6.2552717e+03   1.2267510e+04
   1.9090000e+03  -1.1883507e+04   4.0652670e+03
   1.9100000e+03   2.5864980e+03  -6.5174589e+03
   1.9110000e+03   1.1909684e+04  -9.7465722e+03
   1.9120000e+03   2.0268342e+03  -6.7938590e+03
   1.9130000e+03  -7.8211856e+03   9.3065597e+02
   1.9140000e+03  -6.5091677e+03   3.2578560e+03
   1.9150000e+03  -3.2328646e+03  -5.3567715e+03
   1.9160000e+03   2.4137523e+03  -9.3322020e+03
   1.9170000e+03   1.2033968e+04  -1.1411040e+03
   1.9180000e+03   1.0982960e+04   3.3064453e+03
   1.9190000e+03  -1.3185961e+03  -2.9984560e+03
   1.9200000e+03  -6.3008682e+03  -7.8152181e+03
   1.9210000e+03   5.5011677e+03  -3.0366747e+02
   1.9220000e+03   1.8555968e+04   1.3878310e+04
   1.9230000e+03   9.0410328e+03   1.4665814e+04
   1.9240000e+03  -6.7116206e+03   8.0349872e+02
   1.9250000e+03  -2.4730482e+02  -5.4155572e+03
   1.9260000e+03   1.0347643e+04  -1.7671530e+01
   1.9270000e+03   1.1033398e+03   5.4188477e+03
   1.9280000e+03  -1.5070093e+04   1.1243486e+04
   1.9290000e+03  -1.1875881e+04   1.3097389e+04
   1.9300000e+03   6.6068699e+03  -4.8506725e+02
   1.9310000e+03   7.1338330e+03  -1.1655482e+04
   1.9320000e+03  -1.2024367e+04   1.2636736e+03
   1.9330000e+03  -1.8263966e+04   1.4700236e+04
   1.9340000e+03  -4.1409021e+03   8.5236390e+03
   1.9350000e+03   5.9562080e+03  -8.5178305e+02
   1.9360000e+03  -1.4605736e+03  -4.6423423e+03
   1.9370000e+03  -1.3092489e+04  -3.8598754e+03
   1.9380000e+03  -1.2093661e+04   4.5151579e+03
   1.9390000e+03   3.3455123e+03   1.3694004e+04
   1.9400000e+03   1.4960284e+04   1.0896675e+04
   1.9410000e+03   4.9468978e+03   2.3008681e+02
   1.9420000e+03  -1.2339922e+04   1.8864064e+03
   1.9430000e+03  -1.1040448e+04   1.0527567e+04
   1.9440000e+03   4.4489199e+03   6.1628440e+03
   1.9450000e+03   5.9234063e+03   4.9713753e+02
   1.9460000e+03  -1.1192034e+04   1.9785106e+03
   1.9470000e+03  -1.8314611e+04  -5.8259270e+01
   1.9480000e+03  -5.1020188e+03   4.4822753e+02
   1.9490000e+03   4.6048099e+03   6.8954279e+03
   1.9500000e+03  -7.1366970e+03   8.3280078e+03
   1.9510000e+03  -2.1790405e+04   3.9133545e+02
   1.9520000e+03  -1.1900506e+04  -1.2529833e+04
   1.9530000e+03   7.6781631e+03  -1.3285938e+04
   1.9540000e+03   8.3485613e+03   6.0473658e+03
   1.9550000e+03  -1.9565329e+03   2.0564785e+04
   1.9560000e+03  -4.9191693e+03   1.2328915e+04
   1.9570000e+03  -4.4362485e+03  -5.8805038e+03
   1.9580000e+03  -6.0816884e+03  -1.7439100e+04
   1.9590000e+03   5.1421804e+02  -1.4743431e+04
   1.9600000e+03   1.0389527e+04  -4.8656956e+02
   1.9610000e+03   4.5849581e+03   1.3109334e+04
   1.9620000e+03  -8.3999768e+03   1.2136955e+04
   1.9630000e+03  -1.0050772e+04  -7.1509207e+03
   1.9640000e+03  -8.4373801e+02  -2.2989851e+04
   1.9650000e+03   7.6271121e+03  -1.0280235e+04
   1.9660000e+03   6.2392207e+03   1.3785559e+04
   1.9670000e+03  -5.7897195e+02   1.1892764e+04
   1.9680000e+03  -2.4570650e+03  -1.0381372e+04
   1.9690000e+03   1.0317003e+03  -1.8569439e+04
   1.9700000e+03  -5.0445910e+01  -5.0109795e+03
   1.9710000e+03  -2.3145581e+03   1.4135977e+04
   1.9720000e+03   6.9938779e+03   1.6064426e+04
   1.9730000e+03   1.0764407e+04  -9.2428450e+03
   1.9740000e+03  -5.9548101e+03  -2.8129415e+04
   1.9750000e+03  -1.6690631e+04  -1.1862299e+04
   1.9760000e+03  -1.1054423e+03   1.2234019e+04
   1.9770000e+03   1.9822730e+04   1.0783423e+04
   1.9780000e+03   1.5416590e+04  -1.1439045e+04
   1.9790000e+03  -4.8139131e+03  -2.4416250e+04
   1.9800000e+03  -7.1964134e+03  -1.0586130e+04
   1.9810000e+03   5.8204691e+03   9.6286294e+03
   1.9820000e+03   1.0648352e+04   7.1312573e+03
   1.9830000e+03   8.7137740e+03  -1.2948597e+04
   1.9840000e+03   1.1025521e+04  -1.5516576e+04
   1.9850000e+03   1.0328222e+04   7.9131742e+03
   1.9860000e+03   2.1024229e+03   1.8462025e+04
   1.9870000e+03   9.2830440e+01  -4.0338643e+02
   1.9880000e+03   6.7312444e+03  -1.5291486e+04
   1.9890000e+03   8.4554559e+03  -6.2929246e+03
   1.9900000e+03   1.5700446e+02   6.2913589e+03
   1.9910000e+03  -5.3937562e+03   3.7474311e+03
   1.9920000e+03   4.9913392e+03  -5.7369374e+03
   1.9930000e+03   1.5402105e+04  -1.0557318e+04
   1.9940000e+03   5.5152101e+03  -1.0053829e+04
   1.9950000e+03  -1.0936428e+04  -4.4792232e+03
   1.9960000e+03  -9.9877184e+03   2.3238180e+03
   1.9970000e+03   6.4815961e+03   3.2350590e+03
   1.9980000e+03   1.2843591e+04  -1.1061700e+02
   1.9990000e+03  -6.3492012e+02  -8.4083899e+02
   2.0000000e+03  -9.1856973e+03   1.0581045e+03
