   1.0274000e+02   2.5123000e+01
   9.3514928e+01   2.9897274e+01
   0.0000000e+00   3.4548257e+04   3.4548257e+04
   1.0000000e+00  -3.9420891e+04   7.0036086e+04
   2.0000000e+00  -2.8920585e+04  -2.8714327e+04
   3.0000000e+00   3.4204430e+04  -1.2792852e+05
   4.0000000e+00   4.6476652e+04  -4.9328957e+04
   5.0000000e+00  -2.0324554e+04   1.1429958e+05
   6.0000000e+00  -7.7468327e+04   1.3994696e+05
   7.0000000e+00  -4.3171889e+04   2.5077901e+04
   8.0000000e+00   3.8148268e+04  -6.2740833e+04
   9.0000000e+00   9.2696613e+04  -4.4473753e+04
   1.0000000e+01   8.4589532e+04   8.2212418e+03
   1.1000000e+01   9.5230236e+03   1.7907510e+04
   1.2000000e+01  -5.6322878e+04   1.2558249e+04
   1.3000000e+01  -5.1052859e+04   2.0911269e+04
   1.4000000e+01  -7.4619344e+03   1.3092466e+04
   1.5000000e+01   4.7872990e+04  -1.4028664e+04
   1.6000000e+01   9.3502980e+04  -3.4767353e+04
   1.7000000e+01   6.4773653e+04  -3.4954977e+04
   1.8000000e+01  -3.3481536e+04  -2.0754985e+04
   1.9000000e+01  -8.4606493e+04  -3.8409720e+03
   2.0000000e+01  -3.2328156e+04   1.2420550e+04
   2.1000000e+01   4.8243930e+04   1.4454701e+04
   2.2000000e+01   7.9582109e+04   6.3621948e+03
   2.3000000e+01   4.1391627e+04   5.6429352e+03
   2.4000000e+01  -3.3311575e+04  -9.7545483e+03
   2.5000000e+01  -5.8592899e+04  -3.9728877e+04
   2.6000000e+01  -2.2821814e+03  -3.2321661e+04
   2.7000000e+01   4.6563239e+04   1.5212055e+04
   2.8000000e+01   2.0313929e+04   3.6969983e+04
   2.9000000e+01  -2.0653821e+04  -5.4660978e+03
   3.0000000e+01  -1.0124733e+04  -5.6551589e+04
   3.1000000e+01   1.9330012e+04  -4.1013204e+04
   3.2000000e+01   1.2925757e+04  -2.5373142e+03
   3.3000000e+01  -1.4059833e+04  -3.3232716e+04
   3.4000000e+01  -2.6069334e+04  -8.4630727e+04
   3.5000000e+01  -3.5518598e+04  -3.9350227e+04
   3.6000000e+01  -1.4231709e+04   7.1425063e+04
   3.7000000e+01   6.8568512e+04   8.6822290e+04
   3.8000000e+01   8.9299309e+04  -3.8302074e+04
   3.9000000e+01  -3.2837219e+04  -1.3458751e+05
   4.0000000e+01  -1.4694871e+05  -6.3605614e+04
   4.1000000e+01  -9.9089570e+04   7.9141193e+04
   4.2000000e+01   5.5909800e+04   1.2128326e+05
   4.3000000e+01   1.2801622e+05   3.3705678e+04
   4.4000000e+01   3.6444897e+04  -7.0731817e+04
   4.5000000e+01  -9.3126271e+04  -8.6088186e+04
   4.6000000e+01  -1.1632244e+05  -1.3695249e+04
   4.7000000e+01  -2.9206136e+04   6.2351791e+04
   4.8000000e+01   4.1452608e+04   5.4540213e+04
   4.9000000e+01   5.6074123e+03  -2.0172789e+04
   5.0000000e+01  -4.0850670e+04  -4.9226028e+04
   5.1000000e+01   7.9675302e+03  -1.3532909e+04
   5.2000000e+01   6.2093343e+04   4.2966830e+03
   5.3000000e+01   3.9203056e+03   9.1258549e+02
   5.4000000e+01  -7.8325486e+04   1.6315806e+04
   5.5000000e+01  -4.0985489e+04   2.6875855e+04
   5.6000000e+01   5.3073306e+04   1.5836008e+04
   5.7000000e+01   6.3020655e+04   2.6900240e+03
   5.8000000e+01   1.8060089e+03  -4.8986565e+03
   5.9000000e+01  -3.6973589e+04   7.7505819e+02
   6.0000000e+01  -2.5594030e+04   2.5073411e+04
   6.1000000e+01   4.5282449e+03   4.0252128e+04
   6.2000000e+01   2.5229366e+04   2.2258705e+04
   6.3000000e+01   1.4458591e+04   6.4699272e+02
   6.4000000e+01  -2.8367261e+04   2.8793744e+03
   6.5000000e+01  -4.9098918e+04   1.5230568e+04
   6.6000000e+01  -2.0249765e+04   3.3933480e+04
   6.7000000e+01   1.5384771e+04   3.9148872e+04
   6.8000000e+01   2.7538966e+04   2.9505729e+03
   6.9000000e+01   1.4839683e+04  -3.1619327e+04
   7.0000000e+01  -1.5257060e+04  -2.2549231e+04
   7.1000000e+01  -4.1211516e+04   1.1241228e+04
   7.2000000e+01  -3.8704296e+04   3.5420006e+04
   7.3000000e+01   1.4384939e+04   2.3510921e+04
   7.4000000e+01   8.2110983e+04  -9.7431797e+03
   7.5000000e+01   6.6655761e+04  -2.0532272e+04
   7.6000000e+01  -2.8505290e+04   1.3613687e+04
   7.7000000e+01  -7.2190357e+04   5.7298666e+04
   7.8000000e+01  -8.6218425e+03   3.9537062e+04
   7.9000000e+01   5.9503455e+04  -2.0546818e+04
   8.0000000e+01   3.0853151e+04  -3.7052099e+04
   8.1000000e+01  -4.5978605e+04  -3.2379446e+03
   8.2000000e+01  -6.7775391e+04   2.3980121e+04
   8.3000000e+01  -2.1940304e+04   1.1153183e+04
   8.4000000e+01   3.1568320e+04  -1.1208674e+04
   8.5000000e+01   2.5904827e+04  -5.8981109e+03
   8.6000000e+01  -1.4331986e+04  -1.3161198e+03
   8.7000000e+01  -7.8378400e+02  -1.5847049e+04
   8.8000000e+01   3.6015615e+04  -1.1609371e+04
   8.9000000e+01   3.0796750e+04   1.8131139e+04
   9.0000000e+01   1.3859274e+04   2.0629756e+04
   9.1000000e+01  -4.6307598e+03  -1.5975522e+04
   9.2000000e+01  -2.4641496e+04  -3.2532570e+04
   9.3000000e+01   5.9480830e+01  -1.3943307e+04
   9.4000000e+01   6.1727226e+04   3.7407919e+03
   9.5000000e+01   7.5179370e+04   8.1380557e+03
   9.6000000e+01  -4.6302616e+03  -4.7078782e+03
   9.7000000e+01  -8.5633480e+04  -2.2481796e+04
   9.8000000e+01  -4.7393288e+04  -1.2624420e+04
   9.9000000e+01   6.6493210e+04   2.1542516e+04
   1.0000000e+02   9.9222748e+04   3.0660068e+04
   1.0100000e+02   5.8275255e+03  -1.3056734e+04
   1.0200000e+02  -8.3892167e+04  -5.2893512e+04
   1.0300000e+02  -5.3682219e+04  -2.9130457e+04
   1.0400000e+02   5.0036894e+04   1.7120498e+04
   1.0500000e+02   9.6160069e+04   2.4978970e+04
   1.0600000e+02   3.0762918e+04   2.4961025e+03
   1.0700000e+02  -5.3121821e+04  -2.5849126e+04
   1.0800000e+02  -4.9691655e+04  -5.5943220e+04
   1.0900000e+02   1.6483799e+04  -6.6229515e+04
   1.1000000e+02   6.2596025e+04  -2.5995679e+04
   1.1100000e+02   4.5492976e+04   4.0497584e+04
   1.1200000e+02  -1.2230280e+04   5.4751888e+04
   1.1300000e+02  -3.6619318e+04  -1.3466048e+04
   1.1400000e+02  -1.4240559e+03  -8.4597280e+04
   1.1500000e+02   2.6401903e+04  -7.2574862e+04
   1.1600000e+02  -2.5891718e+03   3.5194916e+03
   1.1700000e+02  -3.4417241e+04   6.1334822e+04
   1.1800000e+02  -1.8227264e+04   5.1004086e+04
   1.1900000e+02   4.6917222e+03  -6.5917545e+03
   1.2000000e+02   7.6802339e+03  -4.8599053e+04
   1.2100000e+02   1.0867384e+04  -3.3453855e+04
   1.2200000e+02   3.4331851e+02   1.0626183e+04
   1.2300000e+02  -2.7880069e+04   2.4154857e+04
   1.2400000e+02  -2.7891206e+04   8.5670945e+03
   1.2500000e+02   6.6328740e+03   4.3955996e+03
   1.2600000e+02   1.7425486e+04   1.9715889e+04
   1.2700000e+02  -1.8113184e+04   3.5012088e+04
   1.2800000e+02  -4.9652660e+04   2.1721206e+04
   1.2900000e+02  -3.1698464e+04  -2.1523455e+04
   1.3000000e+02   1.1785915e+04  -4.8370758e+04
   1.3100000e+02   1.6770177e+04  -1.4782483e+04
   1.3200000e+02  -1.6636646e+04   5.1798349e+04
   1.3300000e+02  -2.2046238e+04   6.0678611e+04
   1.3400000e+02   8.4574968e+03  -3.3691425e+03
   1.3500000e+02   2.4098379e+04  -4.6460452e+04
   1.3600000e+02   6.3357738e+03  -2.0864439e+04
   1.3700000e+02  -2.5580063e+04   2.2340018e+04
   1.3800000e+02  -4.5508975e+04   2.5680623e+04
   1.3900000e+02  -4.2834861e+04  -1.5943130e+02
   1.4000000e+02  -1.5912900e+04  -5.8049615e+03
   1.4100000e+02   2.3115002e+04   1.3043800e+04
   1.4200000e+02   1.8929418e+04   1.8306409e+04
   1.4300000e+02  -4.7513674e+04  -2.2331410e+03
   1.4400000e+02  -9.2872404e+04  -1.4288512e+04
   1.4500000e+02  -5.1018956e+04   3.9675060e+03
   1.4600000e+02   3.3288968e+04   3.3564011e+04
   1.4700000e+02   7.7553429e+04   5.0196719e+04
   1.4800000e+02   5.6873774e+04   2.7733382e+04
   1.4900000e+02   8.9622414e+03  -2.1107570e+04
   1.5000000e+02  -2.0866503e+04  -3.4037659e+04
   1.5100000e+02  -1.5843163e+04   4.4049643e+03
   1.5200000e+02   6.7475399e+03   4.7534974e+04
   1.5300000e+02   1.9575772e+04   4.1293986e+04
   1.5400000e+02   1.7516039e+04  -1.1556456e+04
   1.5500000e+02   3.6622873e+03  -3.8679964e+04
   1.5600000e+02  -1.3244240e+04  -1.5020681e+04
   1.5700000e+02  -1.3889272e+04   1.2038885e+04
   1.5800000e+02  -9.3994557e+03   1.2500124e+04
   1.5900000e+02  -2.0330664e+04   3.5326270e+03
   1.6000000e+02  -3.2550751e+04   1.6474573e+04
   1.6100000e+02  -2.6492003e+04   2.5409074e+04
   1.6200000e+02   7.2035225e+03  -6.4783824e+03
   1.6300000e+02   4.4203921e+04  -2.8802673e+04
   1.6400000e+02   3.0143114e+04  -7.5876972e+03
   1.6500000e+02  -1.8353685e+04   8.5391225e+03
   1.6600000e+02  -2.2551663e+04   8.5813181e+03
   1.6700000e+02   3.2267095e+04   1.5375306e+04
   1.6800000e+02   7.8728088e+04   9.5871821e+02
   1.6900000e+02   5.5599650e+04  -3.7117321e+04
   1.7000000e+02  -1.2720128e+02  -3.9331831e+04
   1.7100000e+02   4.8460177e+03   2.9474877e+03
   1.7200000e+02   6.0631356e+04   3.6443889e+04
   1.7300000e+02   7.1110937e+04   3.6017184e+04
   1.7400000e+02   1.7406686e+04   1.5398885e+04
   1.7500000e+02  -2.9179997e+04  -1.9330715e+04
   1.7600000e+02  -1.2549921e+04  -5.6610779e+04
   1.7700000e+02   3.6430144e+04  -4.0997846e+04
   1.7800000e+02   3.0148727e+04   3.1068352e+04
   1.7900000e+02  -4.3615983e+04   4.9121008e+04
   1.8000000e+02  -9.2251372e+04  -2.7003146e+04
   1.8100000e+02  -5.8690734e+04  -7.9552496e+04
   1.8200000e+02   5.4413700e+03  -3.3561343e+04
   1.8300000e+02   2.1021241e+04   3.4780637e+04
   1.8400000e+02  -1.4662344e+04   3.7054077e+04
   1.8500000e+02  -2.8048011e+04  -1.0864403e+04
   1.8600000e+02   1.2398084e+04  -4.0051738e+04
   1.8700000e+02   4.5999402e+04  -2.5368957e+04
   1.8800000e+02   3.2080624e+04   4.1502402e+03
   1.8900000e+02   6.8129953e+03   1.8914519e+04
   1.9000000e+02   9.9838189e+03   1.0223347e+04
   1.9100000e+02   4.1342877e+04  -1.2032803e+04
   1.9200000e+02   5.5077529e+04  -1.7225282e+04
   1.9300000e+02   9.7810060e+03   4.1361871e+03
   1.9400000e+02  -4.2258586e+04   1.7166667e+04
   1.9500000e+02  -3.3797766e+04   3.3246532e+03
   1.9600000e+02  -8.7685950e+01  -1.4669931e+04
   1.9700000e+02   6.6313410e+02  -2.0336406e+04
   1.9800000e+02  -2.2164951e+04  -1.3381451e+04
   1.9900000e+02  -2.5386695e+04   8.4225421e+02
   2.0000000e+02  -1.1186192e+04   1.2366539e+03
   2.0100000e+02  -2.5307755e+04  -1.2575819e+04
   2.0200000e+02  -5.0994568e+04  -1.1731631e+04
   2.0300000e+02  -2.8094787e+04  -1.5704299e+03
   2.0400000e+02   2.9174769e+04  -4.9659383e+03
   2.0500000e+02   5.3745329e+04  -1.4720653e+04
   2.0600000e+02   1.7684523e+04  -1.2794710e+04
   2.0700000e+02  -3.0679039e+04   4.2804211e+03
   2.0800000e+02  -2.7972769e+04   1.4614218e+04
   2.0900000e+02   1.4201983e+04   1.1664018e+04
   2.1000000e+02   4.0722249e+04   1.5234526e+04
   2.1100000e+02   2.4056747e+04   1.2490727e+04
   2.1200000e+02  -2.0407721e+04  -3.3713312e+03
   2.1300000e+02  -4.5816117e+04  -2.3437879e+03
   2.1400000e+02  -2.8098448e+04   5.1036214e+03
   2.1500000e+02  -4.3376374e+03  -9.5673573e+03
   2.1600000e+02  -1.8928040e+04  -1.0350643e+04
   2.1700000e+02  -4.7085021e+04   3.1486718e+04
   2.1800000e+02  -2.9796175e+04   4.3454369e+04
   2.1900000e+02   1.9397905e+04  -1.8198208e+04
   2.2000000e+02   3.1802552e+04  -5.9506510e+04
   2.2100000e+02  -6.3978685e+03  -2.0603793e+04
   2.2200000e+02  -4.2305654e+04   3.7870934e+04
   2.2300000e+02  -3.6046488e+04   6.3242095e+04
   2.2400000e+02   1.5518977e+03   3.8719317e+04
   2.2500000e+02   3.8710335e+04  -1.9385095e+04
   2.2600000e+02   4.1027306e+04  -3.4681144e+04
   2.2700000e+02  -1.2674941e+02   1.6601609e+04
   2.2800000e+02  -3.2051864e+04   5.3212784e+04
   2.2900000e+02  -1.7595416e+04   2.7286421e+04
   2.3000000e+02   8.9257149e+02  -2.0199533e+04
   2.3100000e+02  -8.3099606e+03  -2.5954312e+04
   2.3200000e+02  -1.7433345e+04   2.3675387e+04
   2.3300000e+02  -3.1847440e+03   4.8406108e+04
   2.3400000e+02   2.0891973e+04  -6.1118125e+03
   2.3500000e+02   2.9209428e+04  -5.5014336e+04
   2.3600000e+02   2.0409584e+04  -2.2609598e+04
   2.3700000e+02   9.1399404e+03   3.6946802e+04
   2.3800000e+02  -6.3261450e+03   3.5529803e+04
   2.3900000e+02  -1.8520971e+04  -2.7223828e+04
   2.4000000e+02  -5.3857695e+03  -5.4382372e+04
   2.4100000e+02   1.9703274e+04  -1.7095646e+03
   2.4200000e+02   1.9211978e+04   4.1601985e+04
   2.4300000e+02  -1.1344418e+04   2.1096336e+04
   2.4400000e+02  -2.9077523e+04  -3.4467440e+03
   2.4500000e+02  -2.2704331e+03   5.8382218e+03
   2.4600000e+02   2.9795708e+04   2.0535660e+04
   2.4700000e+02   2.1605332e+04   1.4359025e+04
   2.4800000e+02  -2.3572772e+03  -6.4827334e+02
   2.4900000e+02  -8.4533609e+03   7.4575777e+03
   2.5000000e+02  -2.7709502e+03   2.1755216e+04
   2.5100000e+02   1.2032564e+04   5.5438038e+03
   2.5200000e+02   3.3539200e+04  -1.0496118e+04
   2.5300000e+02   3.0560262e+04  -4.6807824e+03
   2.5400000e+02  -1.6305253e+03  -6.1403437e+03
   2.5500000e+02  -2.2455152e+04  -9.1300788e+03
   2.5600000e+02  -1.7029867e+04  -3.1674840e+03
   2.5700000e+02   4.9434870e+03  -7.6863492e+03
   2.5800000e+02   3.5609108e+04  -1.6202565e+04
   2.5900000e+02   4.1815386e+04  -1.6552761e+04
   2.6000000e+02   7.0936866e+03  -1.8935619e+04
   2.6100000e+02  -1.6341859e+04  -1.8255120e+04
   2.6200000e+02   1.3740391e+04  -3.1649124e+03
   2.6300000e+02   4.8007701e+04   1.0527657e+04
   2.6400000e+02   2.4794005e+04   5.2286739e+03
   2.6500000e+02  -2.3457696e+04  -1.2489805e+04
   2.6600000e+02  -3.0304550e+04  -2.4136920e+04
   2.6700000e+02   1.7065670e+03  -1.2587731e+04
   2.6800000e+02   2.6413725e+04   1.6903313e+04
   2.6900000e+02   2.6719813e+04   2.5602891e+04
   2.7000000e+02   7.1184877e+03  -1.1747128e+04
   2.7100000e+02  -3.2979114e+04  -4.9390103e+04
   2.7200000e+02  -5.5096754e+04  -2.4544576e+04
   2.7300000e+02  -1.5347495e+04   2.7133908e+04
   2.7400000e+02   3.9957091e+04   2.4741739e+04
   2.7500000e+02   4.6459593e+04  -1.8121535e+04
   2.7600000e+02   1.4212064e+04  -2.9985632e+04
   2.7700000e+02  -1.0210339e+04   1.2084132e+03
   2.7800000e+02   6.1013394e+03   1.9394757e+04
   2.7900000e+02   4.0645192e+04  -5.7725684e+03
   2.8000000e+02   3.4431918e+04  -3.0844405e+04
   2.8100000e+02  -1.9899583e+04  -2.4099314e+04
   2.8200000e+02  -6.0338266e+04  -3.8909697e+03
   2.8300000e+02  -3.9828751e+04   1.0651330e+04
   2.8400000e+02   6.0892226e+02   1.7687342e+03
   2.8500000e+02   1.1115491e+03  -2.7542183e+04
   2.8600000e+02  -2.2537906e+04  -3.8309652e+04
   2.8700000e+02  -3.0419833e+04  -1.1080253e+04
   2.8800000e+02  -1.9116019e+04   2.6659148e+04
   2.8900000e+02  -5.6472272e+03   2.6461844e+04
   2.9000000e+02  -7.1034412e+03  -1.0252211e+04
   2.9100000e+02  -2.1645727e+04  -1.8167793e+04
   2.9200000e+02  -2.9018475e+04   8.7948815e+03
   2.9300000e+02  -9.7995261e+03   1.5894223e+04
   2.9400000e+02   3.7632484e+04   1.2683888e+04
   2.9500000e+02   7.1000308e+04   2.3750841e+04
   2.9600000e+02   3.5554356e+04   1.9544141e+04
   2.9700000e+02  -4.5878049e+04  -3.2819414e+03
   2.9800000e+02  -9.4640785e+04  -8.8308141e+03
   2.9900000e+02  -8.1124181e+04   2.0615639e+03
   3.0000000e+02  -2.9215482e+04  -5.6564186e+03
   3.0100000e+02   2.5084144e+04  -2.8122793e+04
   3.0200000e+02   5.1112964e+04  -1.7543058e+04
   3.0300000e+02   3.5805469e+04   2.5642347e+04
   3.0400000e+02  -1.7602180e+04   3.7078251e+04
   3.0500000e+02  -6.3666995e+04  -1.2948772e+03
   3.0600000e+02  -5.6874237e+04  -2.3597162e+04
   3.0700000e+02  -3.6440942e+04   8.8505013e+03
   3.0800000e+02  -3.3235093e+04   4.1565016e+04
   3.0900000e+02  -5.3728325e+03   3.0592665e+04
   3.1000000e+02   4.1646612e+04   1.3458302e+04
   3.1100000e+02   4.6053503e+04   1.8145721e+04
   3.1200000e+02  -1.0506240e+03   1.9775812e+04
   3.1300000e+02  -4.5413038e+04   9.5786150e+03
   3.1400000e+02  -3.4848409e+04   4.3589893e+03
   3.1500000e+02   2.6906850e+04   6.0347492e+03
   3.1600000e+02   6.9606662e+04   4.5622263e+03
   3.1700000e+02   3.2974311e+04  -3.9163896e+03
   3.1800000e+02  -2.7345694e+04  -4.9002810e+03
   3.1900000e+02  -1.3515204e+04   1.2578738e+04
   3.2000000e+02   4.0429944e+04   2.1676872e+04
   3.2100000e+02   4.1818608e+04   7.6782202e+03
   3.2200000e+02   3.7012003e+03  -2.2764976e+03
   3.2300000e+02  -2.7634154e+04   5.3425586e+02
   3.2400000e+02  -3.5508628e+04   5.5745002e+03
   3.2500000e+02   1.7330013e+04   1.0339830e+04
   3.2600000e+02   1.0048949e+05   1.1241499e+04
   3.2700000e+02   1.0221646e+05   1.2490780e+04
   3.2800000e+02   2.1720387e+04   1.2344444e+04
   3.2900000e+02  -3.0789084e+04   1.0066384e+03
   3.3000000e+02  -1.6552817e+04  -1.9892664e+03
   3.3100000e+02   1.3521720e+04   1.1345505e+04
   3.3200000e+02   2.9664223e+04  -2.6838859e+03
   3.3300000e+02   4.7294939e+04  -4.1235833e+04
   3.3400000e+02   5.3671851e+04  -3.4721651e+04
   3.3500000e+02   1.6488933e+04   5.2103215e+03
   3.3600000e+02  -3.9573495e+04   9.5949532e+03
   3.3700000e+02  -6.8056071e+04  -4.5682342e+03
   3.3800000e+02  -6.3068944e+04  -5.7432218e+03
   3.3900000e+02  -3.3353658e+04  -1.8412220e+04
   3.4000000e+02   1.7116978e+04  -3.2564453e+04
   3.4100000e+02   6.7456093e+04  -1.1744194e+04
   3.4200000e+02   8.7314146e+04   1.7648631e+04
   3.4300000e+02   6.4098565e+04   1.2681126e+04
   3.4400000e+02   3.1824650e+03  -2.1332587e+03
   3.4500000e+02  -5.9324320e+04   4.9825427e+02
   3.4600000e+02  -6.1375395e+04  -6.7284982e+03
   3.4700000e+02   1.6340095e+03  -3.6034754e+04
   3.4800000e+02   4.8412051e+04  -6.0562761e+04
   3.4900000e+02   1.8601822e+04  -5.0422220e+04
   3.5000000e+02  -5.2573333e+04  -6.7381013e+03
   3.5100000e+02  -1.0234323e+05   2.0449952e+04
   3.5200000e+02  -1.0988062e+05  -1.2490661e+03
   3.5300000e+02  -8.8056410e+04  -4.0763106e+04
   3.5400000e+02  -6.5262568e+04  -5.5407236e+04
   3.5500000e+02  -2.9124014e+04  -2.9290329e+04
   3.5600000e+02   5.3550989e+04   2.3895137e+04
   3.5700000e+02   1.1109067e+05   5.9773226e+04
   3.5800000e+02   6.1112959e+04   3.8122099e+04
   3.5900000e+02  -1.9329660e+04  -1.3903393e+04
   3.6000000e+02  -1.6647132e+04  -2.8157282e+04
   3.6100000e+02   5.7210451e+04   9.8578357e+03
   3.6200000e+02   1.1319955e+05   4.8615926e+04
   3.6300000e+02   9.6808891e+04   3.1717828e+04
   3.6400000e+02   3.5280490e+04  -2.8493349e+04
   3.6500000e+02  -3.3399151e+02  -5.3714424e+04
   3.6600000e+02   1.6649290e+04  -9.8922858e+03
   3.6700000e+02   3.1669608e+04   4.2455003e+04
   3.6800000e+02  -1.3138329e+04   2.6711812e+04
   3.6900000e+02  -8.7345793e+04  -3.7247653e+04
   3.7000000e+02  -1.0376639e+05  -5.3441342e+04
   3.7100000e+02  -4.3380560e+04  -4.8421687e+03
   3.7200000e+02   1.0413185e+04   3.7994724e+04
   3.7300000e+02  -1.7278628e+03   3.6412473e+04
   3.7400000e+02  -4.4395572e+04   6.0402759e+03
   3.7500000e+02  -6.4905304e+04  -1.6199869e+04
   3.7600000e+02  -4.8985502e+04  -5.6216634e+03
   3.7700000e+02  -9.7218580e+03   2.5664345e+04
   3.7800000e+02   3.0492652e+04   4.0358643e+04
   3.7900000e+02   4.0215646e+04   1.5165549e+04
   3.8000000e+02  -9.7880300e+03  -1.9874208e+04
   3.8100000e+02  -8.6356897e+04  -2.1229497e+04
   3.8200000e+02  -9.1891501e+04   3.5418813e+03
   3.8300000e+02   1.0715871e+03   2.2824788e+04
   3.8400000e+02   7.3974897e+04   2.0056873e+04
   3.8500000e+02   3.1911735e+04  -4.7977425e+03
   3.8600000e+02  -4.5245772e+04  -2.5215025e+04
   3.8700000e+02  -5.1085133e+04  -8.4315465e+03
   3.8800000e+02  -4.1225338e+03   3.2975991e+04
   3.8900000e+02   3.0123007e+04   4.6410554e+04
   3.9000000e+02   3.1413946e+04   1.4675200e+04
   3.9100000e+02   1.8798158e+04  -9.6402494e+03
   3.9200000e+02   1.5405530e+04   9.2733694e+03
   3.9300000e+02   2.5917417e+04   3.4633449e+04
   3.9400000e+02   2.8523272e+04   3.5854959e+04
   3.9500000e+02   5.1681195e+03   1.5963927e+04
   3.9600000e+02  -1.4104512e+04  -1.6876810e+04
   3.9700000e+02  -1.5672410e+03  -2.9083408e+04
   3.9800000e+02   1.5586273e+04  -5.6163444e+03
   3.9900000e+02   1.3913090e+04   1.4967354e+04
   4.0000000e+02   4.4935771e+03   7.7923917e+03
   4.0100000e+02  -6.0631621e+03  -9.1579604e+03
   4.0200000e+02  -2.4745726e+04  -6.7080505e+03
   4.0300000e+02  -3.9287365e+04   1.0526530e+04
   4.0400000e+02  -2.1701173e+04   1.1200353e+04
   4.0500000e+02   1.2357998e+04  -4.9756856e+03
   4.0600000e+02   2.3230371e+04  -1.9836945e+04
   4.0700000e+02   1.6951482e+04  -1.9934975e+04
   4.0800000e+02   1.3544137e+04   6.0889516e+02
   4.0900000e+02   1.7063005e+04   1.6680360e+04
   4.1000000e+02   2.8047392e+04   1.1276273e+04
   4.1100000e+02   2.8614734e+04  -1.2348672e+03
   4.1200000e+02   2.5034310e+04  -1.7129913e+04
   4.1300000e+02   4.3766674e+04  -3.0455680e+04
   4.1400000e+02   5.0307962e+04  -1.6465206e+04
   4.1500000e+02   2.7368739e+04   2.0329658e+04
   4.1600000e+02   1.9358934e+04   2.9523811e+04
   4.1700000e+02   1.7847566e+04  -4.4535015e+03
   4.1800000e+02  -8.5033488e+03  -2.4485070e+04
   4.1900000e+02  -4.1809648e+04  -1.1394365e+04
   4.2000000e+02  -4.7226793e+04  -6.4564512e+03
   4.2100000e+02  -5.8360558e+03  -4.6436520e+03
   4.2200000e+02   3.5953209e+04   7.0809726e+03
   4.2300000e+02   2.1580863e+04   8.2779730e+01
   4.2400000e+02  -1.4403339e+04  -1.5783922e+04
   4.2500000e+02  -2.1381178e+04  -1.1582422e+04
   4.2600000e+02  -4.0610060e+03   4.1149394e+03
   4.2700000e+02   1.5805127e+04   1.2752976e+04
   4.2800000e+02   2.4320900e+04  -5.4894760e+03
   4.2900000e+02   2.0038463e+04  -3.7855894e+04
   4.3000000e+02   9.7061984e+03  -3.7223101e+04
   4.3100000e+02   1.3148445e+02  -3.3235590e+03
   4.3200000e+02  -4.0393823e+03   2.2711894e+04
   4.3300000e+02  -2.1696323e+03   1.3697293e+04
   4.3400000e+02  -3.8147442e+03  -1.8296302e+04
   4.3500000e+02  -1.6232561e+04  -2.4189125e+04
   4.3600000e+02  -1.9356344e+04   6.8936890e+03
   4.3700000e+02  -3.6766927e+03   2.5228082e+04
   4.3800000e+02  -3.5803850e+03   6.2893499e+03
   4.3900000e+02  -3.7010536e+04  -1.6687511e+04
   4.4000000e+02  -6.0926435e+04  -1.4092702e+04
   4.4100000e+02  -3.2834473e+04   5.8547656e+02
   4.4200000e+02   1.4605115e+04   5.8779048e+03
   4.4300000e+02   2.5178190e+04  -7.3552821e+03
   4.4400000e+02   1.7515167e+03  -3.2651912e+04
   4.4500000e+02  -1.9739472e+04  -3.6575938e+04
   4.4600000e+02  -1.6423629e+04  -8.4176646e+03
   4.4700000e+02   1.0636800e+03   1.9517762e+04
   4.4800000e+02   4.6280101e+03   2.0093645e+04
   4.4900000e+02   4.7258629e+02  -4.6892665e+03
   4.5000000e+02   7.3422895e+03  -1.7771922e+04
   4.5100000e+02   9.7824301e+03   1.9522819e+03
   4.5200000e+02  -8.6848010e+03   2.1369562e+04
   4.5300000e+02  -2.5067824e+04   1.9235660e+04
   4.5400000e+02  -1.7179831e+04   7.4158225e+03
   4.5500000e+02  -1.5334173e+04  -1.9633722e+02
   4.5600000e+02  -4.1724661e+04   4.4867983e+03
   4.5700000e+02  -5.1442130e+04   9.6857214e+03
   4.5800000e+02  -1.3476102e+04   4.5184890e+03
   4.5900000e+02   2.6886954e+04  -4.9800051e+03
   4.6000000e+02   2.3309696e+04  -1.6539242e+04
   4.6100000e+02   5.2186853e+02  -2.2287258e+04
   4.6200000e+02  -1.9556599e+03  -8.8131242e+03
   4.6300000e+02  -3.6673020e+03   1.9125467e+04
   4.6400000e+02  -2.3724386e+04   3.1405367e+04
   4.6500000e+02  -1.5725458e+04   4.3867228e+03
   4.6600000e+02   3.6347297e+04  -2.4346631e+04
   4.6700000e+02   5.4058325e+04  -4.7645230e+03
   4.6800000e+02  -3.4339691e+03   3.7097202e+04
   4.6900000e+02  -6.1059967e+04   4.7242517e+04
   4.7000000e+02  -4.1701681e+04   1.7443526e+04
   4.7100000e+02   2.3902184e+04  -1.4332407e+04
   4.7200000e+02   4.0350450e+04  -2.7596826e+03
   4.7300000e+02  -9.1557399e+02   3.2415259e+04
   4.7400000e+02  -1.5090271e+04   2.3465022e+04
   4.7500000e+02   1.2162045e+04  -2.2449882e+04
   4.7600000e+02   2.1236207e+04  -2.7049193e+04
   4.7700000e+02   4.1321567e+03   1.7798600e+04
   4.7800000e+02   5.7003999e+03   3.8090451e+04
   4.7900000e+02   3.9259914e+04   8.5688030e+03
   4.8000000e+02   5.5637040e+04  -2.0494300e+04
   4.8100000e+02   2.3573654e+04  -1.2020334e+04
   4.8200000e+02  -1.0039881e+04   1.7439353e+04
   4.8300000e+02  -1.4717811e+03   3.1489008e+04
   4.8400000e+02   1.8765088e+04   1.9523518e+04
   4.8500000e+02   8.6857972e+03   1.7826955e+03
   4.8600000e+02  -1.2024609e+04   2.1707746e+03
   4.8700000e+02  -1.4824671e+04   1.5057766e+04
   4.8800000e+02  -1.3626214e+04   9.3122729e+03
   4.8900000e+02  -8.5991417e+03  -9.6316650e+03
   4.9000000e+02   5.7538927e+03  -8.4341822e+03
   4.9100000e+02   1.8630366e+03   6.4200495e+03
   4.9200000e+02  -1.5073723e+04   8.5947663e+03
   4.9300000e+02  -8.4664068e+03  -5.9948302e+03
   4.9400000e+02   1.7106776e+04  -1.8234725e+04
   4.9500000e+02   3.5466443e+04  -6.1335938e+03
   4.9600000e+02   2.9287621e+04   1.7542713e+04
   4.9700000e+02   1.8516950e+03   1.4051889e+04
   4.9800000e+02  -7.2709353e+03  -2.0876268e+04
   4.9900000e+02   1.6637115e+04  -3.6250974e+04
   5.0000000e+02   3.5265863e+04  -5.0713952e+03
   5.0100000e+02   2.9279926e+04   1.9005586e+04
   5.0200000e+02   8.3124467e+03  -3.2250867e+03
   5.0300000e+02  -2.1018371e+04  -2.5723013e+04
   5.0400000e+02  -3.8023222e+04  -7.5011967e+03
   5.0500000e+02  -2.3491988e+04   9.5705461e+03
   5.0600000e+02  -2.2925608e+03  -1.4663342e+04
   5.0700000e+02  -2.6864564e+03  -3.6746388e+04
   5.0800000e+02  -7.6387494e+03  -2.4152726e+04
   5.0900000e+02  -5.8577937e+03  -5.9252314e+03
   5.1000000e+02  -5.0665938e+03   3.8904892e+03
   5.1100000e+02   6.9723249e+03   3.1612757e+03
   5.1200000e+02   1.9995512e+04  -1.3678530e+04
   5.1300000e+02   1.2195706e+03  -2.6303898e+04
   5.1400000e+02  -3.1447804e+04  -1.4685687e+04
   5.1500000e+02  -2.8359540e+04   4.2405743e+03
   5.1600000e+02   1.5558605e+04  -7.7464377e+02
   5.1700000e+02   4.7402032e+04  -2.2979281e+04
   5.1800000e+02   2.1322874e+04  -3.2860574e+04
   5.1900000e+02  -3.8746452e+04  -1.8921070e+04
   5.2000000e+02  -6.0905898e+04   1.2453344e+04
   5.2100000e+02  -1.8907338e+04   2.0812528e+04
   5.2200000e+02   3.0499789e+04  -1.7298946e+04
   5.2300000e+02   3.4656797e+04  -4.7688369e+04
   5.2400000e+02  -2.0441711e+03  -2.6376425e+04
   5.2500000e+02  -3.5613839e+04   1.4543157e+04
   5.2600000e+02  -1.8658262e+04   2.5333933e+04
   5.2700000e+02   2.2869759e+04   7.5240647e+03
   5.2800000e+02   3.2728021e+04  -3.6749335e+03
   5.2900000e+02   1.6421912e+04  -8.8038315e+03
   5.3000000e+02  -4.2345149e+03  -1.9846936e+04
   5.3100000e+02  -1.7316396e+04  -1.7077297e+04
   5.3200000e+02  -1.9542778e+04   8.7054685e+03
   5.3300000e+02  -2.6345196e+04   2.9063370e+04
   5.3400000e+02  -3.4752875e+04   1.5001813e+04
   5.3500000e+02  -2.8829984e+04  -5.3242190e+03
   5.3600000e+02  -9.6132583e+03   1.3659853e+04
   5.3700000e+02   7.7763212e+03   3.9952375e+04
   5.3800000e+02   1.1867273e+04   1.9760680e+04
   5.3900000e+02   3.6570117e+03  -2.2517168e+04
   5.4000000e+02  -1.1653424e+04  -2.6710380e+04
   5.4100000e+02  -1.4620310e+04   1.4529293e+04
   5.4200000e+02   3.9825761e+03   4.8597187e+04
   5.4300000e+02   2.3248105e+04   3.2894794e+04
   5.4400000e+02   2.7553782e+04  -8.5058566e+03
   5.4500000e+02   9.5139601e+03  -1.9684218e+04
   5.4600000e+02  -1.6910491e+04   9.8056291e+03
   5.4700000e+02  -1.9000735e+04   4.3912864e+04
   5.4800000e+02   1.3924436e+03   4.9034914e+04
   5.4900000e+02   1.1212118e+04   1.8762211e+04
   5.5000000e+02  -1.0732158e+04  -7.4002447e+03
   5.5100000e+02  -3.8875076e+04   3.8729383e+03
   5.5200000e+02  -3.5148126e+04   1.9379923e+04
   5.5300000e+02  -9.2839130e+03   1.0290512e+04
   5.5400000e+02   1.3871682e+04  -5.8646293e+03
   5.5500000e+02   1.6857788e+04  -5.4545884e+03
   5.5600000e+02  -4.0474930e+03   1.5819229e+04
   5.5700000e+02  -1.4330201e+04   2.5033810e+04
   5.5800000e+02   6.7409683e+03   6.5161718e+03
   5.5900000e+02   3.0663964e+04  -5.8186599e+03
   5.6000000e+02   2.8754009e+04   9.3851781e+02
   5.6100000e+02   7.1072005e+03   1.1634868e+04
   5.6200000e+02  -1.0252308e+04   9.8301234e+03
   5.6300000e+02  -5.6327692e+03  -7.2123504e+03
   5.6400000e+02   1.7511254e+04  -3.1275055e+03
   5.6500000e+02   2.4810008e+04   2.6126597e+04
   5.6600000e+02   1.1034516e+02   1.9486599e+04
   5.6700000e+02  -1.8454018e+04  -2.3141446e+04
   5.6800000e+02  -4.7750148e+03  -2.4553550e+04
   5.6900000e+02   1.2589807e+04   1.6112765e+04
   5.7000000e+02   5.6095559e+03   1.6857391e+04
   5.7100000e+02   1.4355799e+03  -2.8828428e+04
   5.7200000e+02   2.1818021e+04  -4.4066097e+04
   5.7300000e+02   2.3386370e+04  -4.0029490e+03
   5.7400000e+02  -8.6870848e+03   2.5406066e+04
   5.7500000e+02  -1.9893535e+04  -1.2997713e+04
   5.7600000e+02   1.1199732e+04  -5.8314712e+04
   5.7700000e+02   3.3762550e+04  -2.4584932e+04
   5.7800000e+02   1.0235236e+04   2.7537410e+04
   5.7900000e+02  -1.1598876e+04   9.2004096e+03
   5.8000000e+02   8.3690623e+03  -2.6990276e+04
   5.8100000e+02   2.1478263e+04  -1.7154602e+04
   5.8200000e+02   3.1787830e+03   2.0144496e+03
   5.8300000e+02  -8.4744440e+03  -2.6460601e+03
   5.8400000e+02  -4.1291872e+03  -1.2163966e+04
   5.8500000e+02   4.3431396e+03  -1.1674774e+04
   5.8600000e+02   1.6168889e+04  -3.5179303e+03
   5.8700000e+02   2.1421911e+04  -1.1290606e+03
   5.8800000e+02   1.3189807e+04  -1.8655219e+04
   5.8900000e+02  -1.3798087e+03  -3.6639682e+04
   5.9000000e+02  -1.2071396e+04  -2.5437297e+04
   5.9100000e+02  -5.4229593e+03  -2.0268884e+03
   5.9200000e+02   1.3532958e+04  -1.5313640e+03
   5.9300000e+02   1.6616305e+04  -1.4185102e+04
   5.9400000e+02  -1.0871775e+03  -9.8091825e+03
   5.9500000e+02  -1.0130570e+04   4.8753306e+03
   5.9600000e+02   6.6164318e+03   4.9824075e+03
   5.9700000e+02   2.2530767e+04  -8.9660942e+03
   5.9800000e+02   7.8555343e+03  -1.2217275e+04
   5.9900000e+02  -2.3054238e+04   2.3412112e+03
   6.0000000e+02  -3.5248222e+04   4.7705682e+03
   6.0100000e+02  -1.1844442e+04  -5.4039002e+03
   6.0200000e+02   1.7086529e+04   6.0444340e+03
   6.0300000e+02   4.9771246e+03   2.2549914e+04
   6.0400000e+02  -2.6043103e+04   1.2202606e+04
   6.0500000e+02  -2.5268008e+04  -7.3477969e+03
   6.0600000e+02  -4.5707591e+03  -1.1337226e+04
   6.0700000e+02  -1.0264757e+03  -4.2366306e+02
   6.0800000e+02  -1.1654731e+04   7.5317381e+03
   6.0900000e+02  -8.1238312e+03   4.5229227e+03
   6.1000000e+02   7.7403975e+03   3.9220207e+03
   6.1100000e+02   6.8503246e+03   1.0334380e+04
   6.1200000e+02  -1.4191939e+04   1.4640366e+04
   6.1300000e+02  -2.8865860e+04   6.5007444e+03
   6.1400000e+02  -1.9449116e+04  -1.0644206e+04
   6.1500000e+02  -6.6175259e+03  -6.8750738e+03
   6.1600000e+02  -1.5030865e+04   2.0154137e+04
   6.1700000e+02  -2.3470983e+04   2.0903648e+04
   6.1800000e+02  -1.0154285e+04  -9.5190986e+03
   6.1900000e+02   1.1526854e+03  -1.1340404e+04
   6.2000000e+02  -1.1019343e+04   1.7950407e+04
   6.2100000e+02  -2.2670586e+04   2.2680211e+04
   6.2200000e+02  -6.9157556e+03   5.2271359e+03
   6.2300000e+02   1.9608619e+04   7.9205032e+03
   6.2400000e+02   2.7697010e+04   2.7594795e+04
   6.2500000e+02   8.2073632e+03   2.5598456e+04
   6.2600000e+02  -1.9922980e+04  -1.8279399e+03
   6.2700000e+02  -2.1399203e+04  -9.3303293e+03
   6.2800000e+02  -9.0696770e+01   1.0964820e+04
   6.2900000e+02   6.8371724e+03   1.7771971e+04
   6.3000000e+02  -7.7541793e+03   9.5014931e+03
   6.3100000e+02  -1.9038611e+04   3.7983470e+03
   6.3200000e+02  -1.2588938e+04  -1.1417939e+04
   6.3300000e+02  -2.1437838e+03  -2.6562464e+04
   6.3400000e+02   6.4646941e+03  -6.8927728e+03
   6.3500000e+02   1.5637239e+04   2.5099834e+04
   6.3600000e+02   2.0830132e+03   7.4873688e+03
   6.3700000e+02  -2.4087748e+04  -3.2828736e+04
   6.3800000e+02  -1.3202842e+04  -1.6509042e+04
   6.3900000e+02   2.0857037e+04   2.5864907e+04
   6.4000000e+02   2.4767361e+04   2.0095713e+04
   6.4100000e+02   5.1078179e+03  -5.6060420e+03
   6.4200000e+02   8.0122727e+03  -7.8275551e+02
   6.4300000e+02   3.1634446e+04   1.7737039e+04
   6.4400000e+02   2.3262705e+04   2.2233104e+04
   6.4500000e+02  -1.5820662e+04   1.3943349e+04
   6.4600000e+02  -2.0804869e+04   4.0587372e+03
   6.4700000e+02   1.5288848e+04  -6.6479762e+03
   6.4800000e+02   4.0725858e+04  -1.4705203e+04
   6.4900000e+02   3.4006896e+04  -3.2233868e+03
   6.5000000e+02   1.0466996e+04   1.4153334e+04
   6.5100000e+02  -5.1643198e+03   5.9856515e+03
   6.5200000e+02  -7.5580030e+03  -1.3768387e+04
   6.5300000e+02  -3.7164012e+03  -1.9671344e+04
   6.5400000e+02   1.4853043e+04  -1.3426269e+04
   6.5500000e+02   2.9272329e+04  -2.2291315e+03
   6.5600000e+02   1.2544786e+04   1.2091698e+03
   6.5700000e+02   6.7270333e+02  -1.0269284e+04
   6.5800000e+02   1.7117672e+04  -1.9521775e+04
   6.5900000e+02   2.2298602e+04  -7.1749219e+03
   6.6000000e+02   3.4603679e+03   1.4872279e+04
   6.6100000e+02  -9.3995271e+03   7.3263317e+03
   6.6200000e+02  -2.0946875e+03  -2.9609777e+04
   6.6300000e+02   1.5706241e+04  -3.4421273e+04
   6.6400000e+02   2.5173987e+04   1.4964831e+04
   6.6500000e+02   1.4288296e+04   5.0696291e+04
   6.6600000e+02  -5.6260005e+03   1.7848098e+04
   6.6700000e+02  -1.2502109e+04  -4.0359507e+04
   6.6800000e+02  -4.9701233e+03  -4.7039835e+04
   6.6900000e+02  -1.9771690e+03  -2.0047298e+02
   6.7000000e+02  -4.6509007e+03   3.3349590e+04
   6.7100000e+02   2.4907942e+03   1.5476898e+04
   6.7200000e+02   9.5710943e+03  -2.4689391e+04
   6.7300000e+02   3.5696610e+02  -3.5690165e+04
   6.7400000e+02  -1.0448987e+04  -4.4285715e+03
   6.7500000e+02  -8.7761463e+03   1.4292690e+04
   6.7600000e+02  -3.8923929e+03  -1.5206046e+04
   6.7700000e+02  -4.4312120e+03  -3.3071386e+04
   6.7800000e+02  -6.8680747e+03  -5.1360102e+03
   6.7900000e+02  -4.7700447e+03   1.2559526e+04
   6.8000000e+02  -2.1144868e+02  -8.3939475e+03
   6.8100000e+02  -2.4474837e+03  -3.2695452e+04
   6.8200000e+02  -1.4571914e+04  -2.2569583e+04
   6.8300000e+02  -3.0119079e+04   1.1336626e+04
   6.8400000e+02  -3.7802975e+04   1.6222930e+04
   6.8500000e+02  -2.3030417e+04  -1.0263029e+04
   6.8600000e+02   1.0300912e+04  -1.3874313e+04
   6.8700000e+02   2.2177857e+04   1.0651341e+04
   6.8800000e+02  -6.3495509e+03   1.5397754e+04
   6.8900000e+02  -3.3154252e+04  -1.1375164e+04
   6.9000000e+02  -2.3752266e+04  -2.2958205e+04
   6.9100000e+02   3.7600805e+03   7.4300011e+03
   6.9200000e+02   1.3237592e+04   3.6722511e+04
   6.9300000e+02  -1.0046983e+04   2.3913168e+04
   6.9400000e+02  -3.7625696e+04  -6.9336198e+03
   6.9500000e+02  -2.9271959e+04  -1.6419947e+04
   6.9600000e+02   3.4657357e+03  -5.4003070e+03
   6.9700000e+02   1.0186591e+04   3.1427465e+03
   6.9800000e+02  -1.2462920e+04   2.5821364e+03
   6.9900000e+02  -1.6627444e+04   6.2484437e+03
   7.0000000e+02   3.9490571e+03   1.3806753e+04
   7.0100000e+02   1.4106997e+04   2.4710481e+03
   7.0200000e+02   6.6332174e+03  -1.7652239e+04
   7.0300000e+02  -2.8055118e+03  -7.3880274e+03
   7.0400000e+02   2.1355266e+03   1.7749769e+04
   7.0500000e+02   1.6424310e+04   1.9876744e+04
   7.0600000e+02   1.1204627e+04   1.5089797e+04
   7.0700000e+02  -6.7475384e+03   1.5818503e+04
   7.0800000e+02  -9.4774050e+03   1.1341851e+04
   7.0900000e+02  -4.7585879e+03   1.6006503e+04
   7.1000000e+02  -4.8101460e+03   2.2483150e+04
   7.1100000e+02  -7.6201664e+03   6.5471794e+03
   7.1200000e+02  -7.3734599e+03  -3.6382431e+03
   7.1300000e+02   5.5062556e+03   1.0764231e+04
   7.1400000e+02   1.3677081e+04   1.8086195e+04
   7.1500000e+02  -7.2420482e+03   7.7956876e+03
   7.1600000e+02  -2.8747609e+04  -2.7730565e+03
   7.1700000e+02  -8.0445728e+03  -2.3772794e+03
   7.1800000e+02   3.1333758e+04   8.8938063e+03
   7.1900000e+02   3.1368480e+04   1.2250461e+04
   7.2000000e+02   1.7177853e+03   1.4757547e+03
   7.2100000e+02  -3.0982371e+03   3.2946870e+03
   7.2200000e+02   1.4119622e+04   1.6928422e+04
   7.2300000e+02   1.8638552e+04   9.2348404e+03
   7.2400000e+02   1.3139297e+04  -7.6399473e+03
   7.2500000e+02   1.3937302e+04  -8.2073820e+01
   7.2600000e+02   1.5811790e+04   1.5986219e+04
   7.2700000e+02   1.1918965e+04   1.3967199e+04
   7.2800000e+02   8.4889198e+03  -1.7309097e+03
   7.2900000e+02   1.8840329e+03  -1.3588863e+04
   7.3000000e+02  -3.9856155e+03  -7.4000337e+03
   7.3100000e+02   8.3348252e+03   6.9515426e+03
   7.3200000e+02   1.6141865e+04   6.9701406e+03
   7.3300000e+02   6.7103316e+02  -5.4892822e+03
   7.3400000e+02  -1.5164912e+03  -1.2520224e+04
   7.3500000e+02   1.9367520e+04  -8.0019385e+03
   7.3600000e+02   2.1220299e+04  -1.6130098e+03
   7.3700000e+02  -1.0038817e+04  -1.5930969e+03
   7.3800000e+02  -2.8297709e+04  -4.6061187e+03
   7.3900000e+02   3.2735845e+03  -4.0535656e+03
   7.4000000e+02   4.0214487e+04  -4.2441114e+03
   7.4100000e+02   2.5445715e+04  -1.5419267e+04
   7.4200000e+02  -1.2219063e+04  -2.1757880e+04
   7.4300000e+02  -1.9419867e+04  -1.0618857e+04
   7.4400000e+02  -6.6029713e+03  -4.5162929e+03
   7.4500000e+02   3.2141455e+03  -2.5680423e+03
   7.4600000e+02   1.2513034e+04  -6.1133256e+02
   7.4700000e+02   5.3830646e+03  -1.7756338e+04
   7.4800000e+02  -1.8814085e+04  -2.4923229e+04
   7.4900000e+02  -2.0210400e+04  -1.6352834e+03
   7.5000000e+02   5.8943817e+03   8.0682394e+03
   7.5100000e+02   1.7102107e+04  -1.2121991e+04
   7.5200000e+02  -8.5522330e+02  -3.1289591e+04
   7.5300000e+02  -8.2596642e+03  -1.9644604e+04
   7.5400000e+02   7.2788060e+03   9.0913545e+03
   7.5500000e+02   5.3141206e+03   1.2233649e+03
   7.5600000e+02  -8.1727311e+03  -3.7509795e+04
   7.5700000e+02  -7.7130740e+01  -3.7609680e+04
   7.5800000e+02   8.9031858e+03   8.1687434e+03
   7.5900000e+02   8.7645727e+02   2.4965452e+04
   7.6000000e+02  -4.8423729e+03  -1.2347483e+04
   7.6100000e+02  -7.2186315e+03  -3.3090149e+04
   7.6200000e+02  -2.3779348e+04  -3.9249940e+03
   7.6300000e+02  -3.8597037e+04   2.8380206e+04
   7.6400000e+02  -2.8410324e+04   2.4738501e+04
   7.6500000e+02  -7.5730343e+03  -1.2221469e+04
   7.6600000e+02   5.2186108e+03  -3.4727126e+04
   7.6700000e+02   1.9911595e+03  -1.0103604e+04
   7.6800000e+02  -2.7884249e+03   1.9264120e+04
   7.6900000e+02   9.0361429e+03   1.4718623e+04
   7.7000000e+02   7.1725382e+03  -4.8944537e+03
   7.7100000e+02  -8.0598048e+03  -1.0575356e+04
   7.7200000e+02   2.2883362e+03  -1.1623445e+03
   7.7300000e+02   1.4591436e+04   8.0757157e+03
   7.7400000e+02   5.8162533e+03   1.2865718e+04
   7.7500000e+02  -3.5912969e+03   1.3061438e+04
   7.7600000e+02  -1.1393399e+04   1.2514468e+04
   7.7700000e+02  -1.6892051e+04   1.5632758e+04
   7.7800000e+02  -8.6244927e+03   1.1701953e+04
   7.7900000e+02  -2.8469675e+03   5.2797662e+03
   7.8000000e+02  -1.9116534e+04   7.7416057e+03
   7.8100000e+02  -3.0643092e+04   5.8766095e+03
   7.8200000e+02  -1.6223863e+04  -3.9421972e+03
   7.8300000e+02  -4.4593416e+03  -6.4033988e+03
   7.8400000e+02  -1.4461153e+04   4.3709869e+03
   7.8500000e+02  -2.3454588e+04   1.8091117e+04
   7.8600000e+02   1.6335977e+03   1.8092308e+04
   7.8700000e+02   3.7171127e+04   2.4245084e+03
   7.8800000e+02   2.6354710e+04  -3.7113167e+03
   7.8900000e+02  -5.8630296e+03   1.9135174e+04
   7.9000000e+02  -6.7178237e+03   3.5717381e+04
   7.9100000e+02   1.1865137e+04   8.0496276e+03
   7.9200000e+02   1.8538506e+04  -2.0545363e+04
   7.9300000e+02   1.2819726e+03   1.3697669e+03
   7.9400000e+02  -1.7531440e+04   3.5532694e+04
   7.9500000e+02  -1.3287626e+04   2.8465182e+04
   7.9600000e+02   2.5530789e+03   4.2374191e+03
   7.9700000e+02   1.0343081e+04  -1.6127054e+03
   7.9800000e+02  -6.3710335e+03  -2.0002771e+03
   7.9900000e+02  -3.3357772e+04   2.9739410e+03
   8.0000000e+02  -2.4815615e+04   2.1582101e+04
   8.0100000e+02   1.8230656e+04   2.5559037e+04
   8.0200000e+02   4.3097884e+04   1.5626806e+03
   8.0300000e+02   2.2564079e+04  -2.0769653e+04
   8.0400000e+02  -1.1159128e+04  -1.0499203e+04
   8.0500000e+02  -1.2638566e+04   1.7577405e+04
   8.0600000e+02   2.0802277e+04   1.6381177e+04
   8.0700000e+02   4.7609850e+04  -1.0493915e+04
   8.0800000e+02   3.4445428e+04  -1.7677295e+04
   8.0900000e+02   4.2274147e+03   1.9529500e+03
   8.1000000e+02  -1.2367739e+04   2.1877417e+04
   8.1100000e+02  -1.4417925e+04   1.5035368e+04
   8.1200000e+02   9.5655735e+02  -2.1519123e+04
   8.1300000e+02   1.7563802e+04  -4.3848115e+04
   8.1400000e+02   1.1872298e+04  -1.7445144e+04
   8.1500000e+02  -3.4921078e+03   1.9373940e+04
   8.1600000e+02  -8.8144463e+03   1.9761584e+04
   8.1700000e+02   4.3773461e+03  -3.0901979e+03
   8.1800000e+02   2.2903688e+04  -2.0918249e+04
   8.1900000e+02   1.6954139e+04  -2.2019481e+04
   8.2000000e+02  -6.6199990e+03  -8.8399373e+03
   8.2100000e+02  -9.8924560e+03  -7.8594468e+03
   8.2200000e+02   1.4750985e+04  -2.2754544e+04
   8.2300000e+02   3.1903975e+04  -1.9057853e+04
   8.2400000e+02   1.7113488e+04   2.4607694e+03
   8.2500000e+02  -1.0661460e+04   9.9886234e+03
   8.2600000e+02  -2.3016537e+04  -1.2167078e+03
   8.2700000e+02  -1.1300409e+04  -2.1554505e+04
   8.2800000e+02   6.9215244e+03  -3.4521030e+04
   8.2900000e+02   7.5338246e+03  -2.0954691e+04
   8.3000000e+02  -2.5714162e+03  -6.4166302e+02
   8.3100000e+02  -5.1430400e+02   3.4963799e+02
   8.3200000e+02   1.1963913e+04  -6.1003739e+03
   8.3300000e+02   1.1459708e+04  -1.2400730e+04
   8.3400000e+02  -5.6170248e+03  -2.1674042e+04
   8.3500000e+02  -1.1739443e+04  -2.4003328e+04
   8.3600000e+02   1.8766605e+03  -1.4226885e+04
   8.3700000e+02   1.4089232e+04  -2.9231873e+03
   8.3800000e+02   1.3881708e+04  -3.5191442e+03
   8.3900000e+02   3.5246187e+03  -7.4330088e+03
   8.4000000e+02  -1.0615670e+04   1.5765431e+03
   8.4100000e+02  -1.6624306e+04   1.1035467e+04
   8.4200000e+02  -5.0615624e+03   5.2565608e+03
   8.4300000e+02   1.4490606e+04  -6.0620631e+03
   8.4400000e+02   6.6013631e+03  -5.6155122e+03
   8.4500000e+02  -3.1171040e+04   6.8787026e+03
   8.4600000e+02  -4.1066398e+04   1.3986274e+04
   8.4700000e+02  -1.0246485e+04   6.4466326e+03
   8.4800000e+02   6.7596432e+03  -6.1630451e+03
   8.4900000e+02  -7.4490583e+03  -3.6598603e+03
   8.5000000e+02  -2.5929178e+04   1.7365477e+04
   8.5100000e+02  -2.5511086e+04   2.4032427e+04
   8.5200000e+02  -3.7989239e+03  -2.2227780e+01
   8.5300000e+02   1.1864215e+04  -1.9113802e+04
   8.5400000e+02   3.7624274e+03  -3.2400014e+03
   8.5500000e+02  -1.2787156e+04   2.5441134e+04
   8.5600000e+02  -1.8416846e+04   3.3638629e+04
   8.5700000e+02  -7.3850166e+03   2.2092921e+04
   8.5800000e+02   2.9986404e+03   3.3187040e+02
   8.5900000e+02  -4.4805112e+03  -1.7949447e+04
   8.6000000e+02  -2.0989207e+04  -8.6380140e+03
   8.6100000e+02  -3.1153818e+04   1.5501730e+04
   8.6200000e+02  -1.8643014e+04   2.3805359e+04
   8.6300000e+02   1.3736156e+04   1.5065499e+04
   8.6400000e+02   2.3169822e+04  -2.8475064e+03
   8.6500000e+02  -3.6868691e+03  -1.1946496e+04
   8.6600000e+02  -2.0006352e+04   3.9022947e+03
   8.6700000e+02  -3.1867164e+03   2.2067495e+04
   8.6800000e+02   1.4307685e+04   2.1092363e+04
   8.6900000e+02   6.6073303e+03   9.0822110e+03
   8.7000000e+02  -1.1283312e+04  -7.8919783e+03
   8.7100000e+02  -1.3278970e+04  -1.3008222e+04
   8.7200000e+02   1.4586269e+03   1.3350025e+04
   8.7300000e+02   1.4378562e+04   3.4367849e+04
   8.7400000e+02   8.7914684e+03   1.0263478e+04
   8.7500000e+02  -1.4287064e+04  -1.7908382e+04
   8.7600000e+02  -2.6921731e+04  -4.4737041e+02
   8.7700000e+02  -1.2579224e+04   3.1426099e+04
   8.7800000e+02   5.8911771e+03   1.7699319e+04
   8.7900000e+02   1.5317478e+04  -2.2886431e+04
   8.8000000e+02   2.4446146e+04  -1.6960743e+04
   8.8100000e+02   2.2026541e+04   2.8613327e+04
   8.8200000e+02   6.0958842e+03   3.8724931e+04
   8.8300000e+02   6.2881810e+03  -1.7120892e+03
   8.8400000e+02   1.8414021e+04  -3.8097031e+04
   8.8500000e+02   1.1972364e+04  -2.5402242e+04
   8.8600000e+02  -5.7824821e+02   1.3012967e+04
   8.8700000e+02   4.6121961e+03   1.7077514e+04
   8.8800000e+02   2.0560571e+04  -9.4603934e+03
   8.8900000e+02   2.8498833e+04  -1.7919576e+04
   8.9000000e+02   1.5454378e+04  -1.1547793e+04
   8.9100000e+02  -5.8209913e+03  -8.1693636e+03
   8.9200000e+02  -1.1989276e+04   8.7540438e+03
   8.9300000e+02  -6.3638166e+02   2.1953124e+04
   8.9400000e+02   1.8297067e+04  -2.2972911e+03
   8.9500000e+02   2.7515840e+04  -2.8454542e+04
   8.9600000e+02   1.9423788e+04  -1.4636050e+04
   8.9700000e+02   5.9752362e+03   1.1567780e+04
   8.9800000e+02  -6.1419583e+03   1.0537428e+04
   8.9900000e+02  -9.8554851e+03  -7.8303601e+03
   9.0000000e+02   1.5175198e+03  -5.1063772e+03
   9.0100000e+02   1.7052520e+04   1.4075898e+04
   9.0200000e+02   2.1275315e+04   3.2182597e+03
   9.0300000e+02   8.9106762e+03  -3.1008129e+04
   9.0400000e+02  -3.4117260e+03  -2.9068087e+04
   9.0500000e+02  -1.6350746e+03   1.2513900e+04
   9.0600000e+02  -4.4685178e+03   2.5683376e+04
   9.0700000e+02  -1.1404076e+04  -1.4467338e+04
   9.0800000e+02   8.6916372e+03  -4.4821655e+04
   9.0900000e+02   3.5905615e+04  -2.4649093e+04
   9.1000000e+02   1.7328159e+04   4.3676670e+03
   9.1100000e+02  -2.4272033e+04  -8.8006964e+02
   9.1200000e+02  -2.1973873e+04  -2.1421252e+04
   9.1300000e+02   9.0833059e+03  -1.9173671e+04
   9.1400000e+02   1.0240130e+04  -6.6520035e+03
   9.1500000e+02  -7.2127749e+03  -1.0687551e+04
   9.1600000e+02  -7.8841690e+03  -8.9221919e+03
   9.1700000e+02   1.1513259e+03   1.1965785e+04
   9.1800000e+02   1.2428947e+03   1.6808531e+04
   9.1900000e+02  -1.5035198e+04  -8.4222768e+03
   9.2000000e+02  -2.4147952e+04  -2.5210767e+04
   9.2100000e+02  -3.1818811e+03  -4.5497404e+03
   9.2200000e+02   1.3173847e+03   2.3161785e+04
   9.2300000e+02  -3.2201139e+04   2.0363071e+04
   9.2400000e+02  -3.4567077e+04  -2.1541786e+03
   9.2500000e+02   3.1859494e+03  -1.7143215e+04
   9.2600000e+02   1.0867593e+04  -1.4569882e+04
   9.2700000e+02  -1.2483163e+04  -5.8522107e+03
   9.2800000e+02  -1.7333496e+04  -4.8465735e+03
   9.2900000e+02  -6.9958727e+03  -6.7489845e+03
   9.3000000e+02  -1.1094514e+04  -5.9907348e+03
   9.3100000e+02  -2.3288011e+04   1.1026082e+03
   9.3200000e+02  -1.7984893e+04   1.2270254e+04
   9.3300000e+02   5.7006064e+03   1.0654538e+04
   9.3400000e+02   1.5065568e+04   3.8108776e+03
   9.3500000e+02  -8.1751619e+03   7.5359768e+03
   9.3600000e+02  -2.8698877e+04   6.1025775e+03
   9.3700000e+02  -1.8753964e+04   2.3947060e+01
   9.3800000e+02   1.9006762e+03   1.1437595e+04
   9.3900000e+02   1.2546113e+04   2.4839682e+04
   9.4000000e+02   3.9620271e+03   9.9867268e+03
   9.4100000e+02  -1.2956869e+04  -1.6530414e+04
   9.4200000e+02  -9.8582939e+03  -1.8069480e+04
   9.4300000e+02   2.0601153e+03   1.1227930e+03
   9.4400000e+02  -5.4817355e+03   8.1087951e+03
   9.4500000e+02  -1.7803691e+04  -3.9336317e+03
   9.4600000e+02  -1.0250111e+04  -3.2005810e+03
   9.4700000e+02   1.1655988e+04   2.0425405e+04
   9.4800000e+02   2.1298342e+04   2.5595586e+04
   9.4900000e+02  -3.9645342e+02   1.5799369e+03
   9.5000000e+02  -2.6806657e+04  -3.8773663e+03
   9.5100000e+02  -1.5020303e+04   2.3250793e+04
   9.5200000e+02   1.4285579e+04   3.9924972e+04
   9.5300000e+02   1.9296662e+04   2.6247748e+04
   9.5400000e+02   1.4974371e+04   1.1535145e+04
   9.5500000e+02   1.2176590e+04   9.2918340e+03
   9.5600000e+02  -3.9382228e+03   2.3050816e+03
   9.5700000e+02  -1.0667279e+04  -5.5835736e+03
   9.5800000e+02   1.0786411e+04  -1.0866949e+03
   9.5900000e+02   2.8526977e+04   3.5976923e+03
   9.6000000e+02   2.1598126e+04  -3.4782206e+03
   9.6100000e+02   9.6952896e+03  -6.9108464e+03
   9.6200000e+02   9.3602039e+03   5.8066162e+03
   9.6300000e+02   1.7786294e+04   1.1092163e+04
   9.6400000e+02   2.1933233e+04  -1.4911109e+03
   9.6500000e+02   3.8707281e+03  -9.8740397e+02
   9.6600000e+02  -2.1862498e+04   1.4301864e+04
   9.6700000e+02  -1.7312375e+04   1.2886326e+04
   9.6800000e+02   8.0233134e+03  -2.2418299e+03
   9.6900000e+02   2.0005505e+04  -2.4904343e+03
   9.7000000e+02   1.2640755e+04   1.6330350e+04
   9.7100000e+02  -7.5854953e+03   2.5277859e+04
   9.7200000e+02  -1.2215527e+04   6.3627595e+03
   9.7300000e+02   2.1775669e+04  -1.2440418e+04
   9.7400000e+02   4.5931659e+04  -8.1702270e+03
   9.7500000e+02   1.8819905e+04  -2.2336244e+03
   9.7600000e+02  -1.0480050e+04  -9.2305410e+03
   9.7700000e+02   2.8776042e+03  -1.8170383e+04
   9.7800000e+02   2.7208852e+04  -1.9944060e+04
   9.7900000e+02   1.9522136e+04  -7.1688013e+03
   9.8000000e+02  -1.1847421e+04   8.6297180e+03
   9.8100000e+02  -3.0940358e+04  -5.4003504e+02
   9.8200000e+02  -2.8195046e+04  -2.5327270e+04
   9.8300000e+02  -1.0838776e+04  -2.7889954e+04
   9.8400000e+02   1.6195890e+04  -2.7431128e+03
   9.8500000e+02   2.9557776e+04   1.5634017e+04
   9.8600000e+02   1.1725746e+04   3.2392900e+03
   9.8700000e+02  -1.8519741e+04  -1.9780303e+04
   9.8800000e+02  -2.4286318e+04  -2.4888661e+04
   9.8900000e+02   8.6755314e+03  -1.1648285e+04
   9.9000000e+02   3.5162076e+04   3.9295363e+02
   9.9100000e+02   1.1836517e+04  -8.1603708e+03
   9.9200000e+02  -2.2434684e+04  -2.5226397e+04
   9.9300000e+02  -1.5318866e+04  -2.4615812e+04
   9.9400000e+02   8.3834709e+03  -1.8968652e+04
   9.9500000e+02  -9.2619088e+02  -1.7084546e+04
   9.9600000e+02  -2.7393578e+04   1.7782439e+03
   9.9700000e+02  -2.9081627e+04   7.1630418e+03
   9.9800000e+02  -1.1724865e+04  -3.2158487e+04
   9.9900000e+02   3.5375516e+03  -4.9425870e+04
   1.0000000e+03   7.2484874e+03  -1.0513594e+04
   1.0010000e+03  -6.1880530e+03   1.4140028e+04
   1.0020000e+03  -2.0049978e+04   1.8975141e+03
   1.0030000e+03  -1.1432994e+04  -4.2758903e+03
   1.0040000e+03   1.1735509e+04  -3.1532487e+02
   1.0050000e+03   1.7251160e+04  -2.2252649e+03
   1.0060000e+03  -1.9871412e+03  -5.7105488e+03
   1.0070000e+03  -1.2487236e+04  -5.4433423e+03
   1.0080000e+03  -2.8722640e+03   5.7872844e+03
   1.0090000e+03   2.5129774e+03   2.6552718e+04
   1.0100000e+03  -2.7580018e+03   2.3477057e+04
   1.0110000e+03  -7.7847234e+03  -3.2790939e+03
   1.0120000e+03  -1.1522596e+04  -4.4737056e+03
   1.0130000e+03  -1.5248125e+04   7.8642804e+03
   1.0140000e+03  -1.0966775e+04  -1.5840166e+02
   1.0150000e+03   9.3474902e+02   3.2789918e+02
   1.0160000e+03   4.6948391e+03   1.0704170e+04
   1.0170000e+03  -6.7057558e+03   4.7868427e+03
   1.0180000e+03  -2.8496071e+04  -1.5350878e+03
   1.0190000e+03  -3.4718908e+04   3.5053824e+03
   1.0200000e+03   6.7157639e+03   1.5215114e+04
   1.0210000e+03   4.9717440e+04   2.3918061e+04
   1.0220000e+03   1.8595927e+04   1.9305900e+04
   1.0230000e+03  -4.4432981e+04   1.8042311e+04
   1.0240000e+03  -4.5989096e+04   2.0675356e+04
   1.0250000e+03   5.5764506e+03   1.0419793e+04
   1.0260000e+03   3.7837425e+04   1.0873753e+04
   1.0270000e+03   2.2535233e+04   3.2024032e+04
   1.0280000e+03  -8.9411090e+03   3.7561779e+04
   1.0290000e+03  -2.0140755e+04   1.7184763e+04
   1.0300000e+03  -1.3323585e+04  -7.8982816e+02
   1.0310000e+03  -4.1353551e+03  -3.1780889e+03
   1.0320000e+03   1.0537206e+04   6.2972970e+01
   1.0330000e+03   2.3292779e+04   8.9369625e+03
   1.0340000e+03   1.3316045e+04   1.8747585e+04
   1.0350000e+03  -3.7722288e+03   8.6865600e+03
   1.0360000e+03   2.1088151e+02  -5.1128433e+03
   1.0370000e+03   8.1801711e+03   8.0345300e+01
   1.0380000e+03  -2.3447669e+03  -2.0681134e+03
   1.0390000e+03  -1.2902772e+04  -1.1702335e+04
   1.0400000e+03   1.1116630e+01   1.2561239e+03
   1.0410000e+03   2.1379865e+04   1.3903194e+04
   1.0420000e+03   1.6079457e+04  -1.1673778e+03
   1.0430000e+03  -8.1250461e+03  -1.7205930e+04
   1.0440000e+03  -1.2739338e+04  -4.1085313e+03
   1.0450000e+03   1.7262351e+03   1.9231258e+04
   1.0460000e+03   1.1495761e+04   9.6511396e+03
   1.0470000e+03   1.0334553e+04  -1.8721945e+04
   1.0480000e+03   5.4096735e+03  -1.4775153e+04
   1.0490000e+03   1.6961737e+03   9.5830605e+03
   1.0500000e+03  -7.5584528e+03   1.1481652e+04
   1.0510000e+03  -1.2124463e+04  -1.0051475e+04
   1.0520000e+03   7.0028889e+03  -2.5210948e+04
   1.0530000e+03   2.9318271e+04  -6.6832188e+03
   1.0540000e+03   2.5865483e+04   2.1261027e+04
   1.0550000e+03   6.3128884e+02   8.5430281e+03
   1.0560000e+03  -1.5638410e+04  -2.6867635e+04
   1.0570000e+03   2.3996976e+03  -3.0142561e+04
   1.0580000e+03   3.0767739e+04   7.9069883e+02
   1.0590000e+03   3.0187358e+04   1.6450750e+04
   1.0600000e+03  -1.7775237e+03  -9.2265358e+03
   1.0610000e+03  -3.3518751e+04  -2.6478806e+04
   1.0620000e+03  -1.7716378e+04  -9.3119415e+02
   1.0630000e+03   3.0150607e+04   1.5263020e+04
   1.0640000e+03   3.0943227e+04  -9.5194761e+03
   1.0650000e+03  -1.2160095e+04  -3.7402350e+04
   1.0660000e+03  -2.1028426e+04  -3.1439179e+04
   1.0670000e+03   1.4896055e+04   3.4428324e+03
   1.0680000e+03   4.1064268e+04   1.9164288e+04
   1.0690000e+03   2.3805428e+04  -9.0530411e+03
   1.0700000e+03  -1.9442339e+04  -3.4931833e+04
   1.0710000e+03  -3.2268286e+04  -2.4231424e+04
   1.0720000e+03   1.4333354e+04  -5.1761340e+03
   1.0730000e+03   5.0672748e+04  -3.8278743e+03
   1.0740000e+03   6.9654733e+03  -1.1139695e+04
   1.0750000e+03  -4.5755093e+04  -1.6707808e+04
   1.0760000e+03  -2.3717372e+04  -2.0507514e+04
   1.0770000e+03   1.9128394e+04  -1.6905574e+04
   1.0780000e+03   1.4106365e+04  -4.3154527e+03
   1.0790000e+03  -1.5713284e+04   9.9961305e+02
   1.0800000e+03  -2.3166668e+04  -5.5050492e+03
   1.0810000e+03  -3.3578182e+03  -2.2060526e+03
   1.0820000e+03   1.7142051e+04   7.2220062e+03
   1.0830000e+03   1.5177899e+04  -2.1217072e+02
   1.0840000e+03  -1.5366564e+04   9.9610994e+02
   1.0850000e+03  -3.7871440e+04   2.4424146e+04
   1.0860000e+03  -1.5125423e+04   1.9959371e+04
   1.0870000e+03   8.6974018e+03  -6.1307833e+03
   1.0880000e+03  -7.1421443e+03   6.2438819e+03
   1.0890000e+03  -2.7651729e+04   3.2728312e+04
   1.0900000e+03  -2.3952593e+04   1.9070381e+04
   1.0910000e+03  -7.2510261e+03  -1.1500514e+04
   1.0920000e+03  -1.0043692e+03  -1.6959930e+04
   1.0930000e+03  -6.3869185e+03   1.1531609e+03
   1.0940000e+03  -3.1501407e+03   1.5765799e+04
   1.0950000e+03   2.6125192e+03   9.9675100e+03
   1.0960000e+03  -4.5834232e+03  -2.2979260e+03
   1.0970000e+03  -1.5121846e+04  -3.2813131e+03
   1.0980000e+03  -9.3191643e+03   3.3758149e+03
   1.0990000e+03   9.9199405e+03   6.7111631e+03
   1.1000000e+03   9.3906552e+03   4.2693287e+03
   1.1010000e+03  -1.6992737e+04   8.2699536e+03
   1.1020000e+03  -3.8152592e+04   1.8359055e+04
   1.1030000e+03  -3.4944779e+04   1.5128954e+04
   1.1040000e+03  -7.7106692e+03   6.5933757e+03
   1.1050000e+03   1.6751530e+04   7.7699575e+03
   1.1060000e+03   8.0471184e+03   5.9036823e+03
   1.1070000e+03  -1.7232761e+04   3.2280332e+03
   1.1080000e+03  -2.1819135e+04   1.5365051e+04
   1.1090000e+03  -3.8258882e+03   2.5787890e+04
   1.1100000e+03   1.2888063e+04   1.3219413e+04
   1.1110000e+03   1.9787974e+04  -8.2289667e+02
   1.1120000e+03   1.5002755e+04   4.3711782e+03
   1.1130000e+03  -2.3821304e+03   3.8855707e+03
   1.1140000e+03  -7.5866326e+03  -4.9248936e+03
   1.1150000e+03   1.1529490e+04   1.0373068e+04
   1.1160000e+03   2.2896045e+04   3.2931687e+04
   1.1170000e+03   3.5844922e+03   2.1883161e+04
   1.1180000e+03  -1.8306460e+04  -1.4128220e+04
   1.1190000e+03   2.4576514e+02  -3.3739304e+04
   1.1200000e+03   3.9464367e+04  -1.4495091e+04
   1.1210000e+03   3.0658016e+04   1.6964797e+04
   1.1220000e+03  -2.3584487e+04   2.2313939e+04
   1.1230000e+03  -3.8840938e+04   3.4176866e+03
   1.1240000e+03   1.2389258e+04  -1.8459354e+04
   1.1250000e+03   5.4060055e+04  -2.2177362e+04
   1.1260000e+03   2.7036000e+04   2.7499784e+03
   1.1270000e+03  -2.3988279e+04   2.4078108e+04
   1.1280000e+03  -2.1770217e+04   8.8490670e+03
   1.1290000e+03   2.4175829e+04  -1.7708637e+04
   1.1300000e+03   4.1319802e+04  -1.8157826e+04
   1.1310000e+03   1.9528396e+04   2.2433306e+03
   1.1320000e+03   2.0685392e+03   1.3602068e+04
   1.1330000e+03  -2.2157901e+03   4.3965782e+03
   1.1340000e+03  -2.8492544e+03  -9.4893358e+03
   1.1350000e+03   4.3669867e+03  -1.8924075e+04
   1.1360000e+03   1.8208506e+04  -2.3231626e+04
   1.1370000e+03   2.3946688e+04  -1.1463011e+04
   1.1380000e+03   8.7809524e+03   5.5051554e+03
   1.1390000e+03  -1.3920582e+04  -3.4104956e+03
   1.1400000e+03  -1.0968482e+04  -2.6233986e+04
   1.1410000e+03   1.5663229e+04  -1.7483609e+04
   1.1420000e+03   2.3416680e+04   1.5523505e+04
   1.1430000e+03   7.2556738e+03   1.5069601e+04
   1.1440000e+03   1.5225670e+01  -1.8807168e+04
   1.1450000e+03   5.7833332e+02  -2.1689146e+04
   1.1460000e+03  -4.6979339e+03   1.3064756e+04
   1.1470000e+03  -5.0619074e+03   2.2407967e+04
   1.1480000e+03   5.3610023e+03  -6.6228840e+03
   1.1490000e+03   1.1046442e+04  -2.3071249e+04
   1.1500000e+03   1.7370953e+02  -1.0918331e+04
   1.1510000e+03  -6.6794318e+03  -4.5976389e+02
   1.1520000e+03   2.6319196e+03  -6.6048249e+03
   1.1530000e+03   7.0821280e+02  -1.7773753e+04
   1.1540000e+03  -1.3588382e+04  -2.0596559e+04
   1.1550000e+03  -1.1777036e+04  -1.5228472e+04
   1.1560000e+03  -1.1820986e+03  -8.2940422e+03
   1.1570000e+03  -4.4792552e+03  -3.2270606e+02
   1.1580000e+03  -1.3423727e+04   7.8841314e+03
   1.1590000e+03  -1.2740405e+04   7.0855402e+03
   1.1600000e+03  -1.0561869e+04  -8.6728824e+03
   1.1610000e+03  -1.4114599e+04  -2.2024095e+04
   1.1620000e+03  -1.2306878e+04  -1.1066927e+04
   1.1630000e+03  -3.0872509e+03   1.4224254e+04
   1.1640000e+03  -1.1894329e+03   2.1149301e+04
   1.1650000e+03  -9.8465674e+03  -3.3438158e+03
   1.1660000e+03  -1.5722576e+04  -2.1315657e+04
   1.1670000e+03  -1.1732210e+04  -3.3821172e+03
   1.1680000e+03  -4.2060882e+02   7.8554779e+03
   1.1690000e+03   3.6012510e+03  -8.9997413e+03
   1.1700000e+03  -1.5383460e+04  -7.7579697e+03
   1.1710000e+03  -3.1175220e+04   2.0495444e+04
   1.1720000e+03  -1.1670213e+04   2.7530158e+04
   1.1730000e+03   1.7371785e+04  -3.0723472e+03
   1.1740000e+03   1.8788081e+04  -2.2229707e+04
   1.1750000e+03  -4.7733699e+03   3.8103880e+02
   1.1760000e+03  -2.4869601e+04   2.2588061e+04
   1.1770000e+03  -1.5430540e+04   1.4890563e+04
   1.1780000e+03   1.1403400e+04  -1.8067197e+03
   1.1790000e+03   1.3310609e+04  -6.1542894e+03
   1.1800000e+03  -1.3303898e+04   7.1357147e+03
   1.1810000e+03  -2.6076955e+04   2.0274638e+04
   1.1820000e+03  -1.0043295e+04   1.2284465e+04
   1.1830000e+03   1.1507769e+04  -5.7271198e+03
   1.1840000e+03   1.6843083e+04  -1.0522858e+04
   1.1850000e+03  -9.2511582e+02   4.3751556e+03
   1.1860000e+03  -1.9700567e+04   2.3612302e+04
   1.1870000e+03  -1.3625282e+04   2.2080503e+04
   1.1880000e+03   7.9034544e+03   1.6111318e+02
   1.1890000e+03   2.1434330e+04  -1.3431464e+04
   1.1900000e+03   1.3731538e+04  -6.3256286e+03
   1.1910000e+03  -1.0609375e+04   1.1764568e+04
   1.1920000e+03  -2.8294145e+04   2.8787184e+04
   1.1930000e+03  -1.3132087e+04   2.5002049e+04
   1.1940000e+03   2.5486707e+04   2.5417098e+03
   1.1950000e+03   2.9374046e+04  -5.8066736e+03
   1.1960000e+03  -1.1239438e+04   3.2301135e+03
   1.1970000e+03  -2.3533166e+04   9.5443815e+03
   1.1980000e+03   1.1113769e+04   1.4317133e+04
   1.1990000e+03   2.9399086e+04   1.8408397e+04
   1.2000000e+03   7.7817680e+03   9.7469958e+03
   1.2010000e+03  -1.6188174e+04  -8.4800228e+03
   1.2020000e+03  -1.1563727e+04  -1.6022549e+04
   1.2030000e+03   1.7486017e+04  -4.0552425e+03
   1.2040000e+03   3.2085542e+04   1.5622986e+04
   1.2050000e+03   7.1756845e+03   2.5476885e+04
   1.2060000e+03  -1.1054791e+04   1.7535332e+04
   1.2070000e+03   1.3640261e+04   1.0166060e+01
   1.2080000e+03   3.1346781e+04  -1.2364812e+04
   1.2090000e+03   9.7716392e+03  -5.7111371e+03
   1.2100000e+03  -5.7756807e+03   1.6894743e+04
   1.2110000e+03   1.2441776e+04   1.8658761e+04
   1.2120000e+03   2.9221444e+04  -1.0495920e+04
   1.2130000e+03   1.3645937e+04  -1.8265871e+04
   1.2140000e+03  -1.5587791e+04   8.0951246e+03
   1.2150000e+03  -1.7593068e+04   1.1880443e+04
   1.2160000e+03   1.4117821e+04  -1.5731172e+04
   1.2170000e+03   3.0978379e+04  -2.8231711e+04
   1.2180000e+03   8.4848373e+03  -2.0354831e+04
   1.2190000e+03  -1.2543679e+04  -1.2154552e+04
   1.2200000e+03  -6.6371282e+03  -1.6445267e+03
   1.2210000e+03   9.3674670e+03   4.5140434e+03
   1.2220000e+03   1.1771061e+04  -7.2850205e+03
   1.2230000e+03   1.5887394e+03  -2.1267237e+04
   1.2240000e+03   3.7607213e+03  -1.5878364e+04
   1.2250000e+03   6.7898256e+03   9.4714563e+02
   1.2260000e+03  -8.2765850e+03   5.1679257e+03
   1.2270000e+03  -1.5794826e+04  -1.4783473e+04
   1.2280000e+03  -5.8273176e+03  -3.3639138e+04
   1.2290000e+03   4.9513093e+03  -1.7419667e+04
   1.2300000e+03   7.1865993e+03   6.7243848e+03
   1.2310000e+03  -2.4186113e+03  -2.0425032e+03
   1.2320000e+03  -1.1289974e+04  -1.9883658e+04
   1.2330000e+03  -2.5381777e+03  -2.1578014e+04
   1.2340000e+03   1.2794344e+04  -1.6522246e+04
   1.2350000e+03   9.2869279e+03  -9.2467796e+03
   1.2360000e+03  -6.1502359e+03  -2.6464860e+03
   1.2370000e+03  -1.0866706e+04   4.8124942e+03
   1.2380000e+03  -4.0739431e+03   1.0855279e+04
   1.2390000e+03   9.5516905e+03  -3.5582460e+03
   1.2400000e+03   9.1032795e+03  -2.4224384e+04
   1.2410000e+03  -1.9227173e+04  -1.3709881e+04
   1.2420000e+03  -3.5602380e+04   4.9914479e+03
   1.2430000e+03  -1.8351208e+04  -1.1847011e+04
   1.2440000e+03  -1.3191672e+03  -3.0004805e+04
   1.2450000e+03  -8.4966888e+03  -4.5844125e+03
   1.2460000e+03  -2.5854823e+04   2.4957599e+04
   1.2470000e+03  -2.4158081e+04   1.1059677e+04
   1.2480000e+03  -2.1589587e+03  -1.9275302e+04
   1.2490000e+03   7.8993065e+03  -1.6764252e+04
   1.2500000e+03  -5.6547726e+03   9.5391285e+03
   1.2510000e+03  -1.2006324e+04   1.4798320e+04
   1.2520000e+03   6.0071192e+03  -1.4554319e+03
   1.2530000e+03   2.0864131e+04  -4.0033189e+03
   1.2540000e+03   1.3833026e+04   1.3226970e+04
   1.2550000e+03  -7.9163783e+03   2.0010081e+04
   1.2560000e+03  -2.8042130e+04   8.6076804e+03
   1.2570000e+03  -1.9498294e+04   8.9383792e+03
   1.2580000e+03   8.9823557e+03   1.5976514e+04
   1.2590000e+03   1.5043717e+04   6.1990492e+03
   1.2600000e+03  -5.3883677e+03  -4.4274024e+02
   1.2610000e+03  -2.5801059e+04   1.0476046e+04
   1.2620000e+03  -2.8527059e+04   2.5601863e+04
   1.2630000e+03  -1.0954139e+04   2.8039251e+04
   1.2640000e+03   9.9749596e+03   1.1342872e+04
   1.2650000e+03   1.5487193e+04  -3.2643106e+03
   1.2660000e+03   1.0693246e+04  -3.5899846e+03
   1.2670000e+03   1.0303679e+04   3.9479170e+03
   1.2680000e+03   9.3842859e+03   1.7312640e+04
   1.2690000e+03  -9.6725836e+02   2.4165570e+04
   1.2700000e+03  -5.8068759e+03   2.4213831e+04
   1.2710000e+03   3.9434783e+03   2.3566170e+04
   1.2720000e+03   6.9979994e+03   4.4843265e+03
   1.2730000e+03  -5.8825444e+03  -1.7591433e+04
   1.2740000e+03  -1.5734125e+04  -3.7834585e+03
   1.2750000e+03  -1.2823374e+04   1.9980558e+04
   1.2760000e+03  -8.7535962e+02   1.8617051e+04
   1.2770000e+03   1.1772826e+04   1.5236169e+04
   1.2780000e+03   9.0544479e+03   1.3962079e+04
   1.2790000e+03  -8.9244870e+03   3.2844631e+03
   1.2800000e+03  -1.5803015e+04   7.3880080e+03
   1.2810000e+03   4.3870350e+03   1.6587230e+04
   1.2820000e+03   2.7122976e+04   8.3509703e+02
   1.2830000e+03   2.1239237e+04  -1.4214192e+04
   1.2840000e+03  -2.9838625e+03  -2.6650071e+02
   1.2850000e+03  -1.2816330e+04   2.1375025e+04
   1.2860000e+03   8.1912150e+03   1.4368360e+04
   1.2870000e+03   3.5083122e+04  -2.0418567e+04
   1.2880000e+03   2.7704564e+04  -4.4086065e+04
   1.2890000e+03   6.4514972e+03  -2.7154861e+04
   1.2900000e+03   3.9871771e+03   1.6806109e+04
   1.2910000e+03  -4.4149352e+02   2.8510459e+04
   1.2920000e+03  -1.8941676e+03  -1.5437608e+04
   1.2930000e+03   1.9300823e+04  -4.7447898e+04
   1.2940000e+03   2.5775080e+04  -2.2254608e+04
   1.2950000e+03   3.5252856e+02   1.4660344e+04
   1.2960000e+03  -1.3805992e+04   1.4577793e+04
   1.2970000e+03   1.7138553e+03  -6.7038471e+03
   1.2980000e+03   1.5364134e+04  -1.3144713e+04
   1.2990000e+03   5.7155688e+03  -1.0866312e+04
   1.3000000e+03  -1.0755776e+04  -1.5401471e+04
   1.3010000e+03  -1.2243593e+04  -1.7226097e+04
   1.3020000e+03   2.1737940e+03  -7.9613753e+03
   1.3030000e+03   1.5732006e+04   5.1349172e+03
   1.3040000e+03   9.0614619e+03  -2.3288324e+02
   1.3050000e+03  -1.1574230e+04  -2.3058692e+04
   1.3060000e+03  -1.4658232e+04  -2.6145478e+04
   1.3070000e+03   6.3752941e+03  -7.0010681e+03
   1.3080000e+03   2.1648827e+04  -3.5425236e+03
   1.3090000e+03   1.6555353e+04  -2.0214353e+04
   1.3100000e+03   5.8081079e+03  -2.1860969e+04
   1.3110000e+03  -2.4077484e+03  -5.9858700e+03
   1.3120000e+03  -1.1578850e+04  -8.3467360e+03
   1.3130000e+03  -1.1570449e+04  -1.5827981e+04
   1.3140000e+03   8.2287209e+03   4.2284804e+03
   1.3150000e+03   2.0510863e+04   1.2159176e+04
   1.3160000e+03  -8.6348629e+02  -1.7762523e+04
   1.3170000e+03  -2.0566066e+04  -2.9757175e+04
   1.3180000e+03  -6.7927591e+03  -5.4704748e+02
   1.3190000e+03   6.8176589e+03   2.5904399e+04
   1.3200000e+03  -4.7754243e+03   1.7092290e+04
   1.3210000e+03  -1.7333557e+04  -1.9450274e+04
   1.3220000e+03  -1.3504741e+04  -3.2397046e+04
   1.3230000e+03  -3.3306426e+03   5.6503681e+03
   1.3240000e+03  -2.8291695e+03   2.9342282e+04
   1.3250000e+03  -1.5988653e+04   3.3925760e+03
   1.3260000e+03  -2.3847639e+04  -1.4910272e+04
   1.3270000e+03  -1.0297967e+04  -5.8330463e+03
   1.3280000e+03   4.9905160e+03   3.1736682e+03
   1.3290000e+03  -2.6467376e+03   1.0989321e+04
   1.3300000e+03  -1.5482671e+04   1.6454366e+04
   1.3310000e+03  -8.2101471e+03   6.8622846e+03
   1.3320000e+03   7.3951949e+02  -6.4417284e+03
   1.3330000e+03  -7.7525941e+03   3.3636185e+03
   1.3340000e+03  -1.2967157e+04   2.8960968e+04
   1.3350000e+03  -3.5546328e+03   3.0509450e+04
   1.3360000e+03  -2.9274378e+03   4.0985135e+03
   1.3370000e+03  -1.6010857e+04  -9.5105546e+03
   1.3380000e+03  -1.4537594e+04   8.0032184e+03
   1.3390000e+03   1.0942266e+03   2.6559574e+04
   1.3400000e+03   4.1613350e+03   1.4702429e+04
   1.3410000e+03   2.8801923e+02  -6.4475884e+03
   1.3420000e+03   2.1439480e+03   6.4926962e+03
   1.3430000e+03   1.6917170e+02   3.2754100e+04
   1.3440000e+03  -9.2986155e+03   1.1109184e+04
   1.3450000e+03  -1.3060842e+04  -3.9400431e+04
   1.3460000e+03   5.1011526e+03  -3.4074759e+04
   1.3470000e+03   2.2433179e+04   2.8621184e+04
   1.3480000e+03   2.1199386e+03   5.8550035e+04
   1.3490000e+03  -2.3811220e+04   1.9893591e+04
   1.3500000e+03  -1.7244897e+04  -2.7502454e+04
   1.3510000e+03  -3.5101504e+03  -2.4474191e+04
   1.3520000e+03   3.8347903e+03   1.9623098e+04
   1.3530000e+03   1.3550812e+04   4.9094140e+04
   1.3540000e+03   9.7349076e+03   3.4022248e+04
   1.3550000e+03  -9.5630653e+03  -7.5014061e+02
   1.3560000e+03  -1.4334947e+04  -2.1590023e+04
   1.3570000e+03   1.3499275e+03  -1.5831303e+04
   1.3580000e+03   1.1519319e+04   8.6235315e+03
   1.3590000e+03   1.2301264e+04   2.0438849e+04
   1.3600000e+03   1.7463714e+04   6.1012612e+02
   1.3610000e+03   1.6460974e+04  -2.0313213e+04
   1.3620000e+03   5.0752146e+03  -9.6565366e+03
   1.3630000e+03   6.6109612e+03   1.1117190e+04
   1.3640000e+03   1.8931212e+04   1.2908235e+04
   1.3650000e+03   1.8643423e+04   3.1501342e+03
   1.3660000e+03   9.2815861e+03  -1.2078049e+04
   1.3670000e+03   3.4353278e+03  -2.2495802e+04
   1.3680000e+03   6.2167919e+03  -6.2437994e+03
   1.3690000e+03   1.6770284e+04   1.4801100e+04
   1.3700000e+03   1.3547131e+04   8.7802953e+03
   1.3710000e+03  -1.2224191e+04  -1.0338361e+04
   1.3720000e+03  -2.7041754e+04  -2.3822157e+04
   1.3730000e+03  -6.1037486e+03  -2.3238806e+04
   1.3740000e+03   2.2911865e+04  -6.0054536e+03
   1.3750000e+03   1.9887721e+04   8.3413436e+03
   1.3760000e+03  -2.9101891e+03   5.1488596e+03
   1.3770000e+03  -2.7892862e+03  -9.6595568e+03
   1.3780000e+03   1.7753121e+04  -2.0822860e+04
   1.3790000e+03   2.0099765e+04  -8.2523347e+03
   1.3800000e+03   3.9387419e+03   1.6281254e+04
   1.3810000e+03   2.9482493e+03   1.4618039e+04
   1.3820000e+03   1.2025768e+04  -1.0570214e+04
   1.3830000e+03   6.1366277e+03  -2.6218706e+04
   1.3840000e+03   2.1000378e+03  -1.9592017e+04
   1.3850000e+03   1.1601775e+04  -1.5394265e+03
   1.3860000e+03   7.6537872e+03   5.7983306e+03
   1.3870000e+03  -1.1191513e+04  -4.6886959e+03
   1.3880000e+03  -1.2658383e+04  -1.7433608e+04
   1.3890000e+03   6.1378279e+03  -1.4862176e+04
   1.3900000e+03   1.7111168e+04   3.4339851e+02
   1.3910000e+03   6.8243596e+03  -1.1776502e+03
   1.3920000e+03  -1.5874018e+04  -1.3699418e+04
   1.3930000e+03  -2.6694612e+04   7.6197120e+01
   1.3940000e+03  -9.2997890e+03   1.6821556e+04
   1.3950000e+03   1.1453001e+04   3.0146690e+03
   1.3960000e+03   1.0769650e+04  -1.4915927e+04
   1.3970000e+03  -2.2207910e+03  -1.2469137e+04
   1.3980000e+03  -2.1714686e+04   4.5727350e+02
   1.3990000e+03  -3.7041845e+04   4.0170044e+03
   1.4000000e+03  -2.1523171e+04  -5.0438504e+03
   1.4010000e+03   1.1039414e+04  -1.0880557e+04
   1.4020000e+03   1.2101402e+04  -7.2825642e+03
   1.4030000e+03  -1.7430408e+04  -5.7285451e+03
   1.4040000e+03  -2.8601622e+04  -1.2895089e+04
   1.4050000e+03  -7.7232346e+03  -1.0062418e+04
   1.4060000e+03   1.1060188e+04   6.3950417e+03
   1.4070000e+03   3.2710369e+02   7.2771650e+03
   1.4080000e+03  -2.7376747e+04  -1.2010459e+03
   1.4090000e+03  -3.1449924e+04   1.4667986e+03
   1.4100000e+03   1.3045514e+03   2.6023467e+03
   1.4110000e+03   2.6471241e+04   4.4263748e+03
   1.4120000e+03   7.3921230e+03   1.3534580e+04
   1.4130000e+03  -2.2583009e+04   9.5010771e+03
   1.4140000e+03  -2.5213482e+04  -6.6475513e+03
   1.4150000e+03  -1.7839538e+04  -6.9682619e+03
   1.4160000e+03  -1.3506875e+04   7.6715460e+03
   1.4170000e+03  -5.6010460e+03   1.3849894e+04
   1.4180000e+03  -2.6320306e+03   7.8581048e+03
   1.4190000e+03   1.5049828e+03  -1.8494765e+02
   1.4200000e+03   1.5195889e+04   1.4933265e+03
   1.4210000e+03   1.4771521e+04   9.1057186e+03
   1.4220000e+03  -3.6418683e+03   5.4262693e+03
   1.4230000e+03  -8.6413937e+03   1.1888052e+03
   1.4240000e+03   4.7843297e+03   3.8317275e+03
   1.4250000e+03   1.5297914e+04   2.7467503e+03
   1.4260000e+03   1.5312136e+04   1.0494115e+04
   1.4270000e+03   1.8196046e+03   2.1716991e+04
   1.4280000e+03  -1.4996151e+04   1.2065894e+04
   1.4290000e+03  -9.3753791e+03  -8.3626541e+03
   1.4300000e+03   5.9301114e+03  -1.5905130e+04
   1.4310000e+03   3.3156036e+03   1.9653739e+03
   1.4320000e+03  -4.8079156e+03   3.0675062e+04
   1.4330000e+03  -4.8234911e+03   3.1688947e+04
   1.4340000e+03  -2.7088237e+03  -4.1820867e+02
   1.4350000e+03   3.7490953e+03  -2.2846776e+04
   1.4360000e+03   1.8252022e+04  -5.4421007e+03
   1.4370000e+03   2.6230127e+04   2.7635232e+04
   1.4380000e+03   1.4882509e+04   3.6095648e+04
   1.4390000e+03   1.4215474e+03   1.2392899e+04
   1.4400000e+03   5.9053448e+03  -1.1132756e+04
   1.4410000e+03   1.8048741e+04   1.7839918e+03
   1.4420000e+03   1.7247463e+04   2.8883391e+04
   1.4430000e+03   5.2716096e+03   2.4353821e+04
   1.4440000e+03  -1.0310858e+03   3.5311041e+02
   1.4450000e+03  -3.9647278e+03  -1.1754486e+04
   1.4460000e+03  -9.3535012e+03  -4.9414532e+03
   1.4470000e+03  -2.3718605e+03   2.0044177e+04
   1.4480000e+03   1.3794726e+04   3.0517127e+04
   1.4490000e+03   1.3387311e+04  -8.6507816e+03
   1.4500000e+03  -5.1698987e+03  -4.9688751e+04
   1.4510000e+03  -1.5814804e+04  -3.0932510e+04
   1.4520000e+03  -1.9517823e+03   1.6696605e+04
   1.4530000e+03   2.0146386e+04   2.9474169e+04
   1.4540000e+03   2.3439426e+04  -6.2591082e+03
   1.4550000e+03   7.3817506e+03  -3.9377637e+04
   1.4560000e+03  -6.0819240e+03  -1.9851808e+04
   1.4570000e+03  -3.6090009e+03   1.2458478e+04
   1.4580000e+03   7.6136935e+03   8.7052277e+03
   1.4590000e+03   1.1256306e+04  -7.4983328e+03
   1.4600000e+03   2.7377464e+03  -1.3963233e+04
   1.4610000e+03  -6.4106119e+03  -1.3057697e+04
   1.4620000e+03  -1.5529046e+04  -5.5198692e+03
   1.4630000e+03  -2.6580717e+04   3.0888987e+03
   1.4640000e+03  -2.0840316e+04   1.6045686e+03
   1.4650000e+03  -7.8399924e+02  -1.3741901e+04
   1.4660000e+03   9.9794810e+03  -2.6816966e+04
   1.4670000e+03   1.2022927e+04  -2.7497810e+04
   1.4680000e+03   6.9859142e+03  -2.0491085e+04
   1.4690000e+03  -2.8498406e+03  -9.4959371e+03
   1.4700000e+03   2.0659195e+03  -6.0192498e+03
   1.4710000e+03   1.3618877e+04  -1.2222184e+04
   1.4720000e+03   6.4264735e+03  -1.5454616e+04
   1.4730000e+03  -3.4783516e+03  -1.1315205e+04
   1.4740000e+03   1.1536658e+04  -7.9658335e+03
   1.4750000e+03   2.5605481e+04  -1.0472762e+04
   1.4760000e+03  -1.0479398e+03  -1.0096639e+03
   1.4770000e+03  -3.9392895e+04   1.4817750e+04
   1.4780000e+03  -3.5711973e+04   2.3019932e+03
   1.4790000e+03  -1.1793522e+03  -1.7678015e+04
   1.4800000e+03   1.5837031e+04  -1.1173191e+04
   1.4810000e+03  -1.0462574e+03  -1.3985139e+03
   1.4820000e+03  -2.3899951e+04  -3.1422423e+03
   1.4830000e+03  -2.0353426e+04  -2.4507621e+03
   1.4840000e+03   2.1602497e+02  -5.8693229e+02
   1.4850000e+03   7.8225473e+03  -1.3379568e+03
   1.4860000e+03   3.1029117e+03  -2.2064839e+03
   1.4870000e+03   3.2979772e+03  -6.3306482e+03
   1.4880000e+03   5.2925480e+03  -6.7921514e+03
   1.4890000e+03   7.8518366e+03   2.2386272e+03
   1.4900000e+03   2.2096969e+04   4.9228516e+03
   1.4910000e+03   2.3123085e+04  -6.1525183e+03
   1.4920000e+03  -1.0739303e+04  -8.1717596e+03
   1.4930000e+03  -3.2387930e+04   1.3925289e+04
   1.4940000e+03  -1.6457502e+04   2.1054847e+04
   1.4950000e+03  -2.5844628e+03  -5.9563008e+03
   1.4960000e+03  -9.3066753e+03  -6.4801142e+03
   1.4970000e+03  -2.3785225e+04   2.4915178e+04
   1.4980000e+03  -2.6289170e+04   2.9816044e+04
   1.4990000e+03  -1.1063450e+04   1.7100102e+04
   1.5000000e+03  -2.4909417e+03   1.2294692e+04
   1.5010000e+03   9.4971398e+02   1.3757059e+04
   1.5020000e+03   1.3517941e+04   1.9862842e+04
   1.5030000e+03   1.0697646e+04   1.6756684e+04
   1.5040000e+03  -4.6110360e+03   9.1013000e+03
   1.5050000e+03   6.0223156e+03   6.9898449e+03
   1.5060000e+03   3.1666983e+04   4.1089124e+03
   1.5070000e+03   2.9553313e+04   9.0904389e+03
   1.5080000e+03   3.1076910e+02   1.4248500e+04
   1.5090000e+03  -1.7819429e+04  -8.6567049e+02
   1.5100000e+03  -1.3232141e+04  -1.4787646e+04
   1.5110000e+03  -9.5186482e+03  -3.6294657e+02
   1.5120000e+03  -9.1873167e+03   2.3989308e+04
   1.5130000e+03  -2.2935942e+02   2.8251155e+04
   1.5140000e+03  -1.0348924e+03   1.4181375e+04
   1.5150000e+03  -1.6727405e+04   1.4393935e+03
   1.5160000e+03  -1.4600657e+04   3.8459175e+02
   1.5170000e+03   5.5732140e+03   3.7913686e+03
   1.5180000e+03   7.7255072e+03   6.4574038e+03
   1.5190000e+03  -8.5398806e+03   1.3425230e+04
   1.5200000e+03  -7.6435196e+03   1.2517647e+04
   1.5210000e+03   1.1914300e+04   1.1308827e+03
   1.5220000e+03   1.5664735e+04   2.9283496e+03
   1.5230000e+03   4.6070889e+03   1.4588492e+04
   1.5240000e+03  -2.5892114e+03   1.2855395e+04
   1.5250000e+03  -1.0378853e+04  -7.8409355e+03
   1.5260000e+03  -7.9921038e+03  -2.5940046e+04
   1.5270000e+03   8.1166283e+03  -1.0725440e+04
   1.5280000e+03   1.1721532e+04   1.5990431e+04
   1.5290000e+03   1.9489453e+03   6.8601805e+03
   1.5300000e+03  -4.7604997e+03  -2.0411067e+04
   1.5310000e+03  -5.4807034e+03  -2.3663605e+04
   1.5320000e+03   4.4167464e+03  -1.1098475e+04
   1.5330000e+03   2.3821071e+04  -4.4069506e+03
   1.5340000e+03   2.7642783e+04  -5.8769828e+03
   1.5350000e+03   2.7174250e+03  -1.5030369e+04
   1.5360000e+03  -9.9332550e+03  -1.6988801e+04
   1.5370000e+03   1.5828406e+04  -9.8946802e+02
   1.5380000e+03   3.0762827e+04   1.0187725e+04
   1.5390000e+03   1.1558896e+04   3.0744040e+03
   1.5400000e+03   2.9141591e+03  -1.3593583e+04
   1.5410000e+03   6.5789282e+03  -3.0877109e+04
   1.5420000e+03  -7.4596249e+03  -2.9737707e+04
   1.5430000e+03  -1.0737562e+04  -5.7760298e+03
   1.5440000e+03   9.8366754e+03   4.1487628e+03
   1.5450000e+03   1.3111399e+04  -1.8920386e+04
   1.5460000e+03   4.1780040e+01  -3.0571064e+04
   1.5470000e+03  -5.1294150e+02  -9.9957692e+03
   1.5480000e+03   1.3060496e+04  -4.2304855e+03
   1.5490000e+03   2.1713928e+04  -1.8024031e+04
   1.5500000e+03  -1.6407021e+03  -9.8531146e+03
   1.5510000e+03  -2.6848316e+04   9.2636987e+03
   1.5520000e+03  -3.2561384e+03   5.7488096e+03
   1.5530000e+03   2.4422334e+04  -1.4941773e+04
   1.5540000e+03   1.0034071e+04  -1.9221885e+04
   1.5550000e+03  -2.9178957e+03   6.4878258e+03
   1.5560000e+03   4.4473074e+03   2.1806886e+04
   1.5570000e+03  -4.1186981e+03  -1.5805863e+03
   1.5580000e+03  -2.4893429e+04  -2.3796898e+04
   1.5590000e+03  -2.2717724e+04  -9.8320149e+03
   1.5600000e+03   9.1806559e+02   1.9080930e+04
   1.5610000e+03   1.2893079e+04   2.5597354e+04
   1.5620000e+03   9.1240240e+01  -5.9373020e+02
   1.5630000e+03  -6.3815325e+03  -1.9459224e+04
   1.5640000e+03   3.5210276e+03   8.5738572e+03
   1.5650000e+03  -1.0616500e+04   4.2185662e+04
   1.5660000e+03  -3.3864717e+04   2.3845096e+04
   1.5670000e+03  -1.0477362e+04  -2.4401126e+04
   1.5680000e+03   2.7811885e+04  -4.3233997e+04
   1.5690000e+03   1.9385052e+04  -1.2494787e+04
   1.5700000e+03  -1.8006166e+04   2.4107642e+04
   1.5710000e+03  -3.1973526e+04   2.1157956e+04
   1.5720000e+03  -8.2169099e+03   2.0831773e+03
   1.5730000e+03   1.8685546e+04  -6.9287049e+03
   1.5740000e+03   2.9361176e+03  -1.8242675e+04
   1.5750000e+03  -3.9119962e+04  -1.4238310e+04
   1.5760000e+03  -3.6023460e+04   2.0772203e+04
   1.5770000e+03   1.2593554e+04   3.8933636e+04
   1.5780000e+03   2.7864628e+04   1.5268213e+04
   1.5790000e+03  -2.6485717e+03  -2.2411184e+03
   1.5800000e+03  -2.2039194e+04   1.1362236e+04
   1.5810000e+03  -1.9763174e+04   2.4518520e+04
   1.5820000e+03  -1.8757570e+04   1.7829360e+04
   1.5830000e+03  -1.5674291e+04  -2.6185953e+02
   1.5840000e+03  -4.9558905e+03  -1.6139551e+04
   1.5850000e+03   7.7719417e+03  -9.0404981e+03
   1.5860000e+03   1.1626673e+04   2.0631397e+04
   1.5870000e+03  -8.4780957e+03   2.6251413e+04
   1.5880000e+03  -2.6658956e+04  -9.4637746e+03
   1.5890000e+03  -7.9043629e+03  -3.3019666e+04
   1.5900000e+03   1.2934828e+04  -1.2204021e+04
   1.5910000e+03   4.9243176e+03   2.4965749e+04
   1.5920000e+03   1.7171920e+02   3.8629870e+04
   1.5930000e+03   9.2592611e+03   1.7207223e+04
   1.5940000e+03   9.1022991e+02  -5.4511670e+03
   1.5950000e+03  -1.7368853e+04  -5.3293600e+03
   1.5960000e+03  -4.5998002e+03   4.2980453e+03
   1.5970000e+03   2.2228763e+04   1.5096636e+04
   1.5980000e+03   1.5139621e+04   1.5626880e+04
   1.5990000e+03  -1.5432281e+04   3.0249063e+03
   1.6000000e+03  -2.3978547e+04  -4.5386920e+03
   1.6010000e+03   1.0290259e+04  -3.5879599e+03
   1.6020000e+03   4.5047260e+04   9.2453682e+03
   1.6030000e+03   2.1693650e+04   2.2257747e+04
   1.6040000e+03  -2.0792885e+04   7.5597809e+02
   1.6050000e+03  -7.8158672e+03  -3.2449731e+04
   1.6060000e+03   3.1222762e+04  -2.4764214e+04
   1.6070000e+03   2.6853412e+04   9.8783935e+03
   1.6080000e+03  -4.3826227e+03   2.1513545e+04
   1.6090000e+03  -6.9495825e+03   1.5389673e+03
   1.6100000e+03   1.1577887e+04  -1.9655175e+04
   1.6110000e+03   1.5302358e+04  -2.3750398e+04
   1.6120000e+03   7.3580870e+03  -8.8310556e+03
   1.6130000e+03   4.8645348e+03   1.5602465e+04
   1.6140000e+03   4.5343601e+03   1.5727877e+04
   1.6150000e+03   3.1640042e+03  -1.1937364e+04
   1.6160000e+03   1.2211213e+04  -2.2284380e+04
   1.6170000e+03   2.3305402e+04  -3.7957038e+03
   1.6180000e+03   1.4838493e+04   9.5949131e+03
   1.6190000e+03  -1.8988455e+03   2.3715442e+03
   1.6200000e+03   1.1989898e+02  -7.6017678e+03
   1.6210000e+03   2.0401424e+04  -7.1861773e+03
   1.6220000e+03   2.3860761e+04  -6.3890249e+03
   1.6230000e+03  -3.3525349e+03  -7.9247144e+03
   1.6240000e+03  -2.1450327e+04   9.1564114e+02
   1.6250000e+03  -6.9246586e+03   1.2905874e+04
   1.6260000e+03   2.1593478e+04   5.3461498e+02
   1.6270000e+03   3.1883625e+04  -2.6839013e+04
   1.6280000e+03   2.0647241e+03  -1.8225339e+04
   1.6290000e+03  -3.2377812e+04   1.9654354e+04
   1.6300000e+03  -2.1984326e+04   1.7698229e+04
   1.6310000e+03   1.4941324e+04  -2.5753157e+04
   1.6320000e+03   2.8728531e+04  -4.2953626e+04
   1.6330000e+03   5.7834357e+03  -1.7670350e+04
   1.6340000e+03  -2.3106638e+04   2.4908078e+03
   1.6350000e+03  -2.1045316e+04  -7.5349088e+02
   1.6360000e+03   4.2077626e+03  -2.6186272e+03
   1.6370000e+03   6.8114253e+03  -3.2350243e+03
   1.6380000e+03  -1.7995390e+04  -1.1310967e+04
   1.6390000e+03  -2.3536206e+04  -1.2753213e+04
   1.6400000e+03  -5.6814195e+03  -1.0904915e+04
   1.6410000e+03  -7.6639979e+03  -9.5918156e+03
   1.6420000e+03  -3.2577277e+04   6.7415467e+03
   1.6430000e+03  -3.0167666e+04   2.2675891e+04
   1.6440000e+03   1.2640275e+04   7.7341035e+03
   1.6450000e+03   2.7545468e+04  -2.1388911e+04
   1.6460000e+03  -1.2261559e+04  -2.8941814e+04
   1.6470000e+03  -3.9627904e+04  -1.4519530e+04
   1.6480000e+03  -2.1165758e+04   5.9984910e+03
   1.6490000e+03   5.4203231e+03   1.6774885e+04
   1.6500000e+03   7.5999259e+03   6.4268340e+03
   1.6510000e+03  -2.9768337e+03  -6.3039226e+03
   1.6520000e+03  -2.8951470e+03  -6.5580165e+03
   1.6530000e+03  -1.2809147e+03  -4.6385010e+03
   1.6540000e+03  -1.0978407e+04   1.3828695e+03
   1.6550000e+03  -1.5640649e+04   1.4352000e+04
   1.6560000e+03   8.9984719e+02   2.4470121e+04
   1.6570000e+03   1.4436745e+04   2.0773628e+04
   1.6580000e+03  -5.0379985e+03   2.4724941e+03
   1.6590000e+03  -2.4386939e+04  -5.3494053e+03
   1.6600000e+03  -6.6953202e+03   8.9337868e+03
   1.6610000e+03   1.8646615e+04   1.7175678e+04
   1.6620000e+03   1.3249805e+04   5.6195176e+03
   1.6630000e+03  -1.6939816e+04  -4.2783702e+03
   1.6640000e+03  -2.8954984e+04  -2.2577359e+03
   1.6650000e+03  -3.1942675e+03   1.1882662e+03
   1.6660000e+03   2.4490860e+04   6.6741506e+03
   1.6670000e+03   2.1610009e+04   8.6357963e+03
   1.6680000e+03  -3.9500528e+03  -2.3943693e+03
   1.6690000e+03  -1.8768761e+04  -2.3981690e+03
   1.6700000e+03  -7.5329988e+03   1.5916217e+04
   1.6710000e+03   7.7258438e+03   2.3594206e+04
   1.6720000e+03   1.2490210e+04   1.8089032e+04
   1.6730000e+03   7.7883113e+03   1.2512401e+04
   1.6740000e+03  -1.1142008e+03   7.2636551e+03
   1.6750000e+03  -2.1529386e+03   9.6049979e+03
   1.6760000e+03   2.0476307e+03   2.1790464e+04
   1.6770000e+03   4.1645154e+03   2.2682535e+04
   1.6780000e+03   4.6438377e+03   6.5407551e+03
   1.6790000e+03   2.9029122e+03  -2.3005398e+03
   1.6800000e+03   4.7147684e+03  -1.2280832e+03
   1.6810000e+03   8.5575988e+03  -6.0480441e+03
   1.6820000e+03   5.2722773e+03  -6.9070296e+03
   1.6830000e+03   1.6244111e+03   1.0166035e+04
   1.6840000e+03   3.8562827e+03   2.3295647e+04
   1.6850000e+03   5.7382943e+03   2.4084475e+03
   1.6860000e+03   8.6958442e+03  -2.1148423e+04
   1.6870000e+03   1.6745351e+04  -1.7400884e+03
   1.6880000e+03   1.8030302e+04   2.2317585e+04
   1.6890000e+03   8.3102692e+03   9.3722831e+03
   1.6900000e+03   5.4055074e+03  -8.9988823e+03
   1.6910000e+03   8.8887118e+03  -5.5343107e+03
   1.6920000e+03   5.5491793e+03   1.4677703e+04
   1.6930000e+03   4.3123215e+03   2.7346711e+04
   1.6940000e+03   5.2756154e+03  -3.8507182e+03
   1.6950000e+03  -1.9720506e+02  -4.6394513e+04
   1.6960000e+03  -2.3228200e+03  -2.5298644e+04
   1.6970000e+03   4.9558636e+02   2.2183898e+04
   1.6980000e+03   4.8797594e+03   1.0050171e+04
   1.6990000e+03   7.2400474e+03  -3.0346626e+04
   1.7000000e+03  -5.4394317e+03  -3.3114044e+04
   1.7010000e+03  -1.8798203e+04  -1.1894016e+04
   1.7020000e+03  -1.3516667e+04  -3.1610872e+03
   1.7030000e+03  -1.2985373e+03  -1.3003108e+04
   1.7040000e+03   1.0924530e+04  -2.2429556e+04
   1.7050000e+03   1.4442879e+04  -1.2577718e+04
   1.7060000e+03  -4.3956352e+03   5.3214338e+03
   1.7070000e+03  -2.2791804e+04   4.5427228e+03
   1.7080000e+03  -9.2963335e+03  -1.1794528e+04
   1.7090000e+03   2.0960105e+04  -1.6071819e+04
   1.7100000e+03   2.7170319e+04  -5.9871050e+03
   1.7110000e+03   2.7162788e+03  -3.4147478e+03
   1.7120000e+03  -2.0039435e+04  -1.5961335e+04
   1.7130000e+03  -1.4930174e+04  -2.2341876e+04
   1.7140000e+03   8.7541419e+03  -3.6839974e+03
   1.7150000e+03   1.9761998e+04   8.5711801e+03
   1.7160000e+03   5.2693174e+03  -1.3825357e+04
   1.7170000e+03  -2.0065662e+04  -3.1045985e+04
   1.7180000e+03  -2.6252184e+04  -1.0450775e+04
   1.7190000e+03   2.1529894e+03   1.2480833e+04
   1.7200000e+03   2.0976659e+04  -4.5151901e+02
   1.7210000e+03  -1.7806093e+03  -2.1524715e+04
   1.7220000e+03  -1.8375281e+04  -1.0877487e+04
   1.7230000e+03  -5.0350572e+03   8.2383424e+03
   1.7240000e+03   4.4475629e+03   5.7361735e+03
   1.7250000e+03  -6.1064952e+02  -8.0717323e+03
   1.7260000e+03  -1.0054863e+04  -1.5878498e+04
   1.7270000e+03  -1.6401650e+04  -6.0768514e+03
   1.7280000e+03  -8.1593377e+03   8.9338296e+03
   1.7290000e+03   1.4494176e+04   5.7465216e+03
   1.7300000e+03   2.6305301e+04  -2.8867726e+03
   1.7310000e+03   4.9705605e+03  -6.5256779e+02
   1.7320000e+03  -2.1077482e+04  -1.3460867e+03
   1.7330000e+03  -1.1948913e+04  -3.3212893e+03
   1.7340000e+03   5.1104631e+03   1.2251099e+04
   1.7350000e+03  -3.4966196e+03   2.6546232e+04
   1.7360000e+03  -7.2614667e+03   9.9596200e+03
   1.7370000e+03   9.2262776e+03  -1.2641409e+04
   1.7380000e+03   6.4431586e+03   8.0113130e+02
   1.7390000e+03  -2.4281408e+04   3.0587576e+04
   1.7400000e+03  -3.2757127e+04   2.9494534e+04
   1.7410000e+03  -1.6631737e+03   9.0385289e+03
   1.7420000e+03   1.5855469e+04  -2.4519327e+03
   1.7430000e+03  -7.3057828e+03  -5.0555376e+03
   1.7440000e+03  -3.0760141e+04   1.6147853e+04
   1.7450000e+03  -1.8520221e+04   4.1556878e+04
   1.7460000e+03   1.6018981e+04   2.1035442e+04
   1.7470000e+03   2.2263546e+04  -1.2888782e+04
   1.7480000e+03  -1.4410600e+04  -9.5500467e+03
   1.7490000e+03  -3.0455310e+04   1.3778750e+04
   1.7500000e+03   6.1741599e+03   2.9342055e+04
   1.7510000e+03   3.3827807e+04   2.2052704e+04
   1.7520000e+03   1.5057294e+04  -2.8513073e+03
   1.7530000e+03  -9.9339642e+03  -8.0864999e+03
   1.7540000e+03  -1.4897735e+04   1.9018486e+04
   1.7550000e+03  -7.5676974e+03   3.7996120e+04
   1.7560000e+03   9.3597119e+03   2.1440652e+04
   1.7570000e+03   1.4966781e+04  -4.1378637e+03
   1.7580000e+03  -4.2695171e+03  -7.3350761e+03
   1.7590000e+03  -1.8515586e+04   1.2874218e+04
   1.7600000e+03  -1.3478730e+04   3.1062598e+04
   1.7610000e+03  -1.4389115e+03   1.6849902e+04
   1.7620000e+03   1.0441553e+04  -1.4568260e+04
   1.7630000e+03   7.3746028e+03  -1.8747115e+04
   1.7640000e+03  -8.7172702e+03   3.9423946e+03
   1.7650000e+03  -2.2238297e+03   1.3477351e+04
   1.7660000e+03   2.2601769e+04  -8.1392680e+03
   1.7670000e+03   1.5825733e+04  -2.8719603e+04
   1.7680000e+03  -8.9014957e+03  -7.5034807e+03
   1.7690000e+03  -1.4587159e+03   2.8702212e+04
   1.7700000e+03   1.8726953e+04   1.7674054e+04
   1.7710000e+03   2.1232255e+04  -2.3738883e+04
   1.7720000e+03   1.1483413e+04  -3.3928273e+04
   1.7730000e+03  -6.2596730e+03  -1.6058310e+04
   1.7740000e+03  -1.2164220e+04  -3.8437175e+03
   1.7750000e+03   5.7546645e+03  -2.6460236e+03
   1.7760000e+03   2.0941039e+04  -4.8083224e+03
   1.7770000e+03   1.9710495e+04  -4.9712689e+03
   1.7780000e+03   1.0075250e+04  -8.5028516e+03
   1.7790000e+03  -7.3552396e+03  -2.0553555e+04
   1.7800000e+03  -1.9935204e+04  -3.3266377e+04
   1.7810000e+03  -5.2635725e+03  -3.2990050e+04
   1.7820000e+03   2.3594446e+04  -1.1310984e+04
   1.7830000e+03   2.8474859e+04   1.1353381e+04
   1.7840000e+03   2.0470413e+03   7.7791194e+03
   1.7850000e+03  -1.7675508e+04  -8.5185497e+03
   1.7860000e+03  -1.5871186e+03  -1.3225764e+04
   1.7870000e+03   2.0242223e+04  -1.2042839e+04
   1.7880000e+03   1.7928874e+04  -1.6659699e+04
   1.7890000e+03   1.0659328e+04  -2.0269696e+04
   1.7900000e+03   7.3995156e+03  -1.0289531e+04
   1.7910000e+03  -4.4166798e+03   1.2726999e+04
   1.7920000e+03  -1.3957309e+04   1.9023974e+04
   1.7930000e+03   2.9345787e+03  -2.0312703e+04
   1.7940000e+03   3.0451017e+04  -6.1384616e+04
   1.7950000e+03   2.2456168e+04  -3.8567027e+04
   1.7960000e+03  -1.2608010e+04   1.5879574e+04
   1.7970000e+03  -2.5929407e+04   2.6385865e+04
   1.7980000e+03  -7.5686162e+03  -1.1714298e+03
   1.7990000e+03   1.5420092e+04  -1.3982989e+04
   1.8000000e+03   1.1491053e+04  -7.8086429e+03
   1.8010000e+03  -1.5150622e+04  -2.3519595e+03
   1.8020000e+03  -2.3843448e+04   6.7031781e+03
   1.8030000e+03  -3.7162868e+03   1.6751673e+04
   1.8040000e+03   8.3578881e+03   1.4624006e+04
   1.8050000e+03  -9.5063248e+03   1.9331677e+03
   1.8060000e+03  -2.5609637e+04  -2.7480827e+03
   1.8070000e+03  -1.2928029e+04   1.4920238e+04
   1.8080000e+03   7.0158588e+03   2.4964510e+04
   1.8090000e+03   3.2791926e+03  -1.0708820e+01
   1.8100000e+03  -1.8351133e+04  -2.2560202e+04
   1.8110000e+03  -1.7066840e+04  -6.8513724e+03
   1.8120000e+03   4.3109779e+03   2.2956033e+04
   1.8130000e+03   1.0489324e+03   2.5988187e+04
   1.8140000e+03  -1.4401773e+04   7.7456019e+03
   1.8150000e+03  -1.0184655e+04  -6.3206660e+02
   1.8160000e+03  -1.3774627e+03  -3.9830160e+03
   1.8170000e+03  -6.8566190e+03  -6.0067644e+03
   1.8180000e+03  -1.6424377e+04   9.7804578e+03
   1.8190000e+03  -1.7518333e+04   2.4968942e+04
   1.8200000e+03  -1.9332389e+04   1.5729880e+04
   1.8210000e+03  -2.0376770e+04  -5.8545286e+03
   1.8220000e+03  -1.2085440e+04  -1.8530305e+04
   1.8230000e+03  -3.0151006e+03  -4.4954340e+03
   1.8240000e+03   4.8269002e+03   3.0004122e+04
   1.8250000e+03   3.5715333e+03   4.1515842e+04
   1.8260000e+03  -7.3192459e+03   1.5879327e+04
   1.8270000e+03  -1.0789703e+04  -6.7478697e+03
   1.8280000e+03  -7.0585779e+03  -2.9078782e+03
   1.8290000e+03   6.7330373e+03   2.0550636e+04
   1.8300000e+03   1.9043364e+04   3.9172278e+04
   1.8310000e+03   8.0814839e+03   1.5178848e+04
   1.8320000e+03  -5.3865842e+03  -2.4245601e+04
   1.8330000e+03  -1.0035107e+04  -1.0802425e+04
   1.8340000e+03  -1.3782145e+04   3.0969673e+04
   1.8350000e+03  -7.4700064e+03   2.4460369e+04
   1.8360000e+03   1.6139718e+03  -2.0400786e+04
   1.8370000e+03  -3.2344733e+02  -3.1181110e+04
   1.8380000e+03  -5.5441700e+01  -3.2369813e+03
   1.8390000e+03   1.5539421e+04   9.8547332e+03
   1.8400000e+03   2.0045119e+04   6.2855248e+03
   1.8410000e+03  -7.4119940e+03   7.7805905e+03
   1.8420000e+03  -2.1173306e+04   2.7425886e+03
   1.8430000e+03   1.2879070e+04  -7.9490200e+03
   1.8440000e+03   4.4864449e+04  -8.4866487e+03
   1.8450000e+03   2.4122749e+04  -1.0648060e+03
   1.8460000e+03  -1.2713294e+04   5.7839093e+03
   1.8470000e+03  -3.1500556e+03   4.9372573e+03
   1.8480000e+03   2.9873935e+04  -5.1419714e+03
   1.8490000e+03   2.5631999e+04  -8.6335157e+03
   1.8500000e+03   2.5669093e+03   6.5272658e+02
   1.8510000e+03   1.2994691e+04   3.2280733e+03
   1.8520000e+03   3.0314868e+04  -1.6610531e+03
   1.8530000e+03   8.8826371e+03  -3.9898133e+03
   1.8540000e+03  -9.7233795e+03  -9.7229113e+03
   1.8550000e+03   7.3142505e+03  -5.6324918e+03
   1.8560000e+03   1.5816802e+04   8.4980272e+03
   1.8570000e+03   1.2199970e+03   1.2664782e+03
   1.8580000e+03  -7.8500408e+03  -1.7873361e+04
   1.8590000e+03   3.6624209e+02  -2.0933282e+04
   1.8600000e+03   1.6483488e+04  -1.0349598e+04
   1.8610000e+03   1.7084012e+04   6.3844322e+03
   1.8620000e+03   1.2935644e+03   1.2988021e+04
   1.8630000e+03  -2.9761902e+03  -7.3892594e+03
   1.8640000e+03   8.8912769e+03  -2.7714047e+04
   1.8650000e+03   1.5502026e+04  -1.1344486e+04
   1.8660000e+03   9.7849243e+03   1.1569685e+04
   1.8670000e+03   3.4321260e+03  -7.9205043e+03
   1.8680000e+03   7.0582203e+02  -3.8963851e+04
   1.8690000e+03  -1.9118957e+03  -2.3640671e+04
   1.8700000e+03  -3.9046947e+03   2.0185006e+04
   1.8710000e+03  -8.4705876e+03   2.4781069e+04
   1.8720000e+03  -1.5066307e+04  -1.6593568e+04
   1.8730000e+03  -1.2942252e+04  -3.3198189e+04
   1.8740000e+03  -2.7179858e+03  -4.9659664e+03
   1.8750000e+03   2.6690811e+03   1.4113350e+04
   1.8760000e+03  -2.8841892e+03   5.8520366e+03
   1.8770000e+03  -1.3840032e+04  -9.4922720e+03
   1.8780000e+03  -1.4155356e+04  -1.8018966e+04
   1.8790000e+03  -1.1308370e+03  -1.3338014e+04
   1.8800000e+03   7.2287230e+02  -4.9705392e+03
   1.8810000e+03  -1.4122715e+04  -5.7363981e+03
   1.8820000e+03  -1.9700693e+04  -1.0301065e+04
   1.8830000e+03  -4.2232229e+03  -7.0050544e+03
   1.8840000e+03   1.2233841e+04  -5.6827001e+03
   1.8850000e+03   6.1642980e+01  -1.7352547e+04
   1.8860000e+03  -2.9556150e+04  -1.8443171e+04
   1.8870000e+03  -3.0366046e+04   3.4334225e+03
   1.8880000e+03  -1.6612725e+03   2.3078195e+04
   1.8890000e+03   8.9358933e+03   1.9469009e+04
   1.8900000e+03  -1.2625548e+04  -3.7628856e+03
   1.8910000e+03  -2.4252318e+04  -1.6629220e+04
   1.8920000e+03  -6.0176601e+03  -3.1716928e+03
   1.8930000e+03   6.8367020e+03   1.2562549e+04
   1.8940000e+03   2.5072823e+03   1.9074826e+04
   1.8950000e+03  -1.2133962e+03   2.0888009e+04
   1.8960000e+03  -7.6296107e+03   9.1441192e+03
   1.8970000e+03  -1.2007808e+04  -9.1273132e+03
   1.8980000e+03  -3.2459143e+03  -7.8578169e+03
   1.8990000e+03   3.7615349e+03   1.4780812e+04
   1.9000000e+03  -5.9913840e+02   3.1811127e+04
   1.9010000e+03  -9.8498006e+03   2.2902056e+04
   1.9020000e+03  -1.8025528e+04  -5.2500789e+03
   1.9030000e+03  -1.1077700e+04  -1.9379032e+04
   1.9040000e+03   5.7631988e+03   3.9755025e+03
   1.9050000e+03   1.5090424e+03   3.1404291e+04
   1.9060000e+03  -1.0314911e+04   2.5704650e+04
   1.9070000e+03   1.7053248e+03   7.9459923e+03
   1.9080000e+03   1.2359989e+04   2.3577245e+03
   1.9090000e+03   4.6251633e+03   5.8590215e+03
   1.9100000e+03   6.7493544e+03   1.2981288e+04
   1.9110000e+03   2.2094206e+04   1.4907934e+04
   1.9120000e+03   2.2765755e+04   1.4203258e+04
   1.9130000e+03   4.0701977e+03   1.7104786e+04
   1.9140000e+03  -8.0811871e+03   1.3514997e+04
   1.9150000e+03  -3.5625723e+03   5.5945198e+03
   1.9160000e+03   3.5706538e+03   1.2830375e+03
   1.9170000e+03   5.3424039e+03  -2.9894114e+02
   1.9180000e+03  -3.7160579e+03   3.1100331e+03
   1.9190000e+03  -1.4233311e+04   2.8098188e+03
   1.9200000e+03  -1.6646835e+03  -6.4597121e+02
   1.9210000e+03   1.5779002e+04   4.2538727e+03
   1.9220000e+03  -2.2921580e+03   5.2557021e+03
   1.9230000e+03  -3.2240345e+04  -1.0684859e+03
   1.9240000e+03  -1.3187811e+04  -6.2509833e+03
   1.9250000e+03   4.6498798e+04  -9.2274176e+03
   1.9260000e+03   6.6962954e+04   1.0385047e+03
   1.9270000e+03   1.7222915e+04   1.6668530e+04
   1.9280000e+03  -2.9036010e+04   1.4689617e+04
   1.9290000e+03  -8.5014641e+03  -3.0835412e+03
   1.9300000e+03   3.4758153e+04  -1.6131425e+04
   1.9310000e+03   3.5038890e+04  -6.0306970e+03
   1.9320000e+03   1.7023261e+03   1.0629045e+04
   1.9330000e+03  -1.8597418e+04   8.2478771e+03
   1.9340000e+03  -1.4251345e+04  -3.1066076e+03
   1.9350000e+03  -8.3057999e+03  -1.1627552e+04
   1.9360000e+03  -7.3689863e+02  -1.4529922e+04
   1.9370000e+03   1.5737671e+04  -1.1709355e+04
   1.9380000e+03   1.0817142e+04  -9.8628057e+03
   1.9390000e+03  -1.2180798e+04  -6.6108762e+03
   1.9400000e+03  -5.6241972e+03  -4.0432418e+03
   1.9410000e+03   2.0190144e+04  -1.0357393e+04
   1.9420000e+03   1.8930910e+04  -2.0097002e+04
   1.9430000e+03  -4.7968808e+03  -2.3396999e+04
   1.9440000e+03  -1.1137414e+04  -2.0842275e+04
   1.9450000e+03   1.0161783e+04  -1.6205924e+04
   1.9460000e+03   2.2444623e+04  -4.7655438e+03
   1.9470000e+03   4.4231608e+03   5.7629514e+02
   1.9480000e+03  -1.5806421e+04  -1.5096909e+04
   1.9490000e+03  -1.7457639e+04  -2.6130012e+04
   1.9500000e+03  -2.8555458e+03  -1.8724981e+04
   1.9510000e+03   1.7991249e+04  -6.1784784e+03
   1.9520000e+03   1.2051418e+04   7.6915221e+03
   1.9530000e+03  -2.5586001e+04   6.5632042e+03
   1.9540000e+03  -4.0506112e+04  -1.4139877e+04
   1.9550000e+03  -5.9575411e+03  -2.0300628e+04
   1.9560000e+03   3.0159225e+04  -1.3509528e+03
   1.9570000e+03   1.2750349e+04   7.7898708e+03
   1.9580000e+03  -2.4420708e+04  -9.1768222e+03
   1.9590000e+03  -9.3920733e+03  -2.0110772e+04
   1.9600000e+03   1.9825893e+04  -3.9529909e+03
   1.9610000e+03   2.7438820e+01   8.6511307e+03
   1.9620000e+03  -2.1674665e+04  -7.5748566e+03
   1.9630000e+03  -8.5441359e+03  -2.1225307e+04
   1.9640000e+03   1.6998771e+03  -6.0520357e+03
   1.9650000e+03   4.4168955e+02   8.1307981e+03
   1.9660000e+03   6.9480148e+03   7.9999958e+03
   1.9670000e+03   4.5599726e+03   1.1334260e+04
   1.9680000e+03  -1.8455915e+04   9.0859246e+03
   1.9690000e+03  -2.7555496e+04  -1.4794793e+03
   1.9700000e+03  -6.1998638e+03  -8.5582602e+02
   1.9710000e+03   1.6743329e+04   1.1599116e+04
   1.9720000e+03   1.3702190e+04   1.7583478e+04
   1.9730000e+03  -1.6839716e+04   2.8157486e+03
   1.9740000e+03  -3.3843204e+04  -1.4732164e+04
   1.9750000e+03  -6.3308872e+03  -6.0547007e+03
   1.9760000e+03   1.9775662e+04   1.5527554e+04
   1.9770000e+03   4.2077852e+03   1.8215824e+04
   1.9780000e+03  -2.2413285e+04   3.3365421e+03
   1.9790000e+03  -2.5275719e+04  -2.0834113e+03
   1.9800000e+03  -4.7253255e+03   1.0242519e+04
   1.9810000e+03   1.7339016e+04   2.1754915e+04
   1.9820000e+03   1.7155741e+04   2.4943893e+04
   1.9830000e+03  -5.6489153e+03   2.4063037e+04
   1.9840000e+03  -2.7441635e+04   1.6643081e+04
   1.9850000e+03  -1.6438472e+04   1.2697521e+04
   1.9860000e+03   2.8409836e+04   2.0256365e+04
   1.9870000e+03   4.3631981e+04   1.9766746e+04
   1.9880000e+03  -6.4079296e+03   1.0910229e+04
   1.9890000e+03  -4.7533813e+04   1.2528791e+04
   1.9900000e+03  -2.1635732e+04   9.2164698e+03
   1.9910000e+03   2.2179404e+04  -7.1487303e+03
   1.9920000e+03   2.8275175e+04  -1.0148641e+04
   1.9930000e+03   2.3440098e+03   7.6533036e+03
   1.9940000e+03  -1.8818732e+04   2.5642287e+04
   1.9950000e+03  -9.9094291e+03   2.2109338e+04
   1.9960000e+03   1.2318175e+04  -6.8240274e+02
   1.9970000e+03   1.1679039e+04  -1.4079462e+04
   1.9980000e+03  -1.3257682e+04   1.8519159e+03
   1.9990000e+03  -2.6911411e+04   2.6694616e+04
   2.0000000e+03  -9.6278269e+03   1.5299906e+04
