   1.0274000e+02   2.5123000e+01
   1.0276410e+02   2.8959300e+01
   0.0000000e+00   7.7654093e+04   7.7654093e+04
   1.0000000e+00  -1.0058461e+05   9.3394581e+04
   2.0000000e+00  -1.9124534e+05  -5.3421783e+04
   3.0000000e+00   4.6864003e+04  -1.5299348e+05
   4.0000000e+00   2.5525872e+05   2.2335777e+04
   5.0000000e+00   3.3205893e+04   2.2344123e+05
   6.0000000e+00  -2.4996127e+05   8.9255614e+04
   7.0000000e+00  -1.0832505e+05  -1.7301222e+05
   8.0000000e+00   1.7597613e+05  -1.6913657e+05
   9.0000000e+00   1.1711111e+05   1.0833497e+04
   1.0000000e+01  -6.8135363e+04   8.3477955e+04
   1.1000000e+01   1.1105316e+04   7.3534552e+04
   1.2000000e+01   1.3794798e+05   5.6978889e+04
   1.3000000e+01  -3.3201837e+04   1.2902676e+04
   1.4000000e+01  -2.5098510e+05  -7.7120919e+04
   1.5000000e+01  -1.0580868e+05  -1.5305434e+05
   1.6000000e+01   1.5606321e+05  -3.4092584e+03
   1.7000000e+01   1.6136132e+05   2.4936909e+05
   1.8000000e+01   5.5267509e+04   1.8953185e+05
   1.9000000e+01  -5.7128388e+04  -1.2012331e+05
   2.0000000e+01  -2.0994823e+05  -2.8592586e+05
   2.1000000e+01  -1.5025594e+05  -1.6993451e+05
   2.2000000e+01   1.4988515e+05   4.9321421e+04
   2.3000000e+01   1.8864740e+05   1.6105557e+05
   2.4000000e+01  -5.4252821e+04   1.3967134e+05
   2.5000000e+01  -3.7279391e+04   4.5161153e+04
   2.6000000e+01   1.0586982e+05  -7.1345376e+04
   2.7000000e+01  -6.5547380e+04  -1.3055731e+05
   2.8000000e+01  -2.3134040e+05  -4.9453752e+04
   2.9000000e+01   3.8667796e+04   8.7219852e+04
   3.0000000e+01   3.6212198e+05   1.0161540e+05
   3.1000000e+01   1.3325388e+05   3.3131586e+04
   3.2000000e+01  -3.3108188e+05  -1.6435569e+04
   3.3000000e+01  -3.0476053e+05  -5.3882099e+04
   3.4000000e+01   6.7178126e+04  -5.3211631e+04
   3.5000000e+01   1.9332890e+05   2.1899440e+04
   3.6000000e+01   3.4148500e+04   1.1400490e+05
   3.7000000e+01  -5.4865245e+04   7.5791290e+04
   3.8000000e+01  -4.7270913e+03  -8.4888298e+04
   3.9000000e+01  -3.3041610e+02  -1.4688130e+05
   4.0000000e+01  -2.2656744e+04  -2.3320175e+04
   4.1000000e+01  -8.6259771e+03   1.2874831e+05
   4.2000000e+01   9.1189246e+03   1.2074395e+05
   4.3000000e+01   2.6986236e+03  -1.9389300e+04
   4.4000000e+01  -3.8011368e+04  -1.1208168e+05
   4.5000000e+01  -1.9405315e+03  -7.2549955e+04
   4.6000000e+01   9.5860497e+04   4.7107048e+04
   4.7000000e+01   8.1856195e+04   8.1401351e+04
   4.8000000e+01  -1.9067169e+04   1.5477859e+02
   4.9000000e+01  -7.2180514e+04  -2.4871898e+04
   5.0000000e+01  -3.7413510e+03   2.7422709e+04
   5.1000000e+01   1.0594530e+05   4.0337240e+04
   5.2000000e+01   7.4122298e+04  -1.2820232e+04
   5.3000000e+01  -8.0161379e+04  -5.5490282e+04
   5.4000000e+01  -1.2835831e+05  -3.7117078e+04
   5.5000000e+01   1.8915299e+04   9.9859157e+03
   5.6000000e+01   1.3287807e+05   3.7934459e+04
   5.7000000e+01   4.8291162e+04   1.6109804e+04
   5.8000000e+01  -7.9172075e+04   7.4948161e+03
   5.9000000e+01  -9.2774325e+04   7.6334523e+03
   6.0000000e+01  -3.3840478e+04  -6.1888547e+04
   6.1000000e+01  -1.6491911e+04  -5.6503194e+04
   6.2000000e+01  -9.9428946e+03   5.3795043e+04
   6.3000000e+01   6.0166731e+04   5.9692220e+04
   6.4000000e+01   9.2518744e+04  -3.9553787e+04
   6.5000000e+01   3.1789757e+04  -8.9585465e+04
   6.6000000e+01  -2.1456722e+04  -1.8715874e+04
   6.7000000e+01  -1.3988202e+04   7.6095940e+04
   6.8000000e+01  -5.3009802e+03   5.7572620e+04
   6.9000000e+01  -3.2785304e+03  -1.7824347e+04
   7.0000000e+01   2.3919712e+04  -3.8046872e+04
   7.1000000e+01  -8.7594159e+03  -1.9817592e+04
   7.2000000e+01  -4.8062088e+04  -6.5571626e+03
   7.3000000e+01   1.8000055e+03   3.3805867e+04
   7.4000000e+01   3.9379122e+03   5.3667208e+04
   7.5000000e+01  -3.8005719e+04  -2.0365550e+04
   7.6000000e+01  -2.7108923e+04  -5.6827112e+04
   7.7000000e+01   1.7209467e+04   2.2208658e+03
   7.8000000e+01   1.0238723e+05   2.8152168e+04
   7.9000000e+01   1.3023291e+05  -2.2804275e+04
   8.0000000e+01   6.6815466e+03  -6.6871451e+04
   8.1000000e+01  -1.2457973e+05  -3.2919836e+02
   8.2000000e+01  -9.1675533e+04   8.2927170e+04
   8.3000000e+01   4.8131394e+04   1.3491522e+04
   8.4000000e+01   1.0387758e+05  -1.1211456e+05
   8.5000000e+01   3.3734733e+04  -9.7893090e+04
   8.6000000e+01  -7.5196165e+04   2.7379731e+04
   8.7000000e+01  -1.2265178e+05   5.8546355e+04
   8.8000000e+01  -5.4688360e+04  -2.9058290e+04
   8.9000000e+01   5.1729319e+04  -7.2466296e+04
   9.0000000e+01   6.4964829e+04  -1.8803423e+04
   9.1000000e+01  -5.7118406e+04   5.5851125e+04
   9.2000000e+01  -1.2277155e+05   2.8607828e+04
   9.3000000e+01   2.4924670e+04  -3.9995632e+04
   9.4000000e+01   1.5519535e+05   1.9812326e+04
   9.5000000e+01   6.4437679e+04   7.6916265e+04
   9.6000000e+01  -7.9631889e+04  -5.3419053e+03
   9.7000000e+01  -6.6142795e+04  -6.1479257e+04
   9.8000000e+01   4.1157333e+04   1.4532298e+04
   9.9000000e+01   8.5940296e+04   9.4202117e+04
   1.0000000e+02   5.4106215e+04   6.5755953e+04
   1.0100000e+02  -4.1476563e+04  -2.4617731e+04
   1.0200000e+02  -1.1089516e+05  -7.9984447e+04
   1.0300000e+02  -7.6317040e+04  -3.8349034e+04
   1.0400000e+02  -4.0396974e+04   1.9982916e+04
   1.0500000e+02  -9.4810129e+03   9.7866407e+03
   1.0600000e+02   4.9011534e+04   2.5198580e+04
   1.0700000e+02   6.2596269e+04   4.5486774e+04
   1.0800000e+02   2.5528387e+03  -7.4866069e+03
   1.0900000e+02  -7.7260147e+04  -3.9377077e+04
   1.1000000e+02  -4.0824507e+04   2.9140143e+03
   1.1100000e+02   7.4611637e+04   8.7061318e+04
   1.1200000e+02   7.3888129e+04   1.2797847e+05
   1.1300000e+02  -7.0581619e+03   5.8332408e+04
   1.1400000e+02  -1.4535096e+04  -5.1798665e+04
   1.1500000e+02   5.4220452e+04  -8.6650211e+04
   1.1600000e+02   6.4258185e+04  -3.2708544e+03
   1.1700000e+02  -3.0937012e+04   8.6518642e+04
   1.1800000e+02  -9.8788299e+04   7.4817007e+04
   1.1900000e+02  -5.3741099e+04  -1.9304703e+04
   1.2000000e+02   4.1562540e+04  -1.1893812e+05
   1.2100000e+02   3.1130852e+04  -1.0006966e+05
   1.2200000e+02  -1.1264068e+05   1.0428312e+04
   1.2300000e+02  -1.8069874e+05   8.4811967e+04
   1.2400000e+02  -4.9222270e+04   7.8124038e+04
   1.2500000e+02   1.5111576e+05  -3.6990789e+04
   1.2600000e+02   2.1552238e+05  -1.3035093e+05
   1.2700000e+02   8.9036098e+04  -4.8852786e+04
   1.2800000e+02  -9.1656087e+04   9.2146265e+04
   1.2900000e+02  -1.0777036e+05   1.0694864e+05
   1.3000000e+02   9.6423250e+04  -6.2559407e+03
   1.3100000e+02   2.4140221e+05  -7.2138368e+04
   1.3200000e+02   1.4277868e+05   7.0969346e+03
   1.3300000e+02  -3.3743028e+04   1.0446163e+05
   1.3400000e+02  -9.5524277e+04   4.1362959e+04
   1.3500000e+02  -1.9631110e+04  -1.2146495e+05
   1.3600000e+02  -1.4349265e+04  -1.2937021e+05
   1.3700000e+02  -1.7291259e+05  -1.8063267e+04
   1.3800000e+02  -2.5741972e+05  -1.2041726e+04
   1.3900000e+02  -1.8708729e+05  -9.8888829e+04
   1.4000000e+02  -9.6500195e+04  -1.6031649e+05
   1.4100000e+02  -7.7615300e+03  -1.0394041e+05
   1.4200000e+02   9.3331444e+04   5.6538926e+04
   1.4300000e+02   1.2303706e+05   1.5201632e+05
   1.4400000e+02   7.7776162e+04   8.8078425e+04
   1.4500000e+02   8.2513580e+04  -6.9228785e+03
   1.4600000e+02   1.3375519e+05   1.6547788e+04
   1.4700000e+02   1.6716472e+05   8.2620163e+04
   1.4800000e+02   1.4321312e+05   9.8107477e+04
   1.4900000e+02   3.1496212e+04   7.6537579e+04
   1.5000000e+02  -3.7917086e+04   9.5948263e+03
   1.5100000e+02  -1.0464162e+04  -3.3343530e+04
   1.5200000e+02   2.1317904e+04  -1.6227168e+04
   1.5300000e+02   2.6771796e+04   8.5037095e+03
   1.5400000e+02  -5.2741941e+04   3.2961908e+04
   1.5500000e+02  -1.8189631e+05   8.5652864e+03
   1.5600000e+02  -1.9657050e+05  -6.7494598e+04
   1.5700000e+02  -7.5755884e+04  -1.1508751e+05
   1.5800000e+02   2.9563729e+04  -9.0940206e+04
   1.5900000e+02   1.2154102e+04  -2.6214020e+03
   1.6000000e+02  -3.5251691e+04   4.5884131e+04
   1.6100000e+02   3.1779626e+02  -2.4334461e+04
   1.6200000e+02   8.4360299e+04  -1.0017348e+05
   1.6300000e+02   1.0117155e+05  -4.6203922e+04
   1.6400000e+02   3.2073531e+04   3.6919994e+04
   1.6500000e+02   1.8217362e+04   2.9528306e+04
   1.6600000e+02   5.4933138e+04   1.5627179e+04
   1.6700000e+02   3.2755119e+04   3.4296232e+03
   1.6800000e+02  -4.4283665e+03  -4.6619598e+03
   1.6900000e+02  -2.5125857e+04   7.3881493e+04
   1.7000000e+02  -4.4512717e+04   1.0609169e+05
   1.7100000e+02  -5.4908025e+04  -1.1320285e+04
   1.7200000e+02  -4.8267040e+04  -9.5137339e+04
   1.7300000e+02  -1.9401602e+04  -6.0580783e+03
   1.7400000e+02  -8.8266171e+03   9.4208247e+04
   1.7500000e+02  -3.2229020e+04   3.9423493e+04
   1.7600000e+02  -3.0119409e+04  -3.1477130e+04
   1.7700000e+02   3.1447618e+04  -2.0161841e+04
   1.7800000e+02   4.7703644e+04  -2.0733778e+04
   1.7900000e+02  -3.1540810e+04  -3.7429254e+04
   1.8000000e+02  -4.4175054e+04   7.8238362e+03
   1.8100000e+02   2.3931259e+04   8.3163707e+04
   1.8200000e+02   4.6903705e+04   1.6635876e+04
   1.8300000e+02   4.5543614e+04  -1.0930991e+05
   1.8400000e+02   2.9691537e+04  -1.3435513e+04
   1.8500000e+02  -4.0416735e+04   1.4269643e+05
   1.8600000e+02  -9.9809404e+04   6.3165283e+04
   1.8700000e+02  -2.5783598e+04  -8.9528575e+04
   1.8800000e+02   1.0227102e+05  -5.6583309e+04
   1.8900000e+02   8.1217470e+04   5.9102376e+04
   1.9000000e+02  -2.7497876e+04   5.2095066e+04
   1.9100000e+02  -7.0749945e+04  -2.6999273e+04
   1.9200000e+02  -4.5766680e+04  -6.3871758e+04
   1.9300000e+02  -5.2795536e+02  -2.6384894e+04
   1.9400000e+02   2.7952466e+04   4.0170395e+04
   1.9500000e+02   4.1607258e+04   2.5356007e+04
   1.9600000e+02   4.2595104e+03  -2.1443478e+04
   1.9700000e+02  -5.9821104e+04  -1.0993781e+04
   1.9800000e+02  -4.3660526e+04   1.3124893e+04
   1.9900000e+02   1.0060461e+04   2.1499987e+04
   2.0000000e+02   1.5220039e+04   1.3288386e+04
   2.0100000e+02  -1.7869772e+04   1.5240798e+04
   2.0200000e+02  -2.2087190e+04   3.0145784e+04
   2.0300000e+02   2.7558466e+04   1.0888176e+04
   2.0400000e+02   5.8539007e+04  -2.5956568e+04
   2.0500000e+02   2.6906592e+04  -2.4553575e+04
   2.0600000e+02  -4.3853270e+04   9.3704786e+03
   2.0700000e+02  -4.3561374e+04   7.8191642e+03
   2.0800000e+02   5.2919489e+04  -1.2164745e+04
   2.0900000e+02   8.1615194e+04  -7.5221551e+03
   2.1000000e+02   2.0601628e+04  -2.0118947e+04
   2.1100000e+02  -4.2974931e+04  -2.7879618e+04
   2.1200000e+02  -5.7702740e+04  -1.6353821e+04
   2.1300000e+02   5.2735354e+03  -7.4123835e+03
   2.1400000e+02   3.8619411e+04   1.5164483e+04
   2.1500000e+02  -6.9936508e+03   1.4989720e+04
   2.1600000e+02  -3.9480661e+04  -4.0737147e+03
   2.1700000e+02  -2.5631600e+04  -8.6716108e+03
   2.1800000e+02   2.9629074e+02  -1.6805374e+04
   2.1900000e+02   2.1445402e+04  -1.6136512e+04
   2.2000000e+02   4.2257438e+04   1.5249064e+04
   2.2100000e+02   1.9539065e+04   5.0371617e+04
   2.2200000e+02  -2.5853128e+04   1.9634859e+04
   2.2300000e+02  -2.6464526e+04  -3.7776224e+04
   2.2400000e+02  -1.7772164e+03  -2.8493392e+04
   2.2500000e+02   4.8175896e+04   3.4313123e+03
   2.2600000e+02   6.2111088e+04   2.1040483e+04
   2.2700000e+02  -4.3362766e+03   1.2000166e+04
   2.2800000e+02  -2.9066888e+04  -2.6075027e+04
   2.2900000e+02   1.1263229e+04  -3.0933255e+04
   2.3000000e+02   3.1528799e+04  -1.6472546e+04
   2.3100000e+02   2.8310932e+03  -3.8183365e+03
   2.3200000e+02  -2.8010079e+04   2.1112414e+04
   2.3300000e+02  -1.2533629e+04   1.6333368e+04
   2.3400000e+02   8.7991554e+03  -2.1431776e+04
   2.3500000e+02   9.6530525e+03  -3.1145846e+04
   2.3600000e+02  -1.3573669e+04  -3.6021541e+02
   2.3700000e+02  -3.7544710e+04   1.2307565e+04
   2.3800000e+02  -1.8888967e+04   9.4308371e+03
   2.3900000e+02   4.4061914e+03   1.5822792e+04
   2.4000000e+02   2.2858258e+04   3.5850356e+02
   2.4100000e+02   3.0361635e+04  -1.6661210e+04
   2.4200000e+02   3.8262001e+03  -2.6193397e+04
   2.4300000e+02  -3.0259621e+03  -2.2568239e+04
   2.4400000e+02   1.3345918e+04   1.7616758e+04
   2.4500000e+02   1.3803044e+04   3.3608189e+04
   2.4600000e+02  -1.1700186e+03   1.2459401e+04
   2.4700000e+02  -1.1032684e+04  -8.4323491e+03
   2.4800000e+02  -2.8645211e+03  -2.8107254e+04
   2.4900000e+02   1.0685071e+04  -3.3394789e+04
   2.5000000e+02   1.4297299e+04  -9.1589534e+03
   2.5100000e+02  -2.3431467e+04   3.5770192e+04
   2.5200000e+02  -6.1941271e+04   3.2151355e+04
   2.5300000e+02  -4.1597352e+04  -2.2002983e+04
   2.5400000e+02   6.5251038e+02  -3.4945465e+04
   2.5500000e+02   4.5874527e+04   6.6022412e+03
   2.5600000e+02   4.0434003e+04   5.7565764e+04
   2.5700000e+02  -2.5186067e+04   3.5546504e+04
   2.5800000e+02  -4.0331840e+04  -3.9724292e+04
   2.5900000e+02  -1.4008447e+04  -2.5062638e+04
   2.6000000e+02   5.9559473e+03   4.1870800e+04
   2.6100000e+02   2.7060795e+04   3.9636880e+04
   2.6200000e+02   1.9099800e+04  -6.4970999e+03
   2.6300000e+02  -2.3733984e+04  -1.7626619e+04
   2.6400000e+02  -4.4512803e+04   5.1250222e+03
   2.6500000e+02  -8.7312480e+03   4.1832111e+03
   2.6600000e+02   2.0179478e+04  -1.7762780e+04
   2.6700000e+02   1.9460368e+04  -2.4459741e+04
   2.6800000e+02   8.5429902e+03   5.1385604e+03
   2.6900000e+02  -3.0726122e+04   3.1977358e+04
   2.7000000e+02  -3.1936779e+04   1.2290014e+04
   2.7100000e+02   5.9200332e+03   8.8249276e+03
   2.7200000e+02   9.5730794e+03   1.4199045e+04
   2.7300000e+02   6.2146577e+03  -8.8947149e+03
   2.7400000e+02   8.1830279e+02   1.9688471e+03
   2.7500000e+02  -3.1722651e+03   3.6379333e+04
   2.7600000e+02   6.7186919e+03   3.8827259e+04
   2.7700000e+02  -6.7677203e+03   1.9854495e+03
   2.7800000e+02  -3.5881575e+04  -3.0670947e+04
   2.7900000e+02  -3.1731411e+04  -1.7811965e+04
   2.8000000e+02   9.5812262e+03   8.5842540e+03
   2.8100000e+02   2.5764142e+04   1.5406378e+04
   2.8200000e+02   1.6927978e+04  -1.3424985e+04
   2.8300000e+02   9.7570192e+03  -3.0614960e+04
   2.8400000e+02  -2.2218566e+04   1.9462230e+02
   2.8500000e+02  -3.0501700e+04   1.1979764e+04
   2.8600000e+02  -4.0348751e+03   1.3377651e+04
   2.8700000e+02   1.5997525e+04   1.7033027e+04
   2.8800000e+02   3.5008152e+04  -4.5472928e+02
   2.8900000e+02   2.0660933e+04  -2.1145924e+03
   2.9000000e+02  -4.7609279e+03  -9.4341795e+03
   2.9100000e+02   4.4849939e+03  -2.1226199e+04
   2.9200000e+02   1.7077278e+04   5.1295974e+03
   2.9300000e+02   6.9772447e+03   2.1568396e+04
   2.9400000e+02  -8.0167825e+03  -1.1981426e+04
   2.9500000e+02   3.7973100e+03  -4.4281400e+04
   2.9600000e+02   2.1686490e+03  -2.7469389e+04
   2.9700000e+02  -1.8908640e+04  -9.4114761e+02
   2.9800000e+02  -9.0699692e+03   1.6373411e+04
   2.9900000e+02   1.2625627e+04   2.0235823e+04
   3.0000000e+02   4.0450461e+04  -1.3243001e+04
   3.0100000e+02   3.2432282e+04  -2.2717719e+04
   3.0200000e+02  -2.1657653e+04  -4.9027936e+03
   3.0300000e+02  -2.1936096e+04   3.3607111e+03
   3.0400000e+02   1.9766141e+04   2.5494549e+04
   3.0500000e+02   3.4547209e+04   1.0662763e+04
   3.0600000e+02   1.0377192e+04  -3.5725266e+04
   3.0700000e+02  -9.0962854e+03  -2.5440259e+04
   3.0800000e+02   2.5234326e+04   1.6188800e+04
   3.0900000e+02   4.9248733e+04   1.1298200e+04
   3.1000000e+02   9.5984494e+03  -2.1707439e+04
   3.1100000e+02  -4.1402435e+04  -2.0099505e+04
   3.1200000e+02  -2.0921565e+04  -7.5395605e+03
   3.1300000e+02   3.3952287e+04   3.0891841e+03
   3.1400000e+02   7.5603803e+03   1.1060599e+04
   3.1500000e+02  -3.7426822e+04  -1.2870068e+04
   3.1600000e+02  -2.7614659e+04  -7.8327735e+03
   3.1700000e+02   2.1665738e+03   2.3401833e+04
   3.1800000e+02   2.9572257e+04   2.1054736e+04
   3.1900000e+02   4.2664200e+03   4.1332957e+03
   3.2000000e+02  -3.0935987e+04  -2.8054753e+04
   3.2100000e+02   9.5994550e+02  -3.6516128e+04
   3.2200000e+02   3.9196410e+04   3.4752262e+03
   3.2300000e+02   2.0399089e+04   2.7324984e+04
   3.2400000e+02  -2.3375248e+04   8.1094020e+03
   3.2500000e+02  -2.7236848e+04  -2.3058000e+04
   3.2600000e+02  -1.2804604e+04  -2.1803658e+04
   3.2700000e+02  -9.2617976e+03  -6.8393522e+03
   3.2800000e+02  -2.4962148e+03   2.6004295e+03
   3.2900000e+02  -1.4321514e+04   1.3579622e+04
   3.3000000e+02  -1.7912150e+04  -2.1673763e+02
   3.3100000e+02  -1.3519887e+04  -4.6712548e+03
   3.3200000e+02  -2.4441218e+04   1.0511195e+04
   3.3300000e+02  -2.9773352e+03   2.0426897e+04
   3.3400000e+02   2.5526646e+04   3.2143165e+04
   3.3500000e+02   1.7455027e+04   7.4272775e+03
   3.3600000e+02  -6.0769828e+03  -1.7109054e+04
   3.3700000e+02  -1.0668822e+04   1.2824895e+04
   3.3800000e+02   9.0795716e+03   3.0033349e+04
   3.3900000e+02   1.2283462e+04   7.6073463e+01
   3.4000000e+02  -3.7227638e+03  -2.3505628e+04
   3.4100000e+02  -2.6752576e+04  -1.3088693e+04
   3.4200000e+02  -2.9018472e+04  -9.4122862e+03
   3.4300000e+02  -3.2465417e+03  -8.6048708e+02
   3.4400000e+02  -7.5654214e+03   2.1876654e+04
   3.4500000e+02  -1.5687553e+04   9.5135699e+03
   3.4600000e+02  -1.6715708e+04   8.0552243e+03
   3.4700000e+02  -3.1839564e+04   1.7756311e+04
   3.4800000e+02  -9.7102019e+03  -4.8689327e+03
   3.4900000e+02   1.6805387e+04  -4.3703542e+03
   3.5000000e+02   9.3817860e+03   1.0624422e+04
   3.5100000e+02   6.1047530e+03   1.4214944e+04
   3.5200000e+02   1.0391941e+04   1.9991579e+04
   3.5300000e+02   4.2011975e+03   6.7639326e+03
   3.5400000e+02   2.2062650e+02  -1.4910194e+04
   3.5500000e+02   1.9021280e+04  -5.3510642e+03
   3.5600000e+02   1.5757780e+04   1.7092581e+04
   3.5700000e+02  -2.9726862e+03  -9.1911555e+03
   3.5800000e+02   5.7059379e+03  -3.0318678e+04
   3.5900000e+02   7.1235898e+02   4.3838467e+03
   3.6000000e+02  -1.5647161e+03   5.2062328e+03
   3.6100000e+02  -8.9685930e+03  -1.8873421e+04
   3.6200000e+02  -4.1566570e+04  -1.0520007e+04
   3.6300000e+02  -1.2099566e+04   1.3756303e+04
   3.6400000e+02   4.4192312e+04   3.5440947e+04
   3.6500000e+02   3.2119452e+04   1.9954038e+04
   3.6600000e+02  -1.0759971e+04  -6.0158753e+03
   3.6700000e+02  -1.2087328e+04  -4.1446278e+03
   3.6800000e+02   2.2991056e+04   9.9721063e+03
   3.6900000e+02   3.4158869e+04   2.3899265e+04
   3.7000000e+02   1.4843695e+04   1.6292919e+04
   3.7100000e+02  -5.1623095e+03  -9.8954469e+02
   3.7200000e+02   1.0170133e+04  -1.4860475e+04
   3.7300000e+02   2.5734094e+04  -2.5806106e+04
   3.7400000e+02  -2.0498549e+04  -3.6278112e+04
   3.7500000e+02  -3.1425711e+04  -4.3855760e+04
   3.7600000e+02   8.7003483e+03   2.0475882e+03
   3.7700000e+02   1.0598825e+04   3.9132324e+04
   3.7800000e+02   1.2685685e+04  -3.7943691e+03
   3.7900000e+02   1.4615535e+04  -3.1367723e+04
   3.8000000e+02  -6.3683153e+03  -1.5020260e+04
   3.8100000e+02  -1.1131677e+04   8.2310629e+02
   3.8200000e+02   6.0970120e+02   7.7202349e+03
   3.8300000e+02   3.9131530e+03   5.9218034e+03
   3.8400000e+02  -1.0541943e+03   1.0407876e+04
   3.8500000e+02   9.2891879e+03   1.6037657e+04
   3.8600000e+02   1.0708086e+04   4.2330121e+03
   3.8700000e+02   5.5848214e+03  -2.4109946e+04
   3.8800000e+02   1.3447857e+04  -2.4848611e+04
   3.8900000e+02  -6.3208486e+03  -8.8193240e+03
   3.9000000e+02  -3.4364825e+03  -2.2472683e+04
   3.9100000e+02   2.8963793e+04  -1.1396923e+03
   3.9200000e+02   7.6669684e+03   3.0297484e+04
   3.9300000e+02  -2.7692937e+04  -2.7064815e+03
   3.9400000e+02  -2.8760553e+04  -2.6970348e+04
   3.9500000e+02  -3.4516450e+03  -1.5900539e+04
   3.9600000e+02   1.8316623e+04   4.1665127e+03
   3.9700000e+02   1.0228165e+04   1.9611555e+04
   3.9800000e+02   1.7114423e+03  -6.2790726e+02
   3.9900000e+02   1.1502108e+03  -3.1079825e+04
   4.0000000e+02  -1.0862736e+04  -1.8373981e+04
   4.0100000e+02  -2.9994618e+04   2.2669026e+04
   4.0200000e+02  -8.0255233e+03   1.6778859e+04
   4.0300000e+02   3.1186339e+04  -1.5709827e+04
   4.0400000e+02   9.5021715e+02  -1.4116327e+04
   4.0500000e+02  -2.5187011e+04  -4.1752024e+02
   4.0600000e+02  -1.1527333e+02   2.8297623e+04
   4.0700000e+02   6.9721930e+02   3.0277478e+04
   4.0800000e+02  -1.5485649e+04  -1.9241496e+04
   4.0900000e+02  -2.0358327e+04  -2.7480184e+04
   4.1000000e+02   1.8678221e+03   7.0325759e+03
   4.1100000e+02   2.7328629e+04   2.9533389e+04
   4.1200000e+02   2.7598615e+03   2.2186382e+04
   4.1300000e+02  -3.2794752e+04  -1.5197982e+04
   4.1400000e+02  -2.4645128e+04  -3.6384197e+04
   4.1500000e+02   8.5865477e+03  -9.2024334e+03
   4.1600000e+02   1.3068855e+04   3.1250221e+04
   4.1700000e+02   7.7751339e+03   1.8038998e+04
   4.1800000e+02   1.4796763e+04  -1.1434023e+04
   4.1900000e+02  -9.1387931e+03  -1.1418407e+03
   4.2000000e+02  -2.1872880e+04   2.9266319e+03
   4.2100000e+02  -1.4426486e+04   1.1420425e+04
   4.2200000e+02  -2.1188460e+04   2.0233065e+04
   4.2300000e+02   6.9948269e+03   2.1862069e+03
   4.2400000e+02   2.9431513e+04   3.2348440e+03
   4.2500000e+02  -5.3341005e+03   6.6698154e+03
   4.2600000e+02  -2.9456160e+04   3.1670841e+03
   4.2700000e+02  -3.3876611e+03   1.8338263e+04
   4.2800000e+02   2.4041218e+04   1.8037651e+04
   4.2900000e+02   1.6431523e+04  -1.0679735e+04
   4.3000000e+02   4.1544052e+03  -2.0503897e+04
   4.3100000e+02  -1.3740178e+04   9.1724611e+03
   4.3200000e+02  -2.0402424e+04   1.6438444e+04
   4.3300000e+02   2.4118347e+03   7.2460414e+03
   4.3400000e+02  -5.0723667e+03   1.3812705e+04
   4.3500000e+02  -1.4395799e+04  -1.2534639e+04
   4.3600000e+02   2.9075048e+03  -2.0927207e+04
   4.3700000e+02   9.0708480e+03   1.0667984e+04
   4.3800000e+02   1.5217042e+04   1.2703454e+04
   4.3900000e+02   4.8758657e+03   8.7200328e+03
   4.4000000e+02  -1.3213642e+04   6.9929696e+03
   4.4100000e+02  -9.9020787e+03  -2.4263444e+03
   4.4200000e+02  -4.9461889e+03   2.0264004e+02
   4.4300000e+02  -1.9920312e+01   2.8112337e+03
   4.4400000e+02   5.2108653e+03  -5.0505077e+03
   4.4500000e+02   5.5800749e+03  -7.8243885e+03
   4.4600000e+02  -7.1333638e+03   1.0146466e+04
   4.4700000e+02  -5.6369156e+03   1.3771721e+04
   4.4800000e+02   1.8923825e+04   3.3214755e+03
   4.4900000e+02   1.2898195e+04   9.3306370e+02
   4.5000000e+02   6.5343342e+03  -2.2663572e+04
   4.5100000e+02   9.8138933e+03  -2.4351792e+04
   4.5200000e+02  -4.2765904e+03   6.5532648e+02
   4.5300000e+02   7.7647105e+03   2.5348083e+03
   4.5400000e+02   2.0429554e+04   1.2367773e+04
   4.5500000e+02   1.2003619e+04   7.3152242e+03
   4.5600000e+02   1.3842709e+04  -2.3243381e+04
   4.5700000e+02   1.0175167e+04  -1.3475989e+04
   4.5800000e+02  -8.8561303e+03   1.4408538e+04
   4.5900000e+02  -2.0481285e+04  -2.9345795e+02
   4.6000000e+02  -3.6286565e+03  -2.4270684e+04
   4.6100000e+02   7.9533111e+03  -1.3282064e+04
   4.6200000e+02   2.0576766e+03  -8.0528344e+03
   4.6300000e+02  -3.4947113e+02  -7.9684518e+03
   4.6400000e+02  -1.8861929e+04  -3.1517546e+03
   4.6500000e+02  -1.5180653e+04  -2.6934754e+04
   4.6600000e+02   1.2459092e+04  -2.1067689e+04
   4.6700000e+02   1.1518442e+04   1.1648951e+04
   4.6800000e+02   1.5807672e+04   8.4019545e+03
   4.6900000e+02   2.5715788e+04   6.2114820e+03
   4.7000000e+02   1.4075500e+04   2.7298500e+03
   4.7100000e+02   7.0071142e+03  -1.6849716e+04
   4.7200000e+02   1.7526842e+04  -1.4354431e+04
   4.7300000e+02   1.3790858e+04   1.1425393e+04
   4.7400000e+02  -1.1028886e+04   1.8775931e+04
   4.7500000e+02  -6.0456139e+03  -1.2251810e+03
   4.7600000e+02   7.9080717e+03  -6.8478550e+03
   4.7700000e+02  -9.0084372e+02  -5.1806436e+03
   4.7800000e+02  -1.0589938e+04  -1.0034515e+03
   4.7900000e+02  -2.6903589e+04   7.1168602e+03
   4.8000000e+02  -2.2572738e+04  -4.4312122e+03
   4.8100000e+02  -8.3364162e+03   8.9999425e+03
   4.8200000e+02  -1.0050383e+04   1.3947497e+04
   4.8300000e+02   5.6550478e+03  -2.9758095e+04
   4.8400000e+02   4.5980045e+03  -2.5057039e+04
   4.8500000e+02  -1.1561193e+04   1.5680135e+04
   4.8600000e+02   6.7845016e+03   1.7501183e+04
   4.8700000e+02   2.0752087e+04   4.3310033e+03
   4.8800000e+02  -1.0488433e+03   4.1333516e+03
   4.8900000e+02  -1.3995712e+04   9.3351588e+02
   4.9000000e+02   4.7059567e+03  -7.7500164e+03
   4.9100000e+02  -1.1114573e+03   3.6418433e+03
   4.9200000e+02  -1.8672461e+04   5.4828163e+03
   4.9300000e+02  -8.8821648e+03  -3.7946688e+03
   4.9400000e+02  -1.5818856e+04   7.5305215e+03
   4.9500000e+02  -1.2254842e+04   3.5971803e+03
   4.9600000e+02   1.1353683e+04  -5.4821253e+03
   4.9700000e+02   5.1983145e+03  -7.4396698e+03
   4.9800000e+02  -1.0835143e+04  -1.0550177e+04
   4.9900000e+02  -1.6668149e+04   1.1154671e+04
   5.0000000e+02   1.9657122e+03   2.3479094e+04
   5.0100000e+02   2.2518861e+04   1.1642971e+04
   5.0200000e+02   9.1638804e+03   8.2085401e+03
   5.0300000e+02  -1.3603607e+04   1.2181256e+04
   5.0400000e+02  -2.1646825e+04   9.4198789e+03
   5.0500000e+02  -1.3371025e+03   1.5149750e+03
   5.0600000e+02   8.0670278e+03   1.0156920e+03
   5.0700000e+02  -4.5642080e+03  -7.9555897e+03
   5.0800000e+02   1.5639210e+02  -3.3232620e+03
   5.0900000e+02  -6.4168520e+03   1.5927003e+04
   5.1000000e+02  -5.1558236e+03  -9.8678059e+02
   5.1100000e+02   1.3969985e+04  -6.2543989e+03
   5.1200000e+02   2.0803781e+03  -1.0722034e+03
   5.1300000e+02  -8.8375923e+03  -1.4160469e+04
   5.1400000e+02   1.4023520e+03   1.5098695e+04
   5.1500000e+02   5.5490261e+03   4.6095259e+04
   5.1600000e+02  -6.3622530e+03   2.6428378e+04
   5.1700000e+02  -1.4487010e+04  -9.3167423e+03
   5.1800000e+02  -7.5787758e+03  -3.2501250e+04
   5.1900000e+02  -7.9144546e+02  -2.3106468e+04
   5.2000000e+02   1.0554165e+04   1.2274297e+04
   5.2100000e+02  -4.1329911e+03   3.6076088e+04
   5.2200000e+02  -2.8498531e+04   2.5436724e+03
   5.2300000e+02  -1.3903599e+04  -3.7642242e+04
   5.2400000e+02  -3.9124472e+03  -1.2230876e+04
   5.2500000e+02   1.4742133e+04   1.7418963e+04
   5.2600000e+02   3.5859556e+04   1.0828254e+04
   5.2700000e+02   7.7032077e+03  -1.3167878e+04
   5.2800000e+02  -1.0698310e+04  -1.8292272e+04
   5.2900000e+02   2.2623418e+03   1.7628078e+04
   5.3000000e+02   1.4288550e+04   2.0691200e+04
   5.3100000e+02   1.7795708e+04  -1.7163228e+04
   5.3200000e+02   1.1564267e+04  -1.9897096e+04
   5.3300000e+02   6.1654161e+03   6.9538454e+03
   5.3400000e+02   1.6358857e+03   5.2219004e+03
   5.3500000e+02   2.3832624e+02  -1.7427519e+04
   5.3600000e+02  -9.6632400e+03  -2.3881992e+03
   5.3700000e+02  -5.4263286e+03   2.2602949e+04
   5.3800000e+02   1.9815634e+04   1.9155452e+04
   5.3900000e+02   9.0444980e+03  -4.2015160e+03
   5.4000000e+02   4.0081310e+03  -3.1741661e+04
   5.4100000e+02   1.5183634e+04  -1.4115017e+04
   5.4200000e+02  -3.0379310e+03   5.9954523e+03
   5.4300000e+02  -5.2795484e+03  -1.0564789e+04
   5.4400000e+02  -1.4333381e+03  -1.3875837e+04
   5.4500000e+02  -9.7621387e+02  -1.9524176e+04
   5.4600000e+02   2.2962496e+04  -1.4946603e+04
   5.4700000e+02   2.4042431e+04   1.2621449e+04
   5.4800000e+02  -3.9138410e+03   1.3491904e+04
   5.4900000e+02  -5.6930408e+03  -9.7022943e+03
   5.5000000e+02   1.6973603e+04  -2.4552342e+04
   5.5100000e+02   6.9036602e+03  -6.9830704e+03
   5.5200000e+02  -1.1625281e+04   1.3721938e+04
   5.5300000e+02  -2.3108744e+03   1.6192525e+04
   5.5400000e+02  -1.1441817e+04   9.2532916e+03
   5.5500000e+02  -1.1280553e+04  -2.1866186e+04
   5.5600000e+02   1.1298771e+04  -1.9625741e+04
   5.5700000e+02   6.4403038e+03   1.5932279e+04
   5.5800000e+02  -8.9117091e+03   6.0940991e+03
   5.5900000e+02  -2.1673074e+04  -1.9135815e+04
   5.6000000e+02  -1.6441638e+04  -2.0380360e+04
   5.6100000e+02   1.3233819e+04  -8.5101066e+02
   5.6200000e+02   2.9699954e+04   1.9689561e+04
   5.6300000e+02   1.4155910e+04   1.1594473e+04
   5.6400000e+02  -1.2787150e+04  -1.4203543e+04
   5.6500000e+02  -5.0395434e+03  -2.0113258e+04
   5.6600000e+02   1.2499570e+04   4.7698502e+03
   5.6700000e+02   5.2557133e+03   1.1600995e+04
   5.6800000e+02  -8.8595165e+03   6.4435576e+03
   5.6900000e+02  -2.3633508e+04   1.1830796e+04
   5.7000000e+02  -3.4143095e+03  -2.6837806e+03
   5.7100000e+02   1.3583811e+04   7.1609807e+03
   5.7200000e+02  -1.9363746e+04   2.0873252e+04
   5.7300000e+02  -2.3530971e+04  -1.1876205e+04
   5.7400000e+02   9.5825900e+01  -1.4280042e+04
   5.7500000e+02   1.7999910e+01   7.1083014e+03
   5.7600000e+02  -5.7318081e+03   2.8698359e+03
   5.7700000e+02  -6.5472936e+03   5.5251044e+03
   5.7800000e+02  -1.2907735e+04   1.9449384e+04
   5.7900000e+02  -1.6158063e+04   1.5053298e+04
   5.8000000e+02   3.8790487e+03   3.0596715e+02
   5.8100000e+02   1.1841063e+04  -6.5076530e+03
   5.8200000e+02  -2.5107619e+03  -2.4485709e+04
   5.8300000e+02  -1.2867471e+04  -8.7216695e+03
   5.8400000e+02  -2.0248959e+04   4.4649004e+04
   5.8500000e+02   4.9965674e+03   2.5508783e+04
   5.8600000e+02   1.4283489e+04  -2.8536168e+04
   5.8700000e+02  -2.5273130e+04  -3.7413533e+04
   5.8800000e+02  -2.1068709e+04  -1.7364555e+04
   5.8900000e+02   8.6622524e+03   2.1571103e+04
   5.9000000e+02   3.1079873e+03   3.5658468e+04
   5.9100000e+02  -1.2469332e+04   1.6980063e+04
   5.9200000e+02  -1.5425444e+04  -1.4705339e+03
   5.9300000e+02  -1.0223814e+04  -1.8337715e+04
   5.9400000e+02  -1.6706022e+03  -1.5863007e+04
   5.9500000e+02   2.4536362e+04   1.9857620e+04
   5.9600000e+02   3.2105786e+04   4.8901983e+04
   5.9700000e+02   2.2210439e+03   1.3559267e+04
   5.9800000e+02  -2.0578900e+04  -2.3395732e+04
   5.9900000e+02  -1.9470185e+04  -5.5819450e+02
   6.0000000e+02   1.2427301e+04   9.4578895e+03
   6.0100000e+02   1.7464487e+04   5.1575338e+03
   6.0200000e+02  -1.5864269e+04   5.7654471e+03
   6.0300000e+02  -5.4724426e+02  -3.6880967e+03
   6.0400000e+02   2.6987041e+04   5.6428586e+03
   6.0500000e+02   1.4198138e+04   5.3486136e+03
   6.0600000e+02  -1.0587674e+04  -1.4468322e+04
   6.0700000e+02  -2.2629293e+04  -8.5804034e+03
   6.0800000e+02  -4.6416914e+03   1.5440101e+04
   6.0900000e+02   2.3858997e+04   1.5318592e+04
   6.1000000e+02   3.6252972e+04  -6.2873004e+03
   6.1100000e+02   1.5801511e+04  -3.5315857e+03
   6.1200000e+02  -6.4766040e+03   3.7409738e+03
   6.1300000e+02  -1.1131149e+03   3.9844676e+03
   6.1400000e+02  -2.4705535e+03   7.2068779e+03
   6.1500000e+02   9.5555855e+03  -1.5430750e+04
   6.1600000e+02   2.3909512e+04  -1.8747569e+04
   6.1700000e+02   5.7756478e+03  -1.8843653e+03
   6.1800000e+02  -5.2752620e+02  -8.8669785e+03
   6.1900000e+02   2.0235297e+02  -6.8149694e+03
   6.2000000e+02  -1.3682209e+03  -1.1483108e+04
   6.2100000e+02   4.5783432e+03  -2.4150089e+04
   6.2200000e+02   3.4007775e+03  -8.5969439e+03
   6.2300000e+02   7.7460740e+02   5.1441765e+03
   6.2400000e+02   8.4544899e+02  -7.8994495e+03
   6.2500000e+02   7.2481624e+03  -1.4910318e+04
   6.2600000e+02   1.3830525e+02   5.8442953e+03
   6.2700000e+02  -4.2078437e+03   9.2390707e+03
   6.2800000e+02   1.3916400e+04  -4.1205431e+01
   6.2900000e+02   2.3748794e+03  -6.8687300e+01
   6.3000000e+02  -2.9510210e+03  -1.5502332e+04
   6.3100000e+02   1.5901866e+04  -7.4167812e+03
   6.3200000e+02   5.9268023e+03  -2.2369835e+02
   6.3300000e+02  -1.8517961e+03  -2.4449915e+04
   6.3400000e+02  -1.5376402e+03  -9.1101619e+03
   6.3500000e+02  -2.9640626e+02   1.4557202e+04
   6.3600000e+02   1.2581075e+04   1.8636044e+03
   6.3700000e+02   6.1039088e+03  -1.1790284e+04
   6.3800000e+02  -1.3682304e+04  -1.2183895e+04
   6.3900000e+02  -8.8996798e+03  -1.0722562e+04
   6.4000000e+02   6.2496248e+03  -1.4830433e+04
   6.4100000e+02  -1.6382339e+04  -5.4540414e+03
   6.4200000e+02  -2.5323714e+04   1.4176198e+03
   6.4300000e+02   7.5045572e+03   4.6627068e+03
   6.4400000e+02  -4.8901910e+03   1.3778363e+04
   6.4500000e+02  -1.7079294e+04  -7.2628065e+03
   6.4600000e+02   8.1870565e+03  -7.4224186e+03
   6.4700000e+02  -4.1827340e+02   2.1088489e+04
   6.4800000e+02  -1.2120644e+04   6.7712095e+03
   6.4900000e+02  -5.4207571e+03  -9.7850674e+03
   6.5000000e+02  -1.6033171e+03   3.1574637e+03
   6.5100000e+02   3.7496634e+03   1.4560936e+04
   6.5200000e+02   8.4016552e+02   1.3653599e+04
   6.5300000e+02  -7.5179652e+03   5.8203896e+03
   6.5400000e+02  -1.0875152e+04  -1.8267716e+03
   6.5500000e+02  -8.8701281e+03   5.0226253e+03
   6.5600000e+02  -1.8523459e+04   2.5757842e+04
   6.5700000e+02  -1.4579508e+04   1.3344660e+04
   6.5800000e+02   1.7723070e+04   2.3981240e+02
   6.5900000e+02   8.7531059e+03   1.4463650e+04
   6.6000000e+02  -2.5103634e+04  -1.0567446e+04
   6.6100000e+02  -2.5716832e+04  -2.3862962e+04
   6.6200000e+02  -3.8599612e+03   7.4563367e+03
   6.6300000e+02   1.8594193e+04   1.7706385e+04
   6.6400000e+02   8.4497532e+03   1.3691539e+04
   6.6500000e+02  -1.3123212e+04   2.4890394e+03
   6.6600000e+02  -4.6325968e+03  -7.4635886e+03
   6.6700000e+02   1.4546766e+04  -1.5612961e+03
   6.6800000e+02   1.0833857e+04   3.9016228e+03
   6.6900000e+02  -9.7495904e+03   4.6709532e+03
   6.7000000e+02  -8.4629650e+03   7.4779687e+03
   6.7100000e+02  -1.0441073e+03   1.8256394e+04
   6.7200000e+02   6.4706455e+03   9.8567376e+03
   6.7300000e+02   1.0858204e+04   4.5597739e+03
   6.7400000e+02  -2.4214099e+04   2.2317996e+04
   6.7500000e+02  -2.5450118e+04   2.5829330e+02
   6.7600000e+02   1.6202102e+04  -2.5194146e+04
   6.7700000e+02   1.3416510e+04  -1.0289343e+04
   6.7800000e+02   1.4426482e+03   1.4376521e+04
   6.7900000e+02   7.3777598e+03   3.6987351e+04
   6.8000000e+02   5.6462141e+03   1.5980517e+04
   6.8100000e+02   2.2720248e+03  -2.4232664e+04
   6.8200000e+02   6.5400596e+03  -2.0423844e+04
   6.8300000e+02   4.7295506e+03   2.1385438e+03
   6.8400000e+02  -8.0413345e+03   3.8273983e+03
   6.8500000e+02   3.2436606e+03  -1.1248691e+04
   6.8600000e+02   1.4098443e+04  -1.1516145e+04
   6.8700000e+02   3.5248781e+03  -3.6119669e+03
   6.8800000e+02  -2.2031084e+03   6.1541423e+03
   6.8900000e+02  -1.6985207e+04   9.4398353e+03
   6.9000000e+02  -1.0763009e+04  -1.6777374e+04
   6.9100000e+02   1.1570803e+04  -1.5832486e+04
   6.9200000e+02   8.7513158e+03   5.3064030e+03
   6.9300000e+02   1.6446521e+04  -4.6120719e+03
   6.9400000e+02   1.8963891e+04  -5.5034346e+03
   6.9500000e+02  -3.3199565e+03   1.3717276e+03
   6.9600000e+02  -9.0825324e+03   1.8119943e+03
   6.9700000e+02   1.0520505e+04   6.4152172e+03
   6.9800000e+02   2.6645927e+04   2.2996501e+03
   6.9900000e+02   2.2387636e+04  -1.5014011e+04
   7.0000000e+02   1.1670833e+04  -2.6869022e+04
   7.0100000e+02  -1.2187917e+04  -1.0991492e+04
   7.0200000e+02  -1.7946029e+04   5.5025223e+02
   7.0300000e+02   1.1428630e+04   6.5687230e+03
   7.0400000e+02   1.1255139e+04   1.1432837e+04
   7.0500000e+02   4.6378555e+03  -2.1860055e+04
   7.0600000e+02   2.1504770e+03  -2.4635321e+04
   7.0700000e+02  -2.2146538e+04   6.6550551e+03
   7.0800000e+02  -1.2146284e+04  -2.6721046e+03
   7.0900000e+02   7.3162749e+03  -7.8729873e+03
   7.1000000e+02  -4.8535884e+03  -8.0765700e+00
   7.1100000e+02  -5.9284976e+03  -6.6878197e+03
   7.1200000e+02   1.0757999e+04  -7.8300418e+03
   7.1300000e+02   1.8220487e+04   9.2784445e+02
   7.1400000e+02   1.5107369e+04   8.2172767e+03
   7.1500000e+02   1.0958333e+04   6.1302849e+03
   7.1600000e+02  -8.6358612e+03  -6.5136000e+02
   7.1700000e+02  -9.9957117e+03  -1.3452571e+04
   7.1800000e+02   1.6467424e+04  -3.1555548e+03
   7.1900000e+02   2.8521847e+03   1.5235397e+04
   7.2000000e+02  -1.7977270e+04  -1.3886280e+04
   7.2100000e+02  -1.6570805e+04  -2.0688922e+04
   7.2200000e+02  -1.7020057e+04   3.2166369e+03
   7.2300000e+02   1.9029221e+03  -4.4521318e+03
   7.2400000e+02   8.0663644e+03   2.8306860e+03
   7.2500000e+02  -1.3271170e+04   1.6878850e+04
   7.2600000e+02  -1.7342289e+04  -2.4586094e+03
   7.2700000e+02  -7.1964096e+02  -1.7309145e+04
   7.2800000e+02   5.4670735e+03   2.2128362e+03
   7.2900000e+02   1.0057553e+03   2.2768861e+04
   7.3000000e+02   1.0354839e+04   1.4224664e+04
   7.3100000e+02  -3.3646547e+03   9.7890756e+03
   7.3200000e+02  -1.8497449e+04   5.9377704e+03
   7.3300000e+02   7.5528045e+03   4.8106645e+03
   7.3400000e+02   6.8948291e+03   1.9799841e+04
   7.3500000e+02  -2.1761520e+03   4.9071558e+03
   7.3600000e+02   2.3665279e+03  -9.5291207e+03
   7.3700000e+02  -1.9865446e+04   4.4853050e+01
   7.3800000e+02  -2.6894984e+04   3.9324610e+03
   7.3900000e+02  -1.5998990e+04   9.9238870e+03
   7.4000000e+02  -8.2422586e+03  -6.7785323e+03
   7.4100000e+02   1.1508870e+03  -2.6061978e+04
   7.4200000e+02  -1.0323147e+03  -5.0326002e+03
   7.4300000e+02  -1.6482156e+02   1.6458401e+04
   7.4400000e+02   1.1448569e+04   6.5948830e+03
   7.4500000e+02   1.1854704e+04  -4.9259009e+03
   7.4600000e+02  -1.2611663e+04   1.2256268e+04
   7.4700000e+02  -1.0050103e+04   1.8874073e+04
   7.4800000e+02   2.3076144e+04   9.0692061e+03
   7.4900000e+02   5.2985918e+03   4.4761575e+03
   7.5000000e+02  -1.2799228e+04  -1.0303598e+04
   7.5100000e+02   5.9525864e+03   6.7062969e+03
   7.5200000e+02  -6.2974076e+02   2.4994296e+04
   7.5300000e+02  -1.4375550e+04  -2.2513195e+03
   7.5400000e+02  -2.2125233e+04  -4.6024023e+02
   7.5500000e+02  -2.3081738e+04   1.6141429e+04
   7.5600000e+02  -1.2631230e+03   3.2918711e+03
   7.5700000e+02   1.6561781e+04  -1.6984973e+03
   7.5800000e+02   1.0883392e+04   6.4084691e+03
   7.5900000e+02  -1.2062901e+03   1.1484357e+02
   7.6000000e+02  -2.5138590e+03  -1.2201568e+04
   7.6100000e+02  -1.5885040e+04   1.9990767e+02
   7.6200000e+02  -1.2200609e+04   8.4671526e+03
   7.6300000e+02   2.9271619e+04   4.0817422e+03
   7.6400000e+02   2.5986191e+04   1.9023161e+03
   7.6500000e+02  -6.9292655e+03  -1.8321062e+04
   7.6600000e+02  -8.4622653e+03  -1.0878658e+04
   7.6700000e+02   8.4393302e+03   1.5936636e+04
   7.6800000e+02   2.1424810e+04   6.4218927e+03
   7.6900000e+02  -3.5999522e+02  -7.5912202e+03
   7.7000000e+02  -1.5452975e+04  -1.9175123e+04
   7.7100000e+02   1.6670072e+04  -1.6274297e+04
   7.7200000e+02   3.5253097e+04   1.4279040e+04
   7.7300000e+02   3.4547181e+03   2.2269540e+04
   7.7400000e+02  -2.7159194e+04  -4.9822086e+03
   7.7500000e+02  -5.9404567e+03  -2.0492804e+04
   7.7600000e+02   1.5659420e+04  -6.5444378e+03
   7.7700000e+02   1.4661431e+04  -9.7959018e+03
   7.7800000e+02   1.6264996e+04  -1.6049442e+04
   7.7900000e+02  -5.2820259e+02   7.0857560e+02
   7.8000000e+02   1.2297350e+03  -1.7457871e+03
   7.8100000e+02   1.7708506e+04   2.4915248e+03
   7.8200000e+02   8.0269255e+03   1.0179590e+04
   7.8300000e+02   6.2459984e+03  -1.0267190e+04
   7.8400000e+02  -1.7925971e+03  -2.0870152e+04
   7.8500000e+02  -1.2703807e+04  -2.7457347e+04
   7.8600000e+02   2.9770546e+03  -1.8433479e+04
   7.8700000e+02   1.3992068e+04   2.0901496e+04
   7.8800000e+02   3.4263680e+03   2.8178405e+04
   7.8900000e+02  -1.0504824e+04  -1.7038966e+04
   7.9000000e+02  -4.2274317e+03  -3.8970928e+04
   7.9100000e+02  -3.1088383e+02   3.9564664e+03
   7.9200000e+02   1.4279599e+03   1.8629154e+04
   7.9300000e+02   1.6859557e+04  -7.3203315e+03
   7.9400000e+02   8.1375699e+03  -1.1525109e+03
   7.9500000e+02   2.6033483e+03   1.3859130e+03
   7.9600000e+02   1.5478334e+03  -1.6050905e+03
   7.9700000e+02  -1.8822533e+04   2.9080749e+03
   7.9800000e+02  -1.7122910e+02  -5.5635444e+03
   7.9900000e+02   2.4624058e+04  -8.5607988e+03
   8.0000000e+02  -5.8395946e+02  -1.4743161e+04
   8.0100000e+02  -2.5189052e+04  -8.1973920e+03
   8.0200000e+02  -7.1969977e+03   1.8185381e+04
   8.0300000e+02   1.3236747e+04   2.2418818e+04
   8.0400000e+02  -7.2669245e+03  -7.1079042e+02
   8.0500000e+02  -2.3456112e+04  -2.1367992e+04
   8.0600000e+02  -1.6326974e+04  -1.9076305e+03
   8.0700000e+02  -4.1835281e+03   2.1976569e+04
   8.0800000e+02   3.6821525e+03   1.8508809e+04
   8.0900000e+02  -1.1876808e+04   9.3435387e+03
   8.1000000e+02  -3.3412325e+03  -1.3354823e+04
   8.1100000e+02   1.3117429e+04  -1.1796631e+04
   8.1200000e+02  -1.2605745e+04   7.3905505e+03
   8.1300000e+02  -1.0748854e+04  -1.7050546e+03
   8.1400000e+02   2.1138154e+04  -9.1492784e+02
   8.1500000e+02   1.8881615e+04   3.8055478e+02
   8.1600000e+02  -1.6047352e+04  -9.9900963e+03
   8.1700000e+02  -3.8890061e+04   4.3977122e+03
   8.1800000e+02  -2.3775557e+04   2.2836639e+04
   8.1900000e+02  -2.2200879e+03   6.9519974e+03
   8.2000000e+02   1.6784405e+03  -1.8358898e+04
   8.2100000e+02  -1.6571734e+04  -8.4560927e+03
   8.2200000e+02  -2.0652752e+04   6.4942395e+03
   8.2300000e+02   5.8895233e+03   1.6613810e+04
   8.2400000e+02   1.0762965e+04   2.9209710e+04
   8.2500000e+02   1.0397480e+04   5.7062701e+03
   8.2600000e+02  -3.4497221e+02  -1.0101283e+04
   8.2700000e+02  -3.2932651e+04   7.1892747e+03
   8.2800000e+02  -1.4546086e+04   2.2426836e+04
   8.2900000e+02   2.1948106e+04   3.1880974e+04
   8.3000000e+02   1.7126037e+04   1.2572888e+04
   8.3100000e+02   7.1130590e+02  -1.2863630e+04
   8.3200000e+02  -2.2150615e+03  -1.2486306e+04
   8.3300000e+02   8.7840782e+03  -7.2197095e+02
   8.3400000e+02   1.2348266e+04   1.7653974e+04
   8.3500000e+02  -2.7131962e+03   2.4040085e+04
   8.3600000e+02  -2.4353307e+04   4.8796727e+03
   8.3700000e+02  -5.9313318e+03  -3.1496107e+04
   8.3800000e+02   3.6164921e+04  -2.8450165e+04
   8.3900000e+02   1.5742140e+04   1.7458475e+04
   8.4000000e+02  -1.7151232e+04   1.9082633e+04
   8.4100000e+02  -9.4536490e+03  -8.3340453e+02
   8.4200000e+02  -3.1096368e+03  -7.6818945e+03
   8.4300000e+02  -1.8155595e+02  -1.5075693e+04
   8.4400000e+02  -2.5160425e+03   9.4573700e+02
   8.4500000e+02  -7.6235352e+02   1.0971330e+04
   8.4600000e+02   1.1294814e+04   4.8158322e+03
   8.4700000e+02   1.4956531e+04   5.6728350e+03
   8.4800000e+02   1.0915121e+04  -1.3319261e+02
   8.4900000e+02   7.4919451e+03  -9.7024130e+03
   8.5000000e+02   1.8087078e+04  -6.0500471e+03
   8.5100000e+02   1.3713238e+04   6.0545847e+03
   8.5200000e+02   1.5796667e+03  -6.8377255e+03
   8.5300000e+02   1.1582558e+04  -1.6035080e+04
   8.5400000e+02   5.3029401e+03  -4.4711951e+03
   8.5500000e+02   9.5122968e+03  -1.6583669e+04
   8.5600000e+02   1.7332168e+04  -3.5050659e+03
   8.5700000e+02  -1.5748892e+04   1.9884462e+04
   8.5800000e+02  -2.0139885e+04  -9.5285595e+03
   8.5900000e+02   6.9535220e+03  -2.6578452e+04
   8.6000000e+02   9.6581351e+03  -1.4984175e+04
   8.6100000e+02  -4.5843683e+03  -4.5509979e+03
   8.6200000e+02  -1.5633774e+04   2.6238002e+03
   8.6300000e+02  -1.2080286e+04  -2.9441929e+03
   8.6400000e+02   1.5017931e+03  -1.3457192e+04
   8.6500000e+02   1.3270186e+04  -1.4439717e+04
   8.6600000e+02   4.0676762e+03   5.6971413e+03
   8.6700000e+02   7.6271460e+02   1.3528789e+04
   8.6800000e+02   1.1898921e+04  -5.3151933e+03
   8.6900000e+02  -3.4738025e+03  -2.3357318e+04
   8.7000000e+02   6.0375755e+03  -2.8694703e+04
   8.7100000e+02   3.0967848e+04   7.8069774e+03
   8.7200000e+02   8.7340464e+03   3.1492691e+04
   8.7300000e+02  -5.2994912e+03  -7.0321986e+02
   8.7400000e+02   2.8652599e+02  -1.4448601e+04
   8.7500000e+02   3.5553961e+03  -1.0234217e+04
   8.7600000e+02   8.0897149e+03  -9.3721930e+03
   8.7700000e+02  -8.2589176e+03   3.2663925e+02
   8.7800000e+02  -3.0704436e+04  -1.1061928e+03
   8.7900000e+02  -2.0400140e+04  -9.8548593e+03
   8.8000000e+02   6.5926033e+03  -4.3469552e+02
   8.8100000e+02  -1.3187727e+04   2.2729875e+04
   8.8200000e+02  -3.5465240e+04   2.0040536e+04
   8.8300000e+02   5.0804303e+03   9.4631191e+03
   8.8400000e+02   2.6248857e+04   3.2985830e+03
   8.8500000e+02   2.7373935e+03  -2.3669148e+04
   8.8600000e+02  -2.2951735e+04  -8.0634762e+03
   8.8700000e+02  -2.9141878e+04   2.7446656e+04
   8.8800000e+02   1.2006355e+04   1.0867300e+04
   8.8900000e+02   3.7638057e+04  -4.8183685e+01
   8.9000000e+02   3.4760955e+03   9.7084753e+03
   8.9100000e+02  -2.4034187e+04   6.5334685e+03
   8.9200000e+02  -9.1385255e+03  -1.5029765e+04
   8.9300000e+02   2.5866318e+03  -2.6226595e+04
   8.9400000e+02  -6.8498623e+03   5.2694129e+03
   8.9500000e+02   3.8325714e+03   4.0604889e+04
   8.9600000e+02   1.1288223e+04   3.9866837e+04
   8.9700000e+02   4.3239379e+03  -7.3804978e+03
   8.9800000e+02   1.0853821e+03  -4.1588661e+04
   8.9900000e+02  -2.2971337e+04  -1.5368364e+04
   9.0000000e+02  -2.1876326e+04   2.0445300e+03
   9.0100000e+02  -1.9550372e+02   1.0310481e+04
   9.0200000e+02  -4.5316373e+03   2.2117612e+04
   9.0300000e+02   6.2691455e+03   9.0711531e+03
   9.0400000e+02   9.8568996e+03   6.5273849e+03
   9.0500000e+02  -9.5773727e+03   6.2055995e+03
   9.0600000e+02  -1.0995327e+04   3.2022693e+03
   9.0700000e+02  -2.1848633e+02   2.0323283e+04
   9.0800000e+02   7.2610382e+03   2.1756005e+04
   9.0900000e+02   3.3016530e+03  -1.0745967e+04
   9.1000000e+02  -5.7041600e+03  -2.6886774e+04
   9.1100000e+02  -1.4731317e+04   1.2749639e+04
   9.1200000e+02  -3.8174492e+03   3.4798586e+04
   9.1300000e+02   1.7245270e+04   2.9541892e+03
   9.1400000e+02   7.3687840e+02  -1.9443667e+04
   9.1500000e+02  -7.0685247e+03  -2.1294968e+04
   9.1600000e+02  -1.7483519e+02   2.6601362e+03
   9.1700000e+02  -1.5880223e+04   2.2924570e+04
   9.1800000e+02  -6.9073052e+03   1.1596691e+03
   9.1900000e+02   1.0813117e+04  -1.0954726e+04
   9.2000000e+02   3.4393382e+03  -1.7570335e+03
   9.2100000e+02  -2.3539229e+03   3.5970267e+03
   9.2200000e+02   4.5610559e+03   3.4046772e+03
   9.2300000e+02   9.3849588e+03   1.2226316e+03
   9.2400000e+02   9.7335689e+02  -3.3737295e+03
   9.2500000e+02  -2.2530766e+03  -1.2996825e+04
   9.2600000e+02  -5.9248518e+03  -8.3220959e+03
   9.2700000e+02   9.6739909e+03  -6.9503627e+03
   9.2800000e+02   4.3939221e+04  -8.8249321e+03
   9.2900000e+02   2.0435806e+04   4.0633350e+03
   9.3000000e+02  -1.2820299e+04  -1.5509154e+03
   9.3100000e+02  -8.5151711e+03  -5.4286083e+03
   9.3200000e+02  -9.4828649e+03  -4.1296743e+03
   9.3300000e+02   6.4489276e+03  -1.3524067e+04
   9.3400000e+02   1.8053393e+04   4.0778485e+02
   9.3500000e+02  -5.1713212e+03   1.2367620e+04
   9.3600000e+02  -1.4968631e+04   9.7301559e+03
   9.3700000e+02   3.5333947e+03   8.4337314e+03
   9.3800000e+02   9.8036871e+03  -4.8361286e+03
   9.3900000e+02  -1.9112839e+03  -1.7770246e+04
   9.4000000e+02   7.1783578e+03  -9.7982159e+03
   9.4100000e+02   8.5374982e+03   8.5304282e+03
   9.4200000e+02  -2.5645894e+03  -3.9739618e+03
   9.4300000e+02   9.8881589e+03  -1.9378385e+04
   9.4400000e+02   7.3487136e+03  -9.4734940e+03
   9.4500000e+02   3.6631831e+03  -1.8716563e+04
   9.4600000e+02   8.3937811e+03  -1.0813209e+04
   9.4700000e+02  -4.6455748e+03   8.7133756e+03
   9.4800000e+02   1.0625770e+03  -9.8969700e+03
   9.4900000e+02   6.7590472e+03  -7.3565272e+03
   9.5000000e+02  -1.9333126e+03   1.8807228e+04
   9.5100000e+02   7.5635500e+03   1.8003456e+04
   9.5200000e+02   1.1745426e+04  -4.3492633e+03
   9.5300000e+02  -1.3284285e+04  -1.4663856e+04
   9.5400000e+02  -3.0586149e+04   1.0913304e+03
   9.5500000e+02   4.6741490e+02   1.4623315e+04
   9.5600000e+02   2.9215476e+04   1.3064297e+04
   9.5700000e+02   1.9918180e+04  -5.4459806e+03
   9.5800000e+02  -4.3862654e+03  -1.3000184e+04
   9.5900000e+02  -3.2838197e+04  -3.1429061e+03
   9.6000000e+02  -7.7393420e+03  -1.8768942e+04
   9.6100000e+02   3.5497277e+04  -1.8641388e+04
   9.6200000e+02   5.0509641e+03   5.2922886e+03
   9.6300000e+02  -3.9475179e+04   7.0809365e+03
   9.6400000e+02  -3.7853378e+04   1.0336135e+03
   9.6500000e+02  -5.2157707e+02  -1.3556465e+04
   9.6600000e+02   3.4067605e+04  -8.4605407e+03
   9.6700000e+02   2.7879103e+04   2.8110251e+04
   9.6800000e+02   1.1634061e+03   3.0233055e+04
   9.6900000e+02  -1.5645740e+04  -7.8297859e+03
   9.7000000e+02  -1.3128332e+04  -1.6983728e+04
   9.7100000e+02  -7.3277126e+03   1.8628563e+04
   9.7200000e+02   6.1750577e+03   2.4395243e+04
   9.7300000e+02   1.4227804e+04   3.3520098e+03
   9.7400000e+02  -1.6062843e+04  -3.0619227e+03
   9.7500000e+02  -1.5717271e+04  -1.9976993e+04
   9.7600000e+02   5.8780765e+03  -1.0001388e+04
   9.7700000e+02  -1.9707411e+04   1.8472026e+04
   9.7800000e+02  -2.0794993e+04   1.0425166e+04
   9.7900000e+02   7.8203976e+03  -4.3358894e+03
   9.8000000e+02  -5.6881355e+03  -1.5133130e+04
   9.8100000e+02  -3.1360396e+04  -1.1639023e+03
   9.8200000e+02  -1.3212576e+04   4.0383989e+04
   9.8300000e+02   1.8547871e+04   3.8964777e+04
   9.8400000e+02   1.2309183e+04  -1.3551320e+04
   9.8500000e+02  -7.3774649e+03  -3.2466607e+04
   9.8600000e+02  -1.6088683e+04   1.5744361e+04
   9.8700000e+02  -2.2501612e+03   3.2610065e+04
   9.8800000e+02   1.5633326e+04  -6.7957747e+02
   9.8900000e+02  -3.6995076e+03  -1.4562168e+04
   9.9000000e+02  -4.6825284e+03  -1.8001975e+04
   9.9100000e+02   1.5721598e+04  -2.7765814e+03
   9.9200000e+02   6.4727660e+03   9.4496130e+03
   9.9300000e+02  -3.1673624e+03  -2.6864774e+03
   9.9400000e+02  -1.1250310e+04   7.5521788e+03
   9.9500000e+02  -1.2171294e+04   9.0625052e+03
   9.9600000e+02  -2.1848382e+02  -9.5721989e+03
   9.9700000e+02  -3.1747359e+03  -7.4381491e+03
   9.9800000e+02  -8.4465048e+03   7.9735707e+03
   9.9900000e+02   9.3605445e+02   1.1817771e+04
   1.0000000e+03   1.2545645e+04   4.9294316e+03
   1.0010000e+03  -6.4649076e+03   1.8407768e+04
   1.0020000e+03  -2.1345647e+04   1.5639404e+04
   1.0030000e+03   4.9218012e+03  -1.4933482e+04
   1.0040000e+03   1.7945625e+04  -1.5850200e+04
   1.0050000e+03   2.6037110e+04  -3.4656532e+03
   1.0060000e+03   2.9005069e+04   1.3737125e+04
   1.0070000e+03  -1.4011797e+03   1.2991957e+04
   1.0080000e+03  -1.4022058e+04  -2.1383389e+04
   1.0090000e+03  -6.0901291e+03  -1.9854150e+04
   1.0100000e+03   3.3827978e+03  -1.9702947e+03
   1.0110000e+03   1.5041411e+04  -1.2196698e+04
   1.0120000e+03   9.0809692e+03  -1.2756592e+04
   1.0130000e+03  -6.4888120e+03   9.7234757e+03
   1.0140000e+03  -4.3571796e+02   2.0969184e+04
   1.0150000e+03   2.5323838e+04   8.3471766e+02
   1.0160000e+03   7.0788453e+03  -2.3622951e+04
   1.0170000e+03  -2.8886395e+04  -2.6972287e+04
   1.0180000e+03  -6.3052849e+03   7.7986750e+03
   1.0190000e+03   2.6295823e+04   2.7798583e+04
   1.0200000e+03   3.4224565e+04  -1.7161033e+04
   1.0210000e+03   1.2656825e+04  -2.1796904e+04
   1.0220000e+03  -1.8958119e+04   1.7045108e+04
   1.0230000e+03  -4.7050445e+03   6.3498491e+03
   1.0240000e+03   8.8016903e+03  -1.3606160e+04
   1.0250000e+03  -5.8401202e+03  -1.6235018e+04
   1.0260000e+03  -6.2121789e+02  -7.8448915e+03
   1.0270000e+03   2.1959006e+04   9.3101010e+03
   1.0280000e+03   1.6028705e+04   9.6855035e+03
   1.0290000e+03  -2.1094141e+04  -5.7855446e+03
   1.0300000e+03  -2.8318794e+04  -1.5482555e+04
   1.0310000e+03  -9.4719384e+03  -4.6267060e+03
   1.0320000e+03   1.8741030e+04  -3.5000291e+03
   1.0330000e+03   4.6836605e+04  -8.6880945e+03
   1.0340000e+03   1.6184353e+04  -5.4960644e+03
   1.0350000e+03  -2.0507986e+04  -1.4575294e+04
   1.0360000e+03  -1.8783820e+04   7.9756861e+03
   1.0370000e+03  -1.5152334e+04   2.3378584e+04
   1.0380000e+03   5.4411636e+03  -1.9164282e+04
   1.0390000e+03   1.9350170e+04  -2.7434466e+04
   1.0400000e+03   7.1272138e+03   5.8413378e+03
   1.0410000e+03  -8.1709898e+03   2.5359719e+04
   1.0420000e+03  -1.6596145e+04   2.0170646e+04
   1.0430000e+03  -1.4395243e+04  -4.4529439e+03
   1.0440000e+03  -1.3854059e+04  -1.6347565e+04
   1.0450000e+03  -7.5789692e+03  -3.1615750e+03
   1.0460000e+03  -9.7653471e+03   1.5543375e+04
   1.0470000e+03  -8.3886632e+03  -1.4399645e+03
   1.0480000e+03   2.0578347e+04  -1.5679934e+04
   1.0490000e+03   1.7058662e+04   2.0654985e+04
   1.0500000e+03  -1.0788600e+03   2.8883377e+04
   1.0510000e+03  -1.5179076e+03   1.6287916e+03
   1.0520000e+03  -1.2229888e+04  -1.7964889e+04
   1.0530000e+03  -6.7126295e+03  -2.4485378e+04
   1.0540000e+03   3.3635508e+03   9.5765774e+03
   1.0550000e+03  -2.8949860e+03   3.6933246e+04
   1.0560000e+03  -1.3679661e+04   1.2678562e+04
   1.0570000e+03  -2.6230034e+04  -2.0369057e+04
   1.0580000e+03  -2.0749867e+04  -1.9011779e+04
   1.0590000e+03  -2.4201136e+03   3.6348389e+03
   1.0600000e+03   5.0060049e+03   8.5086740e+03
   1.0610000e+03  -1.6474516e+04   1.0914589e+04
   1.0620000e+03  -2.5387882e+04   1.1195557e+04
   1.0630000e+03   1.0740419e+04   6.3358963e+03
   1.0640000e+03   2.0830602e+04   6.9776632e+03
   1.0650000e+03   7.7256360e+03  -1.2937830e+04
   1.0660000e+03   5.8246919e+03  -1.1838824e+04
   1.0670000e+03  -6.9271842e+03   1.5823108e+04
   1.0680000e+03  -7.6912882e+03   1.4117500e+04
   1.0690000e+03   4.1802371e+03   8.0887054e+03
   1.0700000e+03   8.0456956e+03   2.2283123e+03
   1.0710000e+03   4.5819954e+03  -8.4547916e+03
   1.0720000e+03  -4.5752000e+03  -1.5365059e+03
   1.0730000e+03  -1.5470957e+04   8.6573944e+03
   1.0740000e+03  -1.6885989e+04   5.9124588e+03
   1.0750000e+03   8.6546976e+03   2.0869600e+03
   1.0760000e+03   1.7008189e+04   1.0034660e+04
   1.0770000e+03  -1.6626024e+03   6.1127600e+03
   1.0780000e+03  -5.5766073e+03   3.7943964e+03
   1.0790000e+03  -9.9222249e+03   1.0148695e+04
   1.0800000e+03   2.8060178e+03  -1.1656033e+04
   1.0810000e+03   1.3318870e+04  -8.7780275e+03
   1.0820000e+03  -1.0001377e+04   1.7800479e+04
   1.0830000e+03  -2.5956304e+03   6.8403066e+03
   1.0840000e+03   2.3711817e+04  -4.7915681e+03
   1.0850000e+03   2.1471102e+04  -1.0315435e+04
   1.0860000e+03   6.5438936e+03  -2.1375378e+04
   1.0870000e+03  -6.3776193e+03  -1.2020482e+04
   1.0880000e+03  -1.6457605e+04   1.1141289e+04
   1.0890000e+03  -1.3004556e+04   1.1312745e+04
   1.0900000e+03   2.0697050e+04  -1.2050092e+04
   1.0910000e+03   2.9243053e+04  -1.2055915e+04
   1.0920000e+03  -1.0098761e+03  -5.5402516e+03
   1.0930000e+03  -1.0982631e+04  -6.9810992e+03
   1.0940000e+03  -1.0211267e+04   6.8753587e+02
   1.0950000e+03   7.0126185e+03  -6.8484184e+03
   1.0960000e+03   2.0995975e+04  -3.3276789e+03
   1.0970000e+03   1.6568182e+03   7.4786947e+03
   1.0980000e+03   3.6090132e+03  -2.5311024e+03
   1.0990000e+03   1.8941879e+04   8.6171876e+02
   1.1000000e+03   1.8539294e+04  -1.9442431e+02
   1.1010000e+03   1.2299825e+04  -1.1234681e+04
   1.1020000e+03   1.7840003e+03  -2.2744822e+03
   1.1030000e+03  -3.0671780e+03   1.5969846e+04
   1.1040000e+03  -1.0043291e+03   1.3789484e+04
   1.1050000e+03   6.1447318e+03  -1.4027414e+04
   1.1060000e+03  -6.2744288e+03  -1.6515219e+04
   1.1070000e+03  -1.6972278e+04   9.5605022e+02
   1.1080000e+03  -2.8418049e+03   5.7607353e+03
   1.1090000e+03  -1.8507396e+04   2.3497834e+03
   1.1100000e+03  -1.6666833e+04  -2.2196019e+04
   1.1110000e+03   2.3313259e+04  -2.4327724e+04
   1.1120000e+03   1.5333141e+04  -2.0747823e+03
   1.1130000e+03  -1.3026685e+04  -4.9442351e+03
   1.1140000e+03  -9.2588124e+03   1.7745426e+03
   1.1150000e+03   1.3997092e+04   7.9760086e+03
   1.1160000e+03   2.3387488e+04  -1.8305791e+04
   1.1170000e+03   1.2986550e+04  -2.5183204e+04
   1.1180000e+03   7.6230851e+03   6.7474225e+03
   1.1190000e+03  -1.4949946e+03   1.3733660e+04
   1.1200000e+03  -7.0379268e+03  -8.8705740e+03
   1.1210000e+03  -7.4918412e+03   9.0748052e+02
   1.1220000e+03  -2.7612759e+03   1.3631029e+04
   1.1230000e+03   7.3750011e+03   1.1618365e+04
   1.1240000e+03  -2.1462965e+04   1.2999031e+04
   1.1250000e+03  -4.4947308e+04  -6.9176764e+03
   1.1260000e+03  -2.2956254e+04  -9.0864122e+03
   1.1270000e+03  -2.8022640e+02   4.4617255e+03
   1.1280000e+03   1.6391772e+04   5.6860553e+03
   1.1290000e+03   8.0649329e+03   2.5150830e+04
   1.1300000e+03  -1.6042429e+04   2.0452264e+04
   1.1310000e+03  -1.0348766e+04  -1.6216694e+04
   1.1320000e+03   1.4755533e+04  -2.6979227e+04
   1.1330000e+03   2.0984318e+04  -9.9782434e+03
   1.1340000e+03  -2.9993454e+03   2.6310711e+03
   1.1350000e+03  -1.4089216e+04   3.0271274e+03
   1.1360000e+03  -9.0097877e+03   1.4945725e+04
   1.1370000e+03  -9.5609025e+02   6.5420134e+03
   1.1380000e+03   1.5466383e+04  -1.6450500e+04
   1.1390000e+03   5.4573370e+02  -5.3773571e+03
   1.1400000e+03  -1.6454060e+04   3.7957613e+03
   1.1410000e+03  -7.4682718e+03   1.8586945e+04
   1.1420000e+03  -8.5095089e+03   3.1092018e+04
   1.1430000e+03  -6.1833628e+03   3.3164778e+03
   1.1440000e+03  -5.8073004e+03   3.4967008e+02
   1.1450000e+03  -7.6769149e+03   2.5278102e+04
   1.1460000e+03   5.3536424e+03   1.3527193e+04
   1.1470000e+03   9.0906578e+03  -2.2452722e+04
   1.1480000e+03  -1.4355417e+03  -2.6554583e+04
   1.1490000e+03  -8.6695083e+03   4.3905702e+03
   1.1500000e+03  -3.2569175e+03   2.4216750e+04
   1.1510000e+03  -1.7662826e+03   1.7409778e+04
   1.1520000e+03   2.6338943e+03  -1.5839046e+04
   1.1530000e+03   9.5281405e+03  -2.3922741e+04
   1.1540000e+03  -1.2894222e+04   8.6303698e+03
   1.1550000e+03  -1.1920294e+04   5.4725496e+03
   1.1560000e+03   8.8516564e+03  -6.3121343e+02
   1.1570000e+03  -8.1645825e+03   1.6450033e+04
   1.1580000e+03  -7.2889994e+03   1.0037778e+04
   1.1590000e+03   1.0165576e+04   3.3968468e+03
   1.1600000e+03  -1.9168480e+03   5.9592219e+02
   1.1610000e+03  -4.7899036e+03  -3.5722393e+03
   1.1620000e+03   1.3819328e+04   1.3017604e+03
   1.1630000e+03   9.2627828e+03   6.0660512e+03
   1.1640000e+03  -8.5399930e+03   8.2199946e+03
   1.1650000e+03   2.9665811e+03   9.5372422e+03
   1.1660000e+03   1.1611593e+04   1.6114814e+04
   1.1670000e+03   1.7372132e+04  -3.5516799e+03
   1.1680000e+03   2.6897800e+04  -3.4212517e+04
   1.1690000e+03  -7.3962877e+03  -2.2982890e+04
   1.1700000e+03  -1.8169392e+04   7.0608030e+01
   1.1710000e+03   1.2217489e+04   1.6420172e+04
   1.1720000e+03   3.2885652e+03   1.1327324e+03
   1.1730000e+03  -6.3421124e+03  -3.6474433e+04
   1.1740000e+03   7.6460500e+03  -1.6862987e+04
   1.1750000e+03   7.5833763e+03   1.6184614e+04
   1.1760000e+03   4.6006711e+02   9.9840430e+02
   1.1770000e+03   7.3281942e+03  -1.8140867e+04
   1.1780000e+03   7.0493856e+03  -7.3484621e+03
   1.1790000e+03  -1.7925390e+04   1.1557585e+04
   1.1800000e+03  -2.1091090e+04   1.2393740e+04
   1.1810000e+03  -1.8418925e+03   3.1914830e+03
   1.1820000e+03   2.1758383e+04  -1.7790109e+04
   1.1830000e+03   3.7362917e+04  -1.5557359e+04
   1.1840000e+03   2.2262276e+03   1.7263993e+04
   1.1850000e+03  -2.0185685e+04   6.6506301e+03
   1.1860000e+03  -2.2702500e+03  -1.1951787e+04
   1.1870000e+03  -1.2445538e+02  -2.8455562e+03
   1.1880000e+03   1.3498011e+04  -6.6790771e+03
   1.1890000e+03   2.3659754e+04  -5.6603114e+03
   1.1900000e+03  -2.1098349e+03  -3.5905652e+03
   1.1910000e+03  -1.7816355e+04  -9.7707790e+03
   1.1920000e+03   4.7869434e+03  -2.0111386e+03
   1.1930000e+03   2.5424083e+04   5.7767103e+03
   1.1940000e+03   2.7927886e+03  -1.3704576e+04
   1.1950000e+03  -1.6505093e+04  -3.1114996e+04
   1.1960000e+03  -6.9638218e+03  -8.0331451e+02
   1.1970000e+03   1.1979396e+04   1.8838077e+04
   1.1980000e+03   3.0872485e+04  -3.4765587e+01
   1.1990000e+03   1.4223078e+04  -1.0555962e+04
   1.2000000e+03  -1.5433255e+04  -9.3432396e+03
   1.2010000e+03  -2.6515440e+04   1.8146985e+04
   1.2020000e+03  -1.8305599e+04   2.6333262e+04
   1.2030000e+03   1.4185813e+04  -9.3078035e+03
   1.2040000e+03   1.2511922e+04  -4.7306885e+03
   1.2050000e+03  -2.4872266e+04   1.5498606e+04
   1.2060000e+03  -2.7302993e+04   4.2312484e+03
   1.2070000e+03   4.6484094e+02  -4.7565713e+02
   1.2080000e+03   7.8634152e+03   1.2533748e+03
   1.2090000e+03  -6.9753347e+03  -1.0610326e+04
   1.2100000e+03  -9.0071250e+03  -1.0754814e+04
   1.2110000e+03  -1.7780748e+04   8.7482108e+03
   1.2120000e+03  -1.7502846e+04  -1.9019266e+03
   1.2130000e+03   1.7859182e+04  -8.5828450e+03
   1.2140000e+03   2.0784322e+04   1.6773860e+04
   1.2150000e+03   3.3007121e+03   3.5214541e+03
   1.2160000e+03  -4.5845263e+03  -1.0582739e+04
   1.2170000e+03  -1.7926846e+04   6.0445897e+03
   1.2180000e+03  -4.7060147e+03   9.1412036e+03
   1.2190000e+03   8.4719191e+03   1.1148589e+04
   1.2200000e+03  -1.3747328e+03   1.0459706e+04
   1.2210000e+03  -6.2741025e+03   8.3665132e+03
   1.2220000e+03  -7.1070222e+03   4.5745553e+03
   1.2230000e+03  -5.2971609e+03  -5.2688959e+03
   1.2240000e+03  -1.3246229e+03   2.6248253e+03
   1.2250000e+03   2.0032250e+03   1.2827429e+04
   1.2260000e+03  -1.2617400e+04   8.5878259e+03
   1.2270000e+03  -2.3303716e+04  -8.0125219e+03
   1.2280000e+03  -5.4379185e+03  -6.3503517e+03
   1.2290000e+03  -3.1838374e+03   1.4149204e+04
   1.2300000e+03  -3.4172363e+03   2.0995685e+03
   1.2310000e+03   1.4566658e+03  -2.9254926e+03
   1.2320000e+03  -9.6374335e+03   6.0356458e+03
   1.2330000e+03  -4.8444161e+03  -8.0344540e+03
   1.2340000e+03   1.0817830e+03  -2.4251160e+03
   1.2350000e+03   2.7543260e+02   9.2861931e+03
   1.2360000e+03   1.1415471e+04   5.7160027e+03
   1.2370000e+03   1.8520102e+04   8.8869034e+03
   1.2380000e+03   9.3413487e+03   5.0585572e+03
   1.2390000e+03  -7.9177565e+03  -7.3500433e+03
   1.2400000e+03  -3.1905644e+03  -1.4504262e+03
   1.2410000e+03   2.4585926e+03   1.6961923e+04
   1.2420000e+03  -1.7225125e+03   1.9226819e+02
   1.2430000e+03   1.7589105e+03  -1.5046146e+04
   1.2440000e+03  -1.4896952e+04   1.0623685e+04
   1.2450000e+03  -3.2251650e+03   1.3591309e+04
   1.2460000e+03   3.4299857e+04   2.7517410e+03
   1.2470000e+03   1.6905059e+04  -3.4187327e+03
   1.2480000e+03  -7.1283754e+03  -1.7740072e+04
   1.2490000e+03  -6.7609626e+03  -9.5328362e+03
   1.2500000e+03  -2.9920938e+03  -7.1047548e+03
   1.2510000e+03   1.0153544e+04  -1.7663750e+04
   1.2520000e+03   1.0665426e+04  -1.6967268e+03
   1.2530000e+03  -9.6838741e+02   1.2739497e+04
   1.2540000e+03   1.1988472e+03  -6.3789292e+03
   1.2550000e+03   8.2765541e+03  -1.5323365e+04
   1.2560000e+03  -7.7093550e+03   1.2019857e+04
   1.2570000e+03  -1.6003704e+04   7.7309379e+03
   1.2580000e+03   3.1007457e+03  -1.4871357e+04
   1.2590000e+03   8.3655368e+03  -1.6608717e+03
   1.2600000e+03   2.2978836e+04   6.1740832e+03
   1.2610000e+03   3.5059576e+04   1.0441092e+04
   1.2620000e+03   4.8611509e+03   5.0220136e+03
   1.2630000e+03  -6.3344675e+03  -1.6727833e+04
   1.2640000e+03   7.7195623e+03  -8.6113450e+03
   1.2650000e+03   5.1983086e+03   1.1100075e+03
   1.2660000e+03   2.3603998e+03  -5.9075918e+03
   1.2670000e+03   1.2573667e+04  -8.7805107e+03
   1.2680000e+03   9.0745201e+03  -7.9201920e+03
   1.2690000e+03  -7.9552817e+03  -1.3754085e+04
   1.2700000e+03   2.9680657e+03  -2.1509772e+04
   1.2710000e+03   4.4541231e+03   4.1900241e+03
   1.2720000e+03  -1.3552590e+04   1.5207498e+04
   1.2730000e+03   6.5790751e+02  -1.3712722e+04
   1.2740000e+03   9.2824442e+03  -2.0226745e+04
   1.2750000e+03   8.5564918e+03  -7.6754341e+03
   1.2760000e+03   8.8799920e+03   1.5751764e+04
   1.2770000e+03  -1.2134832e+04   1.8820086e+04
   1.2780000e+03  -1.1428004e+04  -7.6957839e+03
   1.2790000e+03  -2.6536133e+02  -2.0288967e+03
   1.2800000e+03  -9.6278181e+03   3.1656608e+03
   1.2810000e+03  -2.9865916e+03  -1.2453552e+04
   1.2820000e+03   1.6754578e+04  -8.4903753e+03
   1.2830000e+03   1.0379483e+04   5.5774103e+03
   1.2840000e+03  -1.3813611e+04   6.6804977e+03
   1.2850000e+03  -2.1586358e+04  -5.6860948e+03
   1.2860000e+03  -2.1384626e+04  -4.3163231e+03
   1.2870000e+03  -6.1572563e+03   2.7944445e+03
   1.2880000e+03   1.5457864e+04   1.2674001e+04
   1.2890000e+03   2.8368123e+02   2.1776771e+04
   1.2900000e+03  -8.9000417e+03  -1.1447542e+04
   1.2910000e+03  -5.0109422e+03  -2.3840672e+04
   1.2920000e+03  -1.6651222e+04   1.2373599e+04
   1.2930000e+03  -1.1456628e+04   2.2581877e+04
   1.2940000e+03  -7.2832355e+03   1.1856406e+04
   1.2950000e+03  -9.9856056e+03  -5.1068522e+02
   1.2960000e+03   5.0168553e+03  -6.5530906e+03
   1.2970000e+03   2.1730119e+04   4.0841218e+03
   1.2980000e+03   1.4802643e+04   1.1081515e+04
   1.2990000e+03  -1.6363591e+04   4.1208265e+03
   1.3000000e+03  -2.5270112e+04   7.2823950e+02
   1.3010000e+03  -1.4529570e+04   1.0212254e+04
   1.3020000e+03  -6.3371371e+03  -7.0517657e+03
   1.3030000e+03   7.7595323e+02  -1.9545081e+04
   1.3040000e+03  -1.7633443e+04   1.5925377e+04
   1.3050000e+03  -1.5721556e+04   2.3563340e+04
   1.3060000e+03   1.3904564e+04  -1.4473368e+03
   1.3070000e+03   4.3748427e+03  -1.7050350e+04
   1.3080000e+03  -1.7782184e+04  -1.6327768e+04
   1.3090000e+03  -1.5473871e+04   1.5262224e+04
   1.3100000e+03   6.9607707e+03   2.8605773e+04
   1.3110000e+03   2.4006418e+04   4.9938862e+03
   1.3120000e+03   1.0603144e+04  -7.4763769e+03
   1.3130000e+03  -1.2732934e+04   3.9908685e+03
   1.3140000e+03  -1.2547437e+04   1.4505864e+04
   1.3150000e+03   1.5411521e+04   9.8882158e+03
   1.3160000e+03   1.1224941e+04   4.5879804e+03
   1.3170000e+03  -1.8621756e+04  -8.3518790e+03
   1.3180000e+03  -1.0005387e+04  -5.3756307e+03
   1.3190000e+03   1.3035141e+03   1.2932245e+04
   1.3200000e+03   5.9139321e+03  -6.1696921e+03
   1.3210000e+03   1.1425594e+04  -9.5425959e+03
   1.3220000e+03   2.6424946e+02   1.2641304e+04
   1.3230000e+03   2.3548825e+03   4.7115906e+03
   1.3240000e+03   2.2320737e+03  -6.1779318e+03
   1.3250000e+03  -5.3014729e+03  -1.1753970e+04
   1.3260000e+03   9.5163654e+03  -5.6716218e+03
   1.3270000e+03   1.9182659e+04   1.7016153e+04
   1.3280000e+03   1.0000231e+04   2.2110898e+04
   1.3290000e+03   1.3442380e+04  -2.6497578e+03
   1.3300000e+03   2.5709628e+04  -2.8563016e+04
   1.3310000e+03   1.3557409e+03  -1.6630542e+04
   1.3320000e+03  -2.2733194e+04  -1.6867666e+03
   1.3330000e+03  -4.8498801e+03   5.5781349e+03
   1.3340000e+03   8.5068241e+03   1.9914478e+04
   1.3350000e+03   2.4080097e+04  -3.3115576e+03
   1.3360000e+03   2.9515695e+04  -2.3373260e+04
   1.3370000e+03  -2.0901330e+03  -1.3777382e+04
   1.3380000e+03  -1.4578613e+04  -5.1705098e+03
   1.3390000e+03  -6.3570041e+03   1.4606985e+04
   1.3400000e+03  -1.4623799e+03   7.9087959e+03
   1.3410000e+03   6.2695820e+03  -1.8134459e+04
   1.3420000e+03   1.1283988e+04  -1.2095247e+04
   1.3430000e+03   5.3144620e+03   2.5494463e+03
   1.3440000e+03  -1.9990716e+03   1.4358134e+03
   1.3450000e+03   1.7289938e+04  -7.8322330e+03
   1.3460000e+03   2.0674447e+04  -1.4524270e+04
   1.3470000e+03  -9.5008259e+03  -2.4889337e+04
   1.3480000e+03  -1.6458749e+04  -6.2297339e+03
   1.3490000e+03  -2.9862354e+03   3.2892317e+04
   1.3500000e+03   2.0312032e+04   8.3605519e+03
   1.3510000e+03   2.1384859e+04  -2.8710748e+04
   1.3520000e+03  -1.0630768e+04  -1.9631056e+04
   1.3530000e+03  -1.3996689e+04  -4.6562233e+03
   1.3540000e+03  -7.2093398e+03   8.8876755e+03
   1.3550000e+03  -1.4085621e+04   3.7563050e+03
   1.3560000e+03  -1.1047342e+04  -1.3696912e+04
   1.3570000e+03  -4.1150403e+03  -1.2142711e+04
   1.3580000e+03   3.0383226e+03   1.0202906e+03
   1.3590000e+03   9.0372121e+03   4.8779009e+03
   1.3600000e+03   7.6695273e+03  -3.1102523e+03
   1.3610000e+03  -1.2265746e+04   5.3193971e+03
   1.3620000e+03  -2.1279401e+04   9.0856218e+03
   1.3630000e+03  -5.2549752e+03   1.6301634e+03
   1.3640000e+03  -2.5674149e+03   8.6605867e+03
   1.3650000e+03   9.3369307e+03  -4.9818822e+02
   1.3660000e+03   1.0432708e+04  -6.4277695e+03
   1.3670000e+03  -2.3935202e+04   6.4388988e+03
   1.3680000e+03  -2.3190859e+04   1.1175273e+04
   1.3690000e+03  -5.1559271e+02   1.0120015e+04
   1.3700000e+03   1.7539059e+03  -6.8829816e+03
   1.3710000e+03   1.2235186e+03  -9.7557740e+03
   1.3720000e+03   4.4339741e+03   1.5257424e+04
   1.3730000e+03   1.0075705e+03   2.0002430e+04
   1.3740000e+03  -5.4010577e+03  -7.5426823e+03
   1.3750000e+03   8.7216057e+03  -2.9145807e+04
   1.3760000e+03   8.1502007e+03  -5.8743509e+03
   1.3770000e+03  -1.0431883e+04   1.6925836e+04
   1.3780000e+03  -3.8370562e+03   1.9983629e+04
   1.3790000e+03  -7.5326266e+03   2.6715656e+04
   1.3800000e+03  -1.3665386e+04  -2.1861727e+02
   1.3810000e+03  -6.5560088e+03  -1.8173962e+04
   1.3820000e+03  -1.1357085e+04   9.2249491e+02
   1.3830000e+03  -6.8028520e+03   5.7162853e+03
   1.3840000e+03  -5.7561202e+03   1.1783441e+04
   1.3850000e+03  -1.2863222e+04   1.3080846e+04
   1.3860000e+03   4.1114300e+02  -1.0687039e+03
   1.3870000e+03   1.6968148e+04   2.0888746e+03
   1.3880000e+03   4.1777524e+03   1.4594034e+04
   1.3890000e+03  -2.1045711e+04   5.3549140e+03
   1.3900000e+03  -8.3389851e+03  -1.5492719e+04
   1.3910000e+03   9.6355888e+03  -1.4283821e+04
   1.3920000e+03   9.9179062e+03  -4.6067493e+03
   1.3930000e+03   1.8096867e+04   1.6988100e+04
   1.3940000e+03   3.1548291e+03   3.1711159e+04
   1.3950000e+03  -1.1163952e+04  -1.0910567e+04
   1.3960000e+03  -5.6930928e+03  -3.1167544e+04
   1.3970000e+03  -7.3456397e+03   2.6551637e+03
   1.3980000e+03   7.1207547e+03   2.3451174e+04
   1.3990000e+03   1.6137133e+04   2.5781412e+04
   1.4000000e+03   1.2619871e+03  -3.4535618e+02
   1.4010000e+03  -2.8655833e+03  -2.4180590e+04
   1.4020000e+03   5.0154558e+03  -4.4485666e+03
   1.4030000e+03  -3.8989827e+02   1.9385947e+04
   1.4040000e+03  -9.0697836e+03   1.2781649e+04
   1.4050000e+03   9.0887796e+03  -1.1707441e+04
   1.4060000e+03   1.3973674e+04  -1.8043243e+04
   1.4070000e+03   5.3350040e+03  -1.0993139e+04
   1.4080000e+03   1.2465534e+04   4.1057243e+03
   1.4090000e+03  -5.7085529e+03   1.4711150e+04
   1.4100000e+03  -9.6021517e+03  -1.6617321e+04
   1.4110000e+03   1.0579008e+04  -2.9442349e+04
   1.4120000e+03   6.2601766e+03   9.5921828e+02
   1.4130000e+03   1.8990262e+04   1.6495687e+04
   1.4140000e+03   2.4512380e+04   1.1438062e+04
   1.4150000e+03  -1.2742360e+04  -9.3649821e+03
   1.4160000e+03  -2.9052727e+04  -1.6824279e+04
   1.4170000e+03  -1.5423230e+03   7.7185730e+02
   1.4180000e+03   1.5932360e+04   1.1957439e+04
   1.4190000e+03   6.1233647e+02   1.0118841e+04
   1.4200000e+03   8.0822027e+02  -5.6502761e+03
   1.4210000e+03   9.9519863e+03  -2.1986646e+04
   1.4220000e+03   4.2641907e+03  -2.3007773e+04
   1.4230000e+03  -2.6476481e+03   7.1982797e+03
   1.4240000e+03  -1.7416055e+04   3.0110341e+04
   1.4250000e+03  -5.3889000e+01  -1.0375984e+04
   1.4260000e+03   3.3382914e+04  -3.9261924e+04
   1.4270000e+03   1.8700681e+04  -1.9794618e+04
   1.4280000e+03  -6.0815833e+03   4.2643867e+03
   1.4290000e+03  -8.8171138e+03   2.4922656e+04
   1.4300000e+03   4.2216796e+03   1.3271074e+04
   1.4310000e+03   7.4152488e+03  -1.1583233e+04
   1.4320000e+03  -6.9463369e+03  -1.4173686e+04
   1.4330000e+03  -3.5019093e+03  -8.6987854e+03
   1.4340000e+03   6.3590826e+03  -1.8382903e+03
   1.4350000e+03   8.9651008e+03   2.2000302e+03
   1.4360000e+03   3.6414150e+01   1.0358247e+04
   1.4370000e+03  -1.1648651e+04   7.2858406e+03
   1.4380000e+03  -5.5210766e+03  -2.4072788e+03
   1.4390000e+03  -6.8340527e+03  -2.2531660e+03
   1.4400000e+03  -1.6887208e+03  -1.6266267e+04
   1.4410000e+03   8.3264140e+03  -1.1196786e+04
   1.4420000e+03  -5.3007409e+03   8.0165617e+03
   1.4430000e+03  -4.7407575e+03  -1.7183374e+03
   1.4440000e+03   6.3643796e+03  -4.9386372e+03
   1.4450000e+03   2.1397737e+03   2.4138494e+03
   1.4460000e+03  -3.9905754e+03   1.0735130e+03
   1.4470000e+03  -3.7077770e+03  -4.6357904e+03
   1.4480000e+03  -5.5513059e+03  -4.1782731e+03
   1.4490000e+03  -7.9695528e+03   4.6322593e+03
   1.4500000e+03   7.8767120e+03   1.1151222e+04
   1.4510000e+03   5.8819108e+03   1.7808981e+04
   1.4520000e+03  -1.1104960e+04   5.6612000e+02
   1.4530000e+03  -6.0885806e+03  -1.6111741e+04
   1.4540000e+03  -1.2546676e+04  -1.0141004e+03
   1.4550000e+03  -5.1993743e+03   7.0513486e+02
   1.4560000e+03   6.1431992e+03   8.6902192e+03
   1.4570000e+03  -2.3714206e+04   1.7053616e+04
   1.4580000e+03  -1.9796703e+04  -7.2652069e+03
   1.4590000e+03   1.3654372e+04  -7.8985817e+03
   1.4600000e+03   7.8477225e+03   1.6071143e+04
   1.4610000e+03  -7.9657446e+03   1.7705850e+04
   1.4620000e+03  -8.5668814e+03  -5.2103896e+03
   1.4630000e+03  -1.9499169e+04  -1.1514384e+04
   1.4640000e+03  -2.4423454e+04   6.0376722e+03
   1.4650000e+03   9.8819364e+03   8.9842005e+03
   1.4660000e+03   2.1592939e+04   1.3823764e+04
   1.4670000e+03  -3.2156919e+03   1.2470604e+04
   1.4680000e+03  -1.0100041e+04   2.5730969e+03
   1.4690000e+03  -1.5241529e+04   4.2740994e+03
   1.4700000e+03   1.2848153e+03  -1.3592404e+04
   1.4710000e+03   2.2391322e+04  -6.8573970e+03
   1.4720000e+03  -7.6064499e+03   2.5466941e+04
   1.4730000e+03  -2.2913770e+04   1.3147159e+04
   1.4740000e+03   9.0724393e+03  -6.1090762e+03
   1.4750000e+03   3.4184602e+04  -5.5974497e+03
   1.4760000e+03   1.5606652e+04  -5.0951201e+02
   1.4770000e+03  -2.2906205e+04   5.6516086e+03
   1.4780000e+03  -3.2725236e+04   6.2718181e+03
   1.4790000e+03  -1.6643848e+04   4.7147770e+02
   1.4800000e+03   8.2730208e+03  -3.1320487e+03
   1.4810000e+03   1.4836529e+04   1.5845889e+04
   1.4820000e+03   9.0790863e+03   2.0972867e+04
   1.4830000e+03   8.5741345e+03   5.2719308e+01
   1.4840000e+03  -1.1413932e+04  -1.2225130e+04
   1.4850000e+03  -4.9302159e+03  -2.5269012e+04
   1.4860000e+03   2.2731784e+04  -1.1366723e+04
   1.4870000e+03   1.0726703e+04   1.4161570e+04
   1.4880000e+03   8.2153692e+03   3.2936943e+03
   1.4890000e+03   1.9699094e+04  -2.3984484e+03
   1.4900000e+03   7.6988132e+03   2.0169937e+03
   1.4910000e+03  -4.5775575e+03  -1.1863222e+04
   1.4920000e+03  -2.1816974e+03  -2.7049936e+04
   1.4930000e+03   6.4987678e+03  -1.3045684e+04
   1.4940000e+03   1.3213712e+04   9.3261531e+03
   1.4950000e+03   9.7623758e+03   6.9038071e+03
   1.4960000e+03  -1.8864231e+04   1.2656298e+04
   1.4970000e+03  -1.8643541e+04   1.3138368e+04
   1.4980000e+03   2.9374823e+04  -7.6543896e+03
   1.4990000e+03   2.4264777e+04  -2.1584615e+04
   1.5000000e+03  -1.1776147e+04  -2.6813309e+04
   1.5010000e+03  -4.4263798e+03   6.2097971e+03
   1.5020000e+03   1.4723851e+04   3.0653637e+04
   1.5030000e+03   1.7848338e+04  -3.0214695e+03
   1.5040000e+03  -2.8140230e+03  -2.1186838e+04
   1.5050000e+03  -1.4902184e+04  -1.0270832e+04
   1.5060000e+03   5.1826414e+03   3.1079411e+03
   1.5070000e+03   2.2406918e+04   1.1277108e+04
   1.5080000e+03   1.2972391e+04   4.4107657e+03
   1.5090000e+03  -1.0360480e+04  -1.1270078e+04
   1.5100000e+03  -1.3781155e+04  -2.4987298e+04
   1.5110000e+03  -9.8856996e+03  -1.2292394e+04
   1.5120000e+03  -1.6258903e+03   8.5937330e+02
   1.5130000e+03   1.5499999e+04   2.5647795e+03
   1.5140000e+03   5.1677050e+01   4.2783463e+03
   1.5150000e+03  -6.0352963e+03  -2.0583421e+04
   1.5160000e+03   1.2172549e+04  -1.9033917e+04
   1.5170000e+03   3.8943418e+03   1.1536035e+04
   1.5180000e+03  -4.9398500e+00   8.1526614e+03
   1.5190000e+03   1.3149545e+03   1.2696612e+03
   1.5200000e+03  -1.1778436e+04  -3.5102862e+03
   1.5210000e+03  -6.9532452e+03  -1.0343476e+04
   1.5220000e+03   1.3583196e+04   1.8651473e+03
   1.5230000e+03   8.2331419e+03   1.4953518e+04
   1.5240000e+03  -1.4992349e+04   5.3181829e+03
   1.5250000e+03  -1.6427109e+04  -1.3168550e+04
   1.5260000e+03  -2.1047842e+04  -5.1259381e+03
   1.5270000e+03  -1.3970882e+04   2.1393714e+03
   1.5280000e+03   1.4395608e+04   1.6852846e+03
   1.5290000e+03  -4.3892341e+03   9.1656233e+03
   1.5300000e+03  -1.9267297e+04  -4.3924700e+03
   1.5310000e+03  -7.4142707e+02  -5.8988825e+02
   1.5320000e+03  -4.5803493e+03   1.0811289e+04
   1.5330000e+03  -2.0850534e+03  -7.5971528e+03
   1.5340000e+03   1.5646262e+03  -1.4669825e+03
   1.5350000e+03  -1.0592344e+04   1.1400357e+04
   1.5360000e+03  -9.2165960e+03   3.9804798e+03
   1.5370000e+03   6.7513462e+03   3.6761781e+03
   1.5380000e+03   1.7189295e+04   8.3456310e+03
   1.5390000e+03   2.6169608e+03   7.8113463e+03
   1.5400000e+03  -1.5535602e+04   4.8691897e+03
   1.5410000e+03  -2.2654101e+04   1.0964898e+04
   1.5420000e+03  -1.0749356e+04  -2.6167278e+03
   1.5430000e+03   1.0886109e+04  -1.7629601e+04
   1.5440000e+03  -5.2530581e+03   9.3647741e+03
   1.5450000e+03  -1.6485119e+04   2.2896541e+04
   1.5460000e+03  -5.9777329e+03   1.5082591e+04
   1.5470000e+03  -1.6466976e+04   7.2899535e+03
   1.5480000e+03  -1.3167191e+04  -5.6855750e+03
   1.5490000e+03   6.1058479e+02  -2.1065750e+03
   1.5500000e+03   3.8588118e+03  -9.0923941e+02
   1.5510000e+03   1.0663047e+04  -2.4158238e+03
   1.5520000e+03   8.5849001e+03   9.3638168e+03
   1.5530000e+03  -2.5979360e+03   1.2643168e+04
   1.5540000e+03   2.8734752e+02  -3.3383685e+02
   1.5550000e+03   1.9143881e+04  -8.2023175e+03
   1.5560000e+03   1.2550891e+04   9.3600192e+03
   1.5570000e+03  -6.6078560e+01   1.3028796e+04
   1.5580000e+03   1.0514305e+04   6.2780844e+03
   1.5590000e+03  -5.3239507e+03   1.3091554e+04
   1.5600000e+03  -1.2865929e+04  -6.9926329e+03
   1.5610000e+03   8.6169206e+03  -1.2377353e+04
   1.5620000e+03   7.9140268e+03   7.5517871e+03
   1.5630000e+03   7.2405582e+03   4.4459097e+03
   1.5640000e+03   4.8821434e+03   8.9219462e+03
   1.5650000e+03  -9.2200640e+03   6.6599194e+03
   1.5660000e+03  -4.0306349e+03  -1.8165755e+04
   1.5670000e+03   1.4586602e+04  -2.2707768e+04
   1.5680000e+03   1.9003154e+04  -2.8396976e+03
   1.5690000e+03   4.7606009e+03   4.0202634e+03
   1.5700000e+03  -4.4154083e+03  -1.0366426e+04
   1.5710000e+03  -9.4400466e+03  -4.6022594e+03
   1.5720000e+03   2.6139883e+03   5.6716780e+03
   1.5730000e+03   2.4126999e+04   4.7515190e+02
   1.5740000e+03   3.9798720e+03  -5.3984158e+03
   1.5750000e+03  -5.3434843e+03  -1.7074573e+04
   1.5760000e+03   5.8921046e+03  -2.1785583e+03
   1.5770000e+03  -1.3483728e+04   1.4505128e+04
   1.5780000e+03  -5.9989285e+03   2.3490276e+03
   1.5790000e+03   1.9573297e+04   1.0192589e+03
   1.5800000e+03   9.0239000e+02  -1.1481176e+04
   1.5810000e+03  -1.9670869e+04  -2.4485385e+04
   1.5820000e+03   5.2304285e+03  -3.1017320e+03
   1.5830000e+03   3.2181446e+04   1.6536758e+04
   1.5840000e+03   2.0419724e+04   4.0267385e+03
   1.5850000e+03   7.8538058e+03  -2.1291319e+04
   1.5860000e+03  -4.0775482e+03  -1.0014183e+04
   1.5870000e+03  -1.2005702e+04   7.5172699e+03
   1.5880000e+03   7.7583461e+03  -4.8907243e+03
   1.5890000e+03   6.4030736e+03  -1.8007419e+04
   1.5900000e+03  -5.3599284e+03  -2.1943404e+04
   1.5910000e+03   2.3435694e+03   6.2620318e+03
   1.5920000e+03   5.1621563e+03   2.2193915e+04
   1.5930000e+03   5.1611457e+03  -8.2905189e+03
   1.5940000e+03  -8.3313392e+03  -8.9794255e+03
   1.5950000e+03  -2.0497647e+04   4.0005305e+03
   1.5960000e+03  -5.8119899e+03  -8.3281692e+03
   1.5970000e+03   1.4708752e+04  -8.0034464e+03
   1.5980000e+03   1.6715724e+04   8.5448146e+03
   1.5990000e+03  -8.2995796e+02   4.5871285e+03
   1.6000000e+03  -6.8494126e+03  -1.6663367e+04
   1.6010000e+03  -1.0299663e+04  -9.7622030e+03
   1.6020000e+03  -1.3313977e+04  -3.0200515e+02
   1.6030000e+03   9.9096225e+02  -2.2050920e+03
   1.6040000e+03  -2.1438697e+03   1.5318038e+03
   1.6050000e+03  -1.2482806e+03  -1.5297084e+04
   1.6060000e+03   3.4574565e+03  -1.3315322e+03
   1.6070000e+03  -2.2231374e+04   3.0171167e+04
   1.6080000e+03  -2.3958779e+04  -1.0464398e+03
   1.6090000e+03  -2.1053140e+03  -2.4404920e+04
   1.6100000e+03  -2.2028740e+02   4.1967209e+03
   1.6110000e+03  -2.4796312e+03   2.6086995e+04
   1.6120000e+03   3.6599253e+03   1.5596968e+04
   1.6130000e+03  -1.5165317e+03  -1.8177726e+03
   1.6140000e+03  -1.0449769e+04  -8.0252847e+03
   1.6150000e+03   1.0432365e+04  -3.8190362e+03
   1.6160000e+03   1.2292004e+04   1.8323027e+04
   1.6170000e+03  -1.3644375e+04   1.8110260e+04
   1.6180000e+03  -7.6786481e+03  -1.1253512e+03
   1.6190000e+03  -2.5596133e+03   7.9807567e+03
   1.6200000e+03  -5.2214112e+03   1.4808787e+04
   1.6210000e+03  -5.9977385e+03   1.3764459e+04
   1.6220000e+03  -1.8710698e+04   8.2244465e+02
   1.6230000e+03  -8.4741396e+03  -1.4267082e+04
   1.6240000e+03   8.5060439e+02   1.4367024e+04
   1.6250000e+03  -1.2186741e+04   2.7462466e+04
   1.6260000e+03  -6.1995684e+03  -2.9399164e+03
   1.6270000e+03   1.6805233e+04  -1.8060656e+04
   1.6280000e+03   1.8334499e+04  -8.7349675e+03
   1.6290000e+03  -1.8845164e+03  -2.6609400e+02
   1.6300000e+03  -4.4133397e+03   4.5952543e+03
   1.6310000e+03  -6.3512645e+03   2.0264577e+04
   1.6320000e+03  -1.0176219e+04   1.5708879e+04
   1.6330000e+03   1.6256355e+04  -2.8982743e+03
   1.6340000e+03   2.7203413e+04  -1.4617929e+03
   1.6350000e+03   8.5169546e+03   1.7796419e+02
   1.6360000e+03  -1.5590759e+04   1.6951873e+04
   1.6370000e+03  -2.6753609e+04   1.7175689e+04
   1.6380000e+03  -4.5935567e+03  -1.8729174e+04
   1.6390000e+03   8.5061218e+03  -1.1334059e+04
   1.6400000e+03   1.4187480e+03   1.9145948e+04
   1.6410000e+03   9.4788482e+02   1.2598501e+04
   1.6420000e+03   5.6049634e+03  -1.7465222e+04
   1.6430000e+03   8.8549743e+03  -2.9139343e+04
   1.6440000e+03  -1.5711734e+03  -7.6335364e+03
   1.6450000e+03  -9.9630807e+03   1.1705415e+04
   1.6460000e+03  -8.8484120e+03   1.2457298e+04
   1.6470000e+03   8.4299676e+03  -1.1166755e+04
   1.6480000e+03   3.1412157e+04  -1.7520627e+04
   1.6490000e+03   1.3285058e+04   8.1275214e+03
   1.6500000e+03  -1.4715182e+03  -7.1509297e+03
   1.6510000e+03   2.3017306e+03  -2.2098637e+04
   1.6520000e+03  -1.4301066e+04   2.4310275e+02
   1.6530000e+03  -3.7696490e+03   1.0470961e+04
   1.6540000e+03   2.7222670e+04   1.4017800e+04
   1.6550000e+03   2.4553839e+04   1.6844101e+03
   1.6560000e+03  -1.0010542e+03  -1.8739371e+04
   1.6570000e+03  -1.3750292e+04  -1.9810613e+04
   1.6580000e+03  -5.9289987e+03  -7.2244907e+03
   1.6590000e+03   3.9559773e+03   1.1782459e+04
   1.6600000e+03   1.1831365e+04   1.6317204e+04
   1.6610000e+03  -3.5966618e+03   2.5427168e+03
   1.6620000e+03  -1.5570710e+04  -2.8409418e+04
   1.6630000e+03   1.1946698e+04  -3.4288821e+04
   1.6640000e+03   1.4850546e+04   4.0178708e+03
   1.6650000e+03  -4.7613718e+02   8.1518317e+03
   1.6660000e+03   2.5743188e+03  -6.4693978e+03
   1.6670000e+03   1.0313622e+03  -7.8359138e+02
   1.6680000e+03   1.1061281e+04   2.6142684e+03
   1.6690000e+03   2.1110235e+04   8.2842669e+03
   1.6700000e+03   1.1537816e+04  -6.6401283e+03
   1.6710000e+03  -2.8342529e+02  -2.3673250e+04
   1.6720000e+03  -1.0598213e+04  -8.2377053e+03
   1.6730000e+03  -1.1754090e+04   8.3218873e+03
   1.6740000e+03   7.8071533e+03   1.0010414e+04
   1.6750000e+03   2.0598768e+04   5.1434517e+03
   1.6760000e+03  -2.1165569e+04  -8.1124702e+02
   1.6770000e+03  -4.8195013e+04  -2.5337863e+04
   1.6780000e+03  -2.6326192e+03  -2.7331933e+04
   1.6790000e+03   1.8387823e+04   2.3740737e+04
   1.6800000e+03   3.2161584e+03   3.3240857e+04
   1.6810000e+03  -1.9594945e+03  -2.8433976e+02
   1.6820000e+03  -8.2756397e+03  -1.0536745e+04
   1.6830000e+03  -1.1754791e+03   2.4647001e+03
   1.6840000e+03   9.4274538e+03   2.5386815e+04
   1.6850000e+03   1.1752603e+04   1.2545877e+04
   1.6860000e+03   6.6939008e+03  -1.7661536e+04
   1.6870000e+03  -1.0026822e+04  -1.0113627e+04
   1.6880000e+03  -1.5515776e+04   5.8463175e+03
   1.6890000e+03  -3.5736813e+03  -6.9520256e+02
   1.6900000e+03   7.2323342e+03  -7.5543645e+03
   1.6910000e+03  -6.3190656e+03   9.8317435e+03
   1.6920000e+03  -1.5493034e+04   1.1281769e+04
   1.6930000e+03  -3.8052521e+03  -9.6941728e+03
   1.6940000e+03  -1.7418933e+04  -6.9575341e+03
   1.6950000e+03  -2.4402013e+04   2.5404160e+03
   1.6960000e+03  -8.0513939e+03   8.6177180e+03
   1.6970000e+03   9.0546940e+01   2.0642682e+03
   1.6980000e+03   1.9089042e+04  -1.2099745e+04
   1.6990000e+03   2.3108239e+04   6.8600221e+03
   1.7000000e+03  -7.0551623e+03   2.2562864e+04
   1.7010000e+03  -2.6840590e+04   6.3211805e+03
   1.7020000e+03  -1.1493506e+04  -1.4510766e+04
   1.7030000e+03   6.0389136e+03  -1.6119226e+04
   1.7040000e+03  -4.1497713e+03   7.6189607e+03
   1.7050000e+03  -4.8228371e+03   2.8142862e+04
   1.7060000e+03   2.3965664e+03   1.9588633e+04
   1.7070000e+03  -3.4836106e+03  -2.3059340e+04
   1.7080000e+03  -1.4363593e+04  -3.3239078e+04
   1.7090000e+03  -2.4971943e+04   2.0247858e+04
   1.7100000e+03   9.0966673e+03   4.5125622e+04
   1.7110000e+03   3.8646522e+04   2.7415034e+04
   1.7120000e+03  -5.7418500e+01  -1.2893621e+03
   1.7130000e+03  -2.2350152e+04  -2.7076671e+04
   1.7140000e+03   3.6721300e+00  -1.2517293e+04
   1.7150000e+03   1.6434407e+04   1.1278350e+04
   1.7160000e+03   5.5003900e+03   1.3088141e+04
   1.7170000e+03  -1.8713398e+04   1.8720522e+03
   1.7180000e+03  -1.7714653e+04  -1.4039847e+04
   1.7190000e+03   1.3538274e+04  -1.9721173e+04
   1.7200000e+03   3.6763128e+04  -6.6292573e+03
   1.7210000e+03   6.8228627e+03   2.1446929e+04
   1.7220000e+03  -2.1767724e+04   1.6565971e+04
   1.7230000e+03  -1.7645303e+03  -4.6870643e+03
   1.7240000e+03   1.0045203e+03   3.9153715e+03
   1.7250000e+03   5.4349306e+03   2.2589258e+03
   1.7260000e+03   2.2623650e+04   1.2078658e+04
   1.7270000e+03   1.5899071e+03   3.1584431e+04
   1.7280000e+03  -1.6343114e+04   1.9903026e+03
   1.7290000e+03  -7.6408931e+03  -2.5527046e+04
   1.7300000e+03   9.3463258e+03  -1.1394707e+04
   1.7310000e+03   1.9001548e+04   4.9583533e+03
   1.7320000e+03   5.8237208e+03  -7.5883427e+03
   1.7330000e+03  -1.2207811e+04  -2.1167150e+04
   1.7340000e+03  -2.9573301e+03  -7.0596113e+03
   1.7350000e+03   3.2130112e+04   5.3222257e+03
   1.7360000e+03   2.2249597e+04  -1.2936263e+03
   1.7370000e+03  -1.2416723e+04  -2.4804654e+04
   1.7380000e+03   7.2717936e+02  -1.7066084e+04
   1.7390000e+03   5.3156309e+03   2.2389203e+04
   1.7400000e+03   2.4310679e+03   1.2212698e+04
   1.7410000e+03   2.1245477e+04  -1.4612634e+03
   1.7420000e+03   1.6161659e+04   1.0348374e+04
   1.7430000e+03  -2.3298190e+03  -8.5287142e+03
   1.7440000e+03  -1.3678014e+04  -2.1980980e+04
   1.7450000e+03  -7.9865045e+03  -7.1560828e+03
   1.7460000e+03   8.3613761e+03   5.1811229e+03
   1.7470000e+03   2.3751259e+03  -3.7788055e+03
   1.7480000e+03  -1.7258242e+04  -1.4991306e+04
   1.7490000e+03  -1.4756690e+04  -1.0799558e+04
   1.7500000e+03   1.4899544e+04  -1.3026252e+04
   1.7510000e+03   1.3549024e+04  -1.0454912e+04
   1.7520000e+03  -7.3444608e+03  -1.1347081e+04
   1.7530000e+03   4.3734055e+03  -1.3406464e+04
   1.7540000e+03   4.3696272e+03   7.6500298e+03
   1.7550000e+03   3.5395396e+02   9.2260738e+03
   1.7560000e+03   9.3607550e+03  -1.0242729e+03
   1.7570000e+03   4.8610303e+03  -6.3912367e+03
   1.7580000e+03   5.0531160e+03  -1.5321153e+04
   1.7590000e+03  -5.2734508e+03   2.7875040e+03
   1.7600000e+03  -1.6879459e+04   1.7931566e+04
   1.7610000e+03   1.7675689e+03   4.5820345e+03
   1.7620000e+03   1.6487312e+04  -9.2574569e+03
   1.7630000e+03  -1.8221285e+03  -7.9237887e+03
   1.7640000e+03  -2.8807594e+04   5.3960120e+03
   1.7650000e+03  -1.9802525e+04   1.3913634e+04
   1.7660000e+03  -1.2115382e+03   1.3984401e+04
   1.7670000e+03   3.1013227e+03  -4.8354269e+03
   1.7680000e+03   1.2107566e+03  -1.0273791e+04
   1.7690000e+03  -2.6107960e+04   1.6726085e+04
   1.7700000e+03  -2.2533313e+04   1.3790342e+04
   1.7710000e+03   1.4668686e+04  -8.0701158e+03
   1.7720000e+03   1.2697729e+04  -1.6337357e+04
   1.7730000e+03  -8.3950040e+02  -6.2010940e+03
   1.7740000e+03  -6.3956523e+03   2.2606636e+04
   1.7750000e+03  -1.2541887e+04   1.4941550e+04
   1.7760000e+03  -1.5873888e+04  -1.1546588e+04
   1.7770000e+03  -1.1716815e+04  -4.7107141e+03
   1.7780000e+03   1.1636867e+04   1.1504078e+04
   1.7790000e+03   2.0692328e+04   7.6239130e+03
   1.7800000e+03  -1.7949289e+03  -4.3736865e+03
   1.7810000e+03  -2.9102276e+04   5.8392926e+03
   1.7820000e+03  -1.2590985e+04   7.8286377e+03
   1.7830000e+03   3.3582760e+04   3.4609555e+03
   1.7840000e+03   1.5774974e+04   1.9598352e+04
   1.7850000e+03  -2.3304862e+04   1.2016681e+04
   1.7860000e+03  -1.5195077e+04  -1.6255345e+02
   1.7870000e+03  -2.4071973e+03  -4.4752710e+03
   1.7880000e+03   8.6889499e+03  -1.4090439e+04
   1.7890000e+03   1.2490022e+04   4.8365285e+03
   1.7900000e+03  -2.8321022e+03   2.0770309e+04
   1.7910000e+03  -1.6962660e+04   1.9982474e+04
   1.7920000e+03  -1.5773035e+04   1.4350682e+04
   1.7930000e+03  -2.9858213e+03  -1.3836692e+04
   1.7940000e+03   5.0275264e+03  -2.9812636e+04
   1.7950000e+03   8.7667930e+03   2.8937578e+02
   1.7960000e+03  -4.1531628e+03   4.0142198e+04
   1.7970000e+03  -9.1439801e+03   2.2222961e+04
   1.7980000e+03   1.2966527e+04  -1.5464408e+04
   1.7990000e+03   3.7161231e+03  -7.9036329e+03
   1.8000000e+03  -7.3748032e+03   2.6558751e+03
   1.8010000e+03   8.0795992e+03   1.0317845e+04
   1.8020000e+03   8.6101699e+03   6.9788833e+03
   1.8030000e+03   1.3111205e+04  -2.0000514e+04
   1.8040000e+03   1.0604067e+04  -1.7069265e+04
   1.8050000e+03  -8.6396560e+03   2.8344148e+03
   1.8060000e+03  -8.7460957e+03   1.1158080e+04
   1.8070000e+03   2.3849983e+03   5.9986825e+03
   1.8080000e+03   3.9887794e+03  -1.3525048e+04
   1.8090000e+03   4.3106199e+03  -2.4171560e+04
   1.8100000e+03   1.1909589e+04  -1.7725230e+04
   1.8110000e+03  -6.4749773e+03   4.5074969e+03
   1.8120000e+03  -2.2934145e+04   1.0783924e+04
   1.8130000e+03   1.2887060e+04   1.8288069e+03
   1.8140000e+03   3.4577526e+04   1.9626741e+03
   1.8150000e+03   1.8999822e+04  -1.0879232e+04
   1.8160000e+03  -5.7506682e+03  -3.9375214e+03
   1.8170000e+03  -2.4123026e+04   1.4583578e+04
   1.8180000e+03   2.1327187e+03   1.9412635e+03
   1.8190000e+03   2.9632499e+04  -2.6407980e+03
   1.8200000e+03   1.7817125e+04  -3.3396086e+03
   1.8210000e+03   2.7021737e+03  -8.8385567e+03
   1.8220000e+03  -7.9941545e+03  -3.1043894e+03
   1.8230000e+03  -1.1840449e+04  -4.5726046e+03
   1.8240000e+03   1.4569556e+04  -1.6980720e+04
   1.8250000e+03   3.7684059e+04  -2.0111903e+04
   1.8260000e+03  -5.9933194e+03  -5.7435770e+03
   1.8270000e+03  -3.9973129e+04  -1.0903309e+04
   1.8280000e+03   3.4915635e+03  -1.5147468e+04
   1.8290000e+03   2.7085729e+04   7.7794548e+03
   1.8300000e+03   1.2962075e+04  -5.8917358e+02
   1.8310000e+03   1.3994241e+03  -1.0561505e+04
   1.8320000e+03  -1.0834953e+04   3.2574610e+03
   1.8330000e+03  -4.8674095e+03   2.0603170e+03
   1.8340000e+03  -1.4530048e+03   1.0498716e+02
   1.8350000e+03  -6.8358031e+03  -8.1192697e+03
   1.8360000e+03   2.3562800e+03  -1.0867786e+04
   1.8370000e+03   9.9656465e+03   6.9331448e+03
   1.8380000e+03  -6.9396510e+03   1.2486042e+04
   1.8390000e+03  -3.1194711e+04  -3.9201917e+03
   1.8400000e+03  -1.4197925e+04  -1.9059526e+04
   1.8410000e+03   1.3522253e+04   4.6007959e+02
   1.8420000e+03   1.3513261e+04   1.8024648e+04
   1.8430000e+03   1.1482920e+03   8.2528152e+03
   1.8440000e+03  -2.2249619e+04   8.1717856e+03
   1.8450000e+03  -1.1112120e+04   2.0337262e+03
   1.8460000e+03   1.7531143e+04  -8.4345123e+03
   1.8470000e+03   7.5889025e+03  -9.1250957e+03
   1.8480000e+03   1.4933905e+03   2.1235926e+03
   1.8490000e+03  -1.7500275e+03   2.5196259e+04
   1.8500000e+03  -1.4507323e+04   1.1145826e+04
   1.8510000e+03  -9.6411653e+03  -1.9372341e+04
   1.8520000e+03  -5.7526835e+03  -1.4352495e+04
   1.8530000e+03  -1.7273876e+04   6.5120030e+03
   1.8540000e+03  -1.6984729e+04   9.6982988e+03
   1.8550000e+03   4.5637837e+03  -2.5815240e+03
   1.8560000e+03  -3.8540810e+03   8.2132654e+03
   1.8570000e+03  -2.3047628e+04   1.3331245e+04
   1.8580000e+03  -1.0303645e+03  -2.4933288e+03
   1.8590000e+03   8.6905228e+03   2.5302297e+02
   1.8600000e+03   4.2378890e+03   7.7064095e+02
   1.8610000e+03   8.5641656e+03   1.3337049e+04
   1.8620000e+03   2.2461659e+03   2.8820066e+04
   1.8630000e+03   1.3196669e+03   7.5359839e+03
   1.8640000e+03  -7.6126137e+03  -3.7466422e+03
   1.8650000e+03  -1.5299790e+04   1.9302631e+03
   1.8660000e+03   9.6626714e+03   1.0212389e+04
   1.8670000e+03   2.3151812e+04   2.0136446e+04
   1.8680000e+03  -1.3758959e+04   8.5978655e+03
   1.8690000e+03  -4.3305956e+04  -8.1632329e+03
   1.8700000e+03  -4.5040237e+03  -7.4925399e+03
   1.8710000e+03   2.5141570e+04   3.6341883e+03
   1.8720000e+03   5.5106676e+03  -1.9341911e+03
   1.8730000e+03  -3.7082849e+03  -9.9506129e+03
   1.8740000e+03  -1.0322633e+04  -1.6848400e+03
   1.8750000e+03  -6.6211960e+01  -7.2126741e+03
   1.8760000e+03   2.1177072e+04   2.0509294e+02
   1.8770000e+03   7.3834025e+03   1.7676479e+04
   1.8780000e+03   1.3455700e+03   5.1481129e+03
   1.8790000e+03   8.6347169e+03  -2.8808600e+03
   1.8800000e+03   6.4047282e+02   6.4181170e+02
   1.8810000e+03   3.5410620e+02   3.8613797e+03
   1.8820000e+03   9.7594893e+03   7.5005588e+03
   1.8830000e+03  -1.3135313e+03   4.3056695e+02
   1.8840000e+03  -1.9253584e+04  -5.9747372e+03
   1.8850000e+03  -7.5341550e+02   3.9881465e+03
   1.8860000e+03   1.3349892e+04   1.2160060e+04
   1.8870000e+03   4.7107669e+03  -1.5691896e+04
   1.8880000e+03   4.0290825e+03  -2.7461694e+04
   1.8890000e+03  -1.2958195e+04   3.0424357e+03
   1.8900000e+03  -1.1651622e+04   1.8367663e+02
   1.8910000e+03   1.4186632e+04  -1.3855030e+04
   1.8920000e+03   1.1233115e+04  -6.9082609e+03
   1.8930000e+03   5.2739686e+03  -3.3362859e+03
   1.8940000e+03  -6.0564494e+03   4.4937050e+03
   1.8950000e+03  -2.0347504e+04  -3.7094055e+03
   1.8960000e+03   9.6596205e+03  -1.6430949e+04
   1.8970000e+03   4.2404925e+04  -1.4072520e+03
   1.8980000e+03   1.3939601e+04   1.8417151e+04
   1.8990000e+03  -1.8678837e+04   1.3111341e+04
   1.9000000e+03   5.7703929e+03  -9.2607502e+03
   1.9010000e+03   9.7446717e+03  -1.5879017e+04
   1.9020000e+03  -7.9160332e+03  -1.6835164e+04
   1.9030000e+03   1.1777507e+04  -2.2215795e+03
   1.9040000e+03   4.6716194e+03   1.8606992e+04
   1.9050000e+03  -4.7010164e+03  -8.4573124e+03
   1.9060000e+03   2.3380626e+04  -2.3760979e+04
   1.9070000e+03   1.1710132e+04  -6.5402002e+03
   1.9080000e+03  -2.4719439e+04  -5.2887185e+03
   1.9090000e+03  -2.2037144e+04   8.8239307e+02
   1.9100000e+03   1.4261116e+04   6.5743306e+02
   1.9110000e+03   3.4786367e+04  -6.7760907e+03
   1.9120000e+03   1.4160281e+04   3.5145501e+03
   1.9130000e+03  -1.7929195e+04   1.2029586e+04
   1.9140000e+03  -2.2012664e+04  -4.2747966e+03
   1.9150000e+03   8.1082457e+03  -2.3390220e+04
   1.9160000e+03   1.0033112e+04  -6.7708560e+02
   1.9170000e+03  -9.9219231e+03   1.5226766e+04
   1.9180000e+03   9.7284011e+02  -3.3714177e+03
   1.9190000e+03  -2.7064100e+03  -1.0255844e+04
   1.9200000e+03  -1.0887406e+04  -1.3168519e+04
   1.9210000e+03  -4.6421007e+03  -3.5329257e+02
   1.9220000e+03  -1.5271284e+04   1.2103500e+04
   1.9230000e+03  -8.9056079e+03  -3.8902008e+03
   1.9240000e+03   8.4346675e+03  -5.3043849e+03
   1.9250000e+03   7.7755920e+03   2.1055491e+03
   1.9260000e+03   5.6315182e+03   3.7575555e+03
   1.9270000e+03   5.6980713e+03   3.9136803e+03
   1.9280000e+03  -9.7831171e+02   4.9373473e+03
   1.9290000e+03  -1.0545716e+04   1.5852241e+04
   1.9300000e+03  -5.0938211e+03   1.4859751e+04
   1.9310000e+03  -3.0821577e+03  -2.1625468e+02
   1.9320000e+03  -4.1061147e+02  -2.0451077e+04
   1.9330000e+03   1.0659506e+04  -9.5445871e+03
   1.9340000e+03  -1.0851356e+04   3.1427980e+04
   1.9350000e+03  -2.4555093e+04   2.5403641e+04
   1.9360000e+03  -1.3335492e+04   7.5683532e+03
   1.9370000e+03  -1.5945081e+04   3.5526556e+03
   1.9380000e+03  -7.2326816e+03  -1.7123226e+04
   1.9390000e+03   2.3755596e+03  -1.9365632e+03
   1.9400000e+03   2.7599814e+03   2.5287155e+04
   1.9410000e+03   1.0372113e+04   8.7893319e+03
   1.9420000e+03   3.0837592e+03  -8.3240745e+03
   1.9430000e+03  -2.0839764e+04   5.8145410e+03
   1.9440000e+03  -1.9876675e+04   1.1257329e+04
   1.9450000e+03   2.0890055e+04  -1.4659129e+04
   1.9460000e+03   2.8319416e+04  -2.1880659e+04
   1.9470000e+03  -5.2734740e+03  -7.1908587e+03
   1.9480000e+03  -1.3907197e+04   1.0817870e+04
   1.9490000e+03  -1.4326219e+04   2.5675404e+04
   1.9500000e+03  -3.6941448e+03   4.6770060e+03
   1.9510000e+03   8.7175889e+03  -5.4653768e+03
   1.9520000e+03  -6.6599389e+03   1.2357735e+04
   1.9530000e+03  -8.3440529e+03   1.1672565e+04
   1.9540000e+03  -5.9674955e+03   9.8472345e+03
   1.9550000e+03  -8.4117385e+03   6.6598524e+03
   1.9560000e+03   8.9412754e+03  -3.0259347e+03
   1.9570000e+03   1.4176057e+04  -2.6707063e+03
   1.9580000e+03  -4.6458127e+03   4.4009792e+03
   1.9590000e+03  -7.9212986e+03   3.2205589e+03
   1.9600000e+03   1.3662181e+04  -1.0059299e+04
   1.9610000e+03   9.4879517e+03  -1.3266340e+04
   1.9620000e+03  -3.0772824e+03  -1.8756303e+04
   1.9630000e+03   1.2651359e+04  -1.4267432e+04
   1.9640000e+03   5.3991074e+03   1.0511294e+04
   1.9650000e+03  -1.1314689e+03   3.3859626e+03
   1.9660000e+03   1.3157891e+04  -3.1985930e+03
   1.9670000e+03  -1.7322373e+03   9.5654499e+03
   1.9680000e+03  -1.5788294e+04   2.1782505e+03
   1.9690000e+03  -1.1991762e+04  -4.9359214e+03
   1.9700000e+03  -9.9155397e+03  -4.6896524e+03
   1.9710000e+03   6.3851805e+03   8.7033323e+01
   1.9720000e+03   2.8784558e+04   5.8252473e+02
   1.9730000e+03   1.6397596e+04  -7.7973431e+03
   1.9740000e+03  -1.1647574e+04  -1.9990294e+03
   1.9750000e+03  -5.1697933e+03   1.0098384e+04
   1.9760000e+03   1.5656500e+02   9.7396163e+03
   1.9770000e+03   7.0627281e+03  -1.3578490e+04
   1.9780000e+03   2.9300037e+04  -1.7074552e+04
   1.9790000e+03   8.0056358e+03   9.3610187e+03
   1.9800000e+03  -5.2075125e+03   1.3593262e+03
   1.9810000e+03   8.2279037e+03  -1.2045051e+04
   1.9820000e+03  -6.0006442e+03  -1.2702837e+04
   1.9830000e+03  -1.0275308e+03  -1.1380967e+04
   1.9840000e+03   1.1330921e+04   1.3475652e+04
   1.9850000e+03  -3.0811268e+03   8.6321044e+03
   1.9860000e+03  -3.6269550e+03  -2.0600052e+04
   1.9870000e+03   1.3099123e+04  -1.7017383e+04
   1.9880000e+03   2.1577209e+04   2.6212013e+03
   1.9890000e+03   1.4846030e+04   5.2303101e+03
   1.9900000e+03   3.0812195e+03  -1.3887394e+04
   1.9910000e+03  -1.4974984e+04  -1.2475428e+04
   1.9920000e+03  -1.5328537e+04   1.9808225e+03
   1.9930000e+03   4.8095228e+03   2.9444505e+03
   1.9940000e+03   9.8802053e+02   1.2817764e+03
   1.9950000e+03   9.0949732e+03  -1.6223383e+04
   1.9960000e+03   1.8447422e+04  -1.0229115e+04
   1.9970000e+03  -1.8077176e+04   1.6739762e+04
   1.9980000e+03  -2.8162379e+04   8.1596958e+03
   1.9990000e+03   7.1540661e+02  -5.2639566e+02
   2.0000000e+03   1.1018652e+04   2.9295803e+03
