   1.0274000e+02   2.5123000e+01
   9.7962426e+01   3.1301320e+01
   0.0000000e+00   4.2210604e+03   4.2210604e+03
   1.0000000e+00  -4.7882147e+04   6.5304224e+04
   2.0000000e+00  -5.6809940e+04   5.6601922e+04
   3.0000000e+00  -1.3877424e+04  -3.8085450e+04
   4.0000000e+00   4.1283549e+04  -9.3093193e+04
   5.0000000e+00   2.8249930e+04  -3.3163295e+04
   6.0000000e+00  -3.6755714e+04   3.3450263e+04
   7.0000000e+00  -3.8512043e+04   1.0141107e+04
   8.0000000e+00   3.4904551e+04  -4.5399120e+04
   9.0000000e+00   6.0718336e+04  -5.2062547e+04
   1.0000000e+01  -1.7154938e+04  -1.2127473e+04
   1.1000000e+01  -1.0402641e+05   2.0203525e+04
   1.2000000e+01  -9.7028975e+04   2.4901411e+03
   1.3000000e+01  -1.4660291e+04  -3.4515705e+04
   1.4000000e+01   7.1989950e+04  -2.9651924e+04
   1.5000000e+01   9.8590743e+04   1.6173738e+04
   1.6000000e+01  -7.4871883e+03   5.8505116e+04
   1.7000000e+01  -1.6839618e+05   5.0116302e+04
   1.8000000e+01  -1.4859399e+05  -2.1972944e+04
   1.9000000e+01   7.0759904e+04  -7.8602458e+04
   2.0000000e+01   1.9717063e+05  -3.2008028e+04
   2.1000000e+01   6.6958460e+04   6.8801994e+04
   2.2000000e+01  -1.0151379e+05   1.0072885e+05
   2.3000000e+01  -8.6720341e+04   2.9260852e+04
   2.4000000e+01   1.4247367e+04  -7.2554262e+04
   2.5000000e+01   5.8507728e+04  -9.8213358e+04
   2.6000000e+01   6.9043421e+04  -1.1016595e+03
   2.7000000e+01   7.1166266e+04   1.1910460e+05
   2.8000000e+01   2.6856201e+04   1.0256045e+05
   2.9000000e+01  -5.8738511e+04  -4.2012938e+04
   3.0000000e+01  -9.2182548e+04  -1.2117434e+05
   3.1000000e+01  -1.7518129e+04  -3.3547727e+04
   3.2000000e+01   7.3911331e+04   9.2022057e+04
   3.3000000e+01   7.5078940e+04   1.0289226e+05
   3.4000000e+01   1.5308564e+03   1.4172959e+04
   3.5000000e+01  -5.5968343e+04  -5.0642041e+04
   3.6000000e+01  -3.1339828e+04  -1.8543482e+04
   3.7000000e+01   4.3530840e+04   5.5272307e+04
   3.8000000e+01   5.8633740e+04   5.5217603e+04
   3.9000000e+01  -1.4175520e+04  -3.5034911e+04
   4.0000000e+01  -3.9453624e+04  -8.2190407e+04
   4.1000000e+01   5.6853906e+04  -1.2660533e+03
   4.2000000e+01   1.0443246e+05   9.2445409e+04
   4.3000000e+01  -2.3355898e+04   6.0579094e+04
   4.4000000e+01  -1.3504822e+05  -4.5094659e+04
   4.5000000e+01  -4.2897893e+04  -6.6415117e+04
   4.6000000e+01   9.7437955e+04   1.2150103e+04
   4.7000000e+01   8.6601325e+04   5.7169684e+04
   4.8000000e+01   2.6731232e+03   2.6405178e+04
   4.9000000e+01  -2.7136434e+04  -8.5247226e+03
   5.0000000e+01  -2.4329340e+04  -1.3894311e+04
   5.1000000e+01  -1.6498996e+04  -2.6180229e+03
   5.2000000e+01   1.9423531e+04   1.1841722e+04
   5.3000000e+01   6.2431604e+04   1.5886212e+04
   5.4000000e+01   4.8098648e+04  -1.5004618e+04
   5.5000000e+01  -2.1545633e+04  -6.3996125e+04
   5.6000000e+01  -4.8525877e+04  -5.0395663e+04
   5.7000000e+01   2.3770031e+03   3.5836812e+04
   5.8000000e+01   2.6887887e+04   8.8717751e+04
   5.9000000e+01  -1.8377579e+04   2.9124160e+04
   6.0000000e+01  -3.2541877e+04  -7.1902477e+04
   6.1000000e+01   1.9393634e+04  -6.4897236e+04
   6.2000000e+01   5.0683694e+04   3.8398385e+04
   6.3000000e+01   1.5910008e+04   7.7880284e+04
   6.4000000e+01  -4.3708884e+04   2.3186715e+04
   6.5000000e+01  -6.0421690e+04  -1.8773204e+04
   6.6000000e+01  -6.9435368e+03  -1.4032805e+04
   6.7000000e+01   6.0212106e+04  -1.5959197e+04
   6.8000000e+01   6.5194391e+04  -3.0275361e+04
   6.9000000e+01  -1.2475144e+03  -1.1051323e+04
   7.0000000e+01  -7.7486518e+04   2.2940700e+04
   7.1000000e+01  -8.6736366e+04   6.8552027e+03
   7.2000000e+01  -1.9239382e+04  -3.7396600e+04
   7.3000000e+01   5.3716028e+04  -3.5259898e+04
   7.4000000e+01   5.8002791e+04   9.8938392e+02
   7.5000000e+01  -9.9791741e+03   1.6065911e+04
   7.6000000e+01  -7.4957447e+04   4.5443473e+03
   7.7000000e+01  -6.5504382e+04  -2.3177639e+04
   7.8000000e+01   1.0691179e+02  -4.0345278e+04
   7.9000000e+01   4.7166051e+04  -1.4402604e+04
   8.0000000e+01   2.9603583e+04   2.5065116e+04
   8.1000000e+01  -2.8337193e+04   2.5963694e+04
   8.2000000e+01  -6.0414518e+04  -4.8727970e+03
   8.3000000e+01  -3.2731981e+04  -1.6753970e+04
   8.4000000e+01   2.3227929e+04  -4.0854578e+03
   8.5000000e+01   2.9529071e+04  -8.0206590e+03
   8.6000000e+01  -4.4192536e+04  -2.2210230e+04
   8.7000000e+01  -9.2019315e+04  -2.0849790e+04
   8.8000000e+01  -2.2379439e+04  -1.0332042e+04
   8.9000000e+01   7.0981367e+04   1.4050968e+04
   9.0000000e+01   5.5601505e+04   3.9076286e+04
   9.1000000e+01  -4.2943397e+04   1.2528158e+04
   9.2000000e+01  -9.0998345e+04  -5.1731118e+04
   9.3000000e+01  -2.2539044e+04  -5.9295515e+04
   9.4000000e+01   7.8322560e+04   4.5453622e+03
   9.5000000e+01   8.5947520e+04   4.6210912e+04
   9.6000000e+01  -1.6742168e+03   2.7921892e+04
   9.7000000e+01  -7.1943359e+04  -7.3124996e+03
   9.8000000e+01  -4.6321680e+04  -2.5370500e+04
   9.9000000e+01   3.3126615e+04  -1.1742111e+04
   1.0000000e+02   5.5003436e+04   1.2173083e+04
   1.0100000e+02   2.8455074e+03  -3.3722338e+03
   1.0200000e+02  -1.8784227e+04  -3.8214822e+04
   1.0300000e+02   8.3685683e+03  -1.2981243e+04
   1.0400000e+02   1.3014433e+04   4.9162556e+04
   1.0500000e+02  -7.0163717e+02   4.1549766e+04
   1.0600000e+02  -6.0006995e+03  -2.3626404e+04
   1.0700000e+02  -5.5145425e+03  -3.7645007e+04
   1.0800000e+02   9.3558851e+03   1.4749041e+04
   1.0900000e+02   3.0978780e+04   4.5828358e+04
   1.1000000e+02   3.0178045e+04   1.2417865e+04
   1.1100000e+02  -6.9144812e+03  -2.0247087e+04
   1.1200000e+02  -4.6121819e+04   2.3238986e+02
   1.1300000e+02  -3.5061885e+04   2.1524206e+04
   1.1400000e+02   1.6784844e+04  -1.9931809e+03
   1.1500000e+02   4.9623197e+04  -1.9864570e+04
   1.1600000e+02   3.3550910e+04   6.9163629e+03
   1.1700000e+02   1.0390565e+03   2.6955536e+04
   1.1800000e+02  -8.1845072e+03   3.5041437e+03
   1.1900000e+02   1.0174079e+04  -2.4390813e+04
   1.2000000e+02   3.8757724e+04  -1.8033011e+04
   1.2100000e+02   3.7718346e+04   9.4865280e+03
   1.2200000e+02   1.0795344e+04   1.3033755e+04
   1.2300000e+02   1.6059052e+04  -7.1620988e+03
   1.2400000e+02   3.7714399e+04   6.3940398e+03
   1.2500000e+02   2.4616239e+04   4.8736073e+04
   1.2600000e+02  -3.4271078e+03   4.3094082e+04
   1.2700000e+02  -1.7248410e+04  -1.7864187e+04
   1.2800000e+02  -2.6827456e+04  -4.6777504e+04
   1.2900000e+02  -4.3486392e+04   3.0439878e+03
   1.3000000e+02  -4.5604845e+04   6.4965412e+04
   1.3100000e+02  -6.3655953e+03   5.3842087e+04
   1.3200000e+02   3.6575570e+04  -1.5480819e+04
   1.3300000e+02   1.9779503e+04  -4.6467842e+04
   1.3400000e+02  -1.8629976e+04  -4.9889486e+03
   1.3500000e+02   8.0898270e+03   3.8868304e+04
   1.3600000e+02   5.3789512e+04   3.6876635e+04
   1.3700000e+02   2.5028775e+04   2.3987121e+03
   1.3800000e+02  -2.5776456e+04  -2.6832623e+04
   1.3900000e+02  -1.6030732e+04  -1.5170647e+03
   1.4000000e+02   1.6957715e+04   4.6861754e+04
   1.4100000e+02   1.8236149e+04   2.0339368e+04
   1.4200000e+02   7.6285604e+03  -5.3268552e+04
   1.4300000e+02   4.7097411e+03  -5.0985618e+04
   1.4400000e+02  -2.0369237e+04   2.6621627e+04
   1.4500000e+02  -5.9496186e+04   7.0559701e+04
   1.4600000e+02  -4.8039065e+04   3.1131084e+04
   1.4700000e+02   1.2032305e+04  -3.2761322e+04
   1.4800000e+02   4.6456288e+04  -3.5533770e+04
   1.4900000e+02   2.8295590e+04   7.6490822e+03
   1.5000000e+02  -2.3543663e+04   1.5561025e+04
   1.5100000e+02  -9.1876919e+04  -4.5895919e+03
   1.5200000e+02  -1.1835174e+05  -8.2020259e+02
   1.5300000e+02  -4.1337138e+04   8.2431511e+03
   1.5400000e+02   8.6314120e+04  -1.2297918e+04
   1.5500000e+02   1.3095497e+05  -4.2956240e+04
   1.5600000e+02   4.8055556e+04  -4.5436562e+04
   1.5700000e+02  -5.2101887e+04  -1.6453675e+04
   1.5800000e+02  -6.1264388e+04   1.9127269e+04
   1.5900000e+02  -4.1897324e+03   3.3311367e+04
   1.6000000e+02   4.4158809e+04   6.1292386e+03
   1.6100000e+02   4.2678869e+04  -4.4444697e+04
   1.6200000e+02  -6.3484072e+03  -6.4619255e+04
   1.6300000e+02  -4.7297576e+04  -3.3094049e+04
   1.6400000e+02  -3.0499507e+04   5.1549905e+03
   1.6500000e+02   6.4059413e+03   9.7883076e+03
   1.6600000e+02  -8.9090781e+03  -4.6520813e+03
   1.6700000e+02  -5.4440105e+04  -2.2178508e+04
   1.6800000e+02  -4.5110013e+04  -4.3529316e+04
   1.6900000e+02   1.7206388e+04  -5.3114564e+04
   1.7000000e+02   4.7121012e+04  -3.1577591e+04
   1.7100000e+02   3.4261753e+03   1.2140872e+04
   1.7200000e+02  -6.1727696e+04   3.8773989e+04
   1.7300000e+02  -6.7209828e+04   2.4278164e+04
   1.7400000e+02   9.3157009e+03  -1.0057899e+04
   1.7500000e+02   1.0188110e+05  -2.4820001e+04
   1.7600000e+02   1.2108870e+05  -3.2503214e+03
   1.7700000e+02   5.2178425e+04   2.2683276e+04
   1.7800000e+02  -5.4036385e+04   1.8196943e+04
   1.7900000e+02  -1.2078995e+05   1.2101280e+03
   1.8000000e+02  -7.3600803e+04  -2.5661982e+03
   1.8100000e+02   3.3656321e+04  -7.3719107e+02
   1.8200000e+02   5.8679607e+04  -6.0796716e+03
   1.8300000e+02   3.2555093e+03  -1.3952704e+04
   1.8400000e+02  -2.0759258e+04  -7.2127470e+03
   1.8500000e+02  -4.6159371e+03   1.7353439e+04
   1.8600000e+02  -2.1262110e+04   2.9523147e+04
   1.8700000e+02  -5.3335362e+04   1.4355477e+04
   1.8800000e+02  -1.6264249e+04  -5.1135540e+01
   1.8900000e+02   6.4187562e+04  -8.0106692e+03
   1.9000000e+02   7.3545481e+04  -1.4124343e+04
   1.9100000e+02   1.1178190e+03   1.1993171e+03
   1.9200000e+02  -4.3821362e+04   1.9457036e+04
   1.9300000e+02  -1.0581170e+04   1.9975530e+04
   1.9400000e+02   3.6634203e+04   2.1016161e+04
   1.9500000e+02   3.8784463e+04   1.5514268e+04
   1.9600000e+02  -1.4539576e+03  -4.0059697e+03
   1.9700000e+02  -4.3142090e+04  -1.8624352e+04
   1.9800000e+02  -4.6655445e+04  -1.2145944e+04
   1.9900000e+02  -9.6152021e+03   2.8532793e+04
   2.0000000e+02   4.2560184e+04   6.9455754e+04
   2.0100000e+02   5.1915326e+04   4.2862340e+04
   2.0200000e+02  -5.3374327e+03  -2.7804822e+04
   2.0300000e+02  -4.0679484e+04  -3.7439898e+04
   2.0400000e+02  -1.2189913e+02   2.6556361e+04
   2.0500000e+02   4.7648007e+04   6.1433590e+04
   2.0600000e+02   5.7371749e+04   2.5313092e+04
   2.0700000e+02   5.0079452e+04  -1.6961971e+04
   2.0800000e+02   3.3270586e+04  -1.4612728e+04
   2.0900000e+02   3.5373839e+03   1.0257179e+04
   2.1000000e+02  -2.1978729e+04   1.0016281e+04
   2.1100000e+02  -2.1391877e+04  -1.0644768e+04
   2.1200000e+02   3.7400295e+03  -6.1196850e+03
   2.1300000e+02   1.6504482e+04   1.7962325e+04
   2.1400000e+02  -7.4647169e+03   1.7757870e+04
   2.1500000e+02  -3.6172214e+04   3.8035414e+03
   2.1600000e+02  -3.6956858e+04   1.3006824e+04
   2.1700000e+02  -3.1016012e+03   2.2745478e+04
   2.1800000e+02   5.5386780e+04  -3.4624194e+03
   2.1900000e+02   8.0482365e+04  -3.2534212e+04
   2.2000000e+02   3.3979366e+04  -1.2705410e+04
   2.2100000e+02  -2.6454166e+04   3.1580089e+04
   2.2200000e+02  -3.9595566e+04   3.7865420e+04
   2.2300000e+02  -2.1704933e+04   2.0477780e+03
   2.2400000e+02  -4.6897354e+03  -3.8710326e+04
   2.2500000e+02   1.5148963e+04  -4.8824383e+04
   2.2600000e+02   3.0634871e+04  -1.1208212e+04
   2.2700000e+02   1.1295363e+04   3.1018182e+04
   2.2800000e+02  -4.0436071e+04   2.2926339e+04
   2.2900000e+02  -7.8208021e+04  -2.1651068e+04
   2.3000000e+02  -6.7680204e+04  -4.6451640e+04
   2.3100000e+02  -2.6510205e+04  -2.1102435e+04
   2.3200000e+02   1.7724982e+04   1.5620538e+04
   2.3300000e+02   5.1606939e+04   5.0887604e+03
   2.3400000e+02   5.5744545e+04  -4.1003934e+04
   2.3500000e+02   3.5452474e+04  -5.3771733e+04
   2.3600000e+02   1.4894891e+04  -6.0051882e+03
   2.3700000e+02   4.4944088e+03   3.5350007e+04
   2.3800000e+02   5.5023938e+03   9.5675298e+03
   2.3900000e+02   3.9980449e+03  -3.6640044e+04
   2.4000000e+02  -2.6122701e+03  -3.0877853e+04
   2.4100000e+02  -6.1058334e+03   6.8956222e+03
   2.4200000e+02  -1.2500040e+04   3.8821547e+03
   2.4300000e+02  -2.0266778e+04  -2.9676663e+04
   2.4400000e+02  -4.2281484e+04  -2.5715793e+04
   2.4500000e+02  -7.6380926e+04   2.3094330e+03
   2.4600000e+02  -6.1740011e+04   3.7490542e+03
   2.4700000e+02  -4.0594635e+03  -1.2065470e+04
   2.4800000e+02   4.7634283e+03  -2.1310189e+04
   2.4900000e+02  -4.4440551e+04  -2.7852914e+04
   2.5000000e+02  -7.2470003e+04  -3.1397949e+04
   2.5100000e+02  -3.8500167e+04  -1.7396677e+04
   2.5200000e+02   2.9541003e+04   6.5710202e+03
   2.5300000e+02   6.3331735e+04   1.4875995e+04
   2.5400000e+02   2.2922895e+04   1.9880381e+03
   2.5500000e+02  -3.8668151e+04  -1.3425098e+04
   2.5600000e+02  -4.9184234e+04  -1.1448484e+04
   2.5700000e+02  -6.7311037e+03   3.0034408e+02
   2.5800000e+02   3.5071239e+04   9.7817906e+03
   2.5900000e+02   2.8792842e+04   2.8581240e+04
   2.6000000e+02  -8.7140470e+01   5.0586143e+04
   2.6100000e+02  -7.5517376e+02   4.5273366e+04
   2.6200000e+02   1.2781448e+04   8.7756737e+03
   2.6300000e+02   1.0232783e+04  -1.8737526e+04
   2.6400000e+02  -3.1516013e+03  -8.6165042e+03
   2.6500000e+02  -1.5650924e+04   9.9566493e+03
   2.6600000e+02  -2.1060927e+04   7.5552450e+03
   2.6700000e+02  -4.9519522e+03  -5.7679189e+03
   2.6800000e+02   3.8582651e+04  -1.8910014e+04
   2.6900000e+02   7.0182750e+04  -2.7646187e+04
   2.7000000e+02   4.7174733e+04  -2.3127164e+04
   2.7100000e+02  -4.0139088e+03  -4.3179442e+03
   2.7200000e+02  -2.2531877e+04   1.6768897e+04
   2.7300000e+02  -4.5038407e+03   3.5109894e+04
   2.7400000e+02   7.2863420e+03   5.4347100e+04
   2.7500000e+02   1.8187746e+04   5.9134515e+04
   2.7600000e+02   4.8729816e+04   3.5621269e+04
   2.7700000e+02   5.8044295e+04   1.9068437e+04
   2.7800000e+02   2.9514460e+04   4.3637772e+04
   2.7900000e+02   7.8156729e+03   6.5896119e+04
   2.8000000e+02   3.0662858e+03   4.3499086e+04
   2.8100000e+02  -9.7234633e+03   4.7746062e+03
   2.8200000e+02  -1.9039475e+04  -2.6773062e+04
   2.8300000e+02  -6.1027832e+03  -3.6431125e+04
   2.8400000e+02  -3.1992685e+03  -1.4036487e+04
   2.8500000e+02  -2.5843220e+04  -2.1060868e+03
   2.8600000e+02  -2.7287819e+04  -1.7912186e+04
   2.8700000e+02   6.8909417e+03  -2.9793791e+04
   2.8800000e+02   3.2674664e+04  -3.5162999e+04
   2.8900000e+02   2.5699172e+04  -3.7735986e+04
   2.9000000e+02   2.9445376e+03  -2.5868781e+04
   2.9100000e+02  -1.9007851e+04  -4.7636888e+03
   2.9200000e+02  -3.6622335e+04   4.5281594e+03
   2.9300000e+02  -3.0594334e+04  -4.9108850e+03
   2.9400000e+02   7.6199413e+03  -7.4244772e+03
   2.9500000e+02   3.6733536e+04   1.6744374e+04
   2.9600000e+02   2.2291088e+04   3.3248029e+04
   2.9700000e+02  -7.4833120e+03   4.7413068e+03
   2.9800000e+02   1.3395694e+03  -1.9105661e+04
   2.9900000e+02   4.6418725e+04   1.9175221e+04
   3.0000000e+02   5.3360389e+04   5.8417915e+04
   3.0100000e+02  -1.4604053e+04   2.5503849e+04
   3.0200000e+02  -7.5182863e+04  -3.4542037e+04
   3.0300000e+02  -2.9535189e+04  -4.0868346e+04
   3.0400000e+02   8.3143477e+04  -1.4635816e+03
   3.0500000e+02   1.1941092e+05   1.3272843e+04
   3.0600000e+02   2.6261463e+04  -2.5327730e+03
   3.0700000e+02  -8.6339608e+04  -2.3702324e+03
   3.0800000e+02  -9.6176405e+04   5.4941108e+03
   3.0900000e+02  -1.7266225e+04  -5.3756430e+03
   3.1000000e+02   4.0164919e+04  -1.4633623e+04
   3.1100000e+02   1.0771722e+04  -5.7395754e+03
   3.1200000e+02  -6.4052498e+04  -4.4765107e+02
   3.1300000e+02  -9.2997006e+04  -9.7897258e+03
   3.1400000e+02  -3.2442802e+04  -1.6799664e+04
   3.1500000e+02   5.3978773e+04  -1.2405247e+04
   3.1600000e+02   5.7975804e+04  -4.8872334e+03
   3.1700000e+02  -2.1835447e+04  -9.4084458e+03
   3.1800000e+02  -7.6776561e+04  -1.7074405e+04
   3.1900000e+02  -4.8139265e+04  -3.5639726e+03
   3.2000000e+02   2.4660906e+04   6.7536577e+03
   3.2100000e+02   6.5386315e+04  -1.4767907e+04
   3.2200000e+02   1.5119187e+04  -3.3535699e+04
   3.2300000e+02  -7.5979098e+04  -1.7420984e+04
   3.2400000e+02  -8.2368553e+04   1.0821195e+04
   3.2500000e+02   5.8173966e+03   2.1134020e+04
   3.2600000e+02   7.4886264e+04   1.4080164e+04
   3.2700000e+02   4.6383733e+04  -5.8589649e+03
   3.2800000e+02  -4.7353997e+04  -3.1377983e+04
   3.2900000e+02  -8.9447370e+04  -3.4241755e+04
   3.3000000e+02  -2.7371325e+04  -6.9431751e+03
   3.3100000e+02   3.8902334e+04   2.5222481e+04
   3.3200000e+02   3.1032052e+04   3.0297041e+04
   3.3300000e+02  -3.8880922e+03  -5.9080652e+03
   3.3400000e+02  -1.3303927e+04  -3.6874479e+04
   3.3500000e+02   4.6669717e+03  -1.1177400e+04
   3.3600000e+02   2.7895872e+04   3.2728596e+04
   3.3700000e+02   2.7067611e+04   3.0762436e+04
   3.3800000e+02   2.6022558e+03  -4.4151798e+03
   3.3900000e+02  -1.2265625e+04  -1.4539503e+04
   3.4000000e+02  -1.3532281e+03   1.1752206e+04
   3.4100000e+02   1.5452196e+04   2.3519941e+04
   3.4200000e+02   1.5686751e+04  -2.5278287e+03
   3.4300000e+02  -5.8859557e+03  -2.0002663e+04
   3.4400000e+02  -3.5377760e+04  -9.4177994e+03
   3.4500000e+02  -3.7528174e+04  -2.0993046e+03
   3.4600000e+02  -5.0472288e+02   6.4313913e+03
   3.4700000e+02   3.4165813e+04   1.8197453e+04
   3.4800000e+02   2.7916722e+04  -4.3621265e+03
   3.4900000e+02  -5.1336330e+03  -4.1054292e+04
   3.5000000e+02  -1.9655982e+04  -3.1161685e+04
   3.5100000e+02   1.6026125e+03   1.8362228e+04
   3.5200000e+02   2.8859046e+04   4.8383113e+04
   3.5300000e+02   3.2994570e+04   2.1239623e+04
   3.5400000e+02   1.4910840e+04  -3.1733041e+04
   3.5500000e+02   2.7099975e+03  -2.9509128e+04
   3.5600000e+02   2.5783684e+04   3.4825369e+04
   3.5700000e+02   5.1579198e+04   6.8130401e+04
   3.5800000e+02   2.2485868e+04   3.3376244e+04
   3.5900000e+02  -3.1930769e+04  -1.0230626e+04
   3.6000000e+02  -4.0504684e+04  -1.3821977e+04
   3.6100000e+02   1.7624519e+03   1.5232154e+04
   3.6200000e+02   4.4818790e+04   2.6747818e+04
   3.6300000e+02   4.1508668e+04   6.6836385e+03
   3.6400000e+02  -5.3877448e+02  -6.4027985e+02
   3.6500000e+02  -3.2741086e+04   2.6954092e+03
   3.6600000e+02  -3.6063439e+04  -8.7543053e+03
   3.6700000e+02  -1.8302966e+04  -1.1873801e+04
   3.6800000e+02   5.5215467e+03   2.3558031e+03
   3.6900000e+02   9.9561640e+03   1.0906429e+04
   3.7000000e+02   1.2240676e+03   4.1536103e+03
   3.7100000e+02   1.6616421e+04  -1.1615730e+04
   3.7200000e+02   4.7252423e+04  -1.6232162e+04
   3.7300000e+02   3.4892823e+04   9.9613328e+03
   3.7400000e+02  -2.3771944e+04   3.6710748e+04
   3.7500000e+02  -5.4078487e+04   1.7049751e+04
   3.7600000e+02  -1.2862385e+04  -1.2524674e+04
   3.7700000e+02   5.1894806e+04  -3.7196927e+02
   3.7800000e+02   5.7186901e+04   1.5128491e+04
   3.7900000e+02  -5.1475437e+03   3.6288907e+03
   3.8000000e+02  -4.0269580e+04   7.8097520e+02
   3.8100000e+02   2.6200696e+02   1.6614333e+04
   3.8200000e+02   3.1277303e+04   1.5309754e+04
   3.8300000e+02  -4.4514317e+03  -1.1639174e+04
   3.8400000e+02  -3.1330360e+04  -3.0728846e+04
   3.8500000e+02  -8.8550636e+03  -2.8733384e+04
   3.8600000e+02  -5.2716886e+03  -1.6114036e+04
   3.8700000e+02  -2.7215038e+04   6.5753448e+03
   3.8800000e+02  -2.1354878e+04   2.5358695e+04
   3.8900000e+02  -5.7628766e+03   1.2186362e+04
   3.9000000e+02  -1.0980949e+04  -2.8283618e+04
   3.9100000e+02  -1.5547665e+04  -4.7090842e+04
   3.9200000e+02  -3.3086720e+02  -2.0953110e+04
   3.9300000e+02   1.5727185e+04   7.4547050e+03
   3.9400000e+02   5.8206955e+03   1.1872581e+04
   3.9500000e+02  -1.5756781e+04   4.2837204e+03
   3.9600000e+02  -1.5737858e+04  -1.1931525e+04
   3.9700000e+02   3.4690197e+03  -1.7570922e+04
   3.9800000e+02   1.1491910e+04   9.9411900e+01
   3.9900000e+02  -3.0528640e+01   1.1883945e+04
   4.0000000e+02  -3.7225115e+03   3.5340464e+03
   4.0100000e+02   9.3269794e+03  -4.4005560e+03
   4.0200000e+02   1.0566849e+04   4.2775921e+03
   4.0300000e+02  -1.0820958e+04   1.4851046e+04
   4.0400000e+02  -2.6639170e+04   1.1236943e+03
   4.0500000e+02  -2.0795554e+04  -2.3866310e+04
   4.0600000e+02  -1.7494903e+04  -2.7513710e+04
   4.0700000e+02  -2.3848914e+04  -8.8894193e+03
   4.0800000e+02  -1.2826293e+04   1.0091726e+04
   4.0900000e+02   1.1386414e+04   8.8927238e+03
   4.1000000e+02   1.1785877e+04  -1.3873039e+04
   4.1100000e+02  -1.4208731e+04  -3.8087442e+04
   4.1200000e+02  -2.3748816e+04  -4.2843281e+04
   4.1300000e+02   8.8748320e+01  -2.4560432e+04
   4.1400000e+02   2.0656107e+04  -9.3338253e+02
   4.1500000e+02   1.1352090e+04   1.1999398e+04
   4.1600000e+02  -4.3603853e+03   7.1773517e+03
   4.1700000e+02   2.5688146e+03  -1.4015819e+04
   4.1800000e+02   6.9174430e+03  -1.9284447e+04
   4.1900000e+02  -8.1987039e+03   4.1216770e+03
   4.2000000e+02  -1.4107478e+03   1.3478961e+04
   4.2100000e+02   1.4899364e+04   1.3784524e+03
   4.2200000e+02  -4.8910933e+03   4.6836651e+03
   4.2300000e+02  -2.7195559e+04   1.3968796e+04
   4.2400000e+02  -1.7266805e+04   3.2220346e+03
   4.2500000e+02   3.8914343e+03  -4.2962496e+03
   4.2600000e+02   1.2584808e+04   8.3794340e+03
   4.2700000e+02  -5.7346211e+02   1.5806243e+04
   4.2800000e+02  -2.0482577e+04   1.3169607e+04
   4.2900000e+02  -1.4129697e+04   1.8844547e+04
   4.3000000e+02   1.1984160e+04   1.9934200e+04
   4.3100000e+02   1.1669489e+04  -2.5670946e+03
   4.3200000e+02  -9.1155348e+03  -2.2036529e+04
   4.3300000e+02   2.7534481e+02  -9.0054351e+03
   4.3400000e+02   3.1062158e+04   9.0447343e+03
   4.3500000e+02   3.5345974e+04   9.2484304e+03
   4.3600000e+02   1.3464382e+04   1.0949069e+04
   4.3700000e+02   8.0364032e+03   1.3518967e+04
   4.3800000e+02   2.8232829e+04   1.2528040e+04
   4.3900000e+02   3.9645385e+04   1.7583843e+04
   4.4000000e+02   2.8722855e+04   1.9865524e+04
   4.4100000e+02   2.7001756e+03   1.8287554e+04
   4.4200000e+02  -2.3767377e+04   1.9437898e+04
   4.4300000e+02  -2.6549571e+04   1.7177404e+04
   4.4400000e+02  -9.2345461e+03   3.9256882e+03
   4.4500000e+02   8.8701154e+03  -1.3256022e+04
   4.4600000e+02   1.7168956e+04  -4.8332953e+03
   4.4700000e+02   6.8277714e+03   2.3170742e+04
   4.4800000e+02  -1.2460530e+04   2.3282634e+04
   4.4900000e+02  -1.1744812e+04  -6.7762441e+03
   4.5000000e+02   1.3225140e+04  -1.9871673e+04
   4.5100000e+02   2.3079717e+04   4.9917019e+03
   4.5200000e+02   8.6177105e+03   1.7025429e+04
   4.5300000e+02   5.1283473e+03  -1.2836425e+04
   4.5400000e+02   9.9718758e+03  -1.9420984e+04
   4.5500000e+02   8.5026069e+03   1.4623613e+04
   4.5600000e+02   8.5967997e+03   2.8856614e+04
   4.5700000e+02   9.9961520e+03   1.4941769e+04
   4.5800000e+02   1.1235036e+04  -4.8561402e+03
   4.5900000e+02   3.0154519e+03  -2.2665697e+04
   4.6000000e+02  -1.4265099e+04  -1.8897120e+04
   4.6100000e+02  -1.5096830e+04   8.8056567e+03
   4.6200000e+02  -1.9684794e+03   2.9123076e+04
   4.6300000e+02   2.4437930e+03   2.3789624e+04
   4.6400000e+02   2.7533076e+03   5.3256655e+02
   4.6500000e+02   6.8055246e+03  -2.6009409e+04
   4.6600000e+02   1.5207293e+03  -3.1438982e+04
   4.6700000e+02  -7.4097336e+03  -1.2168215e+04
   4.6800000e+02  -2.7172898e+03   8.6122232e+02
   4.6900000e+02  -2.6336438e+02  -1.3193209e+03
   4.7000000e+02  -8.9700132e+02  -7.5481831e+03
   4.7100000e+02   1.0427429e+04  -1.7983919e+04
   4.7200000e+02   8.5223265e+03  -2.4621721e+04
   4.7300000e+02  -1.0982902e+04  -1.3339724e+04
   4.7400000e+02  -1.2358418e+04   7.4535884e+03
   4.7500000e+02   1.0159620e+03   1.1384488e+04
   4.7600000e+02  -1.6558824e+03  -3.5789493e+03
   4.7700000e+02  -1.6809392e+04  -1.6246359e+04
   4.7800000e+02  -2.3916055e+04  -1.7769366e+04
   4.7900000e+02  -2.4151712e+04  -7.3685040e+03
   4.8000000e+02  -2.3985874e+04  -3.5086390e+01
   4.8100000e+02  -2.2697687e+04  -9.0009286e+03
   4.8200000e+02  -1.8485107e+04  -1.2361533e+04
   4.8300000e+02  -1.3398778e+04  -6.4296434e+03
   4.8400000e+02  -1.7380237e+04  -1.3985123e+04
   4.8500000e+02  -2.0234630e+04  -2.9429426e+04
   4.8600000e+02  -7.7335311e+03  -2.8077027e+04
   4.8700000e+02   6.4680055e+02   1.7332248e+02
   4.8800000e+02  -2.6543547e+03   2.2983800e+04
   4.8900000e+02   1.0165317e+03   3.7700275e+03
   4.9000000e+02   1.2840938e+04  -2.3242150e+04
   4.9100000e+02   1.5474199e+04  -1.5932607e+04
   4.9200000e+02   7.4623404e+02  -1.0713431e+03
   4.9300000e+02  -1.5832376e+04  -2.9659063e+03
   4.9400000e+02  -1.4507985e+04  -2.1817340e+03
   4.9500000e+02   4.1628276e+02   5.0155845e+03
   4.9600000e+02   7.3099214e+02   4.2777790e+03
   4.9700000e+02  -2.0237717e+04   3.2560859e+03
   4.9800000e+02  -2.3318316e+04   1.1463438e+04
   4.9900000e+02  -1.6188831e+03   2.0306304e+04
   5.0000000e+02  -9.4207922e+02   1.4909044e+04
   5.0100000e+02  -2.0433242e+04  -8.4536496e+03
   5.0200000e+02  -1.6908448e+04  -1.6684233e+04
   5.0300000e+02   7.9617289e+03   1.0787014e+04
   5.0400000e+02   2.1380458e+04   2.6573501e+04
   5.0500000e+02   1.4416842e+04   6.9467025e+03
   5.0600000e+02   3.8812892e+03  -6.1656578e+03
   5.0700000e+02   8.9160158e+03  -1.1607422e+03
   5.0800000e+02   2.4681650e+04   3.4875471e+03
   5.0900000e+02   2.8233329e+04   1.0881485e+04
   5.1000000e+02   1.4935390e+04   1.7238739e+04
   5.1100000e+02   2.3848979e+03   1.1721788e+04
   5.1200000e+02   6.8184787e+03   5.0187453e+03
   5.1300000e+02   1.7951531e+04   1.0116096e+04
   5.1400000e+02   1.4600951e+04   1.7157876e+04
   5.1500000e+02   5.0297042e+03   6.5003105e+03
   5.1600000e+02  -1.8819323e+03  -1.3655345e+04
   5.1700000e+02  -8.8359820e+03  -1.4900508e+04
   5.1800000e+02  -2.4853332e+03   2.9149823e+03
   5.1900000e+02   1.2017089e+04   1.8142975e+04
   5.2000000e+02   1.5026222e+04   1.8234257e+04
   5.2100000e+02   1.4129078e+04   7.8469483e+02
   5.2200000e+02   1.2942262e+04  -2.0425931e+04
   5.2300000e+02   1.6364371e+03  -1.9047824e+04
   5.2400000e+02   1.6357543e+03   1.3172841e+04
   5.2500000e+02   2.9410164e+04   4.3229588e+04
   5.2600000e+02   3.7563832e+04   2.8556195e+04
   5.2700000e+02   5.2227313e+03  -1.5662373e+04
   5.2800000e+02  -1.1917761e+04  -2.8738510e+04
   5.2900000e+02   2.7930959e+03   9.7216268e+03
   5.3000000e+02   1.6643835e+04   4.5892585e+04
   5.3100000e+02   1.5154191e+04   2.8115687e+04
   5.3200000e+02  -3.1353561e+03  -3.3380332e+03
   5.3300000e+02  -1.5158722e+04   2.0004565e+03
   5.3400000e+02   1.4775671e+03   8.2617803e+03
   5.3500000e+02   1.5638450e+04  -6.1916518e+03
   5.3600000e+02   9.3659015e+02  -1.3562226e+04
   5.3700000e+02  -6.6665707e+03  -1.4694223e+04
   5.3800000e+02   1.0843963e+04  -1.3733419e+04
   5.3900000e+02   1.1997436e+04  -6.7704061e+03
   5.4000000e+02  -5.9478069e+03  -8.6371822e+03
   5.4100000e+02  -7.6902215e+03  -1.7119779e+04
   5.4200000e+02   4.3223663e+02  -1.0631659e+04
   5.4300000e+02   2.9613434e+03   1.0667295e+04
   5.4400000e+02  -1.2740244e+02   1.9611127e+04
   5.4500000e+02  -6.8131709e+03   3.0005368e+03
   5.4600000e+02  -7.6344326e+03  -9.6181832e+03
   5.4700000e+02  -5.1083156e+03   3.7320700e+03
   5.4800000e+02  -1.1513824e+04   1.7956070e+04
   5.4900000e+02  -2.3033270e+04   1.4153262e+04
   5.5000000e+02  -2.0968588e+04   2.7202659e+03
   5.5100000e+02  -4.1568035e+03  -1.6232241e+04
   5.5200000e+02   4.0219410e+02  -3.3060517e+04
   5.5300000e+02  -1.4669453e+04  -1.8493907e+04
   5.5400000e+02  -2.8694861e+04   1.1218959e+04
   5.5500000e+02  -3.1422669e+04   8.7453761e+03
   5.5600000e+02  -2.2908884e+04  -2.3765701e+04
   5.5700000e+02  -1.9889566e+02  -3.6846747e+04
   5.5800000e+02   2.4014619e+04  -1.0020727e+04
   5.5900000e+02   1.6494699e+04   1.3031064e+04
   5.6000000e+02  -1.5016568e+04  -2.0481441e+03
   5.6100000e+02  -2.3154265e+04  -2.9561222e+04
   5.6200000e+02  -7.6394861e+03  -3.2457552e+04
   5.6300000e+02   4.4214414e+03  -6.1133585e+03
   5.6400000e+02   5.2280332e+03   1.6888316e+04
   5.6500000e+02  -1.4033477e+04   1.1656014e+04
   5.6600000e+02  -3.5984568e+04  -2.0163723e+03
   5.6700000e+02  -2.3675252e+04  -1.4329859e+03
   5.6800000e+02   3.1281797e+03   5.6354012e+03
   5.6900000e+02   3.6839006e+02   3.5466306e+02
   5.7000000e+02  -1.7663732e+04  -1.2887396e+04
   5.7100000e+02  -1.9542447e+04  -1.1521150e+04
   5.7200000e+02  -7.3907783e+03   7.3409195e+03
   5.7300000e+02   1.1384534e+04   2.4278404e+04
   5.7400000e+02   2.1647411e+04   1.5320953e+04
   5.7500000e+02   6.6522531e+03  -1.3630947e+04
   5.7600000e+02  -1.0606494e+04  -2.8006912e+04
   5.7700000e+02   1.2309760e+01  -1.9979780e+04
   5.7800000e+02   2.1524629e+04  -3.9011168e+03
   5.7900000e+02   1.7308143e+04   3.2828661e+03
   5.8000000e+02  -1.0169908e+04  -4.9957009e+03
   5.8100000e+02  -2.8228241e+04  -7.4530480e+03
   5.8200000e+02  -1.9314111e+04  -3.4991987e+02
   5.8300000e+02   1.1795394e+04   4.4839361e+03
   5.8400000e+02   3.6374178e+04   9.7726012e+03
   5.8500000e+02   2.5584328e+04   9.1178685e+03
   5.8600000e+02  -5.6895452e+03   5.2744981e+03
   5.8700000e+02  -2.0171302e+04   4.9478546e+03
   5.8800000e+02   1.7749893e+03  -4.4825227e+02
   5.8900000e+02   4.1557752e+04   5.5436105e+03
   5.9000000e+02   5.0588696e+04   2.6430004e+04
   5.9100000e+02   1.6168759e+04   1.8393481e+04
   5.9200000e+02  -1.6128428e+04  -1.4732005e+04
   5.9300000e+02  -1.0013410e+04  -1.7291103e+04
   5.9400000e+02   1.4041600e+04   1.2002051e+04
   5.9500000e+02   1.9508299e+04   3.1561201e+04
   5.9600000e+02   7.7078259e+03   1.7935430e+04
   5.9700000e+02  -5.6457728e+03  -1.5698046e+04
   5.9800000e+02  -1.2962843e+04  -1.9026879e+04
   5.9900000e+02   2.5547375e+03   8.7845124e+03
   6.0000000e+02   3.0912005e+04   8.7244999e+03
   6.0100000e+02   2.2065876e+04  -1.2149876e+04
   6.0200000e+02  -2.0803133e+04  -5.6283634e+03
   6.0300000e+02  -2.4228784e+04   1.9459063e+04
   6.0400000e+02   2.3450106e+04   2.5869206e+04
   6.0500000e+02   4.2403028e+04   1.9046071e+03
   6.0600000e+02   2.6020207e+03  -2.5425136e+04
   6.0700000e+02  -3.0872223e+04  -1.9446905e+04
   6.0800000e+02  -1.3079557e+04   1.9556068e+04
   6.0900000e+02   2.2378878e+04   4.6953480e+04
   6.1000000e+02   3.1566625e+04   2.8246338e+04
   6.1100000e+02   1.2629824e+04  -9.6530299e+03
   6.1200000e+02  -1.1479541e+04  -2.1148000e+04
   6.1300000e+02  -1.1390546e+04   3.6982218e+03
   6.1400000e+02   1.1008488e+04   3.4812259e+04
   6.1500000e+02   1.2104043e+04   2.8647088e+04
   6.1600000e+02  -9.0448890e+03  -3.9819078e+03
   6.1700000e+02  -1.2192652e+04  -1.1018503e+04
   6.1800000e+02   1.0466344e+03   6.2108987e+03
   6.1900000e+02   1.0805210e+04   3.9646701e+03
   6.2000000e+02   8.4102071e+03  -1.4845060e+04
   6.2100000e+02  -7.0677838e+03  -6.6667641e+03
   6.2200000e+02  -1.8028431e+04   1.6025738e+04
   6.2300000e+02  -2.0625150e+04   1.5383851e+03
   6.2400000e+02  -1.8006479e+04  -2.4822665e+04
   6.2500000e+02  -4.5269236e+03  -4.3108332e+03
   6.2600000e+02   6.5932650e+02   3.6251571e+04
   6.2700000e+02  -8.9443211e+03   3.2827206e+04
   6.2800000e+02  -8.5524044e+03  -1.4075616e+04
   6.2900000e+02   4.6536256e+03  -4.5508359e+04
   6.3000000e+02   1.1701429e+04  -1.7822783e+04
   6.3100000e+02  -3.8774218e+02   3.0010203e+04
   6.3200000e+02  -1.5500383e+04   2.3408979e+04
   6.3300000e+02  -7.6154612e+03  -2.1216296e+04
   6.3400000e+02   4.6960553e+03  -3.1314100e+04
   6.3500000e+02  -4.3607541e+03  -7.6116898e+03
   6.3600000e+02  -1.7182048e+04   5.3471535e+03
   6.3700000e+02  -1.4037734e+04  -4.9022205e+02
   6.3800000e+02   1.6215047e+03  -1.1879105e+04
   6.3900000e+02   1.4868247e+04  -1.5601951e+04
   6.4000000e+02   3.0271570e+03  -5.2914807e+03
   6.4100000e+02  -2.4814784e+04  -3.8101652e+03
   6.4200000e+02  -2.3568396e+04  -2.5074503e+04
   6.4300000e+02   3.7763611e+03  -2.9216870e+04
   6.4400000e+02   1.3005206e+04   4.9645986e+02
   6.4500000e+02  -3.2349862e+03   1.4988612e+04
   6.4600000e+02  -2.7862130e+04  -1.1075137e+04
   6.4700000e+02  -3.3683876e+04  -3.9606035e+04
   6.4800000e+02  -3.7320986e+03  -2.8695769e+04
   6.4900000e+02   2.2952666e+04   5.7843642e+03
   6.5000000e+02   1.1087889e+04   1.4558619e+04
   6.5100000e+02  -1.4816268e+04  -6.9188030e+03
   6.5200000e+02  -2.1681739e+04  -2.3126878e+04
   6.5300000e+02  -6.5122742e+03  -1.7324851e+04
   6.5400000e+02   1.4873608e+04  -8.1208446e+03
   6.5500000e+02   2.3713408e+04  -8.3579763e+03
   6.5600000e+02   1.3129311e+04  -1.2916634e+03
   6.5700000e+02  -2.0412852e+03   9.8049723e+03
   6.5800000e+02  -9.0721003e+03   4.1665596e+03
   6.5900000e+02  -6.8681512e+03  -1.1142092e+04
   6.6000000e+02   4.8858094e+03  -1.4238062e+04
   6.6100000e+02   4.0545239e+03   5.0948384e+03
   6.6200000e+02  -1.1576107e+04   1.5997697e+04
   6.6300000e+02  -1.4860357e+03  -7.5420957e+03
   6.6400000e+02   1.9246832e+04  -1.7840462e+04
   6.6500000e+02   4.3802282e+03   1.5905851e+04
   6.6600000e+02  -2.4539813e+04   4.2315930e+04
   6.6700000e+02  -2.8548722e+04   1.5712901e+04
   6.6800000e+02  -1.0593178e+04  -3.1901560e+04
   6.6900000e+02   9.4783247e+03  -2.4842859e+04
   6.7000000e+02   1.8860396e+04   3.4713073e+04
   6.7100000e+02   1.2928925e+04   5.4994473e+04
   6.7200000e+02   3.6418624e+02   9.4910904e+03
   6.7300000e+02  -3.9057074e+03  -2.8624472e+04
   6.7400000e+02  -3.5025239e+03  -8.6676195e+03
   6.7500000e+02  -3.3670784e+03   3.3923662e+04
   6.7600000e+02   6.3270776e+03   3.7411052e+04
   6.7700000e+02   2.4553559e+04   6.0535347e+03
   6.7800000e+02   3.5249084e+04  -1.4280511e+04
   6.7900000e+02   2.2110772e+04  -1.0668392e+04
   6.8000000e+02  -3.1748475e+03   9.9600782e+03
   6.8100000e+02  -5.1865040e+03   2.9825507e+04
   6.8200000e+02   1.4060683e+04   2.5410213e+04
   6.8300000e+02   2.4175576e+04   2.2068129e+03
   6.8400000e+02   1.5850482e+04  -1.7525033e+04
   6.8500000e+02  -6.5184510e+03  -7.6860959e+03
   6.8600000e+02  -1.9861428e+04   3.0226172e+04
   6.8700000e+02   4.1907789e+02   4.1991152e+04
   6.8800000e+02   2.4380401e+04   1.3764472e+04
   6.8900000e+02   1.6919816e+04  -8.7388514e+02
   6.9000000e+02   3.7853647e+03   1.3842120e+04
   6.9100000e+02   5.1066825e+03   1.7392336e+04
   6.9200000e+02   2.0871736e+03  -4.1896717e+03
   6.9300000e+02  -1.2441095e+03  -9.2331534e+03
   6.9400000e+02   1.2490849e+04   1.8766373e+04
   6.9500000e+02   2.4072475e+04   3.0993785e+04
   6.9600000e+02   1.3781927e+04   7.8477100e+01
   6.9700000e+02   2.9681201e+03  -2.9744845e+04
   6.9800000e+02   2.5870117e+02  -1.7159291e+04
   6.9900000e+02  -1.4348529e+04   7.0547556e+03
   7.0000000e+02  -1.7807806e+04   8.7635155e+03
   7.0100000e+02   1.5368184e+04   5.0781545e+03
   7.0200000e+02   3.1420611e+04  -5.3330581e+03
   7.0300000e+02  -1.0612784e+04  -2.5351196e+04
   7.0400000e+02  -5.0831136e+04  -1.8525350e+04
   7.0500000e+02  -2.7039372e+04   1.1064938e+04
   7.0600000e+02   2.2937912e+04   1.4218377e+04
   7.0700000e+02   2.7077810e+04  -1.5031470e+04
   7.0800000e+02  -1.1751055e+04  -2.9362217e+04
   7.0900000e+02  -3.3711056e+04  -9.5194621e+03
   7.1000000e+02  -1.3087369e+04  -1.8777780e+01
   7.1100000e+02   1.2866512e+04  -2.1473104e+04
   7.1200000e+02   5.8129786e+03  -2.8168237e+04
   7.1300000e+02  -1.6995977e+04  -1.9264939e+03
   7.1400000e+02  -2.0722520e+04   6.8389514e+03
   7.1500000e+02  -8.8985910e+03  -2.0024741e+04
   7.1600000e+02  -1.8310174e+03  -2.8023234e+04
   7.1700000e+02  -1.0744401e+03   7.5947443e+02
   7.1800000e+02  -4.7617292e+03   1.1362102e+04
   7.1900000e+02  -1.2269008e+04  -1.9144865e+04
   7.2000000e+02  -1.1252790e+04  -3.4768495e+04
   7.2100000e+02  -1.5208576e+03  -3.0135818e+03
   7.2200000e+02   3.9908774e+03   1.8225565e+04
   7.2300000e+02   2.8028577e+03  -6.7539514e+03
   7.2400000e+02  -7.4801997e+03  -3.0316753e+04
   7.2500000e+02  -2.1075460e+04  -1.8987343e+04
   7.2600000e+02  -2.0016688e+04   3.6249919e+03
   7.2700000e+02  -6.8158129e+03   5.4231831e+03
   7.2800000e+02   4.8721528e+02  -8.0446781e+03
   7.2900000e+02  -5.3599142e+03  -9.9517664e+03
   7.3000000e+02  -1.6066266e+04  -1.8788788e+03
   7.3100000e+02  -1.5458046e+04  -2.6444182e+03
   7.3200000e+02  -3.5623324e+03  -1.1556750e+04
   7.3300000e+02   1.8183879e+03  -1.0009924e+04
   7.3400000e+02  -3.6945434e+03   5.7339771e+03
   7.3500000e+02  -1.3247634e+04   1.8886645e+04
   7.3600000e+02  -1.8794779e+04   1.7831999e+04
   7.3700000e+02  -2.8662027e+03   1.3971220e+03
   7.3800000e+02   1.9482591e+04  -1.0890682e+04
   7.3900000e+02   6.9772480e+03  -3.6014598e+03
   7.4000000e+02  -1.6255998e+04   6.3770174e+03
   7.4100000e+02  -3.9930576e+03   1.2626122e+04
   7.4200000e+02   1.7710761e+04   1.5576268e+04
   7.4300000e+02   1.4137808e+04   9.3329930e+03
   7.4400000e+02  -3.0407715e+02   5.8777301e+03
   7.4500000e+02  -6.5779248e+03   8.5108575e+03
   7.4600000e+02  -5.7163315e+03   6.5793011e+03
   7.4700000e+02  -1.6530666e+03  -9.8409214e+02
   7.4800000e+02   4.5656436e+03  -2.5716787e+03
   7.4900000e+02   5.7859445e+03   1.2992163e+04
   7.5000000e+02   1.7137181e+03   2.5210073e+04
   7.5100000e+02   6.5304999e+03   1.1521614e+04
   7.5200000e+02   1.6539842e+04  -6.7763884e+03
   7.5300000e+02   1.0505251e+04  -4.7161120e+03
   7.5400000e+02   5.4087257e+02   6.1788919e+03
   7.5500000e+02   1.4818066e+04   9.6638558e+03
   7.5600000e+02   2.8965248e+04   9.3505319e+03
   7.5700000e+02   1.3126676e+04   5.2768327e+03
   7.5800000e+02   2.2517950e+02  -1.0276051e+03
   7.5900000e+02   1.0662508e+04  -2.5090411e+03
   7.6000000e+02   1.3374139e+04  -5.6394925e+03
   7.6100000e+02   6.3076516e+03  -4.0704148e+03
   7.6200000e+02   1.6768057e+04   9.8784844e+03
   7.6300000e+02   2.5978009e+04   1.7555132e+04
   7.6400000e+02   2.5947933e+03   1.7087003e+04
   7.6500000e+02  -1.5566311e+04   2.0034220e+04
   7.6600000e+02   1.1087848e+04   1.6440997e+04
   7.6700000e+02   4.0934198e+04   1.4658233e+03
   7.6800000e+02   3.0726061e+04  -3.3976460e+03
   7.6900000e+02  -2.2327178e+03   1.7091021e+04
   7.7000000e+02  -1.6812910e+04   3.2822282e+04
   7.7100000e+02   4.4682879e+03   3.4930161e+03
   7.7200000e+02   2.1002279e+04  -4.1739396e+04
   7.7300000e+02   4.9317428e+02  -3.7171276e+04
   7.7400000e+02  -1.5735841e+04   3.7636658e+03
   7.7500000e+02  -1.7830145e+03   1.4932423e+04
   7.7600000e+02   1.2669030e+04  -8.9956012e+03
   7.7700000e+02   7.0094907e+03  -2.6396601e+04
   7.7800000e+02  -2.0126390e+04  -1.7231674e+04
   7.7900000e+02  -4.1446990e+04   2.5579351e+03
   7.8000000e+02  -1.2070297e+04   1.3552841e+04
   7.8100000e+02   3.8988506e+04   1.9346539e+04
   7.8200000e+02   2.9357625e+04   1.5792317e+04
   7.8300000e+02  -2.8213638e+04   4.2900891e+03
   7.8400000e+02  -3.5049154e+04   6.5193783e+03
   7.8500000e+02   2.0814570e+04   1.1829316e+04
   7.8600000e+02   4.4452630e+04   5.4600478e+03
   7.8700000e+02  -3.5482847e+03  -3.0237382e+03
   7.8800000e+02  -4.6787232e+04  -1.3406113e+04
   7.8900000e+02  -2.4423628e+04  -1.7530946e+04
   7.9000000e+02   5.7676096e+03  -9.8578824e+03
   7.9100000e+02  -1.2572083e+04  -5.3160182e+03
   7.9200000e+02  -2.6072522e+04  -3.4980051e+03
   7.9300000e+02  -9.6233865e+03  -4.2073368e+03
   7.9400000e+02  -1.2850473e+04  -1.9354219e+04
   7.9500000e+02  -2.7035068e+04  -2.8721748e+04
   7.9600000e+02  -1.6209044e+04  -8.7858669e+03
   7.9700000e+02  -1.0588858e+03   1.2519426e+04
   7.9800000e+02  -8.3770707e+03   5.4524623e+03
   7.9900000e+02  -2.4959510e+04  -1.6446429e+04
   8.0000000e+02  -2.1283287e+04  -2.2963214e+04
   8.0100000e+02   1.6711420e+01  -3.9285186e+03
   8.0200000e+02   9.7386836e+03   5.8698397e+03
   8.0300000e+02   9.6548380e+02  -1.6047231e+04
   8.0400000e+02  -8.0236124e+03  -2.8427111e+04
   8.0500000e+02  -2.9486867e+03  -3.1739395e+03
   8.0600000e+02   8.6423675e+03   2.6851654e+04
   8.0700000e+02   1.3703854e+04   2.0084624e+04
   8.0800000e+02   8.1354949e+03  -1.4116118e+04
   8.0900000e+02  -7.9675792e+03  -2.8122646e+04
   8.1000000e+02  -1.4541296e+04  -1.0843922e+04
   8.1100000e+02  -2.0843925e+02   1.2454677e+04
   8.1200000e+02   3.7315843e+03   2.1667195e+04
   8.1300000e+02  -1.4784744e+04   6.1851067e+03
   8.1400000e+02  -2.5181913e+04  -1.5332410e+04
   8.1500000e+02  -1.3392478e+04  -1.3925697e+04
   8.1600000e+02   9.4723283e+03  -1.5050736e+03
   8.1700000e+02   2.7485993e+04  -5.5628055e+03
   8.1800000e+02   2.2062447e+04  -1.6833636e+04
   8.1900000e+02  -1.1635631e+03  -1.1693065e+04
   8.2000000e+02  -1.2867531e+04   2.6959830e+03
   8.2100000e+02  -5.7304909e+03   9.7446624e+03
   8.2200000e+02   1.2510113e+04   5.6577924e+03
   8.2300000e+02   3.4442815e+04  -1.0344113e+04
   8.2400000e+02   3.1195937e+04  -1.7689699e+04
   8.2500000e+02  -1.1218129e+04   7.8948481e+03
   8.2600000e+02  -4.3133895e+04   3.4253426e+04
   8.2700000e+02  -1.2550464e+04   1.6047916e+04
   8.2800000e+02   3.9894791e+04  -1.4920552e+04
   8.2900000e+02   3.1166718e+04  -4.3758352e+03
   8.3000000e+02  -2.3049154e+04   2.6918017e+04
   8.3100000e+02  -3.3229259e+04   2.7702831e+04
   8.3200000e+02   6.3266521e+03   7.4699853e+02
   8.3300000e+02   2.1483484e+04  -1.1067632e+04
   8.3400000e+02   2.1653915e+03   3.1362553e+03
   8.3500000e+02  -1.0165866e+03   1.2707420e+04
   8.3600000e+02   1.4652260e+04   3.1789639e+03
   8.3700000e+02   2.0186772e+04  -8.8615626e+03
   8.3800000e+02   1.2259631e+04  -1.8005937e+03
   8.3900000e+02   5.5372209e+03   1.8466054e+04
   8.4000000e+02   1.2587349e+04   1.8246747e+04
   8.4100000e+02   2.5088458e+04  -3.9972077e+03
   8.4200000e+02   2.7290630e+04  -1.4974829e+04
   8.4300000e+02   1.4141464e+04  -7.4571617e+02
   8.4400000e+02  -6.4990316e+03   2.1625691e+04
   8.4500000e+02  -1.2512927e+04   2.6152716e+04
   8.4600000e+02  -6.1040380e+03   1.0567378e+04
   8.4700000e+02  -1.9007411e+03  -6.2564143e+03
   8.4800000e+02   8.0682620e+03  -9.6341385e+03
   8.4900000e+02   1.0477440e+04   2.6853885e+03
   8.5000000e+02  -1.0788425e+04   1.9797173e+04
   8.5100000e+02  -3.0457603e+04   2.7934182e+04
   8.5200000e+02  -2.5177374e+04   1.5459102e+04
   8.5300000e+02  -1.6837460e+03  -1.5266094e+03
   8.5400000e+02   1.3936306e+04   6.3892893e+03
   8.5500000e+02   4.9259477e+03   1.3621493e+04
   8.5600000e+02  -1.1782438e+04  -3.9935747e+03
   8.5700000e+02  -5.9683302e+03  -1.5081976e+04
   8.5800000e+02   2.2652631e+04  -2.5894042e+03
   8.5900000e+02   3.0511445e+04   2.0162149e+04
   8.6000000e+02   6.1068907e+03   2.4071536e+04
   8.6100000e+02   3.4595877e+03  -9.2992657e+03
   8.6200000e+02   2.6716184e+04  -4.0579456e+04
   8.6300000e+02   1.8646594e+04  -2.8228432e+04
   8.6400000e+02  -1.3018644e+04   7.7387606e+03
   8.6500000e+02  -1.7620299e+04   2.3702671e+04
   8.6600000e+02  -2.0433153e+03   9.6426467e+03
   8.6700000e+02   6.5565738e+02  -6.9626372e+03
   8.6800000e+02  -1.1473597e+04  -9.8316375e+03
   8.6900000e+02  -2.1301928e+04  -9.7436756e+03
   8.7000000e+02  -1.8257681e+04  -6.8890213e+03
   8.7100000e+02  -1.1780230e+04   6.9795610e+03
   8.7200000e+02  -1.1781177e+04   1.2600527e+04
   8.7300000e+02  -1.2447829e+04  -8.4628275e+03
   8.7400000e+02  -9.3577316e+03  -2.8980957e+04
   8.7500000e+02   1.5256629e+03  -2.1564914e+04
   8.7600000e+02   1.5530749e+04  -1.4183052e+03
   8.7700000e+02   9.0894433e+03   5.8566472e+03
   8.7800000e+02  -1.5125048e+04  -6.6507240e+03
   8.7900000e+02  -2.1000978e+04  -2.1800529e+04
   8.8000000e+02  -3.9288915e+03  -2.1392713e+04
   8.8100000e+02   5.7764271e+03  -1.1770588e+04
   8.8200000e+02   1.7630174e+03  -4.3048106e+03
   8.8300000e+02  -2.5305042e+03  -3.5492501e+03
   8.8400000e+02  -5.7458833e+03  -1.0887053e+04
   8.8500000e+02  -8.7422147e+03  -1.6236267e+04
   8.8600000e+02  -1.0827992e+04  -1.0560235e+04
   8.8700000e+02  -8.8716961e+03  -3.0137930e+03
   8.8800000e+02  -7.4575684e+02  -7.3651605e+03
   8.8900000e+02   3.4457919e+03  -1.1811262e+04
   8.9000000e+02   2.9172468e+03   3.2737361e+03
   8.9100000e+02   4.9172973e+03   1.3839152e+04
   8.9200000e+02   1.0777862e+03  -1.3103308e+03
   8.9300000e+02  -1.4771794e+04  -1.0926880e+04
   8.9400000e+02  -2.4525166e+04  -5.3316094e+03
   8.9500000e+02  -7.2254081e+03  -7.8695370e+03
   8.9600000e+02   1.4952075e+04  -1.7021561e+04
   8.9700000e+02   6.1789841e+03  -1.7765289e+04
   8.9800000e+02  -1.6800981e+04   1.0675168e+03
   8.9900000e+02  -1.9840447e+04   1.9243793e+04
   9.0000000e+02  -2.8563507e+03   1.0867328e+03
   9.0100000e+02   8.3137355e+03  -1.9940616e+04
   9.0200000e+02   1.0607811e+03  -5.4496813e+02
   9.0300000e+02   9.0848070e+02   2.2929205e+04
   9.0400000e+02   1.2393680e+04   1.7686001e+04
   9.0500000e+02   8.4221456e+03   4.4600460e+03
   9.0600000e+02  -1.6720673e+03   2.2714657e+03
   9.0700000e+02  -1.5705150e+03   7.3903621e+03
   9.0800000e+02  -2.0605055e+03   6.8890127e+03
   9.0900000e+02  -5.1485253e+03   3.5127696e+03
   9.1000000e+02  -4.2002467e+03   1.3695492e+04
   9.1100000e+02   1.8034116e+03   2.0431902e+04
   9.1200000e+02   4.2212414e+03   8.2044628e+02
   9.1300000e+02  -4.7252850e+03  -1.5366486e+04
   9.1400000e+02  -1.2178696e+04  -5.7151558e+03
   9.1500000e+02  -9.2946226e+03   8.0166170e+03
   9.1600000e+02  -1.5396092e+03   1.1117676e+04
   9.1700000e+02   1.5477633e+04   7.7466040e+02
   9.1800000e+02   3.7707409e+04  -9.5622967e+03
   9.1900000e+02   3.6833496e+04   6.2741726e+03
   9.2000000e+02   3.8168829e+03   3.4036976e+04
   9.2100000e+02  -1.7794332e+04   3.4980394e+04
   9.2200000e+02   6.8430348e+03   1.1586508e+04
   9.2300000e+02   3.6142051e+04   2.7055259e+03
   9.2400000e+02   2.3405350e+04   1.6873594e+04
   9.2500000e+02  -3.4777569e+03   2.3044796e+04
   9.2600000e+02  -2.0736891e+03   1.3021427e+04
   9.2700000e+02   1.5810937e+04   8.5937995e+03
   9.2800000e+02   1.5392374e+04   1.9797320e+04
   9.2900000e+02  -1.3286615e+02   2.4853226e+04
   9.3000000e+02  -5.9509616e+03   2.5262690e+03
   9.3100000e+02  -9.2701600e+00  -2.1068840e+04
   9.3200000e+02   1.4495262e+04  -1.7943354e+04
   9.3300000e+02   2.4758197e+04  -9.8075666e+02
   9.3400000e+02   8.7410764e+03   8.3152933e+03
   9.3500000e+02  -1.1103870e+04   8.9427822e+02
   9.3600000e+02  -2.7840188e+03  -6.6000381e+03
   9.3700000e+02   1.5883377e+04  -3.6878520e+02
   9.3800000e+02   1.8120686e+04   1.0339525e+03
   9.3900000e+02   2.9918921e+03  -9.0248910e+03
   9.4000000e+02  -1.4518959e+04  -1.2156486e+04
   9.4100000e+02  -1.6572166e+04   3.1643452e+03
   9.4200000e+02  -2.1127873e+03   2.1145029e+04
   9.4300000e+02   1.1248033e+04   1.3502380e+04
   9.4400000e+02   1.1496450e+04  -1.3432164e+04
   9.4500000e+02  -1.2011916e+03  -2.5144088e+04
   9.4600000e+02  -1.9610555e+04  -8.6952981e+03
   9.4700000e+02  -2.2627325e+04   7.4508248e+03
   9.4800000e+02  -1.5017101e+03  -5.1473274e+03
   9.4900000e+02   1.9265496e+04  -2.4654193e+04
   9.5000000e+02   2.1563316e+04  -2.3408630e+04
   9.5100000e+02   6.8560387e+03  -9.5501298e+03
   9.5200000e+02  -2.2468930e+04   5.1426084e+03
   9.5300000e+02  -4.5204931e+04   8.0283466e+03
   9.5400000e+02  -2.7597439e+04  -1.1770715e+04
   9.5500000e+02   1.4134201e+04  -3.2710420e+04
   9.5600000e+02   2.4275740e+04  -2.1091645e+04
   9.5700000e+02  -1.2111347e+03   1.1096196e+04
   9.5800000e+02  -2.4993337e+04   1.5267334e+04
   9.5900000e+02  -3.3224813e+04  -1.2031778e+04
   9.6000000e+02  -2.4164859e+04  -2.6961756e+04
   9.6100000e+02  -5.7793743e+03  -1.6893397e+04
   9.6200000e+02   5.7299345e+03  -5.0808084e+03
   9.6300000e+02   1.3017299e+04  -6.7371788e+03
   9.6400000e+02   1.5357891e+04  -1.3886436e+04
   9.6500000e+02  -1.6296599e+03  -1.1662849e+04
   9.6600000e+02  -2.6908172e+04  -8.6029609e+03
   9.6700000e+02  -2.9224958e+04  -1.1664130e+04
   9.6800000e+02  -1.2311320e+04  -3.8413830e+03
   9.6900000e+02  -7.1690354e+03   8.5743904e+03
   9.7000000e+02  -1.1433317e+04   5.7307546e+03
   9.7100000e+02  -8.0669615e+03  -6.1362619e+03
   9.7200000e+02  -9.1050180e+03  -1.4241541e+04
   9.7300000e+02  -2.2743657e+04  -4.4339217e+03
   9.7400000e+02  -2.7974781e+04   1.6989934e+04
   9.7500000e+02  -1.3102173e+04   1.3946518e+04
   9.7600000e+02   6.1143999e+03  -7.8436724e+03
   9.7700000e+02   1.9336370e+04  -8.3204530e+03
   9.7800000e+02   2.0013666e+04   8.6786605e+03
   9.7900000e+02   5.5485863e+02   1.3604552e+04
   9.8000000e+02  -1.6559903e+04   4.2851673e+03
   9.8100000e+02  -9.9648550e+03  -3.9854300e+03
   9.8200000e+02   7.6586257e+03  -4.9670485e+03
   9.8300000e+02   1.9147194e+04   1.0432160e+03
   9.8400000e+02   1.2447099e+04   7.9271955e+03
   9.8500000e+02  -9.2529595e+03   7.8441576e+03
   9.8600000e+02  -1.8228671e+04   5.7456841e+03
   9.8700000e+02  -3.1067875e+03   5.6530201e+03
   9.8800000e+02   9.7932270e+03   7.5667987e+03
   9.8900000e+02   7.1001787e+03   1.2551692e+04
   9.9000000e+02   8.3966050e+03   1.1749716e+04
   9.9100000e+02   1.4165979e+04   8.2461955e+03
   9.9200000e+02   1.3540492e+04   1.6020366e+04
   9.9300000e+02   1.2441592e+04   2.4492268e+04
   9.9400000e+02   9.3682780e+03   1.7586966e+04
   9.9500000e+02   1.1313757e+04   2.8311202e+03
   9.9600000e+02   2.1891368e+04  -5.2965128e+03
   9.9700000e+02   1.5318806e+04  -3.7851463e+03
   9.9800000e+02  -3.6453106e+03   8.2368744e+02
   9.9900000e+02  -3.0740247e+03   9.7613024e+02
   1.0000000e+03   1.6159391e+04   1.7867609e+03
   1.0010000e+03   3.0583841e+04   8.2072581e+03
   1.0020000e+03   2.1233027e+04   4.3670147e+03
   1.0030000e+03  -2.1872950e+03  -7.4020942e+03
   1.0040000e+03  -6.3444890e+03  -4.9053777e+03
   1.0050000e+03   1.4887453e+04   6.2051597e+03
   1.0060000e+03   3.1458679e+04   1.6844144e+04
   1.0070000e+03   1.5398832e+04   2.2580631e+04
   1.0080000e+03  -2.0944011e+04   1.2834103e+04
   1.0090000e+03  -2.6693293e+04   3.9356858e+03
   1.0100000e+03   1.2233546e+04   4.6021152e+03
   1.0110000e+03   4.0248016e+04  -4.4888235e+03
   1.0120000e+03   2.1273060e+04  -1.1793114e+04
   1.0130000e+03  -8.5756886e+03  -6.3986496e+02
   1.0140000e+03  -1.1605245e+04   5.5411877e+03
   1.0150000e+03  -1.5886557e+03  -1.2458126e+03
   1.0160000e+03   5.0445039e+03  -3.0830275e+03
   1.0170000e+03   1.3039889e+04  -7.1224711e+03
   1.0180000e+03   7.9231572e+03  -1.6495628e+04
   1.0190000e+03  -1.0381546e+04  -9.2175433e+03
   1.0200000e+03  -8.7026501e+03   1.1770540e+04
   1.0210000e+03   7.6087049e+03   2.0906975e+04
   1.0220000e+03   1.2065998e+04   8.8308235e+03
   1.0230000e+03   4.4865014e+03  -6.6800378e+03
   1.0240000e+03  -9.0648363e+03  -3.2623378e+03
   1.0250000e+03  -1.7130907e+04   5.5275933e+03
   1.0260000e+03  -1.1097043e+04  -4.4118194e+03
   1.0270000e+03   3.0136145e+03  -2.1687098e+04
   1.0280000e+03   7.4079380e+03  -2.3946454e+04
   1.0290000e+03  -1.1253159e+04  -7.5431413e+03
   1.0300000e+03  -2.8376996e+04   1.0998957e+04
   1.0310000e+03  -2.3115575e+04   6.8114241e+03
   1.0320000e+03  -1.4444357e+04  -1.6862027e+04
   1.0330000e+03  -1.3893963e+04  -2.1154164e+04
   1.0340000e+03  -1.2928547e+04   5.7601092e+03
   1.0350000e+03  -5.0109359e+03   2.2137772e+04
   1.0360000e+03   1.7793600e+03   3.6499869e+03
   1.0370000e+03   3.6550298e+02  -2.4087863e+04
   1.0380000e+03  -4.6354765e+03  -3.0793190e+04
   1.0390000e+03  -1.7217312e+04  -9.8396877e+03
   1.0400000e+03  -2.1990421e+04   9.3267372e+03
   1.0410000e+03   1.0443250e+01  -7.9367805e+03
   1.0420000e+03   1.2143102e+04  -3.3211717e+04
   1.0430000e+03  -1.1756874e+04  -2.2611671e+04
   1.0440000e+03  -3.5878684e+04  -2.8917989e+03
   1.0450000e+03  -2.6958279e+04  -2.7225780e+03
   1.0460000e+03   2.7401430e+03   1.8291279e+03
   1.0470000e+03   1.5204999e+04   1.4901276e+04
   1.0480000e+03  -1.4816888e+03   1.7367383e+04
   1.0490000e+03  -1.4802773e+04   1.0461168e+04
   1.0500000e+03  -5.8693076e+03  -2.1185439e+03
   1.0510000e+03  -1.3712073e+03  -1.3918051e+04
   1.0520000e+03  -9.7937953e+03  -1.0584769e+04
   1.0530000e+03  -4.9081341e+03   3.0975463e+03
   1.0540000e+03   2.5309850e+03   7.4339941e+03
   1.0550000e+03  -9.0935284e+03  -3.6576932e+03
   1.0560000e+03  -1.3647060e+04  -1.8069483e+04
   1.0570000e+03   1.2555205e+03  -1.7433826e+04
   1.0580000e+03   8.4423936e+03  -1.8959443e+03
   1.0590000e+03  -3.7454830e+01   6.7742088e+02
   1.0600000e+03  -5.9732362e+03  -7.6403810e+03
   1.0610000e+03   2.7341305e+03   4.9561374e+03
   1.0620000e+03   1.8336089e+04   1.8404699e+04
   1.0630000e+03   2.2381366e+04   5.7377817e+03
   1.0640000e+03   1.1496612e+04  -7.9724030e+03
   1.0650000e+03  -3.3948095e+02  -4.3942154e+03
   1.0660000e+03  -2.2314744e+03   1.3268230e+04
   1.0670000e+03   8.7594711e+03   2.5506214e+04
   1.0680000e+03   1.9834036e+04   1.0101133e+04
   1.0690000e+03   1.0634831e+04  -6.3283860e+03
   1.0700000e+03  -7.5162975e+03   1.0457658e+03
   1.0710000e+03  -6.0909481e+03   2.9375779e+03
   1.0720000e+03   1.2581121e+04  -8.6973227e+03
   1.0730000e+03   2.2982435e+04   5.6267553e+02
   1.0740000e+03   1.2221586e+04   2.4205812e+04
   1.0750000e+03  -2.4787684e+03   1.8293866e+04
   1.0760000e+03   5.1766303e+03  -8.7828941e+03
   1.0770000e+03   2.6053429e+04  -8.0018177e+03
   1.0780000e+03   2.1844156e+04   2.5482090e+04
   1.0790000e+03  -1.0752672e+04   4.2932316e+04
   1.0800000e+03  -2.5034708e+04   1.2561377e+04
   1.0810000e+03   3.2591624e+03  -2.6353717e+04
   1.0820000e+03   3.4902845e+04  -2.2195987e+04
   1.0830000e+03   2.7345074e+04   1.1826758e+04
   1.0840000e+03  -1.4482489e+03   3.1177264e+04
   1.0850000e+03  -1.1560169e+04   1.2325285e+04
   1.0860000e+03  -2.5070650e+03  -2.7460952e+04
   1.0870000e+03   1.2598245e+04  -3.1510230e+04
   1.0880000e+03   2.1481954e+04   1.3676952e+04
   1.0890000e+03   7.4565432e+03   3.6579039e+04
   1.0900000e+03  -6.9361084e+03   6.6613367e+03
   1.0910000e+03   2.4818918e+03  -1.6543328e+04
   1.0920000e+03   7.5728388e+03  -6.2273014e+03
   1.0930000e+03  -5.5326699e+03   1.1867220e+04
   1.0940000e+03  -1.3782165e+04   2.1798082e+04
   1.0950000e+03  -4.4779543e+03   1.5977533e+04
   1.0960000e+03   1.5847662e+04   2.8172467e+03
   1.0970000e+03   2.1493889e+04  -1.8732724e+03
   1.0980000e+03  -7.2985328e+02   2.4711700e+02
   1.0990000e+03  -1.6761633e+04   1.7000464e+03
   1.1000000e+03  -3.5174397e+03  -1.7518584e+03
   1.1010000e+03   1.1611120e+04  -7.2185637e+02
   1.1020000e+03   7.1555217e+03   9.7996577e+03
   1.1030000e+03  -7.7744410e+03   9.3290519e+03
   1.1040000e+03  -1.7635483e+04  -6.7035900e+03
   1.1050000e+03  -1.5600280e+04  -1.4257724e+04
   1.1060000e+03  -8.6934718e+03  -2.8980222e+03
   1.1070000e+03  -5.8008066e+03   7.5654970e+03
   1.1080000e+03  -1.0895074e+04  -8.7678926e+02
   1.1090000e+03  -1.2032454e+04  -1.2695065e+04
   1.1100000e+03   2.8439344e+03  -5.7659238e+03
   1.1110000e+03   6.3932002e+03   9.0127353e+03
   1.1120000e+03  -1.0623651e+04   1.5507015e+03
   1.1130000e+03  -1.5760713e+04  -2.5171993e+04
   1.1140000e+03  -6.9105402e+03  -3.1513679e+04
   1.1150000e+03   3.5612709e+03  -1.3509188e+04
   1.1160000e+03   6.6446508e+03  -4.0098307e+03
   1.1170000e+03  -1.0929738e+04  -1.9741799e+03
   1.1180000e+03  -2.4897991e+04   2.6389384e+03
   1.1190000e+03  -6.2547073e+03  -6.4113810e+03
   1.1200000e+03   1.9374429e+04  -1.7158794e+04
   1.1210000e+03   8.9592891e+03  -5.7069158e+03
   1.1220000e+03  -2.1498247e+04   3.7114095e+03
   1.1230000e+03  -1.8378858e+04  -5.0392185e+03
   1.1240000e+03   4.7229031e+03  -1.1831775e+04
   1.1250000e+03   8.4365929e+02  -1.2859426e+04
   1.1260000e+03  -1.3888932e+04  -9.9721000e+03
   1.1270000e+03  -7.8442181e+03  -4.4076303e+03
   1.1280000e+03   4.3473027e+03  -8.3396053e+03
   1.1290000e+03  -8.6426479e+03  -1.3134699e+04
   1.1300000e+03  -3.1836811e+04  -7.1039865e+03
   1.1310000e+03  -1.3935396e+04  -5.5825119e+03
   1.1320000e+03   3.0086607e+04  -1.3286418e+04
   1.1330000e+03   2.5924078e+04  -1.2366549e+04
   1.1340000e+03  -2.4556909e+04  -8.3347160e+02
   1.1350000e+03  -3.9752618e+04   8.1701417e+03
   1.1360000e+03  -1.2922347e+02   8.3030830e+03
   1.1370000e+03   2.7238082e+04  -4.1312271e+03
   1.1380000e+03   8.4304986e+03  -1.3608675e+04
   1.1390000e+03  -1.7025277e+04   9.3559928e+02
   1.1400000e+03  -1.1588095e+04   1.7596194e+04
   1.1410000e+03   7.3545794e+03   1.5481781e+04
   1.1420000e+03   4.7506300e+03   5.6897076e+03
   1.1430000e+03  -1.0715845e+04  -1.0749012e+04
   1.1440000e+03  -7.1782630e+03  -1.6886236e+04
   1.1450000e+03   1.3190680e+04   1.0388709e+04
   1.1460000e+03   1.8979978e+04   2.8526228e+04
   1.1470000e+03   1.2363419e+03   2.1242782e+03
   1.1480000e+03  -9.8216456e+03  -2.1029384e+04
   1.1490000e+03   2.4005206e+03  -3.4014863e+03
   1.1500000e+03   1.7634987e+04   3.0114311e+04
   1.1510000e+03   1.7813168e+04   3.7308164e+04
   1.1520000e+03   1.2034846e+03   3.7609086e+03
   1.1530000e+03  -1.6083786e+04  -2.3085517e+04
   1.1540000e+03  -9.1410238e+03  -4.3653875e+03
   1.1550000e+03   1.2822928e+04   2.5961238e+04
   1.1560000e+03   1.5732368e+04   2.8953230e+04
   1.1570000e+03  -9.7630045e+02   3.2650269e+03
   1.1580000e+03  -4.2731662e+03  -1.1055815e+04
   1.1590000e+03   1.6414613e+04   1.3498546e+04
   1.1600000e+03   2.5688458e+04   2.4278464e+04
   1.1610000e+03   2.5024009e+03  -3.6949165e+03
   1.1620000e+03  -1.4172901e+04  -1.7828488e+04
   1.1630000e+03   5.0208342e+03  -6.5699863e+02
   1.1640000e+03   3.1488480e+04   2.0246343e+04
   1.1650000e+03   3.4005028e+04   2.2653632e+04
   1.1660000e+03   1.8568095e+04   5.9159727e+03
   1.1670000e+03   9.4734394e+03  -7.7760507e+03
   1.1680000e+03   6.7288213e+03  -1.4160783e+03
   1.1690000e+03  -6.6329529e+03   1.9199637e+04
   1.1700000e+03  -1.5224602e+04   3.1980299e+04
   1.1710000e+03  -4.3077720e+02   2.4164087e+04
   1.1720000e+03   1.9586785e+04   2.3287915e+03
   1.1730000e+03   1.9962943e+04  -1.5588108e+04
   1.1740000e+03  -4.7021560e+02  -3.9350526e+03
   1.1750000e+03  -1.6040818e+04   2.3961807e+04
   1.1760000e+03  -1.1207328e+04   2.1068954e+04
   1.1770000e+03   3.7464848e+03  -8.5095393e+03
   1.1780000e+03   2.1790542e+04  -2.6738708e+04
   1.1790000e+03   2.8618027e+04  -2.6138158e+04
   1.1800000e+03   1.0533717e+04  -1.0563395e+04
   1.1810000e+03  -1.3040988e+04   1.2033169e+04
   1.1820000e+03  -1.6409108e+04   1.4209122e+04
   1.1830000e+03   4.3199654e+03  -1.0454215e+04
   1.1840000e+03   2.7116127e+04  -3.2400817e+04
   1.1850000e+03   1.3936727e+04  -2.5893050e+04
   1.1860000e+03  -2.7837542e+04   6.5225211e+03
   1.1870000e+03  -3.3277463e+04   2.2059198e+04
   1.1880000e+03   1.8787574e+03  -5.5646734e+03
   1.1890000e+03   3.9288487e+03  -2.4609070e+04
   1.1900000e+03  -2.6205097e+04  -1.6517193e+03
   1.1910000e+03  -2.4967880e+04   1.3810386e+04
   1.1920000e+03  -3.1989987e+02  -7.3318456e+03
   1.1930000e+03   5.2617289e+03  -2.9210132e+04
   1.1940000e+03  -1.0863479e+04  -2.1556998e+04
   1.1950000e+03  -2.5431351e+04   4.3127917e+03
   1.1960000e+03  -2.0868289e+04   1.5550944e+04
   1.1970000e+03  -4.9701138e+03  -5.3013248e+03
   1.1980000e+03   9.5253528e+03  -2.8039148e+04
   1.1990000e+03   1.1572503e+04  -1.8523085e+04
   1.2000000e+03  -8.7961775e+03   1.9429338e+02
   1.2010000e+03  -2.9187293e+04  -1.1927976e+02
   1.2020000e+03  -2.1096559e+04  -7.0139730e+03
   1.2030000e+03   5.0045820e+03  -6.8545959e+03
   1.2040000e+03   1.3625708e+04  -3.5296515e+03
   1.2050000e+03  -9.7496208e+03  -6.5833076e+03
   1.2060000e+03  -2.8138109e+04  -1.1467937e+04
   1.2070000e+03  -1.4128736e+04  -7.6126131e+03
   1.2080000e+03   3.5477711e+03  -3.6558753e+03
   1.2090000e+03   3.8511174e+03  -1.8588592e+03
   1.2100000e+03  -6.1121932e+03   1.2260452e+03
   1.2110000e+03  -1.5866124e+04  -6.2203252e+03
   1.2120000e+03  -1.5483497e+04  -1.6097992e+04
   1.2130000e+03  -1.2680273e+04  -9.9372444e+03
   1.2140000e+03  -9.9708753e+03   1.2210239e+03
   1.2150000e+03   9.4240845e+02   3.6946804e+03
   1.2160000e+03   1.5536385e+03   1.8729108e+03
   1.2170000e+03  -1.1161100e+04   4.0168563e+03
   1.2180000e+03  -8.7220679e+03   8.5225623e+03
   1.2190000e+03   3.0900999e+03   9.4301896e+02
   1.2200000e+03   2.6205144e+03  -7.5124218e+03
   1.2210000e+03   3.0089770e+03   9.6226518e+03
   1.2220000e+03   1.4232552e+04   2.5839418e+04
   1.2230000e+03   1.8528510e+04   1.3230112e+04
   1.2240000e+03   1.2586460e+04   6.5387937e+02
   1.2250000e+03   3.7251515e+03   2.6233040e+03
   1.2260000e+03  -1.1359079e+04   2.8163143e+03
   1.2270000e+03  -1.1346138e+04   6.7289500e+01
   1.2280000e+03   1.8245970e+04   4.9661531e+03
   1.2290000e+03   3.2482880e+04   1.6312106e+04
   1.2300000e+03   3.9823469e+03   1.2639441e+04
   1.2310000e+03  -2.0784359e+04  -8.1246281e+03
   1.2320000e+03  -7.9611640e+02  -1.1518930e+04
   1.2330000e+03   3.0008088e+04   1.0176978e+04
   1.2340000e+03   2.2186460e+04   1.9473879e+04
   1.2350000e+03  -5.7226564e+03   2.2311188e+03
   1.2360000e+03  -8.1957847e+03  -4.3567470e+03
   1.2370000e+03   1.4574758e+04   1.6312289e+04
   1.2380000e+03   2.8321552e+04   2.6451961e+04
   1.2390000e+03   1.5455043e+04   8.0264709e+03
   1.2400000e+03  -1.3626486e+03  -8.7682389e+03
   1.2410000e+03   3.3083919e+03  -2.2130127e+03
   1.2420000e+03   1.8732870e+04   1.4598761e+04
   1.2430000e+03   1.7214685e+04   1.9707905e+04
   1.2440000e+03  -2.9468727e+03   4.6742781e+03
   1.2450000e+03  -9.4184411e+03  -1.7161748e+04
   1.2460000e+03   1.2632696e+04  -1.3382126e+04
   1.2470000e+03   3.1903052e+04   1.8100018e+04
   1.2480000e+03   1.7611049e+04   3.1640210e+04
   1.2490000e+03  -8.5420290e+03   1.0305740e+04
   1.2500000e+03  -5.1411454e+02  -1.4219205e+04
   1.2510000e+03   2.3777266e+04  -2.0065728e+04
   1.2520000e+03   1.1615632e+04  -6.0407429e+03
   1.2530000e+03  -1.4722278e+04   1.4822156e+04
   1.2540000e+03  -4.1353125e+03   1.4317624e+04
   1.2550000e+03   2.1657804e+04  -7.6778647e+03
   1.2560000e+03   1.4234760e+04  -1.6535297e+04
   1.2570000e+03  -1.3322878e+04  -8.1339737e+03
   1.2580000e+03  -2.0065127e+04  -4.8542487e+03
   1.2590000e+03  -7.0164477e+03  -5.1805940e+03
   1.2600000e+03   7.7615770e+03   9.6147015e+02
   1.2610000e+03   9.8961943e+03   8.1549219e+03
   1.2620000e+03  -1.3952312e+04   4.3152450e+03
   1.2630000e+03  -3.3379394e+04  -1.7484664e+03
   1.2640000e+03  -1.0914088e+04   6.6581950e+03
   1.2650000e+03   2.2349686e+04   7.1299729e+03
   1.2660000e+03   2.1029519e+04  -1.2091317e+04
   1.2670000e+03  -5.9013103e+03  -1.7056824e+04
   1.2680000e+03  -2.3717077e+04   7.1119330e+02
   1.2690000e+03  -1.6783735e+04   1.5239074e+04
   1.2700000e+03  -2.4275514e+03   5.3853923e+03
   1.2710000e+03  -3.0753000e+03  -2.2771851e+04
   1.2720000e+03  -9.9900098e+03  -3.1304950e+04
   1.2730000e+03  -9.6467311e+03  -7.8541679e+03
   1.2740000e+03  -6.8036970e+03   1.4941302e+04
   1.2750000e+03  -3.2903888e+03   1.1023141e+04
   1.2760000e+03  -6.5541581e+03  -1.5668515e+04
   1.2770000e+03  -1.9690602e+04  -3.0879536e+04
   1.2780000e+03  -2.1586695e+04  -6.4791865e+03
   1.2790000e+03  -1.1950525e+04   2.4459983e+04
   1.2800000e+03  -9.4866687e+03   1.1780140e+04
   1.2810000e+03  -1.0340129e+04  -2.5606272e+04
   1.2820000e+03  -1.1952377e+04  -3.1813047e+04
   1.2830000e+03  -1.4662891e+04  -1.9083473e+03
   1.2840000e+03  -7.0589610e+03   2.3677847e+04
   1.2850000e+03  -1.6769851e+03   1.7566027e+04
   1.2860000e+03  -1.4168330e+04  -1.4622808e+04
   1.2870000e+03  -1.8121771e+04  -3.6840491e+04
   1.2880000e+03  -3.2431760e+01  -1.4739501e+04
   1.2890000e+03   1.0493149e+04   2.2986654e+04
   1.2900000e+03   2.2935694e+03   1.7938957e+04
   1.2910000e+03  -6.2392240e+03  -1.8340284e+04
   1.2920000e+03  -6.6222666e+03  -3.0999892e+04
   1.2930000e+03  -5.2225966e+03  -6.3883619e+03
   1.2940000e+03  -5.1436940e+03   2.5848217e+04
   1.2950000e+03   1.2230971e+03   2.1660287e+04
   1.2960000e+03   1.4779400e+04  -2.1662145e+04
   1.2970000e+03   2.0396212e+04  -3.8056701e+04
   1.2980000e+03   1.0771479e+04   2.2121330e+03
   1.2990000e+03   3.6808983e+02   3.2642868e+04
   1.3000000e+03   5.3003331e+02   1.2507973e+04
   1.3010000e+03   3.4861216e+03  -1.6116105e+04
   1.3020000e+03   5.5582321e+03  -2.3446102e+04
   1.3030000e+03   8.9048135e+03  -1.0243262e+04
   1.3040000e+03   4.4931754e+03   1.5150677e+04
   1.3050000e+03  -1.0714098e+04   1.9902397e+04
   1.3060000e+03  -1.7945311e+04   3.6158885e+02
   1.3070000e+03   1.0767728e+03  -1.1987556e+04
   1.3080000e+03   2.3415948e+04  -9.7093957e+03
   1.3090000e+03   1.3010758e+04   1.0198263e+04
   1.3100000e+03  -8.7929874e+03   2.8855829e+04
   1.3110000e+03  -6.5356119e+03   6.7667923e+03
   1.3120000e+03   1.3268433e+04  -2.1752180e+04
   1.3130000e+03   3.2605711e+04  -1.2292354e+03
   1.3140000e+03   2.7069227e+04   3.4977802e+04
   1.3150000e+03  -4.3095556e+03   3.2200942e+04
   1.3160000e+03  -1.3718541e+04   2.0606996e+03
   1.3170000e+03   8.8490446e+03  -9.7143048e+03
   1.3180000e+03   2.1266137e+04   5.9681030e+03
   1.3190000e+03   1.4613362e+04   1.5507206e+04
   1.3200000e+03   3.6707555e+03   5.8429076e+03
   1.3210000e+03  -9.1669426e+03  -4.8712739e+03
   1.3220000e+03  -1.3670352e+04  -6.8643588e+03
   1.3230000e+03  -2.6365029e+03   6.6934685e+03
   1.3240000e+03   1.1881194e+04   2.2322604e+04
   1.3250000e+03   1.7007855e+04   3.5917544e+03
   1.3260000e+03   9.0764975e+03  -2.4454816e+04
   1.3270000e+03   9.6587040e+02  -4.1938506e+03
   1.3280000e+03   5.4741120e+03   3.5354227e+04
   1.3290000e+03   7.3495903e+03   2.7487453e+04
   1.3300000e+03   1.9547861e+03  -1.1828703e+04
   1.3310000e+03   1.0360145e+04  -1.7403829e+04
   1.3320000e+03   1.5541452e+04   9.5636568e+03
   1.3330000e+03  -8.2091274e+03   1.9806494e+04
   1.3340000e+03  -1.9263363e+04   1.1069637e+04
   1.3350000e+03   8.4410033e+03  -1.9360453e+03
   1.3360000e+03   2.2766948e+04  -2.0468455e+04
   1.3370000e+03   2.8071472e+03  -2.3113214e+04
   1.3380000e+03  -7.7384528e+03  -4.6162918e+02
   1.3390000e+03   9.5573139e+03   2.3386960e+04
   1.3400000e+03   2.2016728e+04   3.3152843e+04
   1.3410000e+03   1.6861002e+03   2.0123892e+04
   1.3420000e+03  -2.2729796e+04  -1.3384405e+04
   1.3430000e+03  -1.0552515e+04  -3.3311890e+04
   1.3440000e+03   1.5942061e+04  -1.2457972e+04
   1.3450000e+03   1.0539680e+04   2.5056244e+04
   1.3460000e+03  -2.0262245e+04   2.8655766e+04
   1.3470000e+03  -2.9647422e+04  -5.8959666e+03
   1.3480000e+03  -8.9362719e+03  -2.5537533e+04
   1.3490000e+03  -1.1170422e+03  -9.5454130e+03
   1.3500000e+03  -1.9442476e+04   3.4847473e+03
   1.3510000e+03  -2.5366655e+04  -2.2951924e+03
   1.3520000e+03   3.7783800e+01  -1.0071063e+04
   1.3530000e+03   1.8544490e+04  -1.5008481e+04
   1.3540000e+03  -2.7432631e+03  -7.9065583e+03
   1.3550000e+03  -2.9921730e+04   1.1494338e+04
   1.3560000e+03  -2.2063131e+04   1.0552473e+04
   1.3570000e+03   6.6871801e+03  -1.8564708e+04
   1.3580000e+03   2.2762686e+04  -3.9669218e+04
   1.3590000e+03   1.2776235e+04  -2.3135334e+04
   1.3600000e+03  -7.8666431e+03   1.9937200e+04
   1.3610000e+03  -1.4142335e+04   2.8148897e+04
   1.3620000e+03  -5.1910200e+03  -2.5581546e+04
   1.3630000e+03  -7.9620483e+02  -5.4800648e+04
   1.3640000e+03  -1.0601418e+04  -6.1450859e+03
   1.3650000e+03  -2.0438702e+04   3.0625617e+04
   1.3660000e+03  -1.4426030e+04   4.7297253e+02
   1.3670000e+03  -2.0126150e+03  -2.5297562e+04
   1.3680000e+03  -2.6754585e+03  -1.1323198e+04
   1.3690000e+03  -1.7443500e+04  -2.4886548e+03
   1.3700000e+03  -3.1923420e+04  -5.9575286e+03
   1.3710000e+03  -2.4681383e+04  -2.8541379e+03
   1.3720000e+03   6.8349627e+03  -8.6141825e+03
   1.3730000e+03   2.1998265e+04  -1.9230190e+04
   1.3740000e+03   6.2067782e+03  -1.2255885e+04
   1.3750000e+03  -2.8909061e+03  -1.1285678e+03
   1.3760000e+03   1.3727552e+03   5.5159046e+02
   1.3770000e+03   4.6323827e+03  -1.7312629e+03
   1.3780000e+03   8.4406518e+03  -6.0952951e+03
   1.3790000e+03   1.0114825e+04  -2.4031932e+03
   1.3800000e+03   1.1824123e+04   1.7039289e+04
   1.3810000e+03   3.0930209e+03   2.5050966e+04
   1.3820000e+03  -1.9790491e+04  -5.9076224e+03
   1.3830000e+03  -1.8533335e+04  -3.3717317e+04
   1.3840000e+03   4.7977003e+03  -4.6390669e+03
   1.3850000e+03   8.0647095e+03   3.4690089e+04
   1.3860000e+03  -5.0948179e+02   1.9764008e+04
   1.3870000e+03  -1.2079820e+03  -1.4081389e+04
   1.3880000e+03  -1.9237922e+03  -1.1778005e+04
   1.3890000e+03   8.7667510e+01   1.0848973e+04
   1.3900000e+03   3.3940892e+03   1.5936048e+04
   1.3910000e+03   4.9340541e+02   2.6755478e+03
   1.3920000e+03   7.7378778e+03  -7.0657929e+03
   1.3930000e+03   1.9934829e+04   2.2057389e+03
   1.3940000e+03   1.1909540e+04   2.1018630e+04
   1.3950000e+03   6.3052350e+02   2.3248272e+04
   1.3960000e+03   7.3701957e+03   1.1462484e+04
   1.3970000e+03   2.0422827e+04   6.9859032e+03
   1.3980000e+03   2.1145632e+04   1.1393182e+04
   1.3990000e+03   9.4890943e+03   1.8878289e+04
   1.4000000e+03   9.6522866e+03   2.1676659e+04
   1.4010000e+03   1.7094433e+04   1.5663074e+04
   1.4020000e+03   5.7336446e+03   5.8979260e+03
   1.4030000e+03  -5.1437166e+03  -5.2243788e+03
   1.4040000e+03   5.1295483e+03  -3.3422119e+03
   1.4050000e+03   1.1632150e+04   1.7901266e+04
   1.4060000e+03  -1.1438138e+03   2.3995962e+04
   1.4070000e+03  -4.6119565e+03  -4.4442724e+03
   1.4080000e+03   1.0505414e+04  -2.6517080e+04
   1.4090000e+03   9.0113241e+03  -5.6024607e+03
   1.4100000e+03  -5.9941216e+03   2.5980260e+04
   1.4110000e+03  -7.4214783e+03   2.2648254e+04
   1.4120000e+03  -4.1820430e+03  -2.3773797e+03
   1.4130000e+03   2.0480825e+03  -1.0235919e+04
   1.4140000e+03   1.2125997e+04   8.1625866e+03
   1.4150000e+03   1.4899356e+04   2.1267310e+04
   1.4160000e+03   1.5181906e+04   1.2224501e+03
   1.4170000e+03   4.5151463e+03  -2.1412524e+04
   1.4180000e+03  -1.9677696e+04  -8.3302594e+03
   1.4190000e+03  -1.7294429e+04   1.8394318e+04
   1.4200000e+03   1.9664465e+04   1.9148013e+04
   1.4210000e+03   3.8192063e+04  -6.8207710e+03
   1.4220000e+03   1.0583148e+04  -2.9286490e+04
   1.4230000e+03  -2.4442641e+04  -2.2318929e+04
   1.4240000e+03  -2.0265979e+04   7.8360088e+03
   1.4250000e+03   7.1819500e+03   2.2570203e+04
   1.4260000e+03   9.1247022e+03  -8.1035635e+02
   1.4270000e+03  -7.3963856e+03  -2.5192720e+04
   1.4280000e+03  -6.9603186e+03  -1.4063305e+04
   1.4290000e+03   5.2639486e+03   4.0567257e+03
   1.4300000e+03   9.1625809e+03  -3.9504041e+03
   1.4310000e+03  -3.8139212e+03  -2.1545672e+04
   1.4320000e+03  -1.7705615e+04  -2.0241989e+04
   1.4330000e+03  -8.0244849e+03  -4.8460626e+03
   1.4340000e+03   3.9019246e+03  -4.6589387e+03
   1.4350000e+03  -3.8483113e+03  -2.2134545e+04
   1.4360000e+03  -9.8877863e+03  -2.8985517e+04
   1.4370000e+03  -7.8817468e+03  -1.2230260e+04
   1.4380000e+03  -1.4261705e+04   8.4138291e+03
   1.4390000e+03  -2.7853053e+04   2.1329906e+03
   1.4400000e+03  -2.5950976e+04  -1.8277666e+04
   1.4410000e+03  -2.0488375e+03  -8.7135133e+03
   1.4420000e+03   5.1428599e+03   1.5149561e+04
   1.4430000e+03  -2.5277771e+04   4.8403601e+03
   1.4440000e+03  -4.5521044e+04  -2.3516194e+04
   1.4450000e+03  -1.7657845e+04  -1.9337116e+04
   1.4460000e+03   1.9189218e+04   8.8185919e+03
   1.4470000e+03   1.1270089e+04   1.2474698e+04
   1.4480000e+03  -2.4069044e+04  -2.6604236e+03
   1.4490000e+03  -2.6720192e+04  -5.3309854e+03
   1.4500000e+03   3.8508002e+03  -6.6610185e+03
   1.4510000e+03   1.2243634e+04  -1.4121786e+04
   1.4520000e+03  -8.5366168e+03  -1.1170798e+04
   1.4530000e+03  -1.7992743e+04   7.1192800e+03
   1.4540000e+03  -4.0622170e+03   1.6536769e+04
   1.4550000e+03   1.4048324e+04  -7.6361971e+03
   1.4560000e+03   1.2409253e+04  -2.4889033e+04
   1.4570000e+03  -9.9710781e+03   1.6477429e+03
   1.4580000e+03  -2.3063943e+04   2.1333881e+04
   1.4590000e+03  -1.1102189e+04   5.1960849e+03
   1.4600000e+03   8.4520024e+03  -1.0753462e+04
   1.4610000e+03   1.5075786e+04  -6.9356088e+03
   1.4620000e+03   5.8043616e+03   1.1624823e+04
   1.4630000e+03  -1.0454872e+04   2.7447313e+04
   1.4640000e+03  -1.5632065e+04   2.1975174e+04
   1.4650000e+03   4.8794284e+03   5.3451473e+03
   1.4660000e+03   2.7553959e+04   6.5783141e+02
   1.4670000e+03   2.1412483e+04   8.2898293e+03
   1.4680000e+03  -2.9104831e+03   7.8989524e+03
   1.4690000e+03  -1.3224669e+04  -3.0587782e+03
   1.4700000e+03   6.7605128e+03  -2.1734287e+02
   1.4710000e+03   2.4955864e+04   1.7261998e+04
   1.4720000e+03   1.4839075e+04   1.6575873e+04
   1.4730000e+03   1.2851690e+04  -5.5120652e+03
   1.4740000e+03   2.4426503e+04  -1.1645537e+04
   1.4750000e+03   1.5537352e+04   5.1187419e+03
   1.4760000e+03   3.6476767e+03   1.2156116e+04
   1.4770000e+03   9.7841686e+03   7.0824664e+03
   1.4780000e+03   1.3027358e+04   8.2860428e+03
   1.4790000e+03   2.7678038e+03   3.8460262e+03
   1.4800000e+03   3.3675549e+02  -5.5078953e+03
   1.4810000e+03   1.5262498e+04   1.9392198e+03
   1.4820000e+03   1.5700297e+04   9.9675405e+03
   1.4830000e+03  -7.0567742e+03   5.2950199e+03
   1.4840000e+03  -8.3722866e+03   6.1417771e+03
   1.4850000e+03   1.8850589e+04   7.7682544e+03
   1.4860000e+03   2.7302518e+04   2.7514532e+03
   1.4870000e+03   7.8593777e+03   1.8847620e+03
   1.4880000e+03  -1.7199529e+03   3.9957008e+03
   1.4890000e+03   9.9578938e+03   7.6954011e+03
   1.4900000e+03   1.9936676e+04   1.0948408e+04
   1.4910000e+03   1.6562407e+04   4.2688957e+03
   1.4920000e+03   6.2981734e+03  -6.6760110e+03
   1.4930000e+03  -2.1268400e+03  -7.2927469e+03
   1.4940000e+03  -2.0244243e+03   3.7901945e+03
   1.4950000e+03   2.7268646e+03   7.5161854e+03
   1.4960000e+03   3.2294062e+03  -1.0033140e+04
   1.4970000e+03  -8.4601551e+02  -2.3349504e+04
   1.4980000e+03  -8.5287126e+03  -3.4329316e+03
   1.4990000e+03  -1.3183058e+04   2.3634851e+04
   1.5000000e+03  -8.9646612e+03   1.2732191e+04
   1.5010000e+03  -7.7440013e+03  -1.6691464e+04
   1.5020000e+03  -9.0955120e+03  -1.4591551e+04
   1.5030000e+03  -4.6560258e+03   5.7382147e+03
   1.5040000e+03  -5.7019253e+03   9.0578535e+03
   1.5050000e+03  -1.1422925e+04  -8.1026210e+02
   1.5060000e+03  -1.1161102e+04  -1.4962929e+04
   1.5070000e+03  -6.4751665e+03  -1.7340621e+04
   1.5080000e+03   4.4711101e+02   3.4481131e+03
   1.5090000e+03   2.7179262e+03   1.1027406e+04
   1.5100000e+03  -6.8267900e+02  -1.0418434e+04
   1.5110000e+03  -1.5019670e+03  -2.0385744e+04
   1.5120000e+03  -5.8578106e+03  -5.3075436e+03
   1.5130000e+03  -1.8993183e+04   1.1488073e+04
   1.5140000e+03  -2.4478448e+04   1.2833947e+04
   1.5150000e+03  -1.1216065e+04  -4.5563525e+03
   1.5160000e+03  -1.0779335e+01  -1.8316821e+04
   1.5170000e+03  -7.9927078e+03  -1.1671158e+04
   1.5180000e+03  -1.8367912e+04  -4.4827282e+03
   1.5190000e+03  -1.6917129e+04  -5.0311656e+03
   1.5200000e+03  -6.8777116e+03  -3.6797703e+03
   1.5210000e+03   3.2600952e+03  -4.9225768e+03
   1.5220000e+03   3.4267984e+02  -3.2225992e+03
   1.5230000e+03  -1.2450019e+04   3.2539658e+03
   1.5240000e+03  -1.6143450e+04  -7.1672360e+03
   1.5250000e+03  -6.9310724e+03  -2.3504584e+04
   1.5260000e+03   2.0177117e+03  -1.5293195e+04
   1.5270000e+03  -1.6454310e+03   7.4622888e+03
   1.5280000e+03  -1.2974870e+04   1.8159711e+04
   1.5290000e+03  -7.8420583e+03   3.3940676e+03
   1.5300000e+03   1.4486938e+04  -2.2195147e+04
   1.5310000e+03   1.4352532e+04  -2.0586940e+04
   1.5320000e+03  -9.6008210e+03   9.2426191e+03
   1.5330000e+03  -8.6976302e+03   2.4590201e+04
   1.5340000e+03   8.7824595e+03   3.0983463e+03
   1.5350000e+03  -1.4762198e+03  -2.2061337e+04
   1.5360000e+03  -1.5615464e+04  -8.1487296e+03
   1.5370000e+03  -1.3807552e+03   2.0118262e+04
   1.5380000e+03   1.0270731e+04   1.3287571e+04
   1.5390000e+03   8.9818605e+02  -1.5913055e+04
   1.5400000e+03  -5.9335722e+03  -2.5442560e+04
   1.5410000e+03  -3.5015555e+03  -6.1505569e+03
   1.5420000e+03  -2.8637198e+03   1.2074590e+04
   1.5430000e+03  -3.1922459e+03   7.4095646e+03
   1.5440000e+03   3.3109848e+03  -2.7497296e+03
   1.5450000e+03   8.3084054e+03  -7.9587058e+03
   1.5460000e+03   1.2785932e+03  -1.0986644e+04
   1.5470000e+03   4.4569645e+03  -3.3354265e+03
   1.5480000e+03   2.3146654e+04   7.7619076e+03
   1.5490000e+03   2.1552826e+04   1.2538065e+04
   1.5500000e+03  -7.1988752e+02   1.7510879e+04
   1.5510000e+03  -7.9532704e+03   1.4982052e+04
   1.5520000e+03   1.4270364e+04  -6.3139536e+02
   1.5530000e+03   3.7498263e+04  -5.9647928e+03
   1.5540000e+03   2.0632789e+04   9.4592130e+03
   1.5550000e+03  -1.4737463e+04   1.8193907e+04
   1.5560000e+03  -1.5251144e+04   7.7833967e+03
   1.5570000e+03   1.3870505e+04   1.6646934e+03
   1.5580000e+03   2.9993555e+04   4.1218763e+03
   1.5590000e+03   1.2395109e+04   1.7696290e+03
   1.5600000e+03  -1.3196583e+04   2.1223715e+03
   1.5610000e+03  -7.7462561e+03   4.1340606e+03
   1.5620000e+03   1.5445455e+04  -5.1063142e+03
   1.5630000e+03   1.4819127e+04  -1.0462724e+04
   1.5640000e+03  -4.4540130e+03   7.1709372e+03
   1.5650000e+03  -4.7618246e+03   2.7164621e+04
   1.5660000e+03   1.5517969e+04   1.4272470e+04
   1.5670000e+03   2.3195007e+04  -1.3919598e+04
   1.5680000e+03   8.5706645e+03  -8.7623019e+03
   1.5690000e+03  -6.7073039e+02   1.9092423e+04
   1.5700000e+03   8.8088479e+03   3.2988167e+04
   1.5710000e+03   1.4437575e+04   2.4034915e+04
   1.5720000e+03   6.6174857e+03  -1.1201667e+04
   1.5730000e+03  -3.9044664e+03  -2.8736326e+04
   1.5740000e+03  -9.9950400e+03   1.0906070e+04
   1.5750000e+03  -4.2632784e+03   3.4878677e+04
   1.5760000e+03   1.5388275e+02   3.5596647e+03
   1.5770000e+03  -1.0063671e+04  -1.1508793e+04
   1.5780000e+03  -1.8139123e+04   2.3929334e+03
   1.5790000e+03  -1.9774428e+04   1.5834129e+03
   1.5800000e+03  -1.2343671e+04  -4.5193951e+03
   1.5810000e+03   1.6433157e+04   2.8837764e+03
   1.5820000e+03   3.1647367e+04   1.4115499e+04
   1.5830000e+03  -4.0420839e+03   1.0164332e+04
   1.5840000e+03  -4.2120819e+04  -1.3257301e+04
   1.5850000e+03  -1.9740345e+04  -2.0293499e+04
   1.5860000e+03   3.0044409e+04   3.3053017e+03
   1.5870000e+03   3.3911766e+04   1.1939481e+04
   1.5880000e+03  -1.2302938e+04  -7.3952765e+03
   1.5890000e+03  -3.9258860e+04  -1.7739122e+04
   1.5900000e+03  -5.8942238e+03  -1.2526543e+04
   1.5910000e+03   2.2515674e+04  -1.0412506e+04
   1.5920000e+03  -1.0783327e+03  -8.9827001e+03
   1.5930000e+03  -1.8017458e+04  -2.5665084e+03
   1.5940000e+03  -4.9676273e+03  -7.0394554e+02
   1.5950000e+03   1.4469345e+03  -3.2923403e+03
   1.5960000e+03  -4.6426038e+03  -8.1583309e+03
   1.5970000e+03  -1.3213385e+04  -1.8562212e+04
   1.5980000e+03  -1.2424340e+04  -1.4590561e+04
   1.5990000e+03   7.3403160e+02   5.9544170e+03
   1.6000000e+03   2.7021921e+03   6.9844503e+03
   1.6010000e+03  -1.4258723e+04  -1.2988202e+04
   1.6020000e+03  -2.2442336e+04  -2.0736068e+04
   1.6030000e+03  -6.6909583e+03  -4.5550187e+03
   1.6040000e+03   9.5706558e+03   1.1724816e+04
   1.6050000e+03   5.5333043e+03  -6.3571238e+02
   1.6060000e+03  -1.1732621e+04  -2.1826784e+04
   1.6070000e+03  -2.3251067e+04  -1.4013957e+04
   1.6080000e+03  -1.6922173e+04   8.2994740e+03
   1.6090000e+03  -6.2999094e+03   9.0660893e+03
   1.6100000e+03  -5.8479492e+03  -1.0961711e+04
   1.6110000e+03  -5.6664604e+03  -2.4824892e+04
   1.6120000e+03   1.4630310e+03  -1.6460339e+04
   1.6130000e+03   6.2495038e+03   2.7446945e+03
   1.6140000e+03  -1.7346037e+03   4.7032612e+03
   1.6150000e+03  -9.5060637e+03  -1.3745608e+04
   1.6160000e+03   1.9481861e+03  -2.1604082e+04
   1.6170000e+03   1.3041212e+04  -7.0869430e+03
   1.6180000e+03   3.2288605e+03   7.9043508e+03
   1.6190000e+03  -5.8672523e+03   1.1911033e+03
   1.6200000e+03   8.1965565e+02  -1.6207087e+04
   1.6210000e+03   5.1564043e+03  -5.4174298e+03
   1.6220000e+03   3.3146249e+03   2.4905340e+04
   1.6230000e+03   8.2020269e+03   2.7814207e+04
   1.6240000e+03   8.2604345e+03   5.5998025e+03
   1.6250000e+03  -3.4584727e+03  -1.2527599e+04
   1.6260000e+03  -1.1743757e+04  -1.1243322e+04
   1.6270000e+03  -1.4197864e+04   1.2352198e+04
   1.6280000e+03  -4.4494076e+03   2.8851805e+04
   1.6290000e+03   1.6767577e+04   1.1211231e+04
   1.6300000e+03   1.4984357e+04  -1.1578861e+04
   1.6310000e+03  -6.8689296e+03  -4.6769576e+03
   1.6320000e+03  -1.0316886e+04   1.1514387e+04
   1.6330000e+03  -4.9881897e+03   1.2719198e+04
   1.6340000e+03  -3.6262871e+03   1.3737692e+04
   1.6350000e+03   1.2508190e+04   1.9516468e+04
   1.6360000e+03   2.7161182e+04   1.8802135e+04
   1.6370000e+03   1.9322066e+04   1.8713801e+04
   1.6380000e+03   1.0795094e+04   2.1186967e+04
   1.6390000e+03   1.2894149e+04   1.0157354e+04
   1.6400000e+03   1.2070172e+04  -8.1801964e+03
   1.6410000e+03   5.2275029e+03  -8.5270365e+03
   1.6420000e+03   6.5064589e+03   4.4141987e+03
   1.6430000e+03   1.6715507e+04   6.8366422e+03
   1.6440000e+03   1.1054242e+04  -1.9429817e+03
   1.6450000e+03  -4.8000221e+03  -4.1997222e+03
   1.6460000e+03   2.6272964e+03   3.7026681e+03
   1.6470000e+03   2.1666754e+04   2.0829382e+03
   1.6480000e+03   1.6690685e+04  -3.9725366e+03
   1.6490000e+03  -3.9678712e+03   1.1405032e+04
   1.6500000e+03  -5.9837360e+03   2.6825323e+04
   1.6510000e+03   1.0433030e+04   1.7683041e+04
   1.6520000e+03   2.0457976e+04   4.0293368e+03
   1.6530000e+03   1.5277356e+04  -3.6253003e+03
   1.6540000e+03  -4.0410802e+02  -6.8766804e+03
   1.6550000e+03  -7.3908794e+03  -5.7825730e+02
   1.6560000e+03   2.5961397e+03   6.3333032e+03
   1.6570000e+03   9.1871405e+02   9.4513123e+02
   1.6580000e+03  -1.7106200e+04  -1.2295998e+04
   1.6590000e+03  -1.4053701e+04  -1.4678968e+04
   1.6600000e+03   1.4586686e+04   2.3595814e+03
   1.6610000e+03   2.1915468e+04   1.4102897e+04
   1.6620000e+03  -8.6865105e+03  -2.8701185e+03
   1.6630000e+03  -2.4863842e+04  -2.2408394e+04
   1.6640000e+03  -4.6895097e+03  -1.3942920e+04
   1.6650000e+03   5.2196555e+03   6.9477305e+03
   1.6660000e+03  -4.2714148e+03   1.8281287e+04
   1.6670000e+03   2.2738086e+03   9.4113868e+03
   1.6680000e+03   1.7635208e+04  -1.6048324e+04
   1.6690000e+03   7.6423854e+03  -2.1947864e+04
   1.6700000e+03  -1.9807775e+04  -8.9325149e+02
   1.6710000e+03  -2.3381774e+04   3.9797141e+03
   1.6720000e+03  -9.2357490e+01  -1.6286165e+04
   1.6730000e+03   9.2135850e+03  -2.5763071e+04
   1.6740000e+03  -2.1470397e+03  -1.2725922e+04
   1.6750000e+03  -1.0284032e+04   1.7534414e+03
   1.6760000e+03  -1.6709371e+04   6.6372922e+03
   1.6770000e+03  -2.0607824e+04  -1.1665592e+03
   1.6780000e+03  -1.3192518e+04  -2.1105319e+04
   1.6790000e+03  -7.1308798e+03  -2.6231760e+04
   1.6800000e+03  -9.7986603e+03  -8.1479452e+03
   1.6810000e+03  -1.7965656e+04   3.6065679e+03
   1.6820000e+03  -2.7361897e+04   2.2777691e+03
   1.6830000e+03  -2.5086100e+04  -2.3944622e+03
   1.6840000e+03  -1.0004333e+04  -9.4574729e+03
   1.6850000e+03   3.9148232e+03  -1.1684644e+04
   1.6860000e+03   5.4806522e+03  -6.7246856e+03
   1.6870000e+03  -7.9007861e+03  -7.6913596e+02
   1.6880000e+03  -2.1681674e+04   3.4385766e+03
   1.6890000e+03  -1.1260860e+04   6.3958633e+03
   1.6900000e+03   1.2805053e+04   6.0679151e+03
   1.6910000e+03   7.2188306e+03  -3.0019691e+03
   1.6920000e+03  -1.1567380e+04  -1.0316233e+04
   1.6930000e+03   2.2558284e+03  -2.5770722e+03
   1.6940000e+03   1.4927635e+04   6.3632356e+03
   1.6950000e+03  -2.3718762e+03   4.2333185e+03
   1.6960000e+03  -1.3403460e+04  -3.3008476e+03
   1.6970000e+03  -5.9654942e+03  -9.6484880e+03
   1.6980000e+03   3.5793499e+03  -8.1456272e+03
   1.6990000e+03   5.5912955e+03  -3.2356998e+03
   1.7000000e+03  -3.3468800e+02  -3.1201048e+03
   1.7010000e+03  -5.7044956e+03   7.2766159e+02
   1.7020000e+03  -6.7326182e+03   1.0031674e+04
   1.7030000e+03  -1.8949140e+03   7.8670710e+03
   1.7040000e+03   3.8090570e+03  -4.5903682e+03
   1.7050000e+03   5.0471785e+03   1.6654190e+03
   1.7060000e+03   7.2319534e+03   2.1947465e+04
   1.7070000e+03   5.5640765e+03   1.6771265e+04
   1.7080000e+03   1.5640078e+03   7.9025975e+02
   1.7090000e+03   5.2015977e+03   4.0183908e+03
   1.7100000e+03   2.2470055e+03   2.6776713e+03
   1.7110000e+03  -4.2618682e+03  -5.7284080e+03
   1.7120000e+03   1.3693481e+04  -2.8991996e+03
   1.7130000e+03   3.1238496e+04  -1.0347919e+03
   1.7140000e+03   9.3095969e+03   4.0511289e+03
   1.7150000e+03  -1.5219778e+04   1.6506466e+04
   1.7160000e+03  -3.2022095e+03   1.0438416e+04
   1.7170000e+03   2.2874541e+04  -8.4184614e+03
   1.7180000e+03   3.8512303e+04  -8.8941055e+03
   1.7190000e+03   3.0319862e+04   7.8939990e+03
   1.7200000e+03   2.3329629e+03   2.5523696e+04
   1.7210000e+03  -8.9731286e+03   3.3839353e+04
   1.7220000e+03   1.1324051e+04   2.2418962e+04
   1.7230000e+03   3.7789086e+04   2.3623375e+03
   1.7240000e+03   3.3738844e+04  -1.1477040e+03
   1.7250000e+03  -3.7865898e+03   1.1045260e+04
   1.7260000e+03  -2.2710874e+04   1.8500651e+04
   1.7270000e+03  -1.3371770e+02   2.1437178e+03
   1.7280000e+03   2.0752553e+04  -2.5488351e+04
   1.7290000e+03   1.1129467e+04  -1.8890181e+04
   1.7300000e+03  -7.9488457e+03   1.3443905e+04
   1.7310000e+03  -9.8438743e+03   1.0653631e+04
   1.7320000e+03  -3.7200534e+03  -2.3211600e+04
   1.7330000e+03  -9.5027800e+01  -2.9660716e+04
   1.7340000e+03   1.1879889e+04  -3.8687448e+03
   1.7350000e+03   1.3180756e+04   1.3894032e+04
   1.7360000e+03  -1.2362483e+04   1.7119111e+04
   1.7370000e+03  -2.3574399e+04   1.8231683e+04
   1.7380000e+03   5.1749022e+03   1.1680294e+04
   1.7390000e+03   3.5059098e+04   4.0652983e+03
   1.7400000e+03   2.1607428e+04   3.9850786e+03
   1.7410000e+03  -2.1573416e+04  -1.5844276e+03
   1.7420000e+03  -3.3663944e+04  -8.7299762e+03
   1.7430000e+03   5.6370270e+03  -3.9125634e+02
   1.7440000e+03   3.5923876e+04   1.2602926e+04
   1.7450000e+03   8.1609696e+03   6.6853049e+03
   1.7460000e+03  -3.4239645e+04  -1.4834694e+04
   1.7470000e+03  -3.3240778e+04  -2.3275021e+04
   1.7480000e+03  -8.1659705e+03  -1.4093358e+04
   1.7490000e+03  -1.6187192e+02  -1.1580629e+04
   1.7500000e+03  -1.0308037e+04  -9.7758725e+03
   1.7510000e+03  -2.1569565e+04   4.6233217e+03
   1.7520000e+03  -2.1542514e+04   2.4810746e+03
   1.7530000e+03  -1.1459743e+04  -1.9153691e+04
   1.7540000e+03   5.2948985e+02  -1.8998594e+04
   1.7550000e+03   3.8097321e+03  -4.6748509e+01
   1.7560000e+03  -1.0961070e+04   7.1639234e+03
   1.7570000e+03  -2.3786756e+04   4.0797971e+03
   1.7580000e+03  -1.1440069e+04  -3.3684850e+03
   1.7590000e+03   9.3204178e+03  -1.3448353e+04
   1.7600000e+03   1.0187905e+04  -1.3248292e+04
   1.7610000e+03  -1.5557273e+04   3.5363138e+03
   1.7620000e+03  -4.0034270e+04   2.0468594e+04
   1.7630000e+03  -2.3792722e+04   5.7358236e+03
   1.7640000e+03   1.7278329e+04  -3.1333295e+04
   1.7650000e+03   2.3455793e+04  -2.9740855e+04
   1.7660000e+03  -7.5645494e+03   1.0003969e+04
   1.7670000e+03  -1.6757762e+04   1.9389170e+04
   1.7680000e+03   2.9184304e+03  -6.1631403e+03
   1.7690000e+03   8.6286942e+03  -1.6682365e+04
   1.7700000e+03  -2.1926852e+03  -6.1335552e+03
   1.7710000e+03  -1.3325815e+04  -4.4608650e+03
   1.7720000e+03  -1.8709924e+04  -1.0913285e+04
   1.7730000e+03  -1.0380813e+04   2.9999405e+03
   1.7740000e+03   4.0955024e+03   1.4932992e+04
   1.7750000e+03   1.1753246e+04  -9.1129487e+03
   1.7760000e+03   3.2195787e+03  -2.2147794e+04
   1.7770000e+03  -1.5960321e+04   6.3396271e+03
   1.7780000e+03  -1.0890852e+04   2.6374948e+04
   1.7790000e+03   1.8296028e+04   6.3141902e+03
   1.7800000e+03   2.5595698e+04  -2.4593828e+04
   1.7810000e+03   4.6854495e+03  -1.6204569e+04
   1.7820000e+03  -1.1214502e+04   1.9843283e+04
   1.7830000e+03  -6.2862832e+03   2.0863763e+04
   1.7840000e+03   1.5155771e+04  -8.3189387e+03
   1.7850000e+03   3.2100639e+04  -2.7748895e+04
   1.7860000e+03   1.6451451e+04  -2.2688858e+04
   1.7870000e+03  -1.6047319e+04   1.3153932e+04
   1.7880000e+03  -2.1393375e+04   3.5564559e+04
   1.7890000e+03  -1.4179879e+03   1.4005849e+04
   1.7900000e+03   1.3276889e+04  -4.1470398e+03
   1.7910000e+03   9.5604766e+03  -3.2126438e+03
   1.7920000e+03  -5.7762103e+03   4.2994169e+03
   1.7930000e+03  -6.1860048e+03   2.2748917e+04
   1.7940000e+03   1.4869882e+04   1.7978698e+04
   1.7950000e+03   2.0170272e+04  -1.5047877e+04
   1.7960000e+03  -2.6029093e+03  -1.4503975e+04
   1.7970000e+03  -9.4850682e+03   2.1410352e+04
   1.7980000e+03   1.8842305e+04   2.9188120e+04
   1.7990000e+03   3.8028454e+04  -3.1456468e+03
   1.8000000e+03   2.2526157e+04  -2.4825400e+04
   1.8010000e+03   4.0699850e+03  -8.1246685e+03
   1.8020000e+03   5.3417882e+03   1.5061318e+04
   1.8030000e+03   1.6619346e+04   1.2076255e+04
   1.8040000e+03   2.4281621e+04  -1.5686336e+03
   1.8050000e+03   1.3197710e+04   2.2817592e+03
   1.8060000e+03  -1.3913401e+04   1.1636752e+04
   1.8070000e+03  -1.9429201e+04   4.8724256e+03
   1.8080000e+03   6.4722743e+03   1.6435327e+03
   1.8090000e+03   1.8663255e+04   1.4115040e+04
   1.8100000e+03   7.5501809e+02   1.8222871e+04
   1.8110000e+03  -1.5206898e+04   8.8221062e+03
   1.8120000e+03  -1.3546726e+04   1.9574647e+03
   1.8130000e+03   1.8612707e+03   2.9436148e+03
   1.8140000e+03   1.8466132e+04   3.0538472e+03
   1.8150000e+03   9.4325325e+03  -1.2640418e+03
   1.8160000e+03  -1.7590771e+04   5.5333106e+03
   1.8170000e+03  -1.7627938e+04   1.7024009e+04
   1.8180000e+03   7.7961323e+03   7.7007583e+03
   1.8190000e+03   1.5317650e+04  -8.1221904e+03
   1.8200000e+03   1.2803518e+03  -7.4016196e+03
   1.8210000e+03  -8.8508096e+03  -3.3817794e+03
   1.8220000e+03  -1.2212675e+04  -5.8690035e+03
   1.8230000e+03  -1.1986600e+04   3.6083690e+01
   1.8240000e+03  -1.3776741e+02   1.1333628e+04
   1.8250000e+03   1.5187708e+04   3.9630924e+03
   1.8260000e+03   1.4909217e+04  -1.4830297e+04
   1.8270000e+03   4.2776220e+02  -1.8484393e+04
   1.8280000e+03  -1.5663414e+04  -7.7536652e+03
   1.8290000e+03  -2.1168761e+04  -8.0985410e+02
   1.8300000e+03  -9.4487928e+03  -3.4974106e+03
   1.8310000e+03   5.3155281e+03   3.5723534e+03
   1.8320000e+03   8.6416797e+03   1.9105896e+04
   1.8330000e+03  -1.9148922e+02   1.4464667e+03
   1.8340000e+03  -2.0162838e+04  -3.2243304e+04
   1.8350000e+03  -3.2228255e+04  -1.8082102e+04
   1.8360000e+03  -1.5299723e+04   1.9411033e+04
   1.8370000e+03   7.9333169e+03   1.6110633e+04
   1.8380000e+03   7.0006052e+03  -1.4055150e+04
   1.8390000e+03  -8.4144909e+03  -2.5015424e+04
   1.8400000e+03  -1.8487666e+04  -1.1242712e+04
   1.8410000e+03  -1.0495635e+04  -2.4270517e+03
   1.8420000e+03   8.6803024e+03  -1.2532827e+04
   1.8430000e+03  -9.0379069e+01  -1.2927547e+04
   1.8440000e+03  -2.7030429e+04   1.8939916e+03
   1.8450000e+03  -1.6404131e+04  -1.4364998e+03
   1.8460000e+03   1.4419895e+04  -1.9190965e+04
   1.8470000e+03   1.6208370e+04  -2.4409147e+04
   1.8480000e+03  -3.4971337e+03  -1.5132263e+04
   1.8490000e+03  -1.6665082e+04  -1.6177760e+01
   1.8500000e+03  -1.2873078e+04   8.6529606e+03
   1.8510000e+03  -4.2320924e+03  -4.5765667e+02
   1.8520000e+03  -4.1822539e+03  -2.0279136e+04
   1.8530000e+03  -4.2342543e+03  -2.5831932e+04
   1.8540000e+03   2.9768461e+03  -8.6415887e+03
   1.8550000e+03   4.4138127e+03   8.8365846e+03
   1.8560000e+03  -8.9701558e+03   1.4930185e+04
   1.8570000e+03  -2.1038442e+04   1.2504321e+04
   1.8580000e+03  -1.6470216e+04   2.0249035e+03
   1.8590000e+03   5.8430039e+03  -8.5649663e+03
   1.8600000e+03   3.0031519e+04  -1.3609894e+04
   1.8610000e+03   1.7367790e+04  -6.4224061e+03
   1.8620000e+03  -2.3992554e+04   8.6592890e+03
   1.8630000e+03  -2.9946814e+04   9.3779959e+03
   1.8640000e+03   1.1183353e+04   1.5246663e+03
   1.8650000e+03   3.9696989e+04  -2.8723223e+03
   1.8660000e+03   1.5618446e+04  -4.5085713e+03
   1.8670000e+03  -1.7216333e+04   1.1964063e+04
   1.8680000e+03  -6.5321949e+03   3.1137370e+04
   1.8690000e+03   1.6961844e+04   1.8661939e+04
   1.8700000e+03   1.5762018e+04  -6.1368488e+03
   1.8710000e+03   6.5087315e+03  -1.0228360e+04
   1.8720000e+03   4.5148926e+03   5.0996917e+03
   1.8730000e+03  -9.1702796e+01   2.2915314e+04
   1.8740000e+03  -7.7943150e+03   2.4256204e+04
   1.8750000e+03   1.4360863e+03   5.4962471e+02
   1.8760000e+03   1.6059225e+04  -2.4920335e+04
   1.8770000e+03   2.0136538e+03  -1.6532965e+04
   1.8780000e+03  -2.0402897e+04   1.5891736e+04
   1.8790000e+03  -5.6044038e+03   2.9590088e+04
   1.8800000e+03   3.6462422e+04   1.4275154e+04
   1.8810000e+03   5.0671773e+04  -6.5272435e+03
   1.8820000e+03   1.5898311e+04  -7.4727206e+03
   1.8830000e+03  -2.3412132e+04   1.4095495e+04
   1.8840000e+03  -1.8813348e+04   3.1788628e+04
   1.8850000e+03   2.0937076e+04   2.8847710e+04
   1.8860000e+03   4.4818995e+04   1.3659478e+04
   1.8870000e+03   2.5383504e+04  -1.2316372e+03
   1.8880000e+03  -1.3187077e+04  -8.7704669e+02
   1.8890000e+03  -2.4525406e+04   1.1385105e+04
   1.8900000e+03   4.3535493e+03   7.0510321e+03
   1.8910000e+03   2.4100757e+04  -9.5709847e+03
   1.8920000e+03   6.7346682e+03  -7.0155752e+03
   1.8930000e+03  -1.2010140e+04   7.2664756e+03
   1.8940000e+03  -1.0919317e+04   1.0203191e+04
   1.8950000e+03   5.6031280e+03  -7.3608330e+01
   1.8960000e+03   2.1680448e+04  -1.4536910e+04
   1.8970000e+03   1.4768867e+04  -9.7104280e+03
   1.8980000e+03  -3.7030097e+03   1.2271790e+04
   1.8990000e+03  -9.1894371e+03   1.1234254e+04
   1.9000000e+03  -8.3133316e+02  -8.2442134e+03
   1.9010000e+03   9.9977473e+03  -8.2309434e+03
   1.9020000e+03   1.6979468e+04   2.7130844e+03
   1.9030000e+03   1.2114362e+04  -2.3728455e+03
   1.9040000e+03  -1.3798265e+04  -1.2876411e+04
   1.9050000e+03  -3.0172266e+04  -4.0198537e+03
   1.9060000e+03  -1.0524519e+04   1.1933919e+04
   1.9070000e+03   7.2506452e+03   3.4408882e+03
   1.9080000e+03   2.3381302e+03  -2.0650723e+04
   1.9090000e+03   1.9600401e+03  -2.4299852e+04
   1.9100000e+03   5.7031703e+03  -6.4046859e+03
   1.9110000e+03  -1.4823720e+04   2.1052450e+03
   1.9120000e+03  -4.3674457e+04  -1.9901152e+03
   1.9130000e+03  -2.9240710e+04  -5.0628259e+03
   1.9140000e+03   1.3985419e+04  -1.4430136e+04
   1.9150000e+03   2.1736661e+04  -1.5717773e+04
   1.9160000e+03  -9.1577765e+03   5.2243893e+02
   1.9170000e+03  -3.1860905e+04  -5.1613583e+03
   1.9180000e+03  -2.0587272e+04  -2.1950958e+04
   1.9190000e+03   6.4696845e+03  -1.7653096e+03
   1.9200000e+03   1.0670854e+04   2.1561764e+04
   1.9210000e+03  -9.8751033e+03   1.1913310e+03
   1.9220000e+03  -2.1403936e+04  -3.1560508e+04
   1.9230000e+03  -1.8260749e+04  -3.1425872e+04
   1.9240000e+03  -1.7808956e+04  -8.3709269e+02
   1.9250000e+03  -1.6267066e+04   2.0627583e+04
   1.9260000e+03  -1.3019710e+04   3.6307015e+03
   1.9270000e+03  -1.6029304e+04  -2.0807813e+04
   1.9280000e+03  -1.1458891e+04  -1.3365096e+04
   1.9290000e+03   3.5766119e+02  -3.4925258e+03
   1.9300000e+03  -3.3335529e+03  -1.3167111e+04
   1.9310000e+03  -1.4082285e+04  -1.3551854e+04
   1.9320000e+03  -9.0613449e+03  -3.1032348e+03
   1.9330000e+03   5.2896950e+03   6.3834723e+03
   1.9340000e+03   1.3149026e+04   1.4964878e+04
   1.9350000e+03   1.3055095e+04   7.6900720e+03
   1.9360000e+03   1.1011847e+04  -1.5082657e+04
   1.9370000e+03   7.2256835e+03  -2.2224294e+04
   1.9380000e+03  -4.8794753e+03   9.7897756e+03
   1.9390000e+03  -1.3096697e+04   4.4095032e+04
   1.9400000e+03  -3.4956834e+02   2.3144728e+04
   1.9410000e+03   1.2704790e+04  -1.8469871e+04
   1.9420000e+03   4.9619794e+03  -1.7535422e+04
   1.9430000e+03  -1.1581005e+04   9.0708153e+03
   1.9440000e+03  -1.4948232e+04   2.1374284e+04
   1.9450000e+03   5.0604677e+03   8.3128187e+03
   1.9460000e+03   2.1222114e+04  -1.1444912e+04
   1.9470000e+03   1.1188194e+04  -5.8359872e+03
   1.9480000e+03  -1.5554412e+03   1.9272824e+04
   1.9490000e+03   4.8750600e+02   2.4173046e+04
   1.9500000e+03   1.5689199e+04  -6.8496280e+00
   1.9510000e+03   2.6020548e+04  -1.5269160e+04
   1.9520000e+03   6.7002899e+03  -3.2398284e+03
   1.9530000e+03  -1.6966668e+04   1.0041959e+04
   1.9540000e+03  -5.3320836e+03   1.2390123e+04
   1.9550000e+03   2.5357034e+04   7.7957798e+03
   1.9560000e+03   3.5570129e+04  -5.5637447e+03
   1.9570000e+03   1.7879612e+04  -9.6171238e+03
   1.9580000e+03  -4.9231529e+03   1.0452722e+04
   1.9590000e+03  -9.9759292e+03   2.7225646e+04
   1.9600000e+03   7.9892964e+03   1.5697476e+04
   1.9610000e+03   2.3803413e+04  -1.2055572e+03
   1.9620000e+03   1.3875268e+04   5.1223662e+03
   1.9630000e+03   1.9031287e+03   1.9374445e+04
   1.9640000e+03   1.2650771e+04   1.4903697e+04
   1.9650000e+03   2.5442811e+04  -1.6348475e+02
   1.9660000e+03   1.3882990e+04  -3.6999334e+03
   1.9670000e+03  -6.3781069e+03   6.1252339e+03
   1.9680000e+03  -2.4894990e+03   1.2793703e+04
   1.9690000e+03   1.5588872e+04   1.6288130e+03
   1.9700000e+03   1.5560879e+04  -1.8579595e+04
   1.9710000e+03  -4.2619221e+03  -2.5496615e+04
   1.9720000e+03  -1.6708093e+04  -1.2487473e+04
   1.9730000e+03  -3.0181865e+03   7.9912004e+03
   1.9740000e+03   1.2089703e+04   1.3449742e+04
   1.9750000e+03   2.1916249e+03  -1.0858493e+03
   1.9760000e+03  -1.3032814e+04  -1.1675995e+04
   1.9770000e+03  -1.1194554e+04  -6.5096904e+03
   1.9780000e+03   1.1358881e+02   4.9775419e+03
   1.9790000e+03   6.1602209e+03   1.3019710e+04
   1.9800000e+03   8.3578068e+03   1.1809298e+04
   1.9810000e+03   1.0716050e+04   2.3329688e+03
   1.9820000e+03   5.0632857e+02  -1.1169859e+04
   1.9830000e+03  -1.7555654e+04  -1.1639603e+04
   1.9840000e+03  -1.4622770e+04   1.0133215e+04
   1.9850000e+03   2.4093841e+03   2.0672212e+04
   1.9860000e+03   1.3514500e+00  -9.4353648e+02
   1.9870000e+03  -1.2874475e+04  -2.6544338e+04
   1.9880000e+03  -1.1151757e+04  -2.8070558e+04
   1.9890000e+03  -5.5486954e+03  -5.3370233e+03
   1.9900000e+03  -6.4880417e+03   1.8805638e+04
   1.9910000e+03  -1.2770022e+04   1.6043713e+04
   1.9920000e+03  -2.3730186e+04  -1.3399845e+04
   1.9930000e+03  -2.0241947e+04  -2.8978681e+04
   1.9940000e+03   2.5756282e+03  -8.3516066e+03
   1.9950000e+03   1.0375234e+04   1.0813533e+04
   1.9960000e+03  -1.4275080e+04   2.0858792e+03
   1.9970000e+03  -3.4041487e+04  -1.0326828e+04
   1.9980000e+03  -1.8352443e+04  -4.2131376e+03
   1.9990000e+03   2.3359479e+03   1.1531808e+04
   2.0000000e+03   3.5960607e+03   9.6525266e+03
