   1.0274000e+02   2.5123000e+01
   1.0234690e+02   3.0999800e+01
   0.0000000e+00  -1.6679537e+05  -1.6679537e+05
   1.0000000e+00   3.3423770e+04  -1.9070337e+05
   2.0000000e+00   1.4567921e+05   1.8713645e+04
   3.0000000e+00   7.8990514e+04   1.7340262e+05
   4.0000000e+00  -4.2327197e+04   5.7277145e+04
   5.0000000e+00  -1.1091894e+05  -1.4622346e+05
   6.0000000e+00  -9.8662423e+04  -1.4560130e+05
   7.0000000e+00   1.8750956e+04   2.8738631e+04
   8.0000000e+00   1.3425095e+05   1.3214711e+05
   9.0000000e+00   9.0427486e+04   7.1187180e+04
   1.0000000e+01  -3.0311643e+04  -4.8316430e+04
   1.1000000e+01  -7.2876963e+04  -8.6015053e+04
   1.2000000e+01  -1.2588347e+04  -3.2146687e+03
   1.3000000e+01   9.2955411e+04   1.0326014e+05
   1.4000000e+01   9.3468852e+04   9.5773258e+04
   1.5000000e+01  -4.4697875e+04  -3.8549344e+04
   1.6000000e+01  -9.9452184e+04  -1.4813188e+05
   1.7000000e+01   1.4662880e+04  -1.2266780e+05
   1.8000000e+01   8.5547232e+04  -1.5291512e+04
   1.9000000e+01   2.7361697e+04   6.4934994e+04
   2.0000000e+01  -1.1282956e+03   6.6268280e+04
   2.1000000e+01   5.3460887e+04   1.6900814e+04
   2.2000000e+01   5.0600517e+04  -4.7319037e+04
   2.3000000e+01  -1.1628100e+05  -7.9511272e+04
   2.4000000e+01  -2.8879206e+05  -1.7698841e+04
   2.5000000e+01  -1.4493397e+05   8.5327513e+04
   2.6000000e+01   2.7730807e+05   1.2064365e+05
   2.7000000e+01   4.7710491e+05   6.9090818e+04
   2.8000000e+01   1.4350534e+05  -3.6486654e+04
   2.9000000e+01  -3.7764556e+05  -1.3201142e+05
   3.0000000e+01  -4.8535034e+05  -1.1301267e+05
   3.1000000e+01  -7.1520552e+04   4.1292630e+04
   3.2000000e+01   3.7926692e+05   1.5699719e+05
   3.3000000e+01   3.8384900e+05   6.4980572e+04
   3.4000000e+01   5.2954043e+03  -1.1707877e+05
   3.5000000e+01  -2.6860583e+05  -1.4338638e+05
   3.6000000e+01  -1.9443212e+05  -1.1444857e+04
   3.7000000e+01  -1.3259693e+04   7.7683349e+04
   3.8000000e+01   2.6355917e+04   6.2566106e+04
   3.9000000e+01   2.7393553e+04   3.8692041e+04
   4.0000000e+01   1.4205358e+05   3.1366308e+04
   4.1000000e+01   1.8907801e+05   1.1204850e+04
   4.2000000e+01   7.9210459e+03  -2.1860189e+04
   4.3000000e+01  -1.7213437e+05  -4.3751228e+04
   4.4000000e+01  -1.4929104e+05  -1.5720052e+04
   4.5000000e+01  -4.3835040e+04   3.9971516e+04
   4.6000000e+01   2.4839135e+04   4.9157749e+04
   4.7000000e+01   1.0746222e+05   7.8837069e+03
   4.8000000e+01   1.7377149e+05  -1.8859403e+04
   4.9000000e+01   8.6254049e+04  -1.1573930e+04
   5.0000000e+01  -1.0524575e+05  -7.3625797e+03
   5.1000000e+01  -1.7741166e+05  -1.5895493e+03
   5.2000000e+01  -3.7078214e+04   3.0702485e+04
   5.3000000e+01   1.0472558e+05   5.2291453e+04
   5.4000000e+01   4.6190897e+02   1.6211874e+04
   5.5000000e+01  -1.5979207e+05  -4.2151246e+04
   5.6000000e+01  -3.2157095e+04  -3.8850742e+04
   5.7000000e+01   2.1291982e+05   1.6481710e+04
   5.8000000e+01   1.5327583e+05   1.9480826e+04
   5.9000000e+01  -1.2902152e+05  -5.0092023e+04
   6.0000000e+01  -1.7855545e+05  -7.5171797e+04
   6.1000000e+01   3.0903041e+04   2.1136867e+04
   6.2000000e+01   1.2583492e+05   1.2156042e+05
   6.3000000e+01   3.0463843e+04   7.0051169e+04
   6.4000000e+01  -6.0744955e+04  -6.7636531e+04
   6.5000000e+01  -6.9235233e+04  -9.0656015e+04
   6.6000000e+01  -1.9510137e+04   1.6796184e+04
   6.7000000e+01   2.8142276e+04   7.7012587e+04
   6.8000000e+01   2.9837394e+04   3.5558505e+04
   6.9000000e+01   8.4692237e+03  -1.1967016e+04
   7.0000000e+01  -3.3129697e+04  -3.1496663e+04
   7.1000000e+01  -8.2619818e+04  -3.0497572e+04
   7.2000000e+01  -6.2296223e+04  -2.2366343e+04
   7.3000000e+01   1.9665953e+04  -3.0188438e+04
   7.4000000e+01   5.4666172e+04  -2.2326472e+04
   7.5000000e+01  -3.1886335e+03   1.5162847e+04
   7.6000000e+01  -6.8532170e+04   2.9578480e+04
   7.7000000e+01  -7.6731136e+03  -2.5043166e+03
   7.8000000e+01   1.0581724e+05  -3.9573260e+04
   7.9000000e+01   5.5245710e+04  -2.8380306e+04
   8.0000000e+01  -9.2224943e+04   2.3513718e+04
   8.1000000e+01  -9.3742336e+04   4.0042748e+04
   8.2000000e+01   4.8351612e+04  -5.2244060e+03
   8.3000000e+01   1.3728829e+05  -2.1879286e+04
   8.4000000e+01   7.0476510e+04   2.8437171e+04
   8.5000000e+01  -5.9162577e+04   4.6016574e+04
   8.6000000e+01  -9.8094639e+04  -1.1469172e+04
   8.7000000e+01  -8.9286065e+03  -6.9500040e+04
   8.8000000e+01   8.5540128e+04  -5.8657720e+04
   8.9000000e+01   6.7197265e+04   2.4029597e+04
   9.0000000e+01   8.0295169e+03   8.8788379e+04
   9.1000000e+01  -3.5575293e+03   4.7858137e+04
   9.2000000e+01  -2.3036944e+04  -4.1510765e+04
   9.3000000e+01  -5.7705109e+04  -6.1395628e+04
   9.4000000e+01  -3.7840393e+04  -8.5911103e+03
   9.5000000e+01   1.1952210e+04   4.2137779e+04
   9.6000000e+01   2.1956780e+04   5.0537994e+04
   9.7000000e+01   4.4138923e+03   1.7460844e+04
   9.8000000e+01  -2.6982813e+04  -1.9929977e+04
   9.9000000e+01  -8.1433181e+04  -4.6595384e+04
   1.0000000e+02  -5.8132498e+04  -6.5379273e+04
   1.0100000e+02   7.5730555e+04  -1.0392886e+04
   1.0200000e+02   1.1370566e+05   9.5978258e+04
   1.0300000e+02  -1.7989573e+04   8.7946587e+04
   1.0400000e+02  -9.2698266e+04  -5.5513081e+04
   1.0500000e+02  -1.2121760e+04  -1.4765917e+05
   1.0600000e+02   4.3095321e+04  -6.8265003e+04
   1.0700000e+02  -6.3605569e+03   6.6797255e+04
   1.0800000e+02  -1.8543264e+04   8.4839622e+04
   1.0900000e+02   5.6403512e+04  -4.0977995e+03
   1.1000000e+02   9.7452293e+04  -7.0904272e+04
   1.1100000e+02   5.2046605e+04  -5.6866378e+04
   1.1200000e+02  -1.5990351e+04  -1.0289149e+04
   1.1300000e+02  -6.6662260e+04   2.4388263e+04
   1.1400000e+02  -7.5134546e+04   3.9197724e+04
   1.1500000e+02  -7.4010334e+03   1.8209472e+04
   1.1600000e+02   6.6165270e+04  -2.4438568e+03
   1.1700000e+02   4.9241293e+04   2.3293883e+04
   1.1800000e+02   5.4818511e+03   5.2396171e+04
   1.1900000e+02   1.5555049e+04   4.0401081e+04
   1.2000000e+02   1.3858893e+04   5.3034694e+02
   1.2100000e+02  -3.7416834e+04  -2.7015233e+04
   1.2200000e+02  -6.0700466e+04   5.4533786e+02
   1.2300000e+02  -2.8386178e+04   5.3748680e+04
   1.2400000e+02   2.2876230e+04   3.2399579e+04
   1.2500000e+02   6.6643436e+04  -5.9027241e+04
   1.2600000e+02   6.0944054e+04  -8.7601963e+04
   1.2700000e+02   1.4082992e+04  -2.5585771e+04
   1.2800000e+02  -5.5884125e+03   2.4091465e+04
   1.2900000e+02  -3.6001719e+03   9.0584755e+03
   1.3000000e+02  -3.2043948e+04  -2.7193836e+04
   1.3100000e+02  -8.0283978e+04  -9.2683809e+03
   1.3200000e+02  -8.2804564e+04   3.9655450e+04
   1.3300000e+02  -2.9120134e+03   2.2177405e+04
   1.3400000e+02   7.7278004e+04  -3.8503973e+04
   1.3500000e+02   4.1436270e+04  -4.8160966e+04
   1.3600000e+02  -4.1065799e+04   2.7500197e+03
   1.3700000e+02  -1.8164996e+04   6.4348256e+04
   1.3800000e+02   4.3893185e+04   8.4057666e+04
   1.3900000e+02   2.2905868e+04   2.9904968e+04
   1.4000000e+02  -1.9608724e+04  -5.5204331e+04
   1.4100000e+02  -2.9854352e+04  -7.3597176e+04
   1.4200000e+02  -1.2213045e+04  -1.0285999e+04
   1.4300000e+02   3.7362533e+04   6.2766257e+04
   1.4400000e+02   3.2604751e+04   8.4880872e+04
   1.4500000e+02  -5.3722291e+04   2.6243871e+04
   1.4600000e+02  -8.0931201e+04  -6.0391802e+04
   1.4700000e+02  -6.5456167e+03  -7.8742457e+04
   1.4800000e+02   4.8958826e+04  -2.4241703e+04
   1.4900000e+02   2.8763110e+04   4.4413269e+04
   1.5000000e+02  -1.9515498e+04   6.8986562e+04
   1.5100000e+02  -5.3697125e+04   1.9076952e+04
   1.5200000e+02  -4.8647206e+04  -4.5737207e+04
   1.5300000e+02   7.1910287e+03  -4.3737340e+04
   1.5400000e+02   6.9950572e+04   8.1484547e+02
   1.5500000e+02   6.3393407e+04   2.5419448e+04
   1.5600000e+02  -8.3866977e+03   2.4126746e+04
   1.5700000e+02  -3.8713272e+04   3.7740379e+03
   1.5800000e+02   7.2889313e+03  -1.4226925e+04
   1.5900000e+02   4.2552377e+04  -8.2047068e+03
   1.6000000e+02   1.1343834e+04  -3.0860706e+03
   1.6100000e+02  -5.4740494e+04  -2.1673030e+03
   1.6200000e+02  -6.7952811e+04  -3.7665725e+03
   1.6300000e+02   7.6786132e+03  -3.2242435e+04
   1.6400000e+02   6.3521766e+04  -3.3804332e+04
   1.6500000e+02   9.8936030e+03   4.5376804e+04
   1.6600000e+02  -6.1375005e+04   9.9394870e+04
   1.6700000e+02  -3.0249569e+04   1.4033012e+04
   1.6800000e+02   4.0776525e+04  -1.1171607e+05
   1.6900000e+02   3.2064812e+04  -9.4177272e+04
   1.7000000e+02  -2.2110176e+04   6.4229950e+04
   1.7100000e+02  -3.1496474e+04   1.6446861e+05
   1.7200000e+02   1.3560401e+04   5.8513003e+04
   1.7300000e+02   4.8102361e+04  -1.2072032e+05
   1.7400000e+02   1.1359908e+04  -1.2188081e+05
   1.7500000e+02  -4.9093629e+04   4.5758886e+04
   1.7600000e+02  -4.8760447e+04   1.3628628e+05
   1.7700000e+02   1.4260294e+04   1.6859769e+04
   1.7800000e+02   6.7282132e+04  -1.5521737e+05
   1.7900000e+02   3.2139601e+04  -1.4099461e+05
   1.8000000e+02  -4.7292679e+04   3.7606222e+04
   1.8100000e+02  -3.9010850e+04   1.3321061e+05
   1.8200000e+02   4.6795127e+04   2.1277500e+04
   1.8300000e+02   6.9663346e+04  -1.4370548e+05
   1.8400000e+02   2.4606598e+04  -1.3684265e+05
   1.8500000e+02   1.9283349e+04   4.0984289e+04
   1.8600000e+02   2.9545694e+04   1.5694482e+05
   1.8700000e+02  -1.2171907e+04   5.2155658e+04
   1.8800000e+02  -5.8362765e+04  -1.1908749e+05
   1.8900000e+02  -4.8515186e+04  -1.0354534e+05
   1.9000000e+02   5.9466220e+03   7.6199983e+04
   1.9100000e+02   1.4524469e+04   1.7562874e+05
   1.9200000e+02  -6.6129903e+04   6.1097977e+04
   1.9300000e+02  -1.0620305e+05  -1.1990632e+05
   1.9400000e+02  -2.6122112e+04  -1.2904530e+05
   1.9500000e+02   5.0714722e+04   1.8072168e+04
   1.9600000e+02   4.7666882e+04   9.8676806e+04
   1.9700000e+02   3.7970288e+04   2.7989347e+04
   1.9800000e+02   5.2816357e+04  -6.4625652e+04
   1.9900000e+02   7.0278805e+04  -4.9287609e+04
   2.0000000e+02   8.6540343e+04   5.3408873e+04
   2.0100000e+02   5.3649296e+04   1.0837739e+05
   2.0200000e+02  -2.4010520e+04   1.8294209e+04
   2.0300000e+02  -4.2787778e+04  -1.2445294e+05
   2.0400000e+02   1.0673079e+03  -1.4290446e+05
   2.0500000e+02   1.1878359e+04  -2.2594193e+04
   2.0600000e+02  -5.2616733e+04   9.8723632e+04
   2.0700000e+02  -1.5046192e+05   9.2295552e+04
   2.0800000e+02  -1.9014026e+05  -3.6425353e+04
   2.0900000e+02  -1.2469314e+05  -1.3813378e+05
   2.1000000e+02  -1.5054170e+04  -9.8772874e+04
   2.1100000e+02   5.0231355e+04   3.9090432e+04
   2.1200000e+02   7.2653918e+04   1.4461667e+05
   2.1300000e+02   1.1525742e+05   1.3632642e+05
   2.1400000e+02   1.7991388e+05   6.7362576e+04
   2.1500000e+02   1.9618085e+05   4.3641392e+04
   2.1600000e+02   1.2177115e+05   6.3234691e+04
   2.1700000e+02   1.9070949e+04   3.3425461e+04
   2.1800000e+02  -3.6499255e+04  -4.1654521e+04
   2.1900000e+02  -6.5625444e+04  -6.7583559e+04
   2.2000000e+02  -6.8998499e+04  -2.1251253e+04
   2.2100000e+02  -7.1361870e+01   5.7507604e+04
   2.2200000e+02   6.2914743e+04   9.5831585e+04
   2.2300000e+02  -8.3366418e+03   1.9156055e+04
   2.2400000e+02  -1.5522333e+05  -1.2142831e+05
   2.2500000e+02  -2.0551548e+05  -1.7780627e+05
   2.2600000e+02  -1.1756297e+05  -8.4347826e+04
   2.2700000e+02   8.1430461e+03   6.8792596e+04
   2.2800000e+02   7.0481275e+04   1.3382861e+05
   2.2900000e+02   4.4974323e+04   5.2299716e+04
   2.3000000e+02  -2.0746469e+04  -8.0836985e+04
   2.3100000e+02  -4.5024109e+04  -1.2153193e+05
   2.3200000e+02   2.0970699e+04  -5.6027926e+04
   2.3300000e+02   9.3469058e+04   2.7975502e+04
   2.3400000e+02   5.8080210e+04   6.3282566e+04
   2.3500000e+02  -2.0094120e+04   3.5775332e+04
   2.3600000e+02  -3.0778825e+04   8.3456095e+03
   2.3700000e+02  -4.0807688e+03   1.7817968e+04
   2.3800000e+02   9.2204464e+03   1.8362110e+04
   2.3900000e+02   9.4247949e+03   7.2636736e+03
   2.4000000e+02  -2.0484608e+04   6.7481398e+03
   2.4100000e+02  -6.5580445e+04   6.1592858e+03
   2.4200000e+02  -4.8842961e+04   1.0805509e+04
   2.4300000e+02   1.3413119e+04   1.8480713e+04
   2.4400000e+02   2.4195717e+04  -1.4638844e+03
   2.4500000e+02  -1.7104512e+03  -4.0626816e+04
   2.4600000e+02   1.0913783e+04  -4.4245527e+04
   2.4700000e+02   6.6297947e+04  -2.5430023e+03
   2.4800000e+02   9.6538433e+04   3.0815532e+04
   2.4900000e+02   3.2672121e+04   1.2633599e+04
   2.5000000e+02  -6.5227033e+04  -3.4358884e+04
   2.5100000e+02  -7.2858709e+04  -3.9954181e+04
   2.5200000e+02   2.6373421e+03  -1.3413887e+03
   2.5300000e+02   5.4147221e+04   8.9622017e+03
   2.5400000e+02   2.4339462e+04  -1.9465237e+04
   2.5500000e+02  -4.0316517e+04  -3.0064806e+04
   2.5600000e+02  -5.0198209e+04  -5.8496979e+03
   2.5700000e+02  -1.8650406e+03   8.4416812e+03
   2.5800000e+02   4.2010534e+03  -1.6998332e+04
   2.5900000e+02  -4.7247825e+04  -4.1781153e+04
   2.6000000e+02  -3.9745785e+04  -5.4795310e+03
   2.6100000e+02   3.7697918e+04   6.1040781e+04
   2.6200000e+02   6.8139221e+04   4.4881570e+04
   2.6300000e+02   1.8855449e+04  -4.4972569e+04
   2.6400000e+02  -3.4504501e+04  -7.0470478e+04
   2.6500000e+02  -2.4870502e+04   5.9128770e+01
   2.6600000e+02   2.2877910e+04   7.5921018e+04
   2.6700000e+02   3.7176020e+04   6.8101819e+04
   2.6800000e+02   1.8082320e+04  -2.5802768e+04
   2.6900000e+02   5.1300251e+03  -8.7639298e+04
   2.7000000e+02  -5.9512578e+03  -3.3689995e+04
   2.7100000e+02  -1.3473427e+04   5.7590483e+04
   2.7200000e+02   8.0977953e+03   6.2644041e+04
   2.7300000e+02   3.1457032e+04  -2.2293583e+04
   2.7400000e+02   1.8387755e+04  -8.1040034e+04
   2.7500000e+02  -4.8788697e+03  -3.0483650e+04
   2.7600000e+02  -5.4746103e+02   5.9610651e+04
   2.7700000e+02   3.5412152e+04   6.3085365e+04
   2.7800000e+02   5.0617334e+04   3.2614341e+03
   2.7900000e+02  -6.3609178e+03  -1.7355937e+04
   2.8000000e+02  -6.8298731e+04  -9.0386681e+03
   2.8100000e+02  -4.7949868e+04  -5.0609530e+03
   2.8200000e+02   1.8341108e+04   1.0285546e+04
   2.8300000e+02   3.9554225e+04   2.7683647e+04
   2.8400000e+02   2.5616081e+02   2.5148436e+04
   2.8500000e+02  -2.9950419e+04  -1.1668996e+03
   2.8600000e+02  -1.5661357e+04  -2.0957755e+04
   2.8700000e+02   4.9379164e+03  -1.0255917e+03
   2.8800000e+02   8.4136164e+02   2.7362741e+04
   2.8900000e+02  -1.0588872e+04   1.5019107e+04
   2.9000000e+02  -2.9961774e+03  -1.9305806e+04
   2.9100000e+02   1.2289112e+04  -2.3797876e+04
   2.9200000e+02   3.0463390e+04   8.7006579e+02
   2.9300000e+02   4.2693352e+04   2.6738504e+04
   2.9400000e+02   5.4803599e+03   3.3030143e+04
   2.9500000e+02  -3.8967908e+04   3.1806028e+03
   2.9600000e+02  -1.5752147e+04  -2.1514803e+04
   2.9700000e+02   1.8272209e+04  -1.4300368e+03
   2.9800000e+02  -5.0333066e+03   2.1134352e+04
   2.9900000e+02  -4.1668278e+04   1.3714673e+04
   3.0000000e+02  -3.9164479e+04  -4.5701214e+03
   3.0100000e+02  -5.9137990e+03  -1.1136450e+04
   3.0200000e+02   2.4891176e+04   3.3164862e+03
   3.0300000e+02   2.3434515e+04   2.3088624e+04
   3.0400000e+02   6.1032486e+03   1.4035731e+04
   3.0500000e+02   8.3616492e+03  -1.5901579e+04
   3.0600000e+02  -4.5549006e+03  -1.7381263e+04
   3.0700000e+02  -4.3727707e+04   2.0781511e+03
   3.0800000e+02  -3.5587533e+04   1.1068007e+04
   3.0900000e+02   2.5102383e+04   1.5353383e+04
   3.1000000e+02   5.9060351e+04  -3.7417036e+03
   3.1100000e+02   2.6891985e+04  -4.5135311e+04
   3.1200000e+02  -3.3696986e+04  -5.7987924e+04
   3.1300000e+02  -5.6600293e+04  -2.4332328e+04
   3.1400000e+02  -2.7551121e+04   3.4849981e+04
   3.1500000e+02  -8.4556147e+02   6.3666063e+04
   3.1600000e+02  -1.2770556e+04   1.2934300e+04
   3.1700000e+02  -2.1334124e+04  -5.5642966e+04
   3.1800000e+02   6.1171726e+03  -4.0299648e+04
   3.1900000e+02   3.4532584e+04   2.5716360e+04
   3.2000000e+02   3.3957904e+04   4.0845577e+04
   3.2100000e+02   2.0935238e+03   9.3137209e+03
   3.2200000e+02  -3.5347036e+04  -1.3264895e+04
   3.2300000e+02  -3.8682023e+04  -4.7626822e+03
   3.2400000e+02  -1.1079020e+04   2.2220108e+04
   3.2500000e+02   2.1601097e+04   1.4619420e+04
   3.2600000e+02   3.2465412e+04  -2.8202258e+04
   3.2700000e+02   5.9107157e+03  -4.4490047e+04
   3.2800000e+02  -2.3952552e+04  -2.3576540e+04
   3.2900000e+02  -1.2312198e+04   4.1760364e+03
   3.3000000e+02   2.9556233e+04   1.4848374e+04
   3.3100000e+02   4.2414613e+04   4.5708592e+03
   3.3200000e+02   3.9391698e+03  -9.5178129e+03
   3.3300000e+02  -4.0553228e+04  -2.1909805e+04
   3.3400000e+02  -4.4283015e+04  -2.8192871e+04
   3.3500000e+02  -5.8053669e+03  -4.3459916e+03
   3.3600000e+02   2.5125796e+04   3.3466928e+04
   3.3700000e+02   1.6377067e+04   2.0981065e+04
   3.3800000e+02  -8.6969265e+02  -2.6863754e+04
   3.3900000e+02  -4.1444396e+03  -3.3387572e+04
   3.4000000e+02   5.4316590e+01  -4.5872128e+03
   3.4100000e+02   4.5439138e+03   1.8356339e+04
   3.4200000e+02   6.3270679e+03   2.0494587e+04
   3.4300000e+02   1.1178929e+04  -4.5096700e+03
   3.4400000e+02   1.6992614e+04  -1.5337395e+04
   3.4500000e+02   1.6805042e+04   1.3222380e+04
   3.4600000e+02   1.0750662e+04   1.8478692e+04
   3.4700000e+02   1.2632620e+03  -2.3634779e+04
   3.4800000e+02  -7.8538669e+03  -3.4335627e+04
   3.4900000e+02  -1.2300099e+04   1.3823348e+04
   3.5000000e+02  -7.5378198e+03   4.6831004e+04
   3.5100000e+02   3.1613293e+03   2.4291366e+04
   3.5200000e+02   1.7516957e+04  -1.8614872e+04
   3.5300000e+02   2.4918903e+04  -2.1135440e+04
   3.5400000e+02   9.0027893e+02   1.8850561e+04
   3.5500000e+02  -2.4217565e+04   2.1897490e+04
   3.5600000e+02   3.8498340e+03  -1.3516710e+04
   3.5700000e+02   4.9513536e+04  -8.8528926e+03
   3.5800000e+02   4.2634626e+04   1.8877154e+04
   3.5900000e+02  -5.8014052e+03   7.9053886e+03
   3.6000000e+02  -3.4295273e+04  -1.9309954e+04
   3.6100000e+02  -1.4749011e+04  -1.4473030e+04
   3.6200000e+02   2.4630828e+04   1.1461362e+04
   3.6300000e+02   2.9407181e+04   2.7418949e+04
   3.6400000e+02  -7.5428017e+03   2.2631920e+04
   3.6500000e+02  -3.6758221e+04  -7.5259233e+02
   3.6600000e+02  -3.0235633e+04  -1.6741313e+04
   3.6700000e+02  -1.1729741e+03  -8.1495997e+03
   3.6800000e+02   7.3307681e+03   5.1903641e+03
   3.6900000e+02  -2.5736615e+04   1.1974892e+02
   3.7000000e+02  -3.9194855e+04  -1.3954363e+04
   3.7100000e+02   1.4619771e+03  -1.5352679e+03
   3.7200000e+02   3.7406647e+04   2.2630012e+04
   3.7300000e+02   3.1164619e+04   1.3145066e+04
   3.7400000e+02   3.4745117e+03  -1.1690456e+04
   3.7500000e+02  -2.5466696e+04  -1.7507027e+04
   3.7600000e+02  -3.2591657e+04  -8.0483073e+03
   3.7700000e+02   3.7714435e+03   9.0333063e+03
   3.7800000e+02   4.0658851e+04   2.9086792e+04
   3.7900000e+02   2.9801680e+04   2.5311359e+04
   3.8000000e+02   5.2421317e+02  -1.2813730e+04
   3.8100000e+02  -1.6434684e+04  -3.3746034e+04
   3.8200000e+02  -1.3515633e+04  -1.0692235e+04
   3.8300000e+02  -1.1868090e+03   1.9065708e+04
   3.8400000e+02  -1.3907563e+04   2.3044764e+04
   3.8500000e+02  -2.5135189e+04  -4.4880237e+03
   3.8600000e+02  -1.5027116e+03  -2.6314775e+04
   3.8700000e+02   1.2950724e+04  -9.1021246e+03
   3.8800000e+02  -1.9420082e+03   1.8148677e+04
   3.8900000e+02  -1.6103374e+04   2.3023396e+04
   3.9000000e+02  -2.0980568e+04   7.9890099e+03
   3.9100000e+02  -1.9864682e+04  -6.1246594e+03
   3.9200000e+02  -3.3858975e+03  -5.1216264e+03
   3.9300000e+02   2.0068035e+04   2.4371918e+03
   3.9400000e+02   3.3160897e+04   1.2306061e+03
   3.9500000e+02   3.1293720e+04  -6.6150197e+03
   3.9600000e+02  -8.2409792e+02  -3.9377098e+03
   3.9700000e+02  -3.7707877e+04  -4.1274297e+03
   3.9800000e+02  -2.4987081e+04  -2.0130006e+04
   3.9900000e+02   8.1343455e+03  -1.8829426e+04
   4.0000000e+02   1.2210950e+04   1.0280640e+04
   4.0100000e+02   1.3910190e+03   3.6328296e+04
   4.0200000e+02  -3.9119365e+03   2.2486936e+04
   4.0300000e+02  -6.9595268e+03  -2.6856179e+04
   4.0400000e+02  -1.6257366e+04  -3.7753275e+04
   4.0500000e+02  -2.4328581e+04   1.1073976e+04
   4.0600000e+02  -9.3141629e+03   3.9214367e+04
   4.0700000e+02   2.1131214e+04   1.1942445e+04
   4.0800000e+02   1.8821993e+04  -1.5209587e+04
   4.0900000e+02  -1.7738386e+04  -1.4687280e+04
   4.1000000e+02  -2.3528343e+04  -1.3887852e+04
   4.1100000e+02   8.4666784e+03  -1.7932719e+04
   4.1200000e+02   2.6013952e+04  -2.0001504e+04
   4.1300000e+02   9.5069920e+03  -1.6458375e+04
   4.1400000e+02  -1.9933628e+04   2.9164423e+03
   4.1500000e+02  -1.6633747e+04   1.5743139e+04
   4.1600000e+02   1.6466890e+04   6.0348987e+03
   4.1700000e+02   2.0804576e+04  -7.7844152e+03
   4.1800000e+02  -2.3963971e+03  -1.4281867e+04
   4.1900000e+02  -1.0033134e+04  -2.2629340e+03
   4.2000000e+02  -4.6384843e+03   1.5558826e+04
   4.2100000e+02  -2.5557888e+03   6.3073239e+03
   4.2200000e+02   2.4462325e+03  -8.4871336e+03
   4.2300000e+02   5.1953768e+03   6.2454622e+03
   4.2400000e+02   2.0117231e+03   1.8147354e+04
   4.2500000e+02   4.7178594e+03  -8.2170315e+02
   4.2600000e+02   2.7716495e+02  -1.4753096e+04
   4.2700000e+02  -4.2807195e+03  -5.5236121e+03
   4.2800000e+02   1.5964344e+04   6.8535645e+03
   4.2900000e+02   3.0882345e+04   4.0715639e+03
   4.3000000e+02   1.9606491e+04  -1.6310574e+04
   4.3100000e+02  -6.5485699e+03  -1.5532018e+04
   4.3200000e+02  -3.5682899e+04   1.6695776e+04
   4.3300000e+02  -2.4836102e+04   2.2435838e+04
   4.3400000e+02   3.2268082e+04  -1.6602880e+04
   4.3500000e+02   6.0334093e+04  -5.0368950e+04
   4.3600000e+02   1.9451615e+04  -3.6737735e+04
   4.3700000e+02  -2.9167450e+04   7.4832132e+03
   4.3800000e+02  -2.5545250e+04   3.4969205e+04
   4.3900000e+02   7.4290388e+03   2.5853409e+04
   4.4000000e+02   2.5553463e+04  -4.2790532e+03
   4.4100000e+02   1.4700197e+04  -1.8995865e+04
   4.4200000e+02  -4.4804353e+03  -4.1134355e+03
   4.4300000e+02   2.8197697e+03   1.7424433e+04
   4.4400000e+02   2.0575228e+04   2.4957095e+04
   4.4500000e+02   9.4826662e+03   1.9807772e+04
   4.4600000e+02  -2.0231231e+04   2.3588319e+04
   4.4700000e+02  -2.9592563e+04   2.4759631e+04
   4.4800000e+02   1.3900573e+03  -7.5026464e+03
   4.4900000e+02   4.1618986e+04  -3.0315139e+04
   4.5000000e+02   3.1676662e+04  -4.3448187e+03
   4.5100000e+02  -1.9601158e+04   1.8134568e+04
   4.5200000e+02  -3.4844189e+04   1.5790039e+03
   4.5300000e+02  -5.9133770e+02  -1.3953295e+04
   4.5400000e+02   2.0555388e+04  -6.9151373e+02
   4.5500000e+02   2.9509108e+03   1.9655841e+04
   4.5600000e+02  -1.9397679e+04   1.4943281e+04
   4.5700000e+02  -1.0258488e+04  -1.6786602e+04
   4.5800000e+02   5.4477457e+03  -2.5453494e+04
   4.5900000e+02  -1.5212597e+04   3.8807771e+03
   4.6000000e+02  -3.0073219e+04   1.3565508e+04
   4.6100000e+02  -1.7104920e+03  -3.3232286e+02
   4.6200000e+02   1.3734759e+04  -2.1211050e+02
   4.6300000e+02  -8.6408451e+03   8.7607526e+03
   4.6400000e+02  -1.7774875e+04   1.6237475e+04
   4.6500000e+02  -3.3900613e+03   1.2058024e+04
   4.6600000e+02  -3.0273559e+03  -7.6759895e+03
   4.6700000e+02  -1.2787906e+04  -1.0325225e+04
   4.6800000e+02  -1.1137723e+04   1.7395344e+04
   4.6900000e+02   2.4860145e+03   3.0496244e+04
   4.7000000e+02   1.7788130e+04   8.7393683e+03
   4.7100000e+02   5.0590022e+03  -7.4421180e+03
   4.7200000e+02  -2.4528188e+04  -6.2704877e+03
   4.7300000e+02  -2.5327085e+04  -4.4005339e+03
   4.7400000e+02  -2.1045636e+03  -6.4191742e+03
   4.7500000e+02   2.5065220e+04  -1.6968587e+04
   4.7600000e+02   3.0697459e+04  -1.1256530e+04
   4.7700000e+02  -7.0250790e+03   1.2927616e+04
   4.7800000e+02  -4.2956247e+04   4.6991235e+03
   4.7900000e+02  -3.5281088e+04  -2.6036369e+04
   4.8000000e+02  -9.7361476e+03  -2.1166156e+04
   4.8100000e+02   2.4004483e+03   8.5649614e+03
   4.8200000e+02   3.3436292e+03   9.2724267e+03
   4.8300000e+02   7.7648753e+03  -8.3488844e+03
   4.8400000e+02   1.8905634e+04  -1.0244228e+03
   4.8500000e+02   1.3672078e+04   1.6196052e+04
   4.8600000e+02  -2.3587332e+04   9.5348371e+03
   4.8700000e+02  -3.4742036e+04  -1.8321841e+04
   4.8800000e+02   1.5938330e+04  -2.6619316e+04
   4.8900000e+02   4.7101977e+04  -9.1217277e+02
   4.9000000e+02   1.9656067e+04   4.2879680e+03
   4.9100000e+02  -8.0907167e+03  -1.9967878e+04
   4.9200000e+02  -1.0341356e+04  -2.7605173e+04
   4.9300000e+02  -1.3752140e+03  -1.5059872e+04
   4.9400000e+02   2.7959109e+03   8.2475271e+03
   4.9500000e+02  -4.6214865e+03   2.7344036e+04
   4.9600000e+02  -2.4851832e+03   1.1156175e+04
   4.9700000e+02   1.5621960e+04  -2.0995760e+04
   4.9800000e+02   1.4164472e+04  -1.4116790e+04
   4.9900000e+02  -9.9301231e+03   1.6504070e+04
   5.0000000e+02  -1.8128221e+04   1.7124720e+04
   5.0100000e+02  -7.0946110e+03   9.9740620e+01
   5.0200000e+02   1.2538476e+04  -1.0605724e+04
   5.0300000e+02   2.8504432e+04  -9.3300008e+03
   5.0400000e+02   1.1604951e+04   7.3533394e+03
   5.0500000e+02  -1.4174733e+04   5.3073876e+02
   5.0600000e+02  -6.7094540e+03  -3.0328780e+04
   5.0700000e+02   1.0587347e+04  -3.2977882e+04
   5.0800000e+02   4.7113813e+03  -4.8808483e+03
   5.0900000e+02  -1.0718963e+04   2.7547514e+04
   5.1000000e+02  -4.0446227e+03   3.1155427e+04
   5.1100000e+02   2.1414321e+04  -6.9935704e+03
   5.1200000e+02   3.4406710e+04  -2.9142358e+04
   5.1300000e+02   2.1772372e+04   7.2413697e+03
   5.1400000e+02  -1.7397800e+03   4.8972917e+04
   5.1500000e+02  -7.9602373e+03   3.7682378e+04
   5.1600000e+02   4.1656417e+03  -2.1296127e+03
   5.1700000e+02   1.2525147e+04  -2.0865244e+04
   5.1800000e+02   1.2064568e+04   1.7715107e+03
   5.1900000e+02   4.1986408e+03   3.4654824e+04
   5.2000000e+02  -1.5167585e+03   1.2185253e+04
   5.2100000e+02   3.8117889e+03  -3.7876685e+04
   5.2200000e+02   1.0435496e+03  -3.1454534e+04
   5.2300000e+02  -1.7190302e+04   1.0494832e+04
   5.2400000e+02  -2.0305641e+04   2.0803401e+04
   5.2500000e+02   6.9327302e+03  -4.3301784e+03
   5.2600000e+02   3.3512892e+04  -2.7038003e+04
   5.2700000e+02   2.6304177e+04  -2.1438603e+04
   5.2800000e+02  -8.0988949e+03   2.9514470e+03
   5.2900000e+02  -2.5898534e+04   1.6974266e+04
   5.3000000e+02  -6.9106039e+03   1.4005653e+04
   5.3100000e+02   6.5275996e+03   9.8873116e+03
   5.3200000e+02  -2.0259610e+03  -1.1079570e+03
   5.3300000e+02  -5.1194010e+03  -7.8387849e+03
   5.3400000e+02  -7.0308929e+03   1.2367725e+04
   5.3500000e+02  -1.4722886e+04   2.4483941e+04
   5.3600000e+02  -2.3549575e+04   1.8237842e+04
   5.3700000e+02  -3.0575375e+04   1.6297548e+04
   5.3800000e+02  -1.5625745e+04   2.7785290e+02
   5.3900000e+02   1.3507219e+04  -1.6402401e+04
   5.4000000e+02   1.4871002e+04  -1.1207612e+03
   5.4100000e+02  -1.3073631e+04   1.8765205e+04
   5.4200000e+02  -2.4427717e+04   1.0156188e+04
   5.4300000e+02   2.7232373e+02  -1.1488859e+04
   5.4400000e+02   2.6312053e+04  -1.9194514e+04
   5.4500000e+02   1.6138880e+04  -1.4181125e+04
   5.4600000e+02  -2.2088908e+04  -4.9834630e+03
   5.4700000e+02  -2.9853340e+04   2.3051485e+03
   5.4800000e+02   1.2530181e+04   9.9986967e+02
   5.4900000e+02   3.5485150e+04  -6.4219958e+03
   5.5000000e+02   4.9284694e+03  -9.4982679e+03
   5.5100000e+02  -3.2942587e+04   1.1944153e+04
   5.5200000e+02  -4.1320688e+04   2.9951620e+04
   5.5300000e+02  -1.5760986e+04  -9.5856557e+03
   5.5400000e+02   1.7038660e+04  -4.9337741e+04
   5.5500000e+02   1.0320245e+04  -1.2291780e+04
   5.5600000e+02  -2.7719698e+04   3.9106745e+04
   5.5700000e+02  -3.1833548e+04   2.6603427e+04
   5.5800000e+02   3.8860751e+03  -1.6018139e+04
   5.5900000e+02   2.3832238e+04  -3.0511679e+04
   5.6000000e+02   1.3435279e+04  -9.2734688e+03
   5.6100000e+02  -5.5790225e+03   1.9021765e+04
   5.6200000e+02  -6.4332959e+03   1.3607679e+04
   5.6300000e+02   1.7655463e+04  -1.0712033e+04
   5.6400000e+02   3.1348579e+04  -4.5868125e+03
   5.6500000e+02   1.8723658e+04   1.7051920e+04
   5.6600000e+02  -2.8625996e+02   2.2665053e+04
   5.6700000e+02  -7.2964647e+03   6.4918489e+03
   5.6800000e+02   2.7340327e+03  -3.1924921e+04
   5.6900000e+02   8.7852143e+03  -5.0851092e+04
   5.7000000e+02  -6.2665840e+03  -1.1492869e+04
   5.7100000e+02  -2.2806993e+04   3.8346006e+04
   5.7200000e+02  -1.2506524e+04   2.7634952e+04
   5.7300000e+02   1.0564757e+04  -2.3495153e+04
   5.7400000e+02   7.7177806e+03  -3.8114210e+04
   5.7500000e+02  -1.3362317e+04   2.5168320e+03
   5.7600000e+02  -1.8366441e+04   4.1224224e+04
   5.7700000e+02   3.8328200e+03   1.9385069e+04
   5.7800000e+02   2.8924083e+04  -2.2459699e+04
   5.7900000e+02   1.8995331e+04  -1.0570333e+04
   5.8000000e+02  -4.0822519e+03   1.4348801e+04
   5.8100000e+02   1.8423966e+03   2.5239820e+03
   5.8200000e+02   1.8199121e+04  -1.3601270e+04
   5.8300000e+02   2.2757194e+04  -1.4050071e+04
   5.8400000e+02   1.6014317e+04  -3.2795303e+03
   5.8500000e+02  -4.2540335e+03   8.5885013e+03
   5.8600000e+02  -1.5649317e+04   1.9313611e+03
   5.8700000e+02   1.7498926e+03  -1.7315796e+04
   5.8800000e+02   1.2871823e+04  -2.1517027e+04
   5.8900000e+02  -3.2331025e+03  -7.3987050e+03
   5.9000000e+02  -1.5979899e+04   7.3083317e+03
   5.9100000e+02  -1.7677635e+04   1.4363379e+04
   5.9200000e+02  -6.7406200e+03   5.2727528e+03
   5.9300000e+02   2.1531585e+04  -6.9019036e+03
   5.9400000e+02   2.6342101e+04   1.6380505e+03
   5.9500000e+02   3.3635023e+02   5.6519512e+03
   5.9600000e+02  -8.2092753e+03  -9.9919799e+03
   5.9700000e+02   7.8677120e+03  -2.1445843e+04
   5.9800000e+02   2.0504808e+04  -1.8411616e+04
   5.9900000e+02   1.8866433e+04   4.1434171e+03
   6.0000000e+02   6.8597934e+03   3.3759839e+04
   6.0100000e+02  -9.0680821e+03   3.4553775e+04
   6.0200000e+02  -2.1220624e+04  -2.0069617e+03
   6.0300000e+02  -2.8297987e+04  -3.4234064e+04
   6.0400000e+02  -2.5924584e+04  -1.8867467e+04
   6.0500000e+02  -8.3238238e+03   2.5491436e+04
   6.0600000e+02   1.4699515e+03   4.1958456e+04
   6.0700000e+02  -5.3690601e+03   7.6935540e+03
   6.0800000e+02  -8.4489510e+03  -2.6238707e+04
   6.0900000e+02  -1.0791205e+04  -5.6859114e+03
   6.1000000e+02  -3.6471974e+03   2.9879779e+04
   6.1100000e+02   2.5476753e+04   2.1639215e+04
   6.1200000e+02   3.9777080e+04  -2.0924480e+04
   6.1300000e+02   1.9065446e+04  -4.5282359e+04
   6.1400000e+02  -3.1577895e+03  -1.5413436e+04
   6.1500000e+02  -1.2897240e+03   3.0914095e+04
   6.1600000e+02   9.3698522e+03   3.3507516e+04
   6.1700000e+02   1.9772989e+03   2.8025121e+03
   6.1800000e+02  -2.0839068e+04  -6.8266570e+03
   6.1900000e+02  -2.6795058e+04   7.7294110e+03
   6.2000000e+02  -7.7338833e+03   1.0033068e+04
   6.2100000e+02   2.4049484e+03   6.0786111e+03
   6.2200000e+02  -1.3630562e+03   1.4284096e+03
   6.2300000e+02  -2.5770738e+02  -4.7694445e+03
   6.2400000e+02  -6.3635559e+03   1.2622430e+04
   6.2500000e+02  -1.3730176e+04   2.6551211e+04
   6.2600000e+02  -5.9057644e+03   7.6935315e+03
   6.2700000e+02  -2.0045685e+02  -1.5227111e+04
   6.2800000e+02   5.2708453e+03  -2.1548973e+04
   6.2900000e+02   2.1222098e+04  -2.8412427e+03
   6.3000000e+02   1.9036775e+04   1.4092315e+04
   6.3100000e+02  -7.8644781e+03  -6.7088766e+03
   6.3200000e+02  -1.8657627e+04  -2.7447625e+04
   6.3300000e+02  -5.1281825e+03  -9.8405538e+03
   6.3400000e+02   6.1467785e+03   1.6526911e+04
   6.3500000e+02   5.7016229e+03   1.8589795e+04
   6.3600000e+02  -7.6022064e+03   2.5368186e+03
   6.3700000e+02  -1.9471758e+04  -1.6153236e+04
   6.3800000e+02  -1.6623363e+04  -1.9101669e+04
   6.3900000e+02  -1.1408024e+04   8.4574790e+03
   6.4000000e+02   1.6933481e+02   3.0944932e+04
   6.4100000e+02   1.6660938e+04   1.1578069e+04
   6.4200000e+02   1.4183700e+04  -1.8100249e+04
   6.4300000e+02  -6.9308255e+02  -1.0363776e+04
   6.4400000e+02  -1.2456236e+04   2.3664177e+04
   6.4500000e+02  -1.8218389e+04   1.6781118e+04
   6.4600000e+02  -3.6251374e+03  -3.9852755e+04
   6.4700000e+02   1.9747774e+04  -5.5790648e+04
   6.4800000e+02   8.0386107e+03  -5.5002199e+02
   6.4900000e+02  -2.1571192e+04   3.9713277e+04
   6.5000000e+02  -1.4251914e+04   1.7393310e+04
   6.5100000e+02   6.8662316e+03  -2.4284419e+04
   6.5200000e+02   3.2904945e+03  -4.4838804e+04
   6.5300000e+02  -7.1176241e+03  -2.7669393e+04
   6.5400000e+02  -8.0150689e+03   1.0132471e+04
   6.5500000e+02   3.2485896e+03   2.0835412e+04
   6.5600000e+02   1.4889937e+04   1.2926733e+04
   6.5700000e+02   1.0360749e+04   1.0840249e+04
   6.5800000e+02   4.4352370e+03  -2.0429450e+03
   6.5900000e+02   1.1401647e+04  -7.5161567e+03
   6.6000000e+02   1.9630983e+04   1.0435282e+04
   6.6100000e+02   1.7339293e+04   8.3642732e+03
   6.6200000e+02   6.2185074e+03  -1.9517919e+04
   6.6300000e+02  -1.1072181e+04  -1.6673850e+04
   6.6400000e+02  -2.4066170e+04   1.3177403e+04
   6.6500000e+02  -1.4558204e+04   9.3812814e+03
   6.6600000e+02   3.5339035e+03  -1.9476323e+04
   6.6700000e+02   9.6457888e+03  -2.9317150e+04
   6.6800000e+02   1.6634418e+03  -1.2740920e+04
   6.6900000e+02  -1.8353492e+04   1.1171805e+04
   6.7000000e+02  -1.7809623e+04   6.1209017e+03
   6.7100000e+02   6.2740869e+03  -1.4299283e+04
   6.7200000e+02   6.0715341e+03  -9.6486202e+03
   6.7300000e+02  -6.5544223e+02   4.6268435e+03
   6.7400000e+02   2.2293710e+04   1.4759632e+04
   6.7500000e+02   3.2789564e+04   1.9164261e+04
   6.7600000e+02   1.3268948e+04  -6.2103329e+02
   6.7700000e+02   7.6550146e+03  -2.3893075e+04
   6.7800000e+02   1.3279171e+04  -5.4496886e+03
   6.7900000e+02   6.8909381e+03   3.3231433e+04
   6.8000000e+02   3.3111336e+03   3.2049272e+04
   6.8100000e+02   3.9540642e+02   1.9738668e+03
   6.8200000e+02  -3.3200367e+03  -1.2671424e+04
   6.8300000e+02   1.3278961e+03  -8.6430790e+03
   6.8400000e+02  -2.6276065e+03   5.9104077e+02
   6.8500000e+02  -4.9903929e+03   2.0038411e+03
   6.8600000e+02   7.7642355e+03   8.2229336e+03
   6.8700000e+02   1.0103513e+04   2.3916199e+04
   6.8800000e+02   2.0732878e+03   1.2926485e+04
   6.8900000e+02  -2.2878368e+03  -1.2459271e+04
   6.9000000e+02  -7.5555716e+03  -1.3684269e+04
   6.9100000e+02  -5.2858018e+03  -4.2165975e+03
   6.9200000e+02   8.8889997e+03   4.0857537e+03
   6.9300000e+02   7.0848846e+03   1.7063056e+04
   6.9400000e+02  -1.2636146e+04   1.8928778e+04
   6.9500000e+02  -8.4777496e+03   4.8402235e+02
   6.9600000e+02   9.3292252e+03  -1.4560407e+04
   6.9700000e+02  -1.3018325e+02  -9.8481722e+03
   6.9800000e+02  -1.5504585e+04   7.6787978e+03
   6.9900000e+02  -8.9252999e+03   1.8707196e+04
   7.0000000e+02   6.1225068e+03   4.4339228e+03
   7.0100000e+02   1.1004467e+04  -8.7190993e+03
   7.0200000e+02  -1.8824612e+03   5.0974179e+03
   7.0300000e+02  -2.3350325e+04   1.3883763e+04
   7.0400000e+02  -3.0697841e+04   4.6256250e+02
   7.0500000e+02  -1.3182635e+04  -1.2362701e+04
   7.0600000e+02   9.5548276e+03  -3.4929672e+03
   7.0700000e+02   7.2807758e+03   1.9335008e+04
   7.0800000e+02  -2.0455429e+04   1.4992218e+04
   7.0900000e+02  -2.8573826e+04  -2.1792863e+04
   7.1000000e+02   1.4548601e+03  -3.6392664e+04
   7.1100000e+02   1.1098846e+04  -6.2267349e+03
   7.1200000e+02  -1.0652828e+04   2.6578047e+04
   7.1300000e+02  -1.0561938e+04   3.1303286e+04
   7.1400000e+02   2.7347114e+03   8.5080248e+03
   7.1500000e+02   8.0171812e+03  -2.5898222e+04
   7.1600000e+02   5.4471058e+03  -2.2566058e+04
   7.1700000e+02  -1.1819034e+04   1.7889083e+04
   7.1800000e+02  -7.9620147e+03   2.1954314e+04
   7.1900000e+02   2.2405220e+04  -1.2821900e+04
   7.2000000e+02   1.9849224e+04  -2.8147481e+04
   7.2100000e+02  -8.2216000e+03  -1.1124100e+04
   7.2200000e+02  -1.2997232e+04   1.5556399e+04
   7.2300000e+02  -2.1444796e+03   1.9246827e+04
   7.2400000e+02   6.5080648e+03  -1.2771124e+04
   7.2500000e+02   5.3513064e+03  -4.0872861e+04
   7.2600000e+02  -1.3518303e+04  -2.3313157e+04
   7.2700000e+02  -1.6701315e+04   1.9219849e+04
   7.2800000e+02   1.0010224e+04   3.7329509e+04
   7.2900000e+02   1.3364709e+04   1.4075645e+04
   7.3000000e+02  -1.2998742e+04  -2.3230266e+04
   7.3100000e+02  -1.8295138e+04  -2.6909900e+04
   7.3200000e+02  -1.2657151e+03   1.2759042e+02
   7.3300000e+02   6.4919974e+03   6.6156436e+03
   7.3400000e+02   2.1970138e+02  -1.1307787e+04
   7.3500000e+02  -1.0316300e+04  -1.8829939e+04
   7.3600000e+02  -8.2186439e+03  -1.2662866e+04
   7.3700000e+02   2.1208989e+04  -8.5992187e+03
   7.3800000e+02   4.2837429e+04  -3.7308637e+03
   7.3900000e+02   1.9762538e+04   4.9373012e+03
   7.4000000e+02  -1.5551950e+04   7.9219096e+03
   7.4100000e+02  -2.4900258e+04   7.5758142e+03
   7.4200000e+02   3.8533956e+03   5.8109060e+03
   7.4300000e+02   4.4928443e+04   5.1891888e+03
   7.4400000e+02   2.5732052e+04   8.1789175e+03
   7.4500000e+02  -3.6807353e+04  -8.4982170e+01
   7.4600000e+02  -3.9391663e+04  -3.7866877e+03
   7.4700000e+02   1.7985006e+04   1.0246977e+04
   7.4800000e+02   4.4476965e+04   2.5250531e+03
   7.4900000e+02   6.8881762e+03  -2.4530221e+04
   7.5000000e+02  -4.0256187e+04  -2.4642637e+04
   7.5100000e+02  -3.1167647e+04   1.2678239e+03
   7.5200000e+02   2.2585076e+04   2.1629889e+04
   7.5300000e+02   4.4026495e+04   1.7552586e+04
   7.5400000e+02   1.1870368e+04  -9.7437663e+03
   7.5500000e+02  -1.7540109e+04  -2.5813110e+04
   7.5600000e+02  -1.3662887e+04  -1.7664385e+03
   7.5700000e+02   1.2405585e+04   2.3229043e+04
   7.5800000e+02   3.4084662e+04   1.6028977e+04
   7.5900000e+02   2.2262319e+04   4.9272224e+03
   7.6000000e+02  -2.1622006e+03  -5.2452662e+03
   7.6100000e+02  -2.7417162e+03  -1.7450003e+04
   7.6200000e+02   1.0688251e+04  -3.5437736e+03
   7.6300000e+02   1.4736139e+04   2.5309704e+04
   7.6400000e+02  -2.5884012e+03   2.5631457e+04
   7.6500000e+02  -2.9702151e+04  -6.4018019e+03
   7.6600000e+02  -2.4883026e+04  -2.7863651e+04
   7.6700000e+02   1.4189928e+04  -7.8523771e+03
   7.6800000e+02   2.3043593e+04   2.4190777e+04
   7.6900000e+02  -9.7342759e+03   1.9631393e+04
   7.7000000e+02  -2.4433773e+04  -8.6975878e+03
   7.7100000e+02  -1.3981646e+04  -6.6003876e+03
   7.7200000e+02   3.8948055e+03   1.7327295e+04
   7.7300000e+02   2.3963762e+04   1.4101311e+04
   7.7400000e+02   1.3470888e+04  -9.9478935e+03
   7.7500000e+02  -1.7812960e+04  -1.8798123e+04
   7.7600000e+02  -2.1277255e+04  -6.0429960e+01
   7.7700000e+02   1.8716022e+03   2.5288209e+04
   7.7800000e+02   1.6188552e+04   2.5657463e+04
   7.7900000e+02  -3.0515015e+02   4.3455238e+03
   7.8000000e+02  -2.3427910e+04  -1.1337905e+04
   7.8100000e+02  -1.1127872e+04  -1.3215803e+04
   7.8200000e+02   2.1652557e+04  -8.6319444e+03
   7.8300000e+02   1.5627352e+04   5.3174599e+03
   7.8400000e+02  -3.2350091e+04   1.5343383e+04
   7.8500000e+02  -4.8717438e+04   1.0372302e+03
   7.8600000e+02  -1.2126329e+04  -7.0653339e+03
   7.8700000e+02   1.7963661e+04   6.1460456e+03
   7.8800000e+02   1.3998926e+04   7.5867771e+03
   7.8900000e+02  -7.0296949e+03  -7.4332960e+03
   7.9000000e+02  -2.0261882e+04  -2.1019722e+04
   7.9100000e+02  -7.6112295e+03  -8.1981557e+03
   7.9200000e+02   1.2737759e+04   3.0186834e+04
   7.9300000e+02   1.0867672e+04   3.6210735e+04
   7.9400000e+02  -6.1188641e+03  -5.4190012e+03
   7.9500000e+02  -1.4856083e+04  -4.0623496e+04
   7.9600000e+02  -8.3149694e+03  -4.0830159e+04
   7.9700000e+02   9.7774813e+03  -1.5532133e+04
   7.9800000e+02   1.0556598e+04   1.9047414e+04
   7.9900000e+02  -2.1179336e+04   3.1373798e+04
   8.0000000e+02  -3.5098212e+04   5.8443189e+03
   8.0100000e+02  -9.3166571e+03  -2.5304933e+04
   8.0200000e+02   1.7822715e+04  -3.5239538e+04
   8.0300000e+02   2.4975760e+04  -1.4252606e+04
   8.0400000e+02   8.1603353e+03   2.6979454e+04
   8.0500000e+02  -1.1704927e+04   3.4230211e+04
   8.0600000e+02  -8.2000682e+03   4.7651316e+03
   8.0700000e+02   1.8428452e+03  -1.0968310e+04
   8.0800000e+02   6.1128999e+03  -1.0399281e+04
   8.0900000e+02   1.2439909e+04  -1.6100003e+03
   8.1000000e+02   1.2720783e+04   6.8377575e+03
   8.1100000e+02   4.8882846e+03  -9.7863921e+03
   8.1200000e+02   3.2853400e+03  -2.1758971e+04
   8.1300000e+02   5.4566871e+03   8.0762157e+03
   8.1400000e+02   1.1473573e+03   3.0530925e+04
   8.1500000e+02  -4.3791685e+03   5.7296500e+03
   8.1600000e+02  -1.1830205e+04  -2.1989144e+04
   8.1700000e+02  -1.3122253e+04  -2.2836837e+04
   8.1800000e+02   8.4987623e+03  -6.9432849e+03
   8.1900000e+02   2.6935167e+04   1.2147670e+04
   8.2000000e+02   1.7620102e+04   1.2491828e+04
   8.2100000e+02   8.5984318e+02  -4.9354120e+01
   8.2200000e+02  -4.0307938e+03  -9.7739633e+03
   8.2300000e+02   5.1144979e+03  -1.4034598e+04
   8.2400000e+02   8.9794919e+03   1.6737375e+02
   8.2500000e+02  -1.0388399e+04   1.0507264e+04
   8.2600000e+02  -1.6857527e+04  -9.5135355e+03
   8.2700000e+02   1.1905264e+04  -2.6786446e+04
   8.2800000e+02   1.6503570e+04  -1.3378676e+04
   8.2900000e+02  -2.0244693e+04   1.3446200e+04
   8.3000000e+02  -3.0166563e+04   2.3260592e+04
   8.3100000e+02  -5.3328851e+03   5.1728813e+03
   8.3200000e+02   1.1168883e+04  -1.5678245e+04
   8.3300000e+02   2.1677593e+04  -5.8511812e+03
   8.3400000e+02   3.1429657e+04   1.8780327e+04
   8.3500000e+02   2.4376127e+04   1.5210181e+04
   8.3600000e+02   2.1746813e+03  -1.1314806e+03
   8.3700000e+02  -8.9580322e+03   1.4074839e+03
   8.3800000e+02   5.6309724e+03   8.0512526e+03
   8.3900000e+02   2.3981773e+04   3.1643721e+03
   8.4000000e+02   2.4651800e+04  -1.4298331e+04
   8.4100000e+02   6.9675526e+03  -2.2598313e+04
   8.4200000e+02  -1.8974255e+04   6.3580286e+02
   8.4300000e+02  -3.4545174e+04   1.4667401e+04
   8.4400000e+02  -2.9011276e+04  -9.7778133e+03
   8.4500000e+02  -8.4719129e+03  -1.5734600e+04
   8.4600000e+02   5.6989189e+03   2.2235454e+04
   8.4700000e+02   3.1243048e+03   3.4248408e+04
   8.4800000e+02  -1.5725728e+03  -2.7884823e+03
   8.4900000e+02  -5.3449802e+03  -2.2858231e+04
   8.5000000e+02  -8.5007599e+03  -4.9477481e+02
   8.5100000e+02   4.5739241e+03   2.8586167e+04
   8.5200000e+02   2.8901231e+04   3.0264875e+04
   8.5300000e+02   3.3426690e+04   5.0600703e+03
   8.5400000e+02   3.5244026e+03  -1.2140426e+04
   8.5500000e+02  -3.4885070e+04  -1.1058070e+04
   8.5600000e+02  -3.8693987e+04  -1.1334161e+04
   8.5700000e+02   5.6289400e+00  -1.1798643e+04
   8.5800000e+02   3.3173120e+04  -2.9387111e+03
   8.5900000e+02   2.3045015e+04   1.4284383e+03
   8.6000000e+02  -4.6648471e+03  -1.0201081e+04
   8.6100000e+02  -1.8524531e+04  -1.5524778e+04
   8.6200000e+02  -1.7661671e+04   3.6544386e+03
   8.6300000e+02  -1.3565934e+04   2.9901409e+04
   8.6400000e+02  -1.9751071e+04   2.9431084e+04
   8.6500000e+02  -2.0603100e+04  -3.3691766e+03
   8.6600000e+02   3.6877948e+03  -1.6503472e+04
   8.6700000e+02   2.5428385e+04   1.1467653e+04
   8.6800000e+02   1.6147960e+04   2.8399932e+04
   8.6900000e+02  -7.9897378e+03   1.1772828e+04
   8.7000000e+02  -1.8468887e+04  -1.2407566e+04
   8.7100000e+02  -6.4022548e+03  -1.9329616e+04
   8.7200000e+02   1.2986015e+04  -2.0747610e+03
   8.7300000e+02   1.4305999e+04   1.0693931e+04
   8.7400000e+02   1.7036619e+03  -5.4877687e+03
   8.7500000e+02  -4.4452188e+02  -1.5853973e+04
   8.7600000e+02  -2.0705359e+03   4.9562867e+03
   8.7700000e+02  -1.2895032e+04   1.3851135e+04
   8.7800000e+02  -1.5202920e+04   8.1942401e+02
   8.7900000e+02  -1.5647751e+04  -7.8592649e+02
   8.8000000e+02  -2.0809175e+04  -7.6679062e+03
   8.8100000e+02  -1.2354981e+04  -2.1329180e+04
   8.8200000e+02   1.2945589e+03  -4.1797014e+03
   8.8300000e+02   2.7441265e+03   3.0221248e+04
   8.8400000e+02   1.3292900e+03   3.6139839e+04
   8.8500000e+02  -2.8335245e+03   4.3546910e+02
   8.8600000e+02  -8.9187857e+03  -4.2561958e+04
   8.8700000e+02   5.8793319e+03  -4.3792777e+04
   8.8800000e+02   3.0575283e+04   3.2178509e+03
   8.8900000e+02   3.1518518e+04   3.7052318e+04
   8.9000000e+02   8.8328461e+03   6.1356468e+03
   8.9100000e+02  -2.0413112e+04  -3.4707272e+04
   8.9200000e+02  -2.8985143e+04  -2.2672953e+04
   8.9300000e+02  -5.5612638e+03   1.1112991e+04
   8.9400000e+02   1.4797679e+04   1.6785615e+04
   8.9500000e+02   1.0496607e+04  -1.1535694e+04
   8.9600000e+02  -6.6608967e+03  -2.6995764e+04
   8.9700000e+02  -2.6507633e+04  -2.3664295e+03
   8.9800000e+02  -3.0817077e+04   1.6035663e+04
   8.9900000e+02  -5.8156683e+02   1.3748585e+04
   9.0000000e+02   3.9307823e+04   1.6396895e+04
   9.0100000e+02   3.8359908e+04   4.6307714e+03
   9.0200000e+02  -1.1579979e+03  -2.2680662e+04
   9.0300000e+02  -2.5945958e+04  -1.7022608e+04
   9.0400000e+02  -5.3786640e+03   1.0629091e+04
   9.0500000e+02   3.0922023e+04   6.5012944e+03
   9.0600000e+02   3.0414756e+04  -1.3840329e+04
   9.0700000e+02   1.6150886e+03  -1.5899785e+04
   9.0800000e+02  -7.4133282e+03  -4.9642314e+03
   9.0900000e+02   4.0834087e+03   1.6985217e+03
   9.1000000e+02   9.7726930e+03  -1.5685326e+04
   9.1100000e+02   4.5095515e+02  -2.8935093e+04
   9.1200000e+02  -1.2426915e+04  -1.2991824e+03
   9.1300000e+02  -6.4158480e+03   2.2655655e+04
   9.1400000e+02   1.7453988e+04   1.0313358e+04
   9.1500000e+02   2.4127359e+04  -4.5407682e+03
   9.1600000e+02   8.0260887e+02  -4.4610857e+03
   9.1700000e+02  -1.4146835e+04   5.5715840e+02
   9.1800000e+02  -3.9287675e+03   6.5660414e+03
   9.1900000e+02   1.3781329e+04   1.1117773e+04
   9.2000000e+02   2.8693414e+04   1.2779036e+04
   9.2100000e+02   1.4941306e+04   9.5558003e+03
   9.2200000e+02  -1.3366532e+04  -5.9889534e+03
   9.2300000e+02   5.5230844e+02  -1.3225119e+04
   9.2400000e+02   2.6201349e+04   7.2002629e+03
   9.2500000e+02   9.8281209e+03   2.0461504e+04
   9.2600000e+02  -1.3776145e+04   1.1268796e+04
   9.2700000e+02  -1.3420524e+04  -5.1933507e+02
   9.2800000e+02  -9.4068075e+03  -1.0151001e+04
   9.2900000e+02  -7.3769217e+03  -3.5629258e+03
   9.3000000e+02  -1.6368326e+03   9.8974867e+03
   9.3100000e+02  -1.8017290e+03  -6.3833864e+03
   9.3200000e+02  -1.0086954e+04  -2.6498652e+04
   9.3300000e+02  -1.9541431e+04  -9.2756682e+02
   9.3400000e+02  -1.2055597e+04   4.0212979e+04
   9.3500000e+02   1.7625026e+04   3.6343609e+04
   9.3600000e+02   2.8514213e+04  -6.3513990e+03
   9.3700000e+02   1.1471872e+04  -3.0136631e+04
   9.3800000e+02  -4.1180273e+03   8.0198924e+03
   9.3900000e+02  -2.1096372e+04   6.4412930e+04
   9.4000000e+02  -2.1766729e+04   4.4032607e+04
   9.4100000e+02   1.2542337e+04  -2.7675138e+04
   9.4200000e+02   2.3862161e+04  -4.2820274e+04
   9.4300000e+02  -2.1948046e+04   8.4882256e+02
   9.4400000e+02  -5.5430285e+04   2.8846438e+04
   9.4500000e+02  -3.1085411e+04   4.9138240e+03
   9.4600000e+02  -3.5293064e+03  -3.7015142e+04
   9.4700000e+02  -5.5387485e+03  -3.4547339e+04
   9.4800000e+02  -1.2084559e+04   7.4091508e+03
   9.4900000e+02  -1.0030073e+04   2.2790609e+04
   9.5000000e+02   5.1449937e+03  -5.2081219e+02
   9.5100000e+02   1.5461633e+04  -1.4343115e+04
   9.5200000e+02   5.9659288e+03  -1.1292906e+03
   9.5300000e+02   2.4715145e+03   2.1677425e+04
   9.5400000e+02   5.7331028e+03   2.8306962e+04
   9.5500000e+02   7.2597129e+03   2.4433223e+03
   9.5600000e+02   1.8477562e+04  -1.9938687e+04
   9.5700000e+02   1.6805281e+04  -4.7912353e+03
   9.5800000e+02  -3.7680879e+03   1.9240994e+04
   9.5900000e+02  -4.2751599e+03   1.5113115e+04
   9.6000000e+02   4.6675740e+03  -1.6440681e+04
   9.6100000e+02  -1.0248889e+04  -3.7360000e+04
   9.6200000e+02  -2.5605834e+04  -1.7271401e+04
   9.6300000e+02  -2.5509904e+04   1.3739506e+04
   9.6400000e+02  -1.9016579e+04   1.4611664e+03
   9.6500000e+02  -8.8488199e+02  -3.8159572e+04
   9.6600000e+02   8.0391722e+03  -3.7440158e+04
   9.6700000e+02  -4.7808322e+03  -3.2097664e+03
   9.6800000e+02  -1.0495083e+04   1.4460650e+04
   9.6900000e+02  -5.9820014e+03   1.1375689e+04
   9.7000000e+02  -3.4950481e+03  -5.6933431e+03
   9.7100000e+02   3.8523106e+03  -1.1925075e+04
   9.7200000e+02   2.2102422e+04   8.8489075e+03
   9.7300000e+02   3.9043200e+04   1.5666190e+04
   9.7400000e+02   2.9716006e+04  -2.8849545e+03
   9.7500000e+02  -1.6815426e+03  -1.0884185e+04
   9.7600000e+02  -1.7884318e+04  -6.3663760e+02
   9.7700000e+02  -2.4332932e+03   5.9326779e+03
   9.7800000e+02   1.7721113e+04  -2.6311486e+03
   9.7900000e+02   1.4261426e+04  -1.4696378e+04
   9.8000000e+02  -5.9644823e+03  -1.5148862e+04
   9.8100000e+02  -1.8726951e+04  -5.2542402e+03
   9.8200000e+02  -6.5211641e+03   9.6380393e+02
   9.8300000e+02   1.1629686e+04   8.1252414e+03
   9.8400000e+02   5.8760757e+03   1.8396870e+04
   9.8500000e+02  -2.5405981e+03   4.6151094e+03
   9.8600000e+02   5.8334695e+03  -1.4308774e+04
   9.8700000e+02   1.3045091e+04   2.7648489e+03
   9.8800000e+02   1.2452155e+04   2.2509478e+04
   9.8900000e+02   9.4685751e+03   8.4297931e+03
   9.9000000e+02   2.8888895e+03  -5.1821474e+03
   9.9100000e+02  -5.1245354e+03   1.0472412e+04
   9.9200000e+02   3.1983223e+03   2.0712877e+04
   9.9300000e+02   1.6518591e+04  -1.4129127e+03
   9.9400000e+02   1.6942440e+03  -2.7482468e+04
   9.9500000e+02  -1.1766717e+04  -2.0104942e+04
   9.9600000e+02   3.6060295e+03   1.9148438e+04
   9.9700000e+02   1.6973881e+04   2.9486799e+04
   9.9800000e+02   1.2717552e+04  -7.9170216e+03
   9.9900000e+02  -2.0974679e+03  -2.0786347e+04
   1.0000000e+03  -8.4124752e+03   7.8109028e+02
   1.0010000e+03  -5.6500925e+02   6.8825141e+03
   1.0020000e+03  -2.7814159e+03  -4.4435911e+03
   1.0030000e+03  -4.4432101e+03  -1.7993857e+04
   1.0040000e+03   9.9982340e+03  -1.2537866e+04
   1.0050000e+03   9.3459029e+03   1.8689324e+04
   1.0060000e+03  -9.5520163e+03   3.3902137e+04
   1.0070000e+03  -1.2517026e+04   1.0475493e+04
   1.0080000e+03  -6.8419845e+03  -1.8814446e+04
   1.0090000e+03  -9.6605115e+03  -2.2578488e+04
   1.0100000e+03   1.0052894e+03  -1.5545935e+03
   1.0110000e+03   1.4450463e+04   2.2087343e+04
   1.0120000e+03   9.8035890e+02   1.7437544e+04
   1.0130000e+03  -8.9449468e+03  -7.2282668e+03
   1.0140000e+03   9.7099559e+02  -1.0595010e+04
   1.0150000e+03  -1.2663564e+03   3.8640715e+03
   1.0160000e+03  -1.2169279e+04   1.0122516e+04
   1.0170000e+03  -9.1448411e+03   3.8796869e+03
   1.0180000e+03  -1.1862911e+03  -8.5204081e+03
   1.0190000e+03   7.5701238e+02  -5.2741993e+03
   1.0200000e+03  -3.0418531e+03   1.8735479e+04
   1.0210000e+03  -1.0264490e+04   2.8206947e+04
   1.0220000e+03  -1.0702633e+04   1.0634454e+02
   1.0230000e+03  -5.4321644e+03  -3.4736586e+04
   1.0240000e+03  -1.1674815e+03  -3.0946334e+04
   1.0250000e+03   4.9881213e+03   9.5359063e+03
   1.0260000e+03   3.6581959e+03   3.7147999e+04
   1.0270000e+03  -1.1206061e+03   1.1888266e+04
   1.0280000e+03   2.5558106e+03  -2.4864500e+04
   1.0290000e+03  -5.3733100e+03  -1.1076093e+04
   1.0300000e+03  -1.9559525e+04   1.6536759e+04
   1.0310000e+03  -1.1819874e+04   8.8971766e+03
   1.0320000e+03   2.2011327e+02  -1.0279717e+04
   1.0330000e+03  -3.2129940e+03  -1.2220898e+04
   1.0340000e+03  -5.4008692e+03   6.7859362e+03
   1.0350000e+03   3.5869898e+03   2.2603360e+04
   1.0360000e+03   1.3188457e+04   8.9398498e+03
   1.0370000e+03   6.4400589e+03  -1.2977678e+04
   1.0380000e+03  -2.2836897e+04  -1.3636845e+04
   1.0390000e+03  -3.1973611e+04  -4.6616027e+03
   1.0400000e+03   1.1211430e+04   3.0152661e+03
   1.0410000e+03   4.0460814e+04   1.5800416e+04
   1.0420000e+03   1.0014706e+04   1.0455331e+04
   1.0430000e+03  -2.2069729e+04  -1.4167914e+04
   1.0440000e+03  -1.8759008e+04  -1.3039373e+04
   1.0450000e+03  -2.9457334e+03   1.7193785e+03
   1.0460000e+03   1.9654821e+03  -1.7378275e+03
   1.0470000e+03  -4.0238600e+03  -6.2808551e+03
   1.0480000e+03   1.2063154e+03  -5.9327223e+03
   1.0490000e+03   1.2896055e+04  -2.4960166e+03
   1.0500000e+03   4.4496320e+03   5.0047298e+03
   1.0510000e+03  -2.6733331e+03  -5.5507828e+02
   1.0520000e+03   7.6535134e+03  -1.1029739e+04
   1.0530000e+03  -2.3436424e+03  -6.8239154e+03
   1.0540000e+03  -1.4562280e+04  -6.0389971e+03
   1.0550000e+03   1.2365769e+04  -9.0700280e+03
   1.0560000e+03   2.6718934e+04   7.7856706e+03
   1.0570000e+03   8.2052817e+03   1.7293823e+04
   1.0580000e+03   5.3158637e+03  -1.8575747e+03
   1.0590000e+03   8.0268663e+03  -1.6349822e+04
   1.0600000e+03  -3.6800087e+02  -1.1008647e+04
   1.0610000e+03  -1.1173918e+02   5.1226034e+03
   1.0620000e+03   4.9476065e+03   1.4173388e+04
   1.0630000e+03   4.4261782e+03   4.6575286e+02
   1.0640000e+03   1.2761353e+03  -1.2397513e+04
   1.0650000e+03  -2.2823102e+03  -4.3446386e+03
   1.0660000e+03   6.8295509e+02   5.4552500e+03
   1.0670000e+03   1.1942895e+04  -1.1600316e+02
   1.0680000e+03   6.8771575e+03  -1.1146530e+04
   1.0690000e+03  -1.5582459e+04  -1.3282949e+04
   1.0700000e+03  -1.1940142e+04  -7.2734584e+03
   1.0710000e+03   1.0645195e+04  -3.4927152e+02
   1.0720000e+03   9.0821062e+03  -1.8570296e+03
   1.0730000e+03  -3.7453001e+03  -3.4806662e+03
   1.0740000e+03   4.3991349e+03   5.3857964e+03
   1.0750000e+03   2.6876800e+04   8.9832865e+03
   1.0760000e+03   2.2121860e+04   1.3630231e+04
   1.0770000e+03  -2.3446459e+04   2.3687044e+04
   1.0780000e+03  -5.0489474e+04   6.8961456e+03
   1.0790000e+03  -9.7061126e+03  -2.4553630e+04
   1.0800000e+03   4.9952062e+04  -2.1437715e+04
   1.0810000e+03   4.3678599e+04   1.3077659e+04
   1.0820000e+03  -1.4089045e+04   2.9678178e+04
   1.0830000e+03  -3.3677571e+04   1.1002616e+04
   1.0840000e+03   2.0739965e+02  -1.5903316e+04
   1.0850000e+03   2.0965812e+04  -2.5939188e+04
   1.0860000e+03  -4.1213407e+03  -7.9293440e+03
   1.0870000e+03  -2.8320869e+04   1.2274594e+04
   1.0880000e+03  -1.1727547e+04   3.6060454e+03
   1.0890000e+03   1.4633019e+04  -7.2460342e+03
   1.0900000e+03   1.9027693e+04   7.0632087e+02
   1.0910000e+03   4.9390513e+03   9.0857235e+03
   1.0920000e+03  -1.3776723e+04   9.4436527e+03
   1.0930000e+03  -1.3833086e+04   9.1755026e+03
   1.0940000e+03   3.4605617e+03   1.3391335e+04
   1.0950000e+03   4.4781152e+03   1.1514525e+04
   1.0960000e+03  -9.9777301e+03  -2.4682801e+03
   1.0970000e+03  -6.1453090e+03  -1.1071672e+04
   1.0980000e+03   5.7306021e+03  -1.8435727e+02
   1.0990000e+03   1.2535320e+00   1.5729089e+04
   1.1000000e+03  -6.9017690e+03   1.4316358e+04
   1.1010000e+03  -5.0006091e+03  -3.4910875e+02
   1.1020000e+03   1.5436344e+03  -1.2965309e+04
   1.1030000e+03   5.2354115e+03  -7.8935884e+03
   1.1040000e+03  -1.2762969e+04   1.0793549e+04
   1.1050000e+03  -2.9569254e+04   5.7569998e+03
   1.1060000e+03  -1.3770252e+04  -1.3095172e+04
   1.1070000e+03   8.4188190e+03  -3.8673706e+03
   1.1080000e+03   1.0120224e+04   1.6855208e+04
   1.1090000e+03   2.1747260e+03   1.8677984e+04
   1.1100000e+03  -3.7356551e+03   2.5905042e+03
   1.1110000e+03  -7.3711235e+03  -1.7176108e+04
   1.1120000e+03  -1.2319201e+03  -1.8573835e+04
   1.1130000e+03   1.1332674e+04   4.2996729e+03
   1.1140000e+03   1.4698685e+04   1.6517096e+04
   1.1150000e+03   1.0000576e+04   2.0702919e+03
   1.1160000e+03  -5.9696165e+03   9.6214806e+02
   1.1170000e+03  -1.9911653e+04   1.0794120e+04
   1.1180000e+03  -3.5304852e+03  -3.7983837e+03
   1.1190000e+03   1.1808459e+04  -1.9829926e+04
   1.1200000e+03  -3.0617837e+03  -1.2485434e+04
   1.1210000e+03  -1.6595297e+04   9.6627949e+03
   1.1220000e+03  -1.3389142e+04   1.9706507e+04
   1.1230000e+03  -4.4517021e+03  -4.2036725e+03
   1.1240000e+03   4.8203445e+03  -2.2523625e+04
   1.1250000e+03   4.4397948e+03   9.2031356e+02
   1.1260000e+03  -3.3733406e+03   2.3879751e+04
   1.1270000e+03  -1.3807649e+03   1.3038775e+03
   1.1280000e+03   2.8730182e+03  -3.3856569e+04
   1.1290000e+03   2.5948634e+03  -2.4373625e+04
   1.1300000e+03   1.0829494e+04   1.6480099e+04
   1.1310000e+03   9.5005537e+03   3.2923800e+04
   1.1320000e+03  -5.9712750e+03   1.6799200e+03
   1.1330000e+03  -2.3756099e+02  -3.7050679e+04
   1.1340000e+03   1.8689457e+04  -3.2214245e+04
   1.1350000e+03   1.8413601e+04  -4.9066373e+03
   1.1360000e+03  -4.1538103e+03   1.5107547e+04
   1.1370000e+03  -2.8176598e+04   2.4251443e+04
   1.1380000e+03  -1.8827351e+04   6.6204198e+02
   1.1390000e+03   1.4250487e+04  -3.3546280e+04
   1.1400000e+03   1.3429278e+04  -2.9195485e+04
   1.1410000e+03  -1.4942761e+04   2.2478653e+03
   1.1420000e+03  -6.8482944e+03   2.3161450e+04
   1.1430000e+03   1.8205258e+04   1.7689319e+04
   1.1440000e+03   4.7020989e+03  -8.7228137e+03
   1.1450000e+03  -1.1790782e+04  -2.8710348e+04
   1.1460000e+03  -3.7247149e+03  -1.5390202e+04
   1.1470000e+03   1.3144072e+03   7.4760060e+03
   1.1480000e+03   7.6154402e+03   1.8086158e+03
   1.1490000e+03   1.6534062e+04  -1.3689418e+04
   1.1500000e+03   9.6015727e+03  -1.0373416e+04
   1.1510000e+03  -3.8899243e+03   9.9057288e+03
   1.1520000e+03  -6.5671473e+03   2.6566637e+04
   1.1530000e+03   2.7210213e+03   1.3738815e+04
   1.1540000e+03   1.4003909e+04  -9.3740016e+03
   1.1550000e+03   1.8067455e+04  -3.4617508e+03
   1.1560000e+03   1.3413679e+04   1.5998363e+04
   1.1570000e+03   2.9859303e+03   1.6321678e+04
   1.1580000e+03  -8.6358177e+03   5.6333275e+03
   1.1590000e+03  -9.1690577e+03  -1.1706002e+03
   1.1600000e+03   6.1950882e+03  -6.6420561e+03
   1.1610000e+03   8.0266075e+03  -1.0474051e+04
   1.1620000e+03  -1.2323629e+04  -1.2892281e+04
   1.1630000e+03  -1.5486986e+04  -3.6100738e+03
   1.1640000e+03   4.3417933e+03   1.7483416e+04
   1.1650000e+03   1.6970021e+04   1.3468001e+04
   1.1660000e+03   1.1627165e+04  -7.9058603e+03
   1.1670000e+03  -7.5916631e+03  -4.2214389e+03
   1.1680000e+03  -1.9700670e+04   7.8168661e+03
   1.1690000e+03  -4.9741381e+02   2.3771883e+03
   1.1700000e+03   2.1828945e+04   4.7737099e+02
   1.1710000e+03   9.4162417e+03   1.8672168e+04
   1.1720000e+03  -8.6516695e+03   2.7545038e+04
   1.1730000e+03  -8.9359517e+03   6.2876361e+03
   1.1740000e+03  -5.1396158e+03  -1.3211281e+04
   1.1750000e+03   5.4130068e+03  -6.7750577e+03
   1.1760000e+03   6.1803848e+03   1.1515913e+04
   1.1770000e+03  -6.6813341e+03   1.6022349e+04
   1.1780000e+03  -8.2670930e+01   2.0526077e+03
   1.1790000e+03   1.0067221e+04  -9.6197485e+03
   1.1800000e+03   1.6374475e+03  -1.1840444e+04
   1.1810000e+03  -4.7456322e+03   1.1934500e+03
   1.1820000e+03   6.7021531e+02   2.1159720e+04
   1.1830000e+03   7.9012342e+03   6.5976517e+03
   1.1840000e+03  -5.2974200e+00  -2.6297557e+04
   1.1850000e+03  -1.8591967e+04  -1.9574473e+04
   1.1860000e+03  -1.6585666e+04   1.2964009e+04
   1.1870000e+03   4.7618912e+03   2.2582089e+04
   1.1880000e+03   5.4937178e+03   8.5363979e+03
   1.1890000e+03  -1.4522921e+04  -9.5874597e+03
   1.1900000e+03  -1.2340273e+04  -2.0248508e+04
   1.1910000e+03   1.1539409e+03  -9.5713123e+03
   1.1920000e+03  -9.7589717e+03   5.9944950e+03
   1.1930000e+03  -2.5861763e+04   6.2689236e+03
   1.1940000e+03  -2.3612265e+04   7.5180385e+03
   1.1950000e+03  -3.6221495e+03   4.4680677e+03
   1.1960000e+03   1.3848355e+04  -6.3543382e+03
   1.1970000e+03   3.3879162e+03  -4.9244958e+02
   1.1980000e+03  -1.1304631e+04   9.3211910e+03
   1.1990000e+03  -3.3310102e+03   5.2564585e+03
   1.2000000e+03   6.1298127e+03  -2.0501205e+03
   1.2010000e+03   8.6914636e+03  -1.0201092e+04
   1.2020000e+03   1.4323577e+04  -1.4097558e+04
   1.2030000e+03   8.5703044e+03  -1.0880928e+04
   1.2040000e+03  -5.4163278e+03  -1.9393227e+04
   1.2050000e+03  -2.1957110e+03  -2.6558268e+04
   1.2060000e+03  -1.0981110e+03   3.5574213e+03
   1.2070000e+03  -1.7238642e+04   3.3015292e+04
   1.2080000e+03  -1.8724776e+04   8.5034377e+03
   1.2090000e+03   1.3174263e+03  -3.3464808e+04
   1.2100000e+03   2.0925110e+04  -3.3365806e+04
   1.2110000e+03   1.5697493e+04   1.0666136e+04
   1.2120000e+03  -1.7080922e+04   3.9047694e+04
   1.2130000e+03  -2.8523315e+04   1.2318670e+04
   1.2140000e+03  -3.3296592e+02  -1.9191562e+04
   1.2150000e+03   1.7698076e+04  -1.6986120e+04
   1.2160000e+03   5.6204142e+03  -5.4297212e+03
   1.2170000e+03  -2.1782112e+03   4.1480119e+03
   1.2180000e+03   1.0597148e+04   9.1378070e+03
   1.2190000e+03   2.0883522e+04  -2.1245535e+03
   1.2200000e+03   1.0086324e+04  -1.0289792e+04
   1.2210000e+03  -1.5207883e+04   9.7266538e+03
   1.2220000e+03  -2.4940777e+04   2.2329539e+04
   1.2230000e+03   3.8939447e+03  -4.4862092e+03
   1.2240000e+03   3.8966991e+04  -2.3114812e+04
   1.2250000e+03   3.7864856e+04   1.9888905e+03
   1.2260000e+03   6.5419481e+03   3.0861917e+04
   1.2270000e+03  -2.5199827e+04   1.6058164e+04
   1.2280000e+03  -2.2673758e+04  -2.4849895e+04
   1.2290000e+03   1.9819710e+04  -3.1737659e+04
   1.2300000e+03   4.2585073e+04  -1.5989896e+03
   1.2310000e+03   4.2712993e+03   1.6669407e+04
   1.2320000e+03  -4.0657541e+04   6.6347886e+03
   1.2330000e+03  -3.3627075e+04  -1.4244211e+04
   1.2340000e+03   5.8891155e+03  -2.1995615e+04
   1.2350000e+03   2.7009085e+04  -1.4662007e+02
   1.2360000e+03   5.4291106e+03   2.9242036e+04
   1.2370000e+03  -2.5361712e+04   2.1277194e+04
   1.2380000e+03  -1.6630777e+04  -9.7244382e+03
   1.2390000e+03   1.9590221e+04  -1.0542514e+04
   1.2400000e+03   4.2514310e+04   1.1383820e+04
   1.2410000e+03   3.2430784e+04   2.1361807e+04
   1.2420000e+03  -1.1823415e+03   1.3102317e+04
   1.2430000e+03  -1.4332353e+04  -8.9946599e+03
   1.2440000e+03   1.4154740e+04  -2.4375461e+04
   1.2450000e+03   3.6818341e+04  -1.3033027e+04
   1.2460000e+03   9.0628294e+03   8.0997214e+03
   1.2470000e+03  -3.5579287e+04   9.3423645e+03
   1.2480000e+03  -3.4722488e+04  -4.1950447e+03
   1.2490000e+03   8.1367359e+03  -7.8984992e+03
   1.2500000e+03   2.7739199e+04   3.7476679e+03
   1.2510000e+03  -3.5668133e+03   1.5488056e+04
   1.2520000e+03  -3.1933301e+04   5.1293913e+03
   1.2530000e+03  -1.7623565e+04  -7.9201498e+03
   1.2540000e+03   1.0512428e+04   6.3766169e+03
   1.2550000e+03   2.1914922e+04   1.3130248e+04
   1.2560000e+03   1.1378018e+04  -1.6456317e+03
   1.2570000e+03  -9.3464532e+03  -2.8693561e+03
   1.2580000e+03  -1.9205560e+04   7.5044316e+03
   1.2590000e+03  -1.3224180e+04   9.3374529e+03
   1.2600000e+03  -1.4271070e+03  -3.7365295e+03
   1.2610000e+03   5.2593631e+03  -1.8363016e+04
   1.2620000e+03   4.6202352e+03  -9.6487837e+03
   1.2630000e+03  -7.3605561e+03   1.3791921e+04
   1.2640000e+03  -2.6624651e+04   1.7381953e+04
   1.2650000e+03  -2.0869294e+04  -3.1541964e+03
   1.2660000e+03   5.4641744e+03  -1.1012343e+04
   1.2670000e+03   9.1500318e+03   2.6552129e+03
   1.2680000e+03  -8.7709366e+03   9.5806063e+03
   1.2690000e+03  -1.7749118e+04   4.8076664e+03
   1.2700000e+03  -5.5502079e+03  -6.9242855e+03
   1.2710000e+03   8.5280908e+03  -1.2141199e+04
   1.2720000e+03   2.7891204e+02   3.2710737e+03
   1.2730000e+03  -1.3993146e+04   9.7860864e+03
   1.2740000e+03  -9.2218093e+03  -3.9302416e+03
   1.2750000e+03   3.2829710e+03  -3.4265359e+03
   1.2760000e+03   3.5719234e+03   8.7127726e+03
   1.2770000e+03   8.9974895e+02   4.6389279e+03
   1.2780000e+03   8.2030502e+03  -2.7791652e+03
   1.2790000e+03   1.1487280e+04  -5.3348230e+03
   1.2800000e+03  -2.2126843e+03  -1.5283517e+04
   1.2810000e+03  -2.5984841e+04  -6.9129028e+03
   1.2820000e+03  -3.0553058e+04   1.8045627e+04
   1.2830000e+03   6.9580872e+02   1.0287927e+04
   1.2840000e+03   2.3844095e+04  -1.9587021e+04
   1.2850000e+03   6.7232694e+03  -2.8199358e+04
   1.2860000e+03  -1.7481840e+04  -6.3472303e+03
   1.2870000e+03  -1.5480406e+04   2.3397327e+04
   1.2880000e+03   9.5319989e+03   2.0588315e+04
   1.2890000e+03   2.5026995e+04  -1.1296615e+04
   1.2900000e+03   9.4507902e+03  -2.0242187e+04
   1.2910000e+03  -6.1236069e+03   8.9912237e+03
   1.2920000e+03   8.4682089e+03   2.8525359e+04
   1.2930000e+03   2.6937170e+04   6.1449063e+03
   1.2940000e+03   1.9083539e+04  -1.8516899e+04
   1.2950000e+03  -3.8406346e+03  -5.6874536e+03
   1.2960000e+03  -2.1740019e+04   1.6500171e+04
   1.2970000e+03  -2.2793558e+04   5.7800868e+03
   1.2980000e+03  -7.4160953e+03  -1.9697149e+04
   1.2990000e+03   4.7970200e+03  -2.2290839e+04
   1.3000000e+03   4.9317418e+03  -1.1091376e+04
   1.3010000e+03  -2.4053678e+02   1.4169026e+03
   1.3020000e+03  -6.7236190e+03   1.1179856e+04
   1.3030000e+03  -5.8265152e+03  -5.0015219e+02
   1.3040000e+03   6.6698578e+03  -1.9826159e+04
   1.3050000e+03   1.5003373e+04  -1.3516001e+04
   1.3060000e+03   1.1947593e+04   1.1846675e+04
   1.3070000e+03   1.4476653e+04   2.2064953e+04
   1.3080000e+03   1.9997096e+04   3.8544326e+03
   1.3090000e+03   1.4221418e+04  -1.9405210e+04
   1.3100000e+03   6.7789100e+03  -1.5420635e+04
   1.3110000e+03  -6.0004154e+02   1.5808312e+04
   1.3120000e+03  -3.7017428e+03   2.4939362e+04
   1.3130000e+03   2.3481557e+03  -6.5292421e+03
   1.3140000e+03  -6.2290093e+03  -2.1871177e+04
   1.3150000e+03  -1.3916216e+04   1.5708322e+03
   1.3160000e+03   6.9168264e+03   2.2344655e+04
   1.3170000e+03   1.7744654e+04   8.8619525e+03
   1.3180000e+03  -1.3756038e+03  -2.5166144e+04
   1.3190000e+03  -1.8309917e+04  -3.0072732e+04
   1.3200000e+03  -1.3577541e+04   1.2359164e+03
   1.3210000e+03   1.1205441e+04   1.6934730e+04
   1.3220000e+03   3.3909690e+04   2.0472097e+03
   1.3230000e+03   2.8408358e+04  -1.0694998e+04
   1.3240000e+03   1.4962322e+03  -8.8459242e+03
   1.3250000e+03  -2.3536706e+04   2.0305213e+03
   1.3260000e+03  -2.5460632e+04   1.5009655e+04
   1.3270000e+03   6.5509526e+03   6.0811248e+03
   1.3280000e+03   2.9129381e+04  -1.2563603e+04
   1.3290000e+03  -2.9333109e+03   8.9559053e+02
   1.3300000e+03  -3.4294658e+04   2.1522626e+04
   1.3310000e+03  -7.1576700e+03   1.4645643e+04
   1.3320000e+03   2.2642614e+04   9.1748460e+01
   1.3330000e+03  -6.1147511e+02  -5.7048791e+03
   1.3340000e+03  -3.2966085e+04  -1.7549090e+03
   1.3350000e+03  -1.9470604e+04   4.5229074e+03
   1.3360000e+03   2.1915534e+04   3.1486733e+03
   1.3370000e+03   3.3426823e+04   1.9451848e+03
   1.3380000e+03  -5.6220848e+03   6.7496803e+03
   1.3390000e+03  -3.5145721e+04   3.3260474e+03
   1.3400000e+03  -2.8195904e+03  -6.8266753e+03
   1.3410000e+03   3.3430713e+04   2.9277593e+03
   1.3420000e+03   1.6718912e+04   1.7198295e+04
   1.3430000e+03  -1.4538735e+04   8.3314519e+03
   1.3440000e+03  -2.2752274e+04   1.8505316e+03
   1.3450000e+03  -1.1053253e+04   5.3473017e+03
   1.3460000e+03   9.9413666e+03   3.9760182e+03
   1.3470000e+03   1.6685999e+04   4.8262132e+03
   1.3480000e+03  -5.1995898e+03   4.2379241e+03
   1.3490000e+03  -2.6444150e+04   7.8181600e+01
   1.3500000e+03  -1.9535388e+04  -2.8191880e+03
   1.3510000e+03  -4.5549753e+03  -7.7026701e+03
   1.3520000e+03  -3.5991324e+02  -4.7410545e+03
   1.3530000e+03  -4.8708976e+03   8.4294802e+03
   1.3540000e+03  -1.5101290e+04   4.3713972e+03
   1.3550000e+03  -1.5796125e+04  -2.0417582e+04
   1.3560000e+03  -4.7542253e+03  -2.0871654e+04
   1.3570000e+03   6.3451115e+03   1.1156086e+04
   1.3580000e+03   1.5230812e+04   2.6655808e+04
   1.3590000e+03   9.0507448e+03   5.9018060e+03
   1.3600000e+03  -9.3554158e+03  -2.1540453e+04
   1.3610000e+03  -1.1585433e+04  -1.4709466e+04
   1.3620000e+03  -7.7511050e+02   1.9072653e+04
   1.3630000e+03   7.8682031e+01   2.5808990e+04
   1.3640000e+03  -1.6017396e+03   6.6781633e+02
   1.3650000e+03   1.5172078e+03  -2.1379863e+04
   1.3660000e+03  -4.8413856e+03  -2.7140449e+04
   1.3670000e+03  -1.1329770e+04  -1.0979786e+04
   1.3680000e+03  -6.3009211e+03   1.3864190e+04
   1.3690000e+03   2.3158170e+03   1.2799913e+04
   1.3700000e+03   1.3325632e+04  -9.9316054e+03
   1.3710000e+03   5.2564968e+03  -1.6479937e+04
   1.3720000e+03  -1.6739475e+04  -6.5439557e+03
   1.3730000e+03  -3.1534753e+03  -1.0202705e+03
   1.3740000e+03   2.2921064e+04  -3.6483890e+03
   1.3750000e+03   1.5482686e+04  -1.3619944e+04
   1.3760000e+03   5.5437157e+02  -6.7804361e+03
   1.3770000e+03   1.8621107e+03   2.2159530e+04
   1.3780000e+03   1.0370124e+04   2.1335449e+04
   1.3790000e+03   1.4416019e+04  -1.1985183e+04
   1.3800000e+03   5.5754165e+03  -1.9168638e+04
   1.3810000e+03  -4.3205967e+03   3.1902903e+02
   1.3820000e+03  -7.8814059e+02  -1.9225355e+03
   1.3830000e+03   1.3643929e+03  -2.1554367e+04
   1.3840000e+03  -3.8656953e+03  -1.5981882e+04
   1.3850000e+03  -1.6796620e+03   1.3234094e+04
   1.3860000e+03  -5.8033774e+03   2.4176728e+04
   1.3870000e+03  -1.7333153e+04  -3.9085430e+03
   1.3880000e+03  -2.8694146e+03  -2.9477831e+04
   1.3890000e+03   2.1410919e+04  -1.2441491e+04
   1.3900000e+03   1.5817641e+04   1.1623421e+04
   1.3910000e+03  -9.1260467e+03   1.4230360e+04
   1.3920000e+03  -2.0814018e+04   8.8529985e+03
   1.3930000e+03   1.0912658e+02  -1.3802278e+03
   1.3940000e+03   3.7308321e+04  -4.5065363e+03
   1.3950000e+03   4.1661830e+04   1.7088193e+03
   1.3960000e+03   3.6128519e+03  -3.7640726e+02
   1.3970000e+03  -1.9335710e+04  -4.0143342e+03
   1.3980000e+03   3.7796315e+03  -2.1347472e+03
   1.3990000e+03   2.9145142e+04  -5.8739410e+03
   1.4000000e+03   1.8658224e+04  -7.6634042e+03
   1.4010000e+03  -9.0130942e+03   9.4035553e+03
   1.4020000e+03  -1.5190617e+04   2.2755609e+04
   1.4030000e+03  -7.2253175e+02   6.6315400e+03
   1.4040000e+03   2.7233650e+03  -1.4864868e+04
   1.4050000e+03   1.0708770e+03  -1.2571264e+04
   1.4060000e+03   3.1937679e+03   1.5194472e+04
   1.4070000e+03  -1.3625087e+04   3.6008187e+04
   1.4080000e+03  -2.4917227e+04   1.6017142e+04
   1.4090000e+03   6.4262878e+03  -7.2751850e+03
   1.4100000e+03   3.5301969e+04   2.4286886e+03
   1.4110000e+03   1.4689088e+04   6.7661887e+03
   1.4120000e+03  -2.1491331e+04  -9.2032660e+03
   1.4130000e+03  -3.0420335e+04  -1.1245626e+04
   1.4140000e+03  -1.0036340e+04   1.2512223e+03
   1.4150000e+03   2.1349043e+04   6.7960138e+03
   1.4160000e+03   3.2848098e+04   5.1786695e+03
   1.4170000e+03   1.7589438e+04  -4.2568246e+03
   1.4180000e+03  -2.5870959e+03  -1.4172739e+04
   1.4190000e+03  -2.1960889e+04  -7.9879310e+03
   1.4200000e+03  -2.9350439e+04   3.9896045e+03
   1.4210000e+03  -1.0466876e+04   1.1745480e+04
   1.4220000e+03   7.7302132e+03   1.2098841e+04
   1.4230000e+03   4.3807228e+03  -2.8597528e+02
   1.4240000e+03  -5.1569928e+03  -4.8861975e+02
   1.4250000e+03  -1.9360431e+04   1.6805784e+04
   1.4260000e+03  -3.2824378e+04   1.2240733e+04
   1.4270000e+03  -1.7218946e+04  -7.3269471e+03
   1.4280000e+03   8.8477274e+03   2.3143951e+03
   1.4290000e+03   3.5456212e+03   1.8859419e+04
   1.4300000e+03  -1.3777654e+04   3.4465004e+02
   1.4310000e+03  -7.4541417e+03  -1.8766622e+04
   1.4320000e+03   1.2034299e+04  -9.3526173e+03
   1.4330000e+03   1.0596445e+04   3.9954307e+03
   1.4340000e+03  -1.4463848e+04   1.0819253e+04
   1.4350000e+03  -2.5855903e+04   7.5441354e+03
   1.4360000e+03  -1.1575518e+04  -4.3873647e+03
   1.4370000e+03   5.2605114e+03  -1.0069446e+04
   1.4380000e+03   1.4156520e+04  -1.4364513e+04
   1.4390000e+03   1.2080457e+04  -1.7046632e+04
   1.4400000e+03  -7.9348771e+03  -2.1738681e+03
   1.4410000e+03  -2.6017616e+04   1.8424455e+04
   1.4420000e+03  -9.3954706e+03   1.4560737e+04
   1.4430000e+03   1.2075873e+04  -1.0200284e+04
   1.4440000e+03   2.4252145e+02  -2.5998401e+04
   1.4450000e+03  -7.6379641e+03  -1.8160869e+04
   1.4460000e+03  -3.5383836e+02   9.9085645e+03
   1.4470000e+03  -3.9639410e+02   2.6203227e+04
   1.4480000e+03   1.0458080e+04   4.5846456e+03
   1.4490000e+03   1.5398755e+04  -1.9289286e+04
   1.4500000e+03  -8.9773786e+03  -9.0473396e+03
   1.4510000e+03  -1.7616079e+04   1.4957142e+04
   1.4520000e+03   2.8442621e+03   8.3870859e+03
   1.4530000e+03   1.4117489e+04  -2.8749645e+04
   1.4540000e+03   1.1220323e+04  -3.3080480e+04
   1.4550000e+03   3.4991765e+03   1.0646608e+04
   1.4560000e+03  -8.1173484e+03   2.8748404e+04
   1.4570000e+03  -7.8554558e+03  -6.4859458e+03
   1.4580000e+03   4.9230285e+03  -3.0928966e+04
   1.4590000e+03   1.2302921e+04  -1.4758382e+04
   1.4600000e+03   9.0004386e+03  -1.4013218e+02
   1.4610000e+03  -4.7893522e+03   4.3851123e+03
   1.4620000e+03  -9.0300821e+03   1.7939813e+04
   1.4630000e+03   1.1178434e+04   1.9780815e+04
   1.4640000e+03   2.5011853e+04  -5.2070076e+03
   1.4650000e+03   1.9029352e+04  -2.6645812e+04
   1.4660000e+03   1.5402014e+04  -7.7694015e+03
   1.4670000e+03   1.9058057e+04   2.6650113e+04
   1.4680000e+03   1.8733048e+04   1.4852242e+04
   1.4690000e+03   8.0543476e+03  -2.6449437e+04
   1.4700000e+03  -2.2647904e+03  -2.5525406e+04
   1.4710000e+03   3.5359068e+03   1.6377657e+04
   1.4720000e+03   1.1362613e+04   2.8237866e+04
   1.4730000e+03  -3.9248794e+03  -1.1187500e+04
   1.4740000e+03  -1.9436666e+04  -3.9474005e+04
   1.4750000e+03  -5.9217355e+03  -9.5274377e+03
   1.4760000e+03   9.5788935e+02   3.6681190e+04
   1.4770000e+03  -1.5494556e+04   2.5701450e+04
   1.4780000e+03  -1.2522726e+04  -1.8395976e+04
   1.4790000e+03   1.2165761e+04  -1.3186750e+04
   1.4800000e+03   2.1853462e+04   2.4672916e+04
   1.4810000e+03   8.9373758e+03   3.3858163e+04
   1.4820000e+03  -2.9837363e+03   1.0009138e+04
   1.4830000e+03   2.8782052e+03  -1.8461459e+04
   1.4840000e+03   9.1363999e+03  -1.3324256e+04
   1.4850000e+03  -6.1556049e+02   1.3669159e+04
   1.4860000e+03  -6.1927206e+03   8.4085486e+03
   1.4870000e+03   9.0720500e+03  -2.2029183e+04
   1.4880000e+03   1.6656530e+04  -2.5645432e+04
   1.4890000e+03  -2.4983871e+03   6.9514790e+03
   1.4900000e+03  -2.0435330e+04   3.1610639e+04
   1.4910000e+03  -2.4035911e+04   1.5840284e+04
   1.4920000e+03  -1.7037056e+04  -1.5163059e+04
   1.4930000e+03  -2.4060349e+03  -1.5029884e+04
   1.4940000e+03   1.4309217e+03   1.7192923e+04
   1.4950000e+03  -2.9874875e+03   3.0595175e+04
   1.4960000e+03  -7.1449354e+03   7.4939543e+03
   1.4970000e+03  -1.3349439e+04  -1.2801049e+04
   1.4980000e+03  -2.5492821e+03  -1.1788418e+04
   1.4990000e+03   1.8711926e+04   6.3584447e+02
   1.5000000e+03   1.1694678e+04   1.2616586e+04
   1.5010000e+03  -1.6635819e+04   3.7682980e+03
   1.5020000e+03  -2.0446907e+04  -2.0143455e+04
   1.5030000e+03   2.0248388e+03  -2.0335836e+04
   1.5040000e+03   7.0160520e+03   2.7281717e+03
   1.5050000e+03  -1.2870613e+04   1.4441816e+04
   1.5060000e+03  -2.5101342e+04   1.1934428e+04
   1.5070000e+03  -1.1262175e+04   1.3594098e+03
   1.5080000e+03   1.0220143e+04  -1.0794374e+04
   1.5090000e+03   7.2806311e+03  -5.7088826e+03
   1.5100000e+03  -7.2472410e+03   3.9151496e+03
   1.5110000e+03  -8.8398154e+03   2.5635808e+03
   1.5120000e+03  -8.5611078e+03   5.4993852e+03
   1.5130000e+03  -2.4368004e+02   1.1791839e+04
   1.5140000e+03   1.9994645e+04   7.9717742e+03
   1.5150000e+03   1.4658345e+04   3.9496503e+02
   1.5160000e+03  -1.5013754e+04  -2.8000947e+03
   1.5170000e+03  -1.7947379e+04  -8.2928617e+03
   1.5180000e+03   6.2843126e+03  -1.3399199e+04
   1.5190000e+03   1.4230227e+04  -8.9688432e+03
   1.5200000e+03  -6.2260494e+03  -1.3418785e+03
   1.5210000e+03  -3.4030016e+04   4.0039013e+03
   1.5220000e+03  -2.4881471e+04   1.1915602e+03
   1.5230000e+03   2.5801932e+04  -3.9457452e+03
   1.5240000e+03   4.0261608e+04   6.8225867e+02
   1.5250000e+03  -2.1914350e+03  -1.9094149e+03
   1.5260000e+03  -2.8164760e+04  -2.7847775e+03
   1.5270000e+03  -1.3707021e+04   9.9713789e+03
   1.5280000e+03   6.1540249e+03  -1.1400848e+03
   1.5290000e+03   1.1001447e+04  -1.8624609e+04
   1.5300000e+03   1.5187239e+03  -8.6542353e+02
   1.5310000e+03  -5.1367758e+03   1.4608575e+04
   1.5320000e+03   5.0660721e+03   2.5842360e+03
   1.5330000e+03   1.2312765e+04  -1.0819519e+04
   1.5340000e+03   2.5641292e+02  -2.0781717e+04
   1.5350000e+03  -9.8757747e+03  -2.5761347e+04
   1.5360000e+03  -7.0145400e+03  -6.4891702e+03
   1.5370000e+03   6.1804753e+03   2.1380779e+04
   1.5380000e+03   2.6285687e+04   2.4701745e+04
   1.5390000e+03   2.4660537e+04   5.6298952e+03
   1.5400000e+03   4.4067724e+03  -1.5773453e+04
   1.5410000e+03   3.3262473e+03  -1.4822123e+04
   1.5420000e+03   6.7557121e+03   8.7441407e+03
   1.5430000e+03  -5.7278269e+03   1.7058510e+04
   1.5440000e+03  -8.7865986e+03   5.8250075e+03
   1.5450000e+03   7.7762799e+02  -9.7795108e+02
   1.5460000e+03   8.4369806e+03  -7.2982246e+03
   1.5470000e+03   1.9448129e+04  -1.0955698e+04
   1.5480000e+03   1.7796130e+04  -1.4550002e+03
   1.5490000e+03  -3.2040226e+03   3.1293861e+03
   1.5500000e+03  -6.9690216e+03  -2.4543335e+03
   1.5510000e+03   1.7096454e+03  -3.6338553e+03
   1.5520000e+03  -1.6279076e+03  -8.5387997e+03
   1.5530000e+03   6.6567753e+03  -8.0512267e+03
   1.5540000e+03   2.6303178e+04   1.0843119e+04
   1.5550000e+03   2.6383655e+04   1.4982378e+04
   1.5560000e+03   6.8322902e+03   1.4299678e+03
   1.5570000e+03  -1.8445724e+04  -2.5414290e+03
   1.5580000e+03  -3.1619525e+04  -4.7587163e+03
   1.5590000e+03  -1.5688026e+04  -6.6359600e+03
   1.5600000e+03   8.6011173e+03  -1.0600660e+03
   1.5610000e+03   3.3077806e+03   3.9773150e+03
   1.5620000e+03  -2.2677900e+04   8.3274461e+03
   1.5630000e+03  -2.6388181e+04   7.4799889e+03
   1.5640000e+03   5.3709400e+03  -9.3699112e+03
   1.5650000e+03   3.3966951e+04  -2.4550190e+04
   1.5660000e+03   1.2587716e+04  -1.1434618e+04
   1.5670000e+03  -2.9470128e+04   1.6197671e+04
   1.5680000e+03  -2.2162780e+04   3.2290782e+04
   1.5690000e+03   2.0983023e+04   2.6365575e+04
   1.5700000e+03   3.7979652e+04  -3.1406635e+03
   1.5710000e+03   1.6212341e+04  -2.1031705e+04
   1.5720000e+03  -1.2716574e+04  -6.5798911e+03
   1.5730000e+03  -1.5227423e+04   7.2623393e+03
   1.5740000e+03   1.5264969e+03   1.4814612e+04
   1.5750000e+03   8.6704830e+01   2.1008046e+04
   1.5760000e+03  -1.8717145e+04   3.5105535e+03
   1.5770000e+03  -1.7359662e+04  -1.8488287e+04
   1.5780000e+03   3.4586954e+03  -1.1071247e+04
   1.5790000e+03   6.2629659e+03  -1.6919683e+03
   1.5800000e+03  -1.2183129e+04  -1.1500541e+04
   1.5810000e+03  -2.3585876e+04  -9.2720180e+03
   1.5820000e+03  -1.4117533e+04   3.0894157e+03
   1.5830000e+03   7.4718216e+03   1.7894725e+03
   1.5840000e+03   1.8862519e+04   4.6994244e+02
   1.5850000e+03   2.5742083e+03  -1.3918096e+02
   1.5860000e+03  -2.6930573e+04  -5.3881695e+03
   1.5870000e+03  -2.5163209e+04  -6.0889797e+02
   1.5880000e+03   1.1415524e+04   9.1324890e+03
   1.5890000e+03   2.3667530e+04   1.7701506e+04
   1.5900000e+03  -3.8353262e+03   2.4991363e+04
   1.5910000e+03  -2.0398140e+04   1.2392625e+04
   1.5920000e+03  -9.2056630e+03  -1.4646179e+04
   1.5930000e+03   2.1824061e+03  -1.9586311e+04
   1.5940000e+03   6.8303253e+03  -2.9495471e+03
   1.5950000e+03   1.1241455e+04   7.5706584e+03
   1.5960000e+03   6.6026878e+03   1.0767075e+04
   1.5970000e+03  -1.0974954e+03   7.6841926e+03
   1.5980000e+03  -3.8251608e+02  -4.8289951e+02
   1.5990000e+03   5.1123261e+03  -3.6293422e+03
   1.6000000e+03   1.9163130e+04  -1.0104249e+04
   1.6010000e+03   1.9865703e+04  -1.1801913e+04
   1.6020000e+03  -1.3341359e+04   6.7849960e+03
   1.6030000e+03  -2.9791463e+04   1.9403221e+04
   1.6040000e+03  -2.3381952e+03   9.7543593e+03
   1.6050000e+03   1.4293420e+04  -4.6789619e+03
   1.6060000e+03  -7.1518113e+03  -1.3846334e+04
   1.6070000e+03  -2.7534167e+04  -1.3587121e+04
   1.6080000e+03  -2.0338934e+04   1.1629516e+03
   1.6090000e+03   5.9674979e+02   1.1773415e+04
   1.6100000e+03   1.6142808e+04   6.1899412e+02
   1.6110000e+03   1.0835345e+04  -8.3535259e+03
   1.6120000e+03  -7.3472940e+03  -2.6022035e+03
   1.6130000e+03  -1.0782630e+04  -8.8172924e+02
   1.6140000e+03  -2.4016049e+03  -9.9962589e+03
   1.6150000e+03   6.4616851e+03  -2.2316730e+04
   1.6160000e+03   1.2516940e+04  -1.0148487e+04
   1.6170000e+03   4.9217841e+03   2.3415114e+04
   1.6180000e+03   8.5686204e+02   2.0582738e+04
   1.6190000e+03   1.3107602e+04  -1.5053776e+04
   1.6200000e+03   1.5655730e+04  -2.1448599e+04
   1.6210000e+03   1.0489320e+04   9.3935322e+02
   1.6220000e+03   1.3230538e+04   7.3027495e+03
   1.6230000e+03   3.6173035e+03  -5.4109523e+03
   1.6240000e+03  -1.3023225e+04  -6.6631978e+03
   1.6250000e+03  -6.3094253e+03   1.1369326e+04
   1.6260000e+03   4.1899564e+03   1.8367018e+04
   1.6270000e+03  -3.8886476e+03  -9.9888596e+03
   1.6280000e+03  -9.5015243e+03  -3.3838613e+04
   1.6290000e+03  -8.5025805e+03  -1.6932392e+04
   1.6300000e+03  -1.0327646e+04  -3.2614382e+02
   1.6310000e+03  -6.7864129e+02   1.2737602e+03
   1.6320000e+03   2.0682967e+04   1.0747022e+04
   1.6330000e+03   2.5728414e+04   7.8999743e+03
   1.6340000e+03   5.4910121e+03  -7.2120709e+03
   1.6350000e+03  -1.1157318e+04  -7.0288746e+03
   1.6360000e+03   2.3420867e+03  -4.3459762e+03
   1.6370000e+03   2.5515568e+04  -9.1804601e+03
   1.6380000e+03   1.7724355e+04   3.7852220e+03
   1.6390000e+03  -4.0057699e+03   2.6690287e+04
   1.6400000e+03   2.9468282e+02   1.6099529e+04
   1.6410000e+03   3.0507106e+03  -1.4625153e+04
   1.6420000e+03  -1.6222922e+04  -1.9719734e+04
   1.6430000e+03  -1.7108645e+04   9.5535384e+02
   1.6440000e+03   4.1945272e+03   2.1633958e+04
   1.6450000e+03   1.4554403e+04   1.5233569e+04
   1.6460000e+03   5.5920030e+03  -1.3079816e+04
   1.6470000e+03  -1.3558648e+04  -1.9905928e+04
   1.6480000e+03  -2.1426674e+04   4.4862809e+03
   1.6490000e+03  -7.0471988e+03   2.4436610e+04
   1.6500000e+03   1.1923060e+04   1.5245334e+04
   1.6510000e+03   2.2972432e+04  -3.6571306e+03
   1.6520000e+03   2.2148831e+04  -3.5337666e+03
   1.6530000e+03   1.0392997e+03   6.0932290e+02
   1.6540000e+03  -1.9513639e+04  -7.8030138e+03
   1.6550000e+03  -6.0569473e+03  -9.2905658e+02
   1.6560000e+03   2.0212328e+04   2.7065773e+04
   1.6570000e+03   2.1105005e+04   2.9714448e+04
   1.6580000e+03  -9.6000167e+02  -1.8922944e+03
   1.6590000e+03  -2.6968863e+04  -2.4797128e+04
   1.6600000e+03  -2.7299039e+04  -2.2129086e+04
   1.6610000e+03   4.4433732e+03  -2.3229081e+03
   1.6620000e+03   1.6988647e+04   1.6047443e+04
   1.6630000e+03  -1.0056634e+04   1.1358905e+04
   1.6640000e+03  -2.9867297e+04  -5.7811486e+02
   1.6650000e+03  -1.6864836e+04   2.4042514e+03
   1.6660000e+03   8.6263809e+03   7.0999631e+03
   1.6670000e+03   1.8914020e+04   4.1939124e+03
   1.6680000e+03   1.0197315e+03   4.7800935e+03
   1.6690000e+03  -1.9676488e+04   3.2180739e+03
   1.6700000e+03  -8.3582148e+03  -9.0921373e+03
   1.6710000e+03   1.3685317e+04  -6.9949132e+03
   1.6720000e+03   7.7586481e+03   1.7615835e+04
   1.6730000e+03  -1.2916458e+04   2.8115303e+04
   1.6740000e+03  -2.0979801e+04   4.5731086e+03
   1.6750000e+03  -1.4915551e+04  -2.5977065e+04
   1.6760000e+03  -3.9465246e+03  -2.3736919e+04
   1.6770000e+03  -5.3285862e+03   5.7643620e+01
   1.6780000e+03  -2.0532103e+04   2.8958681e+03
   1.6790000e+03  -1.9270679e+04  -4.9308636e+03
   1.6800000e+03   1.4676655e+03   3.5947880e+03
   1.6810000e+03   1.0764049e+04   8.9045125e+03
   1.6820000e+03   3.5137182e+03  -4.5199168e+03
   1.6830000e+03  -7.0369011e+03  -1.0915556e+04
   1.6840000e+03  -7.7292838e+03   6.9498940e+02
   1.6850000e+03   5.0670497e+03   8.2839102e+03
   1.6860000e+03   7.7413148e+03   3.9120589e+03
   1.6870000e+03  -4.6773210e+03  -6.0149720e+03
   1.6880000e+03  -4.8549697e+03  -5.7822347e+03
   1.6890000e+03   1.2459262e+04   8.2469837e+03
   1.6900000e+03   1.9633303e+04  -1.9083077e+03
   1.6910000e+03  -4.2469758e+03  -3.0341368e+04
   1.6920000e+03  -2.5569180e+04  -2.1298311e+04
   1.6930000e+03  -1.2200070e+03   1.0074217e+04
   1.6940000e+03   3.3024203e+04   1.2404116e+04
   1.6950000e+03   2.3659968e+04  -2.9683912e+03
   1.6960000e+03  -7.1340393e+03  -4.3888395e+03
   1.6970000e+03  -1.3897548e+04  -1.0599216e+03
   1.6980000e+03   6.9078633e+02  -6.0079799e+03
   1.6990000e+03   1.2631374e+04  -9.9598996e+03
   1.7000000e+03   8.3109911e+03  -5.3349608e+03
   1.7010000e+03  -8.0654269e+03   9.0017352e+03
   1.7020000e+03  -7.1363696e+02   1.4279495e+04
   1.7030000e+03   3.2008879e+04  -3.8904377e+03
   1.7040000e+03   2.8547436e+04  -1.6160234e+04
   1.7050000e+03  -1.6331687e+04  -5.1448458e+03
   1.7060000e+03  -3.6728776e+04   8.5922620e+03
   1.7070000e+03  -9.1218578e+03   9.3666982e+03
   1.7080000e+03   2.9486194e+04  -2.4410874e+03
   1.7090000e+03   3.4248867e+04  -1.3093042e+04
   1.7100000e+03   2.4468291e+03  -1.1930384e+04
   1.7110000e+03  -1.2699428e+04  -9.2917675e+03
   1.7120000e+03   1.4111538e+04  -8.2394675e+03
   1.7130000e+03   3.0257797e+04   3.7336919e+03
   1.7140000e+03   1.1080883e+04   9.7779589e+03
   1.7150000e+03  -5.0954522e+03  -3.1725996e+03
   1.7160000e+03  -6.4279101e+03  -5.2358847e+03
   1.7170000e+03   5.1214171e+03   3.4674590e+03
   1.7180000e+03   2.4710477e+04   6.8574187e+03
   1.7190000e+03   1.4758282e+04   1.2880256e+04
   1.7200000e+03  -2.1046173e+04   8.5076380e+03
   1.7210000e+03  -3.2715226e+04   8.9613868e+02
   1.7220000e+03  -1.1151662e+04   1.0131771e+04
   1.7230000e+03   1.2080708e+04   9.4948183e+03
   1.7240000e+03   9.3419941e+03  -5.7517017e+03
   1.7250000e+03  -1.2727047e+04  -5.8303218e+03
   1.7260000e+03  -1.9473930e+04   5.4012510e+03
   1.7270000e+03  -1.5409880e+03   4.9413709e+03
   1.7280000e+03   8.3553651e+03  -5.3190257e+03
   1.7290000e+03  -2.2782742e+03  -1.0359473e+04
   1.7300000e+03  -2.7394314e+03  -3.3567187e+03
   1.7310000e+03   9.9497281e+03   1.4863949e+04
   1.7320000e+03   1.2090114e+04   1.9630872e+04
   1.7330000e+03   6.6117075e+03  -4.2097905e+02
   1.7340000e+03  -1.0105719e+03  -9.0383818e+03
   1.7350000e+03  -7.0912553e+03   1.0496052e+04
   1.7360000e+03  -4.1717109e+03   3.2571314e+04
   1.7370000e+03  -4.4101130e+03   2.3497424e+04
   1.7380000e+03  -9.8340408e+03  -1.2667689e+04
   1.7390000e+03  -9.9327858e+03  -2.2897059e+04
   1.7400000e+03  -1.4576826e+04  -1.5890781e+03
   1.7410000e+03  -1.6440244e+04   3.4596361e+03
   1.7420000e+03   4.7324581e+03  -1.1219982e+04
   1.7430000e+03   1.3736103e+04  -1.3262242e+04
   1.7440000e+03  -2.1798250e+04   1.7295652e+03
   1.7450000e+03  -4.8539026e+04   6.2090861e+03
   1.7460000e+03  -1.6953036e+04  -8.3213232e+03
   1.7470000e+03   3.3036966e+04  -1.6884589e+04
   1.7480000e+03   3.3025261e+04  -3.5535142e+03
   1.7490000e+03  -1.7328120e+04   1.3860930e+04
   1.7500000e+03  -4.1637386e+04   1.1074421e+04
   1.7510000e+03  -7.2623589e+03   1.8993127e+03
   1.7520000e+03   2.2456027e+04   3.2180593e+03
   1.7530000e+03   1.0618721e+04   2.9890249e+03
   1.7540000e+03  -1.1231201e+04   4.2131568e+03
   1.7550000e+03  -1.5414196e+04   1.0419420e+04
   1.7560000e+03  -2.2998498e+02   7.4247223e+03
   1.7570000e+03   6.9614791e+03  -2.6595077e+03
   1.7580000e+03  -6.4677976e+03  -1.0969606e+04
   1.7590000e+03   2.4166483e+02  -1.5794166e+04
   1.7600000e+03   2.1780189e+04  -1.0553397e+04
   1.7610000e+03   4.3455888e+03   2.9233998e+03
   1.7620000e+03  -2.0976720e+04   6.0077962e+03
   1.7630000e+03   2.6601647e+03  -2.6822546e+03
   1.7640000e+03   3.6805320e+04  -7.9702576e+03
   1.7650000e+03   2.2428617e+04  -1.0144697e+04
   1.7660000e+03  -2.0295951e+04  -9.1147711e+03
   1.7670000e+03  -3.2251675e+04  -9.1929905e+02
   1.7680000e+03  -3.9372852e+03   9.3732808e+03
   1.7690000e+03   2.3470007e+04   1.8958003e+04
   1.7700000e+03   1.6605789e+04   2.5545380e+04
   1.7710000e+03  -1.1640746e+04   1.8419741e+04
   1.7720000e+03  -2.0299800e+04  -6.5934443e+03
   1.7730000e+03  -5.5924238e+03  -1.8399946e+04
   1.7740000e+03   1.0403838e+04   1.3870406e+03
   1.7750000e+03   2.1152553e+04   1.4538716e+04
   1.7760000e+03   1.3461659e+04  -1.3915181e+03
   1.7770000e+03  -9.0321169e+03  -2.9216787e+04
   1.7780000e+03  -1.2827206e+04  -3.6751401e+04
   1.7790000e+03   1.0012000e+04  -9.5968906e+03
   1.7800000e+03   3.0307577e+04   5.9639612e+03
   1.7810000e+03   1.8651989e+04  -9.0241907e+03
   1.7820000e+03  -1.2633754e+04  -1.4391028e+04
   1.7830000e+03  -2.0655168e+04  -4.2420233e+03
   1.7840000e+03   1.4859743e+03   8.2401901e+03
   1.7850000e+03   1.3933752e+04   1.9051057e+04
   1.7860000e+03   2.2795400e+03   1.6433431e+04
   1.7870000e+03  -4.2580971e+02   3.6676701e+03
   1.7880000e+03   8.0149731e+03   2.1596251e+03
   1.7890000e+03   3.5047401e+03   8.8438996e+03
   1.7900000e+03  -5.1427200e+03  -1.5827151e+03
   1.7910000e+03  -6.4332195e+03  -1.3118320e+04
   1.7920000e+03   4.0987920e+03   1.4398033e+03
   1.7930000e+03   1.5580496e+04   1.7980307e+04
   1.7940000e+03   4.7743345e+03   6.9767061e+03
   1.7950000e+03  -5.1624234e+03  -2.4887071e+04
   1.7960000e+03   9.3843858e+02  -3.7353699e+04
   1.7970000e+03  -2.1473262e+03  -1.0168821e+04
   1.7980000e+03  -3.4233595e+03   1.5151875e+04
   1.7990000e+03   8.7784283e+03   1.0825664e+04
   1.8000000e+03   8.7813769e+03  -6.9932430e+03
   1.8010000e+03  -1.7089062e+03  -2.0679889e+04
   1.8020000e+03  -4.7894076e+02  -1.1373779e+04
   1.8030000e+03   2.4200366e+03   1.3730093e+04
   1.8040000e+03  -1.7003404e+03   1.2673237e+04
   1.8050000e+03  -1.6009908e+03  -1.0213733e+04
   1.8060000e+03  -6.7234552e+03  -6.3765612e+03
   1.8070000e+03  -1.2715960e+04   1.8795558e+04
   1.8080000e+03   5.5790866e+03   3.0468914e+04
   1.8090000e+03   2.3530858e+04   2.2995837e+04
   1.8100000e+03   8.7374374e+03  -5.6795214e+03
   1.8110000e+03  -1.6766577e+04  -3.1716799e+04
   1.8120000e+03  -2.2702671e+04  -1.8650960e+04
   1.8130000e+03  -7.5173152e+03   1.4231392e+04
   1.8140000e+03   1.1949922e+04   2.7355958e+04
   1.8150000e+03   1.6812766e+04   1.1074894e+04
   1.8160000e+03   1.8219723e+03  -1.7123157e+04
   1.8170000e+03  -2.2677949e+04  -2.7377884e+04
   1.8180000e+03  -3.7696390e+04  -1.0342930e+04
   1.8190000e+03  -1.3957745e+04   1.2317722e+04
   1.8200000e+03   3.8051444e+04   2.1818416e+04
   1.8210000e+03   3.8695613e+04   1.9663434e+04
   1.8220000e+03  -1.8579008e+04   7.2427986e+03
   1.8230000e+03  -3.2385701e+04  -3.7287816e+03
   1.8240000e+03   7.6173613e+03   3.4991810e+03
   1.8250000e+03   1.6300175e+04   8.8127750e+03
   1.8260000e+03  -1.2603365e+04  -5.7394707e+02
   1.8270000e+03  -2.4202097e+04   2.9405551e+03
   1.8280000e+03  -7.8580268e+03   2.4095497e+04
   1.8290000e+03   1.0774618e+04   2.9227878e+04
   1.8300000e+03   7.6774390e+03  -1.8733421e+02
   1.8310000e+03  -1.7435216e+04  -3.4379897e+04
   1.8320000e+03  -2.8491842e+04  -2.6197936e+04
   1.8330000e+03  -6.8861607e+03   1.7112206e+04
   1.8340000e+03   1.8964215e+04   2.6721193e+04
   1.8350000e+03   2.3831630e+04  -1.2198822e+04
   1.8360000e+03   4.9653098e+03  -2.4350679e+04
   1.8370000e+03  -1.4332078e+04   6.8473947e+03
   1.8380000e+03  -6.6240223e+03   1.9680452e+04
   1.8390000e+03   6.8901078e+03   4.2889380e+02
   1.8400000e+03  -1.7374479e+03  -1.6715944e+04
   1.8410000e+03  -1.4227104e+04  -7.6181329e+03
   1.8420000e+03  -7.6606062e+03   1.6221457e+04
   1.8430000e+03   1.1101945e+04   2.0987519e+04
   1.8440000e+03   1.7035576e+04   2.5086705e+03
   1.8450000e+03  -3.3715058e+03  -1.1228885e+04
   1.8460000e+03  -2.3817910e+04  -7.4002078e+03
   1.8470000e+03  -1.0525309e+04  -5.0719324e+03
   1.8480000e+03   1.7065938e+04  -7.8629702e+03
   1.8490000e+03   2.2354651e+04  -1.7784564e+03
   1.8500000e+03   9.4187826e+03   1.6849928e+03
   1.8510000e+03  -8.8336069e+03  -6.4409139e+03
   1.8520000e+03  -2.0920916e+04  -1.9603358e+04
   1.8530000e+03  -1.0006549e+04  -2.2788796e+04
   1.8540000e+03   1.1858759e+04  -5.3892952e+03
   1.8550000e+03   1.6501813e+04   5.9711225e+03
   1.8560000e+03  -3.3343972e+03  -2.4033247e+03
   1.8570000e+03  -2.2454892e+04  -1.3291820e+04
   1.8580000e+03  -7.0427446e+03  -1.7194847e+04
   1.8590000e+03   2.2330625e+04  -7.3942275e+03
   1.8600000e+03   1.4320144e+04   4.5044921e+03
   1.8610000e+03  -1.4858531e+04   2.4822697e+03
   1.8620000e+03  -1.2709800e+04  -7.3018226e+03
   1.8630000e+03   1.1384999e+04  -1.0792507e+04
   1.8640000e+03   2.3619305e+04   1.0890209e+02
   1.8650000e+03   2.0321606e+04   9.7891348e+03
   1.8660000e+03   2.4306493e+02   5.2490820e+03
   1.8670000e+03  -1.7670305e+04  -4.7005058e+03
   1.8680000e+03  -3.5656914e+03  -7.1340466e+03
   1.8690000e+03   1.9800631e+04   5.0645942e+03
   1.8700000e+03   1.9364713e+04   1.2067628e+04
   1.8710000e+03   2.2957911e+03   2.0788103e+03
   1.8720000e+03  -1.6324843e+04  -7.7857041e+03
   1.8730000e+03  -2.1852319e+04  -9.3847286e+03
   1.8740000e+03  -3.7317833e+03   3.9115536e+03
   1.8750000e+03   1.6772990e+04   2.1383495e+04
   1.8760000e+03   1.3217266e+04   1.2394307e+04
   1.8770000e+03  -4.1537330e+03  -1.1811997e+04
   1.8780000e+03  -1.3134323e+04  -1.3090142e+04
   1.8790000e+03  -1.8989093e+03   6.5594351e+03
   1.8800000e+03   2.5019382e+04   1.6846432e+04
   1.8810000e+03   2.9935210e+04   7.0032625e+03
   1.8820000e+03  -1.2654788e+03  -1.4806870e+04
   1.8830000e+03  -1.7501930e+04  -2.0573500e+04
   1.8840000e+03   1.0155427e+04   7.5946722e+03
   1.8850000e+03   3.6929753e+04   2.7393537e+04
   1.8860000e+03   1.7297957e+04   1.1767952e+04
   1.8870000e+03  -2.5703716e+04  -6.6084037e+03
   1.8880000e+03  -3.0219794e+04  -7.2374136e+03
   1.8890000e+03   1.1344775e+04   5.3623463e+03
   1.8900000e+03   3.3065525e+04   1.6645563e+04
   1.8910000e+03   4.0967211e+03   1.1514697e+04
   1.8920000e+03  -2.2545474e+04   2.7185660e+02
   1.8930000e+03  -1.2743556e+04   1.4198312e+03
   1.8940000e+03   8.9980989e+03   5.6050068e+03
   1.8950000e+03   1.2762662e+04   3.6008253e+03
   1.8960000e+03  -1.3597056e+04   9.9222054e+03
   1.8970000e+03  -3.5554758e+04   5.9504476e+03
   1.8980000e+03  -1.5080784e+04  -1.7976555e+04
   1.8990000e+03   1.1457226e+04  -1.1979008e+04
   1.9000000e+03   6.6441739e+03   1.3825985e+04
   1.9010000e+03  -1.0366700e+04   8.9469381e+03
   1.9020000e+03  -2.1946555e+04  -1.0103275e+04
   1.9030000e+03  -1.9173020e+04  -1.8405582e+04
   1.9040000e+03   8.0130649e+02  -9.0798253e+03
   1.9050000e+03   1.1789846e+04   1.6365276e+04
   1.9060000e+03   3.6016936e+03   2.5204588e+04
   1.9070000e+03  -4.0836640e+03   1.4343167e+03
   1.9080000e+03  -1.0881353e+04  -2.1528154e+04
   1.9090000e+03  -1.1806182e+04  -1.2639055e+04
   1.9100000e+03   5.1862724e+03   1.7404615e+04
   1.9110000e+03   9.7462308e+03   3.3775138e+04
   1.9120000e+03  -1.0797437e+04   1.2899416e+04
   1.9130000e+03  -1.5620873e+04  -1.9754512e+04
   1.9140000e+03   3.1116932e+03  -1.7704114e+04
   1.9150000e+03   1.1049457e+04   4.2882615e+03
   1.9160000e+03   2.1067670e+03   3.5177140e+03
   1.9170000e+03  -6.4884858e+03  -1.4890521e+04
   1.9180000e+03  -1.1008063e+04  -1.7455643e+04
   1.9190000e+03  -7.3262562e+03   5.5630779e+03
   1.9200000e+03   5.4039551e+03   1.6003407e+04
   1.9210000e+03   1.1342854e+04  -1.0578876e+04
   1.9220000e+03   3.9959032e+03  -3.0837745e+04
   1.9230000e+03  -1.0879061e+04  -1.2817241e+04
   1.9240000e+03  -1.7999627e+04   1.1234172e+04
   1.9250000e+03  -7.9086065e+03   2.0014795e+04
   1.9260000e+03  -1.3045666e+03   2.4283597e+04
   1.9270000e+03  -3.1526569e+03   6.6154962e+03
   1.9280000e+03  -8.5124014e+02  -2.6993316e+04
   1.9290000e+03  -1.2030409e+03  -2.1077302e+04
   1.9300000e+03   5.5802022e+02   1.4256863e+04
   1.9310000e+03   6.6575909e+03   2.2609637e+04
   1.9320000e+03  -1.0005788e+03  -3.0209098e+03
   1.9330000e+03  -8.3615211e+03  -3.4466829e+04
   1.9340000e+03   8.6587912e+03  -3.3641074e+04
   1.9350000e+03   1.9707254e+04   3.2015715e+03
   1.9360000e+03  -7.2720965e+02   2.2282224e+04
   1.9370000e+03  -1.1787869e+04  -3.6468212e+03
   1.9380000e+03   7.8626432e+03  -2.6865677e+04
   1.9390000e+03   2.5463378e+04  -1.3476329e+04
   1.9400000e+03   2.4036908e+04   2.3737930e+03
   1.9410000e+03   8.3313244e+03   2.0597256e+03
   1.9420000e+03  -3.9149027e+03   4.0502087e+03
   1.9430000e+03   2.0868965e+03   1.1055186e+04
   1.9440000e+03   7.5848208e+03   1.5789726e+04
   1.9450000e+03   9.8439585e+02   9.4792818e+03
   1.9460000e+03  -3.6670503e+03  -1.8780650e+03
   1.9470000e+03  -4.6709242e+03  -4.3937377e+03
   1.9480000e+03  -8.8832548e+03  -6.4328929e+03
   1.9490000e+03  -8.4806328e+03  -2.2484652e+03
   1.9500000e+03   2.9847490e+03   1.4754819e+04
   1.9510000e+03   1.4212593e+04   1.3202394e+04
   1.9520000e+03   1.2487939e+04  -1.1315214e+04
   1.9530000e+03  -3.4060855e+03  -1.7736113e+04
   1.9540000e+03  -9.6947984e+03   2.3220975e+03
   1.9550000e+03   1.2386207e+04   1.6564970e+04
   1.9560000e+03   2.8785921e+04   9.3348306e+03
   1.9570000e+03   1.6809006e+04  -5.9680075e+03
   1.9580000e+03   1.9209292e+03  -4.4054256e+03
   1.9590000e+03   6.1105740e+02   1.0322517e+04
   1.9600000e+03   1.3554213e+04   4.0699871e+03
   1.9610000e+03   2.2121667e+04  -7.6683903e+03
   1.9620000e+03  -6.6434764e+02   7.6022069e+03
   1.9630000e+03  -2.7752756e+04   1.7544132e+04
   1.9640000e+03  -1.1200634e+04  -1.6093074e+03
   1.9650000e+03   1.8637711e+04  -2.1138517e+04
   1.9660000e+03   3.0378163e+03  -1.7407694e+04
   1.9670000e+03  -2.5688969e+04   6.3700488e+03
   1.9680000e+03  -1.6047535e+04   2.1426690e+04
   1.9690000e+03   5.4756666e+03   2.0462415e+03
   1.9700000e+03   7.7332310e+03  -2.0850897e+04
   1.9710000e+03  -3.1089370e+03  -4.0624633e+03
   1.9720000e+03  -1.0939477e+04   2.0383696e+04
   1.9730000e+03  -6.2292525e+03   1.1685331e+04
   1.9740000e+03   7.6343951e+02  -2.9480791e+03
   1.9750000e+03   6.8431984e+03  -2.2165459e+03
   1.9760000e+03   1.3835484e+04  -1.0285159e+03
   1.9770000e+03   6.7301901e+03  -2.4179892e+03
   1.9780000e+03  -9.5403710e+03   5.1655807e+03
   1.9790000e+03  -1.5316446e+04   1.5574738e+04
   1.9800000e+03  -1.6002061e+04   3.0971781e+03
   1.9810000e+03  -1.4376348e+04  -1.8375045e+04
   1.9820000e+03  -4.2244704e+03  -6.9402180e+03
   1.9830000e+03  -5.0848749e+03   1.4840939e+04
   1.9840000e+03  -1.8489758e+04  -3.1883179e+03
   1.9850000e+03  -1.3365018e+04  -3.0407522e+04
   1.9860000e+03  -6.3202875e+02  -1.1902931e+04
   1.9870000e+03  -5.7841846e+03   2.0453522e+04
   1.9880000e+03  -1.1125795e+04   1.7473350e+04
   1.9890000e+03  -3.5236659e+03  -7.1646218e+03
   1.9900000e+03   7.6405677e+03  -2.1147219e+04
   1.9910000e+03   1.2349439e+04  -1.7426679e+03
   1.9920000e+03  -1.7824888e+03   3.0024416e+04
   1.9930000e+03  -1.7949234e+04   2.2085887e+04
   1.9940000e+03  -9.3991057e+02  -1.1629138e+04
   1.9950000e+03   1.9741052e+04  -1.4342393e+04
   1.9960000e+03   2.8241212e+03   1.1837535e+04
   1.9970000e+03  -1.5337085e+04   1.5589739e+04
   1.9980000e+03  -1.1793877e+04  -9.4472751e+03
   1.9990000e+03  -4.0388729e+03  -1.8535112e+04
   2.0000000e+03   9.0362578e+03  -5.6811715e+02
